4 layers in onion peeling: 
Layer 1
(9,4) (0,9) 
Layer 2
(8,1) (1,7) 
Layer 3
(7,0) (2,4) 
Layer 4
(6,-1) (3,1) 
---------------------------------------------------------------------------------------
TD 0 :
(9,4) (8,1) (7,0) (6,-1) (5,-1) (4,0) (3,1) (2,4) (1,7) (0,9) 
TD 1 :
(9,4) (0,9) (1,7) (2,4) (3,1) (4,0) (5,-1) (6,-1) (7,0) (8,1) 
TD 2 :
(9,4) (0,9) (8,1) (1,7) (2,4) (3,1) (4,0) (5,-1) (6,-1) (7,0) 
TD 3 :
(9,4) (0,9) (8,1) (1,7) (7,0) (2,4) (3,1) (4,0) (5,-1) (6,-1) 
TD 4 :
(9,4) (0,9) (8,1) (1,7) (7,0) (2,4) (6,-1) (3,1) (4,0) (5,-1) 
Pocket 0 :
()
Pocket 1 :
({  (0,9) ,(1,7) } {  (8,1) ,(9,4) } )
Pocket 2 :
({  (1,7) ,(0,9) } {  (9,4) ,(8,1) } )
Pocket 3 :
({  (2,4) ,(1,7) } {  (9,4) ,(7,0) } )
