40 layers in onion peeling: 
Layer 1
(99,107) (0,97) 
Layer 2
(98,104) (1,95) 
Layer 3
(97,99) (2,94) 
Layer 4
(96,98) (3,93) 
Layer 5
(95,96) (4,88) 
Layer 6
(94,93) (5,83) 
Layer 7
(93,88) (6,80) 
Layer 8
(92,85) (7,78) 
Layer 9
(91,78) (8,78) 
Layer 10
(90,76) (9,74) 
Layer 11
(89,73) (10,69) 
Layer 12
(88,69) (11,64) 
Layer 13
(87,66) (12,61) 
Layer 14
(86,61) (85,61) (13,60) 
Layer 15
(84,59) (14,55) 
Layer 16
(83,55) (16,54) (15,53) 
Layer 17
(82,53) (81,53) (17,50) 
Layer 18
(80,50) (79,50) (18,49) 
Layer 19
(78,49) (19,46) 
Layer 20
(77,43) (21,45) (20,44) 
Layer 21
(76,41) (22,43) 
Layer 22
(75,41) (23,41) 
Layer 23
(74,39) (24,37) 
Layer 24
(73,38) (25,37) 
Layer 25
(72,36) (26,36) 
Layer 26
(71,35) (28,34) (27,31) 
Layer 27
(70,34) (29,33) 
Layer 28
(69,31) (68,33) (30,33) 
Layer 29
(67,32) (31,31) 
Layer 30
(66,29) (65,29) (62,29) (61,29) (60,29) (32,29) 
Layer 31
(64,28) (33,24) 
Layer 32
(63,27) (34,20) 
Layer 33
(59,26) (37,20) (35,19) 
Layer 34
(58,24) (56,24) (55,24) (36,18) 
Layer 35
(57,23) (38,18) 
Layer 36
(54,22) (39,18) 
Layer 37
(53,21) (42,18) (40,16) 
Layer 38
(52,16) (43,18) (41,16) 
Layer 39
(51,15) (50,16) (45,16) (44,14) 
Layer 40
(49,13) (46,14) 
---------------------------------------------------------------------------------------
TD 0 :
(99,107) (98,104) (97,99) (96,98) (95,96) (94,93) (93,88) (92,85) (91,78) (90,76) (89,73) (88,69) (87,66) (86,61) (85,61) (84,59) (83,55) (82,53) (81,53) (80,50) (79,50) (78,49) (77,43) (76,41) (75,41) (74,39) (73,38) (72,36) (71,35) (70,34) (69,31) (68,33) (67,32) (66,29) (65,29) (64,28) (63,27) (62,29) (61,29) (60,29) (59,26) (58,24) (57,23) (56,24) (55,24) (54,22) (53,21) (52,16) (51,15) (50,16) (49,13) (48,12) (47,13) (46,14) (45,16) (44,14) (43,18) (42,18) (41,16) (40,16) (39,18) (38,18) (37,20) (36,18) (35,19) (34,20) (33,24) (32,29) (31,31) (30,33) (29,33) (28,34) (27,31) (26,36) (25,37) (24,37) (23,41) (22,43) (21,45) (20,44) (19,46) (18,49) (17,50) (16,54) (15,53) (14,55) (13,60) (12,61) (11,64) (10,69) (9,74) (8,78) (7,78) (6,80) (5,83) (4,88) (3,93) (2,94) (1,95) (0,97) 
TD 1 :
(99,107) (0,97) (1,95) (2,94) (3,93) (4,88) (5,83) (6,80) (7,78) (8,78) (9,74) (10,69) (11,64) (12,61) (13,60) (14,55) (15,53) (16,54) (17,50) (18,49) (19,46) (20,44) (21,45) (22,43) (23,41) (24,37) (25,37) (26,36) (27,31) (28,34) (29,33) (30,33) (31,31) (32,29) (33,24) (34,20) (35,19) (36,18) (37,20) (38,18) (39,18) (40,16) (41,16) (42,18) (43,18) (44,14) (45,16) (46,14) (47,13) (48,12) (49,13) (50,16) (51,15) (52,16) (53,21) (54,22) (55,24) (56,24) (57,23) (58,24) (59,26) (60,29) (61,29) (62,29) (63,27) (64,28) (65,29) (66,29) (67,32) (68,33) (69,31) (70,34) (71,35) (72,36) (73,38) (74,39) (75,41) (76,41) (77,43) (78,49) (79,50) (80,50) (81,53) (82,53) (83,55) (84,59) (85,61) (86,61) (87,66) (88,69) (89,73) (90,76) (91,78) (92,85) (93,88) (94,93) (95,96) (96,98) (97,99) (98,104) 
TD 2 :
(99,107) (0,97) (98,104) (1,95) (2,94) (3,93) (4,88) (5,83) (6,80) (7,78) (8,78) (9,74) (10,69) (11,64) (12,61) (13,60) (14,55) (15,53) (16,54) (17,50) (18,49) (19,46) (20,44) (21,45) (22,43) (23,41) (24,37) (25,37) (26,36) (27,31) (28,34) (29,33) (30,33) (31,31) (32,29) (33,24) (34,20) (35,19) (36,18) (37,20) (38,18) (39,18) (40,16) (41,16) (42,18) (43,18) (44,14) (45,16) (46,14) (47,13) (48,12) (49,13) (50,16) (51,15) (52,16) (53,21) (54,22) (55,24) (56,24) (57,23) (58,24) (59,26) (60,29) (61,29) (62,29) (63,27) (64,28) (65,29) (66,29) (67,32) (68,33) (69,31) (70,34) (71,35) (72,36) (73,38) (74,39) (75,41) (76,41) (77,43) (78,49) (79,50) (80,50) (81,53) (82,53) (83,55) (84,59) (85,61) (86,61) (87,66) (88,69) (89,73) (90,76) (91,78) (92,85) (93,88) (94,93) (95,96) (96,98) (97,99) 
TD 3 :
(99,107) (0,97) (98,104) (1,95) (97,99) (2,94) (3,93) (4,88) (5,83) (6,80) (7,78) (8,78) (9,74) (10,69) (11,64) (12,61) (13,60) (14,55) (15,53) (16,54) (17,50) (18,49) (19,46) (20,44) (21,45) (22,43) (23,41) (24,37) (25,37) (26,36) (27,31) (28,34) (29,33) (30,33) (31,31) (32,29) (33,24) (34,20) (35,19) (36,18) (37,20) (38,18) (39,18) (40,16) (41,16) (42,18) (43,18) (44,14) (45,16) (46,14) (47,13) (48,12) (49,13) (50,16) (51,15) (52,16) (53,21) (54,22) (55,24) (56,24) (57,23) (58,24) (59,26) (60,29) (61,29) (62,29) (63,27) (64,28) (65,29) (66,29) (67,32) (68,33) (69,31) (70,34) (71,35) (72,36) (73,38) (74,39) (75,41) (76,41) (77,43) (78,49) (79,50) (80,50) (81,53) (82,53) (83,55) (84,59) (85,61) (86,61) (87,66) (88,69) (89,73) (90,76) (91,78) (92,85) (93,88) (94,93) (95,96) (96,98) 
TD 4 :
(99,107) (0,97) (98,104) (1,95) (97,99) (2,94) (96,98) (3,93) (4,88) (5,83) (6,80) (7,78) (8,78) (9,74) (10,69) (11,64) (12,61) (13,60) (14,55) (15,53) (16,54) (17,50) (18,49) (19,46) (20,44) (21,45) (22,43) (23,41) (24,37) (25,37) (26,36) (27,31) (28,34) (29,33) (30,33) (31,31) (32,29) (33,24) (34,20) (35,19) (36,18) (37,20) (38,18) (39,18) (40,16) (41,16) (42,18) (43,18) (44,14) (45,16) (46,14) (47,13) (48,12) (49,13) (50,16) (51,15) (52,16) (53,21) (54,22) (55,24) (56,24) (57,23) (58,24) (59,26) (60,29) (61,29) (62,29) (63,27) (64,28) (65,29) (66,29) (67,32) (68,33) (69,31) (70,34) (71,35) (72,36) (73,38) (74,39) (75,41) (76,41) (77,43) (78,49) (79,50) (80,50) (81,53) (82,53) (83,55) (84,59) (85,61) (86,61) (87,66) (88,69) (89,73) (90,76) (91,78) (92,85) (93,88) (94,93) (95,96) 
TD 5 :
(99,107) (0,97) (98,104) (1,95) (97,99) (2,94) (96,98) (3,93) (95,96) (4,88) (5,83) (6,80) (7,78) (8,78) (9,74) (10,69) (11,64) (12,61) (13,60) (14,55) (15,53) (16,54) (17,50) (18,49) (19,46) (20,44) (21,45) (22,43) (23,41) (24,37) (25,37) (26,36) (27,31) (28,34) (29,33) (30,33) (31,31) (32,29) (33,24) (34,20) (35,19) (36,18) (37,20) (38,18) (39,18) (40,16) (41,16) (42,18) (43,18) (44,14) (45,16) (46,14) (47,13) (48,12) (49,13) (50,16) (51,15) (52,16) (53,21) (54,22) (55,24) (56,24) (57,23) (58,24) (59,26) (60,29) (61,29) (62,29) (63,27) (64,28) (65,29) (66,29) (67,32) (68,33) (69,31) (70,34) (71,35) (72,36) (73,38) (74,39) (75,41) (76,41) (77,43) (78,49) (79,50) (80,50) (81,53) (82,53) (83,55) (84,59) (85,61) (86,61) (87,66) (88,69) (89,73) (90,76) (91,78) (92,85) (93,88) (94,93) 
TD 6 :
(99,107) (0,97) (98,104) (1,95) (97,99) (2,94) (96,98) (3,93) (95,96) (4,88) (94,93) (5,83) (6,80) (7,78) (8,78) (9,74) (10,69) (11,64) (12,61) (13,60) (14,55) (15,53) (16,54) (17,50) (18,49) (19,46) (20,44) (21,45) (22,43) (23,41) (24,37) (25,37) (26,36) (27,31) (28,34) (29,33) (30,33) (31,31) (32,29) (33,24) (34,20) (35,19) (36,18) (37,20) (38,18) (39,18) (40,16) (41,16) (42,18) (43,18) (44,14) (45,16) (46,14) (47,13) (48,12) (49,13) (50,16) (51,15) (52,16) (53,21) (54,22) (55,24) (56,24) (57,23) (58,24) (59,26) (60,29) (61,29) (62,29) (63,27) (64,28) (65,29) (66,29) (67,32) (68,33) (69,31) (70,34) (71,35) (72,36) (73,38) (74,39) (75,41) (76,41) (77,43) (78,49) (79,50) (80,50) (81,53) (82,53) (83,55) (84,59) (85,61) (86,61) (87,66) (88,69) (89,73) (90,76) (91,78) (92,85) (93,88) 
TD 7 :
(99,107) (0,97) (98,104) (1,95) (97,99) (2,94) (96,98) (3,93) (95,96) (4,88) (94,93) (5,83) (93,88) (6,80) (7,78) (8,78) (9,74) (10,69) (11,64) (12,61) (13,60) (14,55) (15,53) (16,54) (17,50) (18,49) (19,46) (20,44) (21,45) (22,43) (23,41) (24,37) (25,37) (26,36) (27,31) (28,34) (29,33) (30,33) (31,31) (32,29) (33,24) (34,20) (35,19) (36,18) (37,20) (38,18) (39,18) (40,16) (41,16) (42,18) (43,18) (44,14) (45,16) (46,14) (47,13) (48,12) (49,13) (50,16) (51,15) (52,16) (53,21) (54,22) (55,24) (56,24) (57,23) (58,24) (59,26) (60,29) (61,29) (62,29) (63,27) (64,28) (65,29) (66,29) (67,32) (68,33) (69,31) (70,34) (71,35) (72,36) (73,38) (74,39) (75,41) (76,41) (77,43) (78,49) (79,50) (80,50) (81,53) (82,53) (83,55) (84,59) (85,61) (86,61) (87,66) (88,69) (89,73) (90,76) (91,78) (92,85) 
TD 8 :
(99,107) (0,97) (98,104) (1,95) (97,99) (2,94) (96,98) (3,93) (95,96) (4,88) (94,93) (5,83) (93,88) (6,80) (92,85) (7,78) (8,78) (9,74) (10,69) (11,64) (12,61) (13,60) (14,55) (15,53) (16,54) (17,50) (18,49) (19,46) (20,44) (21,45) (22,43) (23,41) (24,37) (25,37) (26,36) (27,31) (28,34) (29,33) (30,33) (31,31) (32,29) (33,24) (34,20) (35,19) (36,18) (37,20) (38,18) (39,18) (40,16) (41,16) (42,18) (43,18) (44,14) (45,16) (46,14) (47,13) (48,12) (49,13) (50,16) (51,15) (52,16) (53,21) (54,22) (55,24) (56,24) (57,23) (58,24) (59,26) (60,29) (61,29) (62,29) (63,27) (64,28) (65,29) (66,29) (67,32) (68,33) (69,31) (70,34) (71,35) (72,36) (73,38) (74,39) (75,41) (76,41) (77,43) (78,49) (79,50) (80,50) (81,53) (82,53) (83,55) (84,59) (85,61) (86,61) (87,66) (88,69) (89,73) (90,76) (91,78) 
TD 9 :
(99,107) (0,97) (98,104) (1,95) (97,99) (2,94) (96,98) (3,93) (95,96) (4,88) (94,93) (5,83) (93,88) (6,80) (92,85) (7,78) (91,78) (8,78) (9,74) (10,69) (11,64) (12,61) (13,60) (14,55) (15,53) (16,54) (17,50) (18,49) (19,46) (20,44) (21,45) (22,43) (23,41) (24,37) (25,37) (26,36) (27,31) (28,34) (29,33) (30,33) (31,31) (32,29) (33,24) (34,20) (35,19) (36,18) (37,20) (38,18) (39,18) (40,16) (41,16) (42,18) (43,18) (44,14) (45,16) (46,14) (47,13) (48,12) (49,13) (50,16) (51,15) (52,16) (53,21) (54,22) (55,24) (56,24) (57,23) (58,24) (59,26) (60,29) (61,29) (62,29) (63,27) (64,28) (65,29) (66,29) (67,32) (68,33) (69,31) (70,34) (71,35) (72,36) (73,38) (74,39) (75,41) (76,41) (77,43) (78,49) (79,50) (80,50) (81,53) (82,53) (83,55) (84,59) (85,61) (86,61) (87,66) (88,69) (89,73) (90,76) 
TD 10 :
(99,107) (0,97) (98,104) (1,95) (97,99) (2,94) (96,98) (3,93) (95,96) (4,88) (94,93) (5,83) (93,88) (6,80) (92,85) (7,78) (91,78) (8,78) (90,76) (9,74) (10,69) (11,64) (12,61) (13,60) (14,55) (15,53) (16,54) (17,50) (18,49) (19,46) (20,44) (21,45) (22,43) (23,41) (24,37) (25,37) (26,36) (27,31) (28,34) (29,33) (30,33) (31,31) (32,29) (33,24) (34,20) (35,19) (36,18) (37,20) (38,18) (39,18) (40,16) (41,16) (42,18) (43,18) (44,14) (45,16) (46,14) (47,13) (48,12) (49,13) (50,16) (51,15) (52,16) (53,21) (54,22) (55,24) (56,24) (57,23) (58,24) (59,26) (60,29) (61,29) (62,29) (63,27) (64,28) (65,29) (66,29) (67,32) (68,33) (69,31) (70,34) (71,35) (72,36) (73,38) (74,39) (75,41) (76,41) (77,43) (78,49) (79,50) (80,50) (81,53) (82,53) (83,55) (84,59) (85,61) (86,61) (87,66) (88,69) (89,73) 
TD 11 :
(99,107) (0,97) (98,104) (1,95) (97,99) (2,94) (96,98) (3,93) (95,96) (4,88) (94,93) (5,83) (93,88) (6,80) (92,85) (7,78) (91,78) (8,78) (90,76) (9,74) (89,73) (10,69) (11,64) (12,61) (13,60) (14,55) (15,53) (16,54) (17,50) (18,49) (19,46) (20,44) (21,45) (22,43) (23,41) (24,37) (25,37) (26,36) (27,31) (28,34) (29,33) (30,33) (31,31) (32,29) (33,24) (34,20) (35,19) (36,18) (37,20) (38,18) (39,18) (40,16) (41,16) (42,18) (43,18) (44,14) (45,16) (46,14) (47,13) (48,12) (49,13) (50,16) (51,15) (52,16) (53,21) (54,22) (55,24) (56,24) (57,23) (58,24) (59,26) (60,29) (61,29) (62,29) (63,27) (64,28) (65,29) (66,29) (67,32) (68,33) (69,31) (70,34) (71,35) (72,36) (73,38) (74,39) (75,41) (76,41) (77,43) (78,49) (79,50) (80,50) (81,53) (82,53) (83,55) (84,59) (85,61) (86,61) (87,66) (88,69) 
TD 12 :
(99,107) (0,97) (98,104) (1,95) (97,99) (2,94) (96,98) (3,93) (95,96) (4,88) (94,93) (5,83) (93,88) (6,80) (92,85) (7,78) (91,78) (8,78) (90,76) (9,74) (89,73) (10,69) (88,69) (11,64) (12,61) (13,60) (14,55) (15,53) (16,54) (17,50) (18,49) (19,46) (20,44) (21,45) (22,43) (23,41) (24,37) (25,37) (26,36) (27,31) (28,34) (29,33) (30,33) (31,31) (32,29) (33,24) (34,20) (35,19) (36,18) (37,20) (38,18) (39,18) (40,16) (41,16) (42,18) (43,18) (44,14) (45,16) (46,14) (47,13) (48,12) (49,13) (50,16) (51,15) (52,16) (53,21) (54,22) (55,24) (56,24) (57,23) (58,24) (59,26) (60,29) (61,29) (62,29) (63,27) (64,28) (65,29) (66,29) (67,32) (68,33) (69,31) (70,34) (71,35) (72,36) (73,38) (74,39) (75,41) (76,41) (77,43) (78,49) (79,50) (80,50) (81,53) (82,53) (83,55) (84,59) (85,61) (86,61) (87,66) 
TD 13 :
(99,107) (0,97) (98,104) (1,95) (97,99) (2,94) (96,98) (3,93) (95,96) (4,88) (94,93) (5,83) (93,88) (6,80) (92,85) (7,78) (91,78) (8,78) (90,76) (9,74) (89,73) (10,69) (88,69) (11,64) (87,66) (12,61) (13,60) (14,55) (15,53) (16,54) (17,50) (18,49) (19,46) (20,44) (21,45) (22,43) (23,41) (24,37) (25,37) (26,36) (27,31) (28,34) (29,33) (30,33) (31,31) (32,29) (33,24) (34,20) (35,19) (36,18) (37,20) (38,18) (39,18) (40,16) (41,16) (42,18) (43,18) (44,14) (45,16) (46,14) (47,13) (48,12) (49,13) (50,16) (51,15) (52,16) (53,21) (54,22) (55,24) (56,24) (57,23) (58,24) (59,26) (60,29) (61,29) (62,29) (63,27) (64,28) (65,29) (66,29) (67,32) (68,33) (69,31) (70,34) (71,35) (72,36) (73,38) (74,39) (75,41) (76,41) (77,43) (78,49) (79,50) (80,50) (81,53) (82,53) (83,55) (84,59) (85,61) (86,61) 
TD 14 :
(99,107) (0,97) (98,104) (1,95) (97,99) (2,94) (96,98) (3,93) (95,96) (4,88) (94,93) (5,83) (93,88) (6,80) (92,85) (7,78) (91,78) (8,78) (90,76) (9,74) (89,73) (10,69) (88,69) (11,64) (87,66) (12,61) (86,61) (85,61) (13,60) (14,55) (15,53) (16,54) (17,50) (18,49) (19,46) (20,44) (21,45) (22,43) (23,41) (24,37) (25,37) (26,36) (27,31) (28,34) (29,33) (30,33) (31,31) (32,29) (33,24) (34,20) (35,19) (36,18) (37,20) (38,18) (39,18) (40,16) (41,16) (42,18) (43,18) (44,14) (45,16) (46,14) (47,13) (48,12) (49,13) (50,16) (51,15) (52,16) (53,21) (54,22) (55,24) (56,24) (57,23) (58,24) (59,26) (60,29) (61,29) (62,29) (63,27) (64,28) (65,29) (66,29) (67,32) (68,33) (69,31) (70,34) (71,35) (72,36) (73,38) (74,39) (75,41) (76,41) (77,43) (78,49) (79,50) (80,50) (81,53) (82,53) (83,55) (84,59) 
(99,107) (0,97) (98,104) (1,95) (97,99) (2,94) (96,98) (3,93) (95,96) (4,88) (94,93) (5,83) (93,88) (6,80) (92,85) (7,78) (91,78) (8,78) (90,76) (9,74) (89,73) (10,69) (88,69) (11,64) (87,66) (12,61) (86,61) (85,61) (13,60) 
TD 15 :
(99,107) (0,97) (98,104) (1,95) (97,99) (2,94) (96,98) (3,93) (95,96) (4,88) (94,93) (5,83) (93,88) (6,80) (92,85) (7,78) (91,78) (8,78) (90,76) (9,74) (89,73) (10,69) (88,69) (11,64) (87,66) (12,61) (86,61) (85,61) (13,60) (84,59) (14,55) (15,53) (16,54) (17,50) (18,49) (19,46) (20,44) (21,45) (22,43) (23,41) (24,37) (25,37) (26,36) (27,31) (28,34) (29,33) (30,33) (31,31) (32,29) (33,24) (34,20) (35,19) (36,18) (37,20) (38,18) (39,18) (40,16) (41,16) (42,18) (43,18) (44,14) (45,16) (46,14) (47,13) (48,12) (49,13) (50,16) (51,15) (52,16) (53,21) (54,22) (55,24) (56,24) (57,23) (58,24) (59,26) (60,29) (61,29) (62,29) (63,27) (64,28) (65,29) (66,29) (67,32) (68,33) (69,31) (70,34) (71,35) (72,36) (73,38) (74,39) (75,41) (76,41) (77,43) (78,49) (79,50) (80,50) (81,53) (82,53) (83,55) 
TD 16 :
(99,107) (0,97) (98,104) (1,95) (97,99) (2,94) (96,98) (3,93) (95,96) (4,88) (94,93) (5,83) (93,88) (6,80) (92,85) (7,78) (91,78) (8,78) (90,76) (9,74) (89,73) (10,69) (88,69) (11,64) (87,66) (12,61) (86,61) (85,61) (13,60) (84,59) (14,55) (83,55) (16,54) (15,53) 
(99,107) (0,97) (98,104) (1,95) (97,99) (2,94) (96,98) (3,93) (95,96) (4,88) (94,93) (5,83) (93,88) (6,80) (92,85) (7,78) (91,78) (8,78) (90,76) (9,74) (89,73) (10,69) (88,69) (11,64) (87,66) (12,61) (86,61) (85,61) (13,60) (84,59) (14,55) (83,55) (16,54) (15,53) (17,50) (18,49) (19,46) (20,44) (21,45) (22,43) (23,41) (24,37) (25,37) (26,36) (27,31) (28,34) (29,33) (30,33) (31,31) (32,29) (33,24) (34,20) (35,19) (36,18) (37,20) (38,18) (39,18) (40,16) (41,16) (42,18) (43,18) (44,14) (45,16) (46,14) (47,13) (48,12) (49,13) (50,16) (51,15) (52,16) (53,21) (54,22) (55,24) (56,24) (57,23) (58,24) (59,26) (60,29) (61,29) (62,29) (63,27) (64,28) (65,29) (66,29) (67,32) (68,33) (69,31) (70,34) (71,35) (72,36) (73,38) (74,39) (75,41) (76,41) (77,43) (78,49) (79,50) (80,50) (81,53) (82,53) 
TD 17 :
(99,107) (0,97) (98,104) (1,95) (97,99) (2,94) (96,98) (3,93) (95,96) (4,88) (94,93) (5,83) (93,88) (6,80) (92,85) (7,78) (91,78) (8,78) (90,76) (9,74) (89,73) (10,69) (88,69) (11,64) (87,66) (12,61) (86,61) (85,61) (13,60) (84,59) (14,55) (83,55) (16,54) (15,53) (82,53) (81,53) (17,50) (18,49) (19,46) (20,44) (21,45) (22,43) (23,41) (24,37) (25,37) (26,36) (27,31) (28,34) (29,33) (30,33) (31,31) (32,29) (33,24) (34,20) (35,19) (36,18) (37,20) (38,18) (39,18) (40,16) (41,16) (42,18) (43,18) (44,14) (45,16) (46,14) (47,13) (48,12) (49,13) (50,16) (51,15) (52,16) (53,21) (54,22) (55,24) (56,24) (57,23) (58,24) (59,26) (60,29) (61,29) (62,29) (63,27) (64,28) (65,29) (66,29) (67,32) (68,33) (69,31) (70,34) (71,35) (72,36) (73,38) (74,39) (75,41) (76,41) (77,43) (78,49) (79,50) (80,50) 
(99,107) (0,97) (98,104) (1,95) (97,99) (2,94) (96,98) (3,93) (95,96) (4,88) (94,93) (5,83) (93,88) (6,80) (92,85) (7,78) (91,78) (8,78) (90,76) (9,74) (89,73) (10,69) (88,69) (11,64) (87,66) (12,61) (86,61) (85,61) (13,60) (84,59) (14,55) (83,55) (16,54) (15,53) (82,53) (81,53) (17,50) 
TD 18 :
(99,107) (0,97) (98,104) (1,95) (97,99) (2,94) (96,98) (3,93) (95,96) (4,88) (94,93) (5,83) (93,88) (6,80) (92,85) (7,78) (91,78) (8,78) (90,76) (9,74) (89,73) (10,69) (88,69) (11,64) (87,66) (12,61) (86,61) (85,61) (13,60) (84,59) (14,55) (83,55) (16,54) (15,53) (82,53) (81,53) (17,50) (80,50) (79,50) (18,49) (19,46) (20,44) (21,45) (22,43) (23,41) (24,37) (25,37) (26,36) (27,31) (28,34) (29,33) (30,33) (31,31) (32,29) (33,24) (34,20) (35,19) (36,18) (37,20) (38,18) (39,18) (40,16) (41,16) (42,18) (43,18) (44,14) (45,16) (46,14) (47,13) (48,12) (49,13) (50,16) (51,15) (52,16) (53,21) (54,22) (55,24) (56,24) (57,23) (58,24) (59,26) (60,29) (61,29) (62,29) (63,27) (64,28) (65,29) (66,29) (67,32) (68,33) (69,31) (70,34) (71,35) (72,36) (73,38) (74,39) (75,41) (76,41) (77,43) (78,49) 
(99,107) (0,97) (98,104) (1,95) (97,99) (2,94) (96,98) (3,93) (95,96) (4,88) (94,93) (5,83) (93,88) (6,80) (92,85) (7,78) (91,78) (8,78) (90,76) (9,74) (89,73) (10,69) (88,69) (11,64) (87,66) (12,61) (86,61) (85,61) (13,60) (84,59) (14,55) (83,55) (16,54) (15,53) (82,53) (81,53) (17,50) (80,50) (79,50) (18,49) 
TD 19 :
(99,107) (0,97) (98,104) (1,95) (97,99) (2,94) (96,98) (3,93) (95,96) (4,88) (94,93) (5,83) (93,88) (6,80) (92,85) (7,78) (91,78) (8,78) (90,76) (9,74) (89,73) (10,69) (88,69) (11,64) (87,66) (12,61) (86,61) (85,61) (13,60) (84,59) (14,55) (83,55) (16,54) (15,53) (82,53) (81,53) (17,50) (80,50) (79,50) (18,49) (78,49) (19,46) (20,44) (21,45) (22,43) (23,41) (24,37) (25,37) (26,36) (27,31) (28,34) (29,33) (30,33) (31,31) (32,29) (33,24) (34,20) (35,19) (36,18) (37,20) (38,18) (39,18) (40,16) (41,16) (42,18) (43,18) (44,14) (45,16) (46,14) (47,13) (48,12) (49,13) (50,16) (51,15) (52,16) (53,21) (54,22) (55,24) (56,24) (57,23) (58,24) (59,26) (60,29) (61,29) (62,29) (63,27) (64,28) (65,29) (66,29) (67,32) (68,33) (69,31) (70,34) (71,35) (72,36) (73,38) (74,39) (75,41) (76,41) (77,43) 
TD 20 :
(99,107) (0,97) (98,104) (1,95) (97,99) (2,94) (96,98) (3,93) (95,96) (4,88) (94,93) (5,83) (93,88) (6,80) (92,85) (7,78) (91,78) (8,78) (90,76) (9,74) (89,73) (10,69) (88,69) (11,64) (87,66) (12,61) (86,61) (85,61) (13,60) (84,59) (14,55) (83,55) (16,54) (15,53) (82,53) (81,53) (17,50) (80,50) (79,50) (18,49) (78,49) (19,46) (77,43) (21,45) (20,44) 
(99,107) (0,97) (98,104) (1,95) (97,99) (2,94) (96,98) (3,93) (95,96) (4,88) (94,93) (5,83) (93,88) (6,80) (92,85) (7,78) (91,78) (8,78) (90,76) (9,74) (89,73) (10,69) (88,69) (11,64) (87,66) (12,61) (86,61) (85,61) (13,60) (84,59) (14,55) (83,55) (16,54) (15,53) (82,53) (81,53) (17,50) (80,50) (79,50) (18,49) (78,49) (19,46) (77,43) (21,45) (20,44) (22,43) (23,41) (24,37) (25,37) (26,36) (27,31) (28,34) (29,33) (30,33) (31,31) (32,29) (33,24) (34,20) (35,19) (36,18) (37,20) (38,18) (39,18) (40,16) (41,16) (42,18) (43,18) (44,14) (45,16) (46,14) (47,13) (48,12) (49,13) (50,16) (51,15) (52,16) (53,21) (54,22) (55,24) (56,24) (57,23) (58,24) (59,26) (60,29) (61,29) (62,29) (63,27) (64,28) (65,29) (66,29) (67,32) (68,33) (69,31) (70,34) (71,35) (72,36) (73,38) (74,39) (75,41) (76,41) 
TD 21 :
(99,107) (0,97) (98,104) (1,95) (97,99) (2,94) (96,98) (3,93) (95,96) (4,88) (94,93) (5,83) (93,88) (6,80) (92,85) (7,78) (91,78) (8,78) (90,76) (9,74) (89,73) (10,69) (88,69) (11,64) (87,66) (12,61) (86,61) (85,61) (13,60) (84,59) (14,55) (83,55) (16,54) (15,53) (82,53) (81,53) (17,50) (80,50) (79,50) (18,49) (78,49) (19,46) (77,43) (21,45) (20,44) (76,41) (22,43) (23,41) (24,37) (25,37) (26,36) (27,31) (28,34) (29,33) (30,33) (31,31) (32,29) (33,24) (34,20) (35,19) (36,18) (37,20) (38,18) (39,18) (40,16) (41,16) (42,18) (43,18) (44,14) (45,16) (46,14) (47,13) (48,12) (49,13) (50,16) (51,15) (52,16) (53,21) (54,22) (55,24) (56,24) (57,23) (58,24) (59,26) (60,29) (61,29) (62,29) (63,27) (64,28) (65,29) (66,29) (67,32) (68,33) (69,31) (70,34) (71,35) (72,36) (73,38) (74,39) (75,41) 
TD 22 :
(99,107) (0,97) (98,104) (1,95) (97,99) (2,94) (96,98) (3,93) (95,96) (4,88) (94,93) (5,83) (93,88) (6,80) (92,85) (7,78) (91,78) (8,78) (90,76) (9,74) (89,73) (10,69) (88,69) (11,64) (87,66) (12,61) (86,61) (85,61) (13,60) (84,59) (14,55) (83,55) (16,54) (15,53) (82,53) (81,53) (17,50) (80,50) (79,50) (18,49) (78,49) (19,46) (77,43) (21,45) (20,44) (76,41) (22,43) (75,41) (23,41) (24,37) (25,37) (26,36) (27,31) (28,34) (29,33) (30,33) (31,31) (32,29) (33,24) (34,20) (35,19) (36,18) (37,20) (38,18) (39,18) (40,16) (41,16) (42,18) (43,18) (44,14) (45,16) (46,14) (47,13) (48,12) (49,13) (50,16) (51,15) (52,16) (53,21) (54,22) (55,24) (56,24) (57,23) (58,24) (59,26) (60,29) (61,29) (62,29) (63,27) (64,28) (65,29) (66,29) (67,32) (68,33) (69,31) (70,34) (71,35) (72,36) (73,38) (74,39) 
TD 23 :
(99,107) (0,97) (98,104) (1,95) (97,99) (2,94) (96,98) (3,93) (95,96) (4,88) (94,93) (5,83) (93,88) (6,80) (92,85) (7,78) (91,78) (8,78) (90,76) (9,74) (89,73) (10,69) (88,69) (11,64) (87,66) (12,61) (86,61) (85,61) (13,60) (84,59) (14,55) (83,55) (16,54) (15,53) (82,53) (81,53) (17,50) (80,50) (79,50) (18,49) (78,49) (19,46) (77,43) (21,45) (20,44) (76,41) (22,43) (75,41) (23,41) (74,39) (24,37) (25,37) (26,36) (27,31) (28,34) (29,33) (30,33) (31,31) (32,29) (33,24) (34,20) (35,19) (36,18) (37,20) (38,18) (39,18) (40,16) (41,16) (42,18) (43,18) (44,14) (45,16) (46,14) (47,13) (48,12) (49,13) (50,16) (51,15) (52,16) (53,21) (54,22) (55,24) (56,24) (57,23) (58,24) (59,26) (60,29) (61,29) (62,29) (63,27) (64,28) (65,29) (66,29) (67,32) (68,33) (69,31) (70,34) (71,35) (72,36) (73,38) 
TD 24 :
(99,107) (0,97) (98,104) (1,95) (97,99) (2,94) (96,98) (3,93) (95,96) (4,88) (94,93) (5,83) (93,88) (6,80) (92,85) (7,78) (91,78) (8,78) (90,76) (9,74) (89,73) (10,69) (88,69) (11,64) (87,66) (12,61) (86,61) (85,61) (13,60) (84,59) (14,55) (83,55) (16,54) (15,53) (82,53) (81,53) (17,50) (80,50) (79,50) (18,49) (78,49) (19,46) (77,43) (21,45) (20,44) (76,41) (22,43) (75,41) (23,41) (74,39) (24,37) (73,38) (25,37) (26,36) (27,31) (28,34) (29,33) (30,33) (31,31) (32,29) (33,24) (34,20) (35,19) (36,18) (37,20) (38,18) (39,18) (40,16) (41,16) (42,18) (43,18) (44,14) (45,16) (46,14) (47,13) (48,12) (49,13) (50,16) (51,15) (52,16) (53,21) (54,22) (55,24) (56,24) (57,23) (58,24) (59,26) (60,29) (61,29) (62,29) (63,27) (64,28) (65,29) (66,29) (67,32) (68,33) (69,31) (70,34) (71,35) (72,36) 
TD 25 :
(99,107) (0,97) (98,104) (1,95) (97,99) (2,94) (96,98) (3,93) (95,96) (4,88) (94,93) (5,83) (93,88) (6,80) (92,85) (7,78) (91,78) (8,78) (90,76) (9,74) (89,73) (10,69) (88,69) (11,64) (87,66) (12,61) (86,61) (85,61) (13,60) (84,59) (14,55) (83,55) (16,54) (15,53) (82,53) (81,53) (17,50) (80,50) (79,50) (18,49) (78,49) (19,46) (77,43) (21,45) (20,44) (76,41) (22,43) (75,41) (23,41) (74,39) (24,37) (73,38) (25,37) (72,36) (26,36) (27,31) (28,34) (29,33) (30,33) (31,31) (32,29) (33,24) (34,20) (35,19) (36,18) (37,20) (38,18) (39,18) (40,16) (41,16) (42,18) (43,18) (44,14) (45,16) (46,14) (47,13) (48,12) (49,13) (50,16) (51,15) (52,16) (53,21) (54,22) (55,24) (56,24) (57,23) (58,24) (59,26) (60,29) (61,29) (62,29) (63,27) (64,28) (65,29) (66,29) (67,32) (68,33) (69,31) (70,34) (71,35) 
TD 26 :
(99,107) (0,97) (98,104) (1,95) (97,99) (2,94) (96,98) (3,93) (95,96) (4,88) (94,93) (5,83) (93,88) (6,80) (92,85) (7,78) (91,78) (8,78) (90,76) (9,74) (89,73) (10,69) (88,69) (11,64) (87,66) (12,61) (86,61) (85,61) (13,60) (84,59) (14,55) (83,55) (16,54) (15,53) (82,53) (81,53) (17,50) (80,50) (79,50) (18,49) (78,49) (19,46) (77,43) (21,45) (20,44) (76,41) (22,43) (75,41) (23,41) (74,39) (24,37) (73,38) (25,37) (72,36) (26,36) (71,35) (28,34) (27,31) 
(99,107) (0,97) (98,104) (1,95) (97,99) (2,94) (96,98) (3,93) (95,96) (4,88) (94,93) (5,83) (93,88) (6,80) (92,85) (7,78) (91,78) (8,78) (90,76) (9,74) (89,73) (10,69) (88,69) (11,64) (87,66) (12,61) (86,61) (85,61) (13,60) (84,59) (14,55) (83,55) (16,54) (15,53) (82,53) (81,53) (17,50) (80,50) (79,50) (18,49) (78,49) (19,46) (77,43) (21,45) (20,44) (76,41) (22,43) (75,41) (23,41) (74,39) (24,37) (73,38) (25,37) (72,36) (26,36) (71,35) (28,34) (27,31) (29,33) (30,33) (31,31) (32,29) (33,24) (34,20) (35,19) (36,18) (37,20) (38,18) (39,18) (40,16) (41,16) (42,18) (43,18) (44,14) (45,16) (46,14) (47,13) (48,12) (49,13) (50,16) (51,15) (52,16) (53,21) (54,22) (55,24) (56,24) (57,23) (58,24) (59,26) (60,29) (61,29) (62,29) (63,27) (64,28) (65,29) (66,29) (67,32) (68,33) (69,31) (70,34) 
TD 27 :
(99,107) (0,97) (98,104) (1,95) (97,99) (2,94) (96,98) (3,93) (95,96) (4,88) (94,93) (5,83) (93,88) (6,80) (92,85) (7,78) (91,78) (8,78) (90,76) (9,74) (89,73) (10,69) (88,69) (11,64) (87,66) (12,61) (86,61) (85,61) (13,60) (84,59) (14,55) (83,55) (16,54) (15,53) (82,53) (81,53) (17,50) (80,50) (79,50) (18,49) (78,49) (19,46) (77,43) (21,45) (20,44) (76,41) (22,43) (75,41) (23,41) (74,39) (24,37) (73,38) (25,37) (72,36) (26,36) (71,35) (28,34) (27,31) (70,34) (29,33) (30,33) (31,31) (32,29) (33,24) (34,20) (35,19) (36,18) (37,20) (38,18) (39,18) (40,16) (41,16) (42,18) (43,18) (44,14) (45,16) (46,14) (47,13) (48,12) (49,13) (50,16) (51,15) (52,16) (53,21) (54,22) (55,24) (56,24) (57,23) (58,24) (59,26) (60,29) (61,29) (62,29) (63,27) (64,28) (65,29) (66,29) (67,32) (68,33) (69,31) 
TD 28 :
(99,107) (0,97) (98,104) (1,95) (97,99) (2,94) (96,98) (3,93) (95,96) (4,88) (94,93) (5,83) (93,88) (6,80) (92,85) (7,78) (91,78) (8,78) (90,76) (9,74) (89,73) (10,69) (88,69) (11,64) (87,66) (12,61) (86,61) (85,61) (13,60) (84,59) (14,55) (83,55) (16,54) (15,53) (82,53) (81,53) (17,50) (80,50) (79,50) (18,49) (78,49) (19,46) (77,43) (21,45) (20,44) (76,41) (22,43) (75,41) (23,41) (74,39) (24,37) (73,38) (25,37) (72,36) (26,36) (71,35) (28,34) (27,31) (70,34) (29,33) (69,31) (68,33) (30,33) (31,31) (32,29) (33,24) (34,20) (35,19) (36,18) (37,20) (38,18) (39,18) (40,16) (41,16) (42,18) (43,18) (44,14) (45,16) (46,14) (47,13) (48,12) (49,13) (50,16) (51,15) (52,16) (53,21) (54,22) (55,24) (56,24) (57,23) (58,24) (59,26) (60,29) (61,29) (62,29) (63,27) (64,28) (65,29) (66,29) (67,32) 
(99,107) (0,97) (98,104) (1,95) (97,99) (2,94) (96,98) (3,93) (95,96) (4,88) (94,93) (5,83) (93,88) (6,80) (92,85) (7,78) (91,78) (8,78) (90,76) (9,74) (89,73) (10,69) (88,69) (11,64) (87,66) (12,61) (86,61) (85,61) (13,60) (84,59) (14,55) (83,55) (16,54) (15,53) (82,53) (81,53) (17,50) (80,50) (79,50) (18,49) (78,49) (19,46) (77,43) (21,45) (20,44) (76,41) (22,43) (75,41) (23,41) (74,39) (24,37) (73,38) (25,37) (72,36) (26,36) (71,35) (28,34) (27,31) (70,34) (29,33) (69,31) (68,33) (30,33) 
TD 29 :
(99,107) (0,97) (98,104) (1,95) (97,99) (2,94) (96,98) (3,93) (95,96) (4,88) (94,93) (5,83) (93,88) (6,80) (92,85) (7,78) (91,78) (8,78) (90,76) (9,74) (89,73) (10,69) (88,69) (11,64) (87,66) (12,61) (86,61) (85,61) (13,60) (84,59) (14,55) (83,55) (16,54) (15,53) (82,53) (81,53) (17,50) (80,50) (79,50) (18,49) (78,49) (19,46) (77,43) (21,45) (20,44) (76,41) (22,43) (75,41) (23,41) (74,39) (24,37) (73,38) (25,37) (72,36) (26,36) (71,35) (28,34) (27,31) (70,34) (29,33) (69,31) (68,33) (30,33) (67,32) (31,31) (32,29) (33,24) (34,20) (35,19) (36,18) (37,20) (38,18) (39,18) (40,16) (41,16) (42,18) (43,18) (44,14) (45,16) (46,14) (47,13) (48,12) (49,13) (50,16) (51,15) (52,16) (53,21) (54,22) (55,24) (56,24) (57,23) (58,24) (59,26) (60,29) (61,29) (62,29) (63,27) (64,28) (65,29) (66,29) 
TD 30 :
(99,107) (0,97) (98,104) (1,95) (97,99) (2,94) (96,98) (3,93) (95,96) (4,88) (94,93) (5,83) (93,88) (6,80) (92,85) (7,78) (91,78) (8,78) (90,76) (9,74) (89,73) (10,69) (88,69) (11,64) (87,66) (12,61) (86,61) (85,61) (13,60) (84,59) (14,55) (83,55) (16,54) (15,53) (82,53) (81,53) (17,50) (80,50) (79,50) (18,49) (78,49) (19,46) (77,43) (21,45) (20,44) (76,41) (22,43) (75,41) (23,41) (74,39) (24,37) (73,38) (25,37) (72,36) (26,36) (71,35) (28,34) (27,31) (70,34) (29,33) (69,31) (68,33) (30,33) (67,32) (31,31) (66,29) (65,29) (62,29) (61,29) (60,29) (32,29) (33,24) (34,20) (35,19) (36,18) (37,20) (38,18) (39,18) (40,16) (41,16) (42,18) (43,18) (44,14) (45,16) (46,14) (47,13) (48,12) (49,13) (50,16) (51,15) (52,16) (53,21) (54,22) (55,24) (56,24) (57,23) (58,24) (59,26) 
(99,107) (0,97) (98,104) (1,95) (97,99) (2,94) (96,98) (3,93) (95,96) (4,88) (94,93) (5,83) (93,88) (6,80) (92,85) (7,78) (91,78) (8,78) (90,76) (9,74) (89,73) (10,69) (88,69) (11,64) (87,66) (12,61) (86,61) (85,61) (13,60) (84,59) (14,55) (83,55) (16,54) (15,53) (82,53) (81,53) (17,50) (80,50) (79,50) (18,49) (78,49) (19,46) (77,43) (21,45) (20,44) (76,41) (22,43) (75,41) (23,41) (74,39) (24,37) (73,38) (25,37) (72,36) (26,36) (71,35) (28,34) (27,31) (70,34) (29,33) (69,31) (68,33) (30,33) (67,32) (31,31) (66,29) (65,29) (62,29) (61,29) (60,29) (32,29) 
(99,107) (0,97) (98,104) (1,95) (97,99) (2,94) (96,98) (3,93) (95,96) (4,88) (94,93) (5,83) (93,88) (6,80) (92,85) (7,78) (91,78) (8,78) (90,76) (9,74) (89,73) (10,69) (88,69) (11,64) (87,66) (12,61) (86,61) (85,61) (13,60) (84,59) (14,55) (83,55) (16,54) (15,53) (82,53) (81,53) (17,50) (80,50) (79,50) (18,49) (78,49) (19,46) (77,43) (21,45) (20,44) (76,41) (22,43) (75,41) (23,41) (74,39) (24,37) (73,38) (25,37) (72,36) (26,36) (71,35) (28,34) (27,31) (70,34) (29,33) (69,31) (68,33) (30,33) (67,32) (31,31) (66,29) (65,29) (62,29) (61,29) (60,29) (32,29) 
(99,107) (0,97) (98,104) (1,95) (97,99) (2,94) (96,98) (3,93) (95,96) (4,88) (94,93) (5,83) (93,88) (6,80) (92,85) (7,78) (91,78) (8,78) (90,76) (9,74) (89,73) (10,69) (88,69) (11,64) (87,66) (12,61) (86,61) (85,61) (13,60) (84,59) (14,55) (83,55) (16,54) (15,53) (82,53) (81,53) (17,50) (80,50) (79,50) (18,49) (78,49) (19,46) (77,43) (21,45) (20,44) (76,41) (22,43) (75,41) (23,41) (74,39) (24,37) (73,38) (25,37) (72,36) (26,36) (71,35) (28,34) (27,31) (70,34) (29,33) (69,31) (68,33) (30,33) (67,32) (31,31) (66,29) (65,29) (62,29) (61,29) (60,29) (32,29) (63,27) (64,28) 
(99,107) (0,97) (98,104) (1,95) (97,99) (2,94) (96,98) (3,93) (95,96) (4,88) (94,93) (5,83) (93,88) (6,80) (92,85) (7,78) (91,78) (8,78) (90,76) (9,74) (89,73) (10,69) (88,69) (11,64) (87,66) (12,61) (86,61) (85,61) (13,60) (84,59) (14,55) (83,55) (16,54) (15,53) (82,53) (81,53) (17,50) (80,50) (79,50) (18,49) (78,49) (19,46) (77,43) (21,45) (20,44) (76,41) (22,43) (75,41) (23,41) (74,39) (24,37) (73,38) (25,37) (72,36) (26,36) (71,35) (28,34) (27,31) (70,34) (29,33) (69,31) (68,33) (30,33) (67,32) (31,31) (66,29) (65,29) (62,29) (61,29) (60,29) (32,29) 
TD 31 :
(99,107) (0,97) (98,104) (1,95) (97,99) (2,94) (96,98) (3,93) (95,96) (4,88) (94,93) (5,83) (93,88) (6,80) (92,85) (7,78) (91,78) (8,78) (90,76) (9,74) (89,73) (10,69) (88,69) (11,64) (87,66) (12,61) (86,61) (85,61) (13,60) (84,59) (14,55) (83,55) (16,54) (15,53) (82,53) (81,53) (17,50) (80,50) (79,50) (18,49) (78,49) (19,46) (77,43) (21,45) (20,44) (76,41) (22,43) (75,41) (23,41) (74,39) (24,37) (73,38) (25,37) (72,36) (26,36) (71,35) (28,34) (27,31) (70,34) (29,33) (69,31) (68,33) (30,33) (67,32) (31,31) (66,29) (65,29) (62,29) (61,29) (60,29) (32,29) (33,24) (34,20) (35,19) (36,18) (37,20) (38,18) (39,18) (40,16) (41,16) (42,18) (43,18) (44,14) (45,16) (46,14) (47,13) (48,12) (49,13) (50,16) (51,15) (52,16) (53,21) (54,22) (55,24) (56,24) (57,23) (58,24) (59,26) 
(99,107) (0,97) (98,104) (1,95) (97,99) (2,94) (96,98) (3,93) (95,96) (4,88) (94,93) (5,83) (93,88) (6,80) (92,85) (7,78) (91,78) (8,78) (90,76) (9,74) (89,73) (10,69) (88,69) (11,64) (87,66) (12,61) (86,61) (85,61) (13,60) (84,59) (14,55) (83,55) (16,54) (15,53) (82,53) (81,53) (17,50) (80,50) (79,50) (18,49) (78,49) (19,46) (77,43) (21,45) (20,44) (76,41) (22,43) (75,41) (23,41) (74,39) (24,37) (73,38) (25,37) (72,36) (26,36) (71,35) (28,34) (27,31) (70,34) (29,33) (69,31) (68,33) (30,33) (67,32) (31,31) (66,29) (65,29) (62,29) (61,29) (60,29) (32,29) (64,28) (63,27) 
TD 32 :
(99,107) (0,97) (98,104) (1,95) (97,99) (2,94) (96,98) (3,93) (95,96) (4,88) (94,93) (5,83) (93,88) (6,80) (92,85) (7,78) (91,78) (8,78) (90,76) (9,74) (89,73) (10,69) (88,69) (11,64) (87,66) (12,61) (86,61) (85,61) (13,60) (84,59) (14,55) (83,55) (16,54) (15,53) (82,53) (81,53) (17,50) (80,50) (79,50) (18,49) (78,49) (19,46) (77,43) (21,45) (20,44) (76,41) (22,43) (75,41) (23,41) (74,39) (24,37) (73,38) (25,37) (72,36) (26,36) (71,35) (28,34) (27,31) (70,34) (29,33) (69,31) (68,33) (30,33) (67,32) (31,31) (66,29) (65,29) (62,29) (61,29) (60,29) (32,29) (33,24) (34,20) (35,19) (36,18) (37,20) (38,18) (39,18) (40,16) (41,16) (42,18) (43,18) (44,14) (45,16) (46,14) (47,13) (48,12) (49,13) (50,16) (51,15) (52,16) (53,21) (54,22) (55,24) (56,24) (57,23) (58,24) (59,26) 
(99,107) (0,97) (98,104) (1,95) (97,99) (2,94) (96,98) (3,93) (95,96) (4,88) (94,93) (5,83) (93,88) (6,80) (92,85) (7,78) (91,78) (8,78) (90,76) (9,74) (89,73) (10,69) (88,69) (11,64) (87,66) (12,61) (86,61) (85,61) (13,60) (84,59) (14,55) (83,55) (16,54) (15,53) (82,53) (81,53) (17,50) (80,50) (79,50) (18,49) (78,49) (19,46) (77,43) (21,45) (20,44) (76,41) (22,43) (75,41) (23,41) (74,39) (24,37) (73,38) (25,37) (72,36) (26,36) (71,35) (28,34) (27,31) (70,34) (29,33) (69,31) (68,33) (30,33) (67,32) (31,31) (66,29) (65,29) (62,29) (61,29) (60,29) (32,29) (64,28) (63,27) 
TD 33 :
(99,107) (0,97) (98,104) (1,95) (97,99) (2,94) (96,98) (3,93) (95,96) (4,88) (94,93) (5,83) (93,88) (6,80) (92,85) (7,78) (91,78) (8,78) (90,76) (9,74) (89,73) (10,69) (88,69) (11,64) (87,66) (12,61) (86,61) (85,61) (13,60) (84,59) (14,55) (83,55) (16,54) (15,53) (82,53) (81,53) (17,50) (80,50) (79,50) (18,49) (78,49) (19,46) (77,43) (21,45) (20,44) (76,41) (22,43) (75,41) (23,41) (74,39) (24,37) (73,38) (25,37) (72,36) (26,36) (71,35) (28,34) (27,31) (70,34) (29,33) (69,31) (68,33) (30,33) (67,32) (31,31) (66,29) (65,29) (62,29) (61,29) (60,29) (32,29) (33,24) (34,20) (59,26) (37,20) (35,19) (36,18) 
(99,107) (0,97) (98,104) (1,95) (97,99) (2,94) (96,98) (3,93) (95,96) (4,88) (94,93) (5,83) (93,88) (6,80) (92,85) (7,78) (91,78) (8,78) (90,76) (9,74) (89,73) (10,69) (88,69) (11,64) (87,66) (12,61) (86,61) (85,61) (13,60) (84,59) (14,55) (83,55) (16,54) (15,53) (82,53) (81,53) (17,50) (80,50) (79,50) (18,49) (78,49) (19,46) (77,43) (21,45) (20,44) (76,41) (22,43) (75,41) (23,41) (74,39) (24,37) (73,38) (25,37) (72,36) (26,36) (71,35) (28,34) (27,31) (70,34) (29,33) (69,31) (68,33) (30,33) (67,32) (31,31) (66,29) (65,29) (62,29) (61,29) (60,29) (32,29) (33,24) (34,20) (59,26) (37,20) (35,19) (38,18) (39,18) (40,16) (41,16) (42,18) (43,18) (44,14) (45,16) (46,14) (47,13) (48,12) (49,13) (50,16) (51,15) (52,16) (53,21) (54,22) (55,24) (56,24) (57,23) (58,24) 
TD 34 :
(99,107) (0,97) (98,104) (1,95) (97,99) (2,94) (96,98) (3,93) (95,96) (4,88) (94,93) (5,83) (93,88) (6,80) (92,85) (7,78) (91,78) (8,78) (90,76) (9,74) (89,73) (10,69) (88,69) (11,64) (87,66) (12,61) (86,61) (85,61) (13,60) (84,59) (14,55) (83,55) (16,54) (15,53) (82,53) (81,53) (17,50) (80,50) (79,50) (18,49) (78,49) (19,46) (77,43) (21,45) (20,44) (76,41) (22,43) (75,41) (23,41) (74,39) (24,37) (73,38) (25,37) (72,36) (26,36) (71,35) (28,34) (27,31) (70,34) (29,33) (69,31) (68,33) (30,33) (67,32) (31,31) (66,29) (65,29) (62,29) (61,29) (60,29) (32,29) (33,24) (34,20) (59,26) (37,20) (35,19) (36,18) 
(99,107) (0,97) (98,104) (1,95) (97,99) (2,94) (96,98) (3,93) (95,96) (4,88) (94,93) (5,83) (93,88) (6,80) (92,85) (7,78) (91,78) (8,78) (90,76) (9,74) (89,73) (10,69) (88,69) (11,64) (87,66) (12,61) (86,61) (85,61) (13,60) (84,59) (14,55) (83,55) (16,54) (15,53) (82,53) (81,53) (17,50) (80,50) (79,50) (18,49) (78,49) (19,46) (77,43) (21,45) (20,44) (76,41) (22,43) (75,41) (23,41) (74,39) (24,37) (73,38) (25,37) (72,36) (26,36) (71,35) (28,34) (27,31) (70,34) (29,33) (69,31) (68,33) (30,33) (67,32) (31,31) (66,29) (65,29) (62,29) (61,29) (60,29) (32,29) (33,24) (34,20) (59,26) (37,20) (35,19) (58,24) (56,24) (55,24) (38,18) (39,18) (40,16) (41,16) (42,18) (43,18) (44,14) (45,16) (46,14) (47,13) (48,12) (49,13) (50,16) (51,15) (52,16) (53,21) (54,22) 
(99,107) (0,97) (98,104) (1,95) (97,99) (2,94) (96,98) (3,93) (95,96) (4,88) (94,93) (5,83) (93,88) (6,80) (92,85) (7,78) (91,78) (8,78) (90,76) (9,74) (89,73) (10,69) (88,69) (11,64) (87,66) (12,61) (86,61) (85,61) (13,60) (84,59) (14,55) (83,55) (16,54) (15,53) (82,53) (81,53) (17,50) (80,50) (79,50) (18,49) (78,49) (19,46) (77,43) (21,45) (20,44) (76,41) (22,43) (75,41) (23,41) (74,39) (24,37) (73,38) (25,37) (72,36) (26,36) (71,35) (28,34) (27,31) (70,34) (29,33) (69,31) (68,33) (30,33) (67,32) (31,31) (66,29) (65,29) (62,29) (61,29) (60,29) (32,29) (33,24) (34,20) (59,26) (37,20) (35,19) (58,24) (56,24) (55,24) 
(99,107) (0,97) (98,104) (1,95) (97,99) (2,94) (96,98) (3,93) (95,96) (4,88) (94,93) (5,83) (93,88) (6,80) (92,85) (7,78) (91,78) (8,78) (90,76) (9,74) (89,73) (10,69) (88,69) (11,64) (87,66) (12,61) (86,61) (85,61) (13,60) (84,59) (14,55) (83,55) (16,54) (15,53) (82,53) (81,53) (17,50) (80,50) (79,50) (18,49) (78,49) (19,46) (77,43) (21,45) (20,44) (76,41) (22,43) (75,41) (23,41) (74,39) (24,37) (73,38) (25,37) (72,36) (26,36) (71,35) (28,34) (27,31) (70,34) (29,33) (69,31) (68,33) (30,33) (67,32) (31,31) (66,29) (65,29) (62,29) (61,29) (60,29) (32,29) (33,24) (34,20) (59,26) (37,20) (35,19) (58,24) (56,24) (55,24) (57,23) 
TD 35 :
(99,107) (0,97) (98,104) (1,95) (97,99) (2,94) (96,98) (3,93) (95,96) (4,88) (94,93) (5,83) (93,88) (6,80) (92,85) (7,78) (91,78) (8,78) (90,76) (9,74) (89,73) (10,69) (88,69) (11,64) (87,66) (12,61) (86,61) (85,61) (13,60) (84,59) (14,55) (83,55) (16,54) (15,53) (82,53) (81,53) (17,50) (80,50) (79,50) (18,49) (78,49) (19,46) (77,43) (21,45) (20,44) (76,41) (22,43) (75,41) (23,41) (74,39) (24,37) (73,38) (25,37) (72,36) (26,36) (71,35) (28,34) (27,31) (70,34) (29,33) (69,31) (68,33) (30,33) (67,32) (31,31) (66,29) (65,29) (62,29) (61,29) (60,29) (32,29) (33,24) (34,20) (59,26) (37,20) (35,19) (58,24) (56,24) (55,24) (38,18) (39,18) (40,16) (41,16) (42,18) (43,18) (44,14) (45,16) (46,14) (47,13) (48,12) (49,13) (50,16) (51,15) (52,16) (53,21) (54,22) 
(99,107) (0,97) (98,104) (1,95) (97,99) (2,94) (96,98) (3,93) (95,96) (4,88) (94,93) (5,83) (93,88) (6,80) (92,85) (7,78) (91,78) (8,78) (90,76) (9,74) (89,73) (10,69) (88,69) (11,64) (87,66) (12,61) (86,61) (85,61) (13,60) (84,59) (14,55) (83,55) (16,54) (15,53) (82,53) (81,53) (17,50) (80,50) (79,50) (18,49) (78,49) (19,46) (77,43) (21,45) (20,44) (76,41) (22,43) (75,41) (23,41) (74,39) (24,37) (73,38) (25,37) (72,36) (26,36) (71,35) (28,34) (27,31) (70,34) (29,33) (69,31) (68,33) (30,33) (67,32) (31,31) (66,29) (65,29) (62,29) (61,29) (60,29) (32,29) (33,24) (34,20) (59,26) (37,20) (35,19) (58,24) (56,24) (55,24) (57,23) 
TD 36 :
(99,107) (0,97) (98,104) (1,95) (97,99) (2,94) (96,98) (3,93) (95,96) (4,88) (94,93) (5,83) (93,88) (6,80) (92,85) (7,78) (91,78) (8,78) (90,76) (9,74) (89,73) (10,69) (88,69) (11,64) (87,66) (12,61) (86,61) (85,61) (13,60) (84,59) (14,55) (83,55) (16,54) (15,53) (82,53) (81,53) (17,50) (80,50) (79,50) (18,49) (78,49) (19,46) (77,43) (21,45) (20,44) (76,41) (22,43) (75,41) (23,41) (74,39) (24,37) (73,38) (25,37) (72,36) (26,36) (71,35) (28,34) (27,31) (70,34) (29,33) (69,31) (68,33) (30,33) (67,32) (31,31) (66,29) (65,29) (62,29) (61,29) (60,29) (32,29) (33,24) (34,20) (59,26) (37,20) (35,19) (58,24) (56,24) (55,24) (38,18) (54,22) (39,18) (40,16) (41,16) (42,18) (43,18) (44,14) (45,16) (46,14) (47,13) (48,12) (49,13) (50,16) (51,15) (52,16) (53,21) 
TD 37 :
(99,107) (0,97) (98,104) (1,95) (97,99) (2,94) (96,98) (3,93) (95,96) (4,88) (94,93) (5,83) (93,88) (6,80) (92,85) (7,78) (91,78) (8,78) (90,76) (9,74) (89,73) (10,69) (88,69) (11,64) (87,66) (12,61) (86,61) (85,61) (13,60) (84,59) (14,55) (83,55) (16,54) (15,53) (82,53) (81,53) (17,50) (80,50) (79,50) (18,49) (78,49) (19,46) (77,43) (21,45) (20,44) (76,41) (22,43) (75,41) (23,41) (74,39) (24,37) (73,38) (25,37) (72,36) (26,36) (71,35) (28,34) (27,31) (70,34) (29,33) (69,31) (68,33) (30,33) (67,32) (31,31) (66,29) (65,29) (62,29) (61,29) (60,29) (32,29) (33,24) (34,20) (59,26) (37,20) (35,19) (58,24) (56,24) (55,24) (38,18) (54,22) (39,18) (53,21) (42,18) (40,16) (41,16) 
(99,107) (0,97) (98,104) (1,95) (97,99) (2,94) (96,98) (3,93) (95,96) (4,88) (94,93) (5,83) (93,88) (6,80) (92,85) (7,78) (91,78) (8,78) (90,76) (9,74) (89,73) (10,69) (88,69) (11,64) (87,66) (12,61) (86,61) (85,61) (13,60) (84,59) (14,55) (83,55) (16,54) (15,53) (82,53) (81,53) (17,50) (80,50) (79,50) (18,49) (78,49) (19,46) (77,43) (21,45) (20,44) (76,41) (22,43) (75,41) (23,41) (74,39) (24,37) (73,38) (25,37) (72,36) (26,36) (71,35) (28,34) (27,31) (70,34) (29,33) (69,31) (68,33) (30,33) (67,32) (31,31) (66,29) (65,29) (62,29) (61,29) (60,29) (32,29) (33,24) (34,20) (59,26) (37,20) (35,19) (58,24) (56,24) (55,24) (38,18) (54,22) (39,18) (53,21) (42,18) (40,16) (43,18) (44,14) (45,16) (46,14) (47,13) (48,12) (49,13) (50,16) (51,15) (52,16) 
TD 38 :
(99,107) (0,97) (98,104) (1,95) (97,99) (2,94) (96,98) (3,93) (95,96) (4,88) (94,93) (5,83) (93,88) (6,80) (92,85) (7,78) (91,78) (8,78) (90,76) (9,74) (89,73) (10,69) (88,69) (11,64) (87,66) (12,61) (86,61) (85,61) (13,60) (84,59) (14,55) (83,55) (16,54) (15,53) (82,53) (81,53) (17,50) (80,50) (79,50) (18,49) (78,49) (19,46) (77,43) (21,45) (20,44) (76,41) (22,43) (75,41) (23,41) (74,39) (24,37) (73,38) (25,37) (72,36) (26,36) (71,35) (28,34) (27,31) (70,34) (29,33) (69,31) (68,33) (30,33) (67,32) (31,31) (66,29) (65,29) (62,29) (61,29) (60,29) (32,29) (33,24) (34,20) (59,26) (37,20) (35,19) (58,24) (56,24) (55,24) (38,18) (54,22) (39,18) (53,21) (42,18) (40,16) (41,16) 
(99,107) (0,97) (98,104) (1,95) (97,99) (2,94) (96,98) (3,93) (95,96) (4,88) (94,93) (5,83) (93,88) (6,80) (92,85) (7,78) (91,78) (8,78) (90,76) (9,74) (89,73) (10,69) (88,69) (11,64) (87,66) (12,61) (86,61) (85,61) (13,60) (84,59) (14,55) (83,55) (16,54) (15,53) (82,53) (81,53) (17,50) (80,50) (79,50) (18,49) (78,49) (19,46) (77,43) (21,45) (20,44) (76,41) (22,43) (75,41) (23,41) (74,39) (24,37) (73,38) (25,37) (72,36) (26,36) (71,35) (28,34) (27,31) (70,34) (29,33) (69,31) (68,33) (30,33) (67,32) (31,31) (66,29) (65,29) (62,29) (61,29) (60,29) (32,29) (33,24) (34,20) (59,26) (37,20) (35,19) (58,24) (56,24) (55,24) (38,18) (54,22) (39,18) (53,21) (42,18) (40,16) (52,16) (43,18) 
(99,107) (0,97) (98,104) (1,95) (97,99) (2,94) (96,98) (3,93) (95,96) (4,88) (94,93) (5,83) (93,88) (6,80) (92,85) (7,78) (91,78) (8,78) (90,76) (9,74) (89,73) (10,69) (88,69) (11,64) (87,66) (12,61) (86,61) (85,61) (13,60) (84,59) (14,55) (83,55) (16,54) (15,53) (82,53) (81,53) (17,50) (80,50) (79,50) (18,49) (78,49) (19,46) (77,43) (21,45) (20,44) (76,41) (22,43) (75,41) (23,41) (74,39) (24,37) (73,38) (25,37) (72,36) (26,36) (71,35) (28,34) (27,31) (70,34) (29,33) (69,31) (68,33) (30,33) (67,32) (31,31) (66,29) (65,29) (62,29) (61,29) (60,29) (32,29) (33,24) (34,20) (59,26) (37,20) (35,19) (58,24) (56,24) (55,24) (38,18) (54,22) (39,18) (53,21) (42,18) (40,16) (52,16) (43,18) (44,14) (45,16) (46,14) (47,13) (48,12) (49,13) (50,16) (51,15) 
TD 39 :
(99,107) (0,97) (98,104) (1,95) (97,99) (2,94) (96,98) (3,93) (95,96) (4,88) (94,93) (5,83) (93,88) (6,80) (92,85) (7,78) (91,78) (8,78) (90,76) (9,74) (89,73) (10,69) (88,69) (11,64) (87,66) (12,61) (86,61) (85,61) (13,60) (84,59) (14,55) (83,55) (16,54) (15,53) (82,53) (81,53) (17,50) (80,50) (79,50) (18,49) (78,49) (19,46) (77,43) (21,45) (20,44) (76,41) (22,43) (75,41) (23,41) (74,39) (24,37) (73,38) (25,37) (72,36) (26,36) (71,35) (28,34) (27,31) (70,34) (29,33) (69,31) (68,33) (30,33) (67,32) (31,31) (66,29) (65,29) (62,29) (61,29) (60,29) (32,29) (33,24) (34,20) (59,26) (37,20) (35,19) (58,24) (56,24) (55,24) (38,18) (54,22) (39,18) (53,21) (42,18) (40,16) (52,16) (43,18) (51,15) (50,16) (45,16) (44,14) 
(99,107) (0,97) (98,104) (1,95) (97,99) (2,94) (96,98) (3,93) (95,96) (4,88) (94,93) (5,83) (93,88) (6,80) (92,85) (7,78) (91,78) (8,78) (90,76) (9,74) (89,73) (10,69) (88,69) (11,64) (87,66) (12,61) (86,61) (85,61) (13,60) (84,59) (14,55) (83,55) (16,54) (15,53) (82,53) (81,53) (17,50) (80,50) (79,50) (18,49) (78,49) (19,46) (77,43) (21,45) (20,44) (76,41) (22,43) (75,41) (23,41) (74,39) (24,37) (73,38) (25,37) (72,36) (26,36) (71,35) (28,34) (27,31) (70,34) (29,33) (69,31) (68,33) (30,33) (67,32) (31,31) (66,29) (65,29) (62,29) (61,29) (60,29) (32,29) (33,24) (34,20) (59,26) (37,20) (35,19) (58,24) (56,24) (55,24) (38,18) (54,22) (39,18) (53,21) (42,18) (40,16) (52,16) (43,18) (51,15) (50,16) (45,16) (44,14) (46,14) (47,13) (48,12) (49,13) 
(99,107) (0,97) (98,104) (1,95) (97,99) (2,94) (96,98) (3,93) (95,96) (4,88) (94,93) (5,83) (93,88) (6,80) (92,85) (7,78) (91,78) (8,78) (90,76) (9,74) (89,73) (10,69) (88,69) (11,64) (87,66) (12,61) (86,61) (85,61) (13,60) (84,59) (14,55) (83,55) (16,54) (15,53) (82,53) (81,53) (17,50) (80,50) (79,50) (18,49) (78,49) (19,46) (77,43) (21,45) (20,44) (76,41) (22,43) (75,41) (23,41) (74,39) (24,37) (73,38) (25,37) (72,36) (26,36) (71,35) (28,34) (27,31) (70,34) (29,33) (69,31) (68,33) (30,33) (67,32) (31,31) (66,29) (65,29) (62,29) (61,29) (60,29) (32,29) (33,24) (34,20) (59,26) (37,20) (35,19) (58,24) (56,24) (55,24) (38,18) (54,22) (39,18) (53,21) (42,18) (40,16) (52,16) (43,18) (51,15) (50,16) (45,16) (44,14) 
TD 40 :
(99,107) (0,97) (98,104) (1,95) (97,99) (2,94) (96,98) (3,93) (95,96) (4,88) (94,93) (5,83) (93,88) (6,80) (92,85) (7,78) (91,78) (8,78) (90,76) (9,74) (89,73) (10,69) (88,69) (11,64) (87,66) (12,61) (86,61) (85,61) (13,60) (84,59) (14,55) (83,55) (16,54) (15,53) (82,53) (81,53) (17,50) (80,50) (79,50) (18,49) (78,49) (19,46) (77,43) (21,45) (20,44) (76,41) (22,43) (75,41) (23,41) (74,39) (24,37) (73,38) (25,37) (72,36) (26,36) (71,35) (28,34) (27,31) (70,34) (29,33) (69,31) (68,33) (30,33) (67,32) (31,31) (66,29) (65,29) (62,29) (61,29) (60,29) (32,29) (33,24) (34,20) (59,26) (37,20) (35,19) (58,24) (56,24) (55,24) (38,18) (54,22) (39,18) (53,21) (42,18) (40,16) (52,16) (43,18) (51,15) (50,16) (45,16) (44,14) (49,13) (46,14) (47,13) (48,12) 
Pocket 0 :
()
Pocket 1 :
({  (0,97) ,(1,95) } {  (98,104) ,(99,107) } )
Pocket 2 :
({  (1,95) ,(0,97) } {  (99,107) ,(98,104) } )
Pocket 3 :
({  (2,94) ,(1,95) } {  (99,107) ,(97,99) } )
Pocket 4 :
({  (3,93) ,(2,94) } {  (99,107) ,(96,98) } )
Pocket 5 :
({  (4,88) ,(3,93) } {  (99,107) ,(95,96) } )
Pocket 6 :
({  (5,83) ,(4,88) } {  (99,107) ,(94,93) } )
Pocket 7 :
({  (6,80) ,(5,83) } {  (99,107) ,(93,88) } )
Pocket 8 :
({  (7,78) ,(6,80) } {  (99,107) ,(92,85) } )
Pocket 9 :
({  (8,78) ,(7,78) } {  (99,107) ,(91,78) } )
Pocket 10 :
({  (9,74) ,(8,78) } {  (99,107) ,(90,76) } )
Pocket 11 :
({  (10,69) ,(9,74) } {  (99,107) ,(89,73) } )
Pocket 12 :
({  (11,64) ,(10,69) } {  (99,107) ,(88,69) } )
Pocket 13 :
({  (12,61) ,(11,64) } {  (99,107) ,(87,66) } )
Pocket 14 :
({  (13,60) ,(12,61) } {  (86,61) ,(85,61) } {  (13,60) ,(12,61) } {  (86,61) ,(85,61) } )
Pocket 15 :
({  (14,55) ,(13,60) } {  (99,107) ,(84,59) } )
Pocket 16 :
({  (15,53) ,(14,55) } {  (17,50) ,(16,54) } {  (15,53) ,(14,55) } {  (17,50) ,(16,54) } )
Pocket 17 :
({  (17,50) ,(15,53) } {  (82,53) ,(81,53) } {  (17,50) ,(15,53) } {  (82,53) ,(81,53) } )
Pocket 18 :
({  (18,49) ,(17,50) } {  (80,50) ,(79,50) } {  (18,49) ,(17,50) } {  (80,50) ,(79,50) } )
Pocket 19 :
({  (19,46) ,(18,49) } {  (99,107) ,(78,49) } )
Pocket 20 :
({  (20,44) ,(19,46) } {  (22,43) ,(21,45) } {  (20,44) ,(19,46) } {  (22,43) ,(21,45) } )
Pocket 21 :
({  (22,43) ,(20,44) } {  (99,107) ,(76,41) } )
Pocket 22 :
({  (23,41) ,(22,43) } {  (99,107) ,(75,41) } )
Pocket 23 :
({  (24,37) ,(23,41) } {  (99,107) ,(74,39) } )
Pocket 24 :
({  (25,37) ,(24,37) } {  (99,107) ,(73,38) } )
Pocket 25 :
({  (26,36) ,(25,37) } {  (99,107) ,(72,36) } )
Pocket 26 :
({  (27,31) ,(26,36) } {  (29,33) ,(28,34) } {  (27,31) ,(26,36) } {  (29,33) ,(28,34) } )
Pocket 27 :
({  (29,33) ,(27,31) } {  (99,107) ,(70,34) } )
Pocket 28 :
({  (30,33) ,(29,33) } {  (69,31) ,(68,33) } {  (30,33) ,(29,33) } {  (69,31) ,(68,33) } )
Pocket 29 :
({  (31,31) ,(30,33) } {  (99,107) ,(67,32) } )
Pocket 30 :
({  (32,29) ,(31,31) } {  (61,29) ,(60,29) } {  (32,29) ,(31,31) } {  (61,29) ,(60,29) } {  (32,29) ,(31,31) } {  (61,29) ,(60,29) } {  (32,29) ,(31,31) } {  (61,29) ,(60,29) } {  (32,29) ,(31,31) } {  (61,29) ,(60,29) } )
Pocket 31 :
({  (33,24) ,(32,29) } {  (99,107) ,(64,28) } )
Pocket 32 :
({  (34,20) ,(33,24) } {  (99,107) ,(63,27) } )
Pocket 33 :
({  (35,19) ,(34,20) } {  (38,18) ,(37,20) } {  (35,19) ,(34,20) } {  (38,18) ,(37,20) } )
Pocket 34 :
({  (36,18) ,(35,19) } {  (56,24) ,(55,24) } {  (56,24) ,(55,24) } {  (56,24) ,(55,24) } )
Pocket 35 :
({  (38,18) ,(55,24) } {  (99,107) ,(57,23) } )
Pocket 36 :
({  (39,18) ,(38,18) } {  (99,107) ,(54,22) } )
Pocket 37 :
({  (40,16) ,(39,18) } {  (43,18) ,(42,18) } {  (40,16) ,(39,18) } {  (43,18) ,(42,18) } )
Pocket 38 :
({  (41,16) ,(40,16) } {  (44,14) ,(43,18) } {  (44,14) ,(43,18) } )
Pocket 39 :
({  (44,14) ,(43,18) } {  (46,14) ,(45,16) } {  (44,14) ,(43,18) } {  (46,14) ,(45,16) } {  (44,14) ,(43,18) } {  (46,14) ,(45,16) } )
