4 layers in onion peeling: 
Layer 1
(9,8) (0,10) 
Layer 2
(8,5) (1,7) 
Layer 3
(7,3) (2,4) 
Layer 4
(6,1) (3,2) 
---------------------------------------------------------------------------------------
TD 0 :
(9,8) (8,5) (7,3) (6,1) (5,1) (4,1) (3,2) (2,4) (1,7) (0,10) 
TD 1 :
(9,8) (0,10) (1,7) (2,4) (3,2) (4,1) (5,1) (6,1) (7,3) (8,5) 
TD 2 :
(9,8) (0,10) (8,5) (1,7) (2,4) (3,2) (4,1) (5,1) (6,1) (7,3) 
TD 3 :
(9,8) (0,10) (8,5) (1,7) (7,3) (2,4) (3,2) (4,1) (5,1) (6,1) 
TD 4 :
(9,8) (0,10) (8,5) (1,7) (7,3) (2,4) (6,1) (3,2) (4,1) (5,1) 
Pocket 0 :
()
Pocket 1 :
({  (0,10) ,(1,7) } {  (8,5) ,(9,8) } )
Pocket 2 :
({  (1,7) ,(0,10) } {  (9,8) ,(8,5) } )
Pocket 3 :
({  (2,4) ,(1,7) } {  (9,8) ,(7,3) } )
