40 layers in onion peeling: 
Layer 1
(99,103) (0,101) 
Layer 2
(98,98) (1,96) 
Layer 3
(97,93) (2,93) 
Layer 4
(96,89) (3,90) 
Layer 5
(95,86) (4,86) 
Layer 6
(94,82) (5,82) 
Layer 7
(93,78) (6,81) 
Layer 8
(92,74) (7,80) 
Layer 9
(91,71) (8,74) 
Layer 10
(90,65) (9,70) 
Layer 11
(89,61) (10,67) 
Layer 12
(88,61) (11,66) 
Layer 13
(87,59) (12,62) 
Layer 14
(86,57) (13,58) 
Layer 15
(85,57) (14,55) 
Layer 16
(84,54) (15,53) 
Layer 17
(83,53) (16,53) 
Layer 18
(82,50) (17,51) 
Layer 19
(81,49) (18,45) 
Layer 20
(80,44) (19,42) 
Layer 21
(79,43) (20,41) 
Layer 22
(78,41) (21,37) 
Layer 23
(77,40) (22,35) 
Layer 24
(76,35) (75,35) (26,33) (23,32) 
Layer 25
(74,33) (29,33) (28,33) (24,32) 
Layer 26
(73,31) (25,32) 
Layer 27
(72,28) (27,31) 
Layer 28
(71,26) (31,29) (30,28) 
Layer 29
(70,22) (69,23) (32,26) 
Layer 30
(68,20) (34,25) (33,25) 
Layer 31
(67,20) (37,23) (35,23) 
Layer 32
(66,18) (36,22) 
Layer 33
(65,17) (45,20) (39,20) (38,19) 
Layer 34
(64,17) (40,18) 
Layer 35
(63,17) (62,17) (61,17) (44,17) (42,17) (41,15) 
Layer 36
(60,16) (46,16) (43,16) 
Layer 37
(59,15) (57,15) (47,12) 
Layer 38
(58,14) (48,12) 
Layer 39
(56,11) (51,11) (50,11) (49,10) 
Layer 40
(55,9) (53,10) (52,10) 
---------------------------------------------------------------------------------------
TD 0 :
(99,103) (98,98) (97,93) (96,89) (95,86) (94,82) (93,78) (92,74) (91,71) (90,65) (89,61) (88,61) (87,59) (86,57) (85,57) (84,54) (83,53) (82,50) (81,49) (80,44) (79,43) (78,41) (77,40) (76,35) (75,35) (74,33) (73,31) (72,28) (71,26) (70,22) (69,23) (68,20) (67,20) (66,18) (65,17) (64,17) (63,17) (62,17) (61,17) (60,16) (59,15) (58,14) (57,15) (56,11) (55,9) (54,7) (53,10) (52,10) (51,11) (50,11) (49,10) (48,12) (47,12) (46,16) (45,20) (44,17) (43,16) (42,17) (41,15) (40,18) (39,20) (38,19) (37,23) (36,22) (35,23) (34,25) (33,25) (32,26) (31,29) (30,28) (29,33) (28,33) (27,31) (26,33) (25,32) (24,32) (23,32) (22,35) (21,37) (20,41) (19,42) (18,45) (17,51) (16,53) (15,53) (14,55) (13,58) (12,62) (11,66) (10,67) (9,70) (8,74) (7,80) (6,81) (5,82) (4,86) (3,90) (2,93) (1,96) (0,101) 
TD 1 :
(99,103) (0,101) (1,96) (2,93) (3,90) (4,86) (5,82) (6,81) (7,80) (8,74) (9,70) (10,67) (11,66) (12,62) (13,58) (14,55) (15,53) (16,53) (17,51) (18,45) (19,42) (20,41) (21,37) (22,35) (23,32) (24,32) (25,32) (26,33) (27,31) (28,33) (29,33) (30,28) (31,29) (32,26) (33,25) (34,25) (35,23) (36,22) (37,23) (38,19) (39,20) (40,18) (41,15) (42,17) (43,16) (44,17) (45,20) (46,16) (47,12) (48,12) (49,10) (50,11) (51,11) (52,10) (53,10) (54,7) (55,9) (56,11) (57,15) (58,14) (59,15) (60,16) (61,17) (62,17) (63,17) (64,17) (65,17) (66,18) (67,20) (68,20) (69,23) (70,22) (71,26) (72,28) (73,31) (74,33) (75,35) (76,35) (77,40) (78,41) (79,43) (80,44) (81,49) (82,50) (83,53) (84,54) (85,57) (86,57) (87,59) (88,61) (89,61) (90,65) (91,71) (92,74) (93,78) (94,82) (95,86) (96,89) (97,93) (98,98) 
TD 2 :
(99,103) (0,101) (98,98) (1,96) (2,93) (3,90) (4,86) (5,82) (6,81) (7,80) (8,74) (9,70) (10,67) (11,66) (12,62) (13,58) (14,55) (15,53) (16,53) (17,51) (18,45) (19,42) (20,41) (21,37) (22,35) (23,32) (24,32) (25,32) (26,33) (27,31) (28,33) (29,33) (30,28) (31,29) (32,26) (33,25) (34,25) (35,23) (36,22) (37,23) (38,19) (39,20) (40,18) (41,15) (42,17) (43,16) (44,17) (45,20) (46,16) (47,12) (48,12) (49,10) (50,11) (51,11) (52,10) (53,10) (54,7) (55,9) (56,11) (57,15) (58,14) (59,15) (60,16) (61,17) (62,17) (63,17) (64,17) (65,17) (66,18) (67,20) (68,20) (69,23) (70,22) (71,26) (72,28) (73,31) (74,33) (75,35) (76,35) (77,40) (78,41) (79,43) (80,44) (81,49) (82,50) (83,53) (84,54) (85,57) (86,57) (87,59) (88,61) (89,61) (90,65) (91,71) (92,74) (93,78) (94,82) (95,86) (96,89) (97,93) 
TD 3 :
(99,103) (0,101) (98,98) (1,96) (97,93) (2,93) (3,90) (4,86) (5,82) (6,81) (7,80) (8,74) (9,70) (10,67) (11,66) (12,62) (13,58) (14,55) (15,53) (16,53) (17,51) (18,45) (19,42) (20,41) (21,37) (22,35) (23,32) (24,32) (25,32) (26,33) (27,31) (28,33) (29,33) (30,28) (31,29) (32,26) (33,25) (34,25) (35,23) (36,22) (37,23) (38,19) (39,20) (40,18) (41,15) (42,17) (43,16) (44,17) (45,20) (46,16) (47,12) (48,12) (49,10) (50,11) (51,11) (52,10) (53,10) (54,7) (55,9) (56,11) (57,15) (58,14) (59,15) (60,16) (61,17) (62,17) (63,17) (64,17) (65,17) (66,18) (67,20) (68,20) (69,23) (70,22) (71,26) (72,28) (73,31) (74,33) (75,35) (76,35) (77,40) (78,41) (79,43) (80,44) (81,49) (82,50) (83,53) (84,54) (85,57) (86,57) (87,59) (88,61) (89,61) (90,65) (91,71) (92,74) (93,78) (94,82) (95,86) (96,89) 
TD 4 :
(99,103) (0,101) (98,98) (1,96) (97,93) (2,93) (96,89) (3,90) (4,86) (5,82) (6,81) (7,80) (8,74) (9,70) (10,67) (11,66) (12,62) (13,58) (14,55) (15,53) (16,53) (17,51) (18,45) (19,42) (20,41) (21,37) (22,35) (23,32) (24,32) (25,32) (26,33) (27,31) (28,33) (29,33) (30,28) (31,29) (32,26) (33,25) (34,25) (35,23) (36,22) (37,23) (38,19) (39,20) (40,18) (41,15) (42,17) (43,16) (44,17) (45,20) (46,16) (47,12) (48,12) (49,10) (50,11) (51,11) (52,10) (53,10) (54,7) (55,9) (56,11) (57,15) (58,14) (59,15) (60,16) (61,17) (62,17) (63,17) (64,17) (65,17) (66,18) (67,20) (68,20) (69,23) (70,22) (71,26) (72,28) (73,31) (74,33) (75,35) (76,35) (77,40) (78,41) (79,43) (80,44) (81,49) (82,50) (83,53) (84,54) (85,57) (86,57) (87,59) (88,61) (89,61) (90,65) (91,71) (92,74) (93,78) (94,82) (95,86) 
TD 5 :
(99,103) (0,101) (98,98) (1,96) (97,93) (2,93) (96,89) (3,90) (95,86) (4,86) (5,82) (6,81) (7,80) (8,74) (9,70) (10,67) (11,66) (12,62) (13,58) (14,55) (15,53) (16,53) (17,51) (18,45) (19,42) (20,41) (21,37) (22,35) (23,32) (24,32) (25,32) (26,33) (27,31) (28,33) (29,33) (30,28) (31,29) (32,26) (33,25) (34,25) (35,23) (36,22) (37,23) (38,19) (39,20) (40,18) (41,15) (42,17) (43,16) (44,17) (45,20) (46,16) (47,12) (48,12) (49,10) (50,11) (51,11) (52,10) (53,10) (54,7) (55,9) (56,11) (57,15) (58,14) (59,15) (60,16) (61,17) (62,17) (63,17) (64,17) (65,17) (66,18) (67,20) (68,20) (69,23) (70,22) (71,26) (72,28) (73,31) (74,33) (75,35) (76,35) (77,40) (78,41) (79,43) (80,44) (81,49) (82,50) (83,53) (84,54) (85,57) (86,57) (87,59) (88,61) (89,61) (90,65) (91,71) (92,74) (93,78) (94,82) 
TD 6 :
(99,103) (0,101) (98,98) (1,96) (97,93) (2,93) (96,89) (3,90) (95,86) (4,86) (94,82) (5,82) (6,81) (7,80) (8,74) (9,70) (10,67) (11,66) (12,62) (13,58) (14,55) (15,53) (16,53) (17,51) (18,45) (19,42) (20,41) (21,37) (22,35) (23,32) (24,32) (25,32) (26,33) (27,31) (28,33) (29,33) (30,28) (31,29) (32,26) (33,25) (34,25) (35,23) (36,22) (37,23) (38,19) (39,20) (40,18) (41,15) (42,17) (43,16) (44,17) (45,20) (46,16) (47,12) (48,12) (49,10) (50,11) (51,11) (52,10) (53,10) (54,7) (55,9) (56,11) (57,15) (58,14) (59,15) (60,16) (61,17) (62,17) (63,17) (64,17) (65,17) (66,18) (67,20) (68,20) (69,23) (70,22) (71,26) (72,28) (73,31) (74,33) (75,35) (76,35) (77,40) (78,41) (79,43) (80,44) (81,49) (82,50) (83,53) (84,54) (85,57) (86,57) (87,59) (88,61) (89,61) (90,65) (91,71) (92,74) (93,78) 
TD 7 :
(99,103) (0,101) (98,98) (1,96) (97,93) (2,93) (96,89) (3,90) (95,86) (4,86) (94,82) (5,82) (93,78) (6,81) (7,80) (8,74) (9,70) (10,67) (11,66) (12,62) (13,58) (14,55) (15,53) (16,53) (17,51) (18,45) (19,42) (20,41) (21,37) (22,35) (23,32) (24,32) (25,32) (26,33) (27,31) (28,33) (29,33) (30,28) (31,29) (32,26) (33,25) (34,25) (35,23) (36,22) (37,23) (38,19) (39,20) (40,18) (41,15) (42,17) (43,16) (44,17) (45,20) (46,16) (47,12) (48,12) (49,10) (50,11) (51,11) (52,10) (53,10) (54,7) (55,9) (56,11) (57,15) (58,14) (59,15) (60,16) (61,17) (62,17) (63,17) (64,17) (65,17) (66,18) (67,20) (68,20) (69,23) (70,22) (71,26) (72,28) (73,31) (74,33) (75,35) (76,35) (77,40) (78,41) (79,43) (80,44) (81,49) (82,50) (83,53) (84,54) (85,57) (86,57) (87,59) (88,61) (89,61) (90,65) (91,71) (92,74) 
TD 8 :
(99,103) (0,101) (98,98) (1,96) (97,93) (2,93) (96,89) (3,90) (95,86) (4,86) (94,82) (5,82) (93,78) (6,81) (92,74) (7,80) (8,74) (9,70) (10,67) (11,66) (12,62) (13,58) (14,55) (15,53) (16,53) (17,51) (18,45) (19,42) (20,41) (21,37) (22,35) (23,32) (24,32) (25,32) (26,33) (27,31) (28,33) (29,33) (30,28) (31,29) (32,26) (33,25) (34,25) (35,23) (36,22) (37,23) (38,19) (39,20) (40,18) (41,15) (42,17) (43,16) (44,17) (45,20) (46,16) (47,12) (48,12) (49,10) (50,11) (51,11) (52,10) (53,10) (54,7) (55,9) (56,11) (57,15) (58,14) (59,15) (60,16) (61,17) (62,17) (63,17) (64,17) (65,17) (66,18) (67,20) (68,20) (69,23) (70,22) (71,26) (72,28) (73,31) (74,33) (75,35) (76,35) (77,40) (78,41) (79,43) (80,44) (81,49) (82,50) (83,53) (84,54) (85,57) (86,57) (87,59) (88,61) (89,61) (90,65) (91,71) 
TD 9 :
(99,103) (0,101) (98,98) (1,96) (97,93) (2,93) (96,89) (3,90) (95,86) (4,86) (94,82) (5,82) (93,78) (6,81) (92,74) (7,80) (91,71) (8,74) (9,70) (10,67) (11,66) (12,62) (13,58) (14,55) (15,53) (16,53) (17,51) (18,45) (19,42) (20,41) (21,37) (22,35) (23,32) (24,32) (25,32) (26,33) (27,31) (28,33) (29,33) (30,28) (31,29) (32,26) (33,25) (34,25) (35,23) (36,22) (37,23) (38,19) (39,20) (40,18) (41,15) (42,17) (43,16) (44,17) (45,20) (46,16) (47,12) (48,12) (49,10) (50,11) (51,11) (52,10) (53,10) (54,7) (55,9) (56,11) (57,15) (58,14) (59,15) (60,16) (61,17) (62,17) (63,17) (64,17) (65,17) (66,18) (67,20) (68,20) (69,23) (70,22) (71,26) (72,28) (73,31) (74,33) (75,35) (76,35) (77,40) (78,41) (79,43) (80,44) (81,49) (82,50) (83,53) (84,54) (85,57) (86,57) (87,59) (88,61) (89,61) (90,65) 
TD 10 :
(99,103) (0,101) (98,98) (1,96) (97,93) (2,93) (96,89) (3,90) (95,86) (4,86) (94,82) (5,82) (93,78) (6,81) (92,74) (7,80) (91,71) (8,74) (90,65) (9,70) (10,67) (11,66) (12,62) (13,58) (14,55) (15,53) (16,53) (17,51) (18,45) (19,42) (20,41) (21,37) (22,35) (23,32) (24,32) (25,32) (26,33) (27,31) (28,33) (29,33) (30,28) (31,29) (32,26) (33,25) (34,25) (35,23) (36,22) (37,23) (38,19) (39,20) (40,18) (41,15) (42,17) (43,16) (44,17) (45,20) (46,16) (47,12) (48,12) (49,10) (50,11) (51,11) (52,10) (53,10) (54,7) (55,9) (56,11) (57,15) (58,14) (59,15) (60,16) (61,17) (62,17) (63,17) (64,17) (65,17) (66,18) (67,20) (68,20) (69,23) (70,22) (71,26) (72,28) (73,31) (74,33) (75,35) (76,35) (77,40) (78,41) (79,43) (80,44) (81,49) (82,50) (83,53) (84,54) (85,57) (86,57) (87,59) (88,61) (89,61) 
TD 11 :
(99,103) (0,101) (98,98) (1,96) (97,93) (2,93) (96,89) (3,90) (95,86) (4,86) (94,82) (5,82) (93,78) (6,81) (92,74) (7,80) (91,71) (8,74) (90,65) (9,70) (89,61) (10,67) (11,66) (12,62) (13,58) (14,55) (15,53) (16,53) (17,51) (18,45) (19,42) (20,41) (21,37) (22,35) (23,32) (24,32) (25,32) (26,33) (27,31) (28,33) (29,33) (30,28) (31,29) (32,26) (33,25) (34,25) (35,23) (36,22) (37,23) (38,19) (39,20) (40,18) (41,15) (42,17) (43,16) (44,17) (45,20) (46,16) (47,12) (48,12) (49,10) (50,11) (51,11) (52,10) (53,10) (54,7) (55,9) (56,11) (57,15) (58,14) (59,15) (60,16) (61,17) (62,17) (63,17) (64,17) (65,17) (66,18) (67,20) (68,20) (69,23) (70,22) (71,26) (72,28) (73,31) (74,33) (75,35) (76,35) (77,40) (78,41) (79,43) (80,44) (81,49) (82,50) (83,53) (84,54) (85,57) (86,57) (87,59) (88,61) 
TD 12 :
(99,103) (0,101) (98,98) (1,96) (97,93) (2,93) (96,89) (3,90) (95,86) (4,86) (94,82) (5,82) (93,78) (6,81) (92,74) (7,80) (91,71) (8,74) (90,65) (9,70) (89,61) (10,67) (88,61) (11,66) (12,62) (13,58) (14,55) (15,53) (16,53) (17,51) (18,45) (19,42) (20,41) (21,37) (22,35) (23,32) (24,32) (25,32) (26,33) (27,31) (28,33) (29,33) (30,28) (31,29) (32,26) (33,25) (34,25) (35,23) (36,22) (37,23) (38,19) (39,20) (40,18) (41,15) (42,17) (43,16) (44,17) (45,20) (46,16) (47,12) (48,12) (49,10) (50,11) (51,11) (52,10) (53,10) (54,7) (55,9) (56,11) (57,15) (58,14) (59,15) (60,16) (61,17) (62,17) (63,17) (64,17) (65,17) (66,18) (67,20) (68,20) (69,23) (70,22) (71,26) (72,28) (73,31) (74,33) (75,35) (76,35) (77,40) (78,41) (79,43) (80,44) (81,49) (82,50) (83,53) (84,54) (85,57) (86,57) (87,59) 
TD 13 :
(99,103) (0,101) (98,98) (1,96) (97,93) (2,93) (96,89) (3,90) (95,86) (4,86) (94,82) (5,82) (93,78) (6,81) (92,74) (7,80) (91,71) (8,74) (90,65) (9,70) (89,61) (10,67) (88,61) (11,66) (87,59) (12,62) (13,58) (14,55) (15,53) (16,53) (17,51) (18,45) (19,42) (20,41) (21,37) (22,35) (23,32) (24,32) (25,32) (26,33) (27,31) (28,33) (29,33) (30,28) (31,29) (32,26) (33,25) (34,25) (35,23) (36,22) (37,23) (38,19) (39,20) (40,18) (41,15) (42,17) (43,16) (44,17) (45,20) (46,16) (47,12) (48,12) (49,10) (50,11) (51,11) (52,10) (53,10) (54,7) (55,9) (56,11) (57,15) (58,14) (59,15) (60,16) (61,17) (62,17) (63,17) (64,17) (65,17) (66,18) (67,20) (68,20) (69,23) (70,22) (71,26) (72,28) (73,31) (74,33) (75,35) (76,35) (77,40) (78,41) (79,43) (80,44) (81,49) (82,50) (83,53) (84,54) (85,57) (86,57) 
TD 14 :
(99,103) (0,101) (98,98) (1,96) (97,93) (2,93) (96,89) (3,90) (95,86) (4,86) (94,82) (5,82) (93,78) (6,81) (92,74) (7,80) (91,71) (8,74) (90,65) (9,70) (89,61) (10,67) (88,61) (11,66) (87,59) (12,62) (86,57) (13,58) (14,55) (15,53) (16,53) (17,51) (18,45) (19,42) (20,41) (21,37) (22,35) (23,32) (24,32) (25,32) (26,33) (27,31) (28,33) (29,33) (30,28) (31,29) (32,26) (33,25) (34,25) (35,23) (36,22) (37,23) (38,19) (39,20) (40,18) (41,15) (42,17) (43,16) (44,17) (45,20) (46,16) (47,12) (48,12) (49,10) (50,11) (51,11) (52,10) (53,10) (54,7) (55,9) (56,11) (57,15) (58,14) (59,15) (60,16) (61,17) (62,17) (63,17) (64,17) (65,17) (66,18) (67,20) (68,20) (69,23) (70,22) (71,26) (72,28) (73,31) (74,33) (75,35) (76,35) (77,40) (78,41) (79,43) (80,44) (81,49) (82,50) (83,53) (84,54) (85,57) 
TD 15 :
(99,103) (0,101) (98,98) (1,96) (97,93) (2,93) (96,89) (3,90) (95,86) (4,86) (94,82) (5,82) (93,78) (6,81) (92,74) (7,80) (91,71) (8,74) (90,65) (9,70) (89,61) (10,67) (88,61) (11,66) (87,59) (12,62) (86,57) (13,58) (85,57) (14,55) (15,53) (16,53) (17,51) (18,45) (19,42) (20,41) (21,37) (22,35) (23,32) (24,32) (25,32) (26,33) (27,31) (28,33) (29,33) (30,28) (31,29) (32,26) (33,25) (34,25) (35,23) (36,22) (37,23) (38,19) (39,20) (40,18) (41,15) (42,17) (43,16) (44,17) (45,20) (46,16) (47,12) (48,12) (49,10) (50,11) (51,11) (52,10) (53,10) (54,7) (55,9) (56,11) (57,15) (58,14) (59,15) (60,16) (61,17) (62,17) (63,17) (64,17) (65,17) (66,18) (67,20) (68,20) (69,23) (70,22) (71,26) (72,28) (73,31) (74,33) (75,35) (76,35) (77,40) (78,41) (79,43) (80,44) (81,49) (82,50) (83,53) (84,54) 
TD 16 :
(99,103) (0,101) (98,98) (1,96) (97,93) (2,93) (96,89) (3,90) (95,86) (4,86) (94,82) (5,82) (93,78) (6,81) (92,74) (7,80) (91,71) (8,74) (90,65) (9,70) (89,61) (10,67) (88,61) (11,66) (87,59) (12,62) (86,57) (13,58) (85,57) (14,55) (84,54) (15,53) (16,53) (17,51) (18,45) (19,42) (20,41) (21,37) (22,35) (23,32) (24,32) (25,32) (26,33) (27,31) (28,33) (29,33) (30,28) (31,29) (32,26) (33,25) (34,25) (35,23) (36,22) (37,23) (38,19) (39,20) (40,18) (41,15) (42,17) (43,16) (44,17) (45,20) (46,16) (47,12) (48,12) (49,10) (50,11) (51,11) (52,10) (53,10) (54,7) (55,9) (56,11) (57,15) (58,14) (59,15) (60,16) (61,17) (62,17) (63,17) (64,17) (65,17) (66,18) (67,20) (68,20) (69,23) (70,22) (71,26) (72,28) (73,31) (74,33) (75,35) (76,35) (77,40) (78,41) (79,43) (80,44) (81,49) (82,50) (83,53) 
TD 17 :
(99,103) (0,101) (98,98) (1,96) (97,93) (2,93) (96,89) (3,90) (95,86) (4,86) (94,82) (5,82) (93,78) (6,81) (92,74) (7,80) (91,71) (8,74) (90,65) (9,70) (89,61) (10,67) (88,61) (11,66) (87,59) (12,62) (86,57) (13,58) (85,57) (14,55) (84,54) (15,53) (83,53) (16,53) (17,51) (18,45) (19,42) (20,41) (21,37) (22,35) (23,32) (24,32) (25,32) (26,33) (27,31) (28,33) (29,33) (30,28) (31,29) (32,26) (33,25) (34,25) (35,23) (36,22) (37,23) (38,19) (39,20) (40,18) (41,15) (42,17) (43,16) (44,17) (45,20) (46,16) (47,12) (48,12) (49,10) (50,11) (51,11) (52,10) (53,10) (54,7) (55,9) (56,11) (57,15) (58,14) (59,15) (60,16) (61,17) (62,17) (63,17) (64,17) (65,17) (66,18) (67,20) (68,20) (69,23) (70,22) (71,26) (72,28) (73,31) (74,33) (75,35) (76,35) (77,40) (78,41) (79,43) (80,44) (81,49) (82,50) 
TD 18 :
(99,103) (0,101) (98,98) (1,96) (97,93) (2,93) (96,89) (3,90) (95,86) (4,86) (94,82) (5,82) (93,78) (6,81) (92,74) (7,80) (91,71) (8,74) (90,65) (9,70) (89,61) (10,67) (88,61) (11,66) (87,59) (12,62) (86,57) (13,58) (85,57) (14,55) (84,54) (15,53) (83,53) (16,53) (82,50) (17,51) (18,45) (19,42) (20,41) (21,37) (22,35) (23,32) (24,32) (25,32) (26,33) (27,31) (28,33) (29,33) (30,28) (31,29) (32,26) (33,25) (34,25) (35,23) (36,22) (37,23) (38,19) (39,20) (40,18) (41,15) (42,17) (43,16) (44,17) (45,20) (46,16) (47,12) (48,12) (49,10) (50,11) (51,11) (52,10) (53,10) (54,7) (55,9) (56,11) (57,15) (58,14) (59,15) (60,16) (61,17) (62,17) (63,17) (64,17) (65,17) (66,18) (67,20) (68,20) (69,23) (70,22) (71,26) (72,28) (73,31) (74,33) (75,35) (76,35) (77,40) (78,41) (79,43) (80,44) (81,49) 
TD 19 :
(99,103) (0,101) (98,98) (1,96) (97,93) (2,93) (96,89) (3,90) (95,86) (4,86) (94,82) (5,82) (93,78) (6,81) (92,74) (7,80) (91,71) (8,74) (90,65) (9,70) (89,61) (10,67) (88,61) (11,66) (87,59) (12,62) (86,57) (13,58) (85,57) (14,55) (84,54) (15,53) (83,53) (16,53) (82,50) (17,51) (81,49) (18,45) (19,42) (20,41) (21,37) (22,35) (23,32) (24,32) (25,32) (26,33) (27,31) (28,33) (29,33) (30,28) (31,29) (32,26) (33,25) (34,25) (35,23) (36,22) (37,23) (38,19) (39,20) (40,18) (41,15) (42,17) (43,16) (44,17) (45,20) (46,16) (47,12) (48,12) (49,10) (50,11) (51,11) (52,10) (53,10) (54,7) (55,9) (56,11) (57,15) (58,14) (59,15) (60,16) (61,17) (62,17) (63,17) (64,17) (65,17) (66,18) (67,20) (68,20) (69,23) (70,22) (71,26) (72,28) (73,31) (74,33) (75,35) (76,35) (77,40) (78,41) (79,43) (80,44) 
TD 20 :
(99,103) (0,101) (98,98) (1,96) (97,93) (2,93) (96,89) (3,90) (95,86) (4,86) (94,82) (5,82) (93,78) (6,81) (92,74) (7,80) (91,71) (8,74) (90,65) (9,70) (89,61) (10,67) (88,61) (11,66) (87,59) (12,62) (86,57) (13,58) (85,57) (14,55) (84,54) (15,53) (83,53) (16,53) (82,50) (17,51) (81,49) (18,45) (80,44) (19,42) (20,41) (21,37) (22,35) (23,32) (24,32) (25,32) (26,33) (27,31) (28,33) (29,33) (30,28) (31,29) (32,26) (33,25) (34,25) (35,23) (36,22) (37,23) (38,19) (39,20) (40,18) (41,15) (42,17) (43,16) (44,17) (45,20) (46,16) (47,12) (48,12) (49,10) (50,11) (51,11) (52,10) (53,10) (54,7) (55,9) (56,11) (57,15) (58,14) (59,15) (60,16) (61,17) (62,17) (63,17) (64,17) (65,17) (66,18) (67,20) (68,20) (69,23) (70,22) (71,26) (72,28) (73,31) (74,33) (75,35) (76,35) (77,40) (78,41) (79,43) 
TD 21 :
(99,103) (0,101) (98,98) (1,96) (97,93) (2,93) (96,89) (3,90) (95,86) (4,86) (94,82) (5,82) (93,78) (6,81) (92,74) (7,80) (91,71) (8,74) (90,65) (9,70) (89,61) (10,67) (88,61) (11,66) (87,59) (12,62) (86,57) (13,58) (85,57) (14,55) (84,54) (15,53) (83,53) (16,53) (82,50) (17,51) (81,49) (18,45) (80,44) (19,42) (79,43) (20,41) (21,37) (22,35) (23,32) (24,32) (25,32) (26,33) (27,31) (28,33) (29,33) (30,28) (31,29) (32,26) (33,25) (34,25) (35,23) (36,22) (37,23) (38,19) (39,20) (40,18) (41,15) (42,17) (43,16) (44,17) (45,20) (46,16) (47,12) (48,12) (49,10) (50,11) (51,11) (52,10) (53,10) (54,7) (55,9) (56,11) (57,15) (58,14) (59,15) (60,16) (61,17) (62,17) (63,17) (64,17) (65,17) (66,18) (67,20) (68,20) (69,23) (70,22) (71,26) (72,28) (73,31) (74,33) (75,35) (76,35) (77,40) (78,41) 
TD 22 :
(99,103) (0,101) (98,98) (1,96) (97,93) (2,93) (96,89) (3,90) (95,86) (4,86) (94,82) (5,82) (93,78) (6,81) (92,74) (7,80) (91,71) (8,74) (90,65) (9,70) (89,61) (10,67) (88,61) (11,66) (87,59) (12,62) (86,57) (13,58) (85,57) (14,55) (84,54) (15,53) (83,53) (16,53) (82,50) (17,51) (81,49) (18,45) (80,44) (19,42) (79,43) (20,41) (78,41) (21,37) (22,35) (23,32) (24,32) (25,32) (26,33) (27,31) (28,33) (29,33) (30,28) (31,29) (32,26) (33,25) (34,25) (35,23) (36,22) (37,23) (38,19) (39,20) (40,18) (41,15) (42,17) (43,16) (44,17) (45,20) (46,16) (47,12) (48,12) (49,10) (50,11) (51,11) (52,10) (53,10) (54,7) (55,9) (56,11) (57,15) (58,14) (59,15) (60,16) (61,17) (62,17) (63,17) (64,17) (65,17) (66,18) (67,20) (68,20) (69,23) (70,22) (71,26) (72,28) (73,31) (74,33) (75,35) (76,35) (77,40) 
TD 23 :
(99,103) (0,101) (98,98) (1,96) (97,93) (2,93) (96,89) (3,90) (95,86) (4,86) (94,82) (5,82) (93,78) (6,81) (92,74) (7,80) (91,71) (8,74) (90,65) (9,70) (89,61) (10,67) (88,61) (11,66) (87,59) (12,62) (86,57) (13,58) (85,57) (14,55) (84,54) (15,53) (83,53) (16,53) (82,50) (17,51) (81,49) (18,45) (80,44) (19,42) (79,43) (20,41) (78,41) (21,37) (77,40) (22,35) (23,32) (24,32) (25,32) (26,33) (27,31) (28,33) (29,33) (30,28) (31,29) (32,26) (33,25) (34,25) (35,23) (36,22) (37,23) (38,19) (39,20) (40,18) (41,15) (42,17) (43,16) (44,17) (45,20) (46,16) (47,12) (48,12) (49,10) (50,11) (51,11) (52,10) (53,10) (54,7) (55,9) (56,11) (57,15) (58,14) (59,15) (60,16) (61,17) (62,17) (63,17) (64,17) (65,17) (66,18) (67,20) (68,20) (69,23) (70,22) (71,26) (72,28) (73,31) (74,33) (75,35) (76,35) 
TD 24 :
(99,103) (0,101) (98,98) (1,96) (97,93) (2,93) (96,89) (3,90) (95,86) (4,86) (94,82) (5,82) (93,78) (6,81) (92,74) (7,80) (91,71) (8,74) (90,65) (9,70) (89,61) (10,67) (88,61) (11,66) (87,59) (12,62) (86,57) (13,58) (85,57) (14,55) (84,54) (15,53) (83,53) (16,53) (82,50) (17,51) (81,49) (18,45) (80,44) (19,42) (79,43) (20,41) (78,41) (21,37) (77,40) (22,35) (76,35) (75,35) (26,33) (23,32) (24,32) (25,32) 
(99,103) (0,101) (98,98) (1,96) (97,93) (2,93) (96,89) (3,90) (95,86) (4,86) (94,82) (5,82) (93,78) (6,81) (92,74) (7,80) (91,71) (8,74) (90,65) (9,70) (89,61) (10,67) (88,61) (11,66) (87,59) (12,62) (86,57) (13,58) (85,57) (14,55) (84,54) (15,53) (83,53) (16,53) (82,50) (17,51) (81,49) (18,45) (80,44) (19,42) (79,43) (20,41) (78,41) (21,37) (77,40) (22,35) (76,35) (75,35) (26,33) (23,32) (27,31) (28,33) (29,33) (30,28) (31,29) (32,26) (33,25) (34,25) (35,23) (36,22) (37,23) (38,19) (39,20) (40,18) (41,15) (42,17) (43,16) (44,17) (45,20) (46,16) (47,12) (48,12) (49,10) (50,11) (51,11) (52,10) (53,10) (54,7) (55,9) (56,11) (57,15) (58,14) (59,15) (60,16) (61,17) (62,17) (63,17) (64,17) (65,17) (66,18) (67,20) (68,20) (69,23) (70,22) (71,26) (72,28) (73,31) (74,33) 
(99,103) (0,101) (98,98) (1,96) (97,93) (2,93) (96,89) (3,90) (95,86) (4,86) (94,82) (5,82) (93,78) (6,81) (92,74) (7,80) (91,71) (8,74) (90,65) (9,70) (89,61) (10,67) (88,61) (11,66) (87,59) (12,62) (86,57) (13,58) (85,57) (14,55) (84,54) (15,53) (83,53) (16,53) (82,50) (17,51) (81,49) (18,45) (80,44) (19,42) (79,43) (20,41) (78,41) (21,37) (77,40) (22,35) (76,35) (75,35) (26,33) (23,32) 
TD 25 :
(99,103) (0,101) (98,98) (1,96) (97,93) (2,93) (96,89) (3,90) (95,86) (4,86) (94,82) (5,82) (93,78) (6,81) (92,74) (7,80) (91,71) (8,74) (90,65) (9,70) (89,61) (10,67) (88,61) (11,66) (87,59) (12,62) (86,57) (13,58) (85,57) (14,55) (84,54) (15,53) (83,53) (16,53) (82,50) (17,51) (81,49) (18,45) (80,44) (19,42) (79,43) (20,41) (78,41) (21,37) (77,40) (22,35) (76,35) (75,35) (26,33) (23,32) (24,32) (25,32) 
(99,103) (0,101) (98,98) (1,96) (97,93) (2,93) (96,89) (3,90) (95,86) (4,86) (94,82) (5,82) (93,78) (6,81) (92,74) (7,80) (91,71) (8,74) (90,65) (9,70) (89,61) (10,67) (88,61) (11,66) (87,59) (12,62) (86,57) (13,58) (85,57) (14,55) (84,54) (15,53) (83,53) (16,53) (82,50) (17,51) (81,49) (18,45) (80,44) (19,42) (79,43) (20,41) (78,41) (21,37) (77,40) (22,35) (76,35) (75,35) (26,33) (23,32) (74,33) (29,33) (28,33) (27,31) 
(99,103) (0,101) (98,98) (1,96) (97,93) (2,93) (96,89) (3,90) (95,86) (4,86) (94,82) (5,82) (93,78) (6,81) (92,74) (7,80) (91,71) (8,74) (90,65) (9,70) (89,61) (10,67) (88,61) (11,66) (87,59) (12,62) (86,57) (13,58) (85,57) (14,55) (84,54) (15,53) (83,53) (16,53) (82,50) (17,51) (81,49) (18,45) (80,44) (19,42) (79,43) (20,41) (78,41) (21,37) (77,40) (22,35) (76,35) (75,35) (26,33) (23,32) (74,33) (29,33) (28,33) 
(99,103) (0,101) (98,98) (1,96) (97,93) (2,93) (96,89) (3,90) (95,86) (4,86) (94,82) (5,82) (93,78) (6,81) (92,74) (7,80) (91,71) (8,74) (90,65) (9,70) (89,61) (10,67) (88,61) (11,66) (87,59) (12,62) (86,57) (13,58) (85,57) (14,55) (84,54) (15,53) (83,53) (16,53) (82,50) (17,51) (81,49) (18,45) (80,44) (19,42) (79,43) (20,41) (78,41) (21,37) (77,40) (22,35) (76,35) (75,35) (26,33) (23,32) (74,33) (29,33) (28,33) (30,28) (31,29) (32,26) (33,25) (34,25) (35,23) (36,22) (37,23) (38,19) (39,20) (40,18) (41,15) (42,17) (43,16) (44,17) (45,20) (46,16) (47,12) (48,12) (49,10) (50,11) (51,11) (52,10) (53,10) (54,7) (55,9) (56,11) (57,15) (58,14) (59,15) (60,16) (61,17) (62,17) (63,17) (64,17) (65,17) (66,18) (67,20) (68,20) (69,23) (70,22) (71,26) (72,28) (73,31) 
TD 26 :
(99,103) (0,101) (98,98) (1,96) (97,93) (2,93) (96,89) (3,90) (95,86) (4,86) (94,82) (5,82) (93,78) (6,81) (92,74) (7,80) (91,71) (8,74) (90,65) (9,70) (89,61) (10,67) (88,61) (11,66) (87,59) (12,62) (86,57) (13,58) (85,57) (14,55) (84,54) (15,53) (83,53) (16,53) (82,50) (17,51) (81,49) (18,45) (80,44) (19,42) (79,43) (20,41) (78,41) (21,37) (77,40) (22,35) (76,35) (75,35) (26,33) (23,32) (24,32) (25,32) 
(99,103) (0,101) (98,98) (1,96) (97,93) (2,93) (96,89) (3,90) (95,86) (4,86) (94,82) (5,82) (93,78) (6,81) (92,74) (7,80) (91,71) (8,74) (90,65) (9,70) (89,61) (10,67) (88,61) (11,66) (87,59) (12,62) (86,57) (13,58) (85,57) (14,55) (84,54) (15,53) (83,53) (16,53) (82,50) (17,51) (81,49) (18,45) (80,44) (19,42) (79,43) (20,41) (78,41) (21,37) (77,40) (22,35) (76,35) (75,35) (26,33) (23,32) (74,33) (29,33) (28,33) (73,31) (30,28) (31,29) (32,26) (33,25) (34,25) (35,23) (36,22) (37,23) (38,19) (39,20) (40,18) (41,15) (42,17) (43,16) (44,17) (45,20) (46,16) (47,12) (48,12) (49,10) (50,11) (51,11) (52,10) (53,10) (54,7) (55,9) (56,11) (57,15) (58,14) (59,15) (60,16) (61,17) (62,17) (63,17) (64,17) (65,17) (66,18) (67,20) (68,20) (69,23) (70,22) (71,26) (72,28) 
TD 27 :
(99,103) (0,101) (98,98) (1,96) (97,93) (2,93) (96,89) (3,90) (95,86) (4,86) (94,82) (5,82) (93,78) (6,81) (92,74) (7,80) (91,71) (8,74) (90,65) (9,70) (89,61) (10,67) (88,61) (11,66) (87,59) (12,62) (86,57) (13,58) (85,57) (14,55) (84,54) (15,53) (83,53) (16,53) (82,50) (17,51) (81,49) (18,45) (80,44) (19,42) (79,43) (20,41) (78,41) (21,37) (77,40) (22,35) (76,35) (75,35) (26,33) (23,32) (74,33) (29,33) (28,33) (73,31) (72,28) (30,28) (31,29) (32,26) (33,25) (34,25) (35,23) (36,22) (37,23) (38,19) (39,20) (40,18) (41,15) (42,17) (43,16) (44,17) (45,20) (46,16) (47,12) (48,12) (49,10) (50,11) (51,11) (52,10) (53,10) (54,7) (55,9) (56,11) (57,15) (58,14) (59,15) (60,16) (61,17) (62,17) (63,17) (64,17) (65,17) (66,18) (67,20) (68,20) (69,23) (70,22) (71,26) 
TD 28 :
(99,103) (0,101) (98,98) (1,96) (97,93) (2,93) (96,89) (3,90) (95,86) (4,86) (94,82) (5,82) (93,78) (6,81) (92,74) (7,80) (91,71) (8,74) (90,65) (9,70) (89,61) (10,67) (88,61) (11,66) (87,59) (12,62) (86,57) (13,58) (85,57) (14,55) (84,54) (15,53) (83,53) (16,53) (82,50) (17,51) (81,49) (18,45) (80,44) (19,42) (79,43) (20,41) (78,41) (21,37) (77,40) (22,35) (76,35) (75,35) (26,33) (23,32) (74,33) (29,33) (28,33) (73,31) (72,28) (71,26) (31,29) (30,28) 
(99,103) (0,101) (98,98) (1,96) (97,93) (2,93) (96,89) (3,90) (95,86) (4,86) (94,82) (5,82) (93,78) (6,81) (92,74) (7,80) (91,71) (8,74) (90,65) (9,70) (89,61) (10,67) (88,61) (11,66) (87,59) (12,62) (86,57) (13,58) (85,57) (14,55) (84,54) (15,53) (83,53) (16,53) (82,50) (17,51) (81,49) (18,45) (80,44) (19,42) (79,43) (20,41) (78,41) (21,37) (77,40) (22,35) (76,35) (75,35) (26,33) (23,32) (74,33) (29,33) (28,33) (73,31) (72,28) (71,26) (31,29) (30,28) (32,26) (33,25) (34,25) (35,23) (36,22) (37,23) (38,19) (39,20) (40,18) (41,15) (42,17) (43,16) (44,17) (45,20) (46,16) (47,12) (48,12) (49,10) (50,11) (51,11) (52,10) (53,10) (54,7) (55,9) (56,11) (57,15) (58,14) (59,15) (60,16) (61,17) (62,17) (63,17) (64,17) (65,17) (66,18) (67,20) (68,20) (69,23) (70,22) 
TD 29 :
(99,103) (0,101) (98,98) (1,96) (97,93) (2,93) (96,89) (3,90) (95,86) (4,86) (94,82) (5,82) (93,78) (6,81) (92,74) (7,80) (91,71) (8,74) (90,65) (9,70) (89,61) (10,67) (88,61) (11,66) (87,59) (12,62) (86,57) (13,58) (85,57) (14,55) (84,54) (15,53) (83,53) (16,53) (82,50) (17,51) (81,49) (18,45) (80,44) (19,42) (79,43) (20,41) (78,41) (21,37) (77,40) (22,35) (76,35) (75,35) (26,33) (23,32) (74,33) (29,33) (28,33) (73,31) (72,28) (71,26) (31,29) (30,28) (70,22) (69,23) (32,26) (33,25) (34,25) (35,23) (36,22) (37,23) (38,19) (39,20) (40,18) (41,15) (42,17) (43,16) (44,17) (45,20) (46,16) (47,12) (48,12) (49,10) (50,11) (51,11) (52,10) (53,10) (54,7) (55,9) (56,11) (57,15) (58,14) (59,15) (60,16) (61,17) (62,17) (63,17) (64,17) (65,17) (66,18) (67,20) (68,20) 
(99,103) (0,101) (98,98) (1,96) (97,93) (2,93) (96,89) (3,90) (95,86) (4,86) (94,82) (5,82) (93,78) (6,81) (92,74) (7,80) (91,71) (8,74) (90,65) (9,70) (89,61) (10,67) (88,61) (11,66) (87,59) (12,62) (86,57) (13,58) (85,57) (14,55) (84,54) (15,53) (83,53) (16,53) (82,50) (17,51) (81,49) (18,45) (80,44) (19,42) (79,43) (20,41) (78,41) (21,37) (77,40) (22,35) (76,35) (75,35) (26,33) (23,32) (74,33) (29,33) (28,33) (73,31) (72,28) (71,26) (31,29) (30,28) (70,22) (69,23) (32,26) 
TD 30 :
(99,103) (0,101) (98,98) (1,96) (97,93) (2,93) (96,89) (3,90) (95,86) (4,86) (94,82) (5,82) (93,78) (6,81) (92,74) (7,80) (91,71) (8,74) (90,65) (9,70) (89,61) (10,67) (88,61) (11,66) (87,59) (12,62) (86,57) (13,58) (85,57) (14,55) (84,54) (15,53) (83,53) (16,53) (82,50) (17,51) (81,49) (18,45) (80,44) (19,42) (79,43) (20,41) (78,41) (21,37) (77,40) (22,35) (76,35) (75,35) (26,33) (23,32) (74,33) (29,33) (28,33) (73,31) (72,28) (71,26) (31,29) (30,28) (70,22) (69,23) (32,26) (68,20) (34,25) (33,25) 
(99,103) (0,101) (98,98) (1,96) (97,93) (2,93) (96,89) (3,90) (95,86) (4,86) (94,82) (5,82) (93,78) (6,81) (92,74) (7,80) (91,71) (8,74) (90,65) (9,70) (89,61) (10,67) (88,61) (11,66) (87,59) (12,62) (86,57) (13,58) (85,57) (14,55) (84,54) (15,53) (83,53) (16,53) (82,50) (17,51) (81,49) (18,45) (80,44) (19,42) (79,43) (20,41) (78,41) (21,37) (77,40) (22,35) (76,35) (75,35) (26,33) (23,32) (74,33) (29,33) (28,33) (73,31) (72,28) (71,26) (31,29) (30,28) (70,22) (69,23) (32,26) (68,20) (34,25) (33,25) (35,23) (36,22) (37,23) (38,19) (39,20) (40,18) (41,15) (42,17) (43,16) (44,17) (45,20) (46,16) (47,12) (48,12) (49,10) (50,11) (51,11) (52,10) (53,10) (54,7) (55,9) (56,11) (57,15) (58,14) (59,15) (60,16) (61,17) (62,17) (63,17) (64,17) (65,17) (66,18) (67,20) 
TD 31 :
(99,103) (0,101) (98,98) (1,96) (97,93) (2,93) (96,89) (3,90) (95,86) (4,86) (94,82) (5,82) (93,78) (6,81) (92,74) (7,80) (91,71) (8,74) (90,65) (9,70) (89,61) (10,67) (88,61) (11,66) (87,59) (12,62) (86,57) (13,58) (85,57) (14,55) (84,54) (15,53) (83,53) (16,53) (82,50) (17,51) (81,49) (18,45) (80,44) (19,42) (79,43) (20,41) (78,41) (21,37) (77,40) (22,35) (76,35) (75,35) (26,33) (23,32) (74,33) (29,33) (28,33) (73,31) (72,28) (71,26) (31,29) (30,28) (70,22) (69,23) (32,26) (68,20) (34,25) (33,25) (67,20) (37,23) (35,23) (36,22) 
(99,103) (0,101) (98,98) (1,96) (97,93) (2,93) (96,89) (3,90) (95,86) (4,86) (94,82) (5,82) (93,78) (6,81) (92,74) (7,80) (91,71) (8,74) (90,65) (9,70) (89,61) (10,67) (88,61) (11,66) (87,59) (12,62) (86,57) (13,58) (85,57) (14,55) (84,54) (15,53) (83,53) (16,53) (82,50) (17,51) (81,49) (18,45) (80,44) (19,42) (79,43) (20,41) (78,41) (21,37) (77,40) (22,35) (76,35) (75,35) (26,33) (23,32) (74,33) (29,33) (28,33) (73,31) (72,28) (71,26) (31,29) (30,28) (70,22) (69,23) (32,26) (68,20) (34,25) (33,25) (67,20) (37,23) (35,23) (38,19) (39,20) (40,18) (41,15) (42,17) (43,16) (44,17) (45,20) (46,16) (47,12) (48,12) (49,10) (50,11) (51,11) (52,10) (53,10) (54,7) (55,9) (56,11) (57,15) (58,14) (59,15) (60,16) (61,17) (62,17) (63,17) (64,17) (65,17) (66,18) 
TD 32 :
(99,103) (0,101) (98,98) (1,96) (97,93) (2,93) (96,89) (3,90) (95,86) (4,86) (94,82) (5,82) (93,78) (6,81) (92,74) (7,80) (91,71) (8,74) (90,65) (9,70) (89,61) (10,67) (88,61) (11,66) (87,59) (12,62) (86,57) (13,58) (85,57) (14,55) (84,54) (15,53) (83,53) (16,53) (82,50) (17,51) (81,49) (18,45) (80,44) (19,42) (79,43) (20,41) (78,41) (21,37) (77,40) (22,35) (76,35) (75,35) (26,33) (23,32) (74,33) (29,33) (28,33) (73,31) (72,28) (71,26) (31,29) (30,28) (70,22) (69,23) (32,26) (68,20) (34,25) (33,25) (67,20) (37,23) (35,23) (36,22) 
(99,103) (0,101) (98,98) (1,96) (97,93) (2,93) (96,89) (3,90) (95,86) (4,86) (94,82) (5,82) (93,78) (6,81) (92,74) (7,80) (91,71) (8,74) (90,65) (9,70) (89,61) (10,67) (88,61) (11,66) (87,59) (12,62) (86,57) (13,58) (85,57) (14,55) (84,54) (15,53) (83,53) (16,53) (82,50) (17,51) (81,49) (18,45) (80,44) (19,42) (79,43) (20,41) (78,41) (21,37) (77,40) (22,35) (76,35) (75,35) (26,33) (23,32) (74,33) (29,33) (28,33) (73,31) (72,28) (71,26) (31,29) (30,28) (70,22) (69,23) (32,26) (68,20) (34,25) (33,25) (67,20) (37,23) (35,23) (66,18) (38,19) (39,20) (40,18) (41,15) (42,17) (43,16) (44,17) (45,20) (46,16) (47,12) (48,12) (49,10) (50,11) (51,11) (52,10) (53,10) (54,7) (55,9) (56,11) (57,15) (58,14) (59,15) (60,16) (61,17) (62,17) (63,17) (64,17) (65,17) 
TD 33 :
(99,103) (0,101) (98,98) (1,96) (97,93) (2,93) (96,89) (3,90) (95,86) (4,86) (94,82) (5,82) (93,78) (6,81) (92,74) (7,80) (91,71) (8,74) (90,65) (9,70) (89,61) (10,67) (88,61) (11,66) (87,59) (12,62) (86,57) (13,58) (85,57) (14,55) (84,54) (15,53) (83,53) (16,53) (82,50) (17,51) (81,49) (18,45) (80,44) (19,42) (79,43) (20,41) (78,41) (21,37) (77,40) (22,35) (76,35) (75,35) (26,33) (23,32) (74,33) (29,33) (28,33) (73,31) (72,28) (71,26) (31,29) (30,28) (70,22) (69,23) (32,26) (68,20) (34,25) (33,25) (67,20) (37,23) (35,23) (66,18) (65,17) (45,20) (39,20) (38,19) 
(99,103) (0,101) (98,98) (1,96) (97,93) (2,93) (96,89) (3,90) (95,86) (4,86) (94,82) (5,82) (93,78) (6,81) (92,74) (7,80) (91,71) (8,74) (90,65) (9,70) (89,61) (10,67) (88,61) (11,66) (87,59) (12,62) (86,57) (13,58) (85,57) (14,55) (84,54) (15,53) (83,53) (16,53) (82,50) (17,51) (81,49) (18,45) (80,44) (19,42) (79,43) (20,41) (78,41) (21,37) (77,40) (22,35) (76,35) (75,35) (26,33) (23,32) (74,33) (29,33) (28,33) (73,31) (72,28) (71,26) (31,29) (30,28) (70,22) (69,23) (32,26) (68,20) (34,25) (33,25) (67,20) (37,23) (35,23) (66,18) (65,17) (45,20) (39,20) (38,19) (40,18) (41,15) (42,17) (43,16) (44,17) 
(99,103) (0,101) (98,98) (1,96) (97,93) (2,93) (96,89) (3,90) (95,86) (4,86) (94,82) (5,82) (93,78) (6,81) (92,74) (7,80) (91,71) (8,74) (90,65) (9,70) (89,61) (10,67) (88,61) (11,66) (87,59) (12,62) (86,57) (13,58) (85,57) (14,55) (84,54) (15,53) (83,53) (16,53) (82,50) (17,51) (81,49) (18,45) (80,44) (19,42) (79,43) (20,41) (78,41) (21,37) (77,40) (22,35) (76,35) (75,35) (26,33) (23,32) (74,33) (29,33) (28,33) (73,31) (72,28) (71,26) (31,29) (30,28) (70,22) (69,23) (32,26) (68,20) (34,25) (33,25) (67,20) (37,23) (35,23) (66,18) (65,17) (45,20) (39,20) (38,19) (46,16) (47,12) (48,12) (49,10) (50,11) (51,11) (52,10) (53,10) (54,7) (55,9) (56,11) (57,15) (58,14) (59,15) (60,16) (61,17) (62,17) (63,17) (64,17) 
TD 34 :
(99,103) (0,101) (98,98) (1,96) (97,93) (2,93) (96,89) (3,90) (95,86) (4,86) (94,82) (5,82) (93,78) (6,81) (92,74) (7,80) (91,71) (8,74) (90,65) (9,70) (89,61) (10,67) (88,61) (11,66) (87,59) (12,62) (86,57) (13,58) (85,57) (14,55) (84,54) (15,53) (83,53) (16,53) (82,50) (17,51) (81,49) (18,45) (80,44) (19,42) (79,43) (20,41) (78,41) (21,37) (77,40) (22,35) (76,35) (75,35) (26,33) (23,32) (74,33) (29,33) (28,33) (73,31) (72,28) (71,26) (31,29) (30,28) (70,22) (69,23) (32,26) (68,20) (34,25) (33,25) (67,20) (37,23) (35,23) (66,18) (65,17) (45,20) (39,20) (38,19) (40,18) (41,15) (42,17) (43,16) (44,17) 
(99,103) (0,101) (98,98) (1,96) (97,93) (2,93) (96,89) (3,90) (95,86) (4,86) (94,82) (5,82) (93,78) (6,81) (92,74) (7,80) (91,71) (8,74) (90,65) (9,70) (89,61) (10,67) (88,61) (11,66) (87,59) (12,62) (86,57) (13,58) (85,57) (14,55) (84,54) (15,53) (83,53) (16,53) (82,50) (17,51) (81,49) (18,45) (80,44) (19,42) (79,43) (20,41) (78,41) (21,37) (77,40) (22,35) (76,35) (75,35) (26,33) (23,32) (74,33) (29,33) (28,33) (73,31) (72,28) (71,26) (31,29) (30,28) (70,22) (69,23) (32,26) (68,20) (34,25) (33,25) (67,20) (37,23) (35,23) (66,18) (65,17) (45,20) (39,20) (38,19) (64,17) (46,16) (47,12) (48,12) (49,10) (50,11) (51,11) (52,10) (53,10) (54,7) (55,9) (56,11) (57,15) (58,14) (59,15) (60,16) (61,17) (62,17) (63,17) 
TD 35 :
(99,103) (0,101) (98,98) (1,96) (97,93) (2,93) (96,89) (3,90) (95,86) (4,86) (94,82) (5,82) (93,78) (6,81) (92,74) (7,80) (91,71) (8,74) (90,65) (9,70) (89,61) (10,67) (88,61) (11,66) (87,59) (12,62) (86,57) (13,58) (85,57) (14,55) (84,54) (15,53) (83,53) (16,53) (82,50) (17,51) (81,49) (18,45) (80,44) (19,42) (79,43) (20,41) (78,41) (21,37) (77,40) (22,35) (76,35) (75,35) (26,33) (23,32) (74,33) (29,33) (28,33) (73,31) (72,28) (71,26) (31,29) (30,28) (70,22) (69,23) (32,26) (68,20) (34,25) (33,25) (67,20) (37,23) (35,23) (66,18) (65,17) (45,20) (39,20) (38,19) (40,18) (44,17) (42,17) (41,15) 
(99,103) (0,101) (98,98) (1,96) (97,93) (2,93) (96,89) (3,90) (95,86) (4,86) (94,82) (5,82) (93,78) (6,81) (92,74) (7,80) (91,71) (8,74) (90,65) (9,70) (89,61) (10,67) (88,61) (11,66) (87,59) (12,62) (86,57) (13,58) (85,57) (14,55) (84,54) (15,53) (83,53) (16,53) (82,50) (17,51) (81,49) (18,45) (80,44) (19,42) (79,43) (20,41) (78,41) (21,37) (77,40) (22,35) (76,35) (75,35) (26,33) (23,32) (74,33) (29,33) (28,33) (73,31) (72,28) (71,26) (31,29) (30,28) (70,22) (69,23) (32,26) (68,20) (34,25) (33,25) (67,20) (37,23) (35,23) (66,18) (65,17) (45,20) (39,20) (38,19) (40,18) (44,17) (42,17) (41,15) (43,16) 
(99,103) (0,101) (98,98) (1,96) (97,93) (2,93) (96,89) (3,90) (95,86) (4,86) (94,82) (5,82) (93,78) (6,81) (92,74) (7,80) (91,71) (8,74) (90,65) (9,70) (89,61) (10,67) (88,61) (11,66) (87,59) (12,62) (86,57) (13,58) (85,57) (14,55) (84,54) (15,53) (83,53) (16,53) (82,50) (17,51) (81,49) (18,45) (80,44) (19,42) (79,43) (20,41) (78,41) (21,37) (77,40) (22,35) (76,35) (75,35) (26,33) (23,32) (74,33) (29,33) (28,33) (73,31) (72,28) (71,26) (31,29) (30,28) (70,22) (69,23) (32,26) (68,20) (34,25) (33,25) (67,20) (37,23) (35,23) (66,18) (65,17) (45,20) (39,20) (38,19) (40,18) (44,17) (42,17) (41,15) 
(99,103) (0,101) (98,98) (1,96) (97,93) (2,93) (96,89) (3,90) (95,86) (4,86) (94,82) (5,82) (93,78) (6,81) (92,74) (7,80) (91,71) (8,74) (90,65) (9,70) (89,61) (10,67) (88,61) (11,66) (87,59) (12,62) (86,57) (13,58) (85,57) (14,55) (84,54) (15,53) (83,53) (16,53) (82,50) (17,51) (81,49) (18,45) (80,44) (19,42) (79,43) (20,41) (78,41) (21,37) (77,40) (22,35) (76,35) (75,35) (26,33) (23,32) (74,33) (29,33) (28,33) (73,31) (72,28) (71,26) (31,29) (30,28) (70,22) (69,23) (32,26) (68,20) (34,25) (33,25) (67,20) (37,23) (35,23) (66,18) (65,17) (45,20) (39,20) (38,19) (64,17) (63,17) (62,17) (61,17) (46,16) (47,12) (48,12) (49,10) (50,11) (51,11) (52,10) (53,10) (54,7) (55,9) (56,11) (57,15) (58,14) (59,15) (60,16) 
(99,103) (0,101) (98,98) (1,96) (97,93) (2,93) (96,89) (3,90) (95,86) (4,86) (94,82) (5,82) (93,78) (6,81) (92,74) (7,80) (91,71) (8,74) (90,65) (9,70) (89,61) (10,67) (88,61) (11,66) (87,59) (12,62) (86,57) (13,58) (85,57) (14,55) (84,54) (15,53) (83,53) (16,53) (82,50) (17,51) (81,49) (18,45) (80,44) (19,42) (79,43) (20,41) (78,41) (21,37) (77,40) (22,35) (76,35) (75,35) (26,33) (23,32) (74,33) (29,33) (28,33) (73,31) (72,28) (71,26) (31,29) (30,28) (70,22) (69,23) (32,26) (68,20) (34,25) (33,25) (67,20) (37,23) (35,23) (66,18) (65,17) (45,20) (39,20) (38,19) (64,17) (63,17) (62,17) (61,17) 
(99,103) (0,101) (98,98) (1,96) (97,93) (2,93) (96,89) (3,90) (95,86) (4,86) (94,82) (5,82) (93,78) (6,81) (92,74) (7,80) (91,71) (8,74) (90,65) (9,70) (89,61) (10,67) (88,61) (11,66) (87,59) (12,62) (86,57) (13,58) (85,57) (14,55) (84,54) (15,53) (83,53) (16,53) (82,50) (17,51) (81,49) (18,45) (80,44) (19,42) (79,43) (20,41) (78,41) (21,37) (77,40) (22,35) (76,35) (75,35) (26,33) (23,32) (74,33) (29,33) (28,33) (73,31) (72,28) (71,26) (31,29) (30,28) (70,22) (69,23) (32,26) (68,20) (34,25) (33,25) (67,20) (37,23) (35,23) (66,18) (65,17) (45,20) (39,20) (38,19) (64,17) (63,17) (62,17) (61,17) 
TD 36 :
(99,103) (0,101) (98,98) (1,96) (97,93) (2,93) (96,89) (3,90) (95,86) (4,86) (94,82) (5,82) (93,78) (6,81) (92,74) (7,80) (91,71) (8,74) (90,65) (9,70) (89,61) (10,67) (88,61) (11,66) (87,59) (12,62) (86,57) (13,58) (85,57) (14,55) (84,54) (15,53) (83,53) (16,53) (82,50) (17,51) (81,49) (18,45) (80,44) (19,42) (79,43) (20,41) (78,41) (21,37) (77,40) (22,35) (76,35) (75,35) (26,33) (23,32) (74,33) (29,33) (28,33) (73,31) (72,28) (71,26) (31,29) (30,28) (70,22) (69,23) (32,26) (68,20) (34,25) (33,25) (67,20) (37,23) (35,23) (66,18) (65,17) (45,20) (39,20) (38,19) (40,18) (44,17) (42,17) (41,15) (43,16) 
(99,103) (0,101) (98,98) (1,96) (97,93) (2,93) (96,89) (3,90) (95,86) (4,86) (94,82) (5,82) (93,78) (6,81) (92,74) (7,80) (91,71) (8,74) (90,65) (9,70) (89,61) (10,67) (88,61) (11,66) (87,59) (12,62) (86,57) (13,58) (85,57) (14,55) (84,54) (15,53) (83,53) (16,53) (82,50) (17,51) (81,49) (18,45) (80,44) (19,42) (79,43) (20,41) (78,41) (21,37) (77,40) (22,35) (76,35) (75,35) (26,33) (23,32) (74,33) (29,33) (28,33) (73,31) (72,28) (71,26) (31,29) (30,28) (70,22) (69,23) (32,26) (68,20) (34,25) (33,25) (67,20) (37,23) (35,23) (66,18) (65,17) (45,20) (39,20) (38,19) (64,17) (63,17) (62,17) (61,17) (60,16) (46,16) 
(99,103) (0,101) (98,98) (1,96) (97,93) (2,93) (96,89) (3,90) (95,86) (4,86) (94,82) (5,82) (93,78) (6,81) (92,74) (7,80) (91,71) (8,74) (90,65) (9,70) (89,61) (10,67) (88,61) (11,66) (87,59) (12,62) (86,57) (13,58) (85,57) (14,55) (84,54) (15,53) (83,53) (16,53) (82,50) (17,51) (81,49) (18,45) (80,44) (19,42) (79,43) (20,41) (78,41) (21,37) (77,40) (22,35) (76,35) (75,35) (26,33) (23,32) (74,33) (29,33) (28,33) (73,31) (72,28) (71,26) (31,29) (30,28) (70,22) (69,23) (32,26) (68,20) (34,25) (33,25) (67,20) (37,23) (35,23) (66,18) (65,17) (45,20) (39,20) (38,19) (64,17) (63,17) (62,17) (61,17) (60,16) (46,16) (47,12) (48,12) (49,10) (50,11) (51,11) (52,10) (53,10) (54,7) (55,9) (56,11) (57,15) (58,14) (59,15) 
TD 37 :
(99,103) (0,101) (98,98) (1,96) (97,93) (2,93) (96,89) (3,90) (95,86) (4,86) (94,82) (5,82) (93,78) (6,81) (92,74) (7,80) (91,71) (8,74) (90,65) (9,70) (89,61) (10,67) (88,61) (11,66) (87,59) (12,62) (86,57) (13,58) (85,57) (14,55) (84,54) (15,53) (83,53) (16,53) (82,50) (17,51) (81,49) (18,45) (80,44) (19,42) (79,43) (20,41) (78,41) (21,37) (77,40) (22,35) (76,35) (75,35) (26,33) (23,32) (74,33) (29,33) (28,33) (73,31) (72,28) (71,26) (31,29) (30,28) (70,22) (69,23) (32,26) (68,20) (34,25) (33,25) (67,20) (37,23) (35,23) (66,18) (65,17) (45,20) (39,20) (38,19) (64,17) (63,17) (62,17) (61,17) (60,16) (46,16) (59,15) (57,15) (47,12) (48,12) (49,10) (50,11) (51,11) (52,10) (53,10) (54,7) (55,9) (56,11) 
(99,103) (0,101) (98,98) (1,96) (97,93) (2,93) (96,89) (3,90) (95,86) (4,86) (94,82) (5,82) (93,78) (6,81) (92,74) (7,80) (91,71) (8,74) (90,65) (9,70) (89,61) (10,67) (88,61) (11,66) (87,59) (12,62) (86,57) (13,58) (85,57) (14,55) (84,54) (15,53) (83,53) (16,53) (82,50) (17,51) (81,49) (18,45) (80,44) (19,42) (79,43) (20,41) (78,41) (21,37) (77,40) (22,35) (76,35) (75,35) (26,33) (23,32) (74,33) (29,33) (28,33) (73,31) (72,28) (71,26) (31,29) (30,28) (70,22) (69,23) (32,26) (68,20) (34,25) (33,25) (67,20) (37,23) (35,23) (66,18) (65,17) (45,20) (39,20) (38,19) (64,17) (63,17) (62,17) (61,17) (60,16) (46,16) (59,15) (57,15) (47,12) (58,14) 
TD 38 :
(99,103) (0,101) (98,98) (1,96) (97,93) (2,93) (96,89) (3,90) (95,86) (4,86) (94,82) (5,82) (93,78) (6,81) (92,74) (7,80) (91,71) (8,74) (90,65) (9,70) (89,61) (10,67) (88,61) (11,66) (87,59) (12,62) (86,57) (13,58) (85,57) (14,55) (84,54) (15,53) (83,53) (16,53) (82,50) (17,51) (81,49) (18,45) (80,44) (19,42) (79,43) (20,41) (78,41) (21,37) (77,40) (22,35) (76,35) (75,35) (26,33) (23,32) (74,33) (29,33) (28,33) (73,31) (72,28) (71,26) (31,29) (30,28) (70,22) (69,23) (32,26) (68,20) (34,25) (33,25) (67,20) (37,23) (35,23) (66,18) (65,17) (45,20) (39,20) (38,19) (64,17) (63,17) (62,17) (61,17) (60,16) (46,16) (59,15) (57,15) (47,12) (48,12) (49,10) (50,11) (51,11) (52,10) (53,10) (54,7) (55,9) (56,11) 
(99,103) (0,101) (98,98) (1,96) (97,93) (2,93) (96,89) (3,90) (95,86) (4,86) (94,82) (5,82) (93,78) (6,81) (92,74) (7,80) (91,71) (8,74) (90,65) (9,70) (89,61) (10,67) (88,61) (11,66) (87,59) (12,62) (86,57) (13,58) (85,57) (14,55) (84,54) (15,53) (83,53) (16,53) (82,50) (17,51) (81,49) (18,45) (80,44) (19,42) (79,43) (20,41) (78,41) (21,37) (77,40) (22,35) (76,35) (75,35) (26,33) (23,32) (74,33) (29,33) (28,33) (73,31) (72,28) (71,26) (31,29) (30,28) (70,22) (69,23) (32,26) (68,20) (34,25) (33,25) (67,20) (37,23) (35,23) (66,18) (65,17) (45,20) (39,20) (38,19) (64,17) (63,17) (62,17) (61,17) (60,16) (46,16) (59,15) (57,15) (47,12) (58,14) 
TD 39 :
(99,103) (0,101) (98,98) (1,96) (97,93) (2,93) (96,89) (3,90) (95,86) (4,86) (94,82) (5,82) (93,78) (6,81) (92,74) (7,80) (91,71) (8,74) (90,65) (9,70) (89,61) (10,67) (88,61) (11,66) (87,59) (12,62) (86,57) (13,58) (85,57) (14,55) (84,54) (15,53) (83,53) (16,53) (82,50) (17,51) (81,49) (18,45) (80,44) (19,42) (79,43) (20,41) (78,41) (21,37) (77,40) (22,35) (76,35) (75,35) (26,33) (23,32) (74,33) (29,33) (28,33) (73,31) (72,28) (71,26) (31,29) (30,28) (70,22) (69,23) (32,26) (68,20) (34,25) (33,25) (67,20) (37,23) (35,23) (66,18) (65,17) (45,20) (39,20) (38,19) (64,17) (63,17) (62,17) (61,17) (60,16) (46,16) (59,15) (57,15) (47,12) (48,12) (56,11) (51,11) (50,11) (49,10) 
(99,103) (0,101) (98,98) (1,96) (97,93) (2,93) (96,89) (3,90) (95,86) (4,86) (94,82) (5,82) (93,78) (6,81) (92,74) (7,80) (91,71) (8,74) (90,65) (9,70) (89,61) (10,67) (88,61) (11,66) (87,59) (12,62) (86,57) (13,58) (85,57) (14,55) (84,54) (15,53) (83,53) (16,53) (82,50) (17,51) (81,49) (18,45) (80,44) (19,42) (79,43) (20,41) (78,41) (21,37) (77,40) (22,35) (76,35) (75,35) (26,33) (23,32) (74,33) (29,33) (28,33) (73,31) (72,28) (71,26) (31,29) (30,28) (70,22) (69,23) (32,26) (68,20) (34,25) (33,25) (67,20) (37,23) (35,23) (66,18) (65,17) (45,20) (39,20) (38,19) (64,17) (63,17) (62,17) (61,17) (60,16) (46,16) (59,15) (57,15) (47,12) (48,12) (56,11) (51,11) (50,11) (49,10) 
(99,103) (0,101) (98,98) (1,96) (97,93) (2,93) (96,89) (3,90) (95,86) (4,86) (94,82) (5,82) (93,78) (6,81) (92,74) (7,80) (91,71) (8,74) (90,65) (9,70) (89,61) (10,67) (88,61) (11,66) (87,59) (12,62) (86,57) (13,58) (85,57) (14,55) (84,54) (15,53) (83,53) (16,53) (82,50) (17,51) (81,49) (18,45) (80,44) (19,42) (79,43) (20,41) (78,41) (21,37) (77,40) (22,35) (76,35) (75,35) (26,33) (23,32) (74,33) (29,33) (28,33) (73,31) (72,28) (71,26) (31,29) (30,28) (70,22) (69,23) (32,26) (68,20) (34,25) (33,25) (67,20) (37,23) (35,23) (66,18) (65,17) (45,20) (39,20) (38,19) (64,17) (63,17) (62,17) (61,17) (60,16) (46,16) (59,15) (57,15) (47,12) (48,12) (56,11) (51,11) (50,11) (49,10) (52,10) (53,10) (54,7) (55,9) 
TD 40 :
(99,103) (0,101) (98,98) (1,96) (97,93) (2,93) (96,89) (3,90) (95,86) (4,86) (94,82) (5,82) (93,78) (6,81) (92,74) (7,80) (91,71) (8,74) (90,65) (9,70) (89,61) (10,67) (88,61) (11,66) (87,59) (12,62) (86,57) (13,58) (85,57) (14,55) (84,54) (15,53) (83,53) (16,53) (82,50) (17,51) (81,49) (18,45) (80,44) (19,42) (79,43) (20,41) (78,41) (21,37) (77,40) (22,35) (76,35) (75,35) (26,33) (23,32) (74,33) (29,33) (28,33) (73,31) (72,28) (71,26) (31,29) (30,28) (70,22) (69,23) (32,26) (68,20) (34,25) (33,25) (67,20) (37,23) (35,23) (66,18) (65,17) (45,20) (39,20) (38,19) (64,17) (63,17) (62,17) (61,17) (60,16) (46,16) (59,15) (57,15) (47,12) (48,12) (56,11) (51,11) (50,11) (49,10) (55,9) (53,10) (52,10) 
(99,103) (0,101) (98,98) (1,96) (97,93) (2,93) (96,89) (3,90) (95,86) (4,86) (94,82) (5,82) (93,78) (6,81) (92,74) (7,80) (91,71) (8,74) (90,65) (9,70) (89,61) (10,67) (88,61) (11,66) (87,59) (12,62) (86,57) (13,58) (85,57) (14,55) (84,54) (15,53) (83,53) (16,53) (82,50) (17,51) (81,49) (18,45) (80,44) (19,42) (79,43) (20,41) (78,41) (21,37) (77,40) (22,35) (76,35) (75,35) (26,33) (23,32) (74,33) (29,33) (28,33) (73,31) (72,28) (71,26) (31,29) (30,28) (70,22) (69,23) (32,26) (68,20) (34,25) (33,25) (67,20) (37,23) (35,23) (66,18) (65,17) (45,20) (39,20) (38,19) (64,17) (63,17) (62,17) (61,17) (60,16) (46,16) (59,15) (57,15) (47,12) (48,12) (56,11) (51,11) (50,11) (49,10) (55,9) (53,10) (52,10) (54,7) 
Pocket 0 :
()
Pocket 1 :
({  (0,101) ,(1,96) } {  (98,98) ,(99,103) } )
Pocket 2 :
({  (1,96) ,(0,101) } {  (99,103) ,(98,98) } )
Pocket 3 :
({  (2,93) ,(1,96) } {  (99,103) ,(97,93) } )
Pocket 4 :
({  (3,90) ,(2,93) } {  (99,103) ,(96,89) } )
Pocket 5 :
({  (4,86) ,(3,90) } {  (99,103) ,(95,86) } )
Pocket 6 :
({  (5,82) ,(4,86) } {  (99,103) ,(94,82) } )
Pocket 7 :
({  (6,81) ,(5,82) } {  (99,103) ,(93,78) } )
Pocket 8 :
({  (7,80) ,(6,81) } {  (99,103) ,(92,74) } )
Pocket 9 :
({  (8,74) ,(7,80) } {  (99,103) ,(91,71) } )
Pocket 10 :
({  (9,70) ,(8,74) } {  (99,103) ,(90,65) } )
Pocket 11 :
({  (10,67) ,(9,70) } {  (99,103) ,(89,61) } )
Pocket 12 :
({  (11,66) ,(10,67) } {  (99,103) ,(88,61) } )
Pocket 13 :
({  (12,62) ,(11,66) } {  (99,103) ,(87,59) } )
Pocket 14 :
({  (13,58) ,(12,62) } {  (99,103) ,(86,57) } )
Pocket 15 :
({  (14,55) ,(13,58) } {  (99,103) ,(85,57) } )
Pocket 16 :
({  (15,53) ,(14,55) } {  (99,103) ,(84,54) } )
Pocket 17 :
({  (16,53) ,(15,53) } {  (99,103) ,(83,53) } )
Pocket 18 :
({  (17,51) ,(16,53) } {  (99,103) ,(82,50) } )
Pocket 19 :
({  (18,45) ,(17,51) } {  (99,103) ,(81,49) } )
Pocket 20 :
({  (19,42) ,(18,45) } {  (99,103) ,(80,44) } )
Pocket 21 :
({  (20,41) ,(19,42) } {  (99,103) ,(79,43) } )
Pocket 22 :
({  (21,37) ,(20,41) } {  (99,103) ,(78,41) } )
Pocket 23 :
({  (22,35) ,(21,37) } {  (99,103) ,(77,40) } )
Pocket 24 :
({  (23,32) ,(22,35) } {  (27,31) ,(26,33) } {  (23,32) ,(22,35) } {  (27,31) ,(26,33) } {  (23,32) ,(22,35) } {  (27,31) ,(26,33) } )
Pocket 25 :
({  (24,32) ,(23,32) } {  (29,33) ,(28,33) } {  (29,33) ,(28,33) } {  (29,33) ,(28,33) } )
Pocket 26 :
({  (25,32) ,(24,32) } {  (99,103) ,(73,31) } )
Pocket 27 :
({  (99,103) ,(72,28) } )
Pocket 28 :
({  (30,28) ,(72,28) } {  (32,26) ,(31,29) } {  (30,28) ,(72,28) } {  (32,26) ,(31,29) } )
Pocket 29 :
({  (32,26) ,(30,28) } {  (70,22) ,(69,23) } {  (32,26) ,(30,28) } {  (70,22) ,(69,23) } )
Pocket 30 :
({  (33,25) ,(32,26) } {  (35,23) ,(34,25) } {  (33,25) ,(32,26) } {  (35,23) ,(34,25) } )
Pocket 31 :
({  (35,23) ,(33,25) } {  (38,19) ,(37,23) } {  (35,23) ,(33,25) } {  (38,19) ,(37,23) } )
Pocket 32 :
({  (36,22) ,(35,23) } {  (99,103) ,(66,18) } )
Pocket 33 :
({  (38,19) ,(66,18) } {  (40,18) ,(39,20) } {  (38,19) ,(66,18) } {  (40,18) ,(39,20) } {  (38,19) ,(66,18) } {  (40,18) ,(39,20) } )
Pocket 34 :
({  (40,18) ,(38,19) } {  (99,103) ,(64,17) } )
Pocket 35 :
({  (41,15) ,(40,18) } {  (43,16) ,(42,17) } {  (41,15) ,(40,18) } {  (43,16) ,(42,17) } {  (41,15) ,(40,18) } {  (43,16) ,(42,17) } {  (62,17) ,(61,17) } {  (62,17) ,(61,17) } {  (62,17) ,(61,17) } )
Pocket 36 :
({  (43,16) ,(41,15) } {  (47,12) ,(46,16) } {  (47,12) ,(46,16) } )
Pocket 37 :
({  (47,12) ,(46,16) } {  (58,14) ,(57,15) } {  (47,12) ,(46,16) } {  (58,14) ,(57,15) } )
Pocket 38 :
({  (48,12) ,(47,12) } {  (99,103) ,(58,14) } )
Pocket 39 :
({  (49,10) ,(48,12) } {  (51,11) ,(50,11) } {  (49,10) ,(48,12) } {  (51,11) ,(50,11) } {  (49,10) ,(48,12) } {  (51,11) ,(50,11) } )
