41 layers in onion peeling: 
Layer 1
(99,92) (0,99) 
Layer 2
(98,88) (1,94) 
Layer 3
(97,86) (2,89) 
Layer 4
(96,81) (3,84) 
Layer 5
(95,76) (4,79) 
Layer 6
(94,73) (5,75) 
Layer 7
(93,69) (6,72) 
Layer 8
(92,68) (7,69) 
Layer 9
(91,65) (8,65) 
Layer 10
(90,61) (9,62) 
Layer 11
(89,56) (10,58) 
Layer 12
(88,52) (11,55) 
Layer 13
(87,49) (12,51) 
Layer 14
(86,45) (13,49) 
Layer 15
(85,43) (14,45) 
Layer 16
(84,39) (15,41) 
Layer 17
(83,35) (16,40) 
Layer 18
(82,33) (17,39) 
Layer 19
(81,29) (18,36) 
Layer 20
(80,25) (19,31) 
Layer 21
(79,22) (78,23) (77,24) (20,27) 
Layer 22
(76,23) (21,24) 
Layer 23
(75,23) (74,23) (22,21) 
Layer 24
(73,21) (23,20) 
Layer 25
(72,20) (24,17) 
Layer 26
(71,19) (25,15) 
Layer 27
(70,17) (26,15) 
Layer 28
(69,14) (29,11) (27,10) 
Layer 29
(68,10) (67,11) (28,10) 
Layer 30
(66,10) (65,10) (30,10) 
Layer 31
(64,8) (31,9) 
Layer 32
(63,8) (32,7) 
Layer 33
(62,6) (33,6) 
Layer 34
(61,2) (37,4) (34,4) 
Layer 35
(60,2) (36,2) (35,2) 
Layer 36
(59,-1) (39,1) (38,1) 
Layer 37
(58,-5) (56,-3) (43,0) (40,-2) 
Layer 38
(57,-5) (55,-4) (44,-1) (41,-2) 
Layer 39
(54,-6) (47,-2) (46,-2) (45,-2) (42,-3) 
Layer 40
(53,-7) (48,-4) 
Layer 41
(52,-8) (51,-7) (49,-5) 
---------------------------------------------------------------------------------------
TD 0 :
(99,92) (98,88) (97,86) (96,81) (95,76) (94,73) (93,69) (92,68) (91,65) (90,61) (89,56) (88,52) (87,49) (86,45) (85,43) (84,39) (83,35) (82,33) (81,29) (80,25) (79,22) (78,23) (77,24) (76,23) (75,23) (74,23) (73,21) (72,20) (71,19) (70,17) (69,14) (68,10) (67,11) (66,10) (65,10) (64,8) (63,8) (62,6) (61,2) (60,2) (59,-1) (58,-5) (57,-5) (56,-3) (55,-4) (54,-6) (53,-7) (52,-8) (51,-7) (50,-7) (49,-5) (48,-4) (47,-2) (46,-2) (45,-2) (44,-1) (43,0) (42,-3) (41,-2) (40,-2) (39,1) (38,1) (37,4) (36,2) (35,2) (34,4) (33,6) (32,7) (31,9) (30,10) (29,11) (28,10) (27,10) (26,15) (25,15) (24,17) (23,20) (22,21) (21,24) (20,27) (19,31) (18,36) (17,39) (16,40) (15,41) (14,45) (13,49) (12,51) (11,55) (10,58) (9,62) (8,65) (7,69) (6,72) (5,75) (4,79) (3,84) (2,89) (1,94) (0,99) 
TD 1 :
(99,92) (0,99) (1,94) (2,89) (3,84) (4,79) (5,75) (6,72) (7,69) (8,65) (9,62) (10,58) (11,55) (12,51) (13,49) (14,45) (15,41) (16,40) (17,39) (18,36) (19,31) (20,27) (21,24) (22,21) (23,20) (24,17) (25,15) (26,15) (27,10) (28,10) (29,11) (30,10) (31,9) (32,7) (33,6) (34,4) (35,2) (36,2) (37,4) (38,1) (39,1) (40,-2) (41,-2) (42,-3) (43,0) (44,-1) (45,-2) (46,-2) (47,-2) (48,-4) (49,-5) (50,-7) (51,-7) (52,-8) (53,-7) (54,-6) (55,-4) (56,-3) (57,-5) (58,-5) (59,-1) (60,2) (61,2) (62,6) (63,8) (64,8) (65,10) (66,10) (67,11) (68,10) (69,14) (70,17) (71,19) (72,20) (73,21) (74,23) (75,23) (76,23) (77,24) (78,23) (79,22) (80,25) (81,29) (82,33) (83,35) (84,39) (85,43) (86,45) (87,49) (88,52) (89,56) (90,61) (91,65) (92,68) (93,69) (94,73) (95,76) (96,81) (97,86) (98,88) 
TD 2 :
(99,92) (0,99) (98,88) (1,94) (2,89) (3,84) (4,79) (5,75) (6,72) (7,69) (8,65) (9,62) (10,58) (11,55) (12,51) (13,49) (14,45) (15,41) (16,40) (17,39) (18,36) (19,31) (20,27) (21,24) (22,21) (23,20) (24,17) (25,15) (26,15) (27,10) (28,10) (29,11) (30,10) (31,9) (32,7) (33,6) (34,4) (35,2) (36,2) (37,4) (38,1) (39,1) (40,-2) (41,-2) (42,-3) (43,0) (44,-1) (45,-2) (46,-2) (47,-2) (48,-4) (49,-5) (50,-7) (51,-7) (52,-8) (53,-7) (54,-6) (55,-4) (56,-3) (57,-5) (58,-5) (59,-1) (60,2) (61,2) (62,6) (63,8) (64,8) (65,10) (66,10) (67,11) (68,10) (69,14) (70,17) (71,19) (72,20) (73,21) (74,23) (75,23) (76,23) (77,24) (78,23) (79,22) (80,25) (81,29) (82,33) (83,35) (84,39) (85,43) (86,45) (87,49) (88,52) (89,56) (90,61) (91,65) (92,68) (93,69) (94,73) (95,76) (96,81) (97,86) 
TD 3 :
(99,92) (0,99) (98,88) (1,94) (97,86) (2,89) (3,84) (4,79) (5,75) (6,72) (7,69) (8,65) (9,62) (10,58) (11,55) (12,51) (13,49) (14,45) (15,41) (16,40) (17,39) (18,36) (19,31) (20,27) (21,24) (22,21) (23,20) (24,17) (25,15) (26,15) (27,10) (28,10) (29,11) (30,10) (31,9) (32,7) (33,6) (34,4) (35,2) (36,2) (37,4) (38,1) (39,1) (40,-2) (41,-2) (42,-3) (43,0) (44,-1) (45,-2) (46,-2) (47,-2) (48,-4) (49,-5) (50,-7) (51,-7) (52,-8) (53,-7) (54,-6) (55,-4) (56,-3) (57,-5) (58,-5) (59,-1) (60,2) (61,2) (62,6) (63,8) (64,8) (65,10) (66,10) (67,11) (68,10) (69,14) (70,17) (71,19) (72,20) (73,21) (74,23) (75,23) (76,23) (77,24) (78,23) (79,22) (80,25) (81,29) (82,33) (83,35) (84,39) (85,43) (86,45) (87,49) (88,52) (89,56) (90,61) (91,65) (92,68) (93,69) (94,73) (95,76) (96,81) 
TD 4 :
(99,92) (0,99) (98,88) (1,94) (97,86) (2,89) (96,81) (3,84) (4,79) (5,75) (6,72) (7,69) (8,65) (9,62) (10,58) (11,55) (12,51) (13,49) (14,45) (15,41) (16,40) (17,39) (18,36) (19,31) (20,27) (21,24) (22,21) (23,20) (24,17) (25,15) (26,15) (27,10) (28,10) (29,11) (30,10) (31,9) (32,7) (33,6) (34,4) (35,2) (36,2) (37,4) (38,1) (39,1) (40,-2) (41,-2) (42,-3) (43,0) (44,-1) (45,-2) (46,-2) (47,-2) (48,-4) (49,-5) (50,-7) (51,-7) (52,-8) (53,-7) (54,-6) (55,-4) (56,-3) (57,-5) (58,-5) (59,-1) (60,2) (61,2) (62,6) (63,8) (64,8) (65,10) (66,10) (67,11) (68,10) (69,14) (70,17) (71,19) (72,20) (73,21) (74,23) (75,23) (76,23) (77,24) (78,23) (79,22) (80,25) (81,29) (82,33) (83,35) (84,39) (85,43) (86,45) (87,49) (88,52) (89,56) (90,61) (91,65) (92,68) (93,69) (94,73) (95,76) 
TD 5 :
(99,92) (0,99) (98,88) (1,94) (97,86) (2,89) (96,81) (3,84) (95,76) (4,79) (5,75) (6,72) (7,69) (8,65) (9,62) (10,58) (11,55) (12,51) (13,49) (14,45) (15,41) (16,40) (17,39) (18,36) (19,31) (20,27) (21,24) (22,21) (23,20) (24,17) (25,15) (26,15) (27,10) (28,10) (29,11) (30,10) (31,9) (32,7) (33,6) (34,4) (35,2) (36,2) (37,4) (38,1) (39,1) (40,-2) (41,-2) (42,-3) (43,0) (44,-1) (45,-2) (46,-2) (47,-2) (48,-4) (49,-5) (50,-7) (51,-7) (52,-8) (53,-7) (54,-6) (55,-4) (56,-3) (57,-5) (58,-5) (59,-1) (60,2) (61,2) (62,6) (63,8) (64,8) (65,10) (66,10) (67,11) (68,10) (69,14) (70,17) (71,19) (72,20) (73,21) (74,23) (75,23) (76,23) (77,24) (78,23) (79,22) (80,25) (81,29) (82,33) (83,35) (84,39) (85,43) (86,45) (87,49) (88,52) (89,56) (90,61) (91,65) (92,68) (93,69) (94,73) 
TD 6 :
(99,92) (0,99) (98,88) (1,94) (97,86) (2,89) (96,81) (3,84) (95,76) (4,79) (94,73) (5,75) (6,72) (7,69) (8,65) (9,62) (10,58) (11,55) (12,51) (13,49) (14,45) (15,41) (16,40) (17,39) (18,36) (19,31) (20,27) (21,24) (22,21) (23,20) (24,17) (25,15) (26,15) (27,10) (28,10) (29,11) (30,10) (31,9) (32,7) (33,6) (34,4) (35,2) (36,2) (37,4) (38,1) (39,1) (40,-2) (41,-2) (42,-3) (43,0) (44,-1) (45,-2) (46,-2) (47,-2) (48,-4) (49,-5) (50,-7) (51,-7) (52,-8) (53,-7) (54,-6) (55,-4) (56,-3) (57,-5) (58,-5) (59,-1) (60,2) (61,2) (62,6) (63,8) (64,8) (65,10) (66,10) (67,11) (68,10) (69,14) (70,17) (71,19) (72,20) (73,21) (74,23) (75,23) (76,23) (77,24) (78,23) (79,22) (80,25) (81,29) (82,33) (83,35) (84,39) (85,43) (86,45) (87,49) (88,52) (89,56) (90,61) (91,65) (92,68) (93,69) 
TD 7 :
(99,92) (0,99) (98,88) (1,94) (97,86) (2,89) (96,81) (3,84) (95,76) (4,79) (94,73) (5,75) (93,69) (6,72) (7,69) (8,65) (9,62) (10,58) (11,55) (12,51) (13,49) (14,45) (15,41) (16,40) (17,39) (18,36) (19,31) (20,27) (21,24) (22,21) (23,20) (24,17) (25,15) (26,15) (27,10) (28,10) (29,11) (30,10) (31,9) (32,7) (33,6) (34,4) (35,2) (36,2) (37,4) (38,1) (39,1) (40,-2) (41,-2) (42,-3) (43,0) (44,-1) (45,-2) (46,-2) (47,-2) (48,-4) (49,-5) (50,-7) (51,-7) (52,-8) (53,-7) (54,-6) (55,-4) (56,-3) (57,-5) (58,-5) (59,-1) (60,2) (61,2) (62,6) (63,8) (64,8) (65,10) (66,10) (67,11) (68,10) (69,14) (70,17) (71,19) (72,20) (73,21) (74,23) (75,23) (76,23) (77,24) (78,23) (79,22) (80,25) (81,29) (82,33) (83,35) (84,39) (85,43) (86,45) (87,49) (88,52) (89,56) (90,61) (91,65) (92,68) 
TD 8 :
(99,92) (0,99) (98,88) (1,94) (97,86) (2,89) (96,81) (3,84) (95,76) (4,79) (94,73) (5,75) (93,69) (6,72) (92,68) (7,69) (8,65) (9,62) (10,58) (11,55) (12,51) (13,49) (14,45) (15,41) (16,40) (17,39) (18,36) (19,31) (20,27) (21,24) (22,21) (23,20) (24,17) (25,15) (26,15) (27,10) (28,10) (29,11) (30,10) (31,9) (32,7) (33,6) (34,4) (35,2) (36,2) (37,4) (38,1) (39,1) (40,-2) (41,-2) (42,-3) (43,0) (44,-1) (45,-2) (46,-2) (47,-2) (48,-4) (49,-5) (50,-7) (51,-7) (52,-8) (53,-7) (54,-6) (55,-4) (56,-3) (57,-5) (58,-5) (59,-1) (60,2) (61,2) (62,6) (63,8) (64,8) (65,10) (66,10) (67,11) (68,10) (69,14) (70,17) (71,19) (72,20) (73,21) (74,23) (75,23) (76,23) (77,24) (78,23) (79,22) (80,25) (81,29) (82,33) (83,35) (84,39) (85,43) (86,45) (87,49) (88,52) (89,56) (90,61) (91,65) 
TD 9 :
(99,92) (0,99) (98,88) (1,94) (97,86) (2,89) (96,81) (3,84) (95,76) (4,79) (94,73) (5,75) (93,69) (6,72) (92,68) (7,69) (91,65) (8,65) (9,62) (10,58) (11,55) (12,51) (13,49) (14,45) (15,41) (16,40) (17,39) (18,36) (19,31) (20,27) (21,24) (22,21) (23,20) (24,17) (25,15) (26,15) (27,10) (28,10) (29,11) (30,10) (31,9) (32,7) (33,6) (34,4) (35,2) (36,2) (37,4) (38,1) (39,1) (40,-2) (41,-2) (42,-3) (43,0) (44,-1) (45,-2) (46,-2) (47,-2) (48,-4) (49,-5) (50,-7) (51,-7) (52,-8) (53,-7) (54,-6) (55,-4) (56,-3) (57,-5) (58,-5) (59,-1) (60,2) (61,2) (62,6) (63,8) (64,8) (65,10) (66,10) (67,11) (68,10) (69,14) (70,17) (71,19) (72,20) (73,21) (74,23) (75,23) (76,23) (77,24) (78,23) (79,22) (80,25) (81,29) (82,33) (83,35) (84,39) (85,43) (86,45) (87,49) (88,52) (89,56) (90,61) 
TD 10 :
(99,92) (0,99) (98,88) (1,94) (97,86) (2,89) (96,81) (3,84) (95,76) (4,79) (94,73) (5,75) (93,69) (6,72) (92,68) (7,69) (91,65) (8,65) (90,61) (9,62) (10,58) (11,55) (12,51) (13,49) (14,45) (15,41) (16,40) (17,39) (18,36) (19,31) (20,27) (21,24) (22,21) (23,20) (24,17) (25,15) (26,15) (27,10) (28,10) (29,11) (30,10) (31,9) (32,7) (33,6) (34,4) (35,2) (36,2) (37,4) (38,1) (39,1) (40,-2) (41,-2) (42,-3) (43,0) (44,-1) (45,-2) (46,-2) (47,-2) (48,-4) (49,-5) (50,-7) (51,-7) (52,-8) (53,-7) (54,-6) (55,-4) (56,-3) (57,-5) (58,-5) (59,-1) (60,2) (61,2) (62,6) (63,8) (64,8) (65,10) (66,10) (67,11) (68,10) (69,14) (70,17) (71,19) (72,20) (73,21) (74,23) (75,23) (76,23) (77,24) (78,23) (79,22) (80,25) (81,29) (82,33) (83,35) (84,39) (85,43) (86,45) (87,49) (88,52) (89,56) 
TD 11 :
(99,92) (0,99) (98,88) (1,94) (97,86) (2,89) (96,81) (3,84) (95,76) (4,79) (94,73) (5,75) (93,69) (6,72) (92,68) (7,69) (91,65) (8,65) (90,61) (9,62) (89,56) (10,58) (11,55) (12,51) (13,49) (14,45) (15,41) (16,40) (17,39) (18,36) (19,31) (20,27) (21,24) (22,21) (23,20) (24,17) (25,15) (26,15) (27,10) (28,10) (29,11) (30,10) (31,9) (32,7) (33,6) (34,4) (35,2) (36,2) (37,4) (38,1) (39,1) (40,-2) (41,-2) (42,-3) (43,0) (44,-1) (45,-2) (46,-2) (47,-2) (48,-4) (49,-5) (50,-7) (51,-7) (52,-8) (53,-7) (54,-6) (55,-4) (56,-3) (57,-5) (58,-5) (59,-1) (60,2) (61,2) (62,6) (63,8) (64,8) (65,10) (66,10) (67,11) (68,10) (69,14) (70,17) (71,19) (72,20) (73,21) (74,23) (75,23) (76,23) (77,24) (78,23) (79,22) (80,25) (81,29) (82,33) (83,35) (84,39) (85,43) (86,45) (87,49) (88,52) 
TD 12 :
(99,92) (0,99) (98,88) (1,94) (97,86) (2,89) (96,81) (3,84) (95,76) (4,79) (94,73) (5,75) (93,69) (6,72) (92,68) (7,69) (91,65) (8,65) (90,61) (9,62) (89,56) (10,58) (88,52) (11,55) (12,51) (13,49) (14,45) (15,41) (16,40) (17,39) (18,36) (19,31) (20,27) (21,24) (22,21) (23,20) (24,17) (25,15) (26,15) (27,10) (28,10) (29,11) (30,10) (31,9) (32,7) (33,6) (34,4) (35,2) (36,2) (37,4) (38,1) (39,1) (40,-2) (41,-2) (42,-3) (43,0) (44,-1) (45,-2) (46,-2) (47,-2) (48,-4) (49,-5) (50,-7) (51,-7) (52,-8) (53,-7) (54,-6) (55,-4) (56,-3) (57,-5) (58,-5) (59,-1) (60,2) (61,2) (62,6) (63,8) (64,8) (65,10) (66,10) (67,11) (68,10) (69,14) (70,17) (71,19) (72,20) (73,21) (74,23) (75,23) (76,23) (77,24) (78,23) (79,22) (80,25) (81,29) (82,33) (83,35) (84,39) (85,43) (86,45) (87,49) 
TD 13 :
(99,92) (0,99) (98,88) (1,94) (97,86) (2,89) (96,81) (3,84) (95,76) (4,79) (94,73) (5,75) (93,69) (6,72) (92,68) (7,69) (91,65) (8,65) (90,61) (9,62) (89,56) (10,58) (88,52) (11,55) (87,49) (12,51) (13,49) (14,45) (15,41) (16,40) (17,39) (18,36) (19,31) (20,27) (21,24) (22,21) (23,20) (24,17) (25,15) (26,15) (27,10) (28,10) (29,11) (30,10) (31,9) (32,7) (33,6) (34,4) (35,2) (36,2) (37,4) (38,1) (39,1) (40,-2) (41,-2) (42,-3) (43,0) (44,-1) (45,-2) (46,-2) (47,-2) (48,-4) (49,-5) (50,-7) (51,-7) (52,-8) (53,-7) (54,-6) (55,-4) (56,-3) (57,-5) (58,-5) (59,-1) (60,2) (61,2) (62,6) (63,8) (64,8) (65,10) (66,10) (67,11) (68,10) (69,14) (70,17) (71,19) (72,20) (73,21) (74,23) (75,23) (76,23) (77,24) (78,23) (79,22) (80,25) (81,29) (82,33) (83,35) (84,39) (85,43) (86,45) 
TD 14 :
(99,92) (0,99) (98,88) (1,94) (97,86) (2,89) (96,81) (3,84) (95,76) (4,79) (94,73) (5,75) (93,69) (6,72) (92,68) (7,69) (91,65) (8,65) (90,61) (9,62) (89,56) (10,58) (88,52) (11,55) (87,49) (12,51) (86,45) (13,49) (14,45) (15,41) (16,40) (17,39) (18,36) (19,31) (20,27) (21,24) (22,21) (23,20) (24,17) (25,15) (26,15) (27,10) (28,10) (29,11) (30,10) (31,9) (32,7) (33,6) (34,4) (35,2) (36,2) (37,4) (38,1) (39,1) (40,-2) (41,-2) (42,-3) (43,0) (44,-1) (45,-2) (46,-2) (47,-2) (48,-4) (49,-5) (50,-7) (51,-7) (52,-8) (53,-7) (54,-6) (55,-4) (56,-3) (57,-5) (58,-5) (59,-1) (60,2) (61,2) (62,6) (63,8) (64,8) (65,10) (66,10) (67,11) (68,10) (69,14) (70,17) (71,19) (72,20) (73,21) (74,23) (75,23) (76,23) (77,24) (78,23) (79,22) (80,25) (81,29) (82,33) (83,35) (84,39) (85,43) 
TD 15 :
(99,92) (0,99) (98,88) (1,94) (97,86) (2,89) (96,81) (3,84) (95,76) (4,79) (94,73) (5,75) (93,69) (6,72) (92,68) (7,69) (91,65) (8,65) (90,61) (9,62) (89,56) (10,58) (88,52) (11,55) (87,49) (12,51) (86,45) (13,49) (85,43) (14,45) (15,41) (16,40) (17,39) (18,36) (19,31) (20,27) (21,24) (22,21) (23,20) (24,17) (25,15) (26,15) (27,10) (28,10) (29,11) (30,10) (31,9) (32,7) (33,6) (34,4) (35,2) (36,2) (37,4) (38,1) (39,1) (40,-2) (41,-2) (42,-3) (43,0) (44,-1) (45,-2) (46,-2) (47,-2) (48,-4) (49,-5) (50,-7) (51,-7) (52,-8) (53,-7) (54,-6) (55,-4) (56,-3) (57,-5) (58,-5) (59,-1) (60,2) (61,2) (62,6) (63,8) (64,8) (65,10) (66,10) (67,11) (68,10) (69,14) (70,17) (71,19) (72,20) (73,21) (74,23) (75,23) (76,23) (77,24) (78,23) (79,22) (80,25) (81,29) (82,33) (83,35) (84,39) 
TD 16 :
(99,92) (0,99) (98,88) (1,94) (97,86) (2,89) (96,81) (3,84) (95,76) (4,79) (94,73) (5,75) (93,69) (6,72) (92,68) (7,69) (91,65) (8,65) (90,61) (9,62) (89,56) (10,58) (88,52) (11,55) (87,49) (12,51) (86,45) (13,49) (85,43) (14,45) (84,39) (15,41) (16,40) (17,39) (18,36) (19,31) (20,27) (21,24) (22,21) (23,20) (24,17) (25,15) (26,15) (27,10) (28,10) (29,11) (30,10) (31,9) (32,7) (33,6) (34,4) (35,2) (36,2) (37,4) (38,1) (39,1) (40,-2) (41,-2) (42,-3) (43,0) (44,-1) (45,-2) (46,-2) (47,-2) (48,-4) (49,-5) (50,-7) (51,-7) (52,-8) (53,-7) (54,-6) (55,-4) (56,-3) (57,-5) (58,-5) (59,-1) (60,2) (61,2) (62,6) (63,8) (64,8) (65,10) (66,10) (67,11) (68,10) (69,14) (70,17) (71,19) (72,20) (73,21) (74,23) (75,23) (76,23) (77,24) (78,23) (79,22) (80,25) (81,29) (82,33) (83,35) 
TD 17 :
(99,92) (0,99) (98,88) (1,94) (97,86) (2,89) (96,81) (3,84) (95,76) (4,79) (94,73) (5,75) (93,69) (6,72) (92,68) (7,69) (91,65) (8,65) (90,61) (9,62) (89,56) (10,58) (88,52) (11,55) (87,49) (12,51) (86,45) (13,49) (85,43) (14,45) (84,39) (15,41) (83,35) (16,40) (17,39) (18,36) (19,31) (20,27) (21,24) (22,21) (23,20) (24,17) (25,15) (26,15) (27,10) (28,10) (29,11) (30,10) (31,9) (32,7) (33,6) (34,4) (35,2) (36,2) (37,4) (38,1) (39,1) (40,-2) (41,-2) (42,-3) (43,0) (44,-1) (45,-2) (46,-2) (47,-2) (48,-4) (49,-5) (50,-7) (51,-7) (52,-8) (53,-7) (54,-6) (55,-4) (56,-3) (57,-5) (58,-5) (59,-1) (60,2) (61,2) (62,6) (63,8) (64,8) (65,10) (66,10) (67,11) (68,10) (69,14) (70,17) (71,19) (72,20) (73,21) (74,23) (75,23) (76,23) (77,24) (78,23) (79,22) (80,25) (81,29) (82,33) 
TD 18 :
(99,92) (0,99) (98,88) (1,94) (97,86) (2,89) (96,81) (3,84) (95,76) (4,79) (94,73) (5,75) (93,69) (6,72) (92,68) (7,69) (91,65) (8,65) (90,61) (9,62) (89,56) (10,58) (88,52) (11,55) (87,49) (12,51) (86,45) (13,49) (85,43) (14,45) (84,39) (15,41) (83,35) (16,40) (82,33) (17,39) (18,36) (19,31) (20,27) (21,24) (22,21) (23,20) (24,17) (25,15) (26,15) (27,10) (28,10) (29,11) (30,10) (31,9) (32,7) (33,6) (34,4) (35,2) (36,2) (37,4) (38,1) (39,1) (40,-2) (41,-2) (42,-3) (43,0) (44,-1) (45,-2) (46,-2) (47,-2) (48,-4) (49,-5) (50,-7) (51,-7) (52,-8) (53,-7) (54,-6) (55,-4) (56,-3) (57,-5) (58,-5) (59,-1) (60,2) (61,2) (62,6) (63,8) (64,8) (65,10) (66,10) (67,11) (68,10) (69,14) (70,17) (71,19) (72,20) (73,21) (74,23) (75,23) (76,23) (77,24) (78,23) (79,22) (80,25) (81,29) 
TD 19 :
(99,92) (0,99) (98,88) (1,94) (97,86) (2,89) (96,81) (3,84) (95,76) (4,79) (94,73) (5,75) (93,69) (6,72) (92,68) (7,69) (91,65) (8,65) (90,61) (9,62) (89,56) (10,58) (88,52) (11,55) (87,49) (12,51) (86,45) (13,49) (85,43) (14,45) (84,39) (15,41) (83,35) (16,40) (82,33) (17,39) (81,29) (18,36) (19,31) (20,27) (21,24) (22,21) (23,20) (24,17) (25,15) (26,15) (27,10) (28,10) (29,11) (30,10) (31,9) (32,7) (33,6) (34,4) (35,2) (36,2) (37,4) (38,1) (39,1) (40,-2) (41,-2) (42,-3) (43,0) (44,-1) (45,-2) (46,-2) (47,-2) (48,-4) (49,-5) (50,-7) (51,-7) (52,-8) (53,-7) (54,-6) (55,-4) (56,-3) (57,-5) (58,-5) (59,-1) (60,2) (61,2) (62,6) (63,8) (64,8) (65,10) (66,10) (67,11) (68,10) (69,14) (70,17) (71,19) (72,20) (73,21) (74,23) (75,23) (76,23) (77,24) (78,23) (79,22) (80,25) 
TD 20 :
(99,92) (0,99) (98,88) (1,94) (97,86) (2,89) (96,81) (3,84) (95,76) (4,79) (94,73) (5,75) (93,69) (6,72) (92,68) (7,69) (91,65) (8,65) (90,61) (9,62) (89,56) (10,58) (88,52) (11,55) (87,49) (12,51) (86,45) (13,49) (85,43) (14,45) (84,39) (15,41) (83,35) (16,40) (82,33) (17,39) (81,29) (18,36) (80,25) (19,31) (20,27) (21,24) (22,21) (23,20) (24,17) (25,15) (26,15) (27,10) (28,10) (29,11) (30,10) (31,9) (32,7) (33,6) (34,4) (35,2) (36,2) (37,4) (38,1) (39,1) (40,-2) (41,-2) (42,-3) (43,0) (44,-1) (45,-2) (46,-2) (47,-2) (48,-4) (49,-5) (50,-7) (51,-7) (52,-8) (53,-7) (54,-6) (55,-4) (56,-3) (57,-5) (58,-5) (59,-1) (60,2) (61,2) (62,6) (63,8) (64,8) (65,10) (66,10) (67,11) (68,10) (69,14) (70,17) (71,19) (72,20) (73,21) (74,23) (75,23) (76,23) (77,24) (78,23) (79,22) 
TD 21 :
(99,92) (0,99) (98,88) (1,94) (97,86) (2,89) (96,81) (3,84) (95,76) (4,79) (94,73) (5,75) (93,69) (6,72) (92,68) (7,69) (91,65) (8,65) (90,61) (9,62) (89,56) (10,58) (88,52) (11,55) (87,49) (12,51) (86,45) (13,49) (85,43) (14,45) (84,39) (15,41) (83,35) (16,40) (82,33) (17,39) (81,29) (18,36) (80,25) (19,31) (79,22) (78,23) (77,24) (20,27) (21,24) (22,21) (23,20) (24,17) (25,15) (26,15) (27,10) (28,10) (29,11) (30,10) (31,9) (32,7) (33,6) (34,4) (35,2) (36,2) (37,4) (38,1) (39,1) (40,-2) (41,-2) (42,-3) (43,0) (44,-1) (45,-2) (46,-2) (47,-2) (48,-4) (49,-5) (50,-7) (51,-7) (52,-8) (53,-7) (54,-6) (55,-4) (56,-3) (57,-5) (58,-5) (59,-1) (60,2) (61,2) (62,6) (63,8) (64,8) (65,10) (66,10) (67,11) (68,10) (69,14) (70,17) (71,19) (72,20) (73,21) (74,23) (75,23) (76,23) 
(99,92) (0,99) (98,88) (1,94) (97,86) (2,89) (96,81) (3,84) (95,76) (4,79) (94,73) (5,75) (93,69) (6,72) (92,68) (7,69) (91,65) (8,65) (90,61) (9,62) (89,56) (10,58) (88,52) (11,55) (87,49) (12,51) (86,45) (13,49) (85,43) (14,45) (84,39) (15,41) (83,35) (16,40) (82,33) (17,39) (81,29) (18,36) (80,25) (19,31) (79,22) (78,23) (77,24) (20,27) 
(99,92) (0,99) (98,88) (1,94) (97,86) (2,89) (96,81) (3,84) (95,76) (4,79) (94,73) (5,75) (93,69) (6,72) (92,68) (7,69) (91,65) (8,65) (90,61) (9,62) (89,56) (10,58) (88,52) (11,55) (87,49) (12,51) (86,45) (13,49) (85,43) (14,45) (84,39) (15,41) (83,35) (16,40) (82,33) (17,39) (81,29) (18,36) (80,25) (19,31) (79,22) (78,23) (77,24) (20,27) 
TD 22 :
(99,92) (0,99) (98,88) (1,94) (97,86) (2,89) (96,81) (3,84) (95,76) (4,79) (94,73) (5,75) (93,69) (6,72) (92,68) (7,69) (91,65) (8,65) (90,61) (9,62) (89,56) (10,58) (88,52) (11,55) (87,49) (12,51) (86,45) (13,49) (85,43) (14,45) (84,39) (15,41) (83,35) (16,40) (82,33) (17,39) (81,29) (18,36) (80,25) (19,31) (79,22) (78,23) (77,24) (20,27) (76,23) (21,24) (22,21) (23,20) (24,17) (25,15) (26,15) (27,10) (28,10) (29,11) (30,10) (31,9) (32,7) (33,6) (34,4) (35,2) (36,2) (37,4) (38,1) (39,1) (40,-2) (41,-2) (42,-3) (43,0) (44,-1) (45,-2) (46,-2) (47,-2) (48,-4) (49,-5) (50,-7) (51,-7) (52,-8) (53,-7) (54,-6) (55,-4) (56,-3) (57,-5) (58,-5) (59,-1) (60,2) (61,2) (62,6) (63,8) (64,8) (65,10) (66,10) (67,11) (68,10) (69,14) (70,17) (71,19) (72,20) (73,21) (74,23) (75,23) 
TD 23 :
(99,92) (0,99) (98,88) (1,94) (97,86) (2,89) (96,81) (3,84) (95,76) (4,79) (94,73) (5,75) (93,69) (6,72) (92,68) (7,69) (91,65) (8,65) (90,61) (9,62) (89,56) (10,58) (88,52) (11,55) (87,49) (12,51) (86,45) (13,49) (85,43) (14,45) (84,39) (15,41) (83,35) (16,40) (82,33) (17,39) (81,29) (18,36) (80,25) (19,31) (79,22) (78,23) (77,24) (20,27) (76,23) (21,24) (75,23) (74,23) (22,21) (23,20) (24,17) (25,15) (26,15) (27,10) (28,10) (29,11) (30,10) (31,9) (32,7) (33,6) (34,4) (35,2) (36,2) (37,4) (38,1) (39,1) (40,-2) (41,-2) (42,-3) (43,0) (44,-1) (45,-2) (46,-2) (47,-2) (48,-4) (49,-5) (50,-7) (51,-7) (52,-8) (53,-7) (54,-6) (55,-4) (56,-3) (57,-5) (58,-5) (59,-1) (60,2) (61,2) (62,6) (63,8) (64,8) (65,10) (66,10) (67,11) (68,10) (69,14) (70,17) (71,19) (72,20) (73,21) 
(99,92) (0,99) (98,88) (1,94) (97,86) (2,89) (96,81) (3,84) (95,76) (4,79) (94,73) (5,75) (93,69) (6,72) (92,68) (7,69) (91,65) (8,65) (90,61) (9,62) (89,56) (10,58) (88,52) (11,55) (87,49) (12,51) (86,45) (13,49) (85,43) (14,45) (84,39) (15,41) (83,35) (16,40) (82,33) (17,39) (81,29) (18,36) (80,25) (19,31) (79,22) (78,23) (77,24) (20,27) (76,23) (21,24) (75,23) (74,23) (22,21) 
TD 24 :
(99,92) (0,99) (98,88) (1,94) (97,86) (2,89) (96,81) (3,84) (95,76) (4,79) (94,73) (5,75) (93,69) (6,72) (92,68) (7,69) (91,65) (8,65) (90,61) (9,62) (89,56) (10,58) (88,52) (11,55) (87,49) (12,51) (86,45) (13,49) (85,43) (14,45) (84,39) (15,41) (83,35) (16,40) (82,33) (17,39) (81,29) (18,36) (80,25) (19,31) (79,22) (78,23) (77,24) (20,27) (76,23) (21,24) (75,23) (74,23) (22,21) (73,21) (23,20) (24,17) (25,15) (26,15) (27,10) (28,10) (29,11) (30,10) (31,9) (32,7) (33,6) (34,4) (35,2) (36,2) (37,4) (38,1) (39,1) (40,-2) (41,-2) (42,-3) (43,0) (44,-1) (45,-2) (46,-2) (47,-2) (48,-4) (49,-5) (50,-7) (51,-7) (52,-8) (53,-7) (54,-6) (55,-4) (56,-3) (57,-5) (58,-5) (59,-1) (60,2) (61,2) (62,6) (63,8) (64,8) (65,10) (66,10) (67,11) (68,10) (69,14) (70,17) (71,19) (72,20) 
TD 25 :
(99,92) (0,99) (98,88) (1,94) (97,86) (2,89) (96,81) (3,84) (95,76) (4,79) (94,73) (5,75) (93,69) (6,72) (92,68) (7,69) (91,65) (8,65) (90,61) (9,62) (89,56) (10,58) (88,52) (11,55) (87,49) (12,51) (86,45) (13,49) (85,43) (14,45) (84,39) (15,41) (83,35) (16,40) (82,33) (17,39) (81,29) (18,36) (80,25) (19,31) (79,22) (78,23) (77,24) (20,27) (76,23) (21,24) (75,23) (74,23) (22,21) (73,21) (23,20) (72,20) (24,17) (25,15) (26,15) (27,10) (28,10) (29,11) (30,10) (31,9) (32,7) (33,6) (34,4) (35,2) (36,2) (37,4) (38,1) (39,1) (40,-2) (41,-2) (42,-3) (43,0) (44,-1) (45,-2) (46,-2) (47,-2) (48,-4) (49,-5) (50,-7) (51,-7) (52,-8) (53,-7) (54,-6) (55,-4) (56,-3) (57,-5) (58,-5) (59,-1) (60,2) (61,2) (62,6) (63,8) (64,8) (65,10) (66,10) (67,11) (68,10) (69,14) (70,17) (71,19) 
TD 26 :
(99,92) (0,99) (98,88) (1,94) (97,86) (2,89) (96,81) (3,84) (95,76) (4,79) (94,73) (5,75) (93,69) (6,72) (92,68) (7,69) (91,65) (8,65) (90,61) (9,62) (89,56) (10,58) (88,52) (11,55) (87,49) (12,51) (86,45) (13,49) (85,43) (14,45) (84,39) (15,41) (83,35) (16,40) (82,33) (17,39) (81,29) (18,36) (80,25) (19,31) (79,22) (78,23) (77,24) (20,27) (76,23) (21,24) (75,23) (74,23) (22,21) (73,21) (23,20) (72,20) (24,17) (71,19) (25,15) (26,15) (27,10) (28,10) (29,11) (30,10) (31,9) (32,7) (33,6) (34,4) (35,2) (36,2) (37,4) (38,1) (39,1) (40,-2) (41,-2) (42,-3) (43,0) (44,-1) (45,-2) (46,-2) (47,-2) (48,-4) (49,-5) (50,-7) (51,-7) (52,-8) (53,-7) (54,-6) (55,-4) (56,-3) (57,-5) (58,-5) (59,-1) (60,2) (61,2) (62,6) (63,8) (64,8) (65,10) (66,10) (67,11) (68,10) (69,14) (70,17) 
TD 27 :
(99,92) (0,99) (98,88) (1,94) (97,86) (2,89) (96,81) (3,84) (95,76) (4,79) (94,73) (5,75) (93,69) (6,72) (92,68) (7,69) (91,65) (8,65) (90,61) (9,62) (89,56) (10,58) (88,52) (11,55) (87,49) (12,51) (86,45) (13,49) (85,43) (14,45) (84,39) (15,41) (83,35) (16,40) (82,33) (17,39) (81,29) (18,36) (80,25) (19,31) (79,22) (78,23) (77,24) (20,27) (76,23) (21,24) (75,23) (74,23) (22,21) (73,21) (23,20) (72,20) (24,17) (71,19) (25,15) (70,17) (26,15) (27,10) (28,10) (29,11) (30,10) (31,9) (32,7) (33,6) (34,4) (35,2) (36,2) (37,4) (38,1) (39,1) (40,-2) (41,-2) (42,-3) (43,0) (44,-1) (45,-2) (46,-2) (47,-2) (48,-4) (49,-5) (50,-7) (51,-7) (52,-8) (53,-7) (54,-6) (55,-4) (56,-3) (57,-5) (58,-5) (59,-1) (60,2) (61,2) (62,6) (63,8) (64,8) (65,10) (66,10) (67,11) (68,10) (69,14) 
TD 28 :
(99,92) (0,99) (98,88) (1,94) (97,86) (2,89) (96,81) (3,84) (95,76) (4,79) (94,73) (5,75) (93,69) (6,72) (92,68) (7,69) (91,65) (8,65) (90,61) (9,62) (89,56) (10,58) (88,52) (11,55) (87,49) (12,51) (86,45) (13,49) (85,43) (14,45) (84,39) (15,41) (83,35) (16,40) (82,33) (17,39) (81,29) (18,36) (80,25) (19,31) (79,22) (78,23) (77,24) (20,27) (76,23) (21,24) (75,23) (74,23) (22,21) (73,21) (23,20) (72,20) (24,17) (71,19) (25,15) (70,17) (26,15) (69,14) (29,11) (27,10) (28,10) 
(99,92) (0,99) (98,88) (1,94) (97,86) (2,89) (96,81) (3,84) (95,76) (4,79) (94,73) (5,75) (93,69) (6,72) (92,68) (7,69) (91,65) (8,65) (90,61) (9,62) (89,56) (10,58) (88,52) (11,55) (87,49) (12,51) (86,45) (13,49) (85,43) (14,45) (84,39) (15,41) (83,35) (16,40) (82,33) (17,39) (81,29) (18,36) (80,25) (19,31) (79,22) (78,23) (77,24) (20,27) (76,23) (21,24) (75,23) (74,23) (22,21) (73,21) (23,20) (72,20) (24,17) (71,19) (25,15) (70,17) (26,15) (69,14) (29,11) (27,10) (30,10) (31,9) (32,7) (33,6) (34,4) (35,2) (36,2) (37,4) (38,1) (39,1) (40,-2) (41,-2) (42,-3) (43,0) (44,-1) (45,-2) (46,-2) (47,-2) (48,-4) (49,-5) (50,-7) (51,-7) (52,-8) (53,-7) (54,-6) (55,-4) (56,-3) (57,-5) (58,-5) (59,-1) (60,2) (61,2) (62,6) (63,8) (64,8) (65,10) (66,10) (67,11) (68,10) 
TD 29 :
(99,92) (0,99) (98,88) (1,94) (97,86) (2,89) (96,81) (3,84) (95,76) (4,79) (94,73) (5,75) (93,69) (6,72) (92,68) (7,69) (91,65) (8,65) (90,61) (9,62) (89,56) (10,58) (88,52) (11,55) (87,49) (12,51) (86,45) (13,49) (85,43) (14,45) (84,39) (15,41) (83,35) (16,40) (82,33) (17,39) (81,29) (18,36) (80,25) (19,31) (79,22) (78,23) (77,24) (20,27) (76,23) (21,24) (75,23) (74,23) (22,21) (73,21) (23,20) (72,20) (24,17) (71,19) (25,15) (70,17) (26,15) (69,14) (29,11) (27,10) (28,10) 
(99,92) (0,99) (98,88) (1,94) (97,86) (2,89) (96,81) (3,84) (95,76) (4,79) (94,73) (5,75) (93,69) (6,72) (92,68) (7,69) (91,65) (8,65) (90,61) (9,62) (89,56) (10,58) (88,52) (11,55) (87,49) (12,51) (86,45) (13,49) (85,43) (14,45) (84,39) (15,41) (83,35) (16,40) (82,33) (17,39) (81,29) (18,36) (80,25) (19,31) (79,22) (78,23) (77,24) (20,27) (76,23) (21,24) (75,23) (74,23) (22,21) (73,21) (23,20) (72,20) (24,17) (71,19) (25,15) (70,17) (26,15) (69,14) (29,11) (27,10) (68,10) (67,11) (30,10) (31,9) (32,7) (33,6) (34,4) (35,2) (36,2) (37,4) (38,1) (39,1) (40,-2) (41,-2) (42,-3) (43,0) (44,-1) (45,-2) (46,-2) (47,-2) (48,-4) (49,-5) (50,-7) (51,-7) (52,-8) (53,-7) (54,-6) (55,-4) (56,-3) (57,-5) (58,-5) (59,-1) (60,2) (61,2) (62,6) (63,8) (64,8) (65,10) (66,10) 
(99,92) (0,99) (98,88) (1,94) (97,86) (2,89) (96,81) (3,84) (95,76) (4,79) (94,73) (5,75) (93,69) (6,72) (92,68) (7,69) (91,65) (8,65) (90,61) (9,62) (89,56) (10,58) (88,52) (11,55) (87,49) (12,51) (86,45) (13,49) (85,43) (14,45) (84,39) (15,41) (83,35) (16,40) (82,33) (17,39) (81,29) (18,36) (80,25) (19,31) (79,22) (78,23) (77,24) (20,27) (76,23) (21,24) (75,23) (74,23) (22,21) (73,21) (23,20) (72,20) (24,17) (71,19) (25,15) (70,17) (26,15) (69,14) (29,11) (27,10) (68,10) (67,11) 
TD 30 :
(99,92) (0,99) (98,88) (1,94) (97,86) (2,89) (96,81) (3,84) (95,76) (4,79) (94,73) (5,75) (93,69) (6,72) (92,68) (7,69) (91,65) (8,65) (90,61) (9,62) (89,56) (10,58) (88,52) (11,55) (87,49) (12,51) (86,45) (13,49) (85,43) (14,45) (84,39) (15,41) (83,35) (16,40) (82,33) (17,39) (81,29) (18,36) (80,25) (19,31) (79,22) (78,23) (77,24) (20,27) (76,23) (21,24) (75,23) (74,23) (22,21) (73,21) (23,20) (72,20) (24,17) (71,19) (25,15) (70,17) (26,15) (69,14) (29,11) (27,10) (68,10) (67,11) (66,10) (65,10) (30,10) (31,9) (32,7) (33,6) (34,4) (35,2) (36,2) (37,4) (38,1) (39,1) (40,-2) (41,-2) (42,-3) (43,0) (44,-1) (45,-2) (46,-2) (47,-2) (48,-4) (49,-5) (50,-7) (51,-7) (52,-8) (53,-7) (54,-6) (55,-4) (56,-3) (57,-5) (58,-5) (59,-1) (60,2) (61,2) (62,6) (63,8) (64,8) 
(99,92) (0,99) (98,88) (1,94) (97,86) (2,89) (96,81) (3,84) (95,76) (4,79) (94,73) (5,75) (93,69) (6,72) (92,68) (7,69) (91,65) (8,65) (90,61) (9,62) (89,56) (10,58) (88,52) (11,55) (87,49) (12,51) (86,45) (13,49) (85,43) (14,45) (84,39) (15,41) (83,35) (16,40) (82,33) (17,39) (81,29) (18,36) (80,25) (19,31) (79,22) (78,23) (77,24) (20,27) (76,23) (21,24) (75,23) (74,23) (22,21) (73,21) (23,20) (72,20) (24,17) (71,19) (25,15) (70,17) (26,15) (69,14) (29,11) (27,10) (68,10) (67,11) (66,10) (65,10) (30,10) 
TD 31 :
(99,92) (0,99) (98,88) (1,94) (97,86) (2,89) (96,81) (3,84) (95,76) (4,79) (94,73) (5,75) (93,69) (6,72) (92,68) (7,69) (91,65) (8,65) (90,61) (9,62) (89,56) (10,58) (88,52) (11,55) (87,49) (12,51) (86,45) (13,49) (85,43) (14,45) (84,39) (15,41) (83,35) (16,40) (82,33) (17,39) (81,29) (18,36) (80,25) (19,31) (79,22) (78,23) (77,24) (20,27) (76,23) (21,24) (75,23) (74,23) (22,21) (73,21) (23,20) (72,20) (24,17) (71,19) (25,15) (70,17) (26,15) (69,14) (29,11) (27,10) (68,10) (67,11) (66,10) (65,10) (30,10) (64,8) (31,9) (32,7) (33,6) (34,4) (35,2) (36,2) (37,4) (38,1) (39,1) (40,-2) (41,-2) (42,-3) (43,0) (44,-1) (45,-2) (46,-2) (47,-2) (48,-4) (49,-5) (50,-7) (51,-7) (52,-8) (53,-7) (54,-6) (55,-4) (56,-3) (57,-5) (58,-5) (59,-1) (60,2) (61,2) (62,6) (63,8) 
TD 32 :
(99,92) (0,99) (98,88) (1,94) (97,86) (2,89) (96,81) (3,84) (95,76) (4,79) (94,73) (5,75) (93,69) (6,72) (92,68) (7,69) (91,65) (8,65) (90,61) (9,62) (89,56) (10,58) (88,52) (11,55) (87,49) (12,51) (86,45) (13,49) (85,43) (14,45) (84,39) (15,41) (83,35) (16,40) (82,33) (17,39) (81,29) (18,36) (80,25) (19,31) (79,22) (78,23) (77,24) (20,27) (76,23) (21,24) (75,23) (74,23) (22,21) (73,21) (23,20) (72,20) (24,17) (71,19) (25,15) (70,17) (26,15) (69,14) (29,11) (27,10) (68,10) (67,11) (66,10) (65,10) (30,10) (64,8) (31,9) (63,8) (32,7) (33,6) (34,4) (35,2) (36,2) (37,4) (38,1) (39,1) (40,-2) (41,-2) (42,-3) (43,0) (44,-1) (45,-2) (46,-2) (47,-2) (48,-4) (49,-5) (50,-7) (51,-7) (52,-8) (53,-7) (54,-6) (55,-4) (56,-3) (57,-5) (58,-5) (59,-1) (60,2) (61,2) (62,6) 
TD 33 :
(99,92) (0,99) (98,88) (1,94) (97,86) (2,89) (96,81) (3,84) (95,76) (4,79) (94,73) (5,75) (93,69) (6,72) (92,68) (7,69) (91,65) (8,65) (90,61) (9,62) (89,56) (10,58) (88,52) (11,55) (87,49) (12,51) (86,45) (13,49) (85,43) (14,45) (84,39) (15,41) (83,35) (16,40) (82,33) (17,39) (81,29) (18,36) (80,25) (19,31) (79,22) (78,23) (77,24) (20,27) (76,23) (21,24) (75,23) (74,23) (22,21) (73,21) (23,20) (72,20) (24,17) (71,19) (25,15) (70,17) (26,15) (69,14) (29,11) (27,10) (68,10) (67,11) (66,10) (65,10) (30,10) (64,8) (31,9) (63,8) (32,7) (62,6) (33,6) (34,4) (35,2) (36,2) (37,4) (38,1) (39,1) (40,-2) (41,-2) (42,-3) (43,0) (44,-1) (45,-2) (46,-2) (47,-2) (48,-4) (49,-5) (50,-7) (51,-7) (52,-8) (53,-7) (54,-6) (55,-4) (56,-3) (57,-5) (58,-5) (59,-1) (60,2) (61,2) 
TD 34 :
(99,92) (0,99) (98,88) (1,94) (97,86) (2,89) (96,81) (3,84) (95,76) (4,79) (94,73) (5,75) (93,69) (6,72) (92,68) (7,69) (91,65) (8,65) (90,61) (9,62) (89,56) (10,58) (88,52) (11,55) (87,49) (12,51) (86,45) (13,49) (85,43) (14,45) (84,39) (15,41) (83,35) (16,40) (82,33) (17,39) (81,29) (18,36) (80,25) (19,31) (79,22) (78,23) (77,24) (20,27) (76,23) (21,24) (75,23) (74,23) (22,21) (73,21) (23,20) (72,20) (24,17) (71,19) (25,15) (70,17) (26,15) (69,14) (29,11) (27,10) (68,10) (67,11) (66,10) (65,10) (30,10) (64,8) (31,9) (63,8) (32,7) (62,6) (33,6) (61,2) (37,4) (34,4) (35,2) (36,2) 
(99,92) (0,99) (98,88) (1,94) (97,86) (2,89) (96,81) (3,84) (95,76) (4,79) (94,73) (5,75) (93,69) (6,72) (92,68) (7,69) (91,65) (8,65) (90,61) (9,62) (89,56) (10,58) (88,52) (11,55) (87,49) (12,51) (86,45) (13,49) (85,43) (14,45) (84,39) (15,41) (83,35) (16,40) (82,33) (17,39) (81,29) (18,36) (80,25) (19,31) (79,22) (78,23) (77,24) (20,27) (76,23) (21,24) (75,23) (74,23) (22,21) (73,21) (23,20) (72,20) (24,17) (71,19) (25,15) (70,17) (26,15) (69,14) (29,11) (27,10) (68,10) (67,11) (66,10) (65,10) (30,10) (64,8) (31,9) (63,8) (32,7) (62,6) (33,6) (61,2) (37,4) (34,4) (38,1) (39,1) (40,-2) (41,-2) (42,-3) (43,0) (44,-1) (45,-2) (46,-2) (47,-2) (48,-4) (49,-5) (50,-7) (51,-7) (52,-8) (53,-7) (54,-6) (55,-4) (56,-3) (57,-5) (58,-5) (59,-1) (60,2) 
TD 35 :
(99,92) (0,99) (98,88) (1,94) (97,86) (2,89) (96,81) (3,84) (95,76) (4,79) (94,73) (5,75) (93,69) (6,72) (92,68) (7,69) (91,65) (8,65) (90,61) (9,62) (89,56) (10,58) (88,52) (11,55) (87,49) (12,51) (86,45) (13,49) (85,43) (14,45) (84,39) (15,41) (83,35) (16,40) (82,33) (17,39) (81,29) (18,36) (80,25) (19,31) (79,22) (78,23) (77,24) (20,27) (76,23) (21,24) (75,23) (74,23) (22,21) (73,21) (23,20) (72,20) (24,17) (71,19) (25,15) (70,17) (26,15) (69,14) (29,11) (27,10) (68,10) (67,11) (66,10) (65,10) (30,10) (64,8) (31,9) (63,8) (32,7) (62,6) (33,6) (61,2) (37,4) (34,4) (36,2) (35,2) 
(99,92) (0,99) (98,88) (1,94) (97,86) (2,89) (96,81) (3,84) (95,76) (4,79) (94,73) (5,75) (93,69) (6,72) (92,68) (7,69) (91,65) (8,65) (90,61) (9,62) (89,56) (10,58) (88,52) (11,55) (87,49) (12,51) (86,45) (13,49) (85,43) (14,45) (84,39) (15,41) (83,35) (16,40) (82,33) (17,39) (81,29) (18,36) (80,25) (19,31) (79,22) (78,23) (77,24) (20,27) (76,23) (21,24) (75,23) (74,23) (22,21) (73,21) (23,20) (72,20) (24,17) (71,19) (25,15) (70,17) (26,15) (69,14) (29,11) (27,10) (68,10) (67,11) (66,10) (65,10) (30,10) (64,8) (31,9) (63,8) (32,7) (62,6) (33,6) (61,2) (37,4) (34,4) (36,2) (35,2) 
(99,92) (0,99) (98,88) (1,94) (97,86) (2,89) (96,81) (3,84) (95,76) (4,79) (94,73) (5,75) (93,69) (6,72) (92,68) (7,69) (91,65) (8,65) (90,61) (9,62) (89,56) (10,58) (88,52) (11,55) (87,49) (12,51) (86,45) (13,49) (85,43) (14,45) (84,39) (15,41) (83,35) (16,40) (82,33) (17,39) (81,29) (18,36) (80,25) (19,31) (79,22) (78,23) (77,24) (20,27) (76,23) (21,24) (75,23) (74,23) (22,21) (73,21) (23,20) (72,20) (24,17) (71,19) (25,15) (70,17) (26,15) (69,14) (29,11) (27,10) (68,10) (67,11) (66,10) (65,10) (30,10) (64,8) (31,9) (63,8) (32,7) (62,6) (33,6) (61,2) (37,4) (34,4) (60,2) (38,1) (39,1) (40,-2) (41,-2) (42,-3) (43,0) (44,-1) (45,-2) (46,-2) (47,-2) (48,-4) (49,-5) (50,-7) (51,-7) (52,-8) (53,-7) (54,-6) (55,-4) (56,-3) (57,-5) (58,-5) (59,-1) 
TD 36 :
(99,92) (0,99) (98,88) (1,94) (97,86) (2,89) (96,81) (3,84) (95,76) (4,79) (94,73) (5,75) (93,69) (6,72) (92,68) (7,69) (91,65) (8,65) (90,61) (9,62) (89,56) (10,58) (88,52) (11,55) (87,49) (12,51) (86,45) (13,49) (85,43) (14,45) (84,39) (15,41) (83,35) (16,40) (82,33) (17,39) (81,29) (18,36) (80,25) (19,31) (79,22) (78,23) (77,24) (20,27) (76,23) (21,24) (75,23) (74,23) (22,21) (73,21) (23,20) (72,20) (24,17) (71,19) (25,15) (70,17) (26,15) (69,14) (29,11) (27,10) (68,10) (67,11) (66,10) (65,10) (30,10) (64,8) (31,9) (63,8) (32,7) (62,6) (33,6) (61,2) (37,4) (34,4) (60,2) (59,-1) (39,1) (38,1) 
(99,92) (0,99) (98,88) (1,94) (97,86) (2,89) (96,81) (3,84) (95,76) (4,79) (94,73) (5,75) (93,69) (6,72) (92,68) (7,69) (91,65) (8,65) (90,61) (9,62) (89,56) (10,58) (88,52) (11,55) (87,49) (12,51) (86,45) (13,49) (85,43) (14,45) (84,39) (15,41) (83,35) (16,40) (82,33) (17,39) (81,29) (18,36) (80,25) (19,31) (79,22) (78,23) (77,24) (20,27) (76,23) (21,24) (75,23) (74,23) (22,21) (73,21) (23,20) (72,20) (24,17) (71,19) (25,15) (70,17) (26,15) (69,14) (29,11) (27,10) (68,10) (67,11) (66,10) (65,10) (30,10) (64,8) (31,9) (63,8) (32,7) (62,6) (33,6) (61,2) (37,4) (34,4) (60,2) (59,-1) (39,1) (38,1) (40,-2) (41,-2) (42,-3) (43,0) (44,-1) (45,-2) (46,-2) (47,-2) (48,-4) (49,-5) (50,-7) (51,-7) (52,-8) (53,-7) (54,-6) (55,-4) (56,-3) (57,-5) (58,-5) 
TD 37 :
(99,92) (0,99) (98,88) (1,94) (97,86) (2,89) (96,81) (3,84) (95,76) (4,79) (94,73) (5,75) (93,69) (6,72) (92,68) (7,69) (91,65) (8,65) (90,61) (9,62) (89,56) (10,58) (88,52) (11,55) (87,49) (12,51) (86,45) (13,49) (85,43) (14,45) (84,39) (15,41) (83,35) (16,40) (82,33) (17,39) (81,29) (18,36) (80,25) (19,31) (79,22) (78,23) (77,24) (20,27) (76,23) (21,24) (75,23) (74,23) (22,21) (73,21) (23,20) (72,20) (24,17) (71,19) (25,15) (70,17) (26,15) (69,14) (29,11) (27,10) (68,10) (67,11) (66,10) (65,10) (30,10) (64,8) (31,9) (63,8) (32,7) (62,6) (33,6) (61,2) (37,4) (34,4) (60,2) (59,-1) (39,1) (38,1) (58,-5) (56,-3) (43,0) (40,-2) (41,-2) (42,-3) 
(99,92) (0,99) (98,88) (1,94) (97,86) (2,89) (96,81) (3,84) (95,76) (4,79) (94,73) (5,75) (93,69) (6,72) (92,68) (7,69) (91,65) (8,65) (90,61) (9,62) (89,56) (10,58) (88,52) (11,55) (87,49) (12,51) (86,45) (13,49) (85,43) (14,45) (84,39) (15,41) (83,35) (16,40) (82,33) (17,39) (81,29) (18,36) (80,25) (19,31) (79,22) (78,23) (77,24) (20,27) (76,23) (21,24) (75,23) (74,23) (22,21) (73,21) (23,20) (72,20) (24,17) (71,19) (25,15) (70,17) (26,15) (69,14) (29,11) (27,10) (68,10) (67,11) (66,10) (65,10) (30,10) (64,8) (31,9) (63,8) (32,7) (62,6) (33,6) (61,2) (37,4) (34,4) (60,2) (59,-1) (39,1) (38,1) (58,-5) (56,-3) (43,0) (40,-2) (44,-1) (45,-2) (46,-2) (47,-2) (48,-4) (49,-5) (50,-7) (51,-7) (52,-8) (53,-7) (54,-6) (55,-4) 
(99,92) (0,99) (98,88) (1,94) (97,86) (2,89) (96,81) (3,84) (95,76) (4,79) (94,73) (5,75) (93,69) (6,72) (92,68) (7,69) (91,65) (8,65) (90,61) (9,62) (89,56) (10,58) (88,52) (11,55) (87,49) (12,51) (86,45) (13,49) (85,43) (14,45) (84,39) (15,41) (83,35) (16,40) (82,33) (17,39) (81,29) (18,36) (80,25) (19,31) (79,22) (78,23) (77,24) (20,27) (76,23) (21,24) (75,23) (74,23) (22,21) (73,21) (23,20) (72,20) (24,17) (71,19) (25,15) (70,17) (26,15) (69,14) (29,11) (27,10) (68,10) (67,11) (66,10) (65,10) (30,10) (64,8) (31,9) (63,8) (32,7) (62,6) (33,6) (61,2) (37,4) (34,4) (60,2) (59,-1) (39,1) (38,1) (58,-5) (56,-3) (43,0) (40,-2) (57,-5) 
TD 38 :
(99,92) (0,99) (98,88) (1,94) (97,86) (2,89) (96,81) (3,84) (95,76) (4,79) (94,73) (5,75) (93,69) (6,72) (92,68) (7,69) (91,65) (8,65) (90,61) (9,62) (89,56) (10,58) (88,52) (11,55) (87,49) (12,51) (86,45) (13,49) (85,43) (14,45) (84,39) (15,41) (83,35) (16,40) (82,33) (17,39) (81,29) (18,36) (80,25) (19,31) (79,22) (78,23) (77,24) (20,27) (76,23) (21,24) (75,23) (74,23) (22,21) (73,21) (23,20) (72,20) (24,17) (71,19) (25,15) (70,17) (26,15) (69,14) (29,11) (27,10) (68,10) (67,11) (66,10) (65,10) (30,10) (64,8) (31,9) (63,8) (32,7) (62,6) (33,6) (61,2) (37,4) (34,4) (60,2) (59,-1) (39,1) (38,1) (58,-5) (56,-3) (43,0) (40,-2) (41,-2) (42,-3) 
(99,92) (0,99) (98,88) (1,94) (97,86) (2,89) (96,81) (3,84) (95,76) (4,79) (94,73) (5,75) (93,69) (6,72) (92,68) (7,69) (91,65) (8,65) (90,61) (9,62) (89,56) (10,58) (88,52) (11,55) (87,49) (12,51) (86,45) (13,49) (85,43) (14,45) (84,39) (15,41) (83,35) (16,40) (82,33) (17,39) (81,29) (18,36) (80,25) (19,31) (79,22) (78,23) (77,24) (20,27) (76,23) (21,24) (75,23) (74,23) (22,21) (73,21) (23,20) (72,20) (24,17) (71,19) (25,15) (70,17) (26,15) (69,14) (29,11) (27,10) (68,10) (67,11) (66,10) (65,10) (30,10) (64,8) (31,9) (63,8) (32,7) (62,6) (33,6) (61,2) (37,4) (34,4) (60,2) (59,-1) (39,1) (38,1) (58,-5) (56,-3) (43,0) (40,-2) (55,-4) (44,-1) 
(99,92) (0,99) (98,88) (1,94) (97,86) (2,89) (96,81) (3,84) (95,76) (4,79) (94,73) (5,75) (93,69) (6,72) (92,68) (7,69) (91,65) (8,65) (90,61) (9,62) (89,56) (10,58) (88,52) (11,55) (87,49) (12,51) (86,45) (13,49) (85,43) (14,45) (84,39) (15,41) (83,35) (16,40) (82,33) (17,39) (81,29) (18,36) (80,25) (19,31) (79,22) (78,23) (77,24) (20,27) (76,23) (21,24) (75,23) (74,23) (22,21) (73,21) (23,20) (72,20) (24,17) (71,19) (25,15) (70,17) (26,15) (69,14) (29,11) (27,10) (68,10) (67,11) (66,10) (65,10) (30,10) (64,8) (31,9) (63,8) (32,7) (62,6) (33,6) (61,2) (37,4) (34,4) (60,2) (59,-1) (39,1) (38,1) (58,-5) (56,-3) (43,0) (40,-2) (55,-4) (44,-1) (45,-2) (46,-2) (47,-2) (48,-4) (49,-5) (50,-7) (51,-7) (52,-8) (53,-7) (54,-6) 
(99,92) (0,99) (98,88) (1,94) (97,86) (2,89) (96,81) (3,84) (95,76) (4,79) (94,73) (5,75) (93,69) (6,72) (92,68) (7,69) (91,65) (8,65) (90,61) (9,62) (89,56) (10,58) (88,52) (11,55) (87,49) (12,51) (86,45) (13,49) (85,43) (14,45) (84,39) (15,41) (83,35) (16,40) (82,33) (17,39) (81,29) (18,36) (80,25) (19,31) (79,22) (78,23) (77,24) (20,27) (76,23) (21,24) (75,23) (74,23) (22,21) (73,21) (23,20) (72,20) (24,17) (71,19) (25,15) (70,17) (26,15) (69,14) (29,11) (27,10) (68,10) (67,11) (66,10) (65,10) (30,10) (64,8) (31,9) (63,8) (32,7) (62,6) (33,6) (61,2) (37,4) (34,4) (60,2) (59,-1) (39,1) (38,1) (58,-5) (56,-3) (43,0) (40,-2) (55,-4) (44,-1) 
(99,92) (0,99) (98,88) (1,94) (97,86) (2,89) (96,81) (3,84) (95,76) (4,79) (94,73) (5,75) (93,69) (6,72) (92,68) (7,69) (91,65) (8,65) (90,61) (9,62) (89,56) (10,58) (88,52) (11,55) (87,49) (12,51) (86,45) (13,49) (85,43) (14,45) (84,39) (15,41) (83,35) (16,40) (82,33) (17,39) (81,29) (18,36) (80,25) (19,31) (79,22) (78,23) (77,24) (20,27) (76,23) (21,24) (75,23) (74,23) (22,21) (73,21) (23,20) (72,20) (24,17) (71,19) (25,15) (70,17) (26,15) (69,14) (29,11) (27,10) (68,10) (67,11) (66,10) (65,10) (30,10) (64,8) (31,9) (63,8) (32,7) (62,6) (33,6) (61,2) (37,4) (34,4) (60,2) (59,-1) (39,1) (38,1) (58,-5) (56,-3) (43,0) (40,-2) (57,-5) 
TD 39 :
(99,92) (0,99) (98,88) (1,94) (97,86) (2,89) (96,81) (3,84) (95,76) (4,79) (94,73) (5,75) (93,69) (6,72) (92,68) (7,69) (91,65) (8,65) (90,61) (9,62) (89,56) (10,58) (88,52) (11,55) (87,49) (12,51) (86,45) (13,49) (85,43) (14,45) (84,39) (15,41) (83,35) (16,40) (82,33) (17,39) (81,29) (18,36) (80,25) (19,31) (79,22) (78,23) (77,24) (20,27) (76,23) (21,24) (75,23) (74,23) (22,21) (73,21) (23,20) (72,20) (24,17) (71,19) (25,15) (70,17) (26,15) (69,14) (29,11) (27,10) (68,10) (67,11) (66,10) (65,10) (30,10) (64,8) (31,9) (63,8) (32,7) (62,6) (33,6) (61,2) (37,4) (34,4) (60,2) (59,-1) (39,1) (38,1) (58,-5) (56,-3) (43,0) (40,-2) (41,-2) (42,-3) 
(99,92) (0,99) (98,88) (1,94) (97,86) (2,89) (96,81) (3,84) (95,76) (4,79) (94,73) (5,75) (93,69) (6,72) (92,68) (7,69) (91,65) (8,65) (90,61) (9,62) (89,56) (10,58) (88,52) (11,55) (87,49) (12,51) (86,45) (13,49) (85,43) (14,45) (84,39) (15,41) (83,35) (16,40) (82,33) (17,39) (81,29) (18,36) (80,25) (19,31) (79,22) (78,23) (77,24) (20,27) (76,23) (21,24) (75,23) (74,23) (22,21) (73,21) (23,20) (72,20) (24,17) (71,19) (25,15) (70,17) (26,15) (69,14) (29,11) (27,10) (68,10) (67,11) (66,10) (65,10) (30,10) (64,8) (31,9) (63,8) (32,7) (62,6) (33,6) (61,2) (37,4) (34,4) (60,2) (59,-1) (39,1) (38,1) (58,-5) (56,-3) (43,0) (40,-2) (55,-4) (44,-1) (54,-6) (47,-2) (46,-2) (45,-2) 
(99,92) (0,99) (98,88) (1,94) (97,86) (2,89) (96,81) (3,84) (95,76) (4,79) (94,73) (5,75) (93,69) (6,72) (92,68) (7,69) (91,65) (8,65) (90,61) (9,62) (89,56) (10,58) (88,52) (11,55) (87,49) (12,51) (86,45) (13,49) (85,43) (14,45) (84,39) (15,41) (83,35) (16,40) (82,33) (17,39) (81,29) (18,36) (80,25) (19,31) (79,22) (78,23) (77,24) (20,27) (76,23) (21,24) (75,23) (74,23) (22,21) (73,21) (23,20) (72,20) (24,17) (71,19) (25,15) (70,17) (26,15) (69,14) (29,11) (27,10) (68,10) (67,11) (66,10) (65,10) (30,10) (64,8) (31,9) (63,8) (32,7) (62,6) (33,6) (61,2) (37,4) (34,4) (60,2) (59,-1) (39,1) (38,1) (58,-5) (56,-3) (43,0) (40,-2) (55,-4) (44,-1) (54,-6) (47,-2) (46,-2) (45,-2) 
(99,92) (0,99) (98,88) (1,94) (97,86) (2,89) (96,81) (3,84) (95,76) (4,79) (94,73) (5,75) (93,69) (6,72) (92,68) (7,69) (91,65) (8,65) (90,61) (9,62) (89,56) (10,58) (88,52) (11,55) (87,49) (12,51) (86,45) (13,49) (85,43) (14,45) (84,39) (15,41) (83,35) (16,40) (82,33) (17,39) (81,29) (18,36) (80,25) (19,31) (79,22) (78,23) (77,24) (20,27) (76,23) (21,24) (75,23) (74,23) (22,21) (73,21) (23,20) (72,20) (24,17) (71,19) (25,15) (70,17) (26,15) (69,14) (29,11) (27,10) (68,10) (67,11) (66,10) (65,10) (30,10) (64,8) (31,9) (63,8) (32,7) (62,6) (33,6) (61,2) (37,4) (34,4) (60,2) (59,-1) (39,1) (38,1) (58,-5) (56,-3) (43,0) (40,-2) (55,-4) (44,-1) (54,-6) (47,-2) (46,-2) (45,-2) 
(99,92) (0,99) (98,88) (1,94) (97,86) (2,89) (96,81) (3,84) (95,76) (4,79) (94,73) (5,75) (93,69) (6,72) (92,68) (7,69) (91,65) (8,65) (90,61) (9,62) (89,56) (10,58) (88,52) (11,55) (87,49) (12,51) (86,45) (13,49) (85,43) (14,45) (84,39) (15,41) (83,35) (16,40) (82,33) (17,39) (81,29) (18,36) (80,25) (19,31) (79,22) (78,23) (77,24) (20,27) (76,23) (21,24) (75,23) (74,23) (22,21) (73,21) (23,20) (72,20) (24,17) (71,19) (25,15) (70,17) (26,15) (69,14) (29,11) (27,10) (68,10) (67,11) (66,10) (65,10) (30,10) (64,8) (31,9) (63,8) (32,7) (62,6) (33,6) (61,2) (37,4) (34,4) (60,2) (59,-1) (39,1) (38,1) (58,-5) (56,-3) (43,0) (40,-2) (55,-4) (44,-1) (54,-6) (47,-2) (46,-2) (45,-2) (48,-4) (49,-5) (50,-7) (51,-7) (52,-8) (53,-7) 
TD 40 :
(99,92) (0,99) (98,88) (1,94) (97,86) (2,89) (96,81) (3,84) (95,76) (4,79) (94,73) (5,75) (93,69) (6,72) (92,68) (7,69) (91,65) (8,65) (90,61) (9,62) (89,56) (10,58) (88,52) (11,55) (87,49) (12,51) (86,45) (13,49) (85,43) (14,45) (84,39) (15,41) (83,35) (16,40) (82,33) (17,39) (81,29) (18,36) (80,25) (19,31) (79,22) (78,23) (77,24) (20,27) (76,23) (21,24) (75,23) (74,23) (22,21) (73,21) (23,20) (72,20) (24,17) (71,19) (25,15) (70,17) (26,15) (69,14) (29,11) (27,10) (68,10) (67,11) (66,10) (65,10) (30,10) (64,8) (31,9) (63,8) (32,7) (62,6) (33,6) (61,2) (37,4) (34,4) (60,2) (59,-1) (39,1) (38,1) (58,-5) (56,-3) (43,0) (40,-2) (55,-4) (44,-1) (54,-6) (47,-2) (46,-2) (45,-2) (53,-7) (48,-4) (49,-5) (50,-7) (51,-7) (52,-8) 
TD 41 :
(99,92) (0,99) (98,88) (1,94) (97,86) (2,89) (96,81) (3,84) (95,76) (4,79) (94,73) (5,75) (93,69) (6,72) (92,68) (7,69) (91,65) (8,65) (90,61) (9,62) (89,56) (10,58) (88,52) (11,55) (87,49) (12,51) (86,45) (13,49) (85,43) (14,45) (84,39) (15,41) (83,35) (16,40) (82,33) (17,39) (81,29) (18,36) (80,25) (19,31) (79,22) (78,23) (77,24) (20,27) (76,23) (21,24) (75,23) (74,23) (22,21) (73,21) (23,20) (72,20) (24,17) (71,19) (25,15) (70,17) (26,15) (69,14) (29,11) (27,10) (68,10) (67,11) (66,10) (65,10) (30,10) (64,8) (31,9) (63,8) (32,7) (62,6) (33,6) (61,2) (37,4) (34,4) (60,2) (59,-1) (39,1) (38,1) (58,-5) (56,-3) (43,0) (40,-2) (55,-4) (44,-1) (54,-6) (47,-2) (46,-2) (45,-2) (53,-7) (48,-4) (52,-8) (51,-7) (49,-5) (50,-7) 
(99,92) (0,99) (98,88) (1,94) (97,86) (2,89) (96,81) (3,84) (95,76) (4,79) (94,73) (5,75) (93,69) (6,72) (92,68) (7,69) (91,65) (8,65) (90,61) (9,62) (89,56) (10,58) (88,52) (11,55) (87,49) (12,51) (86,45) (13,49) (85,43) (14,45) (84,39) (15,41) (83,35) (16,40) (82,33) (17,39) (81,29) (18,36) (80,25) (19,31) (79,22) (78,23) (77,24) (20,27) (76,23) (21,24) (75,23) (74,23) (22,21) (73,21) (23,20) (72,20) (24,17) (71,19) (25,15) (70,17) (26,15) (69,14) (29,11) (27,10) (68,10) (67,11) (66,10) (65,10) (30,10) (64,8) (31,9) (63,8) (32,7) (62,6) (33,6) (61,2) (37,4) (34,4) (60,2) (59,-1) (39,1) (38,1) (58,-5) (56,-3) (43,0) (40,-2) (55,-4) (44,-1) (54,-6) (47,-2) (46,-2) (45,-2) (53,-7) (48,-4) (52,-8) (51,-7) (49,-5) 
Pocket 0 :
()
Pocket 1 :
({  (0,99) ,(1,94) } {  (98,88) ,(99,92) } )
Pocket 2 :
({  (1,94) ,(0,99) } {  (99,92) ,(98,88) } )
Pocket 3 :
({  (2,89) ,(1,94) } {  (99,92) ,(97,86) } )
Pocket 4 :
({  (3,84) ,(2,89) } {  (99,92) ,(96,81) } )
Pocket 5 :
({  (4,79) ,(3,84) } {  (99,92) ,(95,76) } )
Pocket 6 :
({  (5,75) ,(4,79) } {  (99,92) ,(94,73) } )
Pocket 7 :
({  (6,72) ,(5,75) } {  (99,92) ,(93,69) } )
Pocket 8 :
({  (7,69) ,(6,72) } {  (99,92) ,(92,68) } )
Pocket 9 :
({  (8,65) ,(7,69) } {  (99,92) ,(91,65) } )
Pocket 10 :
({  (9,62) ,(8,65) } {  (99,92) ,(90,61) } )
Pocket 11 :
({  (10,58) ,(9,62) } {  (99,92) ,(89,56) } )
Pocket 12 :
({  (11,55) ,(10,58) } {  (99,92) ,(88,52) } )
Pocket 13 :
({  (12,51) ,(11,55) } {  (99,92) ,(87,49) } )
Pocket 14 :
({  (13,49) ,(12,51) } {  (99,92) ,(86,45) } )
Pocket 15 :
({  (14,45) ,(13,49) } {  (99,92) ,(85,43) } )
Pocket 16 :
({  (15,41) ,(14,45) } {  (99,92) ,(84,39) } )
Pocket 17 :
({  (16,40) ,(15,41) } {  (99,92) ,(83,35) } )
Pocket 18 :
({  (17,39) ,(16,40) } {  (99,92) ,(82,33) } )
Pocket 19 :
({  (18,36) ,(17,39) } {  (99,92) ,(81,29) } )
Pocket 20 :
({  (19,31) ,(18,36) } {  (99,92) ,(80,25) } )
Pocket 21 :
({  (20,27) ,(19,31) } {  (78,23) ,(77,24) } {  (20,27) ,(19,31) } {  (78,23) ,(77,24) } {  (20,27) ,(19,31) } {  (78,23) ,(77,24) } )
Pocket 22 :
({  (21,24) ,(20,27) } {  (99,92) ,(76,23) } )
Pocket 23 :
({  (22,21) ,(21,24) } {  (75,23) ,(74,23) } {  (22,21) ,(21,24) } {  (75,23) ,(74,23) } )
Pocket 24 :
({  (23,20) ,(22,21) } {  (99,92) ,(73,21) } )
Pocket 25 :
({  (24,17) ,(23,20) } {  (99,92) ,(72,20) } )
Pocket 26 :
({  (25,15) ,(24,17) } {  (99,92) ,(71,19) } )
Pocket 27 :
({  (26,15) ,(25,15) } {  (99,92) ,(70,17) } )
Pocket 28 :
({  (27,10) ,(26,15) } {  (30,10) ,(29,11) } {  (27,10) ,(26,15) } {  (30,10) ,(29,11) } )
Pocket 29 :
({  (28,10) ,(27,10) } {  (68,10) ,(67,11) } {  (68,10) ,(67,11) } )
Pocket 30 :
({  (30,10) ,(67,11) } {  (66,10) ,(65,10) } {  (30,10) ,(67,11) } {  (66,10) ,(65,10) } )
Pocket 31 :
({  (31,9) ,(30,10) } {  (99,92) ,(64,8) } )
Pocket 32 :
({  (32,7) ,(31,9) } {  (99,92) ,(63,8) } )
Pocket 33 :
({  (33,6) ,(32,7) } {  (99,92) ,(62,6) } )
Pocket 34 :
({  (34,4) ,(33,6) } {  (38,1) ,(37,4) } {  (34,4) ,(33,6) } {  (38,1) ,(37,4) } )
Pocket 35 :
({  (35,2) ,(34,4) } {  (99,92) ,(36,2) } {  (35,2) ,(34,4) } {  (99,92) ,(36,2) } {  (99,92) ,(60,2) } )
Pocket 36 :
({  (38,1) ,(60,2) } {  (40,-2) ,(39,1) } {  (38,1) ,(60,2) } {  (40,-2) ,(39,1) } )
Pocket 37 :
({  (40,-2) ,(38,1) } {  (44,-1) ,(43,0) } {  (40,-2) ,(38,1) } {  (44,-1) ,(43,0) } {  (40,-2) ,(38,1) } {  (44,-1) ,(43,0) } )
Pocket 38 :
({  (41,-2) ,(40,-2) } {  (45,-2) ,(44,-1) } {  (45,-2) ,(44,-1) } {  (45,-2) ,(44,-1) } {  (99,92) ,(57,-5) } )
Pocket 39 :
({  (42,-3) ,(41,-2) } {  (46,-2) ,(45,-2) } {  (46,-2) ,(45,-2) } {  (46,-2) ,(45,-2) } {  (46,-2) ,(45,-2) } )
Pocket 40 :
({  (48,-4) ,(45,-2) } {  (99,92) ,(53,-7) } )
