39 layers in onion peeling: 
Layer 1
(99,109) (0,99) 
Layer 2
(98,104) (1,96) 
Layer 3
(97,102) (2,88) 
Layer 4
(96,99) (3,86) 
Layer 5
(95,94) (4,81) 
Layer 6
(94,90) (5,77) 
Layer 7
(93,86) (6,71) 
Layer 8
(92,84) (7,69) 
Layer 9
(91,80) (8,66) 
Layer 10
(90,79) (9,66) 
Layer 11
(89,72) (10,63) 
Layer 12
(88,69) (11,63) 
Layer 13
(87,64) (12,58) 
Layer 14
(86,61) (13,57) 
Layer 15
(85,57) (84,60) (14,52) 
Layer 16
(83,58) (15,51) 
Layer 17
(82,51) (16,46) 
Layer 18
(81,47) (17,45) 
Layer 19
(80,44) (18,40) 
Layer 20
(79,41) (19,39) 
Layer 21
(78,39) (20,36) 
Layer 22
(77,37) (76,38) (21,35) 
Layer 23
(75,35) (22,34) 
Layer 24
(74,33) (23,32) 
Layer 25
(73,31) (24,31) 
Layer 26
(72,29) (25,28) 
Layer 27
(71,27) (26,27) 
Layer 28
(70,23) (27,26) 
Layer 29
(69,19) (31,25) (28,24) 
Layer 30
(68,17) (30,24) (29,23) 
Layer 31
(67,14) (32,23) 
Layer 32
(66,14) (37,20) (36,20) (33,20) 
Layer 33
(65,11) (38,18) (34,19) 
Layer 34
(64,11) (43,16) (41,16) (40,16) (39,16) (35,16) 
Layer 35
(63,9) (45,14) (42,14) 
Layer 36
(62,7) (59,8) (44,13) 
Layer 37
(61,6) (60,7) (58,8) (47,11) (46,11) 
Layer 38
(57,7) (56,7) (51,7) (50,7) (49,7) (48,7) 
Layer 39
(55,6) (52,6) 
---------------------------------------------------------------------------------------
TD 0 :
(99,109) (98,104) (97,102) (96,99) (95,94) (94,90) (93,86) (92,84) (91,80) (90,79) (89,72) (88,69) (87,64) (86,61) (85,57) (84,60) (83,58) (82,51) (81,47) (80,44) (79,41) (78,39) (77,37) (76,38) (75,35) (74,33) (73,31) (72,29) (71,27) (70,23) (69,19) (68,17) (67,14) (66,14) (65,11) (64,11) (63,9) (62,7) (61,6) (60,7) (59,8) (58,8) (57,7) (56,7) (55,6) (54,5) (53,4) (52,6) (51,7) (50,7) (49,7) (48,7) (47,11) (46,11) (45,14) (44,13) (43,16) (42,14) (41,16) (40,16) (39,16) (38,18) (37,20) (36,20) (35,16) (34,19) (33,20) (32,23) (31,25) (30,24) (29,23) (28,24) (27,26) (26,27) (25,28) (24,31) (23,32) (22,34) (21,35) (20,36) (19,39) (18,40) (17,45) (16,46) (15,51) (14,52) (13,57) (12,58) (11,63) (10,63) (9,66) (8,66) (7,69) (6,71) (5,77) (4,81) (3,86) (2,88) (1,96) (0,99) 
TD 1 :
(99,109) (0,99) (1,96) (2,88) (3,86) (4,81) (5,77) (6,71) (7,69) (8,66) (9,66) (10,63) (11,63) (12,58) (13,57) (14,52) (15,51) (16,46) (17,45) (18,40) (19,39) (20,36) (21,35) (22,34) (23,32) (24,31) (25,28) (26,27) (27,26) (28,24) (29,23) (30,24) (31,25) (32,23) (33,20) (34,19) (35,16) (36,20) (37,20) (38,18) (39,16) (40,16) (41,16) (42,14) (43,16) (44,13) (45,14) (46,11) (47,11) (48,7) (49,7) (50,7) (51,7) (52,6) (53,4) (54,5) (55,6) (56,7) (57,7) (58,8) (59,8) (60,7) (61,6) (62,7) (63,9) (64,11) (65,11) (66,14) (67,14) (68,17) (69,19) (70,23) (71,27) (72,29) (73,31) (74,33) (75,35) (76,38) (77,37) (78,39) (79,41) (80,44) (81,47) (82,51) (83,58) (84,60) (85,57) (86,61) (87,64) (88,69) (89,72) (90,79) (91,80) (92,84) (93,86) (94,90) (95,94) (96,99) (97,102) (98,104) 
TD 2 :
(99,109) (0,99) (98,104) (1,96) (2,88) (3,86) (4,81) (5,77) (6,71) (7,69) (8,66) (9,66) (10,63) (11,63) (12,58) (13,57) (14,52) (15,51) (16,46) (17,45) (18,40) (19,39) (20,36) (21,35) (22,34) (23,32) (24,31) (25,28) (26,27) (27,26) (28,24) (29,23) (30,24) (31,25) (32,23) (33,20) (34,19) (35,16) (36,20) (37,20) (38,18) (39,16) (40,16) (41,16) (42,14) (43,16) (44,13) (45,14) (46,11) (47,11) (48,7) (49,7) (50,7) (51,7) (52,6) (53,4) (54,5) (55,6) (56,7) (57,7) (58,8) (59,8) (60,7) (61,6) (62,7) (63,9) (64,11) (65,11) (66,14) (67,14) (68,17) (69,19) (70,23) (71,27) (72,29) (73,31) (74,33) (75,35) (76,38) (77,37) (78,39) (79,41) (80,44) (81,47) (82,51) (83,58) (84,60) (85,57) (86,61) (87,64) (88,69) (89,72) (90,79) (91,80) (92,84) (93,86) (94,90) (95,94) (96,99) (97,102) 
TD 3 :
(99,109) (0,99) (98,104) (1,96) (97,102) (2,88) (3,86) (4,81) (5,77) (6,71) (7,69) (8,66) (9,66) (10,63) (11,63) (12,58) (13,57) (14,52) (15,51) (16,46) (17,45) (18,40) (19,39) (20,36) (21,35) (22,34) (23,32) (24,31) (25,28) (26,27) (27,26) (28,24) (29,23) (30,24) (31,25) (32,23) (33,20) (34,19) (35,16) (36,20) (37,20) (38,18) (39,16) (40,16) (41,16) (42,14) (43,16) (44,13) (45,14) (46,11) (47,11) (48,7) (49,7) (50,7) (51,7) (52,6) (53,4) (54,5) (55,6) (56,7) (57,7) (58,8) (59,8) (60,7) (61,6) (62,7) (63,9) (64,11) (65,11) (66,14) (67,14) (68,17) (69,19) (70,23) (71,27) (72,29) (73,31) (74,33) (75,35) (76,38) (77,37) (78,39) (79,41) (80,44) (81,47) (82,51) (83,58) (84,60) (85,57) (86,61) (87,64) (88,69) (89,72) (90,79) (91,80) (92,84) (93,86) (94,90) (95,94) (96,99) 
TD 4 :
(99,109) (0,99) (98,104) (1,96) (97,102) (2,88) (96,99) (3,86) (4,81) (5,77) (6,71) (7,69) (8,66) (9,66) (10,63) (11,63) (12,58) (13,57) (14,52) (15,51) (16,46) (17,45) (18,40) (19,39) (20,36) (21,35) (22,34) (23,32) (24,31) (25,28) (26,27) (27,26) (28,24) (29,23) (30,24) (31,25) (32,23) (33,20) (34,19) (35,16) (36,20) (37,20) (38,18) (39,16) (40,16) (41,16) (42,14) (43,16) (44,13) (45,14) (46,11) (47,11) (48,7) (49,7) (50,7) (51,7) (52,6) (53,4) (54,5) (55,6) (56,7) (57,7) (58,8) (59,8) (60,7) (61,6) (62,7) (63,9) (64,11) (65,11) (66,14) (67,14) (68,17) (69,19) (70,23) (71,27) (72,29) (73,31) (74,33) (75,35) (76,38) (77,37) (78,39) (79,41) (80,44) (81,47) (82,51) (83,58) (84,60) (85,57) (86,61) (87,64) (88,69) (89,72) (90,79) (91,80) (92,84) (93,86) (94,90) (95,94) 
TD 5 :
(99,109) (0,99) (98,104) (1,96) (97,102) (2,88) (96,99) (3,86) (95,94) (4,81) (5,77) (6,71) (7,69) (8,66) (9,66) (10,63) (11,63) (12,58) (13,57) (14,52) (15,51) (16,46) (17,45) (18,40) (19,39) (20,36) (21,35) (22,34) (23,32) (24,31) (25,28) (26,27) (27,26) (28,24) (29,23) (30,24) (31,25) (32,23) (33,20) (34,19) (35,16) (36,20) (37,20) (38,18) (39,16) (40,16) (41,16) (42,14) (43,16) (44,13) (45,14) (46,11) (47,11) (48,7) (49,7) (50,7) (51,7) (52,6) (53,4) (54,5) (55,6) (56,7) (57,7) (58,8) (59,8) (60,7) (61,6) (62,7) (63,9) (64,11) (65,11) (66,14) (67,14) (68,17) (69,19) (70,23) (71,27) (72,29) (73,31) (74,33) (75,35) (76,38) (77,37) (78,39) (79,41) (80,44) (81,47) (82,51) (83,58) (84,60) (85,57) (86,61) (87,64) (88,69) (89,72) (90,79) (91,80) (92,84) (93,86) (94,90) 
TD 6 :
(99,109) (0,99) (98,104) (1,96) (97,102) (2,88) (96,99) (3,86) (95,94) (4,81) (94,90) (5,77) (6,71) (7,69) (8,66) (9,66) (10,63) (11,63) (12,58) (13,57) (14,52) (15,51) (16,46) (17,45) (18,40) (19,39) (20,36) (21,35) (22,34) (23,32) (24,31) (25,28) (26,27) (27,26) (28,24) (29,23) (30,24) (31,25) (32,23) (33,20) (34,19) (35,16) (36,20) (37,20) (38,18) (39,16) (40,16) (41,16) (42,14) (43,16) (44,13) (45,14) (46,11) (47,11) (48,7) (49,7) (50,7) (51,7) (52,6) (53,4) (54,5) (55,6) (56,7) (57,7) (58,8) (59,8) (60,7) (61,6) (62,7) (63,9) (64,11) (65,11) (66,14) (67,14) (68,17) (69,19) (70,23) (71,27) (72,29) (73,31) (74,33) (75,35) (76,38) (77,37) (78,39) (79,41) (80,44) (81,47) (82,51) (83,58) (84,60) (85,57) (86,61) (87,64) (88,69) (89,72) (90,79) (91,80) (92,84) (93,86) 
TD 7 :
(99,109) (0,99) (98,104) (1,96) (97,102) (2,88) (96,99) (3,86) (95,94) (4,81) (94,90) (5,77) (93,86) (6,71) (7,69) (8,66) (9,66) (10,63) (11,63) (12,58) (13,57) (14,52) (15,51) (16,46) (17,45) (18,40) (19,39) (20,36) (21,35) (22,34) (23,32) (24,31) (25,28) (26,27) (27,26) (28,24) (29,23) (30,24) (31,25) (32,23) (33,20) (34,19) (35,16) (36,20) (37,20) (38,18) (39,16) (40,16) (41,16) (42,14) (43,16) (44,13) (45,14) (46,11) (47,11) (48,7) (49,7) (50,7) (51,7) (52,6) (53,4) (54,5) (55,6) (56,7) (57,7) (58,8) (59,8) (60,7) (61,6) (62,7) (63,9) (64,11) (65,11) (66,14) (67,14) (68,17) (69,19) (70,23) (71,27) (72,29) (73,31) (74,33) (75,35) (76,38) (77,37) (78,39) (79,41) (80,44) (81,47) (82,51) (83,58) (84,60) (85,57) (86,61) (87,64) (88,69) (89,72) (90,79) (91,80) (92,84) 
TD 8 :
(99,109) (0,99) (98,104) (1,96) (97,102) (2,88) (96,99) (3,86) (95,94) (4,81) (94,90) (5,77) (93,86) (6,71) (92,84) (7,69) (8,66) (9,66) (10,63) (11,63) (12,58) (13,57) (14,52) (15,51) (16,46) (17,45) (18,40) (19,39) (20,36) (21,35) (22,34) (23,32) (24,31) (25,28) (26,27) (27,26) (28,24) (29,23) (30,24) (31,25) (32,23) (33,20) (34,19) (35,16) (36,20) (37,20) (38,18) (39,16) (40,16) (41,16) (42,14) (43,16) (44,13) (45,14) (46,11) (47,11) (48,7) (49,7) (50,7) (51,7) (52,6) (53,4) (54,5) (55,6) (56,7) (57,7) (58,8) (59,8) (60,7) (61,6) (62,7) (63,9) (64,11) (65,11) (66,14) (67,14) (68,17) (69,19) (70,23) (71,27) (72,29) (73,31) (74,33) (75,35) (76,38) (77,37) (78,39) (79,41) (80,44) (81,47) (82,51) (83,58) (84,60) (85,57) (86,61) (87,64) (88,69) (89,72) (90,79) (91,80) 
TD 9 :
(99,109) (0,99) (98,104) (1,96) (97,102) (2,88) (96,99) (3,86) (95,94) (4,81) (94,90) (5,77) (93,86) (6,71) (92,84) (7,69) (91,80) (8,66) (9,66) (10,63) (11,63) (12,58) (13,57) (14,52) (15,51) (16,46) (17,45) (18,40) (19,39) (20,36) (21,35) (22,34) (23,32) (24,31) (25,28) (26,27) (27,26) (28,24) (29,23) (30,24) (31,25) (32,23) (33,20) (34,19) (35,16) (36,20) (37,20) (38,18) (39,16) (40,16) (41,16) (42,14) (43,16) (44,13) (45,14) (46,11) (47,11) (48,7) (49,7) (50,7) (51,7) (52,6) (53,4) (54,5) (55,6) (56,7) (57,7) (58,8) (59,8) (60,7) (61,6) (62,7) (63,9) (64,11) (65,11) (66,14) (67,14) (68,17) (69,19) (70,23) (71,27) (72,29) (73,31) (74,33) (75,35) (76,38) (77,37) (78,39) (79,41) (80,44) (81,47) (82,51) (83,58) (84,60) (85,57) (86,61) (87,64) (88,69) (89,72) (90,79) 
TD 10 :
(99,109) (0,99) (98,104) (1,96) (97,102) (2,88) (96,99) (3,86) (95,94) (4,81) (94,90) (5,77) (93,86) (6,71) (92,84) (7,69) (91,80) (8,66) (90,79) (9,66) (10,63) (11,63) (12,58) (13,57) (14,52) (15,51) (16,46) (17,45) (18,40) (19,39) (20,36) (21,35) (22,34) (23,32) (24,31) (25,28) (26,27) (27,26) (28,24) (29,23) (30,24) (31,25) (32,23) (33,20) (34,19) (35,16) (36,20) (37,20) (38,18) (39,16) (40,16) (41,16) (42,14) (43,16) (44,13) (45,14) (46,11) (47,11) (48,7) (49,7) (50,7) (51,7) (52,6) (53,4) (54,5) (55,6) (56,7) (57,7) (58,8) (59,8) (60,7) (61,6) (62,7) (63,9) (64,11) (65,11) (66,14) (67,14) (68,17) (69,19) (70,23) (71,27) (72,29) (73,31) (74,33) (75,35) (76,38) (77,37) (78,39) (79,41) (80,44) (81,47) (82,51) (83,58) (84,60) (85,57) (86,61) (87,64) (88,69) (89,72) 
TD 11 :
(99,109) (0,99) (98,104) (1,96) (97,102) (2,88) (96,99) (3,86) (95,94) (4,81) (94,90) (5,77) (93,86) (6,71) (92,84) (7,69) (91,80) (8,66) (90,79) (9,66) (89,72) (10,63) (11,63) (12,58) (13,57) (14,52) (15,51) (16,46) (17,45) (18,40) (19,39) (20,36) (21,35) (22,34) (23,32) (24,31) (25,28) (26,27) (27,26) (28,24) (29,23) (30,24) (31,25) (32,23) (33,20) (34,19) (35,16) (36,20) (37,20) (38,18) (39,16) (40,16) (41,16) (42,14) (43,16) (44,13) (45,14) (46,11) (47,11) (48,7) (49,7) (50,7) (51,7) (52,6) (53,4) (54,5) (55,6) (56,7) (57,7) (58,8) (59,8) (60,7) (61,6) (62,7) (63,9) (64,11) (65,11) (66,14) (67,14) (68,17) (69,19) (70,23) (71,27) (72,29) (73,31) (74,33) (75,35) (76,38) (77,37) (78,39) (79,41) (80,44) (81,47) (82,51) (83,58) (84,60) (85,57) (86,61) (87,64) (88,69) 
TD 12 :
(99,109) (0,99) (98,104) (1,96) (97,102) (2,88) (96,99) (3,86) (95,94) (4,81) (94,90) (5,77) (93,86) (6,71) (92,84) (7,69) (91,80) (8,66) (90,79) (9,66) (89,72) (10,63) (88,69) (11,63) (12,58) (13,57) (14,52) (15,51) (16,46) (17,45) (18,40) (19,39) (20,36) (21,35) (22,34) (23,32) (24,31) (25,28) (26,27) (27,26) (28,24) (29,23) (30,24) (31,25) (32,23) (33,20) (34,19) (35,16) (36,20) (37,20) (38,18) (39,16) (40,16) (41,16) (42,14) (43,16) (44,13) (45,14) (46,11) (47,11) (48,7) (49,7) (50,7) (51,7) (52,6) (53,4) (54,5) (55,6) (56,7) (57,7) (58,8) (59,8) (60,7) (61,6) (62,7) (63,9) (64,11) (65,11) (66,14) (67,14) (68,17) (69,19) (70,23) (71,27) (72,29) (73,31) (74,33) (75,35) (76,38) (77,37) (78,39) (79,41) (80,44) (81,47) (82,51) (83,58) (84,60) (85,57) (86,61) (87,64) 
TD 13 :
(99,109) (0,99) (98,104) (1,96) (97,102) (2,88) (96,99) (3,86) (95,94) (4,81) (94,90) (5,77) (93,86) (6,71) (92,84) (7,69) (91,80) (8,66) (90,79) (9,66) (89,72) (10,63) (88,69) (11,63) (87,64) (12,58) (13,57) (14,52) (15,51) (16,46) (17,45) (18,40) (19,39) (20,36) (21,35) (22,34) (23,32) (24,31) (25,28) (26,27) (27,26) (28,24) (29,23) (30,24) (31,25) (32,23) (33,20) (34,19) (35,16) (36,20) (37,20) (38,18) (39,16) (40,16) (41,16) (42,14) (43,16) (44,13) (45,14) (46,11) (47,11) (48,7) (49,7) (50,7) (51,7) (52,6) (53,4) (54,5) (55,6) (56,7) (57,7) (58,8) (59,8) (60,7) (61,6) (62,7) (63,9) (64,11) (65,11) (66,14) (67,14) (68,17) (69,19) (70,23) (71,27) (72,29) (73,31) (74,33) (75,35) (76,38) (77,37) (78,39) (79,41) (80,44) (81,47) (82,51) (83,58) (84,60) (85,57) (86,61) 
TD 14 :
(99,109) (0,99) (98,104) (1,96) (97,102) (2,88) (96,99) (3,86) (95,94) (4,81) (94,90) (5,77) (93,86) (6,71) (92,84) (7,69) (91,80) (8,66) (90,79) (9,66) (89,72) (10,63) (88,69) (11,63) (87,64) (12,58) (86,61) (13,57) (14,52) (15,51) (16,46) (17,45) (18,40) (19,39) (20,36) (21,35) (22,34) (23,32) (24,31) (25,28) (26,27) (27,26) (28,24) (29,23) (30,24) (31,25) (32,23) (33,20) (34,19) (35,16) (36,20) (37,20) (38,18) (39,16) (40,16) (41,16) (42,14) (43,16) (44,13) (45,14) (46,11) (47,11) (48,7) (49,7) (50,7) (51,7) (52,6) (53,4) (54,5) (55,6) (56,7) (57,7) (58,8) (59,8) (60,7) (61,6) (62,7) (63,9) (64,11) (65,11) (66,14) (67,14) (68,17) (69,19) (70,23) (71,27) (72,29) (73,31) (74,33) (75,35) (76,38) (77,37) (78,39) (79,41) (80,44) (81,47) (82,51) (83,58) (84,60) (85,57) 
TD 15 :
(99,109) (0,99) (98,104) (1,96) (97,102) (2,88) (96,99) (3,86) (95,94) (4,81) (94,90) (5,77) (93,86) (6,71) (92,84) (7,69) (91,80) (8,66) (90,79) (9,66) (89,72) (10,63) (88,69) (11,63) (87,64) (12,58) (86,61) (13,57) (85,57) (84,60) (14,52) (15,51) (16,46) (17,45) (18,40) (19,39) (20,36) (21,35) (22,34) (23,32) (24,31) (25,28) (26,27) (27,26) (28,24) (29,23) (30,24) (31,25) (32,23) (33,20) (34,19) (35,16) (36,20) (37,20) (38,18) (39,16) (40,16) (41,16) (42,14) (43,16) (44,13) (45,14) (46,11) (47,11) (48,7) (49,7) (50,7) (51,7) (52,6) (53,4) (54,5) (55,6) (56,7) (57,7) (58,8) (59,8) (60,7) (61,6) (62,7) (63,9) (64,11) (65,11) (66,14) (67,14) (68,17) (69,19) (70,23) (71,27) (72,29) (73,31) (74,33) (75,35) (76,38) (77,37) (78,39) (79,41) (80,44) (81,47) (82,51) (83,58) 
(99,109) (0,99) (98,104) (1,96) (97,102) (2,88) (96,99) (3,86) (95,94) (4,81) (94,90) (5,77) (93,86) (6,71) (92,84) (7,69) (91,80) (8,66) (90,79) (9,66) (89,72) (10,63) (88,69) (11,63) (87,64) (12,58) (86,61) (13,57) (85,57) (84,60) (14,52) 
TD 16 :
(99,109) (0,99) (98,104) (1,96) (97,102) (2,88) (96,99) (3,86) (95,94) (4,81) (94,90) (5,77) (93,86) (6,71) (92,84) (7,69) (91,80) (8,66) (90,79) (9,66) (89,72) (10,63) (88,69) (11,63) (87,64) (12,58) (86,61) (13,57) (85,57) (84,60) (14,52) (83,58) (15,51) (16,46) (17,45) (18,40) (19,39) (20,36) (21,35) (22,34) (23,32) (24,31) (25,28) (26,27) (27,26) (28,24) (29,23) (30,24) (31,25) (32,23) (33,20) (34,19) (35,16) (36,20) (37,20) (38,18) (39,16) (40,16) (41,16) (42,14) (43,16) (44,13) (45,14) (46,11) (47,11) (48,7) (49,7) (50,7) (51,7) (52,6) (53,4) (54,5) (55,6) (56,7) (57,7) (58,8) (59,8) (60,7) (61,6) (62,7) (63,9) (64,11) (65,11) (66,14) (67,14) (68,17) (69,19) (70,23) (71,27) (72,29) (73,31) (74,33) (75,35) (76,38) (77,37) (78,39) (79,41) (80,44) (81,47) (82,51) 
TD 17 :
(99,109) (0,99) (98,104) (1,96) (97,102) (2,88) (96,99) (3,86) (95,94) (4,81) (94,90) (5,77) (93,86) (6,71) (92,84) (7,69) (91,80) (8,66) (90,79) (9,66) (89,72) (10,63) (88,69) (11,63) (87,64) (12,58) (86,61) (13,57) (85,57) (84,60) (14,52) (83,58) (15,51) (82,51) (16,46) (17,45) (18,40) (19,39) (20,36) (21,35) (22,34) (23,32) (24,31) (25,28) (26,27) (27,26) (28,24) (29,23) (30,24) (31,25) (32,23) (33,20) (34,19) (35,16) (36,20) (37,20) (38,18) (39,16) (40,16) (41,16) (42,14) (43,16) (44,13) (45,14) (46,11) (47,11) (48,7) (49,7) (50,7) (51,7) (52,6) (53,4) (54,5) (55,6) (56,7) (57,7) (58,8) (59,8) (60,7) (61,6) (62,7) (63,9) (64,11) (65,11) (66,14) (67,14) (68,17) (69,19) (70,23) (71,27) (72,29) (73,31) (74,33) (75,35) (76,38) (77,37) (78,39) (79,41) (80,44) (81,47) 
TD 18 :
(99,109) (0,99) (98,104) (1,96) (97,102) (2,88) (96,99) (3,86) (95,94) (4,81) (94,90) (5,77) (93,86) (6,71) (92,84) (7,69) (91,80) (8,66) (90,79) (9,66) (89,72) (10,63) (88,69) (11,63) (87,64) (12,58) (86,61) (13,57) (85,57) (84,60) (14,52) (83,58) (15,51) (82,51) (16,46) (81,47) (17,45) (18,40) (19,39) (20,36) (21,35) (22,34) (23,32) (24,31) (25,28) (26,27) (27,26) (28,24) (29,23) (30,24) (31,25) (32,23) (33,20) (34,19) (35,16) (36,20) (37,20) (38,18) (39,16) (40,16) (41,16) (42,14) (43,16) (44,13) (45,14) (46,11) (47,11) (48,7) (49,7) (50,7) (51,7) (52,6) (53,4) (54,5) (55,6) (56,7) (57,7) (58,8) (59,8) (60,7) (61,6) (62,7) (63,9) (64,11) (65,11) (66,14) (67,14) (68,17) (69,19) (70,23) (71,27) (72,29) (73,31) (74,33) (75,35) (76,38) (77,37) (78,39) (79,41) (80,44) 
TD 19 :
(99,109) (0,99) (98,104) (1,96) (97,102) (2,88) (96,99) (3,86) (95,94) (4,81) (94,90) (5,77) (93,86) (6,71) (92,84) (7,69) (91,80) (8,66) (90,79) (9,66) (89,72) (10,63) (88,69) (11,63) (87,64) (12,58) (86,61) (13,57) (85,57) (84,60) (14,52) (83,58) (15,51) (82,51) (16,46) (81,47) (17,45) (80,44) (18,40) (19,39) (20,36) (21,35) (22,34) (23,32) (24,31) (25,28) (26,27) (27,26) (28,24) (29,23) (30,24) (31,25) (32,23) (33,20) (34,19) (35,16) (36,20) (37,20) (38,18) (39,16) (40,16) (41,16) (42,14) (43,16) (44,13) (45,14) (46,11) (47,11) (48,7) (49,7) (50,7) (51,7) (52,6) (53,4) (54,5) (55,6) (56,7) (57,7) (58,8) (59,8) (60,7) (61,6) (62,7) (63,9) (64,11) (65,11) (66,14) (67,14) (68,17) (69,19) (70,23) (71,27) (72,29) (73,31) (74,33) (75,35) (76,38) (77,37) (78,39) (79,41) 
TD 20 :
(99,109) (0,99) (98,104) (1,96) (97,102) (2,88) (96,99) (3,86) (95,94) (4,81) (94,90) (5,77) (93,86) (6,71) (92,84) (7,69) (91,80) (8,66) (90,79) (9,66) (89,72) (10,63) (88,69) (11,63) (87,64) (12,58) (86,61) (13,57) (85,57) (84,60) (14,52) (83,58) (15,51) (82,51) (16,46) (81,47) (17,45) (80,44) (18,40) (79,41) (19,39) (20,36) (21,35) (22,34) (23,32) (24,31) (25,28) (26,27) (27,26) (28,24) (29,23) (30,24) (31,25) (32,23) (33,20) (34,19) (35,16) (36,20) (37,20) (38,18) (39,16) (40,16) (41,16) (42,14) (43,16) (44,13) (45,14) (46,11) (47,11) (48,7) (49,7) (50,7) (51,7) (52,6) (53,4) (54,5) (55,6) (56,7) (57,7) (58,8) (59,8) (60,7) (61,6) (62,7) (63,9) (64,11) (65,11) (66,14) (67,14) (68,17) (69,19) (70,23) (71,27) (72,29) (73,31) (74,33) (75,35) (76,38) (77,37) (78,39) 
TD 21 :
(99,109) (0,99) (98,104) (1,96) (97,102) (2,88) (96,99) (3,86) (95,94) (4,81) (94,90) (5,77) (93,86) (6,71) (92,84) (7,69) (91,80) (8,66) (90,79) (9,66) (89,72) (10,63) (88,69) (11,63) (87,64) (12,58) (86,61) (13,57) (85,57) (84,60) (14,52) (83,58) (15,51) (82,51) (16,46) (81,47) (17,45) (80,44) (18,40) (79,41) (19,39) (78,39) (20,36) (21,35) (22,34) (23,32) (24,31) (25,28) (26,27) (27,26) (28,24) (29,23) (30,24) (31,25) (32,23) (33,20) (34,19) (35,16) (36,20) (37,20) (38,18) (39,16) (40,16) (41,16) (42,14) (43,16) (44,13) (45,14) (46,11) (47,11) (48,7) (49,7) (50,7) (51,7) (52,6) (53,4) (54,5) (55,6) (56,7) (57,7) (58,8) (59,8) (60,7) (61,6) (62,7) (63,9) (64,11) (65,11) (66,14) (67,14) (68,17) (69,19) (70,23) (71,27) (72,29) (73,31) (74,33) (75,35) (76,38) (77,37) 
TD 22 :
(99,109) (0,99) (98,104) (1,96) (97,102) (2,88) (96,99) (3,86) (95,94) (4,81) (94,90) (5,77) (93,86) (6,71) (92,84) (7,69) (91,80) (8,66) (90,79) (9,66) (89,72) (10,63) (88,69) (11,63) (87,64) (12,58) (86,61) (13,57) (85,57) (84,60) (14,52) (83,58) (15,51) (82,51) (16,46) (81,47) (17,45) (80,44) (18,40) (79,41) (19,39) (78,39) (20,36) (77,37) (76,38) (21,35) (22,34) (23,32) (24,31) (25,28) (26,27) (27,26) (28,24) (29,23) (30,24) (31,25) (32,23) (33,20) (34,19) (35,16) (36,20) (37,20) (38,18) (39,16) (40,16) (41,16) (42,14) (43,16) (44,13) (45,14) (46,11) (47,11) (48,7) (49,7) (50,7) (51,7) (52,6) (53,4) (54,5) (55,6) (56,7) (57,7) (58,8) (59,8) (60,7) (61,6) (62,7) (63,9) (64,11) (65,11) (66,14) (67,14) (68,17) (69,19) (70,23) (71,27) (72,29) (73,31) (74,33) (75,35) 
(99,109) (0,99) (98,104) (1,96) (97,102) (2,88) (96,99) (3,86) (95,94) (4,81) (94,90) (5,77) (93,86) (6,71) (92,84) (7,69) (91,80) (8,66) (90,79) (9,66) (89,72) (10,63) (88,69) (11,63) (87,64) (12,58) (86,61) (13,57) (85,57) (84,60) (14,52) (83,58) (15,51) (82,51) (16,46) (81,47) (17,45) (80,44) (18,40) (79,41) (19,39) (78,39) (20,36) (77,37) (76,38) (21,35) 
TD 23 :
(99,109) (0,99) (98,104) (1,96) (97,102) (2,88) (96,99) (3,86) (95,94) (4,81) (94,90) (5,77) (93,86) (6,71) (92,84) (7,69) (91,80) (8,66) (90,79) (9,66) (89,72) (10,63) (88,69) (11,63) (87,64) (12,58) (86,61) (13,57) (85,57) (84,60) (14,52) (83,58) (15,51) (82,51) (16,46) (81,47) (17,45) (80,44) (18,40) (79,41) (19,39) (78,39) (20,36) (77,37) (76,38) (21,35) (75,35) (22,34) (23,32) (24,31) (25,28) (26,27) (27,26) (28,24) (29,23) (30,24) (31,25) (32,23) (33,20) (34,19) (35,16) (36,20) (37,20) (38,18) (39,16) (40,16) (41,16) (42,14) (43,16) (44,13) (45,14) (46,11) (47,11) (48,7) (49,7) (50,7) (51,7) (52,6) (53,4) (54,5) (55,6) (56,7) (57,7) (58,8) (59,8) (60,7) (61,6) (62,7) (63,9) (64,11) (65,11) (66,14) (67,14) (68,17) (69,19) (70,23) (71,27) (72,29) (73,31) (74,33) 
TD 24 :
(99,109) (0,99) (98,104) (1,96) (97,102) (2,88) (96,99) (3,86) (95,94) (4,81) (94,90) (5,77) (93,86) (6,71) (92,84) (7,69) (91,80) (8,66) (90,79) (9,66) (89,72) (10,63) (88,69) (11,63) (87,64) (12,58) (86,61) (13,57) (85,57) (84,60) (14,52) (83,58) (15,51) (82,51) (16,46) (81,47) (17,45) (80,44) (18,40) (79,41) (19,39) (78,39) (20,36) (77,37) (76,38) (21,35) (75,35) (22,34) (74,33) (23,32) (24,31) (25,28) (26,27) (27,26) (28,24) (29,23) (30,24) (31,25) (32,23) (33,20) (34,19) (35,16) (36,20) (37,20) (38,18) (39,16) (40,16) (41,16) (42,14) (43,16) (44,13) (45,14) (46,11) (47,11) (48,7) (49,7) (50,7) (51,7) (52,6) (53,4) (54,5) (55,6) (56,7) (57,7) (58,8) (59,8) (60,7) (61,6) (62,7) (63,9) (64,11) (65,11) (66,14) (67,14) (68,17) (69,19) (70,23) (71,27) (72,29) (73,31) 
TD 25 :
(99,109) (0,99) (98,104) (1,96) (97,102) (2,88) (96,99) (3,86) (95,94) (4,81) (94,90) (5,77) (93,86) (6,71) (92,84) (7,69) (91,80) (8,66) (90,79) (9,66) (89,72) (10,63) (88,69) (11,63) (87,64) (12,58) (86,61) (13,57) (85,57) (84,60) (14,52) (83,58) (15,51) (82,51) (16,46) (81,47) (17,45) (80,44) (18,40) (79,41) (19,39) (78,39) (20,36) (77,37) (76,38) (21,35) (75,35) (22,34) (74,33) (23,32) (73,31) (24,31) (25,28) (26,27) (27,26) (28,24) (29,23) (30,24) (31,25) (32,23) (33,20) (34,19) (35,16) (36,20) (37,20) (38,18) (39,16) (40,16) (41,16) (42,14) (43,16) (44,13) (45,14) (46,11) (47,11) (48,7) (49,7) (50,7) (51,7) (52,6) (53,4) (54,5) (55,6) (56,7) (57,7) (58,8) (59,8) (60,7) (61,6) (62,7) (63,9) (64,11) (65,11) (66,14) (67,14) (68,17) (69,19) (70,23) (71,27) (72,29) 
TD 26 :
(99,109) (0,99) (98,104) (1,96) (97,102) (2,88) (96,99) (3,86) (95,94) (4,81) (94,90) (5,77) (93,86) (6,71) (92,84) (7,69) (91,80) (8,66) (90,79) (9,66) (89,72) (10,63) (88,69) (11,63) (87,64) (12,58) (86,61) (13,57) (85,57) (84,60) (14,52) (83,58) (15,51) (82,51) (16,46) (81,47) (17,45) (80,44) (18,40) (79,41) (19,39) (78,39) (20,36) (77,37) (76,38) (21,35) (75,35) (22,34) (74,33) (23,32) (73,31) (24,31) (72,29) (25,28) (26,27) (27,26) (28,24) (29,23) (30,24) (31,25) (32,23) (33,20) (34,19) (35,16) (36,20) (37,20) (38,18) (39,16) (40,16) (41,16) (42,14) (43,16) (44,13) (45,14) (46,11) (47,11) (48,7) (49,7) (50,7) (51,7) (52,6) (53,4) (54,5) (55,6) (56,7) (57,7) (58,8) (59,8) (60,7) (61,6) (62,7) (63,9) (64,11) (65,11) (66,14) (67,14) (68,17) (69,19) (70,23) (71,27) 
TD 27 :
(99,109) (0,99) (98,104) (1,96) (97,102) (2,88) (96,99) (3,86) (95,94) (4,81) (94,90) (5,77) (93,86) (6,71) (92,84) (7,69) (91,80) (8,66) (90,79) (9,66) (89,72) (10,63) (88,69) (11,63) (87,64) (12,58) (86,61) (13,57) (85,57) (84,60) (14,52) (83,58) (15,51) (82,51) (16,46) (81,47) (17,45) (80,44) (18,40) (79,41) (19,39) (78,39) (20,36) (77,37) (76,38) (21,35) (75,35) (22,34) (74,33) (23,32) (73,31) (24,31) (72,29) (25,28) (71,27) (26,27) (27,26) (28,24) (29,23) (30,24) (31,25) (32,23) (33,20) (34,19) (35,16) (36,20) (37,20) (38,18) (39,16) (40,16) (41,16) (42,14) (43,16) (44,13) (45,14) (46,11) (47,11) (48,7) (49,7) (50,7) (51,7) (52,6) (53,4) (54,5) (55,6) (56,7) (57,7) (58,8) (59,8) (60,7) (61,6) (62,7) (63,9) (64,11) (65,11) (66,14) (67,14) (68,17) (69,19) (70,23) 
TD 28 :
(99,109) (0,99) (98,104) (1,96) (97,102) (2,88) (96,99) (3,86) (95,94) (4,81) (94,90) (5,77) (93,86) (6,71) (92,84) (7,69) (91,80) (8,66) (90,79) (9,66) (89,72) (10,63) (88,69) (11,63) (87,64) (12,58) (86,61) (13,57) (85,57) (84,60) (14,52) (83,58) (15,51) (82,51) (16,46) (81,47) (17,45) (80,44) (18,40) (79,41) (19,39) (78,39) (20,36) (77,37) (76,38) (21,35) (75,35) (22,34) (74,33) (23,32) (73,31) (24,31) (72,29) (25,28) (71,27) (26,27) (70,23) (27,26) (28,24) (29,23) (30,24) (31,25) (32,23) (33,20) (34,19) (35,16) (36,20) (37,20) (38,18) (39,16) (40,16) (41,16) (42,14) (43,16) (44,13) (45,14) (46,11) (47,11) (48,7) (49,7) (50,7) (51,7) (52,6) (53,4) (54,5) (55,6) (56,7) (57,7) (58,8) (59,8) (60,7) (61,6) (62,7) (63,9) (64,11) (65,11) (66,14) (67,14) (68,17) (69,19) 
TD 29 :
(99,109) (0,99) (98,104) (1,96) (97,102) (2,88) (96,99) (3,86) (95,94) (4,81) (94,90) (5,77) (93,86) (6,71) (92,84) (7,69) (91,80) (8,66) (90,79) (9,66) (89,72) (10,63) (88,69) (11,63) (87,64) (12,58) (86,61) (13,57) (85,57) (84,60) (14,52) (83,58) (15,51) (82,51) (16,46) (81,47) (17,45) (80,44) (18,40) (79,41) (19,39) (78,39) (20,36) (77,37) (76,38) (21,35) (75,35) (22,34) (74,33) (23,32) (73,31) (24,31) (72,29) (25,28) (71,27) (26,27) (70,23) (27,26) (69,19) (31,25) (28,24) (29,23) (30,24) 
(99,109) (0,99) (98,104) (1,96) (97,102) (2,88) (96,99) (3,86) (95,94) (4,81) (94,90) (5,77) (93,86) (6,71) (92,84) (7,69) (91,80) (8,66) (90,79) (9,66) (89,72) (10,63) (88,69) (11,63) (87,64) (12,58) (86,61) (13,57) (85,57) (84,60) (14,52) (83,58) (15,51) (82,51) (16,46) (81,47) (17,45) (80,44) (18,40) (79,41) (19,39) (78,39) (20,36) (77,37) (76,38) (21,35) (75,35) (22,34) (74,33) (23,32) (73,31) (24,31) (72,29) (25,28) (71,27) (26,27) (70,23) (27,26) (69,19) (31,25) (28,24) (32,23) (33,20) (34,19) (35,16) (36,20) (37,20) (38,18) (39,16) (40,16) (41,16) (42,14) (43,16) (44,13) (45,14) (46,11) (47,11) (48,7) (49,7) (50,7) (51,7) (52,6) (53,4) (54,5) (55,6) (56,7) (57,7) (58,8) (59,8) (60,7) (61,6) (62,7) (63,9) (64,11) (65,11) (66,14) (67,14) (68,17) 
TD 30 :
(99,109) (0,99) (98,104) (1,96) (97,102) (2,88) (96,99) (3,86) (95,94) (4,81) (94,90) (5,77) (93,86) (6,71) (92,84) (7,69) (91,80) (8,66) (90,79) (9,66) (89,72) (10,63) (88,69) (11,63) (87,64) (12,58) (86,61) (13,57) (85,57) (84,60) (14,52) (83,58) (15,51) (82,51) (16,46) (81,47) (17,45) (80,44) (18,40) (79,41) (19,39) (78,39) (20,36) (77,37) (76,38) (21,35) (75,35) (22,34) (74,33) (23,32) (73,31) (24,31) (72,29) (25,28) (71,27) (26,27) (70,23) (27,26) (69,19) (31,25) (28,24) (30,24) (29,23) 
(99,109) (0,99) (98,104) (1,96) (97,102) (2,88) (96,99) (3,86) (95,94) (4,81) (94,90) (5,77) (93,86) (6,71) (92,84) (7,69) (91,80) (8,66) (90,79) (9,66) (89,72) (10,63) (88,69) (11,63) (87,64) (12,58) (86,61) (13,57) (85,57) (84,60) (14,52) (83,58) (15,51) (82,51) (16,46) (81,47) (17,45) (80,44) (18,40) (79,41) (19,39) (78,39) (20,36) (77,37) (76,38) (21,35) (75,35) (22,34) (74,33) (23,32) (73,31) (24,31) (72,29) (25,28) (71,27) (26,27) (70,23) (27,26) (69,19) (31,25) (28,24) (30,24) (29,23) 
(99,109) (0,99) (98,104) (1,96) (97,102) (2,88) (96,99) (3,86) (95,94) (4,81) (94,90) (5,77) (93,86) (6,71) (92,84) (7,69) (91,80) (8,66) (90,79) (9,66) (89,72) (10,63) (88,69) (11,63) (87,64) (12,58) (86,61) (13,57) (85,57) (84,60) (14,52) (83,58) (15,51) (82,51) (16,46) (81,47) (17,45) (80,44) (18,40) (79,41) (19,39) (78,39) (20,36) (77,37) (76,38) (21,35) (75,35) (22,34) (74,33) (23,32) (73,31) (24,31) (72,29) (25,28) (71,27) (26,27) (70,23) (27,26) (69,19) (31,25) (28,24) (68,17) (32,23) (33,20) (34,19) (35,16) (36,20) (37,20) (38,18) (39,16) (40,16) (41,16) (42,14) (43,16) (44,13) (45,14) (46,11) (47,11) (48,7) (49,7) (50,7) (51,7) (52,6) (53,4) (54,5) (55,6) (56,7) (57,7) (58,8) (59,8) (60,7) (61,6) (62,7) (63,9) (64,11) (65,11) (66,14) (67,14) 
TD 31 :
(99,109) (0,99) (98,104) (1,96) (97,102) (2,88) (96,99) (3,86) (95,94) (4,81) (94,90) (5,77) (93,86) (6,71) (92,84) (7,69) (91,80) (8,66) (90,79) (9,66) (89,72) (10,63) (88,69) (11,63) (87,64) (12,58) (86,61) (13,57) (85,57) (84,60) (14,52) (83,58) (15,51) (82,51) (16,46) (81,47) (17,45) (80,44) (18,40) (79,41) (19,39) (78,39) (20,36) (77,37) (76,38) (21,35) (75,35) (22,34) (74,33) (23,32) (73,31) (24,31) (72,29) (25,28) (71,27) (26,27) (70,23) (27,26) (69,19) (31,25) (28,24) (68,17) (67,14) (32,23) (33,20) (34,19) (35,16) (36,20) (37,20) (38,18) (39,16) (40,16) (41,16) (42,14) (43,16) (44,13) (45,14) (46,11) (47,11) (48,7) (49,7) (50,7) (51,7) (52,6) (53,4) (54,5) (55,6) (56,7) (57,7) (58,8) (59,8) (60,7) (61,6) (62,7) (63,9) (64,11) (65,11) (66,14) 
TD 32 :
(99,109) (0,99) (98,104) (1,96) (97,102) (2,88) (96,99) (3,86) (95,94) (4,81) (94,90) (5,77) (93,86) (6,71) (92,84) (7,69) (91,80) (8,66) (90,79) (9,66) (89,72) (10,63) (88,69) (11,63) (87,64) (12,58) (86,61) (13,57) (85,57) (84,60) (14,52) (83,58) (15,51) (82,51) (16,46) (81,47) (17,45) (80,44) (18,40) (79,41) (19,39) (78,39) (20,36) (77,37) (76,38) (21,35) (75,35) (22,34) (74,33) (23,32) (73,31) (24,31) (72,29) (25,28) (71,27) (26,27) (70,23) (27,26) (69,19) (31,25) (28,24) (68,17) (67,14) (32,23) (66,14) (37,20) (36,20) (33,20) (34,19) (35,16) 
(99,109) (0,99) (98,104) (1,96) (97,102) (2,88) (96,99) (3,86) (95,94) (4,81) (94,90) (5,77) (93,86) (6,71) (92,84) (7,69) (91,80) (8,66) (90,79) (9,66) (89,72) (10,63) (88,69) (11,63) (87,64) (12,58) (86,61) (13,57) (85,57) (84,60) (14,52) (83,58) (15,51) (82,51) (16,46) (81,47) (17,45) (80,44) (18,40) (79,41) (19,39) (78,39) (20,36) (77,37) (76,38) (21,35) (75,35) (22,34) (74,33) (23,32) (73,31) (24,31) (72,29) (25,28) (71,27) (26,27) (70,23) (27,26) (69,19) (31,25) (28,24) (68,17) (67,14) (32,23) (66,14) (37,20) (36,20) (33,20) 
(99,109) (0,99) (98,104) (1,96) (97,102) (2,88) (96,99) (3,86) (95,94) (4,81) (94,90) (5,77) (93,86) (6,71) (92,84) (7,69) (91,80) (8,66) (90,79) (9,66) (89,72) (10,63) (88,69) (11,63) (87,64) (12,58) (86,61) (13,57) (85,57) (84,60) (14,52) (83,58) (15,51) (82,51) (16,46) (81,47) (17,45) (80,44) (18,40) (79,41) (19,39) (78,39) (20,36) (77,37) (76,38) (21,35) (75,35) (22,34) (74,33) (23,32) (73,31) (24,31) (72,29) (25,28) (71,27) (26,27) (70,23) (27,26) (69,19) (31,25) (28,24) (68,17) (67,14) (32,23) (66,14) (37,20) (36,20) (33,20) (38,18) (39,16) (40,16) (41,16) (42,14) (43,16) (44,13) (45,14) (46,11) (47,11) (48,7) (49,7) (50,7) (51,7) (52,6) (53,4) (54,5) (55,6) (56,7) (57,7) (58,8) (59,8) (60,7) (61,6) (62,7) (63,9) (64,11) (65,11) 
TD 33 :
(99,109) (0,99) (98,104) (1,96) (97,102) (2,88) (96,99) (3,86) (95,94) (4,81) (94,90) (5,77) (93,86) (6,71) (92,84) (7,69) (91,80) (8,66) (90,79) (9,66) (89,72) (10,63) (88,69) (11,63) (87,64) (12,58) (86,61) (13,57) (85,57) (84,60) (14,52) (83,58) (15,51) (82,51) (16,46) (81,47) (17,45) (80,44) (18,40) (79,41) (19,39) (78,39) (20,36) (77,37) (76,38) (21,35) (75,35) (22,34) (74,33) (23,32) (73,31) (24,31) (72,29) (25,28) (71,27) (26,27) (70,23) (27,26) (69,19) (31,25) (28,24) (68,17) (67,14) (32,23) (66,14) (37,20) (36,20) (33,20) (34,19) (35,16) 
(99,109) (0,99) (98,104) (1,96) (97,102) (2,88) (96,99) (3,86) (95,94) (4,81) (94,90) (5,77) (93,86) (6,71) (92,84) (7,69) (91,80) (8,66) (90,79) (9,66) (89,72) (10,63) (88,69) (11,63) (87,64) (12,58) (86,61) (13,57) (85,57) (84,60) (14,52) (83,58) (15,51) (82,51) (16,46) (81,47) (17,45) (80,44) (18,40) (79,41) (19,39) (78,39) (20,36) (77,37) (76,38) (21,35) (75,35) (22,34) (74,33) (23,32) (73,31) (24,31) (72,29) (25,28) (71,27) (26,27) (70,23) (27,26) (69,19) (31,25) (28,24) (68,17) (67,14) (32,23) (66,14) (37,20) (36,20) (33,20) (65,11) (38,18) 
(99,109) (0,99) (98,104) (1,96) (97,102) (2,88) (96,99) (3,86) (95,94) (4,81) (94,90) (5,77) (93,86) (6,71) (92,84) (7,69) (91,80) (8,66) (90,79) (9,66) (89,72) (10,63) (88,69) (11,63) (87,64) (12,58) (86,61) (13,57) (85,57) (84,60) (14,52) (83,58) (15,51) (82,51) (16,46) (81,47) (17,45) (80,44) (18,40) (79,41) (19,39) (78,39) (20,36) (77,37) (76,38) (21,35) (75,35) (22,34) (74,33) (23,32) (73,31) (24,31) (72,29) (25,28) (71,27) (26,27) (70,23) (27,26) (69,19) (31,25) (28,24) (68,17) (67,14) (32,23) (66,14) (37,20) (36,20) (33,20) (65,11) (38,18) (39,16) (40,16) (41,16) (42,14) (43,16) (44,13) (45,14) (46,11) (47,11) (48,7) (49,7) (50,7) (51,7) (52,6) (53,4) (54,5) (55,6) (56,7) (57,7) (58,8) (59,8) (60,7) (61,6) (62,7) (63,9) (64,11) 
TD 34 :
(99,109) (0,99) (98,104) (1,96) (97,102) (2,88) (96,99) (3,86) (95,94) (4,81) (94,90) (5,77) (93,86) (6,71) (92,84) (7,69) (91,80) (8,66) (90,79) (9,66) (89,72) (10,63) (88,69) (11,63) (87,64) (12,58) (86,61) (13,57) (85,57) (84,60) (14,52) (83,58) (15,51) (82,51) (16,46) (81,47) (17,45) (80,44) (18,40) (79,41) (19,39) (78,39) (20,36) (77,37) (76,38) (21,35) (75,35) (22,34) (74,33) (23,32) (73,31) (24,31) (72,29) (25,28) (71,27) (26,27) (70,23) (27,26) (69,19) (31,25) (28,24) (68,17) (67,14) (32,23) (66,14) (37,20) (36,20) (33,20) (34,19) (35,16) 
(99,109) (0,99) (98,104) (1,96) (97,102) (2,88) (96,99) (3,86) (95,94) (4,81) (94,90) (5,77) (93,86) (6,71) (92,84) (7,69) (91,80) (8,66) (90,79) (9,66) (89,72) (10,63) (88,69) (11,63) (87,64) (12,58) (86,61) (13,57) (85,57) (84,60) (14,52) (83,58) (15,51) (82,51) (16,46) (81,47) (17,45) (80,44) (18,40) (79,41) (19,39) (78,39) (20,36) (77,37) (76,38) (21,35) (75,35) (22,34) (74,33) (23,32) (73,31) (24,31) (72,29) (25,28) (71,27) (26,27) (70,23) (27,26) (69,19) (31,25) (28,24) (68,17) (67,14) (32,23) (66,14) (37,20) (36,20) (33,20) (65,11) (38,18) (64,11) (43,16) (41,16) (40,16) (39,16) 
(99,109) (0,99) (98,104) (1,96) (97,102) (2,88) (96,99) (3,86) (95,94) (4,81) (94,90) (5,77) (93,86) (6,71) (92,84) (7,69) (91,80) (8,66) (90,79) (9,66) (89,72) (10,63) (88,69) (11,63) (87,64) (12,58) (86,61) (13,57) (85,57) (84,60) (14,52) (83,58) (15,51) (82,51) (16,46) (81,47) (17,45) (80,44) (18,40) (79,41) (19,39) (78,39) (20,36) (77,37) (76,38) (21,35) (75,35) (22,34) (74,33) (23,32) (73,31) (24,31) (72,29) (25,28) (71,27) (26,27) (70,23) (27,26) (69,19) (31,25) (28,24) (68,17) (67,14) (32,23) (66,14) (37,20) (36,20) (33,20) (65,11) (38,18) (64,11) (43,16) (41,16) (40,16) (39,16) 
(99,109) (0,99) (98,104) (1,96) (97,102) (2,88) (96,99) (3,86) (95,94) (4,81) (94,90) (5,77) (93,86) (6,71) (92,84) (7,69) (91,80) (8,66) (90,79) (9,66) (89,72) (10,63) (88,69) (11,63) (87,64) (12,58) (86,61) (13,57) (85,57) (84,60) (14,52) (83,58) (15,51) (82,51) (16,46) (81,47) (17,45) (80,44) (18,40) (79,41) (19,39) (78,39) (20,36) (77,37) (76,38) (21,35) (75,35) (22,34) (74,33) (23,32) (73,31) (24,31) (72,29) (25,28) (71,27) (26,27) (70,23) (27,26) (69,19) (31,25) (28,24) (68,17) (67,14) (32,23) (66,14) (37,20) (36,20) (33,20) (65,11) (38,18) (64,11) (43,16) (41,16) (40,16) (39,16) 
(99,109) (0,99) (98,104) (1,96) (97,102) (2,88) (96,99) (3,86) (95,94) (4,81) (94,90) (5,77) (93,86) (6,71) (92,84) (7,69) (91,80) (8,66) (90,79) (9,66) (89,72) (10,63) (88,69) (11,63) (87,64) (12,58) (86,61) (13,57) (85,57) (84,60) (14,52) (83,58) (15,51) (82,51) (16,46) (81,47) (17,45) (80,44) (18,40) (79,41) (19,39) (78,39) (20,36) (77,37) (76,38) (21,35) (75,35) (22,34) (74,33) (23,32) (73,31) (24,31) (72,29) (25,28) (71,27) (26,27) (70,23) (27,26) (69,19) (31,25) (28,24) (68,17) (67,14) (32,23) (66,14) (37,20) (36,20) (33,20) (65,11) (38,18) (64,11) (43,16) (41,16) (40,16) (39,16) (42,14) 
(99,109) (0,99) (98,104) (1,96) (97,102) (2,88) (96,99) (3,86) (95,94) (4,81) (94,90) (5,77) (93,86) (6,71) (92,84) (7,69) (91,80) (8,66) (90,79) (9,66) (89,72) (10,63) (88,69) (11,63) (87,64) (12,58) (86,61) (13,57) (85,57) (84,60) (14,52) (83,58) (15,51) (82,51) (16,46) (81,47) (17,45) (80,44) (18,40) (79,41) (19,39) (78,39) (20,36) (77,37) (76,38) (21,35) (75,35) (22,34) (74,33) (23,32) (73,31) (24,31) (72,29) (25,28) (71,27) (26,27) (70,23) (27,26) (69,19) (31,25) (28,24) (68,17) (67,14) (32,23) (66,14) (37,20) (36,20) (33,20) (65,11) (38,18) (64,11) (43,16) (41,16) (40,16) (39,16) (44,13) (45,14) (46,11) (47,11) (48,7) (49,7) (50,7) (51,7) (52,6) (53,4) (54,5) (55,6) (56,7) (57,7) (58,8) (59,8) (60,7) (61,6) (62,7) (63,9) 
TD 35 :
(99,109) (0,99) (98,104) (1,96) (97,102) (2,88) (96,99) (3,86) (95,94) (4,81) (94,90) (5,77) (93,86) (6,71) (92,84) (7,69) (91,80) (8,66) (90,79) (9,66) (89,72) (10,63) (88,69) (11,63) (87,64) (12,58) (86,61) (13,57) (85,57) (84,60) (14,52) (83,58) (15,51) (82,51) (16,46) (81,47) (17,45) (80,44) (18,40) (79,41) (19,39) (78,39) (20,36) (77,37) (76,38) (21,35) (75,35) (22,34) (74,33) (23,32) (73,31) (24,31) (72,29) (25,28) (71,27) (26,27) (70,23) (27,26) (69,19) (31,25) (28,24) (68,17) (67,14) (32,23) (66,14) (37,20) (36,20) (33,20) (65,11) (38,18) (64,11) (43,16) (41,16) (40,16) (39,16) (42,14) 
(99,109) (0,99) (98,104) (1,96) (97,102) (2,88) (96,99) (3,86) (95,94) (4,81) (94,90) (5,77) (93,86) (6,71) (92,84) (7,69) (91,80) (8,66) (90,79) (9,66) (89,72) (10,63) (88,69) (11,63) (87,64) (12,58) (86,61) (13,57) (85,57) (84,60) (14,52) (83,58) (15,51) (82,51) (16,46) (81,47) (17,45) (80,44) (18,40) (79,41) (19,39) (78,39) (20,36) (77,37) (76,38) (21,35) (75,35) (22,34) (74,33) (23,32) (73,31) (24,31) (72,29) (25,28) (71,27) (26,27) (70,23) (27,26) (69,19) (31,25) (28,24) (68,17) (67,14) (32,23) (66,14) (37,20) (36,20) (33,20) (65,11) (38,18) (64,11) (43,16) (41,16) (40,16) (39,16) (63,9) (45,14) (44,13) 
(99,109) (0,99) (98,104) (1,96) (97,102) (2,88) (96,99) (3,86) (95,94) (4,81) (94,90) (5,77) (93,86) (6,71) (92,84) (7,69) (91,80) (8,66) (90,79) (9,66) (89,72) (10,63) (88,69) (11,63) (87,64) (12,58) (86,61) (13,57) (85,57) (84,60) (14,52) (83,58) (15,51) (82,51) (16,46) (81,47) (17,45) (80,44) (18,40) (79,41) (19,39) (78,39) (20,36) (77,37) (76,38) (21,35) (75,35) (22,34) (74,33) (23,32) (73,31) (24,31) (72,29) (25,28) (71,27) (26,27) (70,23) (27,26) (69,19) (31,25) (28,24) (68,17) (67,14) (32,23) (66,14) (37,20) (36,20) (33,20) (65,11) (38,18) (64,11) (43,16) (41,16) (40,16) (39,16) (63,9) (45,14) (46,11) (47,11) (48,7) (49,7) (50,7) (51,7) (52,6) (53,4) (54,5) (55,6) (56,7) (57,7) (58,8) (59,8) (60,7) (61,6) (62,7) 
TD 36 :
(99,109) (0,99) (98,104) (1,96) (97,102) (2,88) (96,99) (3,86) (95,94) (4,81) (94,90) (5,77) (93,86) (6,71) (92,84) (7,69) (91,80) (8,66) (90,79) (9,66) (89,72) (10,63) (88,69) (11,63) (87,64) (12,58) (86,61) (13,57) (85,57) (84,60) (14,52) (83,58) (15,51) (82,51) (16,46) (81,47) (17,45) (80,44) (18,40) (79,41) (19,39) (78,39) (20,36) (77,37) (76,38) (21,35) (75,35) (22,34) (74,33) (23,32) (73,31) (24,31) (72,29) (25,28) (71,27) (26,27) (70,23) (27,26) (69,19) (31,25) (28,24) (68,17) (67,14) (32,23) (66,14) (37,20) (36,20) (33,20) (65,11) (38,18) (64,11) (43,16) (41,16) (40,16) (39,16) (63,9) (45,14) (44,13) 
(99,109) (0,99) (98,104) (1,96) (97,102) (2,88) (96,99) (3,86) (95,94) (4,81) (94,90) (5,77) (93,86) (6,71) (92,84) (7,69) (91,80) (8,66) (90,79) (9,66) (89,72) (10,63) (88,69) (11,63) (87,64) (12,58) (86,61) (13,57) (85,57) (84,60) (14,52) (83,58) (15,51) (82,51) (16,46) (81,47) (17,45) (80,44) (18,40) (79,41) (19,39) (78,39) (20,36) (77,37) (76,38) (21,35) (75,35) (22,34) (74,33) (23,32) (73,31) (24,31) (72,29) (25,28) (71,27) (26,27) (70,23) (27,26) (69,19) (31,25) (28,24) (68,17) (67,14) (32,23) (66,14) (37,20) (36,20) (33,20) (65,11) (38,18) (64,11) (43,16) (41,16) (40,16) (39,16) (63,9) (45,14) (62,7) (59,8) (46,11) (47,11) (48,7) (49,7) (50,7) (51,7) (52,6) (53,4) (54,5) (55,6) (56,7) (57,7) (58,8) 
(99,109) (0,99) (98,104) (1,96) (97,102) (2,88) (96,99) (3,86) (95,94) (4,81) (94,90) (5,77) (93,86) (6,71) (92,84) (7,69) (91,80) (8,66) (90,79) (9,66) (89,72) (10,63) (88,69) (11,63) (87,64) (12,58) (86,61) (13,57) (85,57) (84,60) (14,52) (83,58) (15,51) (82,51) (16,46) (81,47) (17,45) (80,44) (18,40) (79,41) (19,39) (78,39) (20,36) (77,37) (76,38) (21,35) (75,35) (22,34) (74,33) (23,32) (73,31) (24,31) (72,29) (25,28) (71,27) (26,27) (70,23) (27,26) (69,19) (31,25) (28,24) (68,17) (67,14) (32,23) (66,14) (37,20) (36,20) (33,20) (65,11) (38,18) (64,11) (43,16) (41,16) (40,16) (39,16) (63,9) (45,14) (62,7) (59,8) (60,7) (61,6) 
TD 37 :
(99,109) (0,99) (98,104) (1,96) (97,102) (2,88) (96,99) (3,86) (95,94) (4,81) (94,90) (5,77) (93,86) (6,71) (92,84) (7,69) (91,80) (8,66) (90,79) (9,66) (89,72) (10,63) (88,69) (11,63) (87,64) (12,58) (86,61) (13,57) (85,57) (84,60) (14,52) (83,58) (15,51) (82,51) (16,46) (81,47) (17,45) (80,44) (18,40) (79,41) (19,39) (78,39) (20,36) (77,37) (76,38) (21,35) (75,35) (22,34) (74,33) (23,32) (73,31) (24,31) (72,29) (25,28) (71,27) (26,27) (70,23) (27,26) (69,19) (31,25) (28,24) (68,17) (67,14) (32,23) (66,14) (37,20) (36,20) (33,20) (65,11) (38,18) (64,11) (43,16) (41,16) (40,16) (39,16) (63,9) (45,14) (62,7) (59,8) (58,8) (47,11) (46,11) 
(99,109) (0,99) (98,104) (1,96) (97,102) (2,88) (96,99) (3,86) (95,94) (4,81) (94,90) (5,77) (93,86) (6,71) (92,84) (7,69) (91,80) (8,66) (90,79) (9,66) (89,72) (10,63) (88,69) (11,63) (87,64) (12,58) (86,61) (13,57) (85,57) (84,60) (14,52) (83,58) (15,51) (82,51) (16,46) (81,47) (17,45) (80,44) (18,40) (79,41) (19,39) (78,39) (20,36) (77,37) (76,38) (21,35) (75,35) (22,34) (74,33) (23,32) (73,31) (24,31) (72,29) (25,28) (71,27) (26,27) (70,23) (27,26) (69,19) (31,25) (28,24) (68,17) (67,14) (32,23) (66,14) (37,20) (36,20) (33,20) (65,11) (38,18) (64,11) (43,16) (41,16) (40,16) (39,16) (63,9) (45,14) (62,7) (59,8) (58,8) (47,11) (46,11) (48,7) (49,7) (50,7) (51,7) (52,6) (53,4) (54,5) (55,6) (56,7) (57,7) 
(99,109) (0,99) (98,104) (1,96) (97,102) (2,88) (96,99) (3,86) (95,94) (4,81) (94,90) (5,77) (93,86) (6,71) (92,84) (7,69) (91,80) (8,66) (90,79) (9,66) (89,72) (10,63) (88,69) (11,63) (87,64) (12,58) (86,61) (13,57) (85,57) (84,60) (14,52) (83,58) (15,51) (82,51) (16,46) (81,47) (17,45) (80,44) (18,40) (79,41) (19,39) (78,39) (20,36) (77,37) (76,38) (21,35) (75,35) (22,34) (74,33) (23,32) (73,31) (24,31) (72,29) (25,28) (71,27) (26,27) (70,23) (27,26) (69,19) (31,25) (28,24) (68,17) (67,14) (32,23) (66,14) (37,20) (36,20) (33,20) (65,11) (38,18) (64,11) (43,16) (41,16) (40,16) (39,16) (63,9) (45,14) (62,7) (59,8) (58,8) (47,11) (46,11) 
(99,109) (0,99) (98,104) (1,96) (97,102) (2,88) (96,99) (3,86) (95,94) (4,81) (94,90) (5,77) (93,86) (6,71) (92,84) (7,69) (91,80) (8,66) (90,79) (9,66) (89,72) (10,63) (88,69) (11,63) (87,64) (12,58) (86,61) (13,57) (85,57) (84,60) (14,52) (83,58) (15,51) (82,51) (16,46) (81,47) (17,45) (80,44) (18,40) (79,41) (19,39) (78,39) (20,36) (77,37) (76,38) (21,35) (75,35) (22,34) (74,33) (23,32) (73,31) (24,31) (72,29) (25,28) (71,27) (26,27) (70,23) (27,26) (69,19) (31,25) (28,24) (68,17) (67,14) (32,23) (66,14) (37,20) (36,20) (33,20) (65,11) (38,18) (64,11) (43,16) (41,16) (40,16) (39,16) (63,9) (45,14) (62,7) (59,8) (61,6) (60,7) 
(99,109) (0,99) (98,104) (1,96) (97,102) (2,88) (96,99) (3,86) (95,94) (4,81) (94,90) (5,77) (93,86) (6,71) (92,84) (7,69) (91,80) (8,66) (90,79) (9,66) (89,72) (10,63) (88,69) (11,63) (87,64) (12,58) (86,61) (13,57) (85,57) (84,60) (14,52) (83,58) (15,51) (82,51) (16,46) (81,47) (17,45) (80,44) (18,40) (79,41) (19,39) (78,39) (20,36) (77,37) (76,38) (21,35) (75,35) (22,34) (74,33) (23,32) (73,31) (24,31) (72,29) (25,28) (71,27) (26,27) (70,23) (27,26) (69,19) (31,25) (28,24) (68,17) (67,14) (32,23) (66,14) (37,20) (36,20) (33,20) (65,11) (38,18) (64,11) (43,16) (41,16) (40,16) (39,16) (63,9) (45,14) (62,7) (59,8) (61,6) (60,7) 
TD 38 :
(99,109) (0,99) (98,104) (1,96) (97,102) (2,88) (96,99) (3,86) (95,94) (4,81) (94,90) (5,77) (93,86) (6,71) (92,84) (7,69) (91,80) (8,66) (90,79) (9,66) (89,72) (10,63) (88,69) (11,63) (87,64) (12,58) (86,61) (13,57) (85,57) (84,60) (14,52) (83,58) (15,51) (82,51) (16,46) (81,47) (17,45) (80,44) (18,40) (79,41) (19,39) (78,39) (20,36) (77,37) (76,38) (21,35) (75,35) (22,34) (74,33) (23,32) (73,31) (24,31) (72,29) (25,28) (71,27) (26,27) (70,23) (27,26) (69,19) (31,25) (28,24) (68,17) (67,14) (32,23) (66,14) (37,20) (36,20) (33,20) (65,11) (38,18) (64,11) (43,16) (41,16) (40,16) (39,16) (63,9) (45,14) (62,7) (59,8) (58,8) (47,11) (46,11) (57,7) (56,7) (51,7) (50,7) (49,7) (48,7) 
(99,109) (0,99) (98,104) (1,96) (97,102) (2,88) (96,99) (3,86) (95,94) (4,81) (94,90) (5,77) (93,86) (6,71) (92,84) (7,69) (91,80) (8,66) (90,79) (9,66) (89,72) (10,63) (88,69) (11,63) (87,64) (12,58) (86,61) (13,57) (85,57) (84,60) (14,52) (83,58) (15,51) (82,51) (16,46) (81,47) (17,45) (80,44) (18,40) (79,41) (19,39) (78,39) (20,36) (77,37) (76,38) (21,35) (75,35) (22,34) (74,33) (23,32) (73,31) (24,31) (72,29) (25,28) (71,27) (26,27) (70,23) (27,26) (69,19) (31,25) (28,24) (68,17) (67,14) (32,23) (66,14) (37,20) (36,20) (33,20) (65,11) (38,18) (64,11) (43,16) (41,16) (40,16) (39,16) (63,9) (45,14) (62,7) (59,8) (58,8) (47,11) (46,11) (57,7) (56,7) (51,7) (50,7) (49,7) (48,7) 
(99,109) (0,99) (98,104) (1,96) (97,102) (2,88) (96,99) (3,86) (95,94) (4,81) (94,90) (5,77) (93,86) (6,71) (92,84) (7,69) (91,80) (8,66) (90,79) (9,66) (89,72) (10,63) (88,69) (11,63) (87,64) (12,58) (86,61) (13,57) (85,57) (84,60) (14,52) (83,58) (15,51) (82,51) (16,46) (81,47) (17,45) (80,44) (18,40) (79,41) (19,39) (78,39) (20,36) (77,37) (76,38) (21,35) (75,35) (22,34) (74,33) (23,32) (73,31) (24,31) (72,29) (25,28) (71,27) (26,27) (70,23) (27,26) (69,19) (31,25) (28,24) (68,17) (67,14) (32,23) (66,14) (37,20) (36,20) (33,20) (65,11) (38,18) (64,11) (43,16) (41,16) (40,16) (39,16) (63,9) (45,14) (62,7) (59,8) (58,8) (47,11) (46,11) (57,7) (56,7) (51,7) (50,7) (49,7) (48,7) 
(99,109) (0,99) (98,104) (1,96) (97,102) (2,88) (96,99) (3,86) (95,94) (4,81) (94,90) (5,77) (93,86) (6,71) (92,84) (7,69) (91,80) (8,66) (90,79) (9,66) (89,72) (10,63) (88,69) (11,63) (87,64) (12,58) (86,61) (13,57) (85,57) (84,60) (14,52) (83,58) (15,51) (82,51) (16,46) (81,47) (17,45) (80,44) (18,40) (79,41) (19,39) (78,39) (20,36) (77,37) (76,38) (21,35) (75,35) (22,34) (74,33) (23,32) (73,31) (24,31) (72,29) (25,28) (71,27) (26,27) (70,23) (27,26) (69,19) (31,25) (28,24) (68,17) (67,14) (32,23) (66,14) (37,20) (36,20) (33,20) (65,11) (38,18) (64,11) (43,16) (41,16) (40,16) (39,16) (63,9) (45,14) (62,7) (59,8) (58,8) (47,11) (46,11) (57,7) (56,7) (51,7) (50,7) (49,7) (48,7) (52,6) (53,4) (54,5) (55,6) 
(99,109) (0,99) (98,104) (1,96) (97,102) (2,88) (96,99) (3,86) (95,94) (4,81) (94,90) (5,77) (93,86) (6,71) (92,84) (7,69) (91,80) (8,66) (90,79) (9,66) (89,72) (10,63) (88,69) (11,63) (87,64) (12,58) (86,61) (13,57) (85,57) (84,60) (14,52) (83,58) (15,51) (82,51) (16,46) (81,47) (17,45) (80,44) (18,40) (79,41) (19,39) (78,39) (20,36) (77,37) (76,38) (21,35) (75,35) (22,34) (74,33) (23,32) (73,31) (24,31) (72,29) (25,28) (71,27) (26,27) (70,23) (27,26) (69,19) (31,25) (28,24) (68,17) (67,14) (32,23) (66,14) (37,20) (36,20) (33,20) (65,11) (38,18) (64,11) (43,16) (41,16) (40,16) (39,16) (63,9) (45,14) (62,7) (59,8) (58,8) (47,11) (46,11) (57,7) (56,7) (51,7) (50,7) (49,7) (48,7) 
TD 39 :
(99,109) (0,99) (98,104) (1,96) (97,102) (2,88) (96,99) (3,86) (95,94) (4,81) (94,90) (5,77) (93,86) (6,71) (92,84) (7,69) (91,80) (8,66) (90,79) (9,66) (89,72) (10,63) (88,69) (11,63) (87,64) (12,58) (86,61) (13,57) (85,57) (84,60) (14,52) (83,58) (15,51) (82,51) (16,46) (81,47) (17,45) (80,44) (18,40) (79,41) (19,39) (78,39) (20,36) (77,37) (76,38) (21,35) (75,35) (22,34) (74,33) (23,32) (73,31) (24,31) (72,29) (25,28) (71,27) (26,27) (70,23) (27,26) (69,19) (31,25) (28,24) (68,17) (67,14) (32,23) (66,14) (37,20) (36,20) (33,20) (65,11) (38,18) (64,11) (43,16) (41,16) (40,16) (39,16) (63,9) (45,14) (62,7) (59,8) (58,8) (47,11) (46,11) (57,7) (56,7) (51,7) (50,7) (49,7) (48,7) (55,6) (52,6) (53,4) (54,5) 
Pocket 0 :
()
Pocket 1 :
({  (0,99) ,(1,96) } {  (98,104) ,(99,109) } )
Pocket 2 :
({  (1,96) ,(0,99) } {  (99,109) ,(98,104) } )
Pocket 3 :
({  (2,88) ,(1,96) } {  (99,109) ,(97,102) } )
Pocket 4 :
({  (3,86) ,(2,88) } {  (99,109) ,(96,99) } )
Pocket 5 :
({  (4,81) ,(3,86) } {  (99,109) ,(95,94) } )
Pocket 6 :
({  (5,77) ,(4,81) } {  (99,109) ,(94,90) } )
Pocket 7 :
({  (6,71) ,(5,77) } {  (99,109) ,(93,86) } )
Pocket 8 :
({  (7,69) ,(6,71) } {  (99,109) ,(92,84) } )
Pocket 9 :
({  (8,66) ,(7,69) } {  (99,109) ,(91,80) } )
Pocket 10 :
({  (9,66) ,(8,66) } {  (99,109) ,(90,79) } )
Pocket 11 :
({  (10,63) ,(9,66) } {  (99,109) ,(89,72) } )
Pocket 12 :
({  (11,63) ,(10,63) } {  (99,109) ,(88,69) } )
Pocket 13 :
({  (12,58) ,(11,63) } {  (99,109) ,(87,64) } )
Pocket 14 :
({  (13,57) ,(12,58) } {  (99,109) ,(86,61) } )
Pocket 15 :
({  (14,52) ,(13,57) } {  (85,57) ,(84,60) } {  (14,52) ,(13,57) } {  (85,57) ,(84,60) } )
Pocket 16 :
({  (15,51) ,(14,52) } {  (99,109) ,(83,58) } )
Pocket 17 :
({  (16,46) ,(15,51) } {  (99,109) ,(82,51) } )
Pocket 18 :
({  (17,45) ,(16,46) } {  (99,109) ,(81,47) } )
Pocket 19 :
({  (18,40) ,(17,45) } {  (99,109) ,(80,44) } )
Pocket 20 :
({  (19,39) ,(18,40) } {  (99,109) ,(79,41) } )
Pocket 21 :
({  (20,36) ,(19,39) } {  (99,109) ,(78,39) } )
Pocket 22 :
({  (21,35) ,(20,36) } {  (77,37) ,(76,38) } {  (21,35) ,(20,36) } {  (77,37) ,(76,38) } )
Pocket 23 :
({  (22,34) ,(21,35) } {  (99,109) ,(75,35) } )
Pocket 24 :
({  (23,32) ,(22,34) } {  (99,109) ,(74,33) } )
Pocket 25 :
({  (24,31) ,(23,32) } {  (99,109) ,(73,31) } )
Pocket 26 :
({  (25,28) ,(24,31) } {  (99,109) ,(72,29) } )
Pocket 27 :
({  (26,27) ,(25,28) } {  (99,109) ,(71,27) } )
Pocket 28 :
({  (27,26) ,(26,27) } {  (99,109) ,(70,23) } )
Pocket 29 :
({  (28,24) ,(27,26) } {  (32,23) ,(31,25) } {  (28,24) ,(27,26) } {  (32,23) ,(31,25) } )
Pocket 30 :
({  (29,23) ,(28,24) } {  (99,109) ,(30,24) } {  (29,23) ,(28,24) } {  (99,109) ,(30,24) } {  (99,109) ,(68,17) } )
Pocket 31 :
({  (32,23) ,(68,17) } {  (99,109) ,(67,14) } )
Pocket 32 :
({  (33,20) ,(32,23) } {  (37,20) ,(36,20) } {  (33,20) ,(32,23) } {  (37,20) ,(36,20) } {  (33,20) ,(32,23) } {  (37,20) ,(36,20) } )
Pocket 33 :
({  (34,19) ,(33,20) } {  (39,16) ,(38,18) } {  (39,16) ,(38,18) } )
Pocket 34 :
({  (35,16) ,(34,19) } {  (40,16) ,(39,16) } {  (40,16) ,(39,16) } {  (40,16) ,(39,16) } {  (40,16) ,(39,16) } {  (40,16) ,(39,16) } )
Pocket 35 :
({  (42,14) ,(39,16) } {  (46,11) ,(45,14) } {  (46,11) ,(45,14) } )
Pocket 36 :
({  (44,13) ,(45,14) } {  (60,7) ,(59,8) } {  (60,7) ,(59,8) } )
Pocket 37 :
({  (46,11) ,(59,8) } {  (48,7) ,(47,11) } {  (46,11) ,(59,8) } {  (48,7) ,(47,11) } {  (46,11) ,(59,8) } {  (48,7) ,(47,11) } {  (61,6) ,(60,7) } {  (61,6) ,(60,7) } )
Pocket 38 :
({  (48,7) ,(46,11) } {  (50,7) ,(49,7) } {  (48,7) ,(46,11) } {  (50,7) ,(49,7) } {  (48,7) ,(46,11) } {  (50,7) ,(49,7) } {  (48,7) ,(46,11) } {  (50,7) ,(49,7) } {  (48,7) ,(46,11) } {  (50,7) ,(49,7) } )
