4 layers in onion peeling: 
Layer 1
(9,6) (0,9) 
Layer 2
(8,2) (1,5) 
Layer 3
(7,0) (2,2) 
Layer 4
(6,-1) (3,0) 
---------------------------------------------------------------------------------------
TD 0 :
(9,6) (8,2) (7,0) (6,-1) (5,-1) (4,-1) (3,0) (2,2) (1,5) (0,9) 
TD 1 :
(9,6) (0,9) (1,5) (2,2) (3,0) (4,-1) (5,-1) (6,-1) (7,0) (8,2) 
TD 2 :
(9,6) (0,9) (8,2) (1,5) (2,2) (3,0) (4,-1) (5,-1) (6,-1) (7,0) 
TD 3 :
(9,6) (0,9) (8,2) (1,5) (7,0) (2,2) (3,0) (4,-1) (5,-1) (6,-1) 
TD 4 :
(9,6) (0,9) (8,2) (1,5) (7,0) (2,2) (6,-1) (3,0) (4,-1) (5,-1) 
Pocket 0 :
()
Pocket 1 :
({  (0,9) ,(1,5) } {  (8,2) ,(9,6) } )
Pocket 2 :
({  (1,5) ,(0,9) } {  (9,6) ,(8,2) } )
Pocket 3 :
({  (2,2) ,(1,5) } {  (9,6) ,(7,0) } )
