4 layers in onion peeling: 
Layer 1
(9,9) (0,10) 
Layer 2
(8,6) (1,6) 
Layer 3
(7,4) (2,4) 
Layer 4
(6,3) (3,3) 
---------------------------------------------------------------------------------------
TD 0 :
(9,9) (8,6) (7,4) (6,3) (5,2) (4,2) (3,3) (2,4) (1,6) (0,10) 
TD 1 :
(9,9) (0,10) (1,6) (2,4) (3,3) (4,2) (5,2) (6,3) (7,4) (8,6) 
TD 2 :
(9,9) (0,10) (8,6) (1,6) (2,4) (3,3) (4,2) (5,2) (6,3) (7,4) 
TD 3 :
(9,9) (0,10) (8,6) (1,6) (7,4) (2,4) (3,3) (4,2) (5,2) (6,3) 
TD 4 :
(9,9) (0,10) (8,6) (1,6) (7,4) (2,4) (6,3) (3,3) (4,2) (5,2) 
Pocket 0 :
()
Pocket 1 :
({  (0,10) ,(1,6) } {  (8,6) ,(9,9) } )
Pocket 2 :
({  (1,6) ,(0,10) } {  (9,9) ,(8,6) } )
Pocket 3 :
({  (2,4) ,(1,6) } {  (9,9) ,(7,4) } )
