40 layers in onion peeling: 
Layer 1
(99,80) (0,98) 
Layer 2
(98,74) (1,92) 
Layer 3
(97,74) (2,85) 
Layer 4
(96,70) (3,82) 
Layer 5
(95,67) (4,78) 
Layer 6
(94,62) (5,73) 
Layer 7
(93,58) (6,67) 
Layer 8
(92,55) (7,64) 
Layer 9
(91,51) (8,60) 
Layer 10
(90,48) (9,55) 
Layer 11
(89,46) (10,53) 
Layer 12
(88,42) (11,49) 
Layer 13
(87,39) (12,46) 
Layer 14
(86,33) (13,43) 
Layer 15
(85,33) (14,39) 
Layer 16
(84,30) (15,36) 
Layer 17
(83,29) (16,33) 
Layer 18
(82,27) (18,32) (17,31) 
Layer 19
(81,24) (19,30) 
Layer 20
(80,19) (20,28) 
Layer 21
(79,16) (21,24) 
Layer 22
(78,12) (24,20) (22,20) 
Layer 23
(77,12) (26,18) (23,18) 
Layer 24
(76,9) (27,17) (25,17) 
Layer 25
(75,6) (28,12) 
Layer 26
(74,2) (29,6) 
Layer 27
(73,2) (30,3) 
Layer 28
(72,2) (31,2) 
Layer 29
(71,1) (32,-1) 
Layer 30
(70,-3) (69,-3) (33,-3) 
Layer 31
(68,-4) (34,-5) 
Layer 32
(67,-7) (35,-5) 
Layer 33
(66,-9) (37,-6) (36,-6) 
Layer 34
(65,-10) (38,-9) 
Layer 35
(64,-14) (39,-10) 
Layer 36
(63,-16) (52,-13) (40,-11) 
Layer 37
(62,-17) (51,-13) (41,-12) 
Layer 38
(61,-19) (60,-17) (55,-15) (50,-13) (49,-13) (45,-14) (43,-15) (42,-16) 
Layer 39
(59,-18) (54,-15) (48,-14) (46,-15) (44,-16) 
Layer 40
(58,-18) (53,-15) (47,-16) 
---------------------------------------------------------------------------------------
TD 0 :
(99,80) (98,74) (97,74) (96,70) (95,67) (94,62) (93,58) (92,55) (91,51) (90,48) (89,46) (88,42) (87,39) (86,33) (85,33) (84,30) (83,29) (82,27) (81,24) (80,19) (79,16) (78,12) (77,12) (76,9) (75,6) (74,2) (73,2) (72,2) (71,1) (70,-3) (69,-3) (68,-4) (67,-7) (66,-9) (65,-10) (64,-14) (63,-16) (62,-17) (61,-19) (60,-17) (59,-18) (58,-18) (57,-18) (56,-17) (55,-15) (54,-15) (53,-15) (52,-13) (51,-13) (50,-13) (49,-13) (48,-14) (47,-16) (46,-15) (45,-14) (44,-16) (43,-15) (42,-16) (41,-12) (40,-11) (39,-10) (38,-9) (37,-6) (36,-6) (35,-5) (34,-5) (33,-3) (32,-1) (31,2) (30,3) (29,6) (28,12) (27,17) (26,18) (25,17) (24,20) (23,18) (22,20) (21,24) (20,28) (19,30) (18,32) (17,31) (16,33) (15,36) (14,39) (13,43) (12,46) (11,49) (10,53) (9,55) (8,60) (7,64) (6,67) (5,73) (4,78) (3,82) (2,85) (1,92) (0,98) 
TD 1 :
(99,80) (0,98) (1,92) (2,85) (3,82) (4,78) (5,73) (6,67) (7,64) (8,60) (9,55) (10,53) (11,49) (12,46) (13,43) (14,39) (15,36) (16,33) (17,31) (18,32) (19,30) (20,28) (21,24) (22,20) (23,18) (24,20) (25,17) (26,18) (27,17) (28,12) (29,6) (30,3) (31,2) (32,-1) (33,-3) (34,-5) (35,-5) (36,-6) (37,-6) (38,-9) (39,-10) (40,-11) (41,-12) (42,-16) (43,-15) (44,-16) (45,-14) (46,-15) (47,-16) (48,-14) (49,-13) (50,-13) (51,-13) (52,-13) (53,-15) (54,-15) (55,-15) (56,-17) (57,-18) (58,-18) (59,-18) (60,-17) (61,-19) (62,-17) (63,-16) (64,-14) (65,-10) (66,-9) (67,-7) (68,-4) (69,-3) (70,-3) (71,1) (72,2) (73,2) (74,2) (75,6) (76,9) (77,12) (78,12) (79,16) (80,19) (81,24) (82,27) (83,29) (84,30) (85,33) (86,33) (87,39) (88,42) (89,46) (90,48) (91,51) (92,55) (93,58) (94,62) (95,67) (96,70) (97,74) (98,74) 
TD 2 :
(99,80) (0,98) (98,74) (1,92) (2,85) (3,82) (4,78) (5,73) (6,67) (7,64) (8,60) (9,55) (10,53) (11,49) (12,46) (13,43) (14,39) (15,36) (16,33) (17,31) (18,32) (19,30) (20,28) (21,24) (22,20) (23,18) (24,20) (25,17) (26,18) (27,17) (28,12) (29,6) (30,3) (31,2) (32,-1) (33,-3) (34,-5) (35,-5) (36,-6) (37,-6) (38,-9) (39,-10) (40,-11) (41,-12) (42,-16) (43,-15) (44,-16) (45,-14) (46,-15) (47,-16) (48,-14) (49,-13) (50,-13) (51,-13) (52,-13) (53,-15) (54,-15) (55,-15) (56,-17) (57,-18) (58,-18) (59,-18) (60,-17) (61,-19) (62,-17) (63,-16) (64,-14) (65,-10) (66,-9) (67,-7) (68,-4) (69,-3) (70,-3) (71,1) (72,2) (73,2) (74,2) (75,6) (76,9) (77,12) (78,12) (79,16) (80,19) (81,24) (82,27) (83,29) (84,30) (85,33) (86,33) (87,39) (88,42) (89,46) (90,48) (91,51) (92,55) (93,58) (94,62) (95,67) (96,70) (97,74) 
TD 3 :
(99,80) (0,98) (98,74) (1,92) (97,74) (2,85) (3,82) (4,78) (5,73) (6,67) (7,64) (8,60) (9,55) (10,53) (11,49) (12,46) (13,43) (14,39) (15,36) (16,33) (17,31) (18,32) (19,30) (20,28) (21,24) (22,20) (23,18) (24,20) (25,17) (26,18) (27,17) (28,12) (29,6) (30,3) (31,2) (32,-1) (33,-3) (34,-5) (35,-5) (36,-6) (37,-6) (38,-9) (39,-10) (40,-11) (41,-12) (42,-16) (43,-15) (44,-16) (45,-14) (46,-15) (47,-16) (48,-14) (49,-13) (50,-13) (51,-13) (52,-13) (53,-15) (54,-15) (55,-15) (56,-17) (57,-18) (58,-18) (59,-18) (60,-17) (61,-19) (62,-17) (63,-16) (64,-14) (65,-10) (66,-9) (67,-7) (68,-4) (69,-3) (70,-3) (71,1) (72,2) (73,2) (74,2) (75,6) (76,9) (77,12) (78,12) (79,16) (80,19) (81,24) (82,27) (83,29) (84,30) (85,33) (86,33) (87,39) (88,42) (89,46) (90,48) (91,51) (92,55) (93,58) (94,62) (95,67) (96,70) 
TD 4 :
(99,80) (0,98) (98,74) (1,92) (97,74) (2,85) (96,70) (3,82) (4,78) (5,73) (6,67) (7,64) (8,60) (9,55) (10,53) (11,49) (12,46) (13,43) (14,39) (15,36) (16,33) (17,31) (18,32) (19,30) (20,28) (21,24) (22,20) (23,18) (24,20) (25,17) (26,18) (27,17) (28,12) (29,6) (30,3) (31,2) (32,-1) (33,-3) (34,-5) (35,-5) (36,-6) (37,-6) (38,-9) (39,-10) (40,-11) (41,-12) (42,-16) (43,-15) (44,-16) (45,-14) (46,-15) (47,-16) (48,-14) (49,-13) (50,-13) (51,-13) (52,-13) (53,-15) (54,-15) (55,-15) (56,-17) (57,-18) (58,-18) (59,-18) (60,-17) (61,-19) (62,-17) (63,-16) (64,-14) (65,-10) (66,-9) (67,-7) (68,-4) (69,-3) (70,-3) (71,1) (72,2) (73,2) (74,2) (75,6) (76,9) (77,12) (78,12) (79,16) (80,19) (81,24) (82,27) (83,29) (84,30) (85,33) (86,33) (87,39) (88,42) (89,46) (90,48) (91,51) (92,55) (93,58) (94,62) (95,67) 
TD 5 :
(99,80) (0,98) (98,74) (1,92) (97,74) (2,85) (96,70) (3,82) (95,67) (4,78) (5,73) (6,67) (7,64) (8,60) (9,55) (10,53) (11,49) (12,46) (13,43) (14,39) (15,36) (16,33) (17,31) (18,32) (19,30) (20,28) (21,24) (22,20) (23,18) (24,20) (25,17) (26,18) (27,17) (28,12) (29,6) (30,3) (31,2) (32,-1) (33,-3) (34,-5) (35,-5) (36,-6) (37,-6) (38,-9) (39,-10) (40,-11) (41,-12) (42,-16) (43,-15) (44,-16) (45,-14) (46,-15) (47,-16) (48,-14) (49,-13) (50,-13) (51,-13) (52,-13) (53,-15) (54,-15) (55,-15) (56,-17) (57,-18) (58,-18) (59,-18) (60,-17) (61,-19) (62,-17) (63,-16) (64,-14) (65,-10) (66,-9) (67,-7) (68,-4) (69,-3) (70,-3) (71,1) (72,2) (73,2) (74,2) (75,6) (76,9) (77,12) (78,12) (79,16) (80,19) (81,24) (82,27) (83,29) (84,30) (85,33) (86,33) (87,39) (88,42) (89,46) (90,48) (91,51) (92,55) (93,58) (94,62) 
TD 6 :
(99,80) (0,98) (98,74) (1,92) (97,74) (2,85) (96,70) (3,82) (95,67) (4,78) (94,62) (5,73) (6,67) (7,64) (8,60) (9,55) (10,53) (11,49) (12,46) (13,43) (14,39) (15,36) (16,33) (17,31) (18,32) (19,30) (20,28) (21,24) (22,20) (23,18) (24,20) (25,17) (26,18) (27,17) (28,12) (29,6) (30,3) (31,2) (32,-1) (33,-3) (34,-5) (35,-5) (36,-6) (37,-6) (38,-9) (39,-10) (40,-11) (41,-12) (42,-16) (43,-15) (44,-16) (45,-14) (46,-15) (47,-16) (48,-14) (49,-13) (50,-13) (51,-13) (52,-13) (53,-15) (54,-15) (55,-15) (56,-17) (57,-18) (58,-18) (59,-18) (60,-17) (61,-19) (62,-17) (63,-16) (64,-14) (65,-10) (66,-9) (67,-7) (68,-4) (69,-3) (70,-3) (71,1) (72,2) (73,2) (74,2) (75,6) (76,9) (77,12) (78,12) (79,16) (80,19) (81,24) (82,27) (83,29) (84,30) (85,33) (86,33) (87,39) (88,42) (89,46) (90,48) (91,51) (92,55) (93,58) 
TD 7 :
(99,80) (0,98) (98,74) (1,92) (97,74) (2,85) (96,70) (3,82) (95,67) (4,78) (94,62) (5,73) (93,58) (6,67) (7,64) (8,60) (9,55) (10,53) (11,49) (12,46) (13,43) (14,39) (15,36) (16,33) (17,31) (18,32) (19,30) (20,28) (21,24) (22,20) (23,18) (24,20) (25,17) (26,18) (27,17) (28,12) (29,6) (30,3) (31,2) (32,-1) (33,-3) (34,-5) (35,-5) (36,-6) (37,-6) (38,-9) (39,-10) (40,-11) (41,-12) (42,-16) (43,-15) (44,-16) (45,-14) (46,-15) (47,-16) (48,-14) (49,-13) (50,-13) (51,-13) (52,-13) (53,-15) (54,-15) (55,-15) (56,-17) (57,-18) (58,-18) (59,-18) (60,-17) (61,-19) (62,-17) (63,-16) (64,-14) (65,-10) (66,-9) (67,-7) (68,-4) (69,-3) (70,-3) (71,1) (72,2) (73,2) (74,2) (75,6) (76,9) (77,12) (78,12) (79,16) (80,19) (81,24) (82,27) (83,29) (84,30) (85,33) (86,33) (87,39) (88,42) (89,46) (90,48) (91,51) (92,55) 
TD 8 :
(99,80) (0,98) (98,74) (1,92) (97,74) (2,85) (96,70) (3,82) (95,67) (4,78) (94,62) (5,73) (93,58) (6,67) (92,55) (7,64) (8,60) (9,55) (10,53) (11,49) (12,46) (13,43) (14,39) (15,36) (16,33) (17,31) (18,32) (19,30) (20,28) (21,24) (22,20) (23,18) (24,20) (25,17) (26,18) (27,17) (28,12) (29,6) (30,3) (31,2) (32,-1) (33,-3) (34,-5) (35,-5) (36,-6) (37,-6) (38,-9) (39,-10) (40,-11) (41,-12) (42,-16) (43,-15) (44,-16) (45,-14) (46,-15) (47,-16) (48,-14) (49,-13) (50,-13) (51,-13) (52,-13) (53,-15) (54,-15) (55,-15) (56,-17) (57,-18) (58,-18) (59,-18) (60,-17) (61,-19) (62,-17) (63,-16) (64,-14) (65,-10) (66,-9) (67,-7) (68,-4) (69,-3) (70,-3) (71,1) (72,2) (73,2) (74,2) (75,6) (76,9) (77,12) (78,12) (79,16) (80,19) (81,24) (82,27) (83,29) (84,30) (85,33) (86,33) (87,39) (88,42) (89,46) (90,48) (91,51) 
TD 9 :
(99,80) (0,98) (98,74) (1,92) (97,74) (2,85) (96,70) (3,82) (95,67) (4,78) (94,62) (5,73) (93,58) (6,67) (92,55) (7,64) (91,51) (8,60) (9,55) (10,53) (11,49) (12,46) (13,43) (14,39) (15,36) (16,33) (17,31) (18,32) (19,30) (20,28) (21,24) (22,20) (23,18) (24,20) (25,17) (26,18) (27,17) (28,12) (29,6) (30,3) (31,2) (32,-1) (33,-3) (34,-5) (35,-5) (36,-6) (37,-6) (38,-9) (39,-10) (40,-11) (41,-12) (42,-16) (43,-15) (44,-16) (45,-14) (46,-15) (47,-16) (48,-14) (49,-13) (50,-13) (51,-13) (52,-13) (53,-15) (54,-15) (55,-15) (56,-17) (57,-18) (58,-18) (59,-18) (60,-17) (61,-19) (62,-17) (63,-16) (64,-14) (65,-10) (66,-9) (67,-7) (68,-4) (69,-3) (70,-3) (71,1) (72,2) (73,2) (74,2) (75,6) (76,9) (77,12) (78,12) (79,16) (80,19) (81,24) (82,27) (83,29) (84,30) (85,33) (86,33) (87,39) (88,42) (89,46) (90,48) 
TD 10 :
(99,80) (0,98) (98,74) (1,92) (97,74) (2,85) (96,70) (3,82) (95,67) (4,78) (94,62) (5,73) (93,58) (6,67) (92,55) (7,64) (91,51) (8,60) (90,48) (9,55) (10,53) (11,49) (12,46) (13,43) (14,39) (15,36) (16,33) (17,31) (18,32) (19,30) (20,28) (21,24) (22,20) (23,18) (24,20) (25,17) (26,18) (27,17) (28,12) (29,6) (30,3) (31,2) (32,-1) (33,-3) (34,-5) (35,-5) (36,-6) (37,-6) (38,-9) (39,-10) (40,-11) (41,-12) (42,-16) (43,-15) (44,-16) (45,-14) (46,-15) (47,-16) (48,-14) (49,-13) (50,-13) (51,-13) (52,-13) (53,-15) (54,-15) (55,-15) (56,-17) (57,-18) (58,-18) (59,-18) (60,-17) (61,-19) (62,-17) (63,-16) (64,-14) (65,-10) (66,-9) (67,-7) (68,-4) (69,-3) (70,-3) (71,1) (72,2) (73,2) (74,2) (75,6) (76,9) (77,12) (78,12) (79,16) (80,19) (81,24) (82,27) (83,29) (84,30) (85,33) (86,33) (87,39) (88,42) (89,46) 
TD 11 :
(99,80) (0,98) (98,74) (1,92) (97,74) (2,85) (96,70) (3,82) (95,67) (4,78) (94,62) (5,73) (93,58) (6,67) (92,55) (7,64) (91,51) (8,60) (90,48) (9,55) (89,46) (10,53) (11,49) (12,46) (13,43) (14,39) (15,36) (16,33) (17,31) (18,32) (19,30) (20,28) (21,24) (22,20) (23,18) (24,20) (25,17) (26,18) (27,17) (28,12) (29,6) (30,3) (31,2) (32,-1) (33,-3) (34,-5) (35,-5) (36,-6) (37,-6) (38,-9) (39,-10) (40,-11) (41,-12) (42,-16) (43,-15) (44,-16) (45,-14) (46,-15) (47,-16) (48,-14) (49,-13) (50,-13) (51,-13) (52,-13) (53,-15) (54,-15) (55,-15) (56,-17) (57,-18) (58,-18) (59,-18) (60,-17) (61,-19) (62,-17) (63,-16) (64,-14) (65,-10) (66,-9) (67,-7) (68,-4) (69,-3) (70,-3) (71,1) (72,2) (73,2) (74,2) (75,6) (76,9) (77,12) (78,12) (79,16) (80,19) (81,24) (82,27) (83,29) (84,30) (85,33) (86,33) (87,39) (88,42) 
TD 12 :
(99,80) (0,98) (98,74) (1,92) (97,74) (2,85) (96,70) (3,82) (95,67) (4,78) (94,62) (5,73) (93,58) (6,67) (92,55) (7,64) (91,51) (8,60) (90,48) (9,55) (89,46) (10,53) (88,42) (11,49) (12,46) (13,43) (14,39) (15,36) (16,33) (17,31) (18,32) (19,30) (20,28) (21,24) (22,20) (23,18) (24,20) (25,17) (26,18) (27,17) (28,12) (29,6) (30,3) (31,2) (32,-1) (33,-3) (34,-5) (35,-5) (36,-6) (37,-6) (38,-9) (39,-10) (40,-11) (41,-12) (42,-16) (43,-15) (44,-16) (45,-14) (46,-15) (47,-16) (48,-14) (49,-13) (50,-13) (51,-13) (52,-13) (53,-15) (54,-15) (55,-15) (56,-17) (57,-18) (58,-18) (59,-18) (60,-17) (61,-19) (62,-17) (63,-16) (64,-14) (65,-10) (66,-9) (67,-7) (68,-4) (69,-3) (70,-3) (71,1) (72,2) (73,2) (74,2) (75,6) (76,9) (77,12) (78,12) (79,16) (80,19) (81,24) (82,27) (83,29) (84,30) (85,33) (86,33) (87,39) 
TD 13 :
(99,80) (0,98) (98,74) (1,92) (97,74) (2,85) (96,70) (3,82) (95,67) (4,78) (94,62) (5,73) (93,58) (6,67) (92,55) (7,64) (91,51) (8,60) (90,48) (9,55) (89,46) (10,53) (88,42) (11,49) (87,39) (12,46) (13,43) (14,39) (15,36) (16,33) (17,31) (18,32) (19,30) (20,28) (21,24) (22,20) (23,18) (24,20) (25,17) (26,18) (27,17) (28,12) (29,6) (30,3) (31,2) (32,-1) (33,-3) (34,-5) (35,-5) (36,-6) (37,-6) (38,-9) (39,-10) (40,-11) (41,-12) (42,-16) (43,-15) (44,-16) (45,-14) (46,-15) (47,-16) (48,-14) (49,-13) (50,-13) (51,-13) (52,-13) (53,-15) (54,-15) (55,-15) (56,-17) (57,-18) (58,-18) (59,-18) (60,-17) (61,-19) (62,-17) (63,-16) (64,-14) (65,-10) (66,-9) (67,-7) (68,-4) (69,-3) (70,-3) (71,1) (72,2) (73,2) (74,2) (75,6) (76,9) (77,12) (78,12) (79,16) (80,19) (81,24) (82,27) (83,29) (84,30) (85,33) (86,33) 
TD 14 :
(99,80) (0,98) (98,74) (1,92) (97,74) (2,85) (96,70) (3,82) (95,67) (4,78) (94,62) (5,73) (93,58) (6,67) (92,55) (7,64) (91,51) (8,60) (90,48) (9,55) (89,46) (10,53) (88,42) (11,49) (87,39) (12,46) (86,33) (13,43) (14,39) (15,36) (16,33) (17,31) (18,32) (19,30) (20,28) (21,24) (22,20) (23,18) (24,20) (25,17) (26,18) (27,17) (28,12) (29,6) (30,3) (31,2) (32,-1) (33,-3) (34,-5) (35,-5) (36,-6) (37,-6) (38,-9) (39,-10) (40,-11) (41,-12) (42,-16) (43,-15) (44,-16) (45,-14) (46,-15) (47,-16) (48,-14) (49,-13) (50,-13) (51,-13) (52,-13) (53,-15) (54,-15) (55,-15) (56,-17) (57,-18) (58,-18) (59,-18) (60,-17) (61,-19) (62,-17) (63,-16) (64,-14) (65,-10) (66,-9) (67,-7) (68,-4) (69,-3) (70,-3) (71,1) (72,2) (73,2) (74,2) (75,6) (76,9) (77,12) (78,12) (79,16) (80,19) (81,24) (82,27) (83,29) (84,30) (85,33) 
TD 15 :
(99,80) (0,98) (98,74) (1,92) (97,74) (2,85) (96,70) (3,82) (95,67) (4,78) (94,62) (5,73) (93,58) (6,67) (92,55) (7,64) (91,51) (8,60) (90,48) (9,55) (89,46) (10,53) (88,42) (11,49) (87,39) (12,46) (86,33) (13,43) (85,33) (14,39) (15,36) (16,33) (17,31) (18,32) (19,30) (20,28) (21,24) (22,20) (23,18) (24,20) (25,17) (26,18) (27,17) (28,12) (29,6) (30,3) (31,2) (32,-1) (33,-3) (34,-5) (35,-5) (36,-6) (37,-6) (38,-9) (39,-10) (40,-11) (41,-12) (42,-16) (43,-15) (44,-16) (45,-14) (46,-15) (47,-16) (48,-14) (49,-13) (50,-13) (51,-13) (52,-13) (53,-15) (54,-15) (55,-15) (56,-17) (57,-18) (58,-18) (59,-18) (60,-17) (61,-19) (62,-17) (63,-16) (64,-14) (65,-10) (66,-9) (67,-7) (68,-4) (69,-3) (70,-3) (71,1) (72,2) (73,2) (74,2) (75,6) (76,9) (77,12) (78,12) (79,16) (80,19) (81,24) (82,27) (83,29) (84,30) 
TD 16 :
(99,80) (0,98) (98,74) (1,92) (97,74) (2,85) (96,70) (3,82) (95,67) (4,78) (94,62) (5,73) (93,58) (6,67) (92,55) (7,64) (91,51) (8,60) (90,48) (9,55) (89,46) (10,53) (88,42) (11,49) (87,39) (12,46) (86,33) (13,43) (85,33) (14,39) (84,30) (15,36) (16,33) (17,31) (18,32) (19,30) (20,28) (21,24) (22,20) (23,18) (24,20) (25,17) (26,18) (27,17) (28,12) (29,6) (30,3) (31,2) (32,-1) (33,-3) (34,-5) (35,-5) (36,-6) (37,-6) (38,-9) (39,-10) (40,-11) (41,-12) (42,-16) (43,-15) (44,-16) (45,-14) (46,-15) (47,-16) (48,-14) (49,-13) (50,-13) (51,-13) (52,-13) (53,-15) (54,-15) (55,-15) (56,-17) (57,-18) (58,-18) (59,-18) (60,-17) (61,-19) (62,-17) (63,-16) (64,-14) (65,-10) (66,-9) (67,-7) (68,-4) (69,-3) (70,-3) (71,1) (72,2) (73,2) (74,2) (75,6) (76,9) (77,12) (78,12) (79,16) (80,19) (81,24) (82,27) (83,29) 
TD 17 :
(99,80) (0,98) (98,74) (1,92) (97,74) (2,85) (96,70) (3,82) (95,67) (4,78) (94,62) (5,73) (93,58) (6,67) (92,55) (7,64) (91,51) (8,60) (90,48) (9,55) (89,46) (10,53) (88,42) (11,49) (87,39) (12,46) (86,33) (13,43) (85,33) (14,39) (84,30) (15,36) (83,29) (16,33) (17,31) (18,32) (19,30) (20,28) (21,24) (22,20) (23,18) (24,20) (25,17) (26,18) (27,17) (28,12) (29,6) (30,3) (31,2) (32,-1) (33,-3) (34,-5) (35,-5) (36,-6) (37,-6) (38,-9) (39,-10) (40,-11) (41,-12) (42,-16) (43,-15) (44,-16) (45,-14) (46,-15) (47,-16) (48,-14) (49,-13) (50,-13) (51,-13) (52,-13) (53,-15) (54,-15) (55,-15) (56,-17) (57,-18) (58,-18) (59,-18) (60,-17) (61,-19) (62,-17) (63,-16) (64,-14) (65,-10) (66,-9) (67,-7) (68,-4) (69,-3) (70,-3) (71,1) (72,2) (73,2) (74,2) (75,6) (76,9) (77,12) (78,12) (79,16) (80,19) (81,24) (82,27) 
TD 18 :
(99,80) (0,98) (98,74) (1,92) (97,74) (2,85) (96,70) (3,82) (95,67) (4,78) (94,62) (5,73) (93,58) (6,67) (92,55) (7,64) (91,51) (8,60) (90,48) (9,55) (89,46) (10,53) (88,42) (11,49) (87,39) (12,46) (86,33) (13,43) (85,33) (14,39) (84,30) (15,36) (83,29) (16,33) (82,27) (18,32) (17,31) 
(99,80) (0,98) (98,74) (1,92) (97,74) (2,85) (96,70) (3,82) (95,67) (4,78) (94,62) (5,73) (93,58) (6,67) (92,55) (7,64) (91,51) (8,60) (90,48) (9,55) (89,46) (10,53) (88,42) (11,49) (87,39) (12,46) (86,33) (13,43) (85,33) (14,39) (84,30) (15,36) (83,29) (16,33) (82,27) (18,32) (17,31) (19,30) (20,28) (21,24) (22,20) (23,18) (24,20) (25,17) (26,18) (27,17) (28,12) (29,6) (30,3) (31,2) (32,-1) (33,-3) (34,-5) (35,-5) (36,-6) (37,-6) (38,-9) (39,-10) (40,-11) (41,-12) (42,-16) (43,-15) (44,-16) (45,-14) (46,-15) (47,-16) (48,-14) (49,-13) (50,-13) (51,-13) (52,-13) (53,-15) (54,-15) (55,-15) (56,-17) (57,-18) (58,-18) (59,-18) (60,-17) (61,-19) (62,-17) (63,-16) (64,-14) (65,-10) (66,-9) (67,-7) (68,-4) (69,-3) (70,-3) (71,1) (72,2) (73,2) (74,2) (75,6) (76,9) (77,12) (78,12) (79,16) (80,19) (81,24) 
TD 19 :
(99,80) (0,98) (98,74) (1,92) (97,74) (2,85) (96,70) (3,82) (95,67) (4,78) (94,62) (5,73) (93,58) (6,67) (92,55) (7,64) (91,51) (8,60) (90,48) (9,55) (89,46) (10,53) (88,42) (11,49) (87,39) (12,46) (86,33) (13,43) (85,33) (14,39) (84,30) (15,36) (83,29) (16,33) (82,27) (18,32) (17,31) (81,24) (19,30) (20,28) (21,24) (22,20) (23,18) (24,20) (25,17) (26,18) (27,17) (28,12) (29,6) (30,3) (31,2) (32,-1) (33,-3) (34,-5) (35,-5) (36,-6) (37,-6) (38,-9) (39,-10) (40,-11) (41,-12) (42,-16) (43,-15) (44,-16) (45,-14) (46,-15) (47,-16) (48,-14) (49,-13) (50,-13) (51,-13) (52,-13) (53,-15) (54,-15) (55,-15) (56,-17) (57,-18) (58,-18) (59,-18) (60,-17) (61,-19) (62,-17) (63,-16) (64,-14) (65,-10) (66,-9) (67,-7) (68,-4) (69,-3) (70,-3) (71,1) (72,2) (73,2) (74,2) (75,6) (76,9) (77,12) (78,12) (79,16) (80,19) 
TD 20 :
(99,80) (0,98) (98,74) (1,92) (97,74) (2,85) (96,70) (3,82) (95,67) (4,78) (94,62) (5,73) (93,58) (6,67) (92,55) (7,64) (91,51) (8,60) (90,48) (9,55) (89,46) (10,53) (88,42) (11,49) (87,39) (12,46) (86,33) (13,43) (85,33) (14,39) (84,30) (15,36) (83,29) (16,33) (82,27) (18,32) (17,31) (81,24) (19,30) (80,19) (20,28) (21,24) (22,20) (23,18) (24,20) (25,17) (26,18) (27,17) (28,12) (29,6) (30,3) (31,2) (32,-1) (33,-3) (34,-5) (35,-5) (36,-6) (37,-6) (38,-9) (39,-10) (40,-11) (41,-12) (42,-16) (43,-15) (44,-16) (45,-14) (46,-15) (47,-16) (48,-14) (49,-13) (50,-13) (51,-13) (52,-13) (53,-15) (54,-15) (55,-15) (56,-17) (57,-18) (58,-18) (59,-18) (60,-17) (61,-19) (62,-17) (63,-16) (64,-14) (65,-10) (66,-9) (67,-7) (68,-4) (69,-3) (70,-3) (71,1) (72,2) (73,2) (74,2) (75,6) (76,9) (77,12) (78,12) (79,16) 
TD 21 :
(99,80) (0,98) (98,74) (1,92) (97,74) (2,85) (96,70) (3,82) (95,67) (4,78) (94,62) (5,73) (93,58) (6,67) (92,55) (7,64) (91,51) (8,60) (90,48) (9,55) (89,46) (10,53) (88,42) (11,49) (87,39) (12,46) (86,33) (13,43) (85,33) (14,39) (84,30) (15,36) (83,29) (16,33) (82,27) (18,32) (17,31) (81,24) (19,30) (80,19) (20,28) (79,16) (21,24) (22,20) (23,18) (24,20) (25,17) (26,18) (27,17) (28,12) (29,6) (30,3) (31,2) (32,-1) (33,-3) (34,-5) (35,-5) (36,-6) (37,-6) (38,-9) (39,-10) (40,-11) (41,-12) (42,-16) (43,-15) (44,-16) (45,-14) (46,-15) (47,-16) (48,-14) (49,-13) (50,-13) (51,-13) (52,-13) (53,-15) (54,-15) (55,-15) (56,-17) (57,-18) (58,-18) (59,-18) (60,-17) (61,-19) (62,-17) (63,-16) (64,-14) (65,-10) (66,-9) (67,-7) (68,-4) (69,-3) (70,-3) (71,1) (72,2) (73,2) (74,2) (75,6) (76,9) (77,12) (78,12) 
TD 22 :
(99,80) (0,98) (98,74) (1,92) (97,74) (2,85) (96,70) (3,82) (95,67) (4,78) (94,62) (5,73) (93,58) (6,67) (92,55) (7,64) (91,51) (8,60) (90,48) (9,55) (89,46) (10,53) (88,42) (11,49) (87,39) (12,46) (86,33) (13,43) (85,33) (14,39) (84,30) (15,36) (83,29) (16,33) (82,27) (18,32) (17,31) (81,24) (19,30) (80,19) (20,28) (79,16) (21,24) (78,12) (24,20) (22,20) (23,18) 
(99,80) (0,98) (98,74) (1,92) (97,74) (2,85) (96,70) (3,82) (95,67) (4,78) (94,62) (5,73) (93,58) (6,67) (92,55) (7,64) (91,51) (8,60) (90,48) (9,55) (89,46) (10,53) (88,42) (11,49) (87,39) (12,46) (86,33) (13,43) (85,33) (14,39) (84,30) (15,36) (83,29) (16,33) (82,27) (18,32) (17,31) (81,24) (19,30) (80,19) (20,28) (79,16) (21,24) (78,12) (24,20) (22,20) (25,17) (26,18) (27,17) (28,12) (29,6) (30,3) (31,2) (32,-1) (33,-3) (34,-5) (35,-5) (36,-6) (37,-6) (38,-9) (39,-10) (40,-11) (41,-12) (42,-16) (43,-15) (44,-16) (45,-14) (46,-15) (47,-16) (48,-14) (49,-13) (50,-13) (51,-13) (52,-13) (53,-15) (54,-15) (55,-15) (56,-17) (57,-18) (58,-18) (59,-18) (60,-17) (61,-19) (62,-17) (63,-16) (64,-14) (65,-10) (66,-9) (67,-7) (68,-4) (69,-3) (70,-3) (71,1) (72,2) (73,2) (74,2) (75,6) (76,9) (77,12) 
TD 23 :
(99,80) (0,98) (98,74) (1,92) (97,74) (2,85) (96,70) (3,82) (95,67) (4,78) (94,62) (5,73) (93,58) (6,67) (92,55) (7,64) (91,51) (8,60) (90,48) (9,55) (89,46) (10,53) (88,42) (11,49) (87,39) (12,46) (86,33) (13,43) (85,33) (14,39) (84,30) (15,36) (83,29) (16,33) (82,27) (18,32) (17,31) (81,24) (19,30) (80,19) (20,28) (79,16) (21,24) (78,12) (24,20) (22,20) (23,18) 
(99,80) (0,98) (98,74) (1,92) (97,74) (2,85) (96,70) (3,82) (95,67) (4,78) (94,62) (5,73) (93,58) (6,67) (92,55) (7,64) (91,51) (8,60) (90,48) (9,55) (89,46) (10,53) (88,42) (11,49) (87,39) (12,46) (86,33) (13,43) (85,33) (14,39) (84,30) (15,36) (83,29) (16,33) (82,27) (18,32) (17,31) (81,24) (19,30) (80,19) (20,28) (79,16) (21,24) (78,12) (24,20) (22,20) (77,12) (26,18) (25,17) 
(99,80) (0,98) (98,74) (1,92) (97,74) (2,85) (96,70) (3,82) (95,67) (4,78) (94,62) (5,73) (93,58) (6,67) (92,55) (7,64) (91,51) (8,60) (90,48) (9,55) (89,46) (10,53) (88,42) (11,49) (87,39) (12,46) (86,33) (13,43) (85,33) (14,39) (84,30) (15,36) (83,29) (16,33) (82,27) (18,32) (17,31) (81,24) (19,30) (80,19) (20,28) (79,16) (21,24) (78,12) (24,20) (22,20) (77,12) (26,18) (27,17) (28,12) (29,6) (30,3) (31,2) (32,-1) (33,-3) (34,-5) (35,-5) (36,-6) (37,-6) (38,-9) (39,-10) (40,-11) (41,-12) (42,-16) (43,-15) (44,-16) (45,-14) (46,-15) (47,-16) (48,-14) (49,-13) (50,-13) (51,-13) (52,-13) (53,-15) (54,-15) (55,-15) (56,-17) (57,-18) (58,-18) (59,-18) (60,-17) (61,-19) (62,-17) (63,-16) (64,-14) (65,-10) (66,-9) (67,-7) (68,-4) (69,-3) (70,-3) (71,1) (72,2) (73,2) (74,2) (75,6) (76,9) 
TD 24 :
(99,80) (0,98) (98,74) (1,92) (97,74) (2,85) (96,70) (3,82) (95,67) (4,78) (94,62) (5,73) (93,58) (6,67) (92,55) (7,64) (91,51) (8,60) (90,48) (9,55) (89,46) (10,53) (88,42) (11,49) (87,39) (12,46) (86,33) (13,43) (85,33) (14,39) (84,30) (15,36) (83,29) (16,33) (82,27) (18,32) (17,31) (81,24) (19,30) (80,19) (20,28) (79,16) (21,24) (78,12) (24,20) (22,20) (77,12) (26,18) (25,17) 
(99,80) (0,98) (98,74) (1,92) (97,74) (2,85) (96,70) (3,82) (95,67) (4,78) (94,62) (5,73) (93,58) (6,67) (92,55) (7,64) (91,51) (8,60) (90,48) (9,55) (89,46) (10,53) (88,42) (11,49) (87,39) (12,46) (86,33) (13,43) (85,33) (14,39) (84,30) (15,36) (83,29) (16,33) (82,27) (18,32) (17,31) (81,24) (19,30) (80,19) (20,28) (79,16) (21,24) (78,12) (24,20) (22,20) (77,12) (26,18) (76,9) (27,17) 
(99,80) (0,98) (98,74) (1,92) (97,74) (2,85) (96,70) (3,82) (95,67) (4,78) (94,62) (5,73) (93,58) (6,67) (92,55) (7,64) (91,51) (8,60) (90,48) (9,55) (89,46) (10,53) (88,42) (11,49) (87,39) (12,46) (86,33) (13,43) (85,33) (14,39) (84,30) (15,36) (83,29) (16,33) (82,27) (18,32) (17,31) (81,24) (19,30) (80,19) (20,28) (79,16) (21,24) (78,12) (24,20) (22,20) (77,12) (26,18) (76,9) (27,17) (28,12) (29,6) (30,3) (31,2) (32,-1) (33,-3) (34,-5) (35,-5) (36,-6) (37,-6) (38,-9) (39,-10) (40,-11) (41,-12) (42,-16) (43,-15) (44,-16) (45,-14) (46,-15) (47,-16) (48,-14) (49,-13) (50,-13) (51,-13) (52,-13) (53,-15) (54,-15) (55,-15) (56,-17) (57,-18) (58,-18) (59,-18) (60,-17) (61,-19) (62,-17) (63,-16) (64,-14) (65,-10) (66,-9) (67,-7) (68,-4) (69,-3) (70,-3) (71,1) (72,2) (73,2) (74,2) (75,6) 
TD 25 :
(99,80) (0,98) (98,74) (1,92) (97,74) (2,85) (96,70) (3,82) (95,67) (4,78) (94,62) (5,73) (93,58) (6,67) (92,55) (7,64) (91,51) (8,60) (90,48) (9,55) (89,46) (10,53) (88,42) (11,49) (87,39) (12,46) (86,33) (13,43) (85,33) (14,39) (84,30) (15,36) (83,29) (16,33) (82,27) (18,32) (17,31) (81,24) (19,30) (80,19) (20,28) (79,16) (21,24) (78,12) (24,20) (22,20) (77,12) (26,18) (76,9) (27,17) (75,6) (28,12) (29,6) (30,3) (31,2) (32,-1) (33,-3) (34,-5) (35,-5) (36,-6) (37,-6) (38,-9) (39,-10) (40,-11) (41,-12) (42,-16) (43,-15) (44,-16) (45,-14) (46,-15) (47,-16) (48,-14) (49,-13) (50,-13) (51,-13) (52,-13) (53,-15) (54,-15) (55,-15) (56,-17) (57,-18) (58,-18) (59,-18) (60,-17) (61,-19) (62,-17) (63,-16) (64,-14) (65,-10) (66,-9) (67,-7) (68,-4) (69,-3) (70,-3) (71,1) (72,2) (73,2) (74,2) 
TD 26 :
(99,80) (0,98) (98,74) (1,92) (97,74) (2,85) (96,70) (3,82) (95,67) (4,78) (94,62) (5,73) (93,58) (6,67) (92,55) (7,64) (91,51) (8,60) (90,48) (9,55) (89,46) (10,53) (88,42) (11,49) (87,39) (12,46) (86,33) (13,43) (85,33) (14,39) (84,30) (15,36) (83,29) (16,33) (82,27) (18,32) (17,31) (81,24) (19,30) (80,19) (20,28) (79,16) (21,24) (78,12) (24,20) (22,20) (77,12) (26,18) (76,9) (27,17) (75,6) (28,12) (74,2) (29,6) (30,3) (31,2) (32,-1) (33,-3) (34,-5) (35,-5) (36,-6) (37,-6) (38,-9) (39,-10) (40,-11) (41,-12) (42,-16) (43,-15) (44,-16) (45,-14) (46,-15) (47,-16) (48,-14) (49,-13) (50,-13) (51,-13) (52,-13) (53,-15) (54,-15) (55,-15) (56,-17) (57,-18) (58,-18) (59,-18) (60,-17) (61,-19) (62,-17) (63,-16) (64,-14) (65,-10) (66,-9) (67,-7) (68,-4) (69,-3) (70,-3) (71,1) (72,2) (73,2) 
TD 27 :
(99,80) (0,98) (98,74) (1,92) (97,74) (2,85) (96,70) (3,82) (95,67) (4,78) (94,62) (5,73) (93,58) (6,67) (92,55) (7,64) (91,51) (8,60) (90,48) (9,55) (89,46) (10,53) (88,42) (11,49) (87,39) (12,46) (86,33) (13,43) (85,33) (14,39) (84,30) (15,36) (83,29) (16,33) (82,27) (18,32) (17,31) (81,24) (19,30) (80,19) (20,28) (79,16) (21,24) (78,12) (24,20) (22,20) (77,12) (26,18) (76,9) (27,17) (75,6) (28,12) (74,2) (29,6) (73,2) (30,3) (31,2) (32,-1) (33,-3) (34,-5) (35,-5) (36,-6) (37,-6) (38,-9) (39,-10) (40,-11) (41,-12) (42,-16) (43,-15) (44,-16) (45,-14) (46,-15) (47,-16) (48,-14) (49,-13) (50,-13) (51,-13) (52,-13) (53,-15) (54,-15) (55,-15) (56,-17) (57,-18) (58,-18) (59,-18) (60,-17) (61,-19) (62,-17) (63,-16) (64,-14) (65,-10) (66,-9) (67,-7) (68,-4) (69,-3) (70,-3) (71,1) (72,2) 
TD 28 :
(99,80) (0,98) (98,74) (1,92) (97,74) (2,85) (96,70) (3,82) (95,67) (4,78) (94,62) (5,73) (93,58) (6,67) (92,55) (7,64) (91,51) (8,60) (90,48) (9,55) (89,46) (10,53) (88,42) (11,49) (87,39) (12,46) (86,33) (13,43) (85,33) (14,39) (84,30) (15,36) (83,29) (16,33) (82,27) (18,32) (17,31) (81,24) (19,30) (80,19) (20,28) (79,16) (21,24) (78,12) (24,20) (22,20) (77,12) (26,18) (76,9) (27,17) (75,6) (28,12) (74,2) (29,6) (73,2) (30,3) (72,2) (31,2) (32,-1) (33,-3) (34,-5) (35,-5) (36,-6) (37,-6) (38,-9) (39,-10) (40,-11) (41,-12) (42,-16) (43,-15) (44,-16) (45,-14) (46,-15) (47,-16) (48,-14) (49,-13) (50,-13) (51,-13) (52,-13) (53,-15) (54,-15) (55,-15) (56,-17) (57,-18) (58,-18) (59,-18) (60,-17) (61,-19) (62,-17) (63,-16) (64,-14) (65,-10) (66,-9) (67,-7) (68,-4) (69,-3) (70,-3) (71,1) 
TD 29 :
(99,80) (0,98) (98,74) (1,92) (97,74) (2,85) (96,70) (3,82) (95,67) (4,78) (94,62) (5,73) (93,58) (6,67) (92,55) (7,64) (91,51) (8,60) (90,48) (9,55) (89,46) (10,53) (88,42) (11,49) (87,39) (12,46) (86,33) (13,43) (85,33) (14,39) (84,30) (15,36) (83,29) (16,33) (82,27) (18,32) (17,31) (81,24) (19,30) (80,19) (20,28) (79,16) (21,24) (78,12) (24,20) (22,20) (77,12) (26,18) (76,9) (27,17) (75,6) (28,12) (74,2) (29,6) (73,2) (30,3) (72,2) (31,2) (71,1) (32,-1) (33,-3) (34,-5) (35,-5) (36,-6) (37,-6) (38,-9) (39,-10) (40,-11) (41,-12) (42,-16) (43,-15) (44,-16) (45,-14) (46,-15) (47,-16) (48,-14) (49,-13) (50,-13) (51,-13) (52,-13) (53,-15) (54,-15) (55,-15) (56,-17) (57,-18) (58,-18) (59,-18) (60,-17) (61,-19) (62,-17) (63,-16) (64,-14) (65,-10) (66,-9) (67,-7) (68,-4) (69,-3) (70,-3) 
TD 30 :
(99,80) (0,98) (98,74) (1,92) (97,74) (2,85) (96,70) (3,82) (95,67) (4,78) (94,62) (5,73) (93,58) (6,67) (92,55) (7,64) (91,51) (8,60) (90,48) (9,55) (89,46) (10,53) (88,42) (11,49) (87,39) (12,46) (86,33) (13,43) (85,33) (14,39) (84,30) (15,36) (83,29) (16,33) (82,27) (18,32) (17,31) (81,24) (19,30) (80,19) (20,28) (79,16) (21,24) (78,12) (24,20) (22,20) (77,12) (26,18) (76,9) (27,17) (75,6) (28,12) (74,2) (29,6) (73,2) (30,3) (72,2) (31,2) (71,1) (32,-1) (70,-3) (69,-3) (33,-3) (34,-5) (35,-5) (36,-6) (37,-6) (38,-9) (39,-10) (40,-11) (41,-12) (42,-16) (43,-15) (44,-16) (45,-14) (46,-15) (47,-16) (48,-14) (49,-13) (50,-13) (51,-13) (52,-13) (53,-15) (54,-15) (55,-15) (56,-17) (57,-18) (58,-18) (59,-18) (60,-17) (61,-19) (62,-17) (63,-16) (64,-14) (65,-10) (66,-9) (67,-7) (68,-4) 
(99,80) (0,98) (98,74) (1,92) (97,74) (2,85) (96,70) (3,82) (95,67) (4,78) (94,62) (5,73) (93,58) (6,67) (92,55) (7,64) (91,51) (8,60) (90,48) (9,55) (89,46) (10,53) (88,42) (11,49) (87,39) (12,46) (86,33) (13,43) (85,33) (14,39) (84,30) (15,36) (83,29) (16,33) (82,27) (18,32) (17,31) (81,24) (19,30) (80,19) (20,28) (79,16) (21,24) (78,12) (24,20) (22,20) (77,12) (26,18) (76,9) (27,17) (75,6) (28,12) (74,2) (29,6) (73,2) (30,3) (72,2) (31,2) (71,1) (32,-1) (70,-3) (69,-3) (33,-3) 
TD 31 :
(99,80) (0,98) (98,74) (1,92) (97,74) (2,85) (96,70) (3,82) (95,67) (4,78) (94,62) (5,73) (93,58) (6,67) (92,55) (7,64) (91,51) (8,60) (90,48) (9,55) (89,46) (10,53) (88,42) (11,49) (87,39) (12,46) (86,33) (13,43) (85,33) (14,39) (84,30) (15,36) (83,29) (16,33) (82,27) (18,32) (17,31) (81,24) (19,30) (80,19) (20,28) (79,16) (21,24) (78,12) (24,20) (22,20) (77,12) (26,18) (76,9) (27,17) (75,6) (28,12) (74,2) (29,6) (73,2) (30,3) (72,2) (31,2) (71,1) (32,-1) (70,-3) (69,-3) (33,-3) (68,-4) (34,-5) (35,-5) (36,-6) (37,-6) (38,-9) (39,-10) (40,-11) (41,-12) (42,-16) (43,-15) (44,-16) (45,-14) (46,-15) (47,-16) (48,-14) (49,-13) (50,-13) (51,-13) (52,-13) (53,-15) (54,-15) (55,-15) (56,-17) (57,-18) (58,-18) (59,-18) (60,-17) (61,-19) (62,-17) (63,-16) (64,-14) (65,-10) (66,-9) (67,-7) 
TD 32 :
(99,80) (0,98) (98,74) (1,92) (97,74) (2,85) (96,70) (3,82) (95,67) (4,78) (94,62) (5,73) (93,58) (6,67) (92,55) (7,64) (91,51) (8,60) (90,48) (9,55) (89,46) (10,53) (88,42) (11,49) (87,39) (12,46) (86,33) (13,43) (85,33) (14,39) (84,30) (15,36) (83,29) (16,33) (82,27) (18,32) (17,31) (81,24) (19,30) (80,19) (20,28) (79,16) (21,24) (78,12) (24,20) (22,20) (77,12) (26,18) (76,9) (27,17) (75,6) (28,12) (74,2) (29,6) (73,2) (30,3) (72,2) (31,2) (71,1) (32,-1) (70,-3) (69,-3) (33,-3) (68,-4) (34,-5) (67,-7) (35,-5) (36,-6) (37,-6) (38,-9) (39,-10) (40,-11) (41,-12) (42,-16) (43,-15) (44,-16) (45,-14) (46,-15) (47,-16) (48,-14) (49,-13) (50,-13) (51,-13) (52,-13) (53,-15) (54,-15) (55,-15) (56,-17) (57,-18) (58,-18) (59,-18) (60,-17) (61,-19) (62,-17) (63,-16) (64,-14) (65,-10) (66,-9) 
TD 33 :
(99,80) (0,98) (98,74) (1,92) (97,74) (2,85) (96,70) (3,82) (95,67) (4,78) (94,62) (5,73) (93,58) (6,67) (92,55) (7,64) (91,51) (8,60) (90,48) (9,55) (89,46) (10,53) (88,42) (11,49) (87,39) (12,46) (86,33) (13,43) (85,33) (14,39) (84,30) (15,36) (83,29) (16,33) (82,27) (18,32) (17,31) (81,24) (19,30) (80,19) (20,28) (79,16) (21,24) (78,12) (24,20) (22,20) (77,12) (26,18) (76,9) (27,17) (75,6) (28,12) (74,2) (29,6) (73,2) (30,3) (72,2) (31,2) (71,1) (32,-1) (70,-3) (69,-3) (33,-3) (68,-4) (34,-5) (67,-7) (35,-5) (66,-9) (37,-6) (36,-6) 
(99,80) (0,98) (98,74) (1,92) (97,74) (2,85) (96,70) (3,82) (95,67) (4,78) (94,62) (5,73) (93,58) (6,67) (92,55) (7,64) (91,51) (8,60) (90,48) (9,55) (89,46) (10,53) (88,42) (11,49) (87,39) (12,46) (86,33) (13,43) (85,33) (14,39) (84,30) (15,36) (83,29) (16,33) (82,27) (18,32) (17,31) (81,24) (19,30) (80,19) (20,28) (79,16) (21,24) (78,12) (24,20) (22,20) (77,12) (26,18) (76,9) (27,17) (75,6) (28,12) (74,2) (29,6) (73,2) (30,3) (72,2) (31,2) (71,1) (32,-1) (70,-3) (69,-3) (33,-3) (68,-4) (34,-5) (67,-7) (35,-5) (66,-9) (37,-6) (36,-6) (38,-9) (39,-10) (40,-11) (41,-12) (42,-16) (43,-15) (44,-16) (45,-14) (46,-15) (47,-16) (48,-14) (49,-13) (50,-13) (51,-13) (52,-13) (53,-15) (54,-15) (55,-15) (56,-17) (57,-18) (58,-18) (59,-18) (60,-17) (61,-19) (62,-17) (63,-16) (64,-14) (65,-10) 
TD 34 :
(99,80) (0,98) (98,74) (1,92) (97,74) (2,85) (96,70) (3,82) (95,67) (4,78) (94,62) (5,73) (93,58) (6,67) (92,55) (7,64) (91,51) (8,60) (90,48) (9,55) (89,46) (10,53) (88,42) (11,49) (87,39) (12,46) (86,33) (13,43) (85,33) (14,39) (84,30) (15,36) (83,29) (16,33) (82,27) (18,32) (17,31) (81,24) (19,30) (80,19) (20,28) (79,16) (21,24) (78,12) (24,20) (22,20) (77,12) (26,18) (76,9) (27,17) (75,6) (28,12) (74,2) (29,6) (73,2) (30,3) (72,2) (31,2) (71,1) (32,-1) (70,-3) (69,-3) (33,-3) (68,-4) (34,-5) (67,-7) (35,-5) (66,-9) (37,-6) (36,-6) (65,-10) (38,-9) (39,-10) (40,-11) (41,-12) (42,-16) (43,-15) (44,-16) (45,-14) (46,-15) (47,-16) (48,-14) (49,-13) (50,-13) (51,-13) (52,-13) (53,-15) (54,-15) (55,-15) (56,-17) (57,-18) (58,-18) (59,-18) (60,-17) (61,-19) (62,-17) (63,-16) (64,-14) 
TD 35 :
(99,80) (0,98) (98,74) (1,92) (97,74) (2,85) (96,70) (3,82) (95,67) (4,78) (94,62) (5,73) (93,58) (6,67) (92,55) (7,64) (91,51) (8,60) (90,48) (9,55) (89,46) (10,53) (88,42) (11,49) (87,39) (12,46) (86,33) (13,43) (85,33) (14,39) (84,30) (15,36) (83,29) (16,33) (82,27) (18,32) (17,31) (81,24) (19,30) (80,19) (20,28) (79,16) (21,24) (78,12) (24,20) (22,20) (77,12) (26,18) (76,9) (27,17) (75,6) (28,12) (74,2) (29,6) (73,2) (30,3) (72,2) (31,2) (71,1) (32,-1) (70,-3) (69,-3) (33,-3) (68,-4) (34,-5) (67,-7) (35,-5) (66,-9) (37,-6) (36,-6) (65,-10) (38,-9) (64,-14) (39,-10) (40,-11) (41,-12) (42,-16) (43,-15) (44,-16) (45,-14) (46,-15) (47,-16) (48,-14) (49,-13) (50,-13) (51,-13) (52,-13) (53,-15) (54,-15) (55,-15) (56,-17) (57,-18) (58,-18) (59,-18) (60,-17) (61,-19) (62,-17) (63,-16) 
TD 36 :
(99,80) (0,98) (98,74) (1,92) (97,74) (2,85) (96,70) (3,82) (95,67) (4,78) (94,62) (5,73) (93,58) (6,67) (92,55) (7,64) (91,51) (8,60) (90,48) (9,55) (89,46) (10,53) (88,42) (11,49) (87,39) (12,46) (86,33) (13,43) (85,33) (14,39) (84,30) (15,36) (83,29) (16,33) (82,27) (18,32) (17,31) (81,24) (19,30) (80,19) (20,28) (79,16) (21,24) (78,12) (24,20) (22,20) (77,12) (26,18) (76,9) (27,17) (75,6) (28,12) (74,2) (29,6) (73,2) (30,3) (72,2) (31,2) (71,1) (32,-1) (70,-3) (69,-3) (33,-3) (68,-4) (34,-5) (67,-7) (35,-5) (66,-9) (37,-6) (36,-6) (65,-10) (38,-9) (64,-14) (39,-10) (63,-16) (52,-13) (40,-11) (41,-12) (42,-16) (43,-15) (44,-16) (45,-14) (46,-15) (47,-16) (48,-14) (49,-13) (50,-13) (51,-13) 
(99,80) (0,98) (98,74) (1,92) (97,74) (2,85) (96,70) (3,82) (95,67) (4,78) (94,62) (5,73) (93,58) (6,67) (92,55) (7,64) (91,51) (8,60) (90,48) (9,55) (89,46) (10,53) (88,42) (11,49) (87,39) (12,46) (86,33) (13,43) (85,33) (14,39) (84,30) (15,36) (83,29) (16,33) (82,27) (18,32) (17,31) (81,24) (19,30) (80,19) (20,28) (79,16) (21,24) (78,12) (24,20) (22,20) (77,12) (26,18) (76,9) (27,17) (75,6) (28,12) (74,2) (29,6) (73,2) (30,3) (72,2) (31,2) (71,1) (32,-1) (70,-3) (69,-3) (33,-3) (68,-4) (34,-5) (67,-7) (35,-5) (66,-9) (37,-6) (36,-6) (65,-10) (38,-9) (64,-14) (39,-10) (63,-16) (52,-13) (40,-11) (53,-15) (54,-15) (55,-15) (56,-17) (57,-18) (58,-18) (59,-18) (60,-17) (61,-19) (62,-17) 
TD 37 :
(99,80) (0,98) (98,74) (1,92) (97,74) (2,85) (96,70) (3,82) (95,67) (4,78) (94,62) (5,73) (93,58) (6,67) (92,55) (7,64) (91,51) (8,60) (90,48) (9,55) (89,46) (10,53) (88,42) (11,49) (87,39) (12,46) (86,33) (13,43) (85,33) (14,39) (84,30) (15,36) (83,29) (16,33) (82,27) (18,32) (17,31) (81,24) (19,30) (80,19) (20,28) (79,16) (21,24) (78,12) (24,20) (22,20) (77,12) (26,18) (76,9) (27,17) (75,6) (28,12) (74,2) (29,6) (73,2) (30,3) (72,2) (31,2) (71,1) (32,-1) (70,-3) (69,-3) (33,-3) (68,-4) (34,-5) (67,-7) (35,-5) (66,-9) (37,-6) (36,-6) (65,-10) (38,-9) (64,-14) (39,-10) (63,-16) (52,-13) (40,-11) (51,-13) (41,-12) (42,-16) (43,-15) (44,-16) (45,-14) (46,-15) (47,-16) (48,-14) (49,-13) (50,-13) 
(99,80) (0,98) (98,74) (1,92) (97,74) (2,85) (96,70) (3,82) (95,67) (4,78) (94,62) (5,73) (93,58) (6,67) (92,55) (7,64) (91,51) (8,60) (90,48) (9,55) (89,46) (10,53) (88,42) (11,49) (87,39) (12,46) (86,33) (13,43) (85,33) (14,39) (84,30) (15,36) (83,29) (16,33) (82,27) (18,32) (17,31) (81,24) (19,30) (80,19) (20,28) (79,16) (21,24) (78,12) (24,20) (22,20) (77,12) (26,18) (76,9) (27,17) (75,6) (28,12) (74,2) (29,6) (73,2) (30,3) (72,2) (31,2) (71,1) (32,-1) (70,-3) (69,-3) (33,-3) (68,-4) (34,-5) (67,-7) (35,-5) (66,-9) (37,-6) (36,-6) (65,-10) (38,-9) (64,-14) (39,-10) (63,-16) (52,-13) (40,-11) (51,-13) (41,-12) 
(99,80) (0,98) (98,74) (1,92) (97,74) (2,85) (96,70) (3,82) (95,67) (4,78) (94,62) (5,73) (93,58) (6,67) (92,55) (7,64) (91,51) (8,60) (90,48) (9,55) (89,46) (10,53) (88,42) (11,49) (87,39) (12,46) (86,33) (13,43) (85,33) (14,39) (84,30) (15,36) (83,29) (16,33) (82,27) (18,32) (17,31) (81,24) (19,30) (80,19) (20,28) (79,16) (21,24) (78,12) (24,20) (22,20) (77,12) (26,18) (76,9) (27,17) (75,6) (28,12) (74,2) (29,6) (73,2) (30,3) (72,2) (31,2) (71,1) (32,-1) (70,-3) (69,-3) (33,-3) (68,-4) (34,-5) (67,-7) (35,-5) (66,-9) (37,-6) (36,-6) (65,-10) (38,-9) (64,-14) (39,-10) (63,-16) (52,-13) (40,-11) (62,-17) (53,-15) (54,-15) (55,-15) (56,-17) (57,-18) (58,-18) (59,-18) (60,-17) (61,-19) 
TD 38 :
(99,80) (0,98) (98,74) (1,92) (97,74) (2,85) (96,70) (3,82) (95,67) (4,78) (94,62) (5,73) (93,58) (6,67) (92,55) (7,64) (91,51) (8,60) (90,48) (9,55) (89,46) (10,53) (88,42) (11,49) (87,39) (12,46) (86,33) (13,43) (85,33) (14,39) (84,30) (15,36) (83,29) (16,33) (82,27) (18,32) (17,31) (81,24) (19,30) (80,19) (20,28) (79,16) (21,24) (78,12) (24,20) (22,20) (77,12) (26,18) (76,9) (27,17) (75,6) (28,12) (74,2) (29,6) (73,2) (30,3) (72,2) (31,2) (71,1) (32,-1) (70,-3) (69,-3) (33,-3) (68,-4) (34,-5) (67,-7) (35,-5) (66,-9) (37,-6) (36,-6) (65,-10) (38,-9) (64,-14) (39,-10) (63,-16) (52,-13) (40,-11) (51,-13) (41,-12) (50,-13) (49,-13) (45,-14) (43,-15) (42,-16) 
(99,80) (0,98) (98,74) (1,92) (97,74) (2,85) (96,70) (3,82) (95,67) (4,78) (94,62) (5,73) (93,58) (6,67) (92,55) (7,64) (91,51) (8,60) (90,48) (9,55) (89,46) (10,53) (88,42) (11,49) (87,39) (12,46) (86,33) (13,43) (85,33) (14,39) (84,30) (15,36) (83,29) (16,33) (82,27) (18,32) (17,31) (81,24) (19,30) (80,19) (20,28) (79,16) (21,24) (78,12) (24,20) (22,20) (77,12) (26,18) (76,9) (27,17) (75,6) (28,12) (74,2) (29,6) (73,2) (30,3) (72,2) (31,2) (71,1) (32,-1) (70,-3) (69,-3) (33,-3) (68,-4) (34,-5) (67,-7) (35,-5) (66,-9) (37,-6) (36,-6) (65,-10) (38,-9) (64,-14) (39,-10) (63,-16) (52,-13) (40,-11) (51,-13) (41,-12) (50,-13) (49,-13) (45,-14) (43,-15) (42,-16) (44,-16) 
(99,80) (0,98) (98,74) (1,92) (97,74) (2,85) (96,70) (3,82) (95,67) (4,78) (94,62) (5,73) (93,58) (6,67) (92,55) (7,64) (91,51) (8,60) (90,48) (9,55) (89,46) (10,53) (88,42) (11,49) (87,39) (12,46) (86,33) (13,43) (85,33) (14,39) (84,30) (15,36) (83,29) (16,33) (82,27) (18,32) (17,31) (81,24) (19,30) (80,19) (20,28) (79,16) (21,24) (78,12) (24,20) (22,20) (77,12) (26,18) (76,9) (27,17) (75,6) (28,12) (74,2) (29,6) (73,2) (30,3) (72,2) (31,2) (71,1) (32,-1) (70,-3) (69,-3) (33,-3) (68,-4) (34,-5) (67,-7) (35,-5) (66,-9) (37,-6) (36,-6) (65,-10) (38,-9) (64,-14) (39,-10) (63,-16) (52,-13) (40,-11) (51,-13) (41,-12) (50,-13) (49,-13) (45,-14) (43,-15) (42,-16) (46,-15) (47,-16) (48,-14) 
(99,80) (0,98) (98,74) (1,92) (97,74) (2,85) (96,70) (3,82) (95,67) (4,78) (94,62) (5,73) (93,58) (6,67) (92,55) (7,64) (91,51) (8,60) (90,48) (9,55) (89,46) (10,53) (88,42) (11,49) (87,39) (12,46) (86,33) (13,43) (85,33) (14,39) (84,30) (15,36) (83,29) (16,33) (82,27) (18,32) (17,31) (81,24) (19,30) (80,19) (20,28) (79,16) (21,24) (78,12) (24,20) (22,20) (77,12) (26,18) (76,9) (27,17) (75,6) (28,12) (74,2) (29,6) (73,2) (30,3) (72,2) (31,2) (71,1) (32,-1) (70,-3) (69,-3) (33,-3) (68,-4) (34,-5) (67,-7) (35,-5) (66,-9) (37,-6) (36,-6) (65,-10) (38,-9) (64,-14) (39,-10) (63,-16) (52,-13) (40,-11) (51,-13) (41,-12) (50,-13) (49,-13) (45,-14) (43,-15) (42,-16) 
(99,80) (0,98) (98,74) (1,92) (97,74) (2,85) (96,70) (3,82) (95,67) (4,78) (94,62) (5,73) (93,58) (6,67) (92,55) (7,64) (91,51) (8,60) (90,48) (9,55) (89,46) (10,53) (88,42) (11,49) (87,39) (12,46) (86,33) (13,43) (85,33) (14,39) (84,30) (15,36) (83,29) (16,33) (82,27) (18,32) (17,31) (81,24) (19,30) (80,19) (20,28) (79,16) (21,24) (78,12) (24,20) (22,20) (77,12) (26,18) (76,9) (27,17) (75,6) (28,12) (74,2) (29,6) (73,2) (30,3) (72,2) (31,2) (71,1) (32,-1) (70,-3) (69,-3) (33,-3) (68,-4) (34,-5) (67,-7) (35,-5) (66,-9) (37,-6) (36,-6) (65,-10) (38,-9) (64,-14) (39,-10) (63,-16) (52,-13) (40,-11) (51,-13) (41,-12) (50,-13) (49,-13) (45,-14) (43,-15) (42,-16) 
(99,80) (0,98) (98,74) (1,92) (97,74) (2,85) (96,70) (3,82) (95,67) (4,78) (94,62) (5,73) (93,58) (6,67) (92,55) (7,64) (91,51) (8,60) (90,48) (9,55) (89,46) (10,53) (88,42) (11,49) (87,39) (12,46) (86,33) (13,43) (85,33) (14,39) (84,30) (15,36) (83,29) (16,33) (82,27) (18,32) (17,31) (81,24) (19,30) (80,19) (20,28) (79,16) (21,24) (78,12) (24,20) (22,20) (77,12) (26,18) (76,9) (27,17) (75,6) (28,12) (74,2) (29,6) (73,2) (30,3) (72,2) (31,2) (71,1) (32,-1) (70,-3) (69,-3) (33,-3) (68,-4) (34,-5) (67,-7) (35,-5) (66,-9) (37,-6) (36,-6) (65,-10) (38,-9) (64,-14) (39,-10) (63,-16) (52,-13) (40,-11) (62,-17) (61,-19) (60,-17) (55,-15) (53,-15) (54,-15) 
(99,80) (0,98) (98,74) (1,92) (97,74) (2,85) (96,70) (3,82) (95,67) (4,78) (94,62) (5,73) (93,58) (6,67) (92,55) (7,64) (91,51) (8,60) (90,48) (9,55) (89,46) (10,53) (88,42) (11,49) (87,39) (12,46) (86,33) (13,43) (85,33) (14,39) (84,30) (15,36) (83,29) (16,33) (82,27) (18,32) (17,31) (81,24) (19,30) (80,19) (20,28) (79,16) (21,24) (78,12) (24,20) (22,20) (77,12) (26,18) (76,9) (27,17) (75,6) (28,12) (74,2) (29,6) (73,2) (30,3) (72,2) (31,2) (71,1) (32,-1) (70,-3) (69,-3) (33,-3) (68,-4) (34,-5) (67,-7) (35,-5) (66,-9) (37,-6) (36,-6) (65,-10) (38,-9) (64,-14) (39,-10) (63,-16) (52,-13) (40,-11) (62,-17) (61,-19) (60,-17) (55,-15) (56,-17) (57,-18) (58,-18) (59,-18) 
(99,80) (0,98) (98,74) (1,92) (97,74) (2,85) (96,70) (3,82) (95,67) (4,78) (94,62) (5,73) (93,58) (6,67) (92,55) (7,64) (91,51) (8,60) (90,48) (9,55) (89,46) (10,53) (88,42) (11,49) (87,39) (12,46) (86,33) (13,43) (85,33) (14,39) (84,30) (15,36) (83,29) (16,33) (82,27) (18,32) (17,31) (81,24) (19,30) (80,19) (20,28) (79,16) (21,24) (78,12) (24,20) (22,20) (77,12) (26,18) (76,9) (27,17) (75,6) (28,12) (74,2) (29,6) (73,2) (30,3) (72,2) (31,2) (71,1) (32,-1) (70,-3) (69,-3) (33,-3) (68,-4) (34,-5) (67,-7) (35,-5) (66,-9) (37,-6) (36,-6) (65,-10) (38,-9) (64,-14) (39,-10) (63,-16) (52,-13) (40,-11) (62,-17) (61,-19) (60,-17) (55,-15) 
TD 39 :
(99,80) (0,98) (98,74) (1,92) (97,74) (2,85) (96,70) (3,82) (95,67) (4,78) (94,62) (5,73) (93,58) (6,67) (92,55) (7,64) (91,51) (8,60) (90,48) (9,55) (89,46) (10,53) (88,42) (11,49) (87,39) (12,46) (86,33) (13,43) (85,33) (14,39) (84,30) (15,36) (83,29) (16,33) (82,27) (18,32) (17,31) (81,24) (19,30) (80,19) (20,28) (79,16) (21,24) (78,12) (24,20) (22,20) (77,12) (26,18) (76,9) (27,17) (75,6) (28,12) (74,2) (29,6) (73,2) (30,3) (72,2) (31,2) (71,1) (32,-1) (70,-3) (69,-3) (33,-3) (68,-4) (34,-5) (67,-7) (35,-5) (66,-9) (37,-6) (36,-6) (65,-10) (38,-9) (64,-14) (39,-10) (63,-16) (52,-13) (40,-11) (51,-13) (41,-12) (50,-13) (49,-13) (45,-14) (43,-15) (42,-16) (44,-16) 
(99,80) (0,98) (98,74) (1,92) (97,74) (2,85) (96,70) (3,82) (95,67) (4,78) (94,62) (5,73) (93,58) (6,67) (92,55) (7,64) (91,51) (8,60) (90,48) (9,55) (89,46) (10,53) (88,42) (11,49) (87,39) (12,46) (86,33) (13,43) (85,33) (14,39) (84,30) (15,36) (83,29) (16,33) (82,27) (18,32) (17,31) (81,24) (19,30) (80,19) (20,28) (79,16) (21,24) (78,12) (24,20) (22,20) (77,12) (26,18) (76,9) (27,17) (75,6) (28,12) (74,2) (29,6) (73,2) (30,3) (72,2) (31,2) (71,1) (32,-1) (70,-3) (69,-3) (33,-3) (68,-4) (34,-5) (67,-7) (35,-5) (66,-9) (37,-6) (36,-6) (65,-10) (38,-9) (64,-14) (39,-10) (63,-16) (52,-13) (40,-11) (51,-13) (41,-12) (50,-13) (49,-13) (45,-14) (43,-15) (42,-16) (48,-14) (46,-15) 
(99,80) (0,98) (98,74) (1,92) (97,74) (2,85) (96,70) (3,82) (95,67) (4,78) (94,62) (5,73) (93,58) (6,67) (92,55) (7,64) (91,51) (8,60) (90,48) (9,55) (89,46) (10,53) (88,42) (11,49) (87,39) (12,46) (86,33) (13,43) (85,33) (14,39) (84,30) (15,36) (83,29) (16,33) (82,27) (18,32) (17,31) (81,24) (19,30) (80,19) (20,28) (79,16) (21,24) (78,12) (24,20) (22,20) (77,12) (26,18) (76,9) (27,17) (75,6) (28,12) (74,2) (29,6) (73,2) (30,3) (72,2) (31,2) (71,1) (32,-1) (70,-3) (69,-3) (33,-3) (68,-4) (34,-5) (67,-7) (35,-5) (66,-9) (37,-6) (36,-6) (65,-10) (38,-9) (64,-14) (39,-10) (63,-16) (52,-13) (40,-11) (51,-13) (41,-12) (50,-13) (49,-13) (45,-14) (43,-15) (42,-16) (48,-14) (46,-15) (47,-16) 
(99,80) (0,98) (98,74) (1,92) (97,74) (2,85) (96,70) (3,82) (95,67) (4,78) (94,62) (5,73) (93,58) (6,67) (92,55) (7,64) (91,51) (8,60) (90,48) (9,55) (89,46) (10,53) (88,42) (11,49) (87,39) (12,46) (86,33) (13,43) (85,33) (14,39) (84,30) (15,36) (83,29) (16,33) (82,27) (18,32) (17,31) (81,24) (19,30) (80,19) (20,28) (79,16) (21,24) (78,12) (24,20) (22,20) (77,12) (26,18) (76,9) (27,17) (75,6) (28,12) (74,2) (29,6) (73,2) (30,3) (72,2) (31,2) (71,1) (32,-1) (70,-3) (69,-3) (33,-3) (68,-4) (34,-5) (67,-7) (35,-5) (66,-9) (37,-6) (36,-6) (65,-10) (38,-9) (64,-14) (39,-10) (63,-16) (52,-13) (40,-11) (51,-13) (41,-12) (50,-13) (49,-13) (45,-14) (43,-15) (42,-16) (48,-14) (46,-15) 
(99,80) (0,98) (98,74) (1,92) (97,74) (2,85) (96,70) (3,82) (95,67) (4,78) (94,62) (5,73) (93,58) (6,67) (92,55) (7,64) (91,51) (8,60) (90,48) (9,55) (89,46) (10,53) (88,42) (11,49) (87,39) (12,46) (86,33) (13,43) (85,33) (14,39) (84,30) (15,36) (83,29) (16,33) (82,27) (18,32) (17,31) (81,24) (19,30) (80,19) (20,28) (79,16) (21,24) (78,12) (24,20) (22,20) (77,12) (26,18) (76,9) (27,17) (75,6) (28,12) (74,2) (29,6) (73,2) (30,3) (72,2) (31,2) (71,1) (32,-1) (70,-3) (69,-3) (33,-3) (68,-4) (34,-5) (67,-7) (35,-5) (66,-9) (37,-6) (36,-6) (65,-10) (38,-9) (64,-14) (39,-10) (63,-16) (52,-13) (40,-11) (62,-17) (61,-19) (60,-17) (55,-15) (54,-15) (53,-15) 
(99,80) (0,98) (98,74) (1,92) (97,74) (2,85) (96,70) (3,82) (95,67) (4,78) (94,62) (5,73) (93,58) (6,67) (92,55) (7,64) (91,51) (8,60) (90,48) (9,55) (89,46) (10,53) (88,42) (11,49) (87,39) (12,46) (86,33) (13,43) (85,33) (14,39) (84,30) (15,36) (83,29) (16,33) (82,27) (18,32) (17,31) (81,24) (19,30) (80,19) (20,28) (79,16) (21,24) (78,12) (24,20) (22,20) (77,12) (26,18) (76,9) (27,17) (75,6) (28,12) (74,2) (29,6) (73,2) (30,3) (72,2) (31,2) (71,1) (32,-1) (70,-3) (69,-3) (33,-3) (68,-4) (34,-5) (67,-7) (35,-5) (66,-9) (37,-6) (36,-6) (65,-10) (38,-9) (64,-14) (39,-10) (63,-16) (52,-13) (40,-11) (62,-17) (61,-19) (60,-17) (55,-15) (54,-15) 
(99,80) (0,98) (98,74) (1,92) (97,74) (2,85) (96,70) (3,82) (95,67) (4,78) (94,62) (5,73) (93,58) (6,67) (92,55) (7,64) (91,51) (8,60) (90,48) (9,55) (89,46) (10,53) (88,42) (11,49) (87,39) (12,46) (86,33) (13,43) (85,33) (14,39) (84,30) (15,36) (83,29) (16,33) (82,27) (18,32) (17,31) (81,24) (19,30) (80,19) (20,28) (79,16) (21,24) (78,12) (24,20) (22,20) (77,12) (26,18) (76,9) (27,17) (75,6) (28,12) (74,2) (29,6) (73,2) (30,3) (72,2) (31,2) (71,1) (32,-1) (70,-3) (69,-3) (33,-3) (68,-4) (34,-5) (67,-7) (35,-5) (66,-9) (37,-6) (36,-6) (65,-10) (38,-9) (64,-14) (39,-10) (63,-16) (52,-13) (40,-11) (62,-17) (61,-19) (60,-17) (55,-15) (59,-18) (56,-17) (57,-18) (58,-18) 
TD 40 :
(99,80) (0,98) (98,74) (1,92) (97,74) (2,85) (96,70) (3,82) (95,67) (4,78) (94,62) (5,73) (93,58) (6,67) (92,55) (7,64) (91,51) (8,60) (90,48) (9,55) (89,46) (10,53) (88,42) (11,49) (87,39) (12,46) (86,33) (13,43) (85,33) (14,39) (84,30) (15,36) (83,29) (16,33) (82,27) (18,32) (17,31) (81,24) (19,30) (80,19) (20,28) (79,16) (21,24) (78,12) (24,20) (22,20) (77,12) (26,18) (76,9) (27,17) (75,6) (28,12) (74,2) (29,6) (73,2) (30,3) (72,2) (31,2) (71,1) (32,-1) (70,-3) (69,-3) (33,-3) (68,-4) (34,-5) (67,-7) (35,-5) (66,-9) (37,-6) (36,-6) (65,-10) (38,-9) (64,-14) (39,-10) (63,-16) (52,-13) (40,-11) (51,-13) (41,-12) (50,-13) (49,-13) (45,-14) (43,-15) (42,-16) (48,-14) (46,-15) (47,-16) 
(99,80) (0,98) (98,74) (1,92) (97,74) (2,85) (96,70) (3,82) (95,67) (4,78) (94,62) (5,73) (93,58) (6,67) (92,55) (7,64) (91,51) (8,60) (90,48) (9,55) (89,46) (10,53) (88,42) (11,49) (87,39) (12,46) (86,33) (13,43) (85,33) (14,39) (84,30) (15,36) (83,29) (16,33) (82,27) (18,32) (17,31) (81,24) (19,30) (80,19) (20,28) (79,16) (21,24) (78,12) (24,20) (22,20) (77,12) (26,18) (76,9) (27,17) (75,6) (28,12) (74,2) (29,6) (73,2) (30,3) (72,2) (31,2) (71,1) (32,-1) (70,-3) (69,-3) (33,-3) (68,-4) (34,-5) (67,-7) (35,-5) (66,-9) (37,-6) (36,-6) (65,-10) (38,-9) (64,-14) (39,-10) (63,-16) (52,-13) (40,-11) (62,-17) (61,-19) (60,-17) (55,-15) (54,-15) (53,-15) 
(99,80) (0,98) (98,74) (1,92) (97,74) (2,85) (96,70) (3,82) (95,67) (4,78) (94,62) (5,73) (93,58) (6,67) (92,55) (7,64) (91,51) (8,60) (90,48) (9,55) (89,46) (10,53) (88,42) (11,49) (87,39) (12,46) (86,33) (13,43) (85,33) (14,39) (84,30) (15,36) (83,29) (16,33) (82,27) (18,32) (17,31) (81,24) (19,30) (80,19) (20,28) (79,16) (21,24) (78,12) (24,20) (22,20) (77,12) (26,18) (76,9) (27,17) (75,6) (28,12) (74,2) (29,6) (73,2) (30,3) (72,2) (31,2) (71,1) (32,-1) (70,-3) (69,-3) (33,-3) (68,-4) (34,-5) (67,-7) (35,-5) (66,-9) (37,-6) (36,-6) (65,-10) (38,-9) (64,-14) (39,-10) (63,-16) (52,-13) (40,-11) (62,-17) (61,-19) (60,-17) (55,-15) (54,-15) (53,-15) 
(99,80) (0,98) (98,74) (1,92) (97,74) (2,85) (96,70) (3,82) (95,67) (4,78) (94,62) (5,73) (93,58) (6,67) (92,55) (7,64) (91,51) (8,60) (90,48) (9,55) (89,46) (10,53) (88,42) (11,49) (87,39) (12,46) (86,33) (13,43) (85,33) (14,39) (84,30) (15,36) (83,29) (16,33) (82,27) (18,32) (17,31) (81,24) (19,30) (80,19) (20,28) (79,16) (21,24) (78,12) (24,20) (22,20) (77,12) (26,18) (76,9) (27,17) (75,6) (28,12) (74,2) (29,6) (73,2) (30,3) (72,2) (31,2) (71,1) (32,-1) (70,-3) (69,-3) (33,-3) (68,-4) (34,-5) (67,-7) (35,-5) (66,-9) (37,-6) (36,-6) (65,-10) (38,-9) (64,-14) (39,-10) (63,-16) (52,-13) (40,-11) (62,-17) (61,-19) (60,-17) (55,-15) (59,-18) (58,-18) (56,-17) (57,-18) 
Pocket 0 :
()
Pocket 1 :
({  (0,98) ,(1,92) } {  (98,74) ,(99,80) } )
Pocket 2 :
({  (1,92) ,(0,98) } {  (99,80) ,(98,74) } )
Pocket 3 :
({  (2,85) ,(1,92) } {  (99,80) ,(97,74) } )
Pocket 4 :
({  (3,82) ,(2,85) } {  (99,80) ,(96,70) } )
Pocket 5 :
({  (4,78) ,(3,82) } {  (99,80) ,(95,67) } )
Pocket 6 :
({  (5,73) ,(4,78) } {  (99,80) ,(94,62) } )
Pocket 7 :
({  (6,67) ,(5,73) } {  (99,80) ,(93,58) } )
Pocket 8 :
({  (7,64) ,(6,67) } {  (99,80) ,(92,55) } )
Pocket 9 :
({  (8,60) ,(7,64) } {  (99,80) ,(91,51) } )
Pocket 10 :
({  (9,55) ,(8,60) } {  (99,80) ,(90,48) } )
Pocket 11 :
({  (10,53) ,(9,55) } {  (99,80) ,(89,46) } )
Pocket 12 :
({  (11,49) ,(10,53) } {  (99,80) ,(88,42) } )
Pocket 13 :
({  (12,46) ,(11,49) } {  (99,80) ,(87,39) } )
Pocket 14 :
({  (13,43) ,(12,46) } {  (99,80) ,(86,33) } )
Pocket 15 :
({  (14,39) ,(13,43) } {  (99,80) ,(85,33) } )
Pocket 16 :
({  (15,36) ,(14,39) } {  (99,80) ,(84,30) } )
Pocket 17 :
({  (16,33) ,(15,36) } {  (99,80) ,(83,29) } )
Pocket 18 :
({  (17,31) ,(16,33) } {  (19,30) ,(18,32) } {  (17,31) ,(16,33) } {  (19,30) ,(18,32) } )
Pocket 19 :
({  (19,30) ,(17,31) } {  (99,80) ,(81,24) } )
Pocket 20 :
({  (20,28) ,(19,30) } {  (99,80) ,(80,19) } )
Pocket 21 :
({  (21,24) ,(20,28) } {  (99,80) ,(79,16) } )
Pocket 22 :
({  (22,20) ,(21,24) } {  (25,17) ,(24,20) } {  (22,20) ,(21,24) } {  (25,17) ,(24,20) } )
Pocket 23 :
({  (23,18) ,(22,20) } {  (27,17) ,(26,18) } {  (27,17) ,(26,18) } )
Pocket 24 :
({  (25,17) ,(26,18) } {  (28,12) ,(27,17) } {  (28,12) ,(27,17) } )
Pocket 25 :
({  (28,12) ,(27,17) } {  (99,80) ,(75,6) } )
Pocket 26 :
({  (29,6) ,(28,12) } {  (99,80) ,(74,2) } )
Pocket 27 :
({  (30,3) ,(29,6) } {  (99,80) ,(73,2) } )
Pocket 28 :
({  (31,2) ,(30,3) } {  (99,80) ,(72,2) } )
Pocket 29 :
({  (32,-1) ,(31,2) } {  (99,80) ,(71,1) } )
Pocket 30 :
({  (33,-3) ,(32,-1) } {  (70,-3) ,(69,-3) } {  (33,-3) ,(32,-1) } {  (70,-3) ,(69,-3) } )
Pocket 31 :
({  (34,-5) ,(33,-3) } {  (99,80) ,(68,-4) } )
Pocket 32 :
({  (35,-5) ,(34,-5) } {  (99,80) ,(67,-7) } )
Pocket 33 :
({  (36,-6) ,(35,-5) } {  (38,-9) ,(37,-6) } {  (36,-6) ,(35,-5) } {  (38,-9) ,(37,-6) } )
Pocket 34 :
({  (38,-9) ,(36,-6) } {  (99,80) ,(65,-10) } )
Pocket 35 :
({  (39,-10) ,(38,-9) } {  (99,80) ,(64,-14) } )
Pocket 36 :
({  (40,-11) ,(39,-10) } {  (53,-15) ,(52,-13) } {  (40,-11) ,(39,-10) } {  (53,-15) ,(52,-13) } )
Pocket 37 :
({  (41,-12) ,(40,-11) } {  (99,80) ,(51,-13) } {  (41,-12) ,(40,-11) } {  (99,80) ,(51,-13) } {  (99,80) ,(62,-17) } )
Pocket 38 :
({  (42,-16) ,(41,-12) } {  (44,-16) ,(43,-15) } {  (42,-16) ,(41,-12) } {  (44,-16) ,(43,-15) } {  (42,-16) ,(41,-12) } {  (44,-16) ,(43,-15) } {  (42,-16) ,(41,-12) } {  (44,-16) ,(43,-15) } {  (42,-16) ,(41,-12) } {  (44,-16) ,(43,-15) } {  (56,-17) ,(55,-15) } {  (56,-17) ,(55,-15) } {  (56,-17) ,(55,-15) } )
Pocket 39 :
({  (44,-16) ,(42,-16) } {  (47,-16) ,(46,-15) } {  (47,-16) ,(46,-15) } {  (47,-16) ,(46,-15) } {  (99,80) ,(54,-15) } {  (99,80) ,(54,-15) } {  (99,80) ,(59,-18) } )
