40 layers in onion peeling: 
Layer 1
(99,94) (0,99) 
Layer 2
(98,92) (1,94) 
Layer 3
(97,89) (2,89) 
Layer 4
(96,87) (3,85) 
Layer 5
(95,83) (4,81) 
Layer 6
(94,81) (5,77) 
Layer 7
(93,79) (6,71) 
Layer 8
(92,74) (7,69) 
Layer 9
(91,71) (8,63) 
Layer 10
(90,67) (9,58) 
Layer 11
(89,63) (10,55) 
Layer 12
(88,60) (12,52) (11,51) 
Layer 13
(87,58) (13,47) 
Layer 14
(86,57) (14,45) 
Layer 15
(85,54) (15,44) 
Layer 16
(84,52) (83,52) (16,42) 
Layer 17
(82,50) (17,41) 
Layer 18
(81,43) (18,39) 
Layer 19
(80,40) (19,37) 
Layer 20
(79,39) (20,37) 
Layer 21
(78,35) (21,33) 
Layer 22
(77,33) (22,31) 
Layer 23
(76,32) (24,27) (23,26) 
Layer 24
(75,28) (26,25) (25,24) 
Layer 25
(74,24) (27,19) 
Layer 26
(73,21) (28,18) 
Layer 27
(72,18) (31,16) (29,15) 
Layer 28
(71,16) (30,15) 
Layer 29
(70,12) (33,15) (32,14) 
Layer 30
(69,11) (34,11) 
Layer 31
(68,8) (36,10) (35,7) 
Layer 32
(67,6) (37,9) 
Layer 33
(66,6) (38,8) 
Layer 34
(65,4) (39,6) 
Layer 35
(64,1) (51,3) (40,3) 
Layer 36
(63,1) (53,2) (50,2) (42,-1) (41,-2) 
Layer 37
(62,1) (61,1) (52,1) (49,1) (43,-1) 
Layer 38
(60,-1) (54,0) (48,0) (44,-2) 
Layer 39
(59,-4) (56,-1) (55,-1) (45,-2) 
Layer 40
(58,-5) (57,-3) (47,-2) (46,-2) 
---------------------------------------------------------------------------------------
TD 0 :
(99,94) (98,92) (97,89) (96,87) (95,83) (94,81) (93,79) (92,74) (91,71) (90,67) (89,63) (88,60) (87,58) (86,57) (85,54) (84,52) (83,52) (82,50) (81,43) (80,40) (79,39) (78,35) (77,33) (76,32) (75,28) (74,24) (73,21) (72,18) (71,16) (70,12) (69,11) (68,8) (67,6) (66,6) (65,4) (64,1) (63,1) (62,1) (61,1) (60,-1) (59,-4) (58,-5) (57,-3) (56,-1) (55,-1) (54,0) (53,2) (52,1) (51,3) (50,2) (49,1) (48,0) (47,-2) (46,-2) (45,-2) (44,-2) (43,-1) (42,-1) (41,-2) (40,3) (39,6) (38,8) (37,9) (36,10) (35,7) (34,11) (33,15) (32,14) (31,16) (30,15) (29,15) (28,18) (27,19) (26,25) (25,24) (24,27) (23,26) (22,31) (21,33) (20,37) (19,37) (18,39) (17,41) (16,42) (15,44) (14,45) (13,47) (12,52) (11,51) (10,55) (9,58) (8,63) (7,69) (6,71) (5,77) (4,81) (3,85) (2,89) (1,94) (0,99) 
TD 1 :
(99,94) (0,99) (1,94) (2,89) (3,85) (4,81) (5,77) (6,71) (7,69) (8,63) (9,58) (10,55) (11,51) (12,52) (13,47) (14,45) (15,44) (16,42) (17,41) (18,39) (19,37) (20,37) (21,33) (22,31) (23,26) (24,27) (25,24) (26,25) (27,19) (28,18) (29,15) (30,15) (31,16) (32,14) (33,15) (34,11) (35,7) (36,10) (37,9) (38,8) (39,6) (40,3) (41,-2) (42,-1) (43,-1) (44,-2) (45,-2) (46,-2) (47,-2) (48,0) (49,1) (50,2) (51,3) (52,1) (53,2) (54,0) (55,-1) (56,-1) (57,-3) (58,-5) (59,-4) (60,-1) (61,1) (62,1) (63,1) (64,1) (65,4) (66,6) (67,6) (68,8) (69,11) (70,12) (71,16) (72,18) (73,21) (74,24) (75,28) (76,32) (77,33) (78,35) (79,39) (80,40) (81,43) (82,50) (83,52) (84,52) (85,54) (86,57) (87,58) (88,60) (89,63) (90,67) (91,71) (92,74) (93,79) (94,81) (95,83) (96,87) (97,89) (98,92) 
TD 2 :
(99,94) (0,99) (98,92) (1,94) (2,89) (3,85) (4,81) (5,77) (6,71) (7,69) (8,63) (9,58) (10,55) (11,51) (12,52) (13,47) (14,45) (15,44) (16,42) (17,41) (18,39) (19,37) (20,37) (21,33) (22,31) (23,26) (24,27) (25,24) (26,25) (27,19) (28,18) (29,15) (30,15) (31,16) (32,14) (33,15) (34,11) (35,7) (36,10) (37,9) (38,8) (39,6) (40,3) (41,-2) (42,-1) (43,-1) (44,-2) (45,-2) (46,-2) (47,-2) (48,0) (49,1) (50,2) (51,3) (52,1) (53,2) (54,0) (55,-1) (56,-1) (57,-3) (58,-5) (59,-4) (60,-1) (61,1) (62,1) (63,1) (64,1) (65,4) (66,6) (67,6) (68,8) (69,11) (70,12) (71,16) (72,18) (73,21) (74,24) (75,28) (76,32) (77,33) (78,35) (79,39) (80,40) (81,43) (82,50) (83,52) (84,52) (85,54) (86,57) (87,58) (88,60) (89,63) (90,67) (91,71) (92,74) (93,79) (94,81) (95,83) (96,87) (97,89) 
TD 3 :
(99,94) (0,99) (98,92) (1,94) (97,89) (2,89) (3,85) (4,81) (5,77) (6,71) (7,69) (8,63) (9,58) (10,55) (11,51) (12,52) (13,47) (14,45) (15,44) (16,42) (17,41) (18,39) (19,37) (20,37) (21,33) (22,31) (23,26) (24,27) (25,24) (26,25) (27,19) (28,18) (29,15) (30,15) (31,16) (32,14) (33,15) (34,11) (35,7) (36,10) (37,9) (38,8) (39,6) (40,3) (41,-2) (42,-1) (43,-1) (44,-2) (45,-2) (46,-2) (47,-2) (48,0) (49,1) (50,2) (51,3) (52,1) (53,2) (54,0) (55,-1) (56,-1) (57,-3) (58,-5) (59,-4) (60,-1) (61,1) (62,1) (63,1) (64,1) (65,4) (66,6) (67,6) (68,8) (69,11) (70,12) (71,16) (72,18) (73,21) (74,24) (75,28) (76,32) (77,33) (78,35) (79,39) (80,40) (81,43) (82,50) (83,52) (84,52) (85,54) (86,57) (87,58) (88,60) (89,63) (90,67) (91,71) (92,74) (93,79) (94,81) (95,83) (96,87) 
TD 4 :
(99,94) (0,99) (98,92) (1,94) (97,89) (2,89) (96,87) (3,85) (4,81) (5,77) (6,71) (7,69) (8,63) (9,58) (10,55) (11,51) (12,52) (13,47) (14,45) (15,44) (16,42) (17,41) (18,39) (19,37) (20,37) (21,33) (22,31) (23,26) (24,27) (25,24) (26,25) (27,19) (28,18) (29,15) (30,15) (31,16) (32,14) (33,15) (34,11) (35,7) (36,10) (37,9) (38,8) (39,6) (40,3) (41,-2) (42,-1) (43,-1) (44,-2) (45,-2) (46,-2) (47,-2) (48,0) (49,1) (50,2) (51,3) (52,1) (53,2) (54,0) (55,-1) (56,-1) (57,-3) (58,-5) (59,-4) (60,-1) (61,1) (62,1) (63,1) (64,1) (65,4) (66,6) (67,6) (68,8) (69,11) (70,12) (71,16) (72,18) (73,21) (74,24) (75,28) (76,32) (77,33) (78,35) (79,39) (80,40) (81,43) (82,50) (83,52) (84,52) (85,54) (86,57) (87,58) (88,60) (89,63) (90,67) (91,71) (92,74) (93,79) (94,81) (95,83) 
TD 5 :
(99,94) (0,99) (98,92) (1,94) (97,89) (2,89) (96,87) (3,85) (95,83) (4,81) (5,77) (6,71) (7,69) (8,63) (9,58) (10,55) (11,51) (12,52) (13,47) (14,45) (15,44) (16,42) (17,41) (18,39) (19,37) (20,37) (21,33) (22,31) (23,26) (24,27) (25,24) (26,25) (27,19) (28,18) (29,15) (30,15) (31,16) (32,14) (33,15) (34,11) (35,7) (36,10) (37,9) (38,8) (39,6) (40,3) (41,-2) (42,-1) (43,-1) (44,-2) (45,-2) (46,-2) (47,-2) (48,0) (49,1) (50,2) (51,3) (52,1) (53,2) (54,0) (55,-1) (56,-1) (57,-3) (58,-5) (59,-4) (60,-1) (61,1) (62,1) (63,1) (64,1) (65,4) (66,6) (67,6) (68,8) (69,11) (70,12) (71,16) (72,18) (73,21) (74,24) (75,28) (76,32) (77,33) (78,35) (79,39) (80,40) (81,43) (82,50) (83,52) (84,52) (85,54) (86,57) (87,58) (88,60) (89,63) (90,67) (91,71) (92,74) (93,79) (94,81) 
TD 6 :
(99,94) (0,99) (98,92) (1,94) (97,89) (2,89) (96,87) (3,85) (95,83) (4,81) (94,81) (5,77) (6,71) (7,69) (8,63) (9,58) (10,55) (11,51) (12,52) (13,47) (14,45) (15,44) (16,42) (17,41) (18,39) (19,37) (20,37) (21,33) (22,31) (23,26) (24,27) (25,24) (26,25) (27,19) (28,18) (29,15) (30,15) (31,16) (32,14) (33,15) (34,11) (35,7) (36,10) (37,9) (38,8) (39,6) (40,3) (41,-2) (42,-1) (43,-1) (44,-2) (45,-2) (46,-2) (47,-2) (48,0) (49,1) (50,2) (51,3) (52,1) (53,2) (54,0) (55,-1) (56,-1) (57,-3) (58,-5) (59,-4) (60,-1) (61,1) (62,1) (63,1) (64,1) (65,4) (66,6) (67,6) (68,8) (69,11) (70,12) (71,16) (72,18) (73,21) (74,24) (75,28) (76,32) (77,33) (78,35) (79,39) (80,40) (81,43) (82,50) (83,52) (84,52) (85,54) (86,57) (87,58) (88,60) (89,63) (90,67) (91,71) (92,74) (93,79) 
TD 7 :
(99,94) (0,99) (98,92) (1,94) (97,89) (2,89) (96,87) (3,85) (95,83) (4,81) (94,81) (5,77) (93,79) (6,71) (7,69) (8,63) (9,58) (10,55) (11,51) (12,52) (13,47) (14,45) (15,44) (16,42) (17,41) (18,39) (19,37) (20,37) (21,33) (22,31) (23,26) (24,27) (25,24) (26,25) (27,19) (28,18) (29,15) (30,15) (31,16) (32,14) (33,15) (34,11) (35,7) (36,10) (37,9) (38,8) (39,6) (40,3) (41,-2) (42,-1) (43,-1) (44,-2) (45,-2) (46,-2) (47,-2) (48,0) (49,1) (50,2) (51,3) (52,1) (53,2) (54,0) (55,-1) (56,-1) (57,-3) (58,-5) (59,-4) (60,-1) (61,1) (62,1) (63,1) (64,1) (65,4) (66,6) (67,6) (68,8) (69,11) (70,12) (71,16) (72,18) (73,21) (74,24) (75,28) (76,32) (77,33) (78,35) (79,39) (80,40) (81,43) (82,50) (83,52) (84,52) (85,54) (86,57) (87,58) (88,60) (89,63) (90,67) (91,71) (92,74) 
TD 8 :
(99,94) (0,99) (98,92) (1,94) (97,89) (2,89) (96,87) (3,85) (95,83) (4,81) (94,81) (5,77) (93,79) (6,71) (92,74) (7,69) (8,63) (9,58) (10,55) (11,51) (12,52) (13,47) (14,45) (15,44) (16,42) (17,41) (18,39) (19,37) (20,37) (21,33) (22,31) (23,26) (24,27) (25,24) (26,25) (27,19) (28,18) (29,15) (30,15) (31,16) (32,14) (33,15) (34,11) (35,7) (36,10) (37,9) (38,8) (39,6) (40,3) (41,-2) (42,-1) (43,-1) (44,-2) (45,-2) (46,-2) (47,-2) (48,0) (49,1) (50,2) (51,3) (52,1) (53,2) (54,0) (55,-1) (56,-1) (57,-3) (58,-5) (59,-4) (60,-1) (61,1) (62,1) (63,1) (64,1) (65,4) (66,6) (67,6) (68,8) (69,11) (70,12) (71,16) (72,18) (73,21) (74,24) (75,28) (76,32) (77,33) (78,35) (79,39) (80,40) (81,43) (82,50) (83,52) (84,52) (85,54) (86,57) (87,58) (88,60) (89,63) (90,67) (91,71) 
TD 9 :
(99,94) (0,99) (98,92) (1,94) (97,89) (2,89) (96,87) (3,85) (95,83) (4,81) (94,81) (5,77) (93,79) (6,71) (92,74) (7,69) (91,71) (8,63) (9,58) (10,55) (11,51) (12,52) (13,47) (14,45) (15,44) (16,42) (17,41) (18,39) (19,37) (20,37) (21,33) (22,31) (23,26) (24,27) (25,24) (26,25) (27,19) (28,18) (29,15) (30,15) (31,16) (32,14) (33,15) (34,11) (35,7) (36,10) (37,9) (38,8) (39,6) (40,3) (41,-2) (42,-1) (43,-1) (44,-2) (45,-2) (46,-2) (47,-2) (48,0) (49,1) (50,2) (51,3) (52,1) (53,2) (54,0) (55,-1) (56,-1) (57,-3) (58,-5) (59,-4) (60,-1) (61,1) (62,1) (63,1) (64,1) (65,4) (66,6) (67,6) (68,8) (69,11) (70,12) (71,16) (72,18) (73,21) (74,24) (75,28) (76,32) (77,33) (78,35) (79,39) (80,40) (81,43) (82,50) (83,52) (84,52) (85,54) (86,57) (87,58) (88,60) (89,63) (90,67) 
TD 10 :
(99,94) (0,99) (98,92) (1,94) (97,89) (2,89) (96,87) (3,85) (95,83) (4,81) (94,81) (5,77) (93,79) (6,71) (92,74) (7,69) (91,71) (8,63) (90,67) (9,58) (10,55) (11,51) (12,52) (13,47) (14,45) (15,44) (16,42) (17,41) (18,39) (19,37) (20,37) (21,33) (22,31) (23,26) (24,27) (25,24) (26,25) (27,19) (28,18) (29,15) (30,15) (31,16) (32,14) (33,15) (34,11) (35,7) (36,10) (37,9) (38,8) (39,6) (40,3) (41,-2) (42,-1) (43,-1) (44,-2) (45,-2) (46,-2) (47,-2) (48,0) (49,1) (50,2) (51,3) (52,1) (53,2) (54,0) (55,-1) (56,-1) (57,-3) (58,-5) (59,-4) (60,-1) (61,1) (62,1) (63,1) (64,1) (65,4) (66,6) (67,6) (68,8) (69,11) (70,12) (71,16) (72,18) (73,21) (74,24) (75,28) (76,32) (77,33) (78,35) (79,39) (80,40) (81,43) (82,50) (83,52) (84,52) (85,54) (86,57) (87,58) (88,60) (89,63) 
TD 11 :
(99,94) (0,99) (98,92) (1,94) (97,89) (2,89) (96,87) (3,85) (95,83) (4,81) (94,81) (5,77) (93,79) (6,71) (92,74) (7,69) (91,71) (8,63) (90,67) (9,58) (89,63) (10,55) (11,51) (12,52) (13,47) (14,45) (15,44) (16,42) (17,41) (18,39) (19,37) (20,37) (21,33) (22,31) (23,26) (24,27) (25,24) (26,25) (27,19) (28,18) (29,15) (30,15) (31,16) (32,14) (33,15) (34,11) (35,7) (36,10) (37,9) (38,8) (39,6) (40,3) (41,-2) (42,-1) (43,-1) (44,-2) (45,-2) (46,-2) (47,-2) (48,0) (49,1) (50,2) (51,3) (52,1) (53,2) (54,0) (55,-1) (56,-1) (57,-3) (58,-5) (59,-4) (60,-1) (61,1) (62,1) (63,1) (64,1) (65,4) (66,6) (67,6) (68,8) (69,11) (70,12) (71,16) (72,18) (73,21) (74,24) (75,28) (76,32) (77,33) (78,35) (79,39) (80,40) (81,43) (82,50) (83,52) (84,52) (85,54) (86,57) (87,58) (88,60) 
TD 12 :
(99,94) (0,99) (98,92) (1,94) (97,89) (2,89) (96,87) (3,85) (95,83) (4,81) (94,81) (5,77) (93,79) (6,71) (92,74) (7,69) (91,71) (8,63) (90,67) (9,58) (89,63) (10,55) (88,60) (12,52) (11,51) 
(99,94) (0,99) (98,92) (1,94) (97,89) (2,89) (96,87) (3,85) (95,83) (4,81) (94,81) (5,77) (93,79) (6,71) (92,74) (7,69) (91,71) (8,63) (90,67) (9,58) (89,63) (10,55) (88,60) (12,52) (11,51) (13,47) (14,45) (15,44) (16,42) (17,41) (18,39) (19,37) (20,37) (21,33) (22,31) (23,26) (24,27) (25,24) (26,25) (27,19) (28,18) (29,15) (30,15) (31,16) (32,14) (33,15) (34,11) (35,7) (36,10) (37,9) (38,8) (39,6) (40,3) (41,-2) (42,-1) (43,-1) (44,-2) (45,-2) (46,-2) (47,-2) (48,0) (49,1) (50,2) (51,3) (52,1) (53,2) (54,0) (55,-1) (56,-1) (57,-3) (58,-5) (59,-4) (60,-1) (61,1) (62,1) (63,1) (64,1) (65,4) (66,6) (67,6) (68,8) (69,11) (70,12) (71,16) (72,18) (73,21) (74,24) (75,28) (76,32) (77,33) (78,35) (79,39) (80,40) (81,43) (82,50) (83,52) (84,52) (85,54) (86,57) (87,58) 
TD 13 :
(99,94) (0,99) (98,92) (1,94) (97,89) (2,89) (96,87) (3,85) (95,83) (4,81) (94,81) (5,77) (93,79) (6,71) (92,74) (7,69) (91,71) (8,63) (90,67) (9,58) (89,63) (10,55) (88,60) (12,52) (11,51) (87,58) (13,47) (14,45) (15,44) (16,42) (17,41) (18,39) (19,37) (20,37) (21,33) (22,31) (23,26) (24,27) (25,24) (26,25) (27,19) (28,18) (29,15) (30,15) (31,16) (32,14) (33,15) (34,11) (35,7) (36,10) (37,9) (38,8) (39,6) (40,3) (41,-2) (42,-1) (43,-1) (44,-2) (45,-2) (46,-2) (47,-2) (48,0) (49,1) (50,2) (51,3) (52,1) (53,2) (54,0) (55,-1) (56,-1) (57,-3) (58,-5) (59,-4) (60,-1) (61,1) (62,1) (63,1) (64,1) (65,4) (66,6) (67,6) (68,8) (69,11) (70,12) (71,16) (72,18) (73,21) (74,24) (75,28) (76,32) (77,33) (78,35) (79,39) (80,40) (81,43) (82,50) (83,52) (84,52) (85,54) (86,57) 
TD 14 :
(99,94) (0,99) (98,92) (1,94) (97,89) (2,89) (96,87) (3,85) (95,83) (4,81) (94,81) (5,77) (93,79) (6,71) (92,74) (7,69) (91,71) (8,63) (90,67) (9,58) (89,63) (10,55) (88,60) (12,52) (11,51) (87,58) (13,47) (86,57) (14,45) (15,44) (16,42) (17,41) (18,39) (19,37) (20,37) (21,33) (22,31) (23,26) (24,27) (25,24) (26,25) (27,19) (28,18) (29,15) (30,15) (31,16) (32,14) (33,15) (34,11) (35,7) (36,10) (37,9) (38,8) (39,6) (40,3) (41,-2) (42,-1) (43,-1) (44,-2) (45,-2) (46,-2) (47,-2) (48,0) (49,1) (50,2) (51,3) (52,1) (53,2) (54,0) (55,-1) (56,-1) (57,-3) (58,-5) (59,-4) (60,-1) (61,1) (62,1) (63,1) (64,1) (65,4) (66,6) (67,6) (68,8) (69,11) (70,12) (71,16) (72,18) (73,21) (74,24) (75,28) (76,32) (77,33) (78,35) (79,39) (80,40) (81,43) (82,50) (83,52) (84,52) (85,54) 
TD 15 :
(99,94) (0,99) (98,92) (1,94) (97,89) (2,89) (96,87) (3,85) (95,83) (4,81) (94,81) (5,77) (93,79) (6,71) (92,74) (7,69) (91,71) (8,63) (90,67) (9,58) (89,63) (10,55) (88,60) (12,52) (11,51) (87,58) (13,47) (86,57) (14,45) (85,54) (15,44) (16,42) (17,41) (18,39) (19,37) (20,37) (21,33) (22,31) (23,26) (24,27) (25,24) (26,25) (27,19) (28,18) (29,15) (30,15) (31,16) (32,14) (33,15) (34,11) (35,7) (36,10) (37,9) (38,8) (39,6) (40,3) (41,-2) (42,-1) (43,-1) (44,-2) (45,-2) (46,-2) (47,-2) (48,0) (49,1) (50,2) (51,3) (52,1) (53,2) (54,0) (55,-1) (56,-1) (57,-3) (58,-5) (59,-4) (60,-1) (61,1) (62,1) (63,1) (64,1) (65,4) (66,6) (67,6) (68,8) (69,11) (70,12) (71,16) (72,18) (73,21) (74,24) (75,28) (76,32) (77,33) (78,35) (79,39) (80,40) (81,43) (82,50) (83,52) (84,52) 
TD 16 :
(99,94) (0,99) (98,92) (1,94) (97,89) (2,89) (96,87) (3,85) (95,83) (4,81) (94,81) (5,77) (93,79) (6,71) (92,74) (7,69) (91,71) (8,63) (90,67) (9,58) (89,63) (10,55) (88,60) (12,52) (11,51) (87,58) (13,47) (86,57) (14,45) (85,54) (15,44) (84,52) (83,52) (16,42) (17,41) (18,39) (19,37) (20,37) (21,33) (22,31) (23,26) (24,27) (25,24) (26,25) (27,19) (28,18) (29,15) (30,15) (31,16) (32,14) (33,15) (34,11) (35,7) (36,10) (37,9) (38,8) (39,6) (40,3) (41,-2) (42,-1) (43,-1) (44,-2) (45,-2) (46,-2) (47,-2) (48,0) (49,1) (50,2) (51,3) (52,1) (53,2) (54,0) (55,-1) (56,-1) (57,-3) (58,-5) (59,-4) (60,-1) (61,1) (62,1) (63,1) (64,1) (65,4) (66,6) (67,6) (68,8) (69,11) (70,12) (71,16) (72,18) (73,21) (74,24) (75,28) (76,32) (77,33) (78,35) (79,39) (80,40) (81,43) (82,50) 
(99,94) (0,99) (98,92) (1,94) (97,89) (2,89) (96,87) (3,85) (95,83) (4,81) (94,81) (5,77) (93,79) (6,71) (92,74) (7,69) (91,71) (8,63) (90,67) (9,58) (89,63) (10,55) (88,60) (12,52) (11,51) (87,58) (13,47) (86,57) (14,45) (85,54) (15,44) (84,52) (83,52) (16,42) 
TD 17 :
(99,94) (0,99) (98,92) (1,94) (97,89) (2,89) (96,87) (3,85) (95,83) (4,81) (94,81) (5,77) (93,79) (6,71) (92,74) (7,69) (91,71) (8,63) (90,67) (9,58) (89,63) (10,55) (88,60) (12,52) (11,51) (87,58) (13,47) (86,57) (14,45) (85,54) (15,44) (84,52) (83,52) (16,42) (82,50) (17,41) (18,39) (19,37) (20,37) (21,33) (22,31) (23,26) (24,27) (25,24) (26,25) (27,19) (28,18) (29,15) (30,15) (31,16) (32,14) (33,15) (34,11) (35,7) (36,10) (37,9) (38,8) (39,6) (40,3) (41,-2) (42,-1) (43,-1) (44,-2) (45,-2) (46,-2) (47,-2) (48,0) (49,1) (50,2) (51,3) (52,1) (53,2) (54,0) (55,-1) (56,-1) (57,-3) (58,-5) (59,-4) (60,-1) (61,1) (62,1) (63,1) (64,1) (65,4) (66,6) (67,6) (68,8) (69,11) (70,12) (71,16) (72,18) (73,21) (74,24) (75,28) (76,32) (77,33) (78,35) (79,39) (80,40) (81,43) 
TD 18 :
(99,94) (0,99) (98,92) (1,94) (97,89) (2,89) (96,87) (3,85) (95,83) (4,81) (94,81) (5,77) (93,79) (6,71) (92,74) (7,69) (91,71) (8,63) (90,67) (9,58) (89,63) (10,55) (88,60) (12,52) (11,51) (87,58) (13,47) (86,57) (14,45) (85,54) (15,44) (84,52) (83,52) (16,42) (82,50) (17,41) (81,43) (18,39) (19,37) (20,37) (21,33) (22,31) (23,26) (24,27) (25,24) (26,25) (27,19) (28,18) (29,15) (30,15) (31,16) (32,14) (33,15) (34,11) (35,7) (36,10) (37,9) (38,8) (39,6) (40,3) (41,-2) (42,-1) (43,-1) (44,-2) (45,-2) (46,-2) (47,-2) (48,0) (49,1) (50,2) (51,3) (52,1) (53,2) (54,0) (55,-1) (56,-1) (57,-3) (58,-5) (59,-4) (60,-1) (61,1) (62,1) (63,1) (64,1) (65,4) (66,6) (67,6) (68,8) (69,11) (70,12) (71,16) (72,18) (73,21) (74,24) (75,28) (76,32) (77,33) (78,35) (79,39) (80,40) 
TD 19 :
(99,94) (0,99) (98,92) (1,94) (97,89) (2,89) (96,87) (3,85) (95,83) (4,81) (94,81) (5,77) (93,79) (6,71) (92,74) (7,69) (91,71) (8,63) (90,67) (9,58) (89,63) (10,55) (88,60) (12,52) (11,51) (87,58) (13,47) (86,57) (14,45) (85,54) (15,44) (84,52) (83,52) (16,42) (82,50) (17,41) (81,43) (18,39) (80,40) (19,37) (20,37) (21,33) (22,31) (23,26) (24,27) (25,24) (26,25) (27,19) (28,18) (29,15) (30,15) (31,16) (32,14) (33,15) (34,11) (35,7) (36,10) (37,9) (38,8) (39,6) (40,3) (41,-2) (42,-1) (43,-1) (44,-2) (45,-2) (46,-2) (47,-2) (48,0) (49,1) (50,2) (51,3) (52,1) (53,2) (54,0) (55,-1) (56,-1) (57,-3) (58,-5) (59,-4) (60,-1) (61,1) (62,1) (63,1) (64,1) (65,4) (66,6) (67,6) (68,8) (69,11) (70,12) (71,16) (72,18) (73,21) (74,24) (75,28) (76,32) (77,33) (78,35) (79,39) 
TD 20 :
(99,94) (0,99) (98,92) (1,94) (97,89) (2,89) (96,87) (3,85) (95,83) (4,81) (94,81) (5,77) (93,79) (6,71) (92,74) (7,69) (91,71) (8,63) (90,67) (9,58) (89,63) (10,55) (88,60) (12,52) (11,51) (87,58) (13,47) (86,57) (14,45) (85,54) (15,44) (84,52) (83,52) (16,42) (82,50) (17,41) (81,43) (18,39) (80,40) (19,37) (79,39) (20,37) (21,33) (22,31) (23,26) (24,27) (25,24) (26,25) (27,19) (28,18) (29,15) (30,15) (31,16) (32,14) (33,15) (34,11) (35,7) (36,10) (37,9) (38,8) (39,6) (40,3) (41,-2) (42,-1) (43,-1) (44,-2) (45,-2) (46,-2) (47,-2) (48,0) (49,1) (50,2) (51,3) (52,1) (53,2) (54,0) (55,-1) (56,-1) (57,-3) (58,-5) (59,-4) (60,-1) (61,1) (62,1) (63,1) (64,1) (65,4) (66,6) (67,6) (68,8) (69,11) (70,12) (71,16) (72,18) (73,21) (74,24) (75,28) (76,32) (77,33) (78,35) 
TD 21 :
(99,94) (0,99) (98,92) (1,94) (97,89) (2,89) (96,87) (3,85) (95,83) (4,81) (94,81) (5,77) (93,79) (6,71) (92,74) (7,69) (91,71) (8,63) (90,67) (9,58) (89,63) (10,55) (88,60) (12,52) (11,51) (87,58) (13,47) (86,57) (14,45) (85,54) (15,44) (84,52) (83,52) (16,42) (82,50) (17,41) (81,43) (18,39) (80,40) (19,37) (79,39) (20,37) (78,35) (21,33) (22,31) (23,26) (24,27) (25,24) (26,25) (27,19) (28,18) (29,15) (30,15) (31,16) (32,14) (33,15) (34,11) (35,7) (36,10) (37,9) (38,8) (39,6) (40,3) (41,-2) (42,-1) (43,-1) (44,-2) (45,-2) (46,-2) (47,-2) (48,0) (49,1) (50,2) (51,3) (52,1) (53,2) (54,0) (55,-1) (56,-1) (57,-3) (58,-5) (59,-4) (60,-1) (61,1) (62,1) (63,1) (64,1) (65,4) (66,6) (67,6) (68,8) (69,11) (70,12) (71,16) (72,18) (73,21) (74,24) (75,28) (76,32) (77,33) 
TD 22 :
(99,94) (0,99) (98,92) (1,94) (97,89) (2,89) (96,87) (3,85) (95,83) (4,81) (94,81) (5,77) (93,79) (6,71) (92,74) (7,69) (91,71) (8,63) (90,67) (9,58) (89,63) (10,55) (88,60) (12,52) (11,51) (87,58) (13,47) (86,57) (14,45) (85,54) (15,44) (84,52) (83,52) (16,42) (82,50) (17,41) (81,43) (18,39) (80,40) (19,37) (79,39) (20,37) (78,35) (21,33) (77,33) (22,31) (23,26) (24,27) (25,24) (26,25) (27,19) (28,18) (29,15) (30,15) (31,16) (32,14) (33,15) (34,11) (35,7) (36,10) (37,9) (38,8) (39,6) (40,3) (41,-2) (42,-1) (43,-1) (44,-2) (45,-2) (46,-2) (47,-2) (48,0) (49,1) (50,2) (51,3) (52,1) (53,2) (54,0) (55,-1) (56,-1) (57,-3) (58,-5) (59,-4) (60,-1) (61,1) (62,1) (63,1) (64,1) (65,4) (66,6) (67,6) (68,8) (69,11) (70,12) (71,16) (72,18) (73,21) (74,24) (75,28) (76,32) 
TD 23 :
(99,94) (0,99) (98,92) (1,94) (97,89) (2,89) (96,87) (3,85) (95,83) (4,81) (94,81) (5,77) (93,79) (6,71) (92,74) (7,69) (91,71) (8,63) (90,67) (9,58) (89,63) (10,55) (88,60) (12,52) (11,51) (87,58) (13,47) (86,57) (14,45) (85,54) (15,44) (84,52) (83,52) (16,42) (82,50) (17,41) (81,43) (18,39) (80,40) (19,37) (79,39) (20,37) (78,35) (21,33) (77,33) (22,31) (76,32) (24,27) (23,26) 
(99,94) (0,99) (98,92) (1,94) (97,89) (2,89) (96,87) (3,85) (95,83) (4,81) (94,81) (5,77) (93,79) (6,71) (92,74) (7,69) (91,71) (8,63) (90,67) (9,58) (89,63) (10,55) (88,60) (12,52) (11,51) (87,58) (13,47) (86,57) (14,45) (85,54) (15,44) (84,52) (83,52) (16,42) (82,50) (17,41) (81,43) (18,39) (80,40) (19,37) (79,39) (20,37) (78,35) (21,33) (77,33) (22,31) (76,32) (24,27) (23,26) (25,24) (26,25) (27,19) (28,18) (29,15) (30,15) (31,16) (32,14) (33,15) (34,11) (35,7) (36,10) (37,9) (38,8) (39,6) (40,3) (41,-2) (42,-1) (43,-1) (44,-2) (45,-2) (46,-2) (47,-2) (48,0) (49,1) (50,2) (51,3) (52,1) (53,2) (54,0) (55,-1) (56,-1) (57,-3) (58,-5) (59,-4) (60,-1) (61,1) (62,1) (63,1) (64,1) (65,4) (66,6) (67,6) (68,8) (69,11) (70,12) (71,16) (72,18) (73,21) (74,24) (75,28) 
TD 24 :
(99,94) (0,99) (98,92) (1,94) (97,89) (2,89) (96,87) (3,85) (95,83) (4,81) (94,81) (5,77) (93,79) (6,71) (92,74) (7,69) (91,71) (8,63) (90,67) (9,58) (89,63) (10,55) (88,60) (12,52) (11,51) (87,58) (13,47) (86,57) (14,45) (85,54) (15,44) (84,52) (83,52) (16,42) (82,50) (17,41) (81,43) (18,39) (80,40) (19,37) (79,39) (20,37) (78,35) (21,33) (77,33) (22,31) (76,32) (24,27) (23,26) (75,28) (26,25) (25,24) 
(99,94) (0,99) (98,92) (1,94) (97,89) (2,89) (96,87) (3,85) (95,83) (4,81) (94,81) (5,77) (93,79) (6,71) (92,74) (7,69) (91,71) (8,63) (90,67) (9,58) (89,63) (10,55) (88,60) (12,52) (11,51) (87,58) (13,47) (86,57) (14,45) (85,54) (15,44) (84,52) (83,52) (16,42) (82,50) (17,41) (81,43) (18,39) (80,40) (19,37) (79,39) (20,37) (78,35) (21,33) (77,33) (22,31) (76,32) (24,27) (23,26) (75,28) (26,25) (25,24) (27,19) (28,18) (29,15) (30,15) (31,16) (32,14) (33,15) (34,11) (35,7) (36,10) (37,9) (38,8) (39,6) (40,3) (41,-2) (42,-1) (43,-1) (44,-2) (45,-2) (46,-2) (47,-2) (48,0) (49,1) (50,2) (51,3) (52,1) (53,2) (54,0) (55,-1) (56,-1) (57,-3) (58,-5) (59,-4) (60,-1) (61,1) (62,1) (63,1) (64,1) (65,4) (66,6) (67,6) (68,8) (69,11) (70,12) (71,16) (72,18) (73,21) (74,24) 
TD 25 :
(99,94) (0,99) (98,92) (1,94) (97,89) (2,89) (96,87) (3,85) (95,83) (4,81) (94,81) (5,77) (93,79) (6,71) (92,74) (7,69) (91,71) (8,63) (90,67) (9,58) (89,63) (10,55) (88,60) (12,52) (11,51) (87,58) (13,47) (86,57) (14,45) (85,54) (15,44) (84,52) (83,52) (16,42) (82,50) (17,41) (81,43) (18,39) (80,40) (19,37) (79,39) (20,37) (78,35) (21,33) (77,33) (22,31) (76,32) (24,27) (23,26) (75,28) (26,25) (25,24) (74,24) (27,19) (28,18) (29,15) (30,15) (31,16) (32,14) (33,15) (34,11) (35,7) (36,10) (37,9) (38,8) (39,6) (40,3) (41,-2) (42,-1) (43,-1) (44,-2) (45,-2) (46,-2) (47,-2) (48,0) (49,1) (50,2) (51,3) (52,1) (53,2) (54,0) (55,-1) (56,-1) (57,-3) (58,-5) (59,-4) (60,-1) (61,1) (62,1) (63,1) (64,1) (65,4) (66,6) (67,6) (68,8) (69,11) (70,12) (71,16) (72,18) (73,21) 
TD 26 :
(99,94) (0,99) (98,92) (1,94) (97,89) (2,89) (96,87) (3,85) (95,83) (4,81) (94,81) (5,77) (93,79) (6,71) (92,74) (7,69) (91,71) (8,63) (90,67) (9,58) (89,63) (10,55) (88,60) (12,52) (11,51) (87,58) (13,47) (86,57) (14,45) (85,54) (15,44) (84,52) (83,52) (16,42) (82,50) (17,41) (81,43) (18,39) (80,40) (19,37) (79,39) (20,37) (78,35) (21,33) (77,33) (22,31) (76,32) (24,27) (23,26) (75,28) (26,25) (25,24) (74,24) (27,19) (73,21) (28,18) (29,15) (30,15) (31,16) (32,14) (33,15) (34,11) (35,7) (36,10) (37,9) (38,8) (39,6) (40,3) (41,-2) (42,-1) (43,-1) (44,-2) (45,-2) (46,-2) (47,-2) (48,0) (49,1) (50,2) (51,3) (52,1) (53,2) (54,0) (55,-1) (56,-1) (57,-3) (58,-5) (59,-4) (60,-1) (61,1) (62,1) (63,1) (64,1) (65,4) (66,6) (67,6) (68,8) (69,11) (70,12) (71,16) (72,18) 
TD 27 :
(99,94) (0,99) (98,92) (1,94) (97,89) (2,89) (96,87) (3,85) (95,83) (4,81) (94,81) (5,77) (93,79) (6,71) (92,74) (7,69) (91,71) (8,63) (90,67) (9,58) (89,63) (10,55) (88,60) (12,52) (11,51) (87,58) (13,47) (86,57) (14,45) (85,54) (15,44) (84,52) (83,52) (16,42) (82,50) (17,41) (81,43) (18,39) (80,40) (19,37) (79,39) (20,37) (78,35) (21,33) (77,33) (22,31) (76,32) (24,27) (23,26) (75,28) (26,25) (25,24) (74,24) (27,19) (73,21) (28,18) (72,18) (31,16) (29,15) (30,15) 
(99,94) (0,99) (98,92) (1,94) (97,89) (2,89) (96,87) (3,85) (95,83) (4,81) (94,81) (5,77) (93,79) (6,71) (92,74) (7,69) (91,71) (8,63) (90,67) (9,58) (89,63) (10,55) (88,60) (12,52) (11,51) (87,58) (13,47) (86,57) (14,45) (85,54) (15,44) (84,52) (83,52) (16,42) (82,50) (17,41) (81,43) (18,39) (80,40) (19,37) (79,39) (20,37) (78,35) (21,33) (77,33) (22,31) (76,32) (24,27) (23,26) (75,28) (26,25) (25,24) (74,24) (27,19) (73,21) (28,18) (72,18) (31,16) (29,15) (32,14) (33,15) (34,11) (35,7) (36,10) (37,9) (38,8) (39,6) (40,3) (41,-2) (42,-1) (43,-1) (44,-2) (45,-2) (46,-2) (47,-2) (48,0) (49,1) (50,2) (51,3) (52,1) (53,2) (54,0) (55,-1) (56,-1) (57,-3) (58,-5) (59,-4) (60,-1) (61,1) (62,1) (63,1) (64,1) (65,4) (66,6) (67,6) (68,8) (69,11) (70,12) (71,16) 
TD 28 :
(99,94) (0,99) (98,92) (1,94) (97,89) (2,89) (96,87) (3,85) (95,83) (4,81) (94,81) (5,77) (93,79) (6,71) (92,74) (7,69) (91,71) (8,63) (90,67) (9,58) (89,63) (10,55) (88,60) (12,52) (11,51) (87,58) (13,47) (86,57) (14,45) (85,54) (15,44) (84,52) (83,52) (16,42) (82,50) (17,41) (81,43) (18,39) (80,40) (19,37) (79,39) (20,37) (78,35) (21,33) (77,33) (22,31) (76,32) (24,27) (23,26) (75,28) (26,25) (25,24) (74,24) (27,19) (73,21) (28,18) (72,18) (31,16) (29,15) (30,15) 
(99,94) (0,99) (98,92) (1,94) (97,89) (2,89) (96,87) (3,85) (95,83) (4,81) (94,81) (5,77) (93,79) (6,71) (92,74) (7,69) (91,71) (8,63) (90,67) (9,58) (89,63) (10,55) (88,60) (12,52) (11,51) (87,58) (13,47) (86,57) (14,45) (85,54) (15,44) (84,52) (83,52) (16,42) (82,50) (17,41) (81,43) (18,39) (80,40) (19,37) (79,39) (20,37) (78,35) (21,33) (77,33) (22,31) (76,32) (24,27) (23,26) (75,28) (26,25) (25,24) (74,24) (27,19) (73,21) (28,18) (72,18) (31,16) (29,15) (71,16) (32,14) (33,15) (34,11) (35,7) (36,10) (37,9) (38,8) (39,6) (40,3) (41,-2) (42,-1) (43,-1) (44,-2) (45,-2) (46,-2) (47,-2) (48,0) (49,1) (50,2) (51,3) (52,1) (53,2) (54,0) (55,-1) (56,-1) (57,-3) (58,-5) (59,-4) (60,-1) (61,1) (62,1) (63,1) (64,1) (65,4) (66,6) (67,6) (68,8) (69,11) (70,12) 
TD 29 :
(99,94) (0,99) (98,92) (1,94) (97,89) (2,89) (96,87) (3,85) (95,83) (4,81) (94,81) (5,77) (93,79) (6,71) (92,74) (7,69) (91,71) (8,63) (90,67) (9,58) (89,63) (10,55) (88,60) (12,52) (11,51) (87,58) (13,47) (86,57) (14,45) (85,54) (15,44) (84,52) (83,52) (16,42) (82,50) (17,41) (81,43) (18,39) (80,40) (19,37) (79,39) (20,37) (78,35) (21,33) (77,33) (22,31) (76,32) (24,27) (23,26) (75,28) (26,25) (25,24) (74,24) (27,19) (73,21) (28,18) (72,18) (31,16) (29,15) (71,16) (70,12) (33,15) (32,14) 
(99,94) (0,99) (98,92) (1,94) (97,89) (2,89) (96,87) (3,85) (95,83) (4,81) (94,81) (5,77) (93,79) (6,71) (92,74) (7,69) (91,71) (8,63) (90,67) (9,58) (89,63) (10,55) (88,60) (12,52) (11,51) (87,58) (13,47) (86,57) (14,45) (85,54) (15,44) (84,52) (83,52) (16,42) (82,50) (17,41) (81,43) (18,39) (80,40) (19,37) (79,39) (20,37) (78,35) (21,33) (77,33) (22,31) (76,32) (24,27) (23,26) (75,28) (26,25) (25,24) (74,24) (27,19) (73,21) (28,18) (72,18) (31,16) (29,15) (71,16) (70,12) (33,15) (32,14) (34,11) (35,7) (36,10) (37,9) (38,8) (39,6) (40,3) (41,-2) (42,-1) (43,-1) (44,-2) (45,-2) (46,-2) (47,-2) (48,0) (49,1) (50,2) (51,3) (52,1) (53,2) (54,0) (55,-1) (56,-1) (57,-3) (58,-5) (59,-4) (60,-1) (61,1) (62,1) (63,1) (64,1) (65,4) (66,6) (67,6) (68,8) (69,11) 
TD 30 :
(99,94) (0,99) (98,92) (1,94) (97,89) (2,89) (96,87) (3,85) (95,83) (4,81) (94,81) (5,77) (93,79) (6,71) (92,74) (7,69) (91,71) (8,63) (90,67) (9,58) (89,63) (10,55) (88,60) (12,52) (11,51) (87,58) (13,47) (86,57) (14,45) (85,54) (15,44) (84,52) (83,52) (16,42) (82,50) (17,41) (81,43) (18,39) (80,40) (19,37) (79,39) (20,37) (78,35) (21,33) (77,33) (22,31) (76,32) (24,27) (23,26) (75,28) (26,25) (25,24) (74,24) (27,19) (73,21) (28,18) (72,18) (31,16) (29,15) (71,16) (70,12) (33,15) (32,14) (69,11) (34,11) (35,7) (36,10) (37,9) (38,8) (39,6) (40,3) (41,-2) (42,-1) (43,-1) (44,-2) (45,-2) (46,-2) (47,-2) (48,0) (49,1) (50,2) (51,3) (52,1) (53,2) (54,0) (55,-1) (56,-1) (57,-3) (58,-5) (59,-4) (60,-1) (61,1) (62,1) (63,1) (64,1) (65,4) (66,6) (67,6) (68,8) 
TD 31 :
(99,94) (0,99) (98,92) (1,94) (97,89) (2,89) (96,87) (3,85) (95,83) (4,81) (94,81) (5,77) (93,79) (6,71) (92,74) (7,69) (91,71) (8,63) (90,67) (9,58) (89,63) (10,55) (88,60) (12,52) (11,51) (87,58) (13,47) (86,57) (14,45) (85,54) (15,44) (84,52) (83,52) (16,42) (82,50) (17,41) (81,43) (18,39) (80,40) (19,37) (79,39) (20,37) (78,35) (21,33) (77,33) (22,31) (76,32) (24,27) (23,26) (75,28) (26,25) (25,24) (74,24) (27,19) (73,21) (28,18) (72,18) (31,16) (29,15) (71,16) (70,12) (33,15) (32,14) (69,11) (34,11) (68,8) (36,10) (35,7) 
(99,94) (0,99) (98,92) (1,94) (97,89) (2,89) (96,87) (3,85) (95,83) (4,81) (94,81) (5,77) (93,79) (6,71) (92,74) (7,69) (91,71) (8,63) (90,67) (9,58) (89,63) (10,55) (88,60) (12,52) (11,51) (87,58) (13,47) (86,57) (14,45) (85,54) (15,44) (84,52) (83,52) (16,42) (82,50) (17,41) (81,43) (18,39) (80,40) (19,37) (79,39) (20,37) (78,35) (21,33) (77,33) (22,31) (76,32) (24,27) (23,26) (75,28) (26,25) (25,24) (74,24) (27,19) (73,21) (28,18) (72,18) (31,16) (29,15) (71,16) (70,12) (33,15) (32,14) (69,11) (34,11) (68,8) (36,10) (35,7) (37,9) (38,8) (39,6) (40,3) (41,-2) (42,-1) (43,-1) (44,-2) (45,-2) (46,-2) (47,-2) (48,0) (49,1) (50,2) (51,3) (52,1) (53,2) (54,0) (55,-1) (56,-1) (57,-3) (58,-5) (59,-4) (60,-1) (61,1) (62,1) (63,1) (64,1) (65,4) (66,6) (67,6) 
TD 32 :
(99,94) (0,99) (98,92) (1,94) (97,89) (2,89) (96,87) (3,85) (95,83) (4,81) (94,81) (5,77) (93,79) (6,71) (92,74) (7,69) (91,71) (8,63) (90,67) (9,58) (89,63) (10,55) (88,60) (12,52) (11,51) (87,58) (13,47) (86,57) (14,45) (85,54) (15,44) (84,52) (83,52) (16,42) (82,50) (17,41) (81,43) (18,39) (80,40) (19,37) (79,39) (20,37) (78,35) (21,33) (77,33) (22,31) (76,32) (24,27) (23,26) (75,28) (26,25) (25,24) (74,24) (27,19) (73,21) (28,18) (72,18) (31,16) (29,15) (71,16) (70,12) (33,15) (32,14) (69,11) (34,11) (68,8) (36,10) (35,7) (67,6) (37,9) (38,8) (39,6) (40,3) (41,-2) (42,-1) (43,-1) (44,-2) (45,-2) (46,-2) (47,-2) (48,0) (49,1) (50,2) (51,3) (52,1) (53,2) (54,0) (55,-1) (56,-1) (57,-3) (58,-5) (59,-4) (60,-1) (61,1) (62,1) (63,1) (64,1) (65,4) (66,6) 
TD 33 :
(99,94) (0,99) (98,92) (1,94) (97,89) (2,89) (96,87) (3,85) (95,83) (4,81) (94,81) (5,77) (93,79) (6,71) (92,74) (7,69) (91,71) (8,63) (90,67) (9,58) (89,63) (10,55) (88,60) (12,52) (11,51) (87,58) (13,47) (86,57) (14,45) (85,54) (15,44) (84,52) (83,52) (16,42) (82,50) (17,41) (81,43) (18,39) (80,40) (19,37) (79,39) (20,37) (78,35) (21,33) (77,33) (22,31) (76,32) (24,27) (23,26) (75,28) (26,25) (25,24) (74,24) (27,19) (73,21) (28,18) (72,18) (31,16) (29,15) (71,16) (70,12) (33,15) (32,14) (69,11) (34,11) (68,8) (36,10) (35,7) (67,6) (37,9) (66,6) (38,8) (39,6) (40,3) (41,-2) (42,-1) (43,-1) (44,-2) (45,-2) (46,-2) (47,-2) (48,0) (49,1) (50,2) (51,3) (52,1) (53,2) (54,0) (55,-1) (56,-1) (57,-3) (58,-5) (59,-4) (60,-1) (61,1) (62,1) (63,1) (64,1) (65,4) 
TD 34 :
(99,94) (0,99) (98,92) (1,94) (97,89) (2,89) (96,87) (3,85) (95,83) (4,81) (94,81) (5,77) (93,79) (6,71) (92,74) (7,69) (91,71) (8,63) (90,67) (9,58) (89,63) (10,55) (88,60) (12,52) (11,51) (87,58) (13,47) (86,57) (14,45) (85,54) (15,44) (84,52) (83,52) (16,42) (82,50) (17,41) (81,43) (18,39) (80,40) (19,37) (79,39) (20,37) (78,35) (21,33) (77,33) (22,31) (76,32) (24,27) (23,26) (75,28) (26,25) (25,24) (74,24) (27,19) (73,21) (28,18) (72,18) (31,16) (29,15) (71,16) (70,12) (33,15) (32,14) (69,11) (34,11) (68,8) (36,10) (35,7) (67,6) (37,9) (66,6) (38,8) (65,4) (39,6) (40,3) (41,-2) (42,-1) (43,-1) (44,-2) (45,-2) (46,-2) (47,-2) (48,0) (49,1) (50,2) (51,3) (52,1) (53,2) (54,0) (55,-1) (56,-1) (57,-3) (58,-5) (59,-4) (60,-1) (61,1) (62,1) (63,1) (64,1) 
TD 35 :
(99,94) (0,99) (98,92) (1,94) (97,89) (2,89) (96,87) (3,85) (95,83) (4,81) (94,81) (5,77) (93,79) (6,71) (92,74) (7,69) (91,71) (8,63) (90,67) (9,58) (89,63) (10,55) (88,60) (12,52) (11,51) (87,58) (13,47) (86,57) (14,45) (85,54) (15,44) (84,52) (83,52) (16,42) (82,50) (17,41) (81,43) (18,39) (80,40) (19,37) (79,39) (20,37) (78,35) (21,33) (77,33) (22,31) (76,32) (24,27) (23,26) (75,28) (26,25) (25,24) (74,24) (27,19) (73,21) (28,18) (72,18) (31,16) (29,15) (71,16) (70,12) (33,15) (32,14) (69,11) (34,11) (68,8) (36,10) (35,7) (67,6) (37,9) (66,6) (38,8) (65,4) (39,6) (64,1) (51,3) (40,3) (41,-2) (42,-1) (43,-1) (44,-2) (45,-2) (46,-2) (47,-2) (48,0) (49,1) (50,2) 
(99,94) (0,99) (98,92) (1,94) (97,89) (2,89) (96,87) (3,85) (95,83) (4,81) (94,81) (5,77) (93,79) (6,71) (92,74) (7,69) (91,71) (8,63) (90,67) (9,58) (89,63) (10,55) (88,60) (12,52) (11,51) (87,58) (13,47) (86,57) (14,45) (85,54) (15,44) (84,52) (83,52) (16,42) (82,50) (17,41) (81,43) (18,39) (80,40) (19,37) (79,39) (20,37) (78,35) (21,33) (77,33) (22,31) (76,32) (24,27) (23,26) (75,28) (26,25) (25,24) (74,24) (27,19) (73,21) (28,18) (72,18) (31,16) (29,15) (71,16) (70,12) (33,15) (32,14) (69,11) (34,11) (68,8) (36,10) (35,7) (67,6) (37,9) (66,6) (38,8) (65,4) (39,6) (64,1) (51,3) (40,3) (52,1) (53,2) (54,0) (55,-1) (56,-1) (57,-3) (58,-5) (59,-4) (60,-1) (61,1) (62,1) (63,1) 
TD 36 :
(99,94) (0,99) (98,92) (1,94) (97,89) (2,89) (96,87) (3,85) (95,83) (4,81) (94,81) (5,77) (93,79) (6,71) (92,74) (7,69) (91,71) (8,63) (90,67) (9,58) (89,63) (10,55) (88,60) (12,52) (11,51) (87,58) (13,47) (86,57) (14,45) (85,54) (15,44) (84,52) (83,52) (16,42) (82,50) (17,41) (81,43) (18,39) (80,40) (19,37) (79,39) (20,37) (78,35) (21,33) (77,33) (22,31) (76,32) (24,27) (23,26) (75,28) (26,25) (25,24) (74,24) (27,19) (73,21) (28,18) (72,18) (31,16) (29,15) (71,16) (70,12) (33,15) (32,14) (69,11) (34,11) (68,8) (36,10) (35,7) (67,6) (37,9) (66,6) (38,8) (65,4) (39,6) (64,1) (51,3) (40,3) (50,2) (42,-1) (41,-2) 
(99,94) (0,99) (98,92) (1,94) (97,89) (2,89) (96,87) (3,85) (95,83) (4,81) (94,81) (5,77) (93,79) (6,71) (92,74) (7,69) (91,71) (8,63) (90,67) (9,58) (89,63) (10,55) (88,60) (12,52) (11,51) (87,58) (13,47) (86,57) (14,45) (85,54) (15,44) (84,52) (83,52) (16,42) (82,50) (17,41) (81,43) (18,39) (80,40) (19,37) (79,39) (20,37) (78,35) (21,33) (77,33) (22,31) (76,32) (24,27) (23,26) (75,28) (26,25) (25,24) (74,24) (27,19) (73,21) (28,18) (72,18) (31,16) (29,15) (71,16) (70,12) (33,15) (32,14) (69,11) (34,11) (68,8) (36,10) (35,7) (67,6) (37,9) (66,6) (38,8) (65,4) (39,6) (64,1) (51,3) (40,3) (50,2) (42,-1) (41,-2) (43,-1) (44,-2) (45,-2) (46,-2) (47,-2) (48,0) (49,1) 
(99,94) (0,99) (98,92) (1,94) (97,89) (2,89) (96,87) (3,85) (95,83) (4,81) (94,81) (5,77) (93,79) (6,71) (92,74) (7,69) (91,71) (8,63) (90,67) (9,58) (89,63) (10,55) (88,60) (12,52) (11,51) (87,58) (13,47) (86,57) (14,45) (85,54) (15,44) (84,52) (83,52) (16,42) (82,50) (17,41) (81,43) (18,39) (80,40) (19,37) (79,39) (20,37) (78,35) (21,33) (77,33) (22,31) (76,32) (24,27) (23,26) (75,28) (26,25) (25,24) (74,24) (27,19) (73,21) (28,18) (72,18) (31,16) (29,15) (71,16) (70,12) (33,15) (32,14) (69,11) (34,11) (68,8) (36,10) (35,7) (67,6) (37,9) (66,6) (38,8) (65,4) (39,6) (64,1) (51,3) (40,3) (50,2) (42,-1) (41,-2) 
(99,94) (0,99) (98,92) (1,94) (97,89) (2,89) (96,87) (3,85) (95,83) (4,81) (94,81) (5,77) (93,79) (6,71) (92,74) (7,69) (91,71) (8,63) (90,67) (9,58) (89,63) (10,55) (88,60) (12,52) (11,51) (87,58) (13,47) (86,57) (14,45) (85,54) (15,44) (84,52) (83,52) (16,42) (82,50) (17,41) (81,43) (18,39) (80,40) (19,37) (79,39) (20,37) (78,35) (21,33) (77,33) (22,31) (76,32) (24,27) (23,26) (75,28) (26,25) (25,24) (74,24) (27,19) (73,21) (28,18) (72,18) (31,16) (29,15) (71,16) (70,12) (33,15) (32,14) (69,11) (34,11) (68,8) (36,10) (35,7) (67,6) (37,9) (66,6) (38,8) (65,4) (39,6) (64,1) (51,3) (40,3) (63,1) (53,2) (52,1) 
(99,94) (0,99) (98,92) (1,94) (97,89) (2,89) (96,87) (3,85) (95,83) (4,81) (94,81) (5,77) (93,79) (6,71) (92,74) (7,69) (91,71) (8,63) (90,67) (9,58) (89,63) (10,55) (88,60) (12,52) (11,51) (87,58) (13,47) (86,57) (14,45) (85,54) (15,44) (84,52) (83,52) (16,42) (82,50) (17,41) (81,43) (18,39) (80,40) (19,37) (79,39) (20,37) (78,35) (21,33) (77,33) (22,31) (76,32) (24,27) (23,26) (75,28) (26,25) (25,24) (74,24) (27,19) (73,21) (28,18) (72,18) (31,16) (29,15) (71,16) (70,12) (33,15) (32,14) (69,11) (34,11) (68,8) (36,10) (35,7) (67,6) (37,9) (66,6) (38,8) (65,4) (39,6) (64,1) (51,3) (40,3) (63,1) (53,2) (54,0) (55,-1) (56,-1) (57,-3) (58,-5) (59,-4) (60,-1) (61,1) (62,1) 
TD 37 :
(99,94) (0,99) (98,92) (1,94) (97,89) (2,89) (96,87) (3,85) (95,83) (4,81) (94,81) (5,77) (93,79) (6,71) (92,74) (7,69) (91,71) (8,63) (90,67) (9,58) (89,63) (10,55) (88,60) (12,52) (11,51) (87,58) (13,47) (86,57) (14,45) (85,54) (15,44) (84,52) (83,52) (16,42) (82,50) (17,41) (81,43) (18,39) (80,40) (19,37) (79,39) (20,37) (78,35) (21,33) (77,33) (22,31) (76,32) (24,27) (23,26) (75,28) (26,25) (25,24) (74,24) (27,19) (73,21) (28,18) (72,18) (31,16) (29,15) (71,16) (70,12) (33,15) (32,14) (69,11) (34,11) (68,8) (36,10) (35,7) (67,6) (37,9) (66,6) (38,8) (65,4) (39,6) (64,1) (51,3) (40,3) (50,2) (42,-1) (41,-2) (49,1) (43,-1) (44,-2) (45,-2) (46,-2) (47,-2) (48,0) 
(99,94) (0,99) (98,92) (1,94) (97,89) (2,89) (96,87) (3,85) (95,83) (4,81) (94,81) (5,77) (93,79) (6,71) (92,74) (7,69) (91,71) (8,63) (90,67) (9,58) (89,63) (10,55) (88,60) (12,52) (11,51) (87,58) (13,47) (86,57) (14,45) (85,54) (15,44) (84,52) (83,52) (16,42) (82,50) (17,41) (81,43) (18,39) (80,40) (19,37) (79,39) (20,37) (78,35) (21,33) (77,33) (22,31) (76,32) (24,27) (23,26) (75,28) (26,25) (25,24) (74,24) (27,19) (73,21) (28,18) (72,18) (31,16) (29,15) (71,16) (70,12) (33,15) (32,14) (69,11) (34,11) (68,8) (36,10) (35,7) (67,6) (37,9) (66,6) (38,8) (65,4) (39,6) (64,1) (51,3) (40,3) (50,2) (42,-1) (41,-2) (49,1) (43,-1) 
(99,94) (0,99) (98,92) (1,94) (97,89) (2,89) (96,87) (3,85) (95,83) (4,81) (94,81) (5,77) (93,79) (6,71) (92,74) (7,69) (91,71) (8,63) (90,67) (9,58) (89,63) (10,55) (88,60) (12,52) (11,51) (87,58) (13,47) (86,57) (14,45) (85,54) (15,44) (84,52) (83,52) (16,42) (82,50) (17,41) (81,43) (18,39) (80,40) (19,37) (79,39) (20,37) (78,35) (21,33) (77,33) (22,31) (76,32) (24,27) (23,26) (75,28) (26,25) (25,24) (74,24) (27,19) (73,21) (28,18) (72,18) (31,16) (29,15) (71,16) (70,12) (33,15) (32,14) (69,11) (34,11) (68,8) (36,10) (35,7) (67,6) (37,9) (66,6) (38,8) (65,4) (39,6) (64,1) (51,3) (40,3) (63,1) (53,2) (52,1) 
(99,94) (0,99) (98,92) (1,94) (97,89) (2,89) (96,87) (3,85) (95,83) (4,81) (94,81) (5,77) (93,79) (6,71) (92,74) (7,69) (91,71) (8,63) (90,67) (9,58) (89,63) (10,55) (88,60) (12,52) (11,51) (87,58) (13,47) (86,57) (14,45) (85,54) (15,44) (84,52) (83,52) (16,42) (82,50) (17,41) (81,43) (18,39) (80,40) (19,37) (79,39) (20,37) (78,35) (21,33) (77,33) (22,31) (76,32) (24,27) (23,26) (75,28) (26,25) (25,24) (74,24) (27,19) (73,21) (28,18) (72,18) (31,16) (29,15) (71,16) (70,12) (33,15) (32,14) (69,11) (34,11) (68,8) (36,10) (35,7) (67,6) (37,9) (66,6) (38,8) (65,4) (39,6) (64,1) (51,3) (40,3) (63,1) (53,2) (52,1) 
(99,94) (0,99) (98,92) (1,94) (97,89) (2,89) (96,87) (3,85) (95,83) (4,81) (94,81) (5,77) (93,79) (6,71) (92,74) (7,69) (91,71) (8,63) (90,67) (9,58) (89,63) (10,55) (88,60) (12,52) (11,51) (87,58) (13,47) (86,57) (14,45) (85,54) (15,44) (84,52) (83,52) (16,42) (82,50) (17,41) (81,43) (18,39) (80,40) (19,37) (79,39) (20,37) (78,35) (21,33) (77,33) (22,31) (76,32) (24,27) (23,26) (75,28) (26,25) (25,24) (74,24) (27,19) (73,21) (28,18) (72,18) (31,16) (29,15) (71,16) (70,12) (33,15) (32,14) (69,11) (34,11) (68,8) (36,10) (35,7) (67,6) (37,9) (66,6) (38,8) (65,4) (39,6) (64,1) (51,3) (40,3) (63,1) (53,2) (62,1) (61,1) (54,0) (55,-1) (56,-1) (57,-3) (58,-5) (59,-4) (60,-1) 
(99,94) (0,99) (98,92) (1,94) (97,89) (2,89) (96,87) (3,85) (95,83) (4,81) (94,81) (5,77) (93,79) (6,71) (92,74) (7,69) (91,71) (8,63) (90,67) (9,58) (89,63) (10,55) (88,60) (12,52) (11,51) (87,58) (13,47) (86,57) (14,45) (85,54) (15,44) (84,52) (83,52) (16,42) (82,50) (17,41) (81,43) (18,39) (80,40) (19,37) (79,39) (20,37) (78,35) (21,33) (77,33) (22,31) (76,32) (24,27) (23,26) (75,28) (26,25) (25,24) (74,24) (27,19) (73,21) (28,18) (72,18) (31,16) (29,15) (71,16) (70,12) (33,15) (32,14) (69,11) (34,11) (68,8) (36,10) (35,7) (67,6) (37,9) (66,6) (38,8) (65,4) (39,6) (64,1) (51,3) (40,3) (63,1) (53,2) (62,1) (61,1) 
TD 38 :
(99,94) (0,99) (98,92) (1,94) (97,89) (2,89) (96,87) (3,85) (95,83) (4,81) (94,81) (5,77) (93,79) (6,71) (92,74) (7,69) (91,71) (8,63) (90,67) (9,58) (89,63) (10,55) (88,60) (12,52) (11,51) (87,58) (13,47) (86,57) (14,45) (85,54) (15,44) (84,52) (83,52) (16,42) (82,50) (17,41) (81,43) (18,39) (80,40) (19,37) (79,39) (20,37) (78,35) (21,33) (77,33) (22,31) (76,32) (24,27) (23,26) (75,28) (26,25) (25,24) (74,24) (27,19) (73,21) (28,18) (72,18) (31,16) (29,15) (71,16) (70,12) (33,15) (32,14) (69,11) (34,11) (68,8) (36,10) (35,7) (67,6) (37,9) (66,6) (38,8) (65,4) (39,6) (64,1) (51,3) (40,3) (50,2) (42,-1) (41,-2) (49,1) (43,-1) (48,0) (44,-2) (45,-2) (46,-2) (47,-2) 
(99,94) (0,99) (98,92) (1,94) (97,89) (2,89) (96,87) (3,85) (95,83) (4,81) (94,81) (5,77) (93,79) (6,71) (92,74) (7,69) (91,71) (8,63) (90,67) (9,58) (89,63) (10,55) (88,60) (12,52) (11,51) (87,58) (13,47) (86,57) (14,45) (85,54) (15,44) (84,52) (83,52) (16,42) (82,50) (17,41) (81,43) (18,39) (80,40) (19,37) (79,39) (20,37) (78,35) (21,33) (77,33) (22,31) (76,32) (24,27) (23,26) (75,28) (26,25) (25,24) (74,24) (27,19) (73,21) (28,18) (72,18) (31,16) (29,15) (71,16) (70,12) (33,15) (32,14) (69,11) (34,11) (68,8) (36,10) (35,7) (67,6) (37,9) (66,6) (38,8) (65,4) (39,6) (64,1) (51,3) (40,3) (50,2) (42,-1) (41,-2) (49,1) (43,-1) (48,0) (44,-2) 
(99,94) (0,99) (98,92) (1,94) (97,89) (2,89) (96,87) (3,85) (95,83) (4,81) (94,81) (5,77) (93,79) (6,71) (92,74) (7,69) (91,71) (8,63) (90,67) (9,58) (89,63) (10,55) (88,60) (12,52) (11,51) (87,58) (13,47) (86,57) (14,45) (85,54) (15,44) (84,52) (83,52) (16,42) (82,50) (17,41) (81,43) (18,39) (80,40) (19,37) (79,39) (20,37) (78,35) (21,33) (77,33) (22,31) (76,32) (24,27) (23,26) (75,28) (26,25) (25,24) (74,24) (27,19) (73,21) (28,18) (72,18) (31,16) (29,15) (71,16) (70,12) (33,15) (32,14) (69,11) (34,11) (68,8) (36,10) (35,7) (67,6) (37,9) (66,6) (38,8) (65,4) (39,6) (64,1) (51,3) (40,3) (63,1) (53,2) (62,1) (61,1) (60,-1) (54,0) 
(99,94) (0,99) (98,92) (1,94) (97,89) (2,89) (96,87) (3,85) (95,83) (4,81) (94,81) (5,77) (93,79) (6,71) (92,74) (7,69) (91,71) (8,63) (90,67) (9,58) (89,63) (10,55) (88,60) (12,52) (11,51) (87,58) (13,47) (86,57) (14,45) (85,54) (15,44) (84,52) (83,52) (16,42) (82,50) (17,41) (81,43) (18,39) (80,40) (19,37) (79,39) (20,37) (78,35) (21,33) (77,33) (22,31) (76,32) (24,27) (23,26) (75,28) (26,25) (25,24) (74,24) (27,19) (73,21) (28,18) (72,18) (31,16) (29,15) (71,16) (70,12) (33,15) (32,14) (69,11) (34,11) (68,8) (36,10) (35,7) (67,6) (37,9) (66,6) (38,8) (65,4) (39,6) (64,1) (51,3) (40,3) (63,1) (53,2) (62,1) (61,1) (60,-1) (54,0) (55,-1) (56,-1) (57,-3) (58,-5) (59,-4) 
TD 39 :
(99,94) (0,99) (98,92) (1,94) (97,89) (2,89) (96,87) (3,85) (95,83) (4,81) (94,81) (5,77) (93,79) (6,71) (92,74) (7,69) (91,71) (8,63) (90,67) (9,58) (89,63) (10,55) (88,60) (12,52) (11,51) (87,58) (13,47) (86,57) (14,45) (85,54) (15,44) (84,52) (83,52) (16,42) (82,50) (17,41) (81,43) (18,39) (80,40) (19,37) (79,39) (20,37) (78,35) (21,33) (77,33) (22,31) (76,32) (24,27) (23,26) (75,28) (26,25) (25,24) (74,24) (27,19) (73,21) (28,18) (72,18) (31,16) (29,15) (71,16) (70,12) (33,15) (32,14) (69,11) (34,11) (68,8) (36,10) (35,7) (67,6) (37,9) (66,6) (38,8) (65,4) (39,6) (64,1) (51,3) (40,3) (50,2) (42,-1) (41,-2) (49,1) (43,-1) (48,0) (44,-2) (45,-2) (46,-2) (47,-2) 
(99,94) (0,99) (98,92) (1,94) (97,89) (2,89) (96,87) (3,85) (95,83) (4,81) (94,81) (5,77) (93,79) (6,71) (92,74) (7,69) (91,71) (8,63) (90,67) (9,58) (89,63) (10,55) (88,60) (12,52) (11,51) (87,58) (13,47) (86,57) (14,45) (85,54) (15,44) (84,52) (83,52) (16,42) (82,50) (17,41) (81,43) (18,39) (80,40) (19,37) (79,39) (20,37) (78,35) (21,33) (77,33) (22,31) (76,32) (24,27) (23,26) (75,28) (26,25) (25,24) (74,24) (27,19) (73,21) (28,18) (72,18) (31,16) (29,15) (71,16) (70,12) (33,15) (32,14) (69,11) (34,11) (68,8) (36,10) (35,7) (67,6) (37,9) (66,6) (38,8) (65,4) (39,6) (64,1) (51,3) (40,3) (63,1) (53,2) (62,1) (61,1) (60,-1) (54,0) (59,-4) (56,-1) (55,-1) 
(99,94) (0,99) (98,92) (1,94) (97,89) (2,89) (96,87) (3,85) (95,83) (4,81) (94,81) (5,77) (93,79) (6,71) (92,74) (7,69) (91,71) (8,63) (90,67) (9,58) (89,63) (10,55) (88,60) (12,52) (11,51) (87,58) (13,47) (86,57) (14,45) (85,54) (15,44) (84,52) (83,52) (16,42) (82,50) (17,41) (81,43) (18,39) (80,40) (19,37) (79,39) (20,37) (78,35) (21,33) (77,33) (22,31) (76,32) (24,27) (23,26) (75,28) (26,25) (25,24) (74,24) (27,19) (73,21) (28,18) (72,18) (31,16) (29,15) (71,16) (70,12) (33,15) (32,14) (69,11) (34,11) (68,8) (36,10) (35,7) (67,6) (37,9) (66,6) (38,8) (65,4) (39,6) (64,1) (51,3) (40,3) (63,1) (53,2) (62,1) (61,1) (60,-1) (54,0) (59,-4) (56,-1) (55,-1) 
(99,94) (0,99) (98,92) (1,94) (97,89) (2,89) (96,87) (3,85) (95,83) (4,81) (94,81) (5,77) (93,79) (6,71) (92,74) (7,69) (91,71) (8,63) (90,67) (9,58) (89,63) (10,55) (88,60) (12,52) (11,51) (87,58) (13,47) (86,57) (14,45) (85,54) (15,44) (84,52) (83,52) (16,42) (82,50) (17,41) (81,43) (18,39) (80,40) (19,37) (79,39) (20,37) (78,35) (21,33) (77,33) (22,31) (76,32) (24,27) (23,26) (75,28) (26,25) (25,24) (74,24) (27,19) (73,21) (28,18) (72,18) (31,16) (29,15) (71,16) (70,12) (33,15) (32,14) (69,11) (34,11) (68,8) (36,10) (35,7) (67,6) (37,9) (66,6) (38,8) (65,4) (39,6) (64,1) (51,3) (40,3) (63,1) (53,2) (62,1) (61,1) (60,-1) (54,0) (59,-4) (56,-1) (55,-1) (57,-3) (58,-5) 
TD 40 :
(99,94) (0,99) (98,92) (1,94) (97,89) (2,89) (96,87) (3,85) (95,83) (4,81) (94,81) (5,77) (93,79) (6,71) (92,74) (7,69) (91,71) (8,63) (90,67) (9,58) (89,63) (10,55) (88,60) (12,52) (11,51) (87,58) (13,47) (86,57) (14,45) (85,54) (15,44) (84,52) (83,52) (16,42) (82,50) (17,41) (81,43) (18,39) (80,40) (19,37) (79,39) (20,37) (78,35) (21,33) (77,33) (22,31) (76,32) (24,27) (23,26) (75,28) (26,25) (25,24) (74,24) (27,19) (73,21) (28,18) (72,18) (31,16) (29,15) (71,16) (70,12) (33,15) (32,14) (69,11) (34,11) (68,8) (36,10) (35,7) (67,6) (37,9) (66,6) (38,8) (65,4) (39,6) (64,1) (51,3) (40,3) (50,2) (42,-1) (41,-2) (49,1) (43,-1) (48,0) (44,-2) (45,-2) (47,-2) (46,-2) 
(99,94) (0,99) (98,92) (1,94) (97,89) (2,89) (96,87) (3,85) (95,83) (4,81) (94,81) (5,77) (93,79) (6,71) (92,74) (7,69) (91,71) (8,63) (90,67) (9,58) (89,63) (10,55) (88,60) (12,52) (11,51) (87,58) (13,47) (86,57) (14,45) (85,54) (15,44) (84,52) (83,52) (16,42) (82,50) (17,41) (81,43) (18,39) (80,40) (19,37) (79,39) (20,37) (78,35) (21,33) (77,33) (22,31) (76,32) (24,27) (23,26) (75,28) (26,25) (25,24) (74,24) (27,19) (73,21) (28,18) (72,18) (31,16) (29,15) (71,16) (70,12) (33,15) (32,14) (69,11) (34,11) (68,8) (36,10) (35,7) (67,6) (37,9) (66,6) (38,8) (65,4) (39,6) (64,1) (51,3) (40,3) (50,2) (42,-1) (41,-2) (49,1) (43,-1) (48,0) (44,-2) (45,-2) (47,-2) (46,-2) 
(99,94) (0,99) (98,92) (1,94) (97,89) (2,89) (96,87) (3,85) (95,83) (4,81) (94,81) (5,77) (93,79) (6,71) (92,74) (7,69) (91,71) (8,63) (90,67) (9,58) (89,63) (10,55) (88,60) (12,52) (11,51) (87,58) (13,47) (86,57) (14,45) (85,54) (15,44) (84,52) (83,52) (16,42) (82,50) (17,41) (81,43) (18,39) (80,40) (19,37) (79,39) (20,37) (78,35) (21,33) (77,33) (22,31) (76,32) (24,27) (23,26) (75,28) (26,25) (25,24) (74,24) (27,19) (73,21) (28,18) (72,18) (31,16) (29,15) (71,16) (70,12) (33,15) (32,14) (69,11) (34,11) (68,8) (36,10) (35,7) (67,6) (37,9) (66,6) (38,8) (65,4) (39,6) (64,1) (51,3) (40,3) (63,1) (53,2) (62,1) (61,1) (60,-1) (54,0) (59,-4) (56,-1) (55,-1) (58,-5) (57,-3) 
(99,94) (0,99) (98,92) (1,94) (97,89) (2,89) (96,87) (3,85) (95,83) (4,81) (94,81) (5,77) (93,79) (6,71) (92,74) (7,69) (91,71) (8,63) (90,67) (9,58) (89,63) (10,55) (88,60) (12,52) (11,51) (87,58) (13,47) (86,57) (14,45) (85,54) (15,44) (84,52) (83,52) (16,42) (82,50) (17,41) (81,43) (18,39) (80,40) (19,37) (79,39) (20,37) (78,35) (21,33) (77,33) (22,31) (76,32) (24,27) (23,26) (75,28) (26,25) (25,24) (74,24) (27,19) (73,21) (28,18) (72,18) (31,16) (29,15) (71,16) (70,12) (33,15) (32,14) (69,11) (34,11) (68,8) (36,10) (35,7) (67,6) (37,9) (66,6) (38,8) (65,4) (39,6) (64,1) (51,3) (40,3) (63,1) (53,2) (62,1) (61,1) (60,-1) (54,0) (59,-4) (56,-1) (55,-1) (58,-5) (57,-3) 
Pocket 0 :
()
Pocket 1 :
({  (0,99) ,(1,94) } {  (98,92) ,(99,94) } )
Pocket 2 :
({  (1,94) ,(0,99) } {  (99,94) ,(98,92) } )
Pocket 3 :
({  (2,89) ,(1,94) } {  (99,94) ,(97,89) } )
Pocket 4 :
({  (3,85) ,(2,89) } {  (99,94) ,(96,87) } )
Pocket 5 :
({  (4,81) ,(3,85) } {  (99,94) ,(95,83) } )
Pocket 6 :
({  (5,77) ,(4,81) } {  (99,94) ,(94,81) } )
Pocket 7 :
({  (6,71) ,(5,77) } {  (99,94) ,(93,79) } )
Pocket 8 :
({  (7,69) ,(6,71) } {  (99,94) ,(92,74) } )
Pocket 9 :
({  (8,63) ,(7,69) } {  (99,94) ,(91,71) } )
Pocket 10 :
({  (9,58) ,(8,63) } {  (99,94) ,(90,67) } )
Pocket 11 :
({  (10,55) ,(9,58) } {  (99,94) ,(89,63) } )
Pocket 12 :
({  (11,51) ,(10,55) } {  (13,47) ,(12,52) } {  (11,51) ,(10,55) } {  (13,47) ,(12,52) } )
Pocket 13 :
({  (13,47) ,(11,51) } {  (99,94) ,(87,58) } )
Pocket 14 :
({  (14,45) ,(13,47) } {  (99,94) ,(86,57) } )
Pocket 15 :
({  (15,44) ,(14,45) } {  (99,94) ,(85,54) } )
Pocket 16 :
({  (16,42) ,(15,44) } {  (84,52) ,(83,52) } {  (16,42) ,(15,44) } {  (84,52) ,(83,52) } )
Pocket 17 :
({  (17,41) ,(16,42) } {  (99,94) ,(82,50) } )
Pocket 18 :
({  (18,39) ,(17,41) } {  (99,94) ,(81,43) } )
Pocket 19 :
({  (19,37) ,(18,39) } {  (99,94) ,(80,40) } )
Pocket 20 :
({  (20,37) ,(19,37) } {  (99,94) ,(79,39) } )
Pocket 21 :
({  (21,33) ,(20,37) } {  (99,94) ,(78,35) } )
Pocket 22 :
({  (22,31) ,(21,33) } {  (99,94) ,(77,33) } )
Pocket 23 :
({  (23,26) ,(22,31) } {  (25,24) ,(24,27) } {  (23,26) ,(22,31) } {  (25,24) ,(24,27) } )
Pocket 24 :
({  (25,24) ,(23,26) } {  (27,19) ,(26,25) } {  (25,24) ,(23,26) } {  (27,19) ,(26,25) } )
Pocket 25 :
({  (27,19) ,(25,24) } {  (99,94) ,(74,24) } )
Pocket 26 :
({  (28,18) ,(27,19) } {  (99,94) ,(73,21) } )
Pocket 27 :
({  (29,15) ,(28,18) } {  (32,14) ,(31,16) } {  (29,15) ,(28,18) } {  (32,14) ,(31,16) } )
Pocket 28 :
({  (30,15) ,(29,15) } {  (99,94) ,(71,16) } )
Pocket 29 :
({  (32,14) ,(71,16) } {  (34,11) ,(33,15) } {  (32,14) ,(71,16) } {  (34,11) ,(33,15) } )
Pocket 30 :
({  (34,11) ,(32,14) } {  (99,94) ,(69,11) } )
Pocket 31 :
({  (35,7) ,(34,11) } {  (37,9) ,(36,10) } {  (35,7) ,(34,11) } {  (37,9) ,(36,10) } )
Pocket 32 :
({  (37,9) ,(35,7) } {  (99,94) ,(67,6) } )
Pocket 33 :
({  (38,8) ,(37,9) } {  (99,94) ,(66,6) } )
Pocket 34 :
({  (39,6) ,(38,8) } {  (99,94) ,(65,4) } )
Pocket 35 :
({  (40,3) ,(39,6) } {  (52,1) ,(51,3) } {  (40,3) ,(39,6) } {  (52,1) ,(51,3) } )
Pocket 36 :
({  (41,-2) ,(40,3) } {  (43,-1) ,(42,-1) } {  (41,-2) ,(40,3) } {  (43,-1) ,(42,-1) } {  (41,-2) ,(40,3) } {  (43,-1) ,(42,-1) } {  (54,0) ,(53,2) } {  (54,0) ,(53,2) } )
Pocket 37 :
({  (43,-1) ,(41,-2) } {  (99,94) ,(49,1) } {  (43,-1) ,(41,-2) } {  (99,94) ,(49,1) } {  (99,94) ,(52,1) } {  (99,94) ,(52,1) } {  (62,1) ,(61,1) } {  (62,1) ,(61,1) } )
Pocket 38 :
({  (44,-2) ,(43,-1) } {  (99,94) ,(48,0) } {  (44,-2) ,(43,-1) } {  (99,94) ,(48,0) } {  (55,-1) ,(54,0) } {  (55,-1) ,(54,0) } )
Pocket 39 :
({  (45,-2) ,(44,-2) } {  (56,-1) ,(55,-1) } {  (56,-1) ,(55,-1) } {  (56,-1) ,(55,-1) } )
