4 layers in onion peeling: 
Layer 1
(9,5) (0,9) 
Layer 2
(8,3) (1,6) 
Layer 3
(7,0) (2,2) 
Layer 4
(6,-1) (3,1) 
---------------------------------------------------------------------------------------
TD 0 :
(9,5) (8,3) (7,0) (6,-1) (5,-1) (4,0) (3,1) (2,2) (1,6) (0,9) 
TD 1 :
(9,5) (0,9) (1,6) (2,2) (3,1) (4,0) (5,-1) (6,-1) (7,0) (8,3) 
TD 2 :
(9,5) (0,9) (8,3) (1,6) (2,2) (3,1) (4,0) (5,-1) (6,-1) (7,0) 
TD 3 :
(9,5) (0,9) (8,3) (1,6) (7,0) (2,2) (3,1) (4,0) (5,-1) (6,-1) 
TD 4 :
(9,5) (0,9) (8,3) (1,6) (7,0) (2,2) (6,-1) (3,1) (4,0) (5,-1) 
Pocket 0 :
()
Pocket 1 :
({  (0,9) ,(1,6) } {  (8,3) ,(9,5) } )
Pocket 2 :
({  (1,6) ,(0,9) } {  (9,5) ,(8,3) } )
Pocket 3 :
({  (2,2) ,(1,6) } {  (9,5) ,(7,0) } )
