36 layers in onion peeling: 
Layer 1
(99,82) (0,100) 
Layer 2
(98,78) (1,97) 
Layer 3
(97,74) (2,94) 
Layer 4
(96,69) (3,91) 
Layer 5
(95,65) (4,89) 
Layer 6
(94,63) (5,84) 
Layer 7
(93,60) (6,81) 
Layer 8
(92,58) (8,77) (7,76) 
Layer 9
(91,53) (9,74) 
Layer 10
(90,48) (10,70) 
Layer 11
(89,46) (11,64) 
Layer 12
(88,44) (12,61) 
Layer 13
(87,44) (13,58) 
Layer 14
(86,42) (14,57) 
Layer 15
(85,38) (15,52) 
Layer 16
(84,36) (16,49) 
Layer 17
(83,33) (17,46) 
Layer 18
(82,28) (19,44) (18,43) 
Layer 19
(81,27) (20,41) 
Layer 20
(80,26) (21,39) 
Layer 21
(79,22) (22,36) 
Layer 22
(78,19) (23,31) 
Layer 23
(77,12) (24,28) 
Layer 24
(76,11) (25,26) 
Layer 25
(75,11) (26,22) 
Layer 26
(74,7) (31,18) (27,19) 
Layer 27
(73,6) (30,18) (29,18) (28,18) 
Layer 28
(72,0) (32,15) 
Layer 29
(71,-1) (33,12) 
Layer 30
(70,-2) (50,6) (34,11) 
Layer 31
(69,-4) (49,5) (37,10) (36,10) (35,10) 
Layer 32
(68,-6) (67,-5) (63,-3) (51,3) (38,7) 
Layer 33
(66,-8) (65,-6) (62,-3) (60,-2) (48,3) (40,4) (39,4) 
Layer 34
(64,-7) (61,-3) (52,1) (42,2) (41,2) 
Layer 35
(59,-4) (56,-1) (44,1) (43,1) 
Layer 36
(58,-4) (57,-3) (55,-2) (47,0) (46,0) (45,0) 
---------------------------------------------------------------------------------------
TD 0 :
(99,82) (98,78) (97,74) (96,69) (95,65) (94,63) (93,60) (92,58) (91,53) (90,48) (89,46) (88,44) (87,44) (86,42) (85,38) (84,36) (83,33) (82,28) (81,27) (80,26) (79,22) (78,19) (77,12) (76,11) (75,11) (74,7) (73,6) (72,0) (71,-1) (70,-2) (69,-4) (68,-6) (67,-5) (66,-8) (65,-6) (64,-7) (63,-3) (62,-3) (61,-3) (60,-2) (59,-4) (58,-4) (57,-3) (56,-1) (55,-2) (54,-2) (53,-2) (52,1) (51,3) (50,6) (49,5) (48,3) (47,0) (46,0) (45,0) (44,1) (43,1) (42,2) (41,2) (40,4) (39,4) (38,7) (37,10) (36,10) (35,10) (34,11) (33,12) (32,15) (31,18) (30,18) (29,18) (28,18) (27,19) (26,22) (25,26) (24,28) (23,31) (22,36) (21,39) (20,41) (19,44) (18,43) (17,46) (16,49) (15,52) (14,57) (13,58) (12,61) (11,64) (10,70) (9,74) (8,77) (7,76) (6,81) (5,84) (4,89) (3,91) (2,94) (1,97) (0,100) 
TD 1 :
(99,82) (0,100) (1,97) (2,94) (3,91) (4,89) (5,84) (6,81) (7,76) (8,77) (9,74) (10,70) (11,64) (12,61) (13,58) (14,57) (15,52) (16,49) (17,46) (18,43) (19,44) (20,41) (21,39) (22,36) (23,31) (24,28) (25,26) (26,22) (27,19) (28,18) (29,18) (30,18) (31,18) (32,15) (33,12) (34,11) (35,10) (36,10) (37,10) (38,7) (39,4) (40,4) (41,2) (42,2) (43,1) (44,1) (45,0) (46,0) (47,0) (48,3) (49,5) (50,6) (51,3) (52,1) (53,-2) (54,-2) (55,-2) (56,-1) (57,-3) (58,-4) (59,-4) (60,-2) (61,-3) (62,-3) (63,-3) (64,-7) (65,-6) (66,-8) (67,-5) (68,-6) (69,-4) (70,-2) (71,-1) (72,0) (73,6) (74,7) (75,11) (76,11) (77,12) (78,19) (79,22) (80,26) (81,27) (82,28) (83,33) (84,36) (85,38) (86,42) (87,44) (88,44) (89,46) (90,48) (91,53) (92,58) (93,60) (94,63) (95,65) (96,69) (97,74) (98,78) 
TD 2 :
(99,82) (0,100) (98,78) (1,97) (2,94) (3,91) (4,89) (5,84) (6,81) (7,76) (8,77) (9,74) (10,70) (11,64) (12,61) (13,58) (14,57) (15,52) (16,49) (17,46) (18,43) (19,44) (20,41) (21,39) (22,36) (23,31) (24,28) (25,26) (26,22) (27,19) (28,18) (29,18) (30,18) (31,18) (32,15) (33,12) (34,11) (35,10) (36,10) (37,10) (38,7) (39,4) (40,4) (41,2) (42,2) (43,1) (44,1) (45,0) (46,0) (47,0) (48,3) (49,5) (50,6) (51,3) (52,1) (53,-2) (54,-2) (55,-2) (56,-1) (57,-3) (58,-4) (59,-4) (60,-2) (61,-3) (62,-3) (63,-3) (64,-7) (65,-6) (66,-8) (67,-5) (68,-6) (69,-4) (70,-2) (71,-1) (72,0) (73,6) (74,7) (75,11) (76,11) (77,12) (78,19) (79,22) (80,26) (81,27) (82,28) (83,33) (84,36) (85,38) (86,42) (87,44) (88,44) (89,46) (90,48) (91,53) (92,58) (93,60) (94,63) (95,65) (96,69) (97,74) 
TD 3 :
(99,82) (0,100) (98,78) (1,97) (97,74) (2,94) (3,91) (4,89) (5,84) (6,81) (7,76) (8,77) (9,74) (10,70) (11,64) (12,61) (13,58) (14,57) (15,52) (16,49) (17,46) (18,43) (19,44) (20,41) (21,39) (22,36) (23,31) (24,28) (25,26) (26,22) (27,19) (28,18) (29,18) (30,18) (31,18) (32,15) (33,12) (34,11) (35,10) (36,10) (37,10) (38,7) (39,4) (40,4) (41,2) (42,2) (43,1) (44,1) (45,0) (46,0) (47,0) (48,3) (49,5) (50,6) (51,3) (52,1) (53,-2) (54,-2) (55,-2) (56,-1) (57,-3) (58,-4) (59,-4) (60,-2) (61,-3) (62,-3) (63,-3) (64,-7) (65,-6) (66,-8) (67,-5) (68,-6) (69,-4) (70,-2) (71,-1) (72,0) (73,6) (74,7) (75,11) (76,11) (77,12) (78,19) (79,22) (80,26) (81,27) (82,28) (83,33) (84,36) (85,38) (86,42) (87,44) (88,44) (89,46) (90,48) (91,53) (92,58) (93,60) (94,63) (95,65) (96,69) 
TD 4 :
(99,82) (0,100) (98,78) (1,97) (97,74) (2,94) (96,69) (3,91) (4,89) (5,84) (6,81) (7,76) (8,77) (9,74) (10,70) (11,64) (12,61) (13,58) (14,57) (15,52) (16,49) (17,46) (18,43) (19,44) (20,41) (21,39) (22,36) (23,31) (24,28) (25,26) (26,22) (27,19) (28,18) (29,18) (30,18) (31,18) (32,15) (33,12) (34,11) (35,10) (36,10) (37,10) (38,7) (39,4) (40,4) (41,2) (42,2) (43,1) (44,1) (45,0) (46,0) (47,0) (48,3) (49,5) (50,6) (51,3) (52,1) (53,-2) (54,-2) (55,-2) (56,-1) (57,-3) (58,-4) (59,-4) (60,-2) (61,-3) (62,-3) (63,-3) (64,-7) (65,-6) (66,-8) (67,-5) (68,-6) (69,-4) (70,-2) (71,-1) (72,0) (73,6) (74,7) (75,11) (76,11) (77,12) (78,19) (79,22) (80,26) (81,27) (82,28) (83,33) (84,36) (85,38) (86,42) (87,44) (88,44) (89,46) (90,48) (91,53) (92,58) (93,60) (94,63) (95,65) 
TD 5 :
(99,82) (0,100) (98,78) (1,97) (97,74) (2,94) (96,69) (3,91) (95,65) (4,89) (5,84) (6,81) (7,76) (8,77) (9,74) (10,70) (11,64) (12,61) (13,58) (14,57) (15,52) (16,49) (17,46) (18,43) (19,44) (20,41) (21,39) (22,36) (23,31) (24,28) (25,26) (26,22) (27,19) (28,18) (29,18) (30,18) (31,18) (32,15) (33,12) (34,11) (35,10) (36,10) (37,10) (38,7) (39,4) (40,4) (41,2) (42,2) (43,1) (44,1) (45,0) (46,0) (47,0) (48,3) (49,5) (50,6) (51,3) (52,1) (53,-2) (54,-2) (55,-2) (56,-1) (57,-3) (58,-4) (59,-4) (60,-2) (61,-3) (62,-3) (63,-3) (64,-7) (65,-6) (66,-8) (67,-5) (68,-6) (69,-4) (70,-2) (71,-1) (72,0) (73,6) (74,7) (75,11) (76,11) (77,12) (78,19) (79,22) (80,26) (81,27) (82,28) (83,33) (84,36) (85,38) (86,42) (87,44) (88,44) (89,46) (90,48) (91,53) (92,58) (93,60) (94,63) 
TD 6 :
(99,82) (0,100) (98,78) (1,97) (97,74) (2,94) (96,69) (3,91) (95,65) (4,89) (94,63) (5,84) (6,81) (7,76) (8,77) (9,74) (10,70) (11,64) (12,61) (13,58) (14,57) (15,52) (16,49) (17,46) (18,43) (19,44) (20,41) (21,39) (22,36) (23,31) (24,28) (25,26) (26,22) (27,19) (28,18) (29,18) (30,18) (31,18) (32,15) (33,12) (34,11) (35,10) (36,10) (37,10) (38,7) (39,4) (40,4) (41,2) (42,2) (43,1) (44,1) (45,0) (46,0) (47,0) (48,3) (49,5) (50,6) (51,3) (52,1) (53,-2) (54,-2) (55,-2) (56,-1) (57,-3) (58,-4) (59,-4) (60,-2) (61,-3) (62,-3) (63,-3) (64,-7) (65,-6) (66,-8) (67,-5) (68,-6) (69,-4) (70,-2) (71,-1) (72,0) (73,6) (74,7) (75,11) (76,11) (77,12) (78,19) (79,22) (80,26) (81,27) (82,28) (83,33) (84,36) (85,38) (86,42) (87,44) (88,44) (89,46) (90,48) (91,53) (92,58) (93,60) 
TD 7 :
(99,82) (0,100) (98,78) (1,97) (97,74) (2,94) (96,69) (3,91) (95,65) (4,89) (94,63) (5,84) (93,60) (6,81) (7,76) (8,77) (9,74) (10,70) (11,64) (12,61) (13,58) (14,57) (15,52) (16,49) (17,46) (18,43) (19,44) (20,41) (21,39) (22,36) (23,31) (24,28) (25,26) (26,22) (27,19) (28,18) (29,18) (30,18) (31,18) (32,15) (33,12) (34,11) (35,10) (36,10) (37,10) (38,7) (39,4) (40,4) (41,2) (42,2) (43,1) (44,1) (45,0) (46,0) (47,0) (48,3) (49,5) (50,6) (51,3) (52,1) (53,-2) (54,-2) (55,-2) (56,-1) (57,-3) (58,-4) (59,-4) (60,-2) (61,-3) (62,-3) (63,-3) (64,-7) (65,-6) (66,-8) (67,-5) (68,-6) (69,-4) (70,-2) (71,-1) (72,0) (73,6) (74,7) (75,11) (76,11) (77,12) (78,19) (79,22) (80,26) (81,27) (82,28) (83,33) (84,36) (85,38) (86,42) (87,44) (88,44) (89,46) (90,48) (91,53) (92,58) 
TD 8 :
(99,82) (0,100) (98,78) (1,97) (97,74) (2,94) (96,69) (3,91) (95,65) (4,89) (94,63) (5,84) (93,60) (6,81) (92,58) (8,77) (7,76) 
(99,82) (0,100) (98,78) (1,97) (97,74) (2,94) (96,69) (3,91) (95,65) (4,89) (94,63) (5,84) (93,60) (6,81) (92,58) (8,77) (7,76) (9,74) (10,70) (11,64) (12,61) (13,58) (14,57) (15,52) (16,49) (17,46) (18,43) (19,44) (20,41) (21,39) (22,36) (23,31) (24,28) (25,26) (26,22) (27,19) (28,18) (29,18) (30,18) (31,18) (32,15) (33,12) (34,11) (35,10) (36,10) (37,10) (38,7) (39,4) (40,4) (41,2) (42,2) (43,1) (44,1) (45,0) (46,0) (47,0) (48,3) (49,5) (50,6) (51,3) (52,1) (53,-2) (54,-2) (55,-2) (56,-1) (57,-3) (58,-4) (59,-4) (60,-2) (61,-3) (62,-3) (63,-3) (64,-7) (65,-6) (66,-8) (67,-5) (68,-6) (69,-4) (70,-2) (71,-1) (72,0) (73,6) (74,7) (75,11) (76,11) (77,12) (78,19) (79,22) (80,26) (81,27) (82,28) (83,33) (84,36) (85,38) (86,42) (87,44) (88,44) (89,46) (90,48) (91,53) 
TD 9 :
(99,82) (0,100) (98,78) (1,97) (97,74) (2,94) (96,69) (3,91) (95,65) (4,89) (94,63) (5,84) (93,60) (6,81) (92,58) (8,77) (7,76) (91,53) (9,74) (10,70) (11,64) (12,61) (13,58) (14,57) (15,52) (16,49) (17,46) (18,43) (19,44) (20,41) (21,39) (22,36) (23,31) (24,28) (25,26) (26,22) (27,19) (28,18) (29,18) (30,18) (31,18) (32,15) (33,12) (34,11) (35,10) (36,10) (37,10) (38,7) (39,4) (40,4) (41,2) (42,2) (43,1) (44,1) (45,0) (46,0) (47,0) (48,3) (49,5) (50,6) (51,3) (52,1) (53,-2) (54,-2) (55,-2) (56,-1) (57,-3) (58,-4) (59,-4) (60,-2) (61,-3) (62,-3) (63,-3) (64,-7) (65,-6) (66,-8) (67,-5) (68,-6) (69,-4) (70,-2) (71,-1) (72,0) (73,6) (74,7) (75,11) (76,11) (77,12) (78,19) (79,22) (80,26) (81,27) (82,28) (83,33) (84,36) (85,38) (86,42) (87,44) (88,44) (89,46) (90,48) 
TD 10 :
(99,82) (0,100) (98,78) (1,97) (97,74) (2,94) (96,69) (3,91) (95,65) (4,89) (94,63) (5,84) (93,60) (6,81) (92,58) (8,77) (7,76) (91,53) (9,74) (90,48) (10,70) (11,64) (12,61) (13,58) (14,57) (15,52) (16,49) (17,46) (18,43) (19,44) (20,41) (21,39) (22,36) (23,31) (24,28) (25,26) (26,22) (27,19) (28,18) (29,18) (30,18) (31,18) (32,15) (33,12) (34,11) (35,10) (36,10) (37,10) (38,7) (39,4) (40,4) (41,2) (42,2) (43,1) (44,1) (45,0) (46,0) (47,0) (48,3) (49,5) (50,6) (51,3) (52,1) (53,-2) (54,-2) (55,-2) (56,-1) (57,-3) (58,-4) (59,-4) (60,-2) (61,-3) (62,-3) (63,-3) (64,-7) (65,-6) (66,-8) (67,-5) (68,-6) (69,-4) (70,-2) (71,-1) (72,0) (73,6) (74,7) (75,11) (76,11) (77,12) (78,19) (79,22) (80,26) (81,27) (82,28) (83,33) (84,36) (85,38) (86,42) (87,44) (88,44) (89,46) 
TD 11 :
(99,82) (0,100) (98,78) (1,97) (97,74) (2,94) (96,69) (3,91) (95,65) (4,89) (94,63) (5,84) (93,60) (6,81) (92,58) (8,77) (7,76) (91,53) (9,74) (90,48) (10,70) (89,46) (11,64) (12,61) (13,58) (14,57) (15,52) (16,49) (17,46) (18,43) (19,44) (20,41) (21,39) (22,36) (23,31) (24,28) (25,26) (26,22) (27,19) (28,18) (29,18) (30,18) (31,18) (32,15) (33,12) (34,11) (35,10) (36,10) (37,10) (38,7) (39,4) (40,4) (41,2) (42,2) (43,1) (44,1) (45,0) (46,0) (47,0) (48,3) (49,5) (50,6) (51,3) (52,1) (53,-2) (54,-2) (55,-2) (56,-1) (57,-3) (58,-4) (59,-4) (60,-2) (61,-3) (62,-3) (63,-3) (64,-7) (65,-6) (66,-8) (67,-5) (68,-6) (69,-4) (70,-2) (71,-1) (72,0) (73,6) (74,7) (75,11) (76,11) (77,12) (78,19) (79,22) (80,26) (81,27) (82,28) (83,33) (84,36) (85,38) (86,42) (87,44) (88,44) 
TD 12 :
(99,82) (0,100) (98,78) (1,97) (97,74) (2,94) (96,69) (3,91) (95,65) (4,89) (94,63) (5,84) (93,60) (6,81) (92,58) (8,77) (7,76) (91,53) (9,74) (90,48) (10,70) (89,46) (11,64) (88,44) (12,61) (13,58) (14,57) (15,52) (16,49) (17,46) (18,43) (19,44) (20,41) (21,39) (22,36) (23,31) (24,28) (25,26) (26,22) (27,19) (28,18) (29,18) (30,18) (31,18) (32,15) (33,12) (34,11) (35,10) (36,10) (37,10) (38,7) (39,4) (40,4) (41,2) (42,2) (43,1) (44,1) (45,0) (46,0) (47,0) (48,3) (49,5) (50,6) (51,3) (52,1) (53,-2) (54,-2) (55,-2) (56,-1) (57,-3) (58,-4) (59,-4) (60,-2) (61,-3) (62,-3) (63,-3) (64,-7) (65,-6) (66,-8) (67,-5) (68,-6) (69,-4) (70,-2) (71,-1) (72,0) (73,6) (74,7) (75,11) (76,11) (77,12) (78,19) (79,22) (80,26) (81,27) (82,28) (83,33) (84,36) (85,38) (86,42) (87,44) 
TD 13 :
(99,82) (0,100) (98,78) (1,97) (97,74) (2,94) (96,69) (3,91) (95,65) (4,89) (94,63) (5,84) (93,60) (6,81) (92,58) (8,77) (7,76) (91,53) (9,74) (90,48) (10,70) (89,46) (11,64) (88,44) (12,61) (87,44) (13,58) (14,57) (15,52) (16,49) (17,46) (18,43) (19,44) (20,41) (21,39) (22,36) (23,31) (24,28) (25,26) (26,22) (27,19) (28,18) (29,18) (30,18) (31,18) (32,15) (33,12) (34,11) (35,10) (36,10) (37,10) (38,7) (39,4) (40,4) (41,2) (42,2) (43,1) (44,1) (45,0) (46,0) (47,0) (48,3) (49,5) (50,6) (51,3) (52,1) (53,-2) (54,-2) (55,-2) (56,-1) (57,-3) (58,-4) (59,-4) (60,-2) (61,-3) (62,-3) (63,-3) (64,-7) (65,-6) (66,-8) (67,-5) (68,-6) (69,-4) (70,-2) (71,-1) (72,0) (73,6) (74,7) (75,11) (76,11) (77,12) (78,19) (79,22) (80,26) (81,27) (82,28) (83,33) (84,36) (85,38) (86,42) 
TD 14 :
(99,82) (0,100) (98,78) (1,97) (97,74) (2,94) (96,69) (3,91) (95,65) (4,89) (94,63) (5,84) (93,60) (6,81) (92,58) (8,77) (7,76) (91,53) (9,74) (90,48) (10,70) (89,46) (11,64) (88,44) (12,61) (87,44) (13,58) (86,42) (14,57) (15,52) (16,49) (17,46) (18,43) (19,44) (20,41) (21,39) (22,36) (23,31) (24,28) (25,26) (26,22) (27,19) (28,18) (29,18) (30,18) (31,18) (32,15) (33,12) (34,11) (35,10) (36,10) (37,10) (38,7) (39,4) (40,4) (41,2) (42,2) (43,1) (44,1) (45,0) (46,0) (47,0) (48,3) (49,5) (50,6) (51,3) (52,1) (53,-2) (54,-2) (55,-2) (56,-1) (57,-3) (58,-4) (59,-4) (60,-2) (61,-3) (62,-3) (63,-3) (64,-7) (65,-6) (66,-8) (67,-5) (68,-6) (69,-4) (70,-2) (71,-1) (72,0) (73,6) (74,7) (75,11) (76,11) (77,12) (78,19) (79,22) (80,26) (81,27) (82,28) (83,33) (84,36) (85,38) 
TD 15 :
(99,82) (0,100) (98,78) (1,97) (97,74) (2,94) (96,69) (3,91) (95,65) (4,89) (94,63) (5,84) (93,60) (6,81) (92,58) (8,77) (7,76) (91,53) (9,74) (90,48) (10,70) (89,46) (11,64) (88,44) (12,61) (87,44) (13,58) (86,42) (14,57) (85,38) (15,52) (16,49) (17,46) (18,43) (19,44) (20,41) (21,39) (22,36) (23,31) (24,28) (25,26) (26,22) (27,19) (28,18) (29,18) (30,18) (31,18) (32,15) (33,12) (34,11) (35,10) (36,10) (37,10) (38,7) (39,4) (40,4) (41,2) (42,2) (43,1) (44,1) (45,0) (46,0) (47,0) (48,3) (49,5) (50,6) (51,3) (52,1) (53,-2) (54,-2) (55,-2) (56,-1) (57,-3) (58,-4) (59,-4) (60,-2) (61,-3) (62,-3) (63,-3) (64,-7) (65,-6) (66,-8) (67,-5) (68,-6) (69,-4) (70,-2) (71,-1) (72,0) (73,6) (74,7) (75,11) (76,11) (77,12) (78,19) (79,22) (80,26) (81,27) (82,28) (83,33) (84,36) 
TD 16 :
(99,82) (0,100) (98,78) (1,97) (97,74) (2,94) (96,69) (3,91) (95,65) (4,89) (94,63) (5,84) (93,60) (6,81) (92,58) (8,77) (7,76) (91,53) (9,74) (90,48) (10,70) (89,46) (11,64) (88,44) (12,61) (87,44) (13,58) (86,42) (14,57) (85,38) (15,52) (84,36) (16,49) (17,46) (18,43) (19,44) (20,41) (21,39) (22,36) (23,31) (24,28) (25,26) (26,22) (27,19) (28,18) (29,18) (30,18) (31,18) (32,15) (33,12) (34,11) (35,10) (36,10) (37,10) (38,7) (39,4) (40,4) (41,2) (42,2) (43,1) (44,1) (45,0) (46,0) (47,0) (48,3) (49,5) (50,6) (51,3) (52,1) (53,-2) (54,-2) (55,-2) (56,-1) (57,-3) (58,-4) (59,-4) (60,-2) (61,-3) (62,-3) (63,-3) (64,-7) (65,-6) (66,-8) (67,-5) (68,-6) (69,-4) (70,-2) (71,-1) (72,0) (73,6) (74,7) (75,11) (76,11) (77,12) (78,19) (79,22) (80,26) (81,27) (82,28) (83,33) 
TD 17 :
(99,82) (0,100) (98,78) (1,97) (97,74) (2,94) (96,69) (3,91) (95,65) (4,89) (94,63) (5,84) (93,60) (6,81) (92,58) (8,77) (7,76) (91,53) (9,74) (90,48) (10,70) (89,46) (11,64) (88,44) (12,61) (87,44) (13,58) (86,42) (14,57) (85,38) (15,52) (84,36) (16,49) (83,33) (17,46) (18,43) (19,44) (20,41) (21,39) (22,36) (23,31) (24,28) (25,26) (26,22) (27,19) (28,18) (29,18) (30,18) (31,18) (32,15) (33,12) (34,11) (35,10) (36,10) (37,10) (38,7) (39,4) (40,4) (41,2) (42,2) (43,1) (44,1) (45,0) (46,0) (47,0) (48,3) (49,5) (50,6) (51,3) (52,1) (53,-2) (54,-2) (55,-2) (56,-1) (57,-3) (58,-4) (59,-4) (60,-2) (61,-3) (62,-3) (63,-3) (64,-7) (65,-6) (66,-8) (67,-5) (68,-6) (69,-4) (70,-2) (71,-1) (72,0) (73,6) (74,7) (75,11) (76,11) (77,12) (78,19) (79,22) (80,26) (81,27) (82,28) 
TD 18 :
(99,82) (0,100) (98,78) (1,97) (97,74) (2,94) (96,69) (3,91) (95,65) (4,89) (94,63) (5,84) (93,60) (6,81) (92,58) (8,77) (7,76) (91,53) (9,74) (90,48) (10,70) (89,46) (11,64) (88,44) (12,61) (87,44) (13,58) (86,42) (14,57) (85,38) (15,52) (84,36) (16,49) (83,33) (17,46) (82,28) (19,44) (18,43) 
(99,82) (0,100) (98,78) (1,97) (97,74) (2,94) (96,69) (3,91) (95,65) (4,89) (94,63) (5,84) (93,60) (6,81) (92,58) (8,77) (7,76) (91,53) (9,74) (90,48) (10,70) (89,46) (11,64) (88,44) (12,61) (87,44) (13,58) (86,42) (14,57) (85,38) (15,52) (84,36) (16,49) (83,33) (17,46) (82,28) (19,44) (18,43) (20,41) (21,39) (22,36) (23,31) (24,28) (25,26) (26,22) (27,19) (28,18) (29,18) (30,18) (31,18) (32,15) (33,12) (34,11) (35,10) (36,10) (37,10) (38,7) (39,4) (40,4) (41,2) (42,2) (43,1) (44,1) (45,0) (46,0) (47,0) (48,3) (49,5) (50,6) (51,3) (52,1) (53,-2) (54,-2) (55,-2) (56,-1) (57,-3) (58,-4) (59,-4) (60,-2) (61,-3) (62,-3) (63,-3) (64,-7) (65,-6) (66,-8) (67,-5) (68,-6) (69,-4) (70,-2) (71,-1) (72,0) (73,6) (74,7) (75,11) (76,11) (77,12) (78,19) (79,22) (80,26) (81,27) 
TD 19 :
(99,82) (0,100) (98,78) (1,97) (97,74) (2,94) (96,69) (3,91) (95,65) (4,89) (94,63) (5,84) (93,60) (6,81) (92,58) (8,77) (7,76) (91,53) (9,74) (90,48) (10,70) (89,46) (11,64) (88,44) (12,61) (87,44) (13,58) (86,42) (14,57) (85,38) (15,52) (84,36) (16,49) (83,33) (17,46) (82,28) (19,44) (18,43) (81,27) (20,41) (21,39) (22,36) (23,31) (24,28) (25,26) (26,22) (27,19) (28,18) (29,18) (30,18) (31,18) (32,15) (33,12) (34,11) (35,10) (36,10) (37,10) (38,7) (39,4) (40,4) (41,2) (42,2) (43,1) (44,1) (45,0) (46,0) (47,0) (48,3) (49,5) (50,6) (51,3) (52,1) (53,-2) (54,-2) (55,-2) (56,-1) (57,-3) (58,-4) (59,-4) (60,-2) (61,-3) (62,-3) (63,-3) (64,-7) (65,-6) (66,-8) (67,-5) (68,-6) (69,-4) (70,-2) (71,-1) (72,0) (73,6) (74,7) (75,11) (76,11) (77,12) (78,19) (79,22) (80,26) 
TD 20 :
(99,82) (0,100) (98,78) (1,97) (97,74) (2,94) (96,69) (3,91) (95,65) (4,89) (94,63) (5,84) (93,60) (6,81) (92,58) (8,77) (7,76) (91,53) (9,74) (90,48) (10,70) (89,46) (11,64) (88,44) (12,61) (87,44) (13,58) (86,42) (14,57) (85,38) (15,52) (84,36) (16,49) (83,33) (17,46) (82,28) (19,44) (18,43) (81,27) (20,41) (80,26) (21,39) (22,36) (23,31) (24,28) (25,26) (26,22) (27,19) (28,18) (29,18) (30,18) (31,18) (32,15) (33,12) (34,11) (35,10) (36,10) (37,10) (38,7) (39,4) (40,4) (41,2) (42,2) (43,1) (44,1) (45,0) (46,0) (47,0) (48,3) (49,5) (50,6) (51,3) (52,1) (53,-2) (54,-2) (55,-2) (56,-1) (57,-3) (58,-4) (59,-4) (60,-2) (61,-3) (62,-3) (63,-3) (64,-7) (65,-6) (66,-8) (67,-5) (68,-6) (69,-4) (70,-2) (71,-1) (72,0) (73,6) (74,7) (75,11) (76,11) (77,12) (78,19) (79,22) 
TD 21 :
(99,82) (0,100) (98,78) (1,97) (97,74) (2,94) (96,69) (3,91) (95,65) (4,89) (94,63) (5,84) (93,60) (6,81) (92,58) (8,77) (7,76) (91,53) (9,74) (90,48) (10,70) (89,46) (11,64) (88,44) (12,61) (87,44) (13,58) (86,42) (14,57) (85,38) (15,52) (84,36) (16,49) (83,33) (17,46) (82,28) (19,44) (18,43) (81,27) (20,41) (80,26) (21,39) (79,22) (22,36) (23,31) (24,28) (25,26) (26,22) (27,19) (28,18) (29,18) (30,18) (31,18) (32,15) (33,12) (34,11) (35,10) (36,10) (37,10) (38,7) (39,4) (40,4) (41,2) (42,2) (43,1) (44,1) (45,0) (46,0) (47,0) (48,3) (49,5) (50,6) (51,3) (52,1) (53,-2) (54,-2) (55,-2) (56,-1) (57,-3) (58,-4) (59,-4) (60,-2) (61,-3) (62,-3) (63,-3) (64,-7) (65,-6) (66,-8) (67,-5) (68,-6) (69,-4) (70,-2) (71,-1) (72,0) (73,6) (74,7) (75,11) (76,11) (77,12) (78,19) 
TD 22 :
(99,82) (0,100) (98,78) (1,97) (97,74) (2,94) (96,69) (3,91) (95,65) (4,89) (94,63) (5,84) (93,60) (6,81) (92,58) (8,77) (7,76) (91,53) (9,74) (90,48) (10,70) (89,46) (11,64) (88,44) (12,61) (87,44) (13,58) (86,42) (14,57) (85,38) (15,52) (84,36) (16,49) (83,33) (17,46) (82,28) (19,44) (18,43) (81,27) (20,41) (80,26) (21,39) (79,22) (22,36) (78,19) (23,31) (24,28) (25,26) (26,22) (27,19) (28,18) (29,18) (30,18) (31,18) (32,15) (33,12) (34,11) (35,10) (36,10) (37,10) (38,7) (39,4) (40,4) (41,2) (42,2) (43,1) (44,1) (45,0) (46,0) (47,0) (48,3) (49,5) (50,6) (51,3) (52,1) (53,-2) (54,-2) (55,-2) (56,-1) (57,-3) (58,-4) (59,-4) (60,-2) (61,-3) (62,-3) (63,-3) (64,-7) (65,-6) (66,-8) (67,-5) (68,-6) (69,-4) (70,-2) (71,-1) (72,0) (73,6) (74,7) (75,11) (76,11) (77,12) 
TD 23 :
(99,82) (0,100) (98,78) (1,97) (97,74) (2,94) (96,69) (3,91) (95,65) (4,89) (94,63) (5,84) (93,60) (6,81) (92,58) (8,77) (7,76) (91,53) (9,74) (90,48) (10,70) (89,46) (11,64) (88,44) (12,61) (87,44) (13,58) (86,42) (14,57) (85,38) (15,52) (84,36) (16,49) (83,33) (17,46) (82,28) (19,44) (18,43) (81,27) (20,41) (80,26) (21,39) (79,22) (22,36) (78,19) (23,31) (77,12) (24,28) (25,26) (26,22) (27,19) (28,18) (29,18) (30,18) (31,18) (32,15) (33,12) (34,11) (35,10) (36,10) (37,10) (38,7) (39,4) (40,4) (41,2) (42,2) (43,1) (44,1) (45,0) (46,0) (47,0) (48,3) (49,5) (50,6) (51,3) (52,1) (53,-2) (54,-2) (55,-2) (56,-1) (57,-3) (58,-4) (59,-4) (60,-2) (61,-3) (62,-3) (63,-3) (64,-7) (65,-6) (66,-8) (67,-5) (68,-6) (69,-4) (70,-2) (71,-1) (72,0) (73,6) (74,7) (75,11) (76,11) 
TD 24 :
(99,82) (0,100) (98,78) (1,97) (97,74) (2,94) (96,69) (3,91) (95,65) (4,89) (94,63) (5,84) (93,60) (6,81) (92,58) (8,77) (7,76) (91,53) (9,74) (90,48) (10,70) (89,46) (11,64) (88,44) (12,61) (87,44) (13,58) (86,42) (14,57) (85,38) (15,52) (84,36) (16,49) (83,33) (17,46) (82,28) (19,44) (18,43) (81,27) (20,41) (80,26) (21,39) (79,22) (22,36) (78,19) (23,31) (77,12) (24,28) (76,11) (25,26) (26,22) (27,19) (28,18) (29,18) (30,18) (31,18) (32,15) (33,12) (34,11) (35,10) (36,10) (37,10) (38,7) (39,4) (40,4) (41,2) (42,2) (43,1) (44,1) (45,0) (46,0) (47,0) (48,3) (49,5) (50,6) (51,3) (52,1) (53,-2) (54,-2) (55,-2) (56,-1) (57,-3) (58,-4) (59,-4) (60,-2) (61,-3) (62,-3) (63,-3) (64,-7) (65,-6) (66,-8) (67,-5) (68,-6) (69,-4) (70,-2) (71,-1) (72,0) (73,6) (74,7) (75,11) 
TD 25 :
(99,82) (0,100) (98,78) (1,97) (97,74) (2,94) (96,69) (3,91) (95,65) (4,89) (94,63) (5,84) (93,60) (6,81) (92,58) (8,77) (7,76) (91,53) (9,74) (90,48) (10,70) (89,46) (11,64) (88,44) (12,61) (87,44) (13,58) (86,42) (14,57) (85,38) (15,52) (84,36) (16,49) (83,33) (17,46) (82,28) (19,44) (18,43) (81,27) (20,41) (80,26) (21,39) (79,22) (22,36) (78,19) (23,31) (77,12) (24,28) (76,11) (25,26) (75,11) (26,22) (27,19) (28,18) (29,18) (30,18) (31,18) (32,15) (33,12) (34,11) (35,10) (36,10) (37,10) (38,7) (39,4) (40,4) (41,2) (42,2) (43,1) (44,1) (45,0) (46,0) (47,0) (48,3) (49,5) (50,6) (51,3) (52,1) (53,-2) (54,-2) (55,-2) (56,-1) (57,-3) (58,-4) (59,-4) (60,-2) (61,-3) (62,-3) (63,-3) (64,-7) (65,-6) (66,-8) (67,-5) (68,-6) (69,-4) (70,-2) (71,-1) (72,0) (73,6) (74,7) 
TD 26 :
(99,82) (0,100) (98,78) (1,97) (97,74) (2,94) (96,69) (3,91) (95,65) (4,89) (94,63) (5,84) (93,60) (6,81) (92,58) (8,77) (7,76) (91,53) (9,74) (90,48) (10,70) (89,46) (11,64) (88,44) (12,61) (87,44) (13,58) (86,42) (14,57) (85,38) (15,52) (84,36) (16,49) (83,33) (17,46) (82,28) (19,44) (18,43) (81,27) (20,41) (80,26) (21,39) (79,22) (22,36) (78,19) (23,31) (77,12) (24,28) (76,11) (25,26) (75,11) (26,22) (74,7) (31,18) (27,19) (28,18) (29,18) (30,18) 
(99,82) (0,100) (98,78) (1,97) (97,74) (2,94) (96,69) (3,91) (95,65) (4,89) (94,63) (5,84) (93,60) (6,81) (92,58) (8,77) (7,76) (91,53) (9,74) (90,48) (10,70) (89,46) (11,64) (88,44) (12,61) (87,44) (13,58) (86,42) (14,57) (85,38) (15,52) (84,36) (16,49) (83,33) (17,46) (82,28) (19,44) (18,43) (81,27) (20,41) (80,26) (21,39) (79,22) (22,36) (78,19) (23,31) (77,12) (24,28) (76,11) (25,26) (75,11) (26,22) (74,7) (31,18) (27,19) (32,15) (33,12) (34,11) (35,10) (36,10) (37,10) (38,7) (39,4) (40,4) (41,2) (42,2) (43,1) (44,1) (45,0) (46,0) (47,0) (48,3) (49,5) (50,6) (51,3) (52,1) (53,-2) (54,-2) (55,-2) (56,-1) (57,-3) (58,-4) (59,-4) (60,-2) (61,-3) (62,-3) (63,-3) (64,-7) (65,-6) (66,-8) (67,-5) (68,-6) (69,-4) (70,-2) (71,-1) (72,0) (73,6) 
TD 27 :
(99,82) (0,100) (98,78) (1,97) (97,74) (2,94) (96,69) (3,91) (95,65) (4,89) (94,63) (5,84) (93,60) (6,81) (92,58) (8,77) (7,76) (91,53) (9,74) (90,48) (10,70) (89,46) (11,64) (88,44) (12,61) (87,44) (13,58) (86,42) (14,57) (85,38) (15,52) (84,36) (16,49) (83,33) (17,46) (82,28) (19,44) (18,43) (81,27) (20,41) (80,26) (21,39) (79,22) (22,36) (78,19) (23,31) (77,12) (24,28) (76,11) (25,26) (75,11) (26,22) (74,7) (31,18) (27,19) (30,18) (29,18) (28,18) 
(99,82) (0,100) (98,78) (1,97) (97,74) (2,94) (96,69) (3,91) (95,65) (4,89) (94,63) (5,84) (93,60) (6,81) (92,58) (8,77) (7,76) (91,53) (9,74) (90,48) (10,70) (89,46) (11,64) (88,44) (12,61) (87,44) (13,58) (86,42) (14,57) (85,38) (15,52) (84,36) (16,49) (83,33) (17,46) (82,28) (19,44) (18,43) (81,27) (20,41) (80,26) (21,39) (79,22) (22,36) (78,19) (23,31) (77,12) (24,28) (76,11) (25,26) (75,11) (26,22) (74,7) (31,18) (27,19) (30,18) (29,18) (28,18) 
(99,82) (0,100) (98,78) (1,97) (97,74) (2,94) (96,69) (3,91) (95,65) (4,89) (94,63) (5,84) (93,60) (6,81) (92,58) (8,77) (7,76) (91,53) (9,74) (90,48) (10,70) (89,46) (11,64) (88,44) (12,61) (87,44) (13,58) (86,42) (14,57) (85,38) (15,52) (84,36) (16,49) (83,33) (17,46) (82,28) (19,44) (18,43) (81,27) (20,41) (80,26) (21,39) (79,22) (22,36) (78,19) (23,31) (77,12) (24,28) (76,11) (25,26) (75,11) (26,22) (74,7) (31,18) (27,19) (30,18) (29,18) (28,18) 
(99,82) (0,100) (98,78) (1,97) (97,74) (2,94) (96,69) (3,91) (95,65) (4,89) (94,63) (5,84) (93,60) (6,81) (92,58) (8,77) (7,76) (91,53) (9,74) (90,48) (10,70) (89,46) (11,64) (88,44) (12,61) (87,44) (13,58) (86,42) (14,57) (85,38) (15,52) (84,36) (16,49) (83,33) (17,46) (82,28) (19,44) (18,43) (81,27) (20,41) (80,26) (21,39) (79,22) (22,36) (78,19) (23,31) (77,12) (24,28) (76,11) (25,26) (75,11) (26,22) (74,7) (31,18) (27,19) (73,6) (32,15) (33,12) (34,11) (35,10) (36,10) (37,10) (38,7) (39,4) (40,4) (41,2) (42,2) (43,1) (44,1) (45,0) (46,0) (47,0) (48,3) (49,5) (50,6) (51,3) (52,1) (53,-2) (54,-2) (55,-2) (56,-1) (57,-3) (58,-4) (59,-4) (60,-2) (61,-3) (62,-3) (63,-3) (64,-7) (65,-6) (66,-8) (67,-5) (68,-6) (69,-4) (70,-2) (71,-1) (72,0) 
TD 28 :
(99,82) (0,100) (98,78) (1,97) (97,74) (2,94) (96,69) (3,91) (95,65) (4,89) (94,63) (5,84) (93,60) (6,81) (92,58) (8,77) (7,76) (91,53) (9,74) (90,48) (10,70) (89,46) (11,64) (88,44) (12,61) (87,44) (13,58) (86,42) (14,57) (85,38) (15,52) (84,36) (16,49) (83,33) (17,46) (82,28) (19,44) (18,43) (81,27) (20,41) (80,26) (21,39) (79,22) (22,36) (78,19) (23,31) (77,12) (24,28) (76,11) (25,26) (75,11) (26,22) (74,7) (31,18) (27,19) (73,6) (72,0) (32,15) (33,12) (34,11) (35,10) (36,10) (37,10) (38,7) (39,4) (40,4) (41,2) (42,2) (43,1) (44,1) (45,0) (46,0) (47,0) (48,3) (49,5) (50,6) (51,3) (52,1) (53,-2) (54,-2) (55,-2) (56,-1) (57,-3) (58,-4) (59,-4) (60,-2) (61,-3) (62,-3) (63,-3) (64,-7) (65,-6) (66,-8) (67,-5) (68,-6) (69,-4) (70,-2) (71,-1) 
TD 29 :
(99,82) (0,100) (98,78) (1,97) (97,74) (2,94) (96,69) (3,91) (95,65) (4,89) (94,63) (5,84) (93,60) (6,81) (92,58) (8,77) (7,76) (91,53) (9,74) (90,48) (10,70) (89,46) (11,64) (88,44) (12,61) (87,44) (13,58) (86,42) (14,57) (85,38) (15,52) (84,36) (16,49) (83,33) (17,46) (82,28) (19,44) (18,43) (81,27) (20,41) (80,26) (21,39) (79,22) (22,36) (78,19) (23,31) (77,12) (24,28) (76,11) (25,26) (75,11) (26,22) (74,7) (31,18) (27,19) (73,6) (72,0) (32,15) (71,-1) (33,12) (34,11) (35,10) (36,10) (37,10) (38,7) (39,4) (40,4) (41,2) (42,2) (43,1) (44,1) (45,0) (46,0) (47,0) (48,3) (49,5) (50,6) (51,3) (52,1) (53,-2) (54,-2) (55,-2) (56,-1) (57,-3) (58,-4) (59,-4) (60,-2) (61,-3) (62,-3) (63,-3) (64,-7) (65,-6) (66,-8) (67,-5) (68,-6) (69,-4) (70,-2) 
TD 30 :
(99,82) (0,100) (98,78) (1,97) (97,74) (2,94) (96,69) (3,91) (95,65) (4,89) (94,63) (5,84) (93,60) (6,81) (92,58) (8,77) (7,76) (91,53) (9,74) (90,48) (10,70) (89,46) (11,64) (88,44) (12,61) (87,44) (13,58) (86,42) (14,57) (85,38) (15,52) (84,36) (16,49) (83,33) (17,46) (82,28) (19,44) (18,43) (81,27) (20,41) (80,26) (21,39) (79,22) (22,36) (78,19) (23,31) (77,12) (24,28) (76,11) (25,26) (75,11) (26,22) (74,7) (31,18) (27,19) (73,6) (72,0) (32,15) (71,-1) (33,12) (70,-2) (50,6) (34,11) (35,10) (36,10) (37,10) (38,7) (39,4) (40,4) (41,2) (42,2) (43,1) (44,1) (45,0) (46,0) (47,0) (48,3) (49,5) 
(99,82) (0,100) (98,78) (1,97) (97,74) (2,94) (96,69) (3,91) (95,65) (4,89) (94,63) (5,84) (93,60) (6,81) (92,58) (8,77) (7,76) (91,53) (9,74) (90,48) (10,70) (89,46) (11,64) (88,44) (12,61) (87,44) (13,58) (86,42) (14,57) (85,38) (15,52) (84,36) (16,49) (83,33) (17,46) (82,28) (19,44) (18,43) (81,27) (20,41) (80,26) (21,39) (79,22) (22,36) (78,19) (23,31) (77,12) (24,28) (76,11) (25,26) (75,11) (26,22) (74,7) (31,18) (27,19) (73,6) (72,0) (32,15) (71,-1) (33,12) (70,-2) (50,6) (34,11) (51,3) (52,1) (53,-2) (54,-2) (55,-2) (56,-1) (57,-3) (58,-4) (59,-4) (60,-2) (61,-3) (62,-3) (63,-3) (64,-7) (65,-6) (66,-8) (67,-5) (68,-6) (69,-4) 
TD 31 :
(99,82) (0,100) (98,78) (1,97) (97,74) (2,94) (96,69) (3,91) (95,65) (4,89) (94,63) (5,84) (93,60) (6,81) (92,58) (8,77) (7,76) (91,53) (9,74) (90,48) (10,70) (89,46) (11,64) (88,44) (12,61) (87,44) (13,58) (86,42) (14,57) (85,38) (15,52) (84,36) (16,49) (83,33) (17,46) (82,28) (19,44) (18,43) (81,27) (20,41) (80,26) (21,39) (79,22) (22,36) (78,19) (23,31) (77,12) (24,28) (76,11) (25,26) (75,11) (26,22) (74,7) (31,18) (27,19) (73,6) (72,0) (32,15) (71,-1) (33,12) (70,-2) (50,6) (34,11) (49,5) (37,10) (36,10) (35,10) 
(99,82) (0,100) (98,78) (1,97) (97,74) (2,94) (96,69) (3,91) (95,65) (4,89) (94,63) (5,84) (93,60) (6,81) (92,58) (8,77) (7,76) (91,53) (9,74) (90,48) (10,70) (89,46) (11,64) (88,44) (12,61) (87,44) (13,58) (86,42) (14,57) (85,38) (15,52) (84,36) (16,49) (83,33) (17,46) (82,28) (19,44) (18,43) (81,27) (20,41) (80,26) (21,39) (79,22) (22,36) (78,19) (23,31) (77,12) (24,28) (76,11) (25,26) (75,11) (26,22) (74,7) (31,18) (27,19) (73,6) (72,0) (32,15) (71,-1) (33,12) (70,-2) (50,6) (34,11) (49,5) (37,10) (36,10) (35,10) 
(99,82) (0,100) (98,78) (1,97) (97,74) (2,94) (96,69) (3,91) (95,65) (4,89) (94,63) (5,84) (93,60) (6,81) (92,58) (8,77) (7,76) (91,53) (9,74) (90,48) (10,70) (89,46) (11,64) (88,44) (12,61) (87,44) (13,58) (86,42) (14,57) (85,38) (15,52) (84,36) (16,49) (83,33) (17,46) (82,28) (19,44) (18,43) (81,27) (20,41) (80,26) (21,39) (79,22) (22,36) (78,19) (23,31) (77,12) (24,28) (76,11) (25,26) (75,11) (26,22) (74,7) (31,18) (27,19) (73,6) (72,0) (32,15) (71,-1) (33,12) (70,-2) (50,6) (34,11) (49,5) (37,10) (36,10) (35,10) (38,7) (39,4) (40,4) (41,2) (42,2) (43,1) (44,1) (45,0) (46,0) (47,0) (48,3) 
(99,82) (0,100) (98,78) (1,97) (97,74) (2,94) (96,69) (3,91) (95,65) (4,89) (94,63) (5,84) (93,60) (6,81) (92,58) (8,77) (7,76) (91,53) (9,74) (90,48) (10,70) (89,46) (11,64) (88,44) (12,61) (87,44) (13,58) (86,42) (14,57) (85,38) (15,52) (84,36) (16,49) (83,33) (17,46) (82,28) (19,44) (18,43) (81,27) (20,41) (80,26) (21,39) (79,22) (22,36) (78,19) (23,31) (77,12) (24,28) (76,11) (25,26) (75,11) (26,22) (74,7) (31,18) (27,19) (73,6) (72,0) (32,15) (71,-1) (33,12) (70,-2) (50,6) (34,11) (49,5) (37,10) (36,10) (35,10) 
(99,82) (0,100) (98,78) (1,97) (97,74) (2,94) (96,69) (3,91) (95,65) (4,89) (94,63) (5,84) (93,60) (6,81) (92,58) (8,77) (7,76) (91,53) (9,74) (90,48) (10,70) (89,46) (11,64) (88,44) (12,61) (87,44) (13,58) (86,42) (14,57) (85,38) (15,52) (84,36) (16,49) (83,33) (17,46) (82,28) (19,44) (18,43) (81,27) (20,41) (80,26) (21,39) (79,22) (22,36) (78,19) (23,31) (77,12) (24,28) (76,11) (25,26) (75,11) (26,22) (74,7) (31,18) (27,19) (73,6) (72,0) (32,15) (71,-1) (33,12) (70,-2) (50,6) (34,11) (69,-4) (51,3) (52,1) (53,-2) (54,-2) (55,-2) (56,-1) (57,-3) (58,-4) (59,-4) (60,-2) (61,-3) (62,-3) (63,-3) (64,-7) (65,-6) (66,-8) (67,-5) (68,-6) 
TD 32 :
(99,82) (0,100) (98,78) (1,97) (97,74) (2,94) (96,69) (3,91) (95,65) (4,89) (94,63) (5,84) (93,60) (6,81) (92,58) (8,77) (7,76) (91,53) (9,74) (90,48) (10,70) (89,46) (11,64) (88,44) (12,61) (87,44) (13,58) (86,42) (14,57) (85,38) (15,52) (84,36) (16,49) (83,33) (17,46) (82,28) (19,44) (18,43) (81,27) (20,41) (80,26) (21,39) (79,22) (22,36) (78,19) (23,31) (77,12) (24,28) (76,11) (25,26) (75,11) (26,22) (74,7) (31,18) (27,19) (73,6) (72,0) (32,15) (71,-1) (33,12) (70,-2) (50,6) (34,11) (49,5) (37,10) (36,10) (35,10) (38,7) (39,4) (40,4) (41,2) (42,2) (43,1) (44,1) (45,0) (46,0) (47,0) (48,3) 
(99,82) (0,100) (98,78) (1,97) (97,74) (2,94) (96,69) (3,91) (95,65) (4,89) (94,63) (5,84) (93,60) (6,81) (92,58) (8,77) (7,76) (91,53) (9,74) (90,48) (10,70) (89,46) (11,64) (88,44) (12,61) (87,44) (13,58) (86,42) (14,57) (85,38) (15,52) (84,36) (16,49) (83,33) (17,46) (82,28) (19,44) (18,43) (81,27) (20,41) (80,26) (21,39) (79,22) (22,36) (78,19) (23,31) (77,12) (24,28) (76,11) (25,26) (75,11) (26,22) (74,7) (31,18) (27,19) (73,6) (72,0) (32,15) (71,-1) (33,12) (70,-2) (50,6) (34,11) (69,-4) (68,-6) (67,-5) (63,-3) (51,3) 
(99,82) (0,100) (98,78) (1,97) (97,74) (2,94) (96,69) (3,91) (95,65) (4,89) (94,63) (5,84) (93,60) (6,81) (92,58) (8,77) (7,76) (91,53) (9,74) (90,48) (10,70) (89,46) (11,64) (88,44) (12,61) (87,44) (13,58) (86,42) (14,57) (85,38) (15,52) (84,36) (16,49) (83,33) (17,46) (82,28) (19,44) (18,43) (81,27) (20,41) (80,26) (21,39) (79,22) (22,36) (78,19) (23,31) (77,12) (24,28) (76,11) (25,26) (75,11) (26,22) (74,7) (31,18) (27,19) (73,6) (72,0) (32,15) (71,-1) (33,12) (70,-2) (50,6) (34,11) (69,-4) (68,-6) (67,-5) (63,-3) (51,3) (52,1) (53,-2) (54,-2) (55,-2) (56,-1) (57,-3) (58,-4) (59,-4) (60,-2) (61,-3) (62,-3) 
(99,82) (0,100) (98,78) (1,97) (97,74) (2,94) (96,69) (3,91) (95,65) (4,89) (94,63) (5,84) (93,60) (6,81) (92,58) (8,77) (7,76) (91,53) (9,74) (90,48) (10,70) (89,46) (11,64) (88,44) (12,61) (87,44) (13,58) (86,42) (14,57) (85,38) (15,52) (84,36) (16,49) (83,33) (17,46) (82,28) (19,44) (18,43) (81,27) (20,41) (80,26) (21,39) (79,22) (22,36) (78,19) (23,31) (77,12) (24,28) (76,11) (25,26) (75,11) (26,22) (74,7) (31,18) (27,19) (73,6) (72,0) (32,15) (71,-1) (33,12) (70,-2) (50,6) (34,11) (69,-4) (68,-6) (67,-5) (63,-3) (51,3) (64,-7) (65,-6) (66,-8) 
(99,82) (0,100) (98,78) (1,97) (97,74) (2,94) (96,69) (3,91) (95,65) (4,89) (94,63) (5,84) (93,60) (6,81) (92,58) (8,77) (7,76) (91,53) (9,74) (90,48) (10,70) (89,46) (11,64) (88,44) (12,61) (87,44) (13,58) (86,42) (14,57) (85,38) (15,52) (84,36) (16,49) (83,33) (17,46) (82,28) (19,44) (18,43) (81,27) (20,41) (80,26) (21,39) (79,22) (22,36) (78,19) (23,31) (77,12) (24,28) (76,11) (25,26) (75,11) (26,22) (74,7) (31,18) (27,19) (73,6) (72,0) (32,15) (71,-1) (33,12) (70,-2) (50,6) (34,11) (69,-4) (68,-6) (67,-5) (63,-3) (51,3) 
TD 33 :
(99,82) (0,100) (98,78) (1,97) (97,74) (2,94) (96,69) (3,91) (95,65) (4,89) (94,63) (5,84) (93,60) (6,81) (92,58) (8,77) (7,76) (91,53) (9,74) (90,48) (10,70) (89,46) (11,64) (88,44) (12,61) (87,44) (13,58) (86,42) (14,57) (85,38) (15,52) (84,36) (16,49) (83,33) (17,46) (82,28) (19,44) (18,43) (81,27) (20,41) (80,26) (21,39) (79,22) (22,36) (78,19) (23,31) (77,12) (24,28) (76,11) (25,26) (75,11) (26,22) (74,7) (31,18) (27,19) (73,6) (72,0) (32,15) (71,-1) (33,12) (70,-2) (50,6) (34,11) (49,5) (37,10) (36,10) (35,10) (38,7) (48,3) (40,4) (39,4) 
(99,82) (0,100) (98,78) (1,97) (97,74) (2,94) (96,69) (3,91) (95,65) (4,89) (94,63) (5,84) (93,60) (6,81) (92,58) (8,77) (7,76) (91,53) (9,74) (90,48) (10,70) (89,46) (11,64) (88,44) (12,61) (87,44) (13,58) (86,42) (14,57) (85,38) (15,52) (84,36) (16,49) (83,33) (17,46) (82,28) (19,44) (18,43) (81,27) (20,41) (80,26) (21,39) (79,22) (22,36) (78,19) (23,31) (77,12) (24,28) (76,11) (25,26) (75,11) (26,22) (74,7) (31,18) (27,19) (73,6) (72,0) (32,15) (71,-1) (33,12) (70,-2) (50,6) (34,11) (49,5) (37,10) (36,10) (35,10) (38,7) (48,3) (40,4) (39,4) (41,2) (42,2) (43,1) (44,1) (45,0) (46,0) (47,0) 
(99,82) (0,100) (98,78) (1,97) (97,74) (2,94) (96,69) (3,91) (95,65) (4,89) (94,63) (5,84) (93,60) (6,81) (92,58) (8,77) (7,76) (91,53) (9,74) (90,48) (10,70) (89,46) (11,64) (88,44) (12,61) (87,44) (13,58) (86,42) (14,57) (85,38) (15,52) (84,36) (16,49) (83,33) (17,46) (82,28) (19,44) (18,43) (81,27) (20,41) (80,26) (21,39) (79,22) (22,36) (78,19) (23,31) (77,12) (24,28) (76,11) (25,26) (75,11) (26,22) (74,7) (31,18) (27,19) (73,6) (72,0) (32,15) (71,-1) (33,12) (70,-2) (50,6) (34,11) (49,5) (37,10) (36,10) (35,10) (38,7) (48,3) (40,4) (39,4) 
(99,82) (0,100) (98,78) (1,97) (97,74) (2,94) (96,69) (3,91) (95,65) (4,89) (94,63) (5,84) (93,60) (6,81) (92,58) (8,77) (7,76) (91,53) (9,74) (90,48) (10,70) (89,46) (11,64) (88,44) (12,61) (87,44) (13,58) (86,42) (14,57) (85,38) (15,52) (84,36) (16,49) (83,33) (17,46) (82,28) (19,44) (18,43) (81,27) (20,41) (80,26) (21,39) (79,22) (22,36) (78,19) (23,31) (77,12) (24,28) (76,11) (25,26) (75,11) (26,22) (74,7) (31,18) (27,19) (73,6) (72,0) (32,15) (71,-1) (33,12) (70,-2) (50,6) (34,11) (69,-4) (68,-6) (67,-5) (63,-3) (51,3) (62,-3) (60,-2) (52,1) (53,-2) (54,-2) (55,-2) (56,-1) (57,-3) (58,-4) (59,-4) 
(99,82) (0,100) (98,78) (1,97) (97,74) (2,94) (96,69) (3,91) (95,65) (4,89) (94,63) (5,84) (93,60) (6,81) (92,58) (8,77) (7,76) (91,53) (9,74) (90,48) (10,70) (89,46) (11,64) (88,44) (12,61) (87,44) (13,58) (86,42) (14,57) (85,38) (15,52) (84,36) (16,49) (83,33) (17,46) (82,28) (19,44) (18,43) (81,27) (20,41) (80,26) (21,39) (79,22) (22,36) (78,19) (23,31) (77,12) (24,28) (76,11) (25,26) (75,11) (26,22) (74,7) (31,18) (27,19) (73,6) (72,0) (32,15) (71,-1) (33,12) (70,-2) (50,6) (34,11) (69,-4) (68,-6) (67,-5) (63,-3) (51,3) (62,-3) (60,-2) (61,-3) 
(99,82) (0,100) (98,78) (1,97) (97,74) (2,94) (96,69) (3,91) (95,65) (4,89) (94,63) (5,84) (93,60) (6,81) (92,58) (8,77) (7,76) (91,53) (9,74) (90,48) (10,70) (89,46) (11,64) (88,44) (12,61) (87,44) (13,58) (86,42) (14,57) (85,38) (15,52) (84,36) (16,49) (83,33) (17,46) (82,28) (19,44) (18,43) (81,27) (20,41) (80,26) (21,39) (79,22) (22,36) (78,19) (23,31) (77,12) (24,28) (76,11) (25,26) (75,11) (26,22) (74,7) (31,18) (27,19) (73,6) (72,0) (32,15) (71,-1) (33,12) (70,-2) (50,6) (34,11) (69,-4) (68,-6) (67,-5) (63,-3) (51,3) (62,-3) (60,-2) 
(99,82) (0,100) (98,78) (1,97) (97,74) (2,94) (96,69) (3,91) (95,65) (4,89) (94,63) (5,84) (93,60) (6,81) (92,58) (8,77) (7,76) (91,53) (9,74) (90,48) (10,70) (89,46) (11,64) (88,44) (12,61) (87,44) (13,58) (86,42) (14,57) (85,38) (15,52) (84,36) (16,49) (83,33) (17,46) (82,28) (19,44) (18,43) (81,27) (20,41) (80,26) (21,39) (79,22) (22,36) (78,19) (23,31) (77,12) (24,28) (76,11) (25,26) (75,11) (26,22) (74,7) (31,18) (27,19) (73,6) (72,0) (32,15) (71,-1) (33,12) (70,-2) (50,6) (34,11) (69,-4) (68,-6) (67,-5) (63,-3) (51,3) (66,-8) (65,-6) (64,-7) 
(99,82) (0,100) (98,78) (1,97) (97,74) (2,94) (96,69) (3,91) (95,65) (4,89) (94,63) (5,84) (93,60) (6,81) (92,58) (8,77) (7,76) (91,53) (9,74) (90,48) (10,70) (89,46) (11,64) (88,44) (12,61) (87,44) (13,58) (86,42) (14,57) (85,38) (15,52) (84,36) (16,49) (83,33) (17,46) (82,28) (19,44) (18,43) (81,27) (20,41) (80,26) (21,39) (79,22) (22,36) (78,19) (23,31) (77,12) (24,28) (76,11) (25,26) (75,11) (26,22) (74,7) (31,18) (27,19) (73,6) (72,0) (32,15) (71,-1) (33,12) (70,-2) (50,6) (34,11) (69,-4) (68,-6) (67,-5) (63,-3) (51,3) (66,-8) (65,-6) 
TD 34 :
(99,82) (0,100) (98,78) (1,97) (97,74) (2,94) (96,69) (3,91) (95,65) (4,89) (94,63) (5,84) (93,60) (6,81) (92,58) (8,77) (7,76) (91,53) (9,74) (90,48) (10,70) (89,46) (11,64) (88,44) (12,61) (87,44) (13,58) (86,42) (14,57) (85,38) (15,52) (84,36) (16,49) (83,33) (17,46) (82,28) (19,44) (18,43) (81,27) (20,41) (80,26) (21,39) (79,22) (22,36) (78,19) (23,31) (77,12) (24,28) (76,11) (25,26) (75,11) (26,22) (74,7) (31,18) (27,19) (73,6) (72,0) (32,15) (71,-1) (33,12) (70,-2) (50,6) (34,11) (49,5) (37,10) (36,10) (35,10) (38,7) (48,3) (40,4) (39,4) (42,2) (41,2) 
(99,82) (0,100) (98,78) (1,97) (97,74) (2,94) (96,69) (3,91) (95,65) (4,89) (94,63) (5,84) (93,60) (6,81) (92,58) (8,77) (7,76) (91,53) (9,74) (90,48) (10,70) (89,46) (11,64) (88,44) (12,61) (87,44) (13,58) (86,42) (14,57) (85,38) (15,52) (84,36) (16,49) (83,33) (17,46) (82,28) (19,44) (18,43) (81,27) (20,41) (80,26) (21,39) (79,22) (22,36) (78,19) (23,31) (77,12) (24,28) (76,11) (25,26) (75,11) (26,22) (74,7) (31,18) (27,19) (73,6) (72,0) (32,15) (71,-1) (33,12) (70,-2) (50,6) (34,11) (49,5) (37,10) (36,10) (35,10) (38,7) (48,3) (40,4) (39,4) (42,2) (41,2) (43,1) (44,1) (45,0) (46,0) (47,0) 
(99,82) (0,100) (98,78) (1,97) (97,74) (2,94) (96,69) (3,91) (95,65) (4,89) (94,63) (5,84) (93,60) (6,81) (92,58) (8,77) (7,76) (91,53) (9,74) (90,48) (10,70) (89,46) (11,64) (88,44) (12,61) (87,44) (13,58) (86,42) (14,57) (85,38) (15,52) (84,36) (16,49) (83,33) (17,46) (82,28) (19,44) (18,43) (81,27) (20,41) (80,26) (21,39) (79,22) (22,36) (78,19) (23,31) (77,12) (24,28) (76,11) (25,26) (75,11) (26,22) (74,7) (31,18) (27,19) (73,6) (72,0) (32,15) (71,-1) (33,12) (70,-2) (50,6) (34,11) (69,-4) (68,-6) (67,-5) (63,-3) (51,3) (62,-3) (60,-2) (52,1) 
(99,82) (0,100) (98,78) (1,97) (97,74) (2,94) (96,69) (3,91) (95,65) (4,89) (94,63) (5,84) (93,60) (6,81) (92,58) (8,77) (7,76) (91,53) (9,74) (90,48) (10,70) (89,46) (11,64) (88,44) (12,61) (87,44) (13,58) (86,42) (14,57) (85,38) (15,52) (84,36) (16,49) (83,33) (17,46) (82,28) (19,44) (18,43) (81,27) (20,41) (80,26) (21,39) (79,22) (22,36) (78,19) (23,31) (77,12) (24,28) (76,11) (25,26) (75,11) (26,22) (74,7) (31,18) (27,19) (73,6) (72,0) (32,15) (71,-1) (33,12) (70,-2) (50,6) (34,11) (69,-4) (68,-6) (67,-5) (63,-3) (51,3) (62,-3) (60,-2) (52,1) (53,-2) (54,-2) (55,-2) (56,-1) (57,-3) (58,-4) (59,-4) 
(99,82) (0,100) (98,78) (1,97) (97,74) (2,94) (96,69) (3,91) (95,65) (4,89) (94,63) (5,84) (93,60) (6,81) (92,58) (8,77) (7,76) (91,53) (9,74) (90,48) (10,70) (89,46) (11,64) (88,44) (12,61) (87,44) (13,58) (86,42) (14,57) (85,38) (15,52) (84,36) (16,49) (83,33) (17,46) (82,28) (19,44) (18,43) (81,27) (20,41) (80,26) (21,39) (79,22) (22,36) (78,19) (23,31) (77,12) (24,28) (76,11) (25,26) (75,11) (26,22) (74,7) (31,18) (27,19) (73,6) (72,0) (32,15) (71,-1) (33,12) (70,-2) (50,6) (34,11) (69,-4) (68,-6) (67,-5) (63,-3) (51,3) (62,-3) (60,-2) (61,-3) 
(99,82) (0,100) (98,78) (1,97) (97,74) (2,94) (96,69) (3,91) (95,65) (4,89) (94,63) (5,84) (93,60) (6,81) (92,58) (8,77) (7,76) (91,53) (9,74) (90,48) (10,70) (89,46) (11,64) (88,44) (12,61) (87,44) (13,58) (86,42) (14,57) (85,38) (15,52) (84,36) (16,49) (83,33) (17,46) (82,28) (19,44) (18,43) (81,27) (20,41) (80,26) (21,39) (79,22) (22,36) (78,19) (23,31) (77,12) (24,28) (76,11) (25,26) (75,11) (26,22) (74,7) (31,18) (27,19) (73,6) (72,0) (32,15) (71,-1) (33,12) (70,-2) (50,6) (34,11) (69,-4) (68,-6) (67,-5) (63,-3) (51,3) (62,-3) (60,-2) (61,-3) 
(99,82) (0,100) (98,78) (1,97) (97,74) (2,94) (96,69) (3,91) (95,65) (4,89) (94,63) (5,84) (93,60) (6,81) (92,58) (8,77) (7,76) (91,53) (9,74) (90,48) (10,70) (89,46) (11,64) (88,44) (12,61) (87,44) (13,58) (86,42) (14,57) (85,38) (15,52) (84,36) (16,49) (83,33) (17,46) (82,28) (19,44) (18,43) (81,27) (20,41) (80,26) (21,39) (79,22) (22,36) (78,19) (23,31) (77,12) (24,28) (76,11) (25,26) (75,11) (26,22) (74,7) (31,18) (27,19) (73,6) (72,0) (32,15) (71,-1) (33,12) (70,-2) (50,6) (34,11) (69,-4) (68,-6) (67,-5) (63,-3) (51,3) (66,-8) (65,-6) (64,-7) 
TD 35 :
(99,82) (0,100) (98,78) (1,97) (97,74) (2,94) (96,69) (3,91) (95,65) (4,89) (94,63) (5,84) (93,60) (6,81) (92,58) (8,77) (7,76) (91,53) (9,74) (90,48) (10,70) (89,46) (11,64) (88,44) (12,61) (87,44) (13,58) (86,42) (14,57) (85,38) (15,52) (84,36) (16,49) (83,33) (17,46) (82,28) (19,44) (18,43) (81,27) (20,41) (80,26) (21,39) (79,22) (22,36) (78,19) (23,31) (77,12) (24,28) (76,11) (25,26) (75,11) (26,22) (74,7) (31,18) (27,19) (73,6) (72,0) (32,15) (71,-1) (33,12) (70,-2) (50,6) (34,11) (49,5) (37,10) (36,10) (35,10) (38,7) (48,3) (40,4) (39,4) (42,2) (41,2) (44,1) (43,1) 
(99,82) (0,100) (98,78) (1,97) (97,74) (2,94) (96,69) (3,91) (95,65) (4,89) (94,63) (5,84) (93,60) (6,81) (92,58) (8,77) (7,76) (91,53) (9,74) (90,48) (10,70) (89,46) (11,64) (88,44) (12,61) (87,44) (13,58) (86,42) (14,57) (85,38) (15,52) (84,36) (16,49) (83,33) (17,46) (82,28) (19,44) (18,43) (81,27) (20,41) (80,26) (21,39) (79,22) (22,36) (78,19) (23,31) (77,12) (24,28) (76,11) (25,26) (75,11) (26,22) (74,7) (31,18) (27,19) (73,6) (72,0) (32,15) (71,-1) (33,12) (70,-2) (50,6) (34,11) (49,5) (37,10) (36,10) (35,10) (38,7) (48,3) (40,4) (39,4) (42,2) (41,2) (44,1) (43,1) (45,0) (46,0) (47,0) 
(99,82) (0,100) (98,78) (1,97) (97,74) (2,94) (96,69) (3,91) (95,65) (4,89) (94,63) (5,84) (93,60) (6,81) (92,58) (8,77) (7,76) (91,53) (9,74) (90,48) (10,70) (89,46) (11,64) (88,44) (12,61) (87,44) (13,58) (86,42) (14,57) (85,38) (15,52) (84,36) (16,49) (83,33) (17,46) (82,28) (19,44) (18,43) (81,27) (20,41) (80,26) (21,39) (79,22) (22,36) (78,19) (23,31) (77,12) (24,28) (76,11) (25,26) (75,11) (26,22) (74,7) (31,18) (27,19) (73,6) (72,0) (32,15) (71,-1) (33,12) (70,-2) (50,6) (34,11) (69,-4) (68,-6) (67,-5) (63,-3) (51,3) (62,-3) (60,-2) (52,1) (59,-4) (56,-1) (53,-2) (54,-2) (55,-2) 
(99,82) (0,100) (98,78) (1,97) (97,74) (2,94) (96,69) (3,91) (95,65) (4,89) (94,63) (5,84) (93,60) (6,81) (92,58) (8,77) (7,76) (91,53) (9,74) (90,48) (10,70) (89,46) (11,64) (88,44) (12,61) (87,44) (13,58) (86,42) (14,57) (85,38) (15,52) (84,36) (16,49) (83,33) (17,46) (82,28) (19,44) (18,43) (81,27) (20,41) (80,26) (21,39) (79,22) (22,36) (78,19) (23,31) (77,12) (24,28) (76,11) (25,26) (75,11) (26,22) (74,7) (31,18) (27,19) (73,6) (72,0) (32,15) (71,-1) (33,12) (70,-2) (50,6) (34,11) (69,-4) (68,-6) (67,-5) (63,-3) (51,3) (62,-3) (60,-2) (52,1) (59,-4) (56,-1) (57,-3) (58,-4) 
TD 36 :
(99,82) (0,100) (98,78) (1,97) (97,74) (2,94) (96,69) (3,91) (95,65) (4,89) (94,63) (5,84) (93,60) (6,81) (92,58) (8,77) (7,76) (91,53) (9,74) (90,48) (10,70) (89,46) (11,64) (88,44) (12,61) (87,44) (13,58) (86,42) (14,57) (85,38) (15,52) (84,36) (16,49) (83,33) (17,46) (82,28) (19,44) (18,43) (81,27) (20,41) (80,26) (21,39) (79,22) (22,36) (78,19) (23,31) (77,12) (24,28) (76,11) (25,26) (75,11) (26,22) (74,7) (31,18) (27,19) (73,6) (72,0) (32,15) (71,-1) (33,12) (70,-2) (50,6) (34,11) (49,5) (37,10) (36,10) (35,10) (38,7) (48,3) (40,4) (39,4) (42,2) (41,2) (44,1) (43,1) (47,0) (46,0) (45,0) 
(99,82) (0,100) (98,78) (1,97) (97,74) (2,94) (96,69) (3,91) (95,65) (4,89) (94,63) (5,84) (93,60) (6,81) (92,58) (8,77) (7,76) (91,53) (9,74) (90,48) (10,70) (89,46) (11,64) (88,44) (12,61) (87,44) (13,58) (86,42) (14,57) (85,38) (15,52) (84,36) (16,49) (83,33) (17,46) (82,28) (19,44) (18,43) (81,27) (20,41) (80,26) (21,39) (79,22) (22,36) (78,19) (23,31) (77,12) (24,28) (76,11) (25,26) (75,11) (26,22) (74,7) (31,18) (27,19) (73,6) (72,0) (32,15) (71,-1) (33,12) (70,-2) (50,6) (34,11) (49,5) (37,10) (36,10) (35,10) (38,7) (48,3) (40,4) (39,4) (42,2) (41,2) (44,1) (43,1) (47,0) (46,0) (45,0) 
(99,82) (0,100) (98,78) (1,97) (97,74) (2,94) (96,69) (3,91) (95,65) (4,89) (94,63) (5,84) (93,60) (6,81) (92,58) (8,77) (7,76) (91,53) (9,74) (90,48) (10,70) (89,46) (11,64) (88,44) (12,61) (87,44) (13,58) (86,42) (14,57) (85,38) (15,52) (84,36) (16,49) (83,33) (17,46) (82,28) (19,44) (18,43) (81,27) (20,41) (80,26) (21,39) (79,22) (22,36) (78,19) (23,31) (77,12) (24,28) (76,11) (25,26) (75,11) (26,22) (74,7) (31,18) (27,19) (73,6) (72,0) (32,15) (71,-1) (33,12) (70,-2) (50,6) (34,11) (49,5) (37,10) (36,10) (35,10) (38,7) (48,3) (40,4) (39,4) (42,2) (41,2) (44,1) (43,1) (47,0) (46,0) (45,0) 
(99,82) (0,100) (98,78) (1,97) (97,74) (2,94) (96,69) (3,91) (95,65) (4,89) (94,63) (5,84) (93,60) (6,81) (92,58) (8,77) (7,76) (91,53) (9,74) (90,48) (10,70) (89,46) (11,64) (88,44) (12,61) (87,44) (13,58) (86,42) (14,57) (85,38) (15,52) (84,36) (16,49) (83,33) (17,46) (82,28) (19,44) (18,43) (81,27) (20,41) (80,26) (21,39) (79,22) (22,36) (78,19) (23,31) (77,12) (24,28) (76,11) (25,26) (75,11) (26,22) (74,7) (31,18) (27,19) (73,6) (72,0) (32,15) (71,-1) (33,12) (70,-2) (50,6) (34,11) (69,-4) (68,-6) (67,-5) (63,-3) (51,3) (62,-3) (60,-2) (52,1) (59,-4) (56,-1) (55,-2) (53,-2) (54,-2) 
(99,82) (0,100) (98,78) (1,97) (97,74) (2,94) (96,69) (3,91) (95,65) (4,89) (94,63) (5,84) (93,60) (6,81) (92,58) (8,77) (7,76) (91,53) (9,74) (90,48) (10,70) (89,46) (11,64) (88,44) (12,61) (87,44) (13,58) (86,42) (14,57) (85,38) (15,52) (84,36) (16,49) (83,33) (17,46) (82,28) (19,44) (18,43) (81,27) (20,41) (80,26) (21,39) (79,22) (22,36) (78,19) (23,31) (77,12) (24,28) (76,11) (25,26) (75,11) (26,22) (74,7) (31,18) (27,19) (73,6) (72,0) (32,15) (71,-1) (33,12) (70,-2) (50,6) (34,11) (69,-4) (68,-6) (67,-5) (63,-3) (51,3) (62,-3) (60,-2) (52,1) (59,-4) (56,-1) (55,-2) 
(99,82) (0,100) (98,78) (1,97) (97,74) (2,94) (96,69) (3,91) (95,65) (4,89) (94,63) (5,84) (93,60) (6,81) (92,58) (8,77) (7,76) (91,53) (9,74) (90,48) (10,70) (89,46) (11,64) (88,44) (12,61) (87,44) (13,58) (86,42) (14,57) (85,38) (15,52) (84,36) (16,49) (83,33) (17,46) (82,28) (19,44) (18,43) (81,27) (20,41) (80,26) (21,39) (79,22) (22,36) (78,19) (23,31) (77,12) (24,28) (76,11) (25,26) (75,11) (26,22) (74,7) (31,18) (27,19) (73,6) (72,0) (32,15) (71,-1) (33,12) (70,-2) (50,6) (34,11) (69,-4) (68,-6) (67,-5) (63,-3) (51,3) (62,-3) (60,-2) (52,1) (59,-4) (56,-1) (58,-4) (57,-3) 
(99,82) (0,100) (98,78) (1,97) (97,74) (2,94) (96,69) (3,91) (95,65) (4,89) (94,63) (5,84) (93,60) (6,81) (92,58) (8,77) (7,76) (91,53) (9,74) (90,48) (10,70) (89,46) (11,64) (88,44) (12,61) (87,44) (13,58) (86,42) (14,57) (85,38) (15,52) (84,36) (16,49) (83,33) (17,46) (82,28) (19,44) (18,43) (81,27) (20,41) (80,26) (21,39) (79,22) (22,36) (78,19) (23,31) (77,12) (24,28) (76,11) (25,26) (75,11) (26,22) (74,7) (31,18) (27,19) (73,6) (72,0) (32,15) (71,-1) (33,12) (70,-2) (50,6) (34,11) (69,-4) (68,-6) (67,-5) (63,-3) (51,3) (62,-3) (60,-2) (52,1) (59,-4) (56,-1) (58,-4) (57,-3) 
Pocket 0 :
()
Pocket 1 :
({  (0,100) ,(1,97) } {  (98,78) ,(99,82) } )
Pocket 2 :
({  (1,97) ,(0,100) } {  (99,82) ,(98,78) } )
Pocket 3 :
({  (2,94) ,(1,97) } {  (99,82) ,(97,74) } )
Pocket 4 :
({  (3,91) ,(2,94) } {  (99,82) ,(96,69) } )
Pocket 5 :
({  (4,89) ,(3,91) } {  (99,82) ,(95,65) } )
Pocket 6 :
({  (5,84) ,(4,89) } {  (99,82) ,(94,63) } )
Pocket 7 :
({  (6,81) ,(5,84) } {  (99,82) ,(93,60) } )
Pocket 8 :
({  (7,76) ,(6,81) } {  (9,74) ,(8,77) } {  (7,76) ,(6,81) } {  (9,74) ,(8,77) } )
Pocket 9 :
({  (9,74) ,(7,76) } {  (99,82) ,(91,53) } )
Pocket 10 :
({  (10,70) ,(9,74) } {  (99,82) ,(90,48) } )
Pocket 11 :
({  (11,64) ,(10,70) } {  (99,82) ,(89,46) } )
Pocket 12 :
({  (12,61) ,(11,64) } {  (99,82) ,(88,44) } )
Pocket 13 :
({  (13,58) ,(12,61) } {  (99,82) ,(87,44) } )
Pocket 14 :
({  (14,57) ,(13,58) } {  (99,82) ,(86,42) } )
Pocket 15 :
({  (15,52) ,(14,57) } {  (99,82) ,(85,38) } )
Pocket 16 :
({  (16,49) ,(15,52) } {  (99,82) ,(84,36) } )
Pocket 17 :
({  (17,46) ,(16,49) } {  (99,82) ,(83,33) } )
Pocket 18 :
({  (18,43) ,(17,46) } {  (20,41) ,(19,44) } {  (18,43) ,(17,46) } {  (20,41) ,(19,44) } )
Pocket 19 :
({  (20,41) ,(18,43) } {  (99,82) ,(81,27) } )
Pocket 20 :
({  (21,39) ,(20,41) } {  (99,82) ,(80,26) } )
Pocket 21 :
({  (22,36) ,(21,39) } {  (99,82) ,(79,22) } )
Pocket 22 :
({  (23,31) ,(22,36) } {  (99,82) ,(78,19) } )
Pocket 23 :
({  (24,28) ,(23,31) } {  (99,82) ,(77,12) } )
Pocket 24 :
({  (25,26) ,(24,28) } {  (99,82) ,(76,11) } )
Pocket 25 :
({  (26,22) ,(25,26) } {  (99,82) ,(75,11) } )
Pocket 26 :
({  (27,19) ,(26,22) } {  (32,15) ,(31,18) } {  (27,19) ,(26,22) } {  (32,15) ,(31,18) } )
Pocket 27 :
({  (28,18) ,(27,19) } {  (30,18) ,(29,18) } {  (28,18) ,(27,19) } {  (30,18) ,(29,18) } {  (28,18) ,(27,19) } {  (30,18) ,(29,18) } {  (99,82) ,(73,6) } )
Pocket 28 :
({  (32,15) ,(73,6) } {  (99,82) ,(72,0) } )
Pocket 29 :
({  (33,12) ,(32,15) } {  (99,82) ,(71,-1) } )
Pocket 30 :
({  (34,11) ,(33,12) } {  (51,3) ,(50,6) } {  (34,11) ,(33,12) } {  (51,3) ,(50,6) } )
Pocket 31 :
({  (35,10) ,(34,11) } {  (37,10) ,(36,10) } {  (35,10) ,(34,11) } {  (37,10) ,(36,10) } {  (35,10) ,(34,11) } {  (37,10) ,(36,10) } {  (35,10) ,(34,11) } {  (37,10) ,(36,10) } {  (99,82) ,(69,-4) } )
Pocket 32 :
({  (38,7) ,(35,10) } {  (52,1) ,(51,3) } {  (52,1) ,(51,3) } {  (52,1) ,(51,3) } {  (52,1) ,(51,3) } )
Pocket 33 :
({  (39,4) ,(38,7) } {  (41,2) ,(40,4) } {  (39,4) ,(38,7) } {  (41,2) ,(40,4) } {  (39,4) ,(38,7) } {  (41,2) ,(40,4) } {  (61,-3) ,(60,-2) } {  (61,-3) ,(60,-2) } {  (61,-3) ,(60,-2) } {  (66,-8) ,(65,-6) } {  (66,-8) ,(65,-6) } )
Pocket 34 :
({  (41,2) ,(39,4) } {  (43,1) ,(42,2) } {  (41,2) ,(39,4) } {  (43,1) ,(42,2) } {  (53,-2) ,(52,1) } {  (53,-2) ,(52,1) } {  (99,82) ,(61,-3) } {  (99,82) ,(61,-3) } {  (99,82) ,(64,-7) } )
Pocket 35 :
({  (43,1) ,(41,2) } {  (45,0) ,(44,1) } {  (43,1) ,(41,2) } {  (45,0) ,(44,1) } {  (57,-3) ,(56,-1) } {  (57,-3) ,(56,-1) } )
