4 layers in onion peeling: 
Layer 1
(9,8) (0,11) 
Layer 2
(8,5) (1,7) 
Layer 3
(7,3) (2,5) 
Layer 4
(6,2) (3,3) 
---------------------------------------------------------------------------------------
TD 0 :
(9,8) (8,5) (7,3) (6,2) (5,1) (4,2) (3,3) (2,5) (1,7) (0,11) 
TD 1 :
(9,8) (0,11) (1,7) (2,5) (3,3) (4,2) (5,1) (6,2) (7,3) (8,5) 
TD 2 :
(9,8) (0,11) (8,5) (1,7) (2,5) (3,3) (4,2) (5,1) (6,2) (7,3) 
TD 3 :
(9,8) (0,11) (8,5) (1,7) (7,3) (2,5) (3,3) (4,2) (5,1) (6,2) 
TD 4 :
(9,8) (0,11) (8,5) (1,7) (7,3) (2,5) (6,2) (3,3) (4,2) (5,1) 
Pocket 0 :
()
Pocket 1 :
({  (0,11) ,(1,7) } {  (8,5) ,(9,8) } )
Pocket 2 :
({  (1,7) ,(0,11) } {  (9,8) ,(8,5) } )
Pocket 3 :
({  (2,5) ,(1,7) } {  (9,8) ,(7,3) } )
