4 layers in onion peeling: 
Layer 1
(9,6) (0,9) 
Layer 2
(8,3) (1,6) 
Layer 3
(7,1) (2,4) 
Layer 4
(6,0) (3,1) 
---------------------------------------------------------------------------------------
TD 0 :
(9,6) (8,3) (7,1) (6,0) (5,0) (4,0) (3,1) (2,4) (1,6) (0,9) 
TD 1 :
(9,6) (0,9) (1,6) (2,4) (3,1) (4,0) (5,0) (6,0) (7,1) (8,3) 
TD 2 :
(9,6) (0,9) (8,3) (1,6) (2,4) (3,1) (4,0) (5,0) (6,0) (7,1) 
TD 3 :
(9,6) (0,9) (8,3) (1,6) (7,1) (2,4) (3,1) (4,0) (5,0) (6,0) 
TD 4 :
(9,6) (0,9) (8,3) (1,6) (7,1) (2,4) (6,0) (3,1) (4,0) (5,0) 
Pocket 0 :
()
Pocket 1 :
({  (0,9) ,(1,6) } {  (8,3) ,(9,6) } )
Pocket 2 :
({  (1,6) ,(0,9) } {  (9,6) ,(8,3) } )
Pocket 3 :
({  (2,4) ,(1,6) } {  (9,6) ,(7,1) } )
