4 layers in onion peeling: 
Layer 1
(9,5) (0,10) 
Layer 2
(8,3) (1,6) 
Layer 3
(7,1) (2,3) 
Layer 4
(6,-1) (3,1) 
---------------------------------------------------------------------------------------
TD 0 :
(9,5) (8,3) (7,1) (6,-1) (5,-1) (4,-1) (3,1) (2,3) (1,6) (0,10) 
TD 1 :
(9,5) (0,10) (1,6) (2,3) (3,1) (4,-1) (5,-1) (6,-1) (7,1) (8,3) 
TD 2 :
(9,5) (0,10) (8,3) (1,6) (2,3) (3,1) (4,-1) (5,-1) (6,-1) (7,1) 
TD 3 :
(9,5) (0,10) (8,3) (1,6) (7,1) (2,3) (3,1) (4,-1) (5,-1) (6,-1) 
TD 4 :
(9,5) (0,10) (8,3) (1,6) (7,1) (2,3) (6,-1) (3,1) (4,-1) (5,-1) 
Pocket 0 :
()
Pocket 1 :
({  (0,10) ,(1,6) } {  (8,3) ,(9,5) } )
Pocket 2 :
({  (1,6) ,(0,10) } {  (9,5) ,(8,3) } )
Pocket 3 :
({  (2,3) ,(1,6) } {  (9,5) ,(7,1) } )
