4 layers in onion peeling: 
Layer 1
(9,6) (0,10) 
Layer 2
(8,3) (1,7) 
Layer 3
(7,1) (2,4) 
Layer 4
(6,0) (3,2) 
---------------------------------------------------------------------------------------
TD 0 :
(9,6) (8,3) (7,1) (6,0) (5,0) (4,0) (3,2) (2,4) (1,7) (0,10) 
TD 1 :
(9,6) (0,10) (1,7) (2,4) (3,2) (4,0) (5,0) (6,0) (7,1) (8,3) 
TD 2 :
(9,6) (0,10) (8,3) (1,7) (2,4) (3,2) (4,0) (5,0) (6,0) (7,1) 
TD 3 :
(9,6) (0,10) (8,3) (1,7) (7,1) (2,4) (3,2) (4,0) (5,0) (6,0) 
TD 4 :
(9,6) (0,10) (8,3) (1,7) (7,1) (2,4) (6,0) (3,2) (4,0) (5,0) 
Pocket 0 :
()
Pocket 1 :
({  (0,10) ,(1,7) } {  (8,3) ,(9,6) } )
Pocket 2 :
({  (1,7) ,(0,10) } {  (9,6) ,(8,3) } )
Pocket 3 :
({  (2,4) ,(1,7) } {  (9,6) ,(7,1) } )
