42 layers in onion peeling: 
Layer 1
(99,115) (0,99) 
Layer 2
(98,114) (1,96) 
Layer 3
(97,110) (2,94) 
Layer 4
(96,106) (3,92) 
Layer 5
(95,101) (4,88) 
Layer 6
(94,100) (5,82) 
Layer 7
(93,96) (6,78) 
Layer 8
(92,93) (7,74) 
Layer 9
(91,89) (8,71) 
Layer 10
(90,87) (9,70) 
Layer 11
(89,84) (10,66) 
Layer 12
(88,80) (11,61) 
Layer 13
(87,78) (12,60) 
Layer 14
(86,76) (13,59) 
Layer 15
(85,73) (14,55) 
Layer 16
(84,70) (15,54) 
Layer 17
(83,64) (16,52) 
Layer 18
(82,63) (17,47) 
Layer 19
(81,60) (18,45) 
Layer 20
(80,58) (79,58) (19,41) 
Layer 21
(78,56) (20,36) 
Layer 22
(77,54) (21,31) 
Layer 23
(76,52) (75,52) (22,29) 
Layer 24
(74,50) (23,29) 
Layer 25
(73,48) (72,48) (24,28) 
Layer 26
(71,45) (25,25) 
Layer 27
(70,42) (26,22) 
Layer 28
(69,39) (27,21) 
Layer 29
(68,37) (28,21) 
Layer 30
(67,32) (29,19) 
Layer 31
(66,31) (30,16) 
Layer 32
(65,27) (31,15) 
Layer 33
(64,24) (62,24) (34,12) (33,11) (32,10) 
Layer 34
(63,23) (35,11) 
Layer 35
(61,20) (37,10) (36,8) 
Layer 36
(60,17) (38,9) 
Layer 37
(59,15) (39,8) 
Layer 38
(58,11) (44,9) (41,8) (40,7) 
Layer 39
(57,10) (45,9) (42,8) 
Layer 40
(56,9) (43,7) 
Layer 41
(55,7) (46,7) 
Layer 42
(54,4) (53,4) (52,4) (51,4) (50,4) (47,4) 
---------------------------------------------------------------------------------------
TD 0 :
(99,115) (98,114) (97,110) (96,106) (95,101) (94,100) (93,96) (92,93) (91,89) (90,87) (89,84) (88,80) (87,78) (86,76) (85,73) (84,70) (83,64) (82,63) (81,60) (80,58) (79,58) (78,56) (77,54) (76,52) (75,52) (74,50) (73,48) (72,48) (71,45) (70,42) (69,39) (68,37) (67,32) (66,31) (65,27) (64,24) (63,23) (62,24) (61,20) (60,17) (59,15) (58,11) (57,10) (56,9) (55,7) (54,4) (53,4) (52,4) (51,4) (50,4) (49,2) (48,1) (47,4) (46,7) (45,9) (44,9) (43,7) (42,8) (41,8) (40,7) (39,8) (38,9) (37,10) (36,8) (35,11) (34,12) (33,11) (32,10) (31,15) (30,16) (29,19) (28,21) (27,21) (26,22) (25,25) (24,28) (23,29) (22,29) (21,31) (20,36) (19,41) (18,45) (17,47) (16,52) (15,54) (14,55) (13,59) (12,60) (11,61) (10,66) (9,70) (8,71) (7,74) (6,78) (5,82) (4,88) (3,92) (2,94) (1,96) (0,99) 
TD 1 :
(99,115) (0,99) (1,96) (2,94) (3,92) (4,88) (5,82) (6,78) (7,74) (8,71) (9,70) (10,66) (11,61) (12,60) (13,59) (14,55) (15,54) (16,52) (17,47) (18,45) (19,41) (20,36) (21,31) (22,29) (23,29) (24,28) (25,25) (26,22) (27,21) (28,21) (29,19) (30,16) (31,15) (32,10) (33,11) (34,12) (35,11) (36,8) (37,10) (38,9) (39,8) (40,7) (41,8) (42,8) (43,7) (44,9) (45,9) (46,7) (47,4) (48,1) (49,2) (50,4) (51,4) (52,4) (53,4) (54,4) (55,7) (56,9) (57,10) (58,11) (59,15) (60,17) (61,20) (62,24) (63,23) (64,24) (65,27) (66,31) (67,32) (68,37) (69,39) (70,42) (71,45) (72,48) (73,48) (74,50) (75,52) (76,52) (77,54) (78,56) (79,58) (80,58) (81,60) (82,63) (83,64) (84,70) (85,73) (86,76) (87,78) (88,80) (89,84) (90,87) (91,89) (92,93) (93,96) (94,100) (95,101) (96,106) (97,110) (98,114) 
TD 2 :
(99,115) (0,99) (98,114) (1,96) (2,94) (3,92) (4,88) (5,82) (6,78) (7,74) (8,71) (9,70) (10,66) (11,61) (12,60) (13,59) (14,55) (15,54) (16,52) (17,47) (18,45) (19,41) (20,36) (21,31) (22,29) (23,29) (24,28) (25,25) (26,22) (27,21) (28,21) (29,19) (30,16) (31,15) (32,10) (33,11) (34,12) (35,11) (36,8) (37,10) (38,9) (39,8) (40,7) (41,8) (42,8) (43,7) (44,9) (45,9) (46,7) (47,4) (48,1) (49,2) (50,4) (51,4) (52,4) (53,4) (54,4) (55,7) (56,9) (57,10) (58,11) (59,15) (60,17) (61,20) (62,24) (63,23) (64,24) (65,27) (66,31) (67,32) (68,37) (69,39) (70,42) (71,45) (72,48) (73,48) (74,50) (75,52) (76,52) (77,54) (78,56) (79,58) (80,58) (81,60) (82,63) (83,64) (84,70) (85,73) (86,76) (87,78) (88,80) (89,84) (90,87) (91,89) (92,93) (93,96) (94,100) (95,101) (96,106) (97,110) 
TD 3 :
(99,115) (0,99) (98,114) (1,96) (97,110) (2,94) (3,92) (4,88) (5,82) (6,78) (7,74) (8,71) (9,70) (10,66) (11,61) (12,60) (13,59) (14,55) (15,54) (16,52) (17,47) (18,45) (19,41) (20,36) (21,31) (22,29) (23,29) (24,28) (25,25) (26,22) (27,21) (28,21) (29,19) (30,16) (31,15) (32,10) (33,11) (34,12) (35,11) (36,8) (37,10) (38,9) (39,8) (40,7) (41,8) (42,8) (43,7) (44,9) (45,9) (46,7) (47,4) (48,1) (49,2) (50,4) (51,4) (52,4) (53,4) (54,4) (55,7) (56,9) (57,10) (58,11) (59,15) (60,17) (61,20) (62,24) (63,23) (64,24) (65,27) (66,31) (67,32) (68,37) (69,39) (70,42) (71,45) (72,48) (73,48) (74,50) (75,52) (76,52) (77,54) (78,56) (79,58) (80,58) (81,60) (82,63) (83,64) (84,70) (85,73) (86,76) (87,78) (88,80) (89,84) (90,87) (91,89) (92,93) (93,96) (94,100) (95,101) (96,106) 
TD 4 :
(99,115) (0,99) (98,114) (1,96) (97,110) (2,94) (96,106) (3,92) (4,88) (5,82) (6,78) (7,74) (8,71) (9,70) (10,66) (11,61) (12,60) (13,59) (14,55) (15,54) (16,52) (17,47) (18,45) (19,41) (20,36) (21,31) (22,29) (23,29) (24,28) (25,25) (26,22) (27,21) (28,21) (29,19) (30,16) (31,15) (32,10) (33,11) (34,12) (35,11) (36,8) (37,10) (38,9) (39,8) (40,7) (41,8) (42,8) (43,7) (44,9) (45,9) (46,7) (47,4) (48,1) (49,2) (50,4) (51,4) (52,4) (53,4) (54,4) (55,7) (56,9) (57,10) (58,11) (59,15) (60,17) (61,20) (62,24) (63,23) (64,24) (65,27) (66,31) (67,32) (68,37) (69,39) (70,42) (71,45) (72,48) (73,48) (74,50) (75,52) (76,52) (77,54) (78,56) (79,58) (80,58) (81,60) (82,63) (83,64) (84,70) (85,73) (86,76) (87,78) (88,80) (89,84) (90,87) (91,89) (92,93) (93,96) (94,100) (95,101) 
TD 5 :
(99,115) (0,99) (98,114) (1,96) (97,110) (2,94) (96,106) (3,92) (95,101) (4,88) (5,82) (6,78) (7,74) (8,71) (9,70) (10,66) (11,61) (12,60) (13,59) (14,55) (15,54) (16,52) (17,47) (18,45) (19,41) (20,36) (21,31) (22,29) (23,29) (24,28) (25,25) (26,22) (27,21) (28,21) (29,19) (30,16) (31,15) (32,10) (33,11) (34,12) (35,11) (36,8) (37,10) (38,9) (39,8) (40,7) (41,8) (42,8) (43,7) (44,9) (45,9) (46,7) (47,4) (48,1) (49,2) (50,4) (51,4) (52,4) (53,4) (54,4) (55,7) (56,9) (57,10) (58,11) (59,15) (60,17) (61,20) (62,24) (63,23) (64,24) (65,27) (66,31) (67,32) (68,37) (69,39) (70,42) (71,45) (72,48) (73,48) (74,50) (75,52) (76,52) (77,54) (78,56) (79,58) (80,58) (81,60) (82,63) (83,64) (84,70) (85,73) (86,76) (87,78) (88,80) (89,84) (90,87) (91,89) (92,93) (93,96) (94,100) 
TD 6 :
(99,115) (0,99) (98,114) (1,96) (97,110) (2,94) (96,106) (3,92) (95,101) (4,88) (94,100) (5,82) (6,78) (7,74) (8,71) (9,70) (10,66) (11,61) (12,60) (13,59) (14,55) (15,54) (16,52) (17,47) (18,45) (19,41) (20,36) (21,31) (22,29) (23,29) (24,28) (25,25) (26,22) (27,21) (28,21) (29,19) (30,16) (31,15) (32,10) (33,11) (34,12) (35,11) (36,8) (37,10) (38,9) (39,8) (40,7) (41,8) (42,8) (43,7) (44,9) (45,9) (46,7) (47,4) (48,1) (49,2) (50,4) (51,4) (52,4) (53,4) (54,4) (55,7) (56,9) (57,10) (58,11) (59,15) (60,17) (61,20) (62,24) (63,23) (64,24) (65,27) (66,31) (67,32) (68,37) (69,39) (70,42) (71,45) (72,48) (73,48) (74,50) (75,52) (76,52) (77,54) (78,56) (79,58) (80,58) (81,60) (82,63) (83,64) (84,70) (85,73) (86,76) (87,78) (88,80) (89,84) (90,87) (91,89) (92,93) (93,96) 
TD 7 :
(99,115) (0,99) (98,114) (1,96) (97,110) (2,94) (96,106) (3,92) (95,101) (4,88) (94,100) (5,82) (93,96) (6,78) (7,74) (8,71) (9,70) (10,66) (11,61) (12,60) (13,59) (14,55) (15,54) (16,52) (17,47) (18,45) (19,41) (20,36) (21,31) (22,29) (23,29) (24,28) (25,25) (26,22) (27,21) (28,21) (29,19) (30,16) (31,15) (32,10) (33,11) (34,12) (35,11) (36,8) (37,10) (38,9) (39,8) (40,7) (41,8) (42,8) (43,7) (44,9) (45,9) (46,7) (47,4) (48,1) (49,2) (50,4) (51,4) (52,4) (53,4) (54,4) (55,7) (56,9) (57,10) (58,11) (59,15) (60,17) (61,20) (62,24) (63,23) (64,24) (65,27) (66,31) (67,32) (68,37) (69,39) (70,42) (71,45) (72,48) (73,48) (74,50) (75,52) (76,52) (77,54) (78,56) (79,58) (80,58) (81,60) (82,63) (83,64) (84,70) (85,73) (86,76) (87,78) (88,80) (89,84) (90,87) (91,89) (92,93) 
TD 8 :
(99,115) (0,99) (98,114) (1,96) (97,110) (2,94) (96,106) (3,92) (95,101) (4,88) (94,100) (5,82) (93,96) (6,78) (92,93) (7,74) (8,71) (9,70) (10,66) (11,61) (12,60) (13,59) (14,55) (15,54) (16,52) (17,47) (18,45) (19,41) (20,36) (21,31) (22,29) (23,29) (24,28) (25,25) (26,22) (27,21) (28,21) (29,19) (30,16) (31,15) (32,10) (33,11) (34,12) (35,11) (36,8) (37,10) (38,9) (39,8) (40,7) (41,8) (42,8) (43,7) (44,9) (45,9) (46,7) (47,4) (48,1) (49,2) (50,4) (51,4) (52,4) (53,4) (54,4) (55,7) (56,9) (57,10) (58,11) (59,15) (60,17) (61,20) (62,24) (63,23) (64,24) (65,27) (66,31) (67,32) (68,37) (69,39) (70,42) (71,45) (72,48) (73,48) (74,50) (75,52) (76,52) (77,54) (78,56) (79,58) (80,58) (81,60) (82,63) (83,64) (84,70) (85,73) (86,76) (87,78) (88,80) (89,84) (90,87) (91,89) 
TD 9 :
(99,115) (0,99) (98,114) (1,96) (97,110) (2,94) (96,106) (3,92) (95,101) (4,88) (94,100) (5,82) (93,96) (6,78) (92,93) (7,74) (91,89) (8,71) (9,70) (10,66) (11,61) (12,60) (13,59) (14,55) (15,54) (16,52) (17,47) (18,45) (19,41) (20,36) (21,31) (22,29) (23,29) (24,28) (25,25) (26,22) (27,21) (28,21) (29,19) (30,16) (31,15) (32,10) (33,11) (34,12) (35,11) (36,8) (37,10) (38,9) (39,8) (40,7) (41,8) (42,8) (43,7) (44,9) (45,9) (46,7) (47,4) (48,1) (49,2) (50,4) (51,4) (52,4) (53,4) (54,4) (55,7) (56,9) (57,10) (58,11) (59,15) (60,17) (61,20) (62,24) (63,23) (64,24) (65,27) (66,31) (67,32) (68,37) (69,39) (70,42) (71,45) (72,48) (73,48) (74,50) (75,52) (76,52) (77,54) (78,56) (79,58) (80,58) (81,60) (82,63) (83,64) (84,70) (85,73) (86,76) (87,78) (88,80) (89,84) (90,87) 
TD 10 :
(99,115) (0,99) (98,114) (1,96) (97,110) (2,94) (96,106) (3,92) (95,101) (4,88) (94,100) (5,82) (93,96) (6,78) (92,93) (7,74) (91,89) (8,71) (90,87) (9,70) (10,66) (11,61) (12,60) (13,59) (14,55) (15,54) (16,52) (17,47) (18,45) (19,41) (20,36) (21,31) (22,29) (23,29) (24,28) (25,25) (26,22) (27,21) (28,21) (29,19) (30,16) (31,15) (32,10) (33,11) (34,12) (35,11) (36,8) (37,10) (38,9) (39,8) (40,7) (41,8) (42,8) (43,7) (44,9) (45,9) (46,7) (47,4) (48,1) (49,2) (50,4) (51,4) (52,4) (53,4) (54,4) (55,7) (56,9) (57,10) (58,11) (59,15) (60,17) (61,20) (62,24) (63,23) (64,24) (65,27) (66,31) (67,32) (68,37) (69,39) (70,42) (71,45) (72,48) (73,48) (74,50) (75,52) (76,52) (77,54) (78,56) (79,58) (80,58) (81,60) (82,63) (83,64) (84,70) (85,73) (86,76) (87,78) (88,80) (89,84) 
TD 11 :
(99,115) (0,99) (98,114) (1,96) (97,110) (2,94) (96,106) (3,92) (95,101) (4,88) (94,100) (5,82) (93,96) (6,78) (92,93) (7,74) (91,89) (8,71) (90,87) (9,70) (89,84) (10,66) (11,61) (12,60) (13,59) (14,55) (15,54) (16,52) (17,47) (18,45) (19,41) (20,36) (21,31) (22,29) (23,29) (24,28) (25,25) (26,22) (27,21) (28,21) (29,19) (30,16) (31,15) (32,10) (33,11) (34,12) (35,11) (36,8) (37,10) (38,9) (39,8) (40,7) (41,8) (42,8) (43,7) (44,9) (45,9) (46,7) (47,4) (48,1) (49,2) (50,4) (51,4) (52,4) (53,4) (54,4) (55,7) (56,9) (57,10) (58,11) (59,15) (60,17) (61,20) (62,24) (63,23) (64,24) (65,27) (66,31) (67,32) (68,37) (69,39) (70,42) (71,45) (72,48) (73,48) (74,50) (75,52) (76,52) (77,54) (78,56) (79,58) (80,58) (81,60) (82,63) (83,64) (84,70) (85,73) (86,76) (87,78) (88,80) 
TD 12 :
(99,115) (0,99) (98,114) (1,96) (97,110) (2,94) (96,106) (3,92) (95,101) (4,88) (94,100) (5,82) (93,96) (6,78) (92,93) (7,74) (91,89) (8,71) (90,87) (9,70) (89,84) (10,66) (88,80) (11,61) (12,60) (13,59) (14,55) (15,54) (16,52) (17,47) (18,45) (19,41) (20,36) (21,31) (22,29) (23,29) (24,28) (25,25) (26,22) (27,21) (28,21) (29,19) (30,16) (31,15) (32,10) (33,11) (34,12) (35,11) (36,8) (37,10) (38,9) (39,8) (40,7) (41,8) (42,8) (43,7) (44,9) (45,9) (46,7) (47,4) (48,1) (49,2) (50,4) (51,4) (52,4) (53,4) (54,4) (55,7) (56,9) (57,10) (58,11) (59,15) (60,17) (61,20) (62,24) (63,23) (64,24) (65,27) (66,31) (67,32) (68,37) (69,39) (70,42) (71,45) (72,48) (73,48) (74,50) (75,52) (76,52) (77,54) (78,56) (79,58) (80,58) (81,60) (82,63) (83,64) (84,70) (85,73) (86,76) (87,78) 
TD 13 :
(99,115) (0,99) (98,114) (1,96) (97,110) (2,94) (96,106) (3,92) (95,101) (4,88) (94,100) (5,82) (93,96) (6,78) (92,93) (7,74) (91,89) (8,71) (90,87) (9,70) (89,84) (10,66) (88,80) (11,61) (87,78) (12,60) (13,59) (14,55) (15,54) (16,52) (17,47) (18,45) (19,41) (20,36) (21,31) (22,29) (23,29) (24,28) (25,25) (26,22) (27,21) (28,21) (29,19) (30,16) (31,15) (32,10) (33,11) (34,12) (35,11) (36,8) (37,10) (38,9) (39,8) (40,7) (41,8) (42,8) (43,7) (44,9) (45,9) (46,7) (47,4) (48,1) (49,2) (50,4) (51,4) (52,4) (53,4) (54,4) (55,7) (56,9) (57,10) (58,11) (59,15) (60,17) (61,20) (62,24) (63,23) (64,24) (65,27) (66,31) (67,32) (68,37) (69,39) (70,42) (71,45) (72,48) (73,48) (74,50) (75,52) (76,52) (77,54) (78,56) (79,58) (80,58) (81,60) (82,63) (83,64) (84,70) (85,73) (86,76) 
TD 14 :
(99,115) (0,99) (98,114) (1,96) (97,110) (2,94) (96,106) (3,92) (95,101) (4,88) (94,100) (5,82) (93,96) (6,78) (92,93) (7,74) (91,89) (8,71) (90,87) (9,70) (89,84) (10,66) (88,80) (11,61) (87,78) (12,60) (86,76) (13,59) (14,55) (15,54) (16,52) (17,47) (18,45) (19,41) (20,36) (21,31) (22,29) (23,29) (24,28) (25,25) (26,22) (27,21) (28,21) (29,19) (30,16) (31,15) (32,10) (33,11) (34,12) (35,11) (36,8) (37,10) (38,9) (39,8) (40,7) (41,8) (42,8) (43,7) (44,9) (45,9) (46,7) (47,4) (48,1) (49,2) (50,4) (51,4) (52,4) (53,4) (54,4) (55,7) (56,9) (57,10) (58,11) (59,15) (60,17) (61,20) (62,24) (63,23) (64,24) (65,27) (66,31) (67,32) (68,37) (69,39) (70,42) (71,45) (72,48) (73,48) (74,50) (75,52) (76,52) (77,54) (78,56) (79,58) (80,58) (81,60) (82,63) (83,64) (84,70) (85,73) 
TD 15 :
(99,115) (0,99) (98,114) (1,96) (97,110) (2,94) (96,106) (3,92) (95,101) (4,88) (94,100) (5,82) (93,96) (6,78) (92,93) (7,74) (91,89) (8,71) (90,87) (9,70) (89,84) (10,66) (88,80) (11,61) (87,78) (12,60) (86,76) (13,59) (85,73) (14,55) (15,54) (16,52) (17,47) (18,45) (19,41) (20,36) (21,31) (22,29) (23,29) (24,28) (25,25) (26,22) (27,21) (28,21) (29,19) (30,16) (31,15) (32,10) (33,11) (34,12) (35,11) (36,8) (37,10) (38,9) (39,8) (40,7) (41,8) (42,8) (43,7) (44,9) (45,9) (46,7) (47,4) (48,1) (49,2) (50,4) (51,4) (52,4) (53,4) (54,4) (55,7) (56,9) (57,10) (58,11) (59,15) (60,17) (61,20) (62,24) (63,23) (64,24) (65,27) (66,31) (67,32) (68,37) (69,39) (70,42) (71,45) (72,48) (73,48) (74,50) (75,52) (76,52) (77,54) (78,56) (79,58) (80,58) (81,60) (82,63) (83,64) (84,70) 
TD 16 :
(99,115) (0,99) (98,114) (1,96) (97,110) (2,94) (96,106) (3,92) (95,101) (4,88) (94,100) (5,82) (93,96) (6,78) (92,93) (7,74) (91,89) (8,71) (90,87) (9,70) (89,84) (10,66) (88,80) (11,61) (87,78) (12,60) (86,76) (13,59) (85,73) (14,55) (84,70) (15,54) (16,52) (17,47) (18,45) (19,41) (20,36) (21,31) (22,29) (23,29) (24,28) (25,25) (26,22) (27,21) (28,21) (29,19) (30,16) (31,15) (32,10) (33,11) (34,12) (35,11) (36,8) (37,10) (38,9) (39,8) (40,7) (41,8) (42,8) (43,7) (44,9) (45,9) (46,7) (47,4) (48,1) (49,2) (50,4) (51,4) (52,4) (53,4) (54,4) (55,7) (56,9) (57,10) (58,11) (59,15) (60,17) (61,20) (62,24) (63,23) (64,24) (65,27) (66,31) (67,32) (68,37) (69,39) (70,42) (71,45) (72,48) (73,48) (74,50) (75,52) (76,52) (77,54) (78,56) (79,58) (80,58) (81,60) (82,63) (83,64) 
TD 17 :
(99,115) (0,99) (98,114) (1,96) (97,110) (2,94) (96,106) (3,92) (95,101) (4,88) (94,100) (5,82) (93,96) (6,78) (92,93) (7,74) (91,89) (8,71) (90,87) (9,70) (89,84) (10,66) (88,80) (11,61) (87,78) (12,60) (86,76) (13,59) (85,73) (14,55) (84,70) (15,54) (83,64) (16,52) (17,47) (18,45) (19,41) (20,36) (21,31) (22,29) (23,29) (24,28) (25,25) (26,22) (27,21) (28,21) (29,19) (30,16) (31,15) (32,10) (33,11) (34,12) (35,11) (36,8) (37,10) (38,9) (39,8) (40,7) (41,8) (42,8) (43,7) (44,9) (45,9) (46,7) (47,4) (48,1) (49,2) (50,4) (51,4) (52,4) (53,4) (54,4) (55,7) (56,9) (57,10) (58,11) (59,15) (60,17) (61,20) (62,24) (63,23) (64,24) (65,27) (66,31) (67,32) (68,37) (69,39) (70,42) (71,45) (72,48) (73,48) (74,50) (75,52) (76,52) (77,54) (78,56) (79,58) (80,58) (81,60) (82,63) 
TD 18 :
(99,115) (0,99) (98,114) (1,96) (97,110) (2,94) (96,106) (3,92) (95,101) (4,88) (94,100) (5,82) (93,96) (6,78) (92,93) (7,74) (91,89) (8,71) (90,87) (9,70) (89,84) (10,66) (88,80) (11,61) (87,78) (12,60) (86,76) (13,59) (85,73) (14,55) (84,70) (15,54) (83,64) (16,52) (82,63) (17,47) (18,45) (19,41) (20,36) (21,31) (22,29) (23,29) (24,28) (25,25) (26,22) (27,21) (28,21) (29,19) (30,16) (31,15) (32,10) (33,11) (34,12) (35,11) (36,8) (37,10) (38,9) (39,8) (40,7) (41,8) (42,8) (43,7) (44,9) (45,9) (46,7) (47,4) (48,1) (49,2) (50,4) (51,4) (52,4) (53,4) (54,4) (55,7) (56,9) (57,10) (58,11) (59,15) (60,17) (61,20) (62,24) (63,23) (64,24) (65,27) (66,31) (67,32) (68,37) (69,39) (70,42) (71,45) (72,48) (73,48) (74,50) (75,52) (76,52) (77,54) (78,56) (79,58) (80,58) (81,60) 
TD 19 :
(99,115) (0,99) (98,114) (1,96) (97,110) (2,94) (96,106) (3,92) (95,101) (4,88) (94,100) (5,82) (93,96) (6,78) (92,93) (7,74) (91,89) (8,71) (90,87) (9,70) (89,84) (10,66) (88,80) (11,61) (87,78) (12,60) (86,76) (13,59) (85,73) (14,55) (84,70) (15,54) (83,64) (16,52) (82,63) (17,47) (81,60) (18,45) (19,41) (20,36) (21,31) (22,29) (23,29) (24,28) (25,25) (26,22) (27,21) (28,21) (29,19) (30,16) (31,15) (32,10) (33,11) (34,12) (35,11) (36,8) (37,10) (38,9) (39,8) (40,7) (41,8) (42,8) (43,7) (44,9) (45,9) (46,7) (47,4) (48,1) (49,2) (50,4) (51,4) (52,4) (53,4) (54,4) (55,7) (56,9) (57,10) (58,11) (59,15) (60,17) (61,20) (62,24) (63,23) (64,24) (65,27) (66,31) (67,32) (68,37) (69,39) (70,42) (71,45) (72,48) (73,48) (74,50) (75,52) (76,52) (77,54) (78,56) (79,58) (80,58) 
TD 20 :
(99,115) (0,99) (98,114) (1,96) (97,110) (2,94) (96,106) (3,92) (95,101) (4,88) (94,100) (5,82) (93,96) (6,78) (92,93) (7,74) (91,89) (8,71) (90,87) (9,70) (89,84) (10,66) (88,80) (11,61) (87,78) (12,60) (86,76) (13,59) (85,73) (14,55) (84,70) (15,54) (83,64) (16,52) (82,63) (17,47) (81,60) (18,45) (80,58) (79,58) (19,41) (20,36) (21,31) (22,29) (23,29) (24,28) (25,25) (26,22) (27,21) (28,21) (29,19) (30,16) (31,15) (32,10) (33,11) (34,12) (35,11) (36,8) (37,10) (38,9) (39,8) (40,7) (41,8) (42,8) (43,7) (44,9) (45,9) (46,7) (47,4) (48,1) (49,2) (50,4) (51,4) (52,4) (53,4) (54,4) (55,7) (56,9) (57,10) (58,11) (59,15) (60,17) (61,20) (62,24) (63,23) (64,24) (65,27) (66,31) (67,32) (68,37) (69,39) (70,42) (71,45) (72,48) (73,48) (74,50) (75,52) (76,52) (77,54) (78,56) 
(99,115) (0,99) (98,114) (1,96) (97,110) (2,94) (96,106) (3,92) (95,101) (4,88) (94,100) (5,82) (93,96) (6,78) (92,93) (7,74) (91,89) (8,71) (90,87) (9,70) (89,84) (10,66) (88,80) (11,61) (87,78) (12,60) (86,76) (13,59) (85,73) (14,55) (84,70) (15,54) (83,64) (16,52) (82,63) (17,47) (81,60) (18,45) (80,58) (79,58) (19,41) 
TD 21 :
(99,115) (0,99) (98,114) (1,96) (97,110) (2,94) (96,106) (3,92) (95,101) (4,88) (94,100) (5,82) (93,96) (6,78) (92,93) (7,74) (91,89) (8,71) (90,87) (9,70) (89,84) (10,66) (88,80) (11,61) (87,78) (12,60) (86,76) (13,59) (85,73) (14,55) (84,70) (15,54) (83,64) (16,52) (82,63) (17,47) (81,60) (18,45) (80,58) (79,58) (19,41) (78,56) (20,36) (21,31) (22,29) (23,29) (24,28) (25,25) (26,22) (27,21) (28,21) (29,19) (30,16) (31,15) (32,10) (33,11) (34,12) (35,11) (36,8) (37,10) (38,9) (39,8) (40,7) (41,8) (42,8) (43,7) (44,9) (45,9) (46,7) (47,4) (48,1) (49,2) (50,4) (51,4) (52,4) (53,4) (54,4) (55,7) (56,9) (57,10) (58,11) (59,15) (60,17) (61,20) (62,24) (63,23) (64,24) (65,27) (66,31) (67,32) (68,37) (69,39) (70,42) (71,45) (72,48) (73,48) (74,50) (75,52) (76,52) (77,54) 
TD 22 :
(99,115) (0,99) (98,114) (1,96) (97,110) (2,94) (96,106) (3,92) (95,101) (4,88) (94,100) (5,82) (93,96) (6,78) (92,93) (7,74) (91,89) (8,71) (90,87) (9,70) (89,84) (10,66) (88,80) (11,61) (87,78) (12,60) (86,76) (13,59) (85,73) (14,55) (84,70) (15,54) (83,64) (16,52) (82,63) (17,47) (81,60) (18,45) (80,58) (79,58) (19,41) (78,56) (20,36) (77,54) (21,31) (22,29) (23,29) (24,28) (25,25) (26,22) (27,21) (28,21) (29,19) (30,16) (31,15) (32,10) (33,11) (34,12) (35,11) (36,8) (37,10) (38,9) (39,8) (40,7) (41,8) (42,8) (43,7) (44,9) (45,9) (46,7) (47,4) (48,1) (49,2) (50,4) (51,4) (52,4) (53,4) (54,4) (55,7) (56,9) (57,10) (58,11) (59,15) (60,17) (61,20) (62,24) (63,23) (64,24) (65,27) (66,31) (67,32) (68,37) (69,39) (70,42) (71,45) (72,48) (73,48) (74,50) (75,52) (76,52) 
TD 23 :
(99,115) (0,99) (98,114) (1,96) (97,110) (2,94) (96,106) (3,92) (95,101) (4,88) (94,100) (5,82) (93,96) (6,78) (92,93) (7,74) (91,89) (8,71) (90,87) (9,70) (89,84) (10,66) (88,80) (11,61) (87,78) (12,60) (86,76) (13,59) (85,73) (14,55) (84,70) (15,54) (83,64) (16,52) (82,63) (17,47) (81,60) (18,45) (80,58) (79,58) (19,41) (78,56) (20,36) (77,54) (21,31) (76,52) (75,52) (22,29) (23,29) (24,28) (25,25) (26,22) (27,21) (28,21) (29,19) (30,16) (31,15) (32,10) (33,11) (34,12) (35,11) (36,8) (37,10) (38,9) (39,8) (40,7) (41,8) (42,8) (43,7) (44,9) (45,9) (46,7) (47,4) (48,1) (49,2) (50,4) (51,4) (52,4) (53,4) (54,4) (55,7) (56,9) (57,10) (58,11) (59,15) (60,17) (61,20) (62,24) (63,23) (64,24) (65,27) (66,31) (67,32) (68,37) (69,39) (70,42) (71,45) (72,48) (73,48) (74,50) 
(99,115) (0,99) (98,114) (1,96) (97,110) (2,94) (96,106) (3,92) (95,101) (4,88) (94,100) (5,82) (93,96) (6,78) (92,93) (7,74) (91,89) (8,71) (90,87) (9,70) (89,84) (10,66) (88,80) (11,61) (87,78) (12,60) (86,76) (13,59) (85,73) (14,55) (84,70) (15,54) (83,64) (16,52) (82,63) (17,47) (81,60) (18,45) (80,58) (79,58) (19,41) (78,56) (20,36) (77,54) (21,31) (76,52) (75,52) (22,29) 
TD 24 :
(99,115) (0,99) (98,114) (1,96) (97,110) (2,94) (96,106) (3,92) (95,101) (4,88) (94,100) (5,82) (93,96) (6,78) (92,93) (7,74) (91,89) (8,71) (90,87) (9,70) (89,84) (10,66) (88,80) (11,61) (87,78) (12,60) (86,76) (13,59) (85,73) (14,55) (84,70) (15,54) (83,64) (16,52) (82,63) (17,47) (81,60) (18,45) (80,58) (79,58) (19,41) (78,56) (20,36) (77,54) (21,31) (76,52) (75,52) (22,29) (74,50) (23,29) (24,28) (25,25) (26,22) (27,21) (28,21) (29,19) (30,16) (31,15) (32,10) (33,11) (34,12) (35,11) (36,8) (37,10) (38,9) (39,8) (40,7) (41,8) (42,8) (43,7) (44,9) (45,9) (46,7) (47,4) (48,1) (49,2) (50,4) (51,4) (52,4) (53,4) (54,4) (55,7) (56,9) (57,10) (58,11) (59,15) (60,17) (61,20) (62,24) (63,23) (64,24) (65,27) (66,31) (67,32) (68,37) (69,39) (70,42) (71,45) (72,48) (73,48) 
TD 25 :
(99,115) (0,99) (98,114) (1,96) (97,110) (2,94) (96,106) (3,92) (95,101) (4,88) (94,100) (5,82) (93,96) (6,78) (92,93) (7,74) (91,89) (8,71) (90,87) (9,70) (89,84) (10,66) (88,80) (11,61) (87,78) (12,60) (86,76) (13,59) (85,73) (14,55) (84,70) (15,54) (83,64) (16,52) (82,63) (17,47) (81,60) (18,45) (80,58) (79,58) (19,41) (78,56) (20,36) (77,54) (21,31) (76,52) (75,52) (22,29) (74,50) (23,29) (73,48) (72,48) (24,28) (25,25) (26,22) (27,21) (28,21) (29,19) (30,16) (31,15) (32,10) (33,11) (34,12) (35,11) (36,8) (37,10) (38,9) (39,8) (40,7) (41,8) (42,8) (43,7) (44,9) (45,9) (46,7) (47,4) (48,1) (49,2) (50,4) (51,4) (52,4) (53,4) (54,4) (55,7) (56,9) (57,10) (58,11) (59,15) (60,17) (61,20) (62,24) (63,23) (64,24) (65,27) (66,31) (67,32) (68,37) (69,39) (70,42) (71,45) 
(99,115) (0,99) (98,114) (1,96) (97,110) (2,94) (96,106) (3,92) (95,101) (4,88) (94,100) (5,82) (93,96) (6,78) (92,93) (7,74) (91,89) (8,71) (90,87) (9,70) (89,84) (10,66) (88,80) (11,61) (87,78) (12,60) (86,76) (13,59) (85,73) (14,55) (84,70) (15,54) (83,64) (16,52) (82,63) (17,47) (81,60) (18,45) (80,58) (79,58) (19,41) (78,56) (20,36) (77,54) (21,31) (76,52) (75,52) (22,29) (74,50) (23,29) (73,48) (72,48) (24,28) 
TD 26 :
(99,115) (0,99) (98,114) (1,96) (97,110) (2,94) (96,106) (3,92) (95,101) (4,88) (94,100) (5,82) (93,96) (6,78) (92,93) (7,74) (91,89) (8,71) (90,87) (9,70) (89,84) (10,66) (88,80) (11,61) (87,78) (12,60) (86,76) (13,59) (85,73) (14,55) (84,70) (15,54) (83,64) (16,52) (82,63) (17,47) (81,60) (18,45) (80,58) (79,58) (19,41) (78,56) (20,36) (77,54) (21,31) (76,52) (75,52) (22,29) (74,50) (23,29) (73,48) (72,48) (24,28) (71,45) (25,25) (26,22) (27,21) (28,21) (29,19) (30,16) (31,15) (32,10) (33,11) (34,12) (35,11) (36,8) (37,10) (38,9) (39,8) (40,7) (41,8) (42,8) (43,7) (44,9) (45,9) (46,7) (47,4) (48,1) (49,2) (50,4) (51,4) (52,4) (53,4) (54,4) (55,7) (56,9) (57,10) (58,11) (59,15) (60,17) (61,20) (62,24) (63,23) (64,24) (65,27) (66,31) (67,32) (68,37) (69,39) (70,42) 
TD 27 :
(99,115) (0,99) (98,114) (1,96) (97,110) (2,94) (96,106) (3,92) (95,101) (4,88) (94,100) (5,82) (93,96) (6,78) (92,93) (7,74) (91,89) (8,71) (90,87) (9,70) (89,84) (10,66) (88,80) (11,61) (87,78) (12,60) (86,76) (13,59) (85,73) (14,55) (84,70) (15,54) (83,64) (16,52) (82,63) (17,47) (81,60) (18,45) (80,58) (79,58) (19,41) (78,56) (20,36) (77,54) (21,31) (76,52) (75,52) (22,29) (74,50) (23,29) (73,48) (72,48) (24,28) (71,45) (25,25) (70,42) (26,22) (27,21) (28,21) (29,19) (30,16) (31,15) (32,10) (33,11) (34,12) (35,11) (36,8) (37,10) (38,9) (39,8) (40,7) (41,8) (42,8) (43,7) (44,9) (45,9) (46,7) (47,4) (48,1) (49,2) (50,4) (51,4) (52,4) (53,4) (54,4) (55,7) (56,9) (57,10) (58,11) (59,15) (60,17) (61,20) (62,24) (63,23) (64,24) (65,27) (66,31) (67,32) (68,37) (69,39) 
TD 28 :
(99,115) (0,99) (98,114) (1,96) (97,110) (2,94) (96,106) (3,92) (95,101) (4,88) (94,100) (5,82) (93,96) (6,78) (92,93) (7,74) (91,89) (8,71) (90,87) (9,70) (89,84) (10,66) (88,80) (11,61) (87,78) (12,60) (86,76) (13,59) (85,73) (14,55) (84,70) (15,54) (83,64) (16,52) (82,63) (17,47) (81,60) (18,45) (80,58) (79,58) (19,41) (78,56) (20,36) (77,54) (21,31) (76,52) (75,52) (22,29) (74,50) (23,29) (73,48) (72,48) (24,28) (71,45) (25,25) (70,42) (26,22) (69,39) (27,21) (28,21) (29,19) (30,16) (31,15) (32,10) (33,11) (34,12) (35,11) (36,8) (37,10) (38,9) (39,8) (40,7) (41,8) (42,8) (43,7) (44,9) (45,9) (46,7) (47,4) (48,1) (49,2) (50,4) (51,4) (52,4) (53,4) (54,4) (55,7) (56,9) (57,10) (58,11) (59,15) (60,17) (61,20) (62,24) (63,23) (64,24) (65,27) (66,31) (67,32) (68,37) 
TD 29 :
(99,115) (0,99) (98,114) (1,96) (97,110) (2,94) (96,106) (3,92) (95,101) (4,88) (94,100) (5,82) (93,96) (6,78) (92,93) (7,74) (91,89) (8,71) (90,87) (9,70) (89,84) (10,66) (88,80) (11,61) (87,78) (12,60) (86,76) (13,59) (85,73) (14,55) (84,70) (15,54) (83,64) (16,52) (82,63) (17,47) (81,60) (18,45) (80,58) (79,58) (19,41) (78,56) (20,36) (77,54) (21,31) (76,52) (75,52) (22,29) (74,50) (23,29) (73,48) (72,48) (24,28) (71,45) (25,25) (70,42) (26,22) (69,39) (27,21) (68,37) (28,21) (29,19) (30,16) (31,15) (32,10) (33,11) (34,12) (35,11) (36,8) (37,10) (38,9) (39,8) (40,7) (41,8) (42,8) (43,7) (44,9) (45,9) (46,7) (47,4) (48,1) (49,2) (50,4) (51,4) (52,4) (53,4) (54,4) (55,7) (56,9) (57,10) (58,11) (59,15) (60,17) (61,20) (62,24) (63,23) (64,24) (65,27) (66,31) (67,32) 
TD 30 :
(99,115) (0,99) (98,114) (1,96) (97,110) (2,94) (96,106) (3,92) (95,101) (4,88) (94,100) (5,82) (93,96) (6,78) (92,93) (7,74) (91,89) (8,71) (90,87) (9,70) (89,84) (10,66) (88,80) (11,61) (87,78) (12,60) (86,76) (13,59) (85,73) (14,55) (84,70) (15,54) (83,64) (16,52) (82,63) (17,47) (81,60) (18,45) (80,58) (79,58) (19,41) (78,56) (20,36) (77,54) (21,31) (76,52) (75,52) (22,29) (74,50) (23,29) (73,48) (72,48) (24,28) (71,45) (25,25) (70,42) (26,22) (69,39) (27,21) (68,37) (28,21) (67,32) (29,19) (30,16) (31,15) (32,10) (33,11) (34,12) (35,11) (36,8) (37,10) (38,9) (39,8) (40,7) (41,8) (42,8) (43,7) (44,9) (45,9) (46,7) (47,4) (48,1) (49,2) (50,4) (51,4) (52,4) (53,4) (54,4) (55,7) (56,9) (57,10) (58,11) (59,15) (60,17) (61,20) (62,24) (63,23) (64,24) (65,27) (66,31) 
TD 31 :
(99,115) (0,99) (98,114) (1,96) (97,110) (2,94) (96,106) (3,92) (95,101) (4,88) (94,100) (5,82) (93,96) (6,78) (92,93) (7,74) (91,89) (8,71) (90,87) (9,70) (89,84) (10,66) (88,80) (11,61) (87,78) (12,60) (86,76) (13,59) (85,73) (14,55) (84,70) (15,54) (83,64) (16,52) (82,63) (17,47) (81,60) (18,45) (80,58) (79,58) (19,41) (78,56) (20,36) (77,54) (21,31) (76,52) (75,52) (22,29) (74,50) (23,29) (73,48) (72,48) (24,28) (71,45) (25,25) (70,42) (26,22) (69,39) (27,21) (68,37) (28,21) (67,32) (29,19) (66,31) (30,16) (31,15) (32,10) (33,11) (34,12) (35,11) (36,8) (37,10) (38,9) (39,8) (40,7) (41,8) (42,8) (43,7) (44,9) (45,9) (46,7) (47,4) (48,1) (49,2) (50,4) (51,4) (52,4) (53,4) (54,4) (55,7) (56,9) (57,10) (58,11) (59,15) (60,17) (61,20) (62,24) (63,23) (64,24) (65,27) 
TD 32 :
(99,115) (0,99) (98,114) (1,96) (97,110) (2,94) (96,106) (3,92) (95,101) (4,88) (94,100) (5,82) (93,96) (6,78) (92,93) (7,74) (91,89) (8,71) (90,87) (9,70) (89,84) (10,66) (88,80) (11,61) (87,78) (12,60) (86,76) (13,59) (85,73) (14,55) (84,70) (15,54) (83,64) (16,52) (82,63) (17,47) (81,60) (18,45) (80,58) (79,58) (19,41) (78,56) (20,36) (77,54) (21,31) (76,52) (75,52) (22,29) (74,50) (23,29) (73,48) (72,48) (24,28) (71,45) (25,25) (70,42) (26,22) (69,39) (27,21) (68,37) (28,21) (67,32) (29,19) (66,31) (30,16) (65,27) (31,15) (32,10) (33,11) (34,12) (35,11) (36,8) (37,10) (38,9) (39,8) (40,7) (41,8) (42,8) (43,7) (44,9) (45,9) (46,7) (47,4) (48,1) (49,2) (50,4) (51,4) (52,4) (53,4) (54,4) (55,7) (56,9) (57,10) (58,11) (59,15) (60,17) (61,20) (62,24) (63,23) (64,24) 
TD 33 :
(99,115) (0,99) (98,114) (1,96) (97,110) (2,94) (96,106) (3,92) (95,101) (4,88) (94,100) (5,82) (93,96) (6,78) (92,93) (7,74) (91,89) (8,71) (90,87) (9,70) (89,84) (10,66) (88,80) (11,61) (87,78) (12,60) (86,76) (13,59) (85,73) (14,55) (84,70) (15,54) (83,64) (16,52) (82,63) (17,47) (81,60) (18,45) (80,58) (79,58) (19,41) (78,56) (20,36) (77,54) (21,31) (76,52) (75,52) (22,29) (74,50) (23,29) (73,48) (72,48) (24,28) (71,45) (25,25) (70,42) (26,22) (69,39) (27,21) (68,37) (28,21) (67,32) (29,19) (66,31) (30,16) (65,27) (31,15) (64,24) (62,24) (34,12) (33,11) (32,10) 
(99,115) (0,99) (98,114) (1,96) (97,110) (2,94) (96,106) (3,92) (95,101) (4,88) (94,100) (5,82) (93,96) (6,78) (92,93) (7,74) (91,89) (8,71) (90,87) (9,70) (89,84) (10,66) (88,80) (11,61) (87,78) (12,60) (86,76) (13,59) (85,73) (14,55) (84,70) (15,54) (83,64) (16,52) (82,63) (17,47) (81,60) (18,45) (80,58) (79,58) (19,41) (78,56) (20,36) (77,54) (21,31) (76,52) (75,52) (22,29) (74,50) (23,29) (73,48) (72,48) (24,28) (71,45) (25,25) (70,42) (26,22) (69,39) (27,21) (68,37) (28,21) (67,32) (29,19) (66,31) (30,16) (65,27) (31,15) (64,24) (62,24) (34,12) (33,11) (32,10) 
(99,115) (0,99) (98,114) (1,96) (97,110) (2,94) (96,106) (3,92) (95,101) (4,88) (94,100) (5,82) (93,96) (6,78) (92,93) (7,74) (91,89) (8,71) (90,87) (9,70) (89,84) (10,66) (88,80) (11,61) (87,78) (12,60) (86,76) (13,59) (85,73) (14,55) (84,70) (15,54) (83,64) (16,52) (82,63) (17,47) (81,60) (18,45) (80,58) (79,58) (19,41) (78,56) (20,36) (77,54) (21,31) (76,52) (75,52) (22,29) (74,50) (23,29) (73,48) (72,48) (24,28) (71,45) (25,25) (70,42) (26,22) (69,39) (27,21) (68,37) (28,21) (67,32) (29,19) (66,31) (30,16) (65,27) (31,15) (64,24) (62,24) (34,12) (33,11) (32,10) (35,11) (36,8) (37,10) (38,9) (39,8) (40,7) (41,8) (42,8) (43,7) (44,9) (45,9) (46,7) (47,4) (48,1) (49,2) (50,4) (51,4) (52,4) (53,4) (54,4) (55,7) (56,9) (57,10) (58,11) (59,15) (60,17) (61,20) 
(99,115) (0,99) (98,114) (1,96) (97,110) (2,94) (96,106) (3,92) (95,101) (4,88) (94,100) (5,82) (93,96) (6,78) (92,93) (7,74) (91,89) (8,71) (90,87) (9,70) (89,84) (10,66) (88,80) (11,61) (87,78) (12,60) (86,76) (13,59) (85,73) (14,55) (84,70) (15,54) (83,64) (16,52) (82,63) (17,47) (81,60) (18,45) (80,58) (79,58) (19,41) (78,56) (20,36) (77,54) (21,31) (76,52) (75,52) (22,29) (74,50) (23,29) (73,48) (72,48) (24,28) (71,45) (25,25) (70,42) (26,22) (69,39) (27,21) (68,37) (28,21) (67,32) (29,19) (66,31) (30,16) (65,27) (31,15) (64,24) (62,24) (34,12) (33,11) (32,10) (63,23) 
TD 34 :
(99,115) (0,99) (98,114) (1,96) (97,110) (2,94) (96,106) (3,92) (95,101) (4,88) (94,100) (5,82) (93,96) (6,78) (92,93) (7,74) (91,89) (8,71) (90,87) (9,70) (89,84) (10,66) (88,80) (11,61) (87,78) (12,60) (86,76) (13,59) (85,73) (14,55) (84,70) (15,54) (83,64) (16,52) (82,63) (17,47) (81,60) (18,45) (80,58) (79,58) (19,41) (78,56) (20,36) (77,54) (21,31) (76,52) (75,52) (22,29) (74,50) (23,29) (73,48) (72,48) (24,28) (71,45) (25,25) (70,42) (26,22) (69,39) (27,21) (68,37) (28,21) (67,32) (29,19) (66,31) (30,16) (65,27) (31,15) (64,24) (62,24) (34,12) (33,11) (32,10) (35,11) (36,8) (37,10) (38,9) (39,8) (40,7) (41,8) (42,8) (43,7) (44,9) (45,9) (46,7) (47,4) (48,1) (49,2) (50,4) (51,4) (52,4) (53,4) (54,4) (55,7) (56,9) (57,10) (58,11) (59,15) (60,17) (61,20) 
(99,115) (0,99) (98,114) (1,96) (97,110) (2,94) (96,106) (3,92) (95,101) (4,88) (94,100) (5,82) (93,96) (6,78) (92,93) (7,74) (91,89) (8,71) (90,87) (9,70) (89,84) (10,66) (88,80) (11,61) (87,78) (12,60) (86,76) (13,59) (85,73) (14,55) (84,70) (15,54) (83,64) (16,52) (82,63) (17,47) (81,60) (18,45) (80,58) (79,58) (19,41) (78,56) (20,36) (77,54) (21,31) (76,52) (75,52) (22,29) (74,50) (23,29) (73,48) (72,48) (24,28) (71,45) (25,25) (70,42) (26,22) (69,39) (27,21) (68,37) (28,21) (67,32) (29,19) (66,31) (30,16) (65,27) (31,15) (64,24) (62,24) (34,12) (33,11) (32,10) (63,23) 
TD 35 :
(99,115) (0,99) (98,114) (1,96) (97,110) (2,94) (96,106) (3,92) (95,101) (4,88) (94,100) (5,82) (93,96) (6,78) (92,93) (7,74) (91,89) (8,71) (90,87) (9,70) (89,84) (10,66) (88,80) (11,61) (87,78) (12,60) (86,76) (13,59) (85,73) (14,55) (84,70) (15,54) (83,64) (16,52) (82,63) (17,47) (81,60) (18,45) (80,58) (79,58) (19,41) (78,56) (20,36) (77,54) (21,31) (76,52) (75,52) (22,29) (74,50) (23,29) (73,48) (72,48) (24,28) (71,45) (25,25) (70,42) (26,22) (69,39) (27,21) (68,37) (28,21) (67,32) (29,19) (66,31) (30,16) (65,27) (31,15) (64,24) (62,24) (34,12) (33,11) (32,10) (35,11) (61,20) (37,10) (36,8) 
(99,115) (0,99) (98,114) (1,96) (97,110) (2,94) (96,106) (3,92) (95,101) (4,88) (94,100) (5,82) (93,96) (6,78) (92,93) (7,74) (91,89) (8,71) (90,87) (9,70) (89,84) (10,66) (88,80) (11,61) (87,78) (12,60) (86,76) (13,59) (85,73) (14,55) (84,70) (15,54) (83,64) (16,52) (82,63) (17,47) (81,60) (18,45) (80,58) (79,58) (19,41) (78,56) (20,36) (77,54) (21,31) (76,52) (75,52) (22,29) (74,50) (23,29) (73,48) (72,48) (24,28) (71,45) (25,25) (70,42) (26,22) (69,39) (27,21) (68,37) (28,21) (67,32) (29,19) (66,31) (30,16) (65,27) (31,15) (64,24) (62,24) (34,12) (33,11) (32,10) (35,11) (61,20) (37,10) (36,8) (38,9) (39,8) (40,7) (41,8) (42,8) (43,7) (44,9) (45,9) (46,7) (47,4) (48,1) (49,2) (50,4) (51,4) (52,4) (53,4) (54,4) (55,7) (56,9) (57,10) (58,11) (59,15) (60,17) 
TD 36 :
(99,115) (0,99) (98,114) (1,96) (97,110) (2,94) (96,106) (3,92) (95,101) (4,88) (94,100) (5,82) (93,96) (6,78) (92,93) (7,74) (91,89) (8,71) (90,87) (9,70) (89,84) (10,66) (88,80) (11,61) (87,78) (12,60) (86,76) (13,59) (85,73) (14,55) (84,70) (15,54) (83,64) (16,52) (82,63) (17,47) (81,60) (18,45) (80,58) (79,58) (19,41) (78,56) (20,36) (77,54) (21,31) (76,52) (75,52) (22,29) (74,50) (23,29) (73,48) (72,48) (24,28) (71,45) (25,25) (70,42) (26,22) (69,39) (27,21) (68,37) (28,21) (67,32) (29,19) (66,31) (30,16) (65,27) (31,15) (64,24) (62,24) (34,12) (33,11) (32,10) (35,11) (61,20) (37,10) (36,8) (60,17) (38,9) (39,8) (40,7) (41,8) (42,8) (43,7) (44,9) (45,9) (46,7) (47,4) (48,1) (49,2) (50,4) (51,4) (52,4) (53,4) (54,4) (55,7) (56,9) (57,10) (58,11) (59,15) 
TD 37 :
(99,115) (0,99) (98,114) (1,96) (97,110) (2,94) (96,106) (3,92) (95,101) (4,88) (94,100) (5,82) (93,96) (6,78) (92,93) (7,74) (91,89) (8,71) (90,87) (9,70) (89,84) (10,66) (88,80) (11,61) (87,78) (12,60) (86,76) (13,59) (85,73) (14,55) (84,70) (15,54) (83,64) (16,52) (82,63) (17,47) (81,60) (18,45) (80,58) (79,58) (19,41) (78,56) (20,36) (77,54) (21,31) (76,52) (75,52) (22,29) (74,50) (23,29) (73,48) (72,48) (24,28) (71,45) (25,25) (70,42) (26,22) (69,39) (27,21) (68,37) (28,21) (67,32) (29,19) (66,31) (30,16) (65,27) (31,15) (64,24) (62,24) (34,12) (33,11) (32,10) (35,11) (61,20) (37,10) (36,8) (60,17) (38,9) (59,15) (39,8) (40,7) (41,8) (42,8) (43,7) (44,9) (45,9) (46,7) (47,4) (48,1) (49,2) (50,4) (51,4) (52,4) (53,4) (54,4) (55,7) (56,9) (57,10) (58,11) 
TD 38 :
(99,115) (0,99) (98,114) (1,96) (97,110) (2,94) (96,106) (3,92) (95,101) (4,88) (94,100) (5,82) (93,96) (6,78) (92,93) (7,74) (91,89) (8,71) (90,87) (9,70) (89,84) (10,66) (88,80) (11,61) (87,78) (12,60) (86,76) (13,59) (85,73) (14,55) (84,70) (15,54) (83,64) (16,52) (82,63) (17,47) (81,60) (18,45) (80,58) (79,58) (19,41) (78,56) (20,36) (77,54) (21,31) (76,52) (75,52) (22,29) (74,50) (23,29) (73,48) (72,48) (24,28) (71,45) (25,25) (70,42) (26,22) (69,39) (27,21) (68,37) (28,21) (67,32) (29,19) (66,31) (30,16) (65,27) (31,15) (64,24) (62,24) (34,12) (33,11) (32,10) (35,11) (61,20) (37,10) (36,8) (60,17) (38,9) (59,15) (39,8) (58,11) (44,9) (41,8) (40,7) 
(99,115) (0,99) (98,114) (1,96) (97,110) (2,94) (96,106) (3,92) (95,101) (4,88) (94,100) (5,82) (93,96) (6,78) (92,93) (7,74) (91,89) (8,71) (90,87) (9,70) (89,84) (10,66) (88,80) (11,61) (87,78) (12,60) (86,76) (13,59) (85,73) (14,55) (84,70) (15,54) (83,64) (16,52) (82,63) (17,47) (81,60) (18,45) (80,58) (79,58) (19,41) (78,56) (20,36) (77,54) (21,31) (76,52) (75,52) (22,29) (74,50) (23,29) (73,48) (72,48) (24,28) (71,45) (25,25) (70,42) (26,22) (69,39) (27,21) (68,37) (28,21) (67,32) (29,19) (66,31) (30,16) (65,27) (31,15) (64,24) (62,24) (34,12) (33,11) (32,10) (35,11) (61,20) (37,10) (36,8) (60,17) (38,9) (59,15) (39,8) (58,11) (44,9) (41,8) (40,7) (42,8) (43,7) 
(99,115) (0,99) (98,114) (1,96) (97,110) (2,94) (96,106) (3,92) (95,101) (4,88) (94,100) (5,82) (93,96) (6,78) (92,93) (7,74) (91,89) (8,71) (90,87) (9,70) (89,84) (10,66) (88,80) (11,61) (87,78) (12,60) (86,76) (13,59) (85,73) (14,55) (84,70) (15,54) (83,64) (16,52) (82,63) (17,47) (81,60) (18,45) (80,58) (79,58) (19,41) (78,56) (20,36) (77,54) (21,31) (76,52) (75,52) (22,29) (74,50) (23,29) (73,48) (72,48) (24,28) (71,45) (25,25) (70,42) (26,22) (69,39) (27,21) (68,37) (28,21) (67,32) (29,19) (66,31) (30,16) (65,27) (31,15) (64,24) (62,24) (34,12) (33,11) (32,10) (35,11) (61,20) (37,10) (36,8) (60,17) (38,9) (59,15) (39,8) (58,11) (44,9) (41,8) (40,7) (45,9) (46,7) (47,4) (48,1) (49,2) (50,4) (51,4) (52,4) (53,4) (54,4) (55,7) (56,9) (57,10) 
TD 39 :
(99,115) (0,99) (98,114) (1,96) (97,110) (2,94) (96,106) (3,92) (95,101) (4,88) (94,100) (5,82) (93,96) (6,78) (92,93) (7,74) (91,89) (8,71) (90,87) (9,70) (89,84) (10,66) (88,80) (11,61) (87,78) (12,60) (86,76) (13,59) (85,73) (14,55) (84,70) (15,54) (83,64) (16,52) (82,63) (17,47) (81,60) (18,45) (80,58) (79,58) (19,41) (78,56) (20,36) (77,54) (21,31) (76,52) (75,52) (22,29) (74,50) (23,29) (73,48) (72,48) (24,28) (71,45) (25,25) (70,42) (26,22) (69,39) (27,21) (68,37) (28,21) (67,32) (29,19) (66,31) (30,16) (65,27) (31,15) (64,24) (62,24) (34,12) (33,11) (32,10) (35,11) (61,20) (37,10) (36,8) (60,17) (38,9) (59,15) (39,8) (58,11) (44,9) (41,8) (40,7) (42,8) (43,7) 
(99,115) (0,99) (98,114) (1,96) (97,110) (2,94) (96,106) (3,92) (95,101) (4,88) (94,100) (5,82) (93,96) (6,78) (92,93) (7,74) (91,89) (8,71) (90,87) (9,70) (89,84) (10,66) (88,80) (11,61) (87,78) (12,60) (86,76) (13,59) (85,73) (14,55) (84,70) (15,54) (83,64) (16,52) (82,63) (17,47) (81,60) (18,45) (80,58) (79,58) (19,41) (78,56) (20,36) (77,54) (21,31) (76,52) (75,52) (22,29) (74,50) (23,29) (73,48) (72,48) (24,28) (71,45) (25,25) (70,42) (26,22) (69,39) (27,21) (68,37) (28,21) (67,32) (29,19) (66,31) (30,16) (65,27) (31,15) (64,24) (62,24) (34,12) (33,11) (32,10) (35,11) (61,20) (37,10) (36,8) (60,17) (38,9) (59,15) (39,8) (58,11) (44,9) (41,8) (40,7) (57,10) (45,9) 
(99,115) (0,99) (98,114) (1,96) (97,110) (2,94) (96,106) (3,92) (95,101) (4,88) (94,100) (5,82) (93,96) (6,78) (92,93) (7,74) (91,89) (8,71) (90,87) (9,70) (89,84) (10,66) (88,80) (11,61) (87,78) (12,60) (86,76) (13,59) (85,73) (14,55) (84,70) (15,54) (83,64) (16,52) (82,63) (17,47) (81,60) (18,45) (80,58) (79,58) (19,41) (78,56) (20,36) (77,54) (21,31) (76,52) (75,52) (22,29) (74,50) (23,29) (73,48) (72,48) (24,28) (71,45) (25,25) (70,42) (26,22) (69,39) (27,21) (68,37) (28,21) (67,32) (29,19) (66,31) (30,16) (65,27) (31,15) (64,24) (62,24) (34,12) (33,11) (32,10) (35,11) (61,20) (37,10) (36,8) (60,17) (38,9) (59,15) (39,8) (58,11) (44,9) (41,8) (40,7) (57,10) (45,9) (46,7) (47,4) (48,1) (49,2) (50,4) (51,4) (52,4) (53,4) (54,4) (55,7) (56,9) 
TD 40 :
(99,115) (0,99) (98,114) (1,96) (97,110) (2,94) (96,106) (3,92) (95,101) (4,88) (94,100) (5,82) (93,96) (6,78) (92,93) (7,74) (91,89) (8,71) (90,87) (9,70) (89,84) (10,66) (88,80) (11,61) (87,78) (12,60) (86,76) (13,59) (85,73) (14,55) (84,70) (15,54) (83,64) (16,52) (82,63) (17,47) (81,60) (18,45) (80,58) (79,58) (19,41) (78,56) (20,36) (77,54) (21,31) (76,52) (75,52) (22,29) (74,50) (23,29) (73,48) (72,48) (24,28) (71,45) (25,25) (70,42) (26,22) (69,39) (27,21) (68,37) (28,21) (67,32) (29,19) (66,31) (30,16) (65,27) (31,15) (64,24) (62,24) (34,12) (33,11) (32,10) (35,11) (61,20) (37,10) (36,8) (60,17) (38,9) (59,15) (39,8) (58,11) (44,9) (41,8) (40,7) (42,8) (43,7) 
(99,115) (0,99) (98,114) (1,96) (97,110) (2,94) (96,106) (3,92) (95,101) (4,88) (94,100) (5,82) (93,96) (6,78) (92,93) (7,74) (91,89) (8,71) (90,87) (9,70) (89,84) (10,66) (88,80) (11,61) (87,78) (12,60) (86,76) (13,59) (85,73) (14,55) (84,70) (15,54) (83,64) (16,52) (82,63) (17,47) (81,60) (18,45) (80,58) (79,58) (19,41) (78,56) (20,36) (77,54) (21,31) (76,52) (75,52) (22,29) (74,50) (23,29) (73,48) (72,48) (24,28) (71,45) (25,25) (70,42) (26,22) (69,39) (27,21) (68,37) (28,21) (67,32) (29,19) (66,31) (30,16) (65,27) (31,15) (64,24) (62,24) (34,12) (33,11) (32,10) (35,11) (61,20) (37,10) (36,8) (60,17) (38,9) (59,15) (39,8) (58,11) (44,9) (41,8) (40,7) (57,10) (45,9) (56,9) (46,7) (47,4) (48,1) (49,2) (50,4) (51,4) (52,4) (53,4) (54,4) (55,7) 
TD 41 :
(99,115) (0,99) (98,114) (1,96) (97,110) (2,94) (96,106) (3,92) (95,101) (4,88) (94,100) (5,82) (93,96) (6,78) (92,93) (7,74) (91,89) (8,71) (90,87) (9,70) (89,84) (10,66) (88,80) (11,61) (87,78) (12,60) (86,76) (13,59) (85,73) (14,55) (84,70) (15,54) (83,64) (16,52) (82,63) (17,47) (81,60) (18,45) (80,58) (79,58) (19,41) (78,56) (20,36) (77,54) (21,31) (76,52) (75,52) (22,29) (74,50) (23,29) (73,48) (72,48) (24,28) (71,45) (25,25) (70,42) (26,22) (69,39) (27,21) (68,37) (28,21) (67,32) (29,19) (66,31) (30,16) (65,27) (31,15) (64,24) (62,24) (34,12) (33,11) (32,10) (35,11) (61,20) (37,10) (36,8) (60,17) (38,9) (59,15) (39,8) (58,11) (44,9) (41,8) (40,7) (57,10) (45,9) (56,9) (55,7) (46,7) (47,4) (48,1) (49,2) (50,4) (51,4) (52,4) (53,4) (54,4) 
TD 42 :
(99,115) (0,99) (98,114) (1,96) (97,110) (2,94) (96,106) (3,92) (95,101) (4,88) (94,100) (5,82) (93,96) (6,78) (92,93) (7,74) (91,89) (8,71) (90,87) (9,70) (89,84) (10,66) (88,80) (11,61) (87,78) (12,60) (86,76) (13,59) (85,73) (14,55) (84,70) (15,54) (83,64) (16,52) (82,63) (17,47) (81,60) (18,45) (80,58) (79,58) (19,41) (78,56) (20,36) (77,54) (21,31) (76,52) (75,52) (22,29) (74,50) (23,29) (73,48) (72,48) (24,28) (71,45) (25,25) (70,42) (26,22) (69,39) (27,21) (68,37) (28,21) (67,32) (29,19) (66,31) (30,16) (65,27) (31,15) (64,24) (62,24) (34,12) (33,11) (32,10) (35,11) (61,20) (37,10) (36,8) (60,17) (38,9) (59,15) (39,8) (58,11) (44,9) (41,8) (40,7) (57,10) (45,9) (56,9) (55,7) (46,7) (54,4) (53,4) (52,4) (51,4) (50,4) (47,4) (48,1) (49,2) 
(99,115) (0,99) (98,114) (1,96) (97,110) (2,94) (96,106) (3,92) (95,101) (4,88) (94,100) (5,82) (93,96) (6,78) (92,93) (7,74) (91,89) (8,71) (90,87) (9,70) (89,84) (10,66) (88,80) (11,61) (87,78) (12,60) (86,76) (13,59) (85,73) (14,55) (84,70) (15,54) (83,64) (16,52) (82,63) (17,47) (81,60) (18,45) (80,58) (79,58) (19,41) (78,56) (20,36) (77,54) (21,31) (76,52) (75,52) (22,29) (74,50) (23,29) (73,48) (72,48) (24,28) (71,45) (25,25) (70,42) (26,22) (69,39) (27,21) (68,37) (28,21) (67,32) (29,19) (66,31) (30,16) (65,27) (31,15) (64,24) (62,24) (34,12) (33,11) (32,10) (35,11) (61,20) (37,10) (36,8) (60,17) (38,9) (59,15) (39,8) (58,11) (44,9) (41,8) (40,7) (57,10) (45,9) (56,9) (55,7) (46,7) (54,4) (53,4) (52,4) (51,4) (50,4) (47,4) 
(99,115) (0,99) (98,114) (1,96) (97,110) (2,94) (96,106) (3,92) (95,101) (4,88) (94,100) (5,82) (93,96) (6,78) (92,93) (7,74) (91,89) (8,71) (90,87) (9,70) (89,84) (10,66) (88,80) (11,61) (87,78) (12,60) (86,76) (13,59) (85,73) (14,55) (84,70) (15,54) (83,64) (16,52) (82,63) (17,47) (81,60) (18,45) (80,58) (79,58) (19,41) (78,56) (20,36) (77,54) (21,31) (76,52) (75,52) (22,29) (74,50) (23,29) (73,48) (72,48) (24,28) (71,45) (25,25) (70,42) (26,22) (69,39) (27,21) (68,37) (28,21) (67,32) (29,19) (66,31) (30,16) (65,27) (31,15) (64,24) (62,24) (34,12) (33,11) (32,10) (35,11) (61,20) (37,10) (36,8) (60,17) (38,9) (59,15) (39,8) (58,11) (44,9) (41,8) (40,7) (57,10) (45,9) (56,9) (55,7) (46,7) (54,4) (53,4) (52,4) (51,4) (50,4) (47,4) 
(99,115) (0,99) (98,114) (1,96) (97,110) (2,94) (96,106) (3,92) (95,101) (4,88) (94,100) (5,82) (93,96) (6,78) (92,93) (7,74) (91,89) (8,71) (90,87) (9,70) (89,84) (10,66) (88,80) (11,61) (87,78) (12,60) (86,76) (13,59) (85,73) (14,55) (84,70) (15,54) (83,64) (16,52) (82,63) (17,47) (81,60) (18,45) (80,58) (79,58) (19,41) (78,56) (20,36) (77,54) (21,31) (76,52) (75,52) (22,29) (74,50) (23,29) (73,48) (72,48) (24,28) (71,45) (25,25) (70,42) (26,22) (69,39) (27,21) (68,37) (28,21) (67,32) (29,19) (66,31) (30,16) (65,27) (31,15) (64,24) (62,24) (34,12) (33,11) (32,10) (35,11) (61,20) (37,10) (36,8) (60,17) (38,9) (59,15) (39,8) (58,11) (44,9) (41,8) (40,7) (57,10) (45,9) (56,9) (55,7) (46,7) (54,4) (53,4) (52,4) (51,4) (50,4) (47,4) 
(99,115) (0,99) (98,114) (1,96) (97,110) (2,94) (96,106) (3,92) (95,101) (4,88) (94,100) (5,82) (93,96) (6,78) (92,93) (7,74) (91,89) (8,71) (90,87) (9,70) (89,84) (10,66) (88,80) (11,61) (87,78) (12,60) (86,76) (13,59) (85,73) (14,55) (84,70) (15,54) (83,64) (16,52) (82,63) (17,47) (81,60) (18,45) (80,58) (79,58) (19,41) (78,56) (20,36) (77,54) (21,31) (76,52) (75,52) (22,29) (74,50) (23,29) (73,48) (72,48) (24,28) (71,45) (25,25) (70,42) (26,22) (69,39) (27,21) (68,37) (28,21) (67,32) (29,19) (66,31) (30,16) (65,27) (31,15) (64,24) (62,24) (34,12) (33,11) (32,10) (35,11) (61,20) (37,10) (36,8) (60,17) (38,9) (59,15) (39,8) (58,11) (44,9) (41,8) (40,7) (57,10) (45,9) (56,9) (55,7) (46,7) (54,4) (53,4) (52,4) (51,4) (50,4) (47,4) 
Pocket 0 :
()
Pocket 1 :
({  (0,99) ,(1,96) } {  (98,114) ,(99,115) } )
Pocket 2 :
({  (1,96) ,(0,99) } {  (99,115) ,(98,114) } )
Pocket 3 :
({  (2,94) ,(1,96) } {  (99,115) ,(97,110) } )
Pocket 4 :
({  (3,92) ,(2,94) } {  (99,115) ,(96,106) } )
Pocket 5 :
({  (4,88) ,(3,92) } {  (99,115) ,(95,101) } )
Pocket 6 :
({  (5,82) ,(4,88) } {  (99,115) ,(94,100) } )
Pocket 7 :
({  (6,78) ,(5,82) } {  (99,115) ,(93,96) } )
Pocket 8 :
({  (7,74) ,(6,78) } {  (99,115) ,(92,93) } )
Pocket 9 :
({  (8,71) ,(7,74) } {  (99,115) ,(91,89) } )
Pocket 10 :
({  (9,70) ,(8,71) } {  (99,115) ,(90,87) } )
Pocket 11 :
({  (10,66) ,(9,70) } {  (99,115) ,(89,84) } )
Pocket 12 :
({  (11,61) ,(10,66) } {  (99,115) ,(88,80) } )
Pocket 13 :
({  (12,60) ,(11,61) } {  (99,115) ,(87,78) } )
Pocket 14 :
({  (13,59) ,(12,60) } {  (99,115) ,(86,76) } )
Pocket 15 :
({  (14,55) ,(13,59) } {  (99,115) ,(85,73) } )
Pocket 16 :
({  (15,54) ,(14,55) } {  (99,115) ,(84,70) } )
Pocket 17 :
({  (16,52) ,(15,54) } {  (99,115) ,(83,64) } )
Pocket 18 :
({  (17,47) ,(16,52) } {  (99,115) ,(82,63) } )
Pocket 19 :
({  (18,45) ,(17,47) } {  (99,115) ,(81,60) } )
Pocket 20 :
({  (19,41) ,(18,45) } {  (80,58) ,(79,58) } {  (19,41) ,(18,45) } {  (80,58) ,(79,58) } )
Pocket 21 :
({  (20,36) ,(19,41) } {  (99,115) ,(78,56) } )
Pocket 22 :
({  (21,31) ,(20,36) } {  (99,115) ,(77,54) } )
Pocket 23 :
({  (22,29) ,(21,31) } {  (76,52) ,(75,52) } {  (22,29) ,(21,31) } {  (76,52) ,(75,52) } )
Pocket 24 :
({  (23,29) ,(22,29) } {  (99,115) ,(74,50) } )
Pocket 25 :
({  (24,28) ,(23,29) } {  (73,48) ,(72,48) } {  (24,28) ,(23,29) } {  (73,48) ,(72,48) } )
Pocket 26 :
({  (25,25) ,(24,28) } {  (99,115) ,(71,45) } )
Pocket 27 :
({  (26,22) ,(25,25) } {  (99,115) ,(70,42) } )
Pocket 28 :
({  (27,21) ,(26,22) } {  (99,115) ,(69,39) } )
Pocket 29 :
({  (28,21) ,(27,21) } {  (99,115) ,(68,37) } )
Pocket 30 :
({  (29,19) ,(28,21) } {  (99,115) ,(67,32) } )
Pocket 31 :
({  (30,16) ,(29,19) } {  (99,115) ,(66,31) } )
Pocket 32 :
({  (31,15) ,(30,16) } {  (99,115) ,(65,27) } )
Pocket 33 :
({  (32,10) ,(31,15) } {  (34,12) ,(33,11) } {  (32,10) ,(31,15) } {  (34,12) ,(33,11) } {  (32,10) ,(31,15) } {  (34,12) ,(33,11) } {  (32,10) ,(31,15) } {  (34,12) ,(33,11) } )
Pocket 34 :
({  (35,11) ,(32,10) } {  (99,115) ,(63,23) } )
Pocket 35 :
({  (36,8) ,(35,11) } {  (38,9) ,(37,10) } {  (36,8) ,(35,11) } {  (38,9) ,(37,10) } )
Pocket 36 :
({  (38,9) ,(36,8) } {  (99,115) ,(60,17) } )
Pocket 37 :
({  (39,8) ,(38,9) } {  (99,115) ,(59,15) } )
Pocket 38 :
({  (40,7) ,(39,8) } {  (42,8) ,(41,8) } {  (40,7) ,(39,8) } {  (42,8) ,(41,8) } {  (40,7) ,(39,8) } {  (42,8) ,(41,8) } )
Pocket 39 :
({  (42,8) ,(40,7) } {  (46,7) ,(45,9) } {  (46,7) ,(45,9) } )
Pocket 40 :
({  (43,7) ,(42,8) } {  (99,115) ,(56,9) } )
Pocket 41 :
({  (46,7) ,(56,9) } {  (99,115) ,(55,7) } )
