39 layers in onion peeling: 
Layer 1
(99,102) (0,101) 
Layer 2
(98,98) (1,98) 
Layer 3
(97,97) (2,97) 
Layer 4
(96,90) (3,93) 
Layer 5
(95,88) (4,86) 
Layer 6
(94,83) (5,80) 
Layer 7
(93,76) (6,77) 
Layer 8
(92,72) (7,72) 
Layer 9
(91,70) (8,69) 
Layer 10
(90,66) (9,65) 
Layer 11
(89,63) (10,62) 
Layer 12
(88,60) (11,58) 
Layer 13
(87,56) (12,56) 
Layer 14
(86,54) (13,53) 
Layer 15
(85,53) (14,52) 
Layer 16
(84,51) (15,48) 
Layer 17
(83,48) (16,44) 
Layer 18
(82,43) (17,43) 
Layer 19
(81,39) (18,38) 
Layer 20
(80,35) (19,37) 
Layer 21
(79,34) (20,35) 
Layer 22
(78,29) (21,31) 
Layer 23
(77,27) (22,27) 
Layer 24
(76,25) (23,25) 
Layer 25
(75,22) (24,23) 
Layer 26
(74,21) (25,20) 
Layer 27
(73,19) (26,20) 
Layer 28
(72,16) (28,18) (27,17) 
Layer 29
(71,14) (30,14) (29,13) 
Layer 30
(70,13) (31,13) 
Layer 31
(69,10) (68,11) (32,11) 
Layer 32
(67,7) (33,10) 
Layer 33
(66,3) (65,4) (34,9) 
Layer 34
(64,3) (39,6) (35,5) 
Layer 35
(63,-1) (59,2) (57,3) (51,4) (37,5) (36,5) 
Layer 36
(62,-1) (58,2) (43,4) (40,4) (38,4) 
Layer 37
(61,-2) (60,0) (56,2) (44,3) (42,3) (41,3) 
Layer 38
(55,2) (53,2) (50,2) (49,2) (46,2) (45,1) 
Layer 39
(54,1) (52,1) (48,1) (47,0) 
---------------------------------------------------------------------------------------
TD 0 :
(99,102) (98,98) (97,97) (96,90) (95,88) (94,83) (93,76) (92,72) (91,70) (90,66) (89,63) (88,60) (87,56) (86,54) (85,53) (84,51) (83,48) (82,43) (81,39) (80,35) (79,34) (78,29) (77,27) (76,25) (75,22) (74,21) (73,19) (72,16) (71,14) (70,13) (69,10) (68,11) (67,7) (66,3) (65,4) (64,3) (63,-1) (62,-1) (61,-2) (60,0) (59,2) (58,2) (57,3) (56,2) (55,2) (54,1) (53,2) (52,1) (51,4) (50,2) (49,2) (48,1) (47,0) (46,2) (45,1) (44,3) (43,4) (42,3) (41,3) (40,4) (39,6) (38,4) (37,5) (36,5) (35,5) (34,9) (33,10) (32,11) (31,13) (30,14) (29,13) (28,18) (27,17) (26,20) (25,20) (24,23) (23,25) (22,27) (21,31) (20,35) (19,37) (18,38) (17,43) (16,44) (15,48) (14,52) (13,53) (12,56) (11,58) (10,62) (9,65) (8,69) (7,72) (6,77) (5,80) (4,86) (3,93) (2,97) (1,98) (0,101) 
TD 1 :
(99,102) (0,101) (1,98) (2,97) (3,93) (4,86) (5,80) (6,77) (7,72) (8,69) (9,65) (10,62) (11,58) (12,56) (13,53) (14,52) (15,48) (16,44) (17,43) (18,38) (19,37) (20,35) (21,31) (22,27) (23,25) (24,23) (25,20) (26,20) (27,17) (28,18) (29,13) (30,14) (31,13) (32,11) (33,10) (34,9) (35,5) (36,5) (37,5) (38,4) (39,6) (40,4) (41,3) (42,3) (43,4) (44,3) (45,1) (46,2) (47,0) (48,1) (49,2) (50,2) (51,4) (52,1) (53,2) (54,1) (55,2) (56,2) (57,3) (58,2) (59,2) (60,0) (61,-2) (62,-1) (63,-1) (64,3) (65,4) (66,3) (67,7) (68,11) (69,10) (70,13) (71,14) (72,16) (73,19) (74,21) (75,22) (76,25) (77,27) (78,29) (79,34) (80,35) (81,39) (82,43) (83,48) (84,51) (85,53) (86,54) (87,56) (88,60) (89,63) (90,66) (91,70) (92,72) (93,76) (94,83) (95,88) (96,90) (97,97) (98,98) 
TD 2 :
(99,102) (0,101) (98,98) (1,98) (2,97) (3,93) (4,86) (5,80) (6,77) (7,72) (8,69) (9,65) (10,62) (11,58) (12,56) (13,53) (14,52) (15,48) (16,44) (17,43) (18,38) (19,37) (20,35) (21,31) (22,27) (23,25) (24,23) (25,20) (26,20) (27,17) (28,18) (29,13) (30,14) (31,13) (32,11) (33,10) (34,9) (35,5) (36,5) (37,5) (38,4) (39,6) (40,4) (41,3) (42,3) (43,4) (44,3) (45,1) (46,2) (47,0) (48,1) (49,2) (50,2) (51,4) (52,1) (53,2) (54,1) (55,2) (56,2) (57,3) (58,2) (59,2) (60,0) (61,-2) (62,-1) (63,-1) (64,3) (65,4) (66,3) (67,7) (68,11) (69,10) (70,13) (71,14) (72,16) (73,19) (74,21) (75,22) (76,25) (77,27) (78,29) (79,34) (80,35) (81,39) (82,43) (83,48) (84,51) (85,53) (86,54) (87,56) (88,60) (89,63) (90,66) (91,70) (92,72) (93,76) (94,83) (95,88) (96,90) (97,97) 
TD 3 :
(99,102) (0,101) (98,98) (1,98) (97,97) (2,97) (3,93) (4,86) (5,80) (6,77) (7,72) (8,69) (9,65) (10,62) (11,58) (12,56) (13,53) (14,52) (15,48) (16,44) (17,43) (18,38) (19,37) (20,35) (21,31) (22,27) (23,25) (24,23) (25,20) (26,20) (27,17) (28,18) (29,13) (30,14) (31,13) (32,11) (33,10) (34,9) (35,5) (36,5) (37,5) (38,4) (39,6) (40,4) (41,3) (42,3) (43,4) (44,3) (45,1) (46,2) (47,0) (48,1) (49,2) (50,2) (51,4) (52,1) (53,2) (54,1) (55,2) (56,2) (57,3) (58,2) (59,2) (60,0) (61,-2) (62,-1) (63,-1) (64,3) (65,4) (66,3) (67,7) (68,11) (69,10) (70,13) (71,14) (72,16) (73,19) (74,21) (75,22) (76,25) (77,27) (78,29) (79,34) (80,35) (81,39) (82,43) (83,48) (84,51) (85,53) (86,54) (87,56) (88,60) (89,63) (90,66) (91,70) (92,72) (93,76) (94,83) (95,88) (96,90) 
TD 4 :
(99,102) (0,101) (98,98) (1,98) (97,97) (2,97) (96,90) (3,93) (4,86) (5,80) (6,77) (7,72) (8,69) (9,65) (10,62) (11,58) (12,56) (13,53) (14,52) (15,48) (16,44) (17,43) (18,38) (19,37) (20,35) (21,31) (22,27) (23,25) (24,23) (25,20) (26,20) (27,17) (28,18) (29,13) (30,14) (31,13) (32,11) (33,10) (34,9) (35,5) (36,5) (37,5) (38,4) (39,6) (40,4) (41,3) (42,3) (43,4) (44,3) (45,1) (46,2) (47,0) (48,1) (49,2) (50,2) (51,4) (52,1) (53,2) (54,1) (55,2) (56,2) (57,3) (58,2) (59,2) (60,0) (61,-2) (62,-1) (63,-1) (64,3) (65,4) (66,3) (67,7) (68,11) (69,10) (70,13) (71,14) (72,16) (73,19) (74,21) (75,22) (76,25) (77,27) (78,29) (79,34) (80,35) (81,39) (82,43) (83,48) (84,51) (85,53) (86,54) (87,56) (88,60) (89,63) (90,66) (91,70) (92,72) (93,76) (94,83) (95,88) 
TD 5 :
(99,102) (0,101) (98,98) (1,98) (97,97) (2,97) (96,90) (3,93) (95,88) (4,86) (5,80) (6,77) (7,72) (8,69) (9,65) (10,62) (11,58) (12,56) (13,53) (14,52) (15,48) (16,44) (17,43) (18,38) (19,37) (20,35) (21,31) (22,27) (23,25) (24,23) (25,20) (26,20) (27,17) (28,18) (29,13) (30,14) (31,13) (32,11) (33,10) (34,9) (35,5) (36,5) (37,5) (38,4) (39,6) (40,4) (41,3) (42,3) (43,4) (44,3) (45,1) (46,2) (47,0) (48,1) (49,2) (50,2) (51,4) (52,1) (53,2) (54,1) (55,2) (56,2) (57,3) (58,2) (59,2) (60,0) (61,-2) (62,-1) (63,-1) (64,3) (65,4) (66,3) (67,7) (68,11) (69,10) (70,13) (71,14) (72,16) (73,19) (74,21) (75,22) (76,25) (77,27) (78,29) (79,34) (80,35) (81,39) (82,43) (83,48) (84,51) (85,53) (86,54) (87,56) (88,60) (89,63) (90,66) (91,70) (92,72) (93,76) (94,83) 
TD 6 :
(99,102) (0,101) (98,98) (1,98) (97,97) (2,97) (96,90) (3,93) (95,88) (4,86) (94,83) (5,80) (6,77) (7,72) (8,69) (9,65) (10,62) (11,58) (12,56) (13,53) (14,52) (15,48) (16,44) (17,43) (18,38) (19,37) (20,35) (21,31) (22,27) (23,25) (24,23) (25,20) (26,20) (27,17) (28,18) (29,13) (30,14) (31,13) (32,11) (33,10) (34,9) (35,5) (36,5) (37,5) (38,4) (39,6) (40,4) (41,3) (42,3) (43,4) (44,3) (45,1) (46,2) (47,0) (48,1) (49,2) (50,2) (51,4) (52,1) (53,2) (54,1) (55,2) (56,2) (57,3) (58,2) (59,2) (60,0) (61,-2) (62,-1) (63,-1) (64,3) (65,4) (66,3) (67,7) (68,11) (69,10) (70,13) (71,14) (72,16) (73,19) (74,21) (75,22) (76,25) (77,27) (78,29) (79,34) (80,35) (81,39) (82,43) (83,48) (84,51) (85,53) (86,54) (87,56) (88,60) (89,63) (90,66) (91,70) (92,72) (93,76) 
TD 7 :
(99,102) (0,101) (98,98) (1,98) (97,97) (2,97) (96,90) (3,93) (95,88) (4,86) (94,83) (5,80) (93,76) (6,77) (7,72) (8,69) (9,65) (10,62) (11,58) (12,56) (13,53) (14,52) (15,48) (16,44) (17,43) (18,38) (19,37) (20,35) (21,31) (22,27) (23,25) (24,23) (25,20) (26,20) (27,17) (28,18) (29,13) (30,14) (31,13) (32,11) (33,10) (34,9) (35,5) (36,5) (37,5) (38,4) (39,6) (40,4) (41,3) (42,3) (43,4) (44,3) (45,1) (46,2) (47,0) (48,1) (49,2) (50,2) (51,4) (52,1) (53,2) (54,1) (55,2) (56,2) (57,3) (58,2) (59,2) (60,0) (61,-2) (62,-1) (63,-1) (64,3) (65,4) (66,3) (67,7) (68,11) (69,10) (70,13) (71,14) (72,16) (73,19) (74,21) (75,22) (76,25) (77,27) (78,29) (79,34) (80,35) (81,39) (82,43) (83,48) (84,51) (85,53) (86,54) (87,56) (88,60) (89,63) (90,66) (91,70) (92,72) 
TD 8 :
(99,102) (0,101) (98,98) (1,98) (97,97) (2,97) (96,90) (3,93) (95,88) (4,86) (94,83) (5,80) (93,76) (6,77) (92,72) (7,72) (8,69) (9,65) (10,62) (11,58) (12,56) (13,53) (14,52) (15,48) (16,44) (17,43) (18,38) (19,37) (20,35) (21,31) (22,27) (23,25) (24,23) (25,20) (26,20) (27,17) (28,18) (29,13) (30,14) (31,13) (32,11) (33,10) (34,9) (35,5) (36,5) (37,5) (38,4) (39,6) (40,4) (41,3) (42,3) (43,4) (44,3) (45,1) (46,2) (47,0) (48,1) (49,2) (50,2) (51,4) (52,1) (53,2) (54,1) (55,2) (56,2) (57,3) (58,2) (59,2) (60,0) (61,-2) (62,-1) (63,-1) (64,3) (65,4) (66,3) (67,7) (68,11) (69,10) (70,13) (71,14) (72,16) (73,19) (74,21) (75,22) (76,25) (77,27) (78,29) (79,34) (80,35) (81,39) (82,43) (83,48) (84,51) (85,53) (86,54) (87,56) (88,60) (89,63) (90,66) (91,70) 
TD 9 :
(99,102) (0,101) (98,98) (1,98) (97,97) (2,97) (96,90) (3,93) (95,88) (4,86) (94,83) (5,80) (93,76) (6,77) (92,72) (7,72) (91,70) (8,69) (9,65) (10,62) (11,58) (12,56) (13,53) (14,52) (15,48) (16,44) (17,43) (18,38) (19,37) (20,35) (21,31) (22,27) (23,25) (24,23) (25,20) (26,20) (27,17) (28,18) (29,13) (30,14) (31,13) (32,11) (33,10) (34,9) (35,5) (36,5) (37,5) (38,4) (39,6) (40,4) (41,3) (42,3) (43,4) (44,3) (45,1) (46,2) (47,0) (48,1) (49,2) (50,2) (51,4) (52,1) (53,2) (54,1) (55,2) (56,2) (57,3) (58,2) (59,2) (60,0) (61,-2) (62,-1) (63,-1) (64,3) (65,4) (66,3) (67,7) (68,11) (69,10) (70,13) (71,14) (72,16) (73,19) (74,21) (75,22) (76,25) (77,27) (78,29) (79,34) (80,35) (81,39) (82,43) (83,48) (84,51) (85,53) (86,54) (87,56) (88,60) (89,63) (90,66) 
TD 10 :
(99,102) (0,101) (98,98) (1,98) (97,97) (2,97) (96,90) (3,93) (95,88) (4,86) (94,83) (5,80) (93,76) (6,77) (92,72) (7,72) (91,70) (8,69) (90,66) (9,65) (10,62) (11,58) (12,56) (13,53) (14,52) (15,48) (16,44) (17,43) (18,38) (19,37) (20,35) (21,31) (22,27) (23,25) (24,23) (25,20) (26,20) (27,17) (28,18) (29,13) (30,14) (31,13) (32,11) (33,10) (34,9) (35,5) (36,5) (37,5) (38,4) (39,6) (40,4) (41,3) (42,3) (43,4) (44,3) (45,1) (46,2) (47,0) (48,1) (49,2) (50,2) (51,4) (52,1) (53,2) (54,1) (55,2) (56,2) (57,3) (58,2) (59,2) (60,0) (61,-2) (62,-1) (63,-1) (64,3) (65,4) (66,3) (67,7) (68,11) (69,10) (70,13) (71,14) (72,16) (73,19) (74,21) (75,22) (76,25) (77,27) (78,29) (79,34) (80,35) (81,39) (82,43) (83,48) (84,51) (85,53) (86,54) (87,56) (88,60) (89,63) 
TD 11 :
(99,102) (0,101) (98,98) (1,98) (97,97) (2,97) (96,90) (3,93) (95,88) (4,86) (94,83) (5,80) (93,76) (6,77) (92,72) (7,72) (91,70) (8,69) (90,66) (9,65) (89,63) (10,62) (11,58) (12,56) (13,53) (14,52) (15,48) (16,44) (17,43) (18,38) (19,37) (20,35) (21,31) (22,27) (23,25) (24,23) (25,20) (26,20) (27,17) (28,18) (29,13) (30,14) (31,13) (32,11) (33,10) (34,9) (35,5) (36,5) (37,5) (38,4) (39,6) (40,4) (41,3) (42,3) (43,4) (44,3) (45,1) (46,2) (47,0) (48,1) (49,2) (50,2) (51,4) (52,1) (53,2) (54,1) (55,2) (56,2) (57,3) (58,2) (59,2) (60,0) (61,-2) (62,-1) (63,-1) (64,3) (65,4) (66,3) (67,7) (68,11) (69,10) (70,13) (71,14) (72,16) (73,19) (74,21) (75,22) (76,25) (77,27) (78,29) (79,34) (80,35) (81,39) (82,43) (83,48) (84,51) (85,53) (86,54) (87,56) (88,60) 
TD 12 :
(99,102) (0,101) (98,98) (1,98) (97,97) (2,97) (96,90) (3,93) (95,88) (4,86) (94,83) (5,80) (93,76) (6,77) (92,72) (7,72) (91,70) (8,69) (90,66) (9,65) (89,63) (10,62) (88,60) (11,58) (12,56) (13,53) (14,52) (15,48) (16,44) (17,43) (18,38) (19,37) (20,35) (21,31) (22,27) (23,25) (24,23) (25,20) (26,20) (27,17) (28,18) (29,13) (30,14) (31,13) (32,11) (33,10) (34,9) (35,5) (36,5) (37,5) (38,4) (39,6) (40,4) (41,3) (42,3) (43,4) (44,3) (45,1) (46,2) (47,0) (48,1) (49,2) (50,2) (51,4) (52,1) (53,2) (54,1) (55,2) (56,2) (57,3) (58,2) (59,2) (60,0) (61,-2) (62,-1) (63,-1) (64,3) (65,4) (66,3) (67,7) (68,11) (69,10) (70,13) (71,14) (72,16) (73,19) (74,21) (75,22) (76,25) (77,27) (78,29) (79,34) (80,35) (81,39) (82,43) (83,48) (84,51) (85,53) (86,54) (87,56) 
TD 13 :
(99,102) (0,101) (98,98) (1,98) (97,97) (2,97) (96,90) (3,93) (95,88) (4,86) (94,83) (5,80) (93,76) (6,77) (92,72) (7,72) (91,70) (8,69) (90,66) (9,65) (89,63) (10,62) (88,60) (11,58) (87,56) (12,56) (13,53) (14,52) (15,48) (16,44) (17,43) (18,38) (19,37) (20,35) (21,31) (22,27) (23,25) (24,23) (25,20) (26,20) (27,17) (28,18) (29,13) (30,14) (31,13) (32,11) (33,10) (34,9) (35,5) (36,5) (37,5) (38,4) (39,6) (40,4) (41,3) (42,3) (43,4) (44,3) (45,1) (46,2) (47,0) (48,1) (49,2) (50,2) (51,4) (52,1) (53,2) (54,1) (55,2) (56,2) (57,3) (58,2) (59,2) (60,0) (61,-2) (62,-1) (63,-1) (64,3) (65,4) (66,3) (67,7) (68,11) (69,10) (70,13) (71,14) (72,16) (73,19) (74,21) (75,22) (76,25) (77,27) (78,29) (79,34) (80,35) (81,39) (82,43) (83,48) (84,51) (85,53) (86,54) 
TD 14 :
(99,102) (0,101) (98,98) (1,98) (97,97) (2,97) (96,90) (3,93) (95,88) (4,86) (94,83) (5,80) (93,76) (6,77) (92,72) (7,72) (91,70) (8,69) (90,66) (9,65) (89,63) (10,62) (88,60) (11,58) (87,56) (12,56) (86,54) (13,53) (14,52) (15,48) (16,44) (17,43) (18,38) (19,37) (20,35) (21,31) (22,27) (23,25) (24,23) (25,20) (26,20) (27,17) (28,18) (29,13) (30,14) (31,13) (32,11) (33,10) (34,9) (35,5) (36,5) (37,5) (38,4) (39,6) (40,4) (41,3) (42,3) (43,4) (44,3) (45,1) (46,2) (47,0) (48,1) (49,2) (50,2) (51,4) (52,1) (53,2) (54,1) (55,2) (56,2) (57,3) (58,2) (59,2) (60,0) (61,-2) (62,-1) (63,-1) (64,3) (65,4) (66,3) (67,7) (68,11) (69,10) (70,13) (71,14) (72,16) (73,19) (74,21) (75,22) (76,25) (77,27) (78,29) (79,34) (80,35) (81,39) (82,43) (83,48) (84,51) (85,53) 
TD 15 :
(99,102) (0,101) (98,98) (1,98) (97,97) (2,97) (96,90) (3,93) (95,88) (4,86) (94,83) (5,80) (93,76) (6,77) (92,72) (7,72) (91,70) (8,69) (90,66) (9,65) (89,63) (10,62) (88,60) (11,58) (87,56) (12,56) (86,54) (13,53) (85,53) (14,52) (15,48) (16,44) (17,43) (18,38) (19,37) (20,35) (21,31) (22,27) (23,25) (24,23) (25,20) (26,20) (27,17) (28,18) (29,13) (30,14) (31,13) (32,11) (33,10) (34,9) (35,5) (36,5) (37,5) (38,4) (39,6) (40,4) (41,3) (42,3) (43,4) (44,3) (45,1) (46,2) (47,0) (48,1) (49,2) (50,2) (51,4) (52,1) (53,2) (54,1) (55,2) (56,2) (57,3) (58,2) (59,2) (60,0) (61,-2) (62,-1) (63,-1) (64,3) (65,4) (66,3) (67,7) (68,11) (69,10) (70,13) (71,14) (72,16) (73,19) (74,21) (75,22) (76,25) (77,27) (78,29) (79,34) (80,35) (81,39) (82,43) (83,48) (84,51) 
TD 16 :
(99,102) (0,101) (98,98) (1,98) (97,97) (2,97) (96,90) (3,93) (95,88) (4,86) (94,83) (5,80) (93,76) (6,77) (92,72) (7,72) (91,70) (8,69) (90,66) (9,65) (89,63) (10,62) (88,60) (11,58) (87,56) (12,56) (86,54) (13,53) (85,53) (14,52) (84,51) (15,48) (16,44) (17,43) (18,38) (19,37) (20,35) (21,31) (22,27) (23,25) (24,23) (25,20) (26,20) (27,17) (28,18) (29,13) (30,14) (31,13) (32,11) (33,10) (34,9) (35,5) (36,5) (37,5) (38,4) (39,6) (40,4) (41,3) (42,3) (43,4) (44,3) (45,1) (46,2) (47,0) (48,1) (49,2) (50,2) (51,4) (52,1) (53,2) (54,1) (55,2) (56,2) (57,3) (58,2) (59,2) (60,0) (61,-2) (62,-1) (63,-1) (64,3) (65,4) (66,3) (67,7) (68,11) (69,10) (70,13) (71,14) (72,16) (73,19) (74,21) (75,22) (76,25) (77,27) (78,29) (79,34) (80,35) (81,39) (82,43) (83,48) 
TD 17 :
(99,102) (0,101) (98,98) (1,98) (97,97) (2,97) (96,90) (3,93) (95,88) (4,86) (94,83) (5,80) (93,76) (6,77) (92,72) (7,72) (91,70) (8,69) (90,66) (9,65) (89,63) (10,62) (88,60) (11,58) (87,56) (12,56) (86,54) (13,53) (85,53) (14,52) (84,51) (15,48) (83,48) (16,44) (17,43) (18,38) (19,37) (20,35) (21,31) (22,27) (23,25) (24,23) (25,20) (26,20) (27,17) (28,18) (29,13) (30,14) (31,13) (32,11) (33,10) (34,9) (35,5) (36,5) (37,5) (38,4) (39,6) (40,4) (41,3) (42,3) (43,4) (44,3) (45,1) (46,2) (47,0) (48,1) (49,2) (50,2) (51,4) (52,1) (53,2) (54,1) (55,2) (56,2) (57,3) (58,2) (59,2) (60,0) (61,-2) (62,-1) (63,-1) (64,3) (65,4) (66,3) (67,7) (68,11) (69,10) (70,13) (71,14) (72,16) (73,19) (74,21) (75,22) (76,25) (77,27) (78,29) (79,34) (80,35) (81,39) (82,43) 
TD 18 :
(99,102) (0,101) (98,98) (1,98) (97,97) (2,97) (96,90) (3,93) (95,88) (4,86) (94,83) (5,80) (93,76) (6,77) (92,72) (7,72) (91,70) (8,69) (90,66) (9,65) (89,63) (10,62) (88,60) (11,58) (87,56) (12,56) (86,54) (13,53) (85,53) (14,52) (84,51) (15,48) (83,48) (16,44) (82,43) (17,43) (18,38) (19,37) (20,35) (21,31) (22,27) (23,25) (24,23) (25,20) (26,20) (27,17) (28,18) (29,13) (30,14) (31,13) (32,11) (33,10) (34,9) (35,5) (36,5) (37,5) (38,4) (39,6) (40,4) (41,3) (42,3) (43,4) (44,3) (45,1) (46,2) (47,0) (48,1) (49,2) (50,2) (51,4) (52,1) (53,2) (54,1) (55,2) (56,2) (57,3) (58,2) (59,2) (60,0) (61,-2) (62,-1) (63,-1) (64,3) (65,4) (66,3) (67,7) (68,11) (69,10) (70,13) (71,14) (72,16) (73,19) (74,21) (75,22) (76,25) (77,27) (78,29) (79,34) (80,35) (81,39) 
TD 19 :
(99,102) (0,101) (98,98) (1,98) (97,97) (2,97) (96,90) (3,93) (95,88) (4,86) (94,83) (5,80) (93,76) (6,77) (92,72) (7,72) (91,70) (8,69) (90,66) (9,65) (89,63) (10,62) (88,60) (11,58) (87,56) (12,56) (86,54) (13,53) (85,53) (14,52) (84,51) (15,48) (83,48) (16,44) (82,43) (17,43) (81,39) (18,38) (19,37) (20,35) (21,31) (22,27) (23,25) (24,23) (25,20) (26,20) (27,17) (28,18) (29,13) (30,14) (31,13) (32,11) (33,10) (34,9) (35,5) (36,5) (37,5) (38,4) (39,6) (40,4) (41,3) (42,3) (43,4) (44,3) (45,1) (46,2) (47,0) (48,1) (49,2) (50,2) (51,4) (52,1) (53,2) (54,1) (55,2) (56,2) (57,3) (58,2) (59,2) (60,0) (61,-2) (62,-1) (63,-1) (64,3) (65,4) (66,3) (67,7) (68,11) (69,10) (70,13) (71,14) (72,16) (73,19) (74,21) (75,22) (76,25) (77,27) (78,29) (79,34) (80,35) 
TD 20 :
(99,102) (0,101) (98,98) (1,98) (97,97) (2,97) (96,90) (3,93) (95,88) (4,86) (94,83) (5,80) (93,76) (6,77) (92,72) (7,72) (91,70) (8,69) (90,66) (9,65) (89,63) (10,62) (88,60) (11,58) (87,56) (12,56) (86,54) (13,53) (85,53) (14,52) (84,51) (15,48) (83,48) (16,44) (82,43) (17,43) (81,39) (18,38) (80,35) (19,37) (20,35) (21,31) (22,27) (23,25) (24,23) (25,20) (26,20) (27,17) (28,18) (29,13) (30,14) (31,13) (32,11) (33,10) (34,9) (35,5) (36,5) (37,5) (38,4) (39,6) (40,4) (41,3) (42,3) (43,4) (44,3) (45,1) (46,2) (47,0) (48,1) (49,2) (50,2) (51,4) (52,1) (53,2) (54,1) (55,2) (56,2) (57,3) (58,2) (59,2) (60,0) (61,-2) (62,-1) (63,-1) (64,3) (65,4) (66,3) (67,7) (68,11) (69,10) (70,13) (71,14) (72,16) (73,19) (74,21) (75,22) (76,25) (77,27) (78,29) (79,34) 
TD 21 :
(99,102) (0,101) (98,98) (1,98) (97,97) (2,97) (96,90) (3,93) (95,88) (4,86) (94,83) (5,80) (93,76) (6,77) (92,72) (7,72) (91,70) (8,69) (90,66) (9,65) (89,63) (10,62) (88,60) (11,58) (87,56) (12,56) (86,54) (13,53) (85,53) (14,52) (84,51) (15,48) (83,48) (16,44) (82,43) (17,43) (81,39) (18,38) (80,35) (19,37) (79,34) (20,35) (21,31) (22,27) (23,25) (24,23) (25,20) (26,20) (27,17) (28,18) (29,13) (30,14) (31,13) (32,11) (33,10) (34,9) (35,5) (36,5) (37,5) (38,4) (39,6) (40,4) (41,3) (42,3) (43,4) (44,3) (45,1) (46,2) (47,0) (48,1) (49,2) (50,2) (51,4) (52,1) (53,2) (54,1) (55,2) (56,2) (57,3) (58,2) (59,2) (60,0) (61,-2) (62,-1) (63,-1) (64,3) (65,4) (66,3) (67,7) (68,11) (69,10) (70,13) (71,14) (72,16) (73,19) (74,21) (75,22) (76,25) (77,27) (78,29) 
TD 22 :
(99,102) (0,101) (98,98) (1,98) (97,97) (2,97) (96,90) (3,93) (95,88) (4,86) (94,83) (5,80) (93,76) (6,77) (92,72) (7,72) (91,70) (8,69) (90,66) (9,65) (89,63) (10,62) (88,60) (11,58) (87,56) (12,56) (86,54) (13,53) (85,53) (14,52) (84,51) (15,48) (83,48) (16,44) (82,43) (17,43) (81,39) (18,38) (80,35) (19,37) (79,34) (20,35) (78,29) (21,31) (22,27) (23,25) (24,23) (25,20) (26,20) (27,17) (28,18) (29,13) (30,14) (31,13) (32,11) (33,10) (34,9) (35,5) (36,5) (37,5) (38,4) (39,6) (40,4) (41,3) (42,3) (43,4) (44,3) (45,1) (46,2) (47,0) (48,1) (49,2) (50,2) (51,4) (52,1) (53,2) (54,1) (55,2) (56,2) (57,3) (58,2) (59,2) (60,0) (61,-2) (62,-1) (63,-1) (64,3) (65,4) (66,3) (67,7) (68,11) (69,10) (70,13) (71,14) (72,16) (73,19) (74,21) (75,22) (76,25) (77,27) 
TD 23 :
(99,102) (0,101) (98,98) (1,98) (97,97) (2,97) (96,90) (3,93) (95,88) (4,86) (94,83) (5,80) (93,76) (6,77) (92,72) (7,72) (91,70) (8,69) (90,66) (9,65) (89,63) (10,62) (88,60) (11,58) (87,56) (12,56) (86,54) (13,53) (85,53) (14,52) (84,51) (15,48) (83,48) (16,44) (82,43) (17,43) (81,39) (18,38) (80,35) (19,37) (79,34) (20,35) (78,29) (21,31) (77,27) (22,27) (23,25) (24,23) (25,20) (26,20) (27,17) (28,18) (29,13) (30,14) (31,13) (32,11) (33,10) (34,9) (35,5) (36,5) (37,5) (38,4) (39,6) (40,4) (41,3) (42,3) (43,4) (44,3) (45,1) (46,2) (47,0) (48,1) (49,2) (50,2) (51,4) (52,1) (53,2) (54,1) (55,2) (56,2) (57,3) (58,2) (59,2) (60,0) (61,-2) (62,-1) (63,-1) (64,3) (65,4) (66,3) (67,7) (68,11) (69,10) (70,13) (71,14) (72,16) (73,19) (74,21) (75,22) (76,25) 
TD 24 :
(99,102) (0,101) (98,98) (1,98) (97,97) (2,97) (96,90) (3,93) (95,88) (4,86) (94,83) (5,80) (93,76) (6,77) (92,72) (7,72) (91,70) (8,69) (90,66) (9,65) (89,63) (10,62) (88,60) (11,58) (87,56) (12,56) (86,54) (13,53) (85,53) (14,52) (84,51) (15,48) (83,48) (16,44) (82,43) (17,43) (81,39) (18,38) (80,35) (19,37) (79,34) (20,35) (78,29) (21,31) (77,27) (22,27) (76,25) (23,25) (24,23) (25,20) (26,20) (27,17) (28,18) (29,13) (30,14) (31,13) (32,11) (33,10) (34,9) (35,5) (36,5) (37,5) (38,4) (39,6) (40,4) (41,3) (42,3) (43,4) (44,3) (45,1) (46,2) (47,0) (48,1) (49,2) (50,2) (51,4) (52,1) (53,2) (54,1) (55,2) (56,2) (57,3) (58,2) (59,2) (60,0) (61,-2) (62,-1) (63,-1) (64,3) (65,4) (66,3) (67,7) (68,11) (69,10) (70,13) (71,14) (72,16) (73,19) (74,21) (75,22) 
TD 25 :
(99,102) (0,101) (98,98) (1,98) (97,97) (2,97) (96,90) (3,93) (95,88) (4,86) (94,83) (5,80) (93,76) (6,77) (92,72) (7,72) (91,70) (8,69) (90,66) (9,65) (89,63) (10,62) (88,60) (11,58) (87,56) (12,56) (86,54) (13,53) (85,53) (14,52) (84,51) (15,48) (83,48) (16,44) (82,43) (17,43) (81,39) (18,38) (80,35) (19,37) (79,34) (20,35) (78,29) (21,31) (77,27) (22,27) (76,25) (23,25) (75,22) (24,23) (25,20) (26,20) (27,17) (28,18) (29,13) (30,14) (31,13) (32,11) (33,10) (34,9) (35,5) (36,5) (37,5) (38,4) (39,6) (40,4) (41,3) (42,3) (43,4) (44,3) (45,1) (46,2) (47,0) (48,1) (49,2) (50,2) (51,4) (52,1) (53,2) (54,1) (55,2) (56,2) (57,3) (58,2) (59,2) (60,0) (61,-2) (62,-1) (63,-1) (64,3) (65,4) (66,3) (67,7) (68,11) (69,10) (70,13) (71,14) (72,16) (73,19) (74,21) 
TD 26 :
(99,102) (0,101) (98,98) (1,98) (97,97) (2,97) (96,90) (3,93) (95,88) (4,86) (94,83) (5,80) (93,76) (6,77) (92,72) (7,72) (91,70) (8,69) (90,66) (9,65) (89,63) (10,62) (88,60) (11,58) (87,56) (12,56) (86,54) (13,53) (85,53) (14,52) (84,51) (15,48) (83,48) (16,44) (82,43) (17,43) (81,39) (18,38) (80,35) (19,37) (79,34) (20,35) (78,29) (21,31) (77,27) (22,27) (76,25) (23,25) (75,22) (24,23) (74,21) (25,20) (26,20) (27,17) (28,18) (29,13) (30,14) (31,13) (32,11) (33,10) (34,9) (35,5) (36,5) (37,5) (38,4) (39,6) (40,4) (41,3) (42,3) (43,4) (44,3) (45,1) (46,2) (47,0) (48,1) (49,2) (50,2) (51,4) (52,1) (53,2) (54,1) (55,2) (56,2) (57,3) (58,2) (59,2) (60,0) (61,-2) (62,-1) (63,-1) (64,3) (65,4) (66,3) (67,7) (68,11) (69,10) (70,13) (71,14) (72,16) (73,19) 
TD 27 :
(99,102) (0,101) (98,98) (1,98) (97,97) (2,97) (96,90) (3,93) (95,88) (4,86) (94,83) (5,80) (93,76) (6,77) (92,72) (7,72) (91,70) (8,69) (90,66) (9,65) (89,63) (10,62) (88,60) (11,58) (87,56) (12,56) (86,54) (13,53) (85,53) (14,52) (84,51) (15,48) (83,48) (16,44) (82,43) (17,43) (81,39) (18,38) (80,35) (19,37) (79,34) (20,35) (78,29) (21,31) (77,27) (22,27) (76,25) (23,25) (75,22) (24,23) (74,21) (25,20) (73,19) (26,20) (27,17) (28,18) (29,13) (30,14) (31,13) (32,11) (33,10) (34,9) (35,5) (36,5) (37,5) (38,4) (39,6) (40,4) (41,3) (42,3) (43,4) (44,3) (45,1) (46,2) (47,0) (48,1) (49,2) (50,2) (51,4) (52,1) (53,2) (54,1) (55,2) (56,2) (57,3) (58,2) (59,2) (60,0) (61,-2) (62,-1) (63,-1) (64,3) (65,4) (66,3) (67,7) (68,11) (69,10) (70,13) (71,14) (72,16) 
TD 28 :
(99,102) (0,101) (98,98) (1,98) (97,97) (2,97) (96,90) (3,93) (95,88) (4,86) (94,83) (5,80) (93,76) (6,77) (92,72) (7,72) (91,70) (8,69) (90,66) (9,65) (89,63) (10,62) (88,60) (11,58) (87,56) (12,56) (86,54) (13,53) (85,53) (14,52) (84,51) (15,48) (83,48) (16,44) (82,43) (17,43) (81,39) (18,38) (80,35) (19,37) (79,34) (20,35) (78,29) (21,31) (77,27) (22,27) (76,25) (23,25) (75,22) (24,23) (74,21) (25,20) (73,19) (26,20) (72,16) (28,18) (27,17) 
(99,102) (0,101) (98,98) (1,98) (97,97) (2,97) (96,90) (3,93) (95,88) (4,86) (94,83) (5,80) (93,76) (6,77) (92,72) (7,72) (91,70) (8,69) (90,66) (9,65) (89,63) (10,62) (88,60) (11,58) (87,56) (12,56) (86,54) (13,53) (85,53) (14,52) (84,51) (15,48) (83,48) (16,44) (82,43) (17,43) (81,39) (18,38) (80,35) (19,37) (79,34) (20,35) (78,29) (21,31) (77,27) (22,27) (76,25) (23,25) (75,22) (24,23) (74,21) (25,20) (73,19) (26,20) (72,16) (28,18) (27,17) (29,13) (30,14) (31,13) (32,11) (33,10) (34,9) (35,5) (36,5) (37,5) (38,4) (39,6) (40,4) (41,3) (42,3) (43,4) (44,3) (45,1) (46,2) (47,0) (48,1) (49,2) (50,2) (51,4) (52,1) (53,2) (54,1) (55,2) (56,2) (57,3) (58,2) (59,2) (60,0) (61,-2) (62,-1) (63,-1) (64,3) (65,4) (66,3) (67,7) (68,11) (69,10) (70,13) (71,14) 
TD 29 :
(99,102) (0,101) (98,98) (1,98) (97,97) (2,97) (96,90) (3,93) (95,88) (4,86) (94,83) (5,80) (93,76) (6,77) (92,72) (7,72) (91,70) (8,69) (90,66) (9,65) (89,63) (10,62) (88,60) (11,58) (87,56) (12,56) (86,54) (13,53) (85,53) (14,52) (84,51) (15,48) (83,48) (16,44) (82,43) (17,43) (81,39) (18,38) (80,35) (19,37) (79,34) (20,35) (78,29) (21,31) (77,27) (22,27) (76,25) (23,25) (75,22) (24,23) (74,21) (25,20) (73,19) (26,20) (72,16) (28,18) (27,17) (71,14) (30,14) (29,13) 
(99,102) (0,101) (98,98) (1,98) (97,97) (2,97) (96,90) (3,93) (95,88) (4,86) (94,83) (5,80) (93,76) (6,77) (92,72) (7,72) (91,70) (8,69) (90,66) (9,65) (89,63) (10,62) (88,60) (11,58) (87,56) (12,56) (86,54) (13,53) (85,53) (14,52) (84,51) (15,48) (83,48) (16,44) (82,43) (17,43) (81,39) (18,38) (80,35) (19,37) (79,34) (20,35) (78,29) (21,31) (77,27) (22,27) (76,25) (23,25) (75,22) (24,23) (74,21) (25,20) (73,19) (26,20) (72,16) (28,18) (27,17) (71,14) (30,14) (29,13) (31,13) (32,11) (33,10) (34,9) (35,5) (36,5) (37,5) (38,4) (39,6) (40,4) (41,3) (42,3) (43,4) (44,3) (45,1) (46,2) (47,0) (48,1) (49,2) (50,2) (51,4) (52,1) (53,2) (54,1) (55,2) (56,2) (57,3) (58,2) (59,2) (60,0) (61,-2) (62,-1) (63,-1) (64,3) (65,4) (66,3) (67,7) (68,11) (69,10) (70,13) 
TD 30 :
(99,102) (0,101) (98,98) (1,98) (97,97) (2,97) (96,90) (3,93) (95,88) (4,86) (94,83) (5,80) (93,76) (6,77) (92,72) (7,72) (91,70) (8,69) (90,66) (9,65) (89,63) (10,62) (88,60) (11,58) (87,56) (12,56) (86,54) (13,53) (85,53) (14,52) (84,51) (15,48) (83,48) (16,44) (82,43) (17,43) (81,39) (18,38) (80,35) (19,37) (79,34) (20,35) (78,29) (21,31) (77,27) (22,27) (76,25) (23,25) (75,22) (24,23) (74,21) (25,20) (73,19) (26,20) (72,16) (28,18) (27,17) (71,14) (30,14) (29,13) (70,13) (31,13) (32,11) (33,10) (34,9) (35,5) (36,5) (37,5) (38,4) (39,6) (40,4) (41,3) (42,3) (43,4) (44,3) (45,1) (46,2) (47,0) (48,1) (49,2) (50,2) (51,4) (52,1) (53,2) (54,1) (55,2) (56,2) (57,3) (58,2) (59,2) (60,0) (61,-2) (62,-1) (63,-1) (64,3) (65,4) (66,3) (67,7) (68,11) (69,10) 
TD 31 :
(99,102) (0,101) (98,98) (1,98) (97,97) (2,97) (96,90) (3,93) (95,88) (4,86) (94,83) (5,80) (93,76) (6,77) (92,72) (7,72) (91,70) (8,69) (90,66) (9,65) (89,63) (10,62) (88,60) (11,58) (87,56) (12,56) (86,54) (13,53) (85,53) (14,52) (84,51) (15,48) (83,48) (16,44) (82,43) (17,43) (81,39) (18,38) (80,35) (19,37) (79,34) (20,35) (78,29) (21,31) (77,27) (22,27) (76,25) (23,25) (75,22) (24,23) (74,21) (25,20) (73,19) (26,20) (72,16) (28,18) (27,17) (71,14) (30,14) (29,13) (70,13) (31,13) (69,10) (68,11) (32,11) (33,10) (34,9) (35,5) (36,5) (37,5) (38,4) (39,6) (40,4) (41,3) (42,3) (43,4) (44,3) (45,1) (46,2) (47,0) (48,1) (49,2) (50,2) (51,4) (52,1) (53,2) (54,1) (55,2) (56,2) (57,3) (58,2) (59,2) (60,0) (61,-2) (62,-1) (63,-1) (64,3) (65,4) (66,3) (67,7) 
(99,102) (0,101) (98,98) (1,98) (97,97) (2,97) (96,90) (3,93) (95,88) (4,86) (94,83) (5,80) (93,76) (6,77) (92,72) (7,72) (91,70) (8,69) (90,66) (9,65) (89,63) (10,62) (88,60) (11,58) (87,56) (12,56) (86,54) (13,53) (85,53) (14,52) (84,51) (15,48) (83,48) (16,44) (82,43) (17,43) (81,39) (18,38) (80,35) (19,37) (79,34) (20,35) (78,29) (21,31) (77,27) (22,27) (76,25) (23,25) (75,22) (24,23) (74,21) (25,20) (73,19) (26,20) (72,16) (28,18) (27,17) (71,14) (30,14) (29,13) (70,13) (31,13) (69,10) (68,11) (32,11) 
TD 32 :
(99,102) (0,101) (98,98) (1,98) (97,97) (2,97) (96,90) (3,93) (95,88) (4,86) (94,83) (5,80) (93,76) (6,77) (92,72) (7,72) (91,70) (8,69) (90,66) (9,65) (89,63) (10,62) (88,60) (11,58) (87,56) (12,56) (86,54) (13,53) (85,53) (14,52) (84,51) (15,48) (83,48) (16,44) (82,43) (17,43) (81,39) (18,38) (80,35) (19,37) (79,34) (20,35) (78,29) (21,31) (77,27) (22,27) (76,25) (23,25) (75,22) (24,23) (74,21) (25,20) (73,19) (26,20) (72,16) (28,18) (27,17) (71,14) (30,14) (29,13) (70,13) (31,13) (69,10) (68,11) (32,11) (67,7) (33,10) (34,9) (35,5) (36,5) (37,5) (38,4) (39,6) (40,4) (41,3) (42,3) (43,4) (44,3) (45,1) (46,2) (47,0) (48,1) (49,2) (50,2) (51,4) (52,1) (53,2) (54,1) (55,2) (56,2) (57,3) (58,2) (59,2) (60,0) (61,-2) (62,-1) (63,-1) (64,3) (65,4) (66,3) 
TD 33 :
(99,102) (0,101) (98,98) (1,98) (97,97) (2,97) (96,90) (3,93) (95,88) (4,86) (94,83) (5,80) (93,76) (6,77) (92,72) (7,72) (91,70) (8,69) (90,66) (9,65) (89,63) (10,62) (88,60) (11,58) (87,56) (12,56) (86,54) (13,53) (85,53) (14,52) (84,51) (15,48) (83,48) (16,44) (82,43) (17,43) (81,39) (18,38) (80,35) (19,37) (79,34) (20,35) (78,29) (21,31) (77,27) (22,27) (76,25) (23,25) (75,22) (24,23) (74,21) (25,20) (73,19) (26,20) (72,16) (28,18) (27,17) (71,14) (30,14) (29,13) (70,13) (31,13) (69,10) (68,11) (32,11) (67,7) (33,10) (66,3) (65,4) (34,9) (35,5) (36,5) (37,5) (38,4) (39,6) (40,4) (41,3) (42,3) (43,4) (44,3) (45,1) (46,2) (47,0) (48,1) (49,2) (50,2) (51,4) (52,1) (53,2) (54,1) (55,2) (56,2) (57,3) (58,2) (59,2) (60,0) (61,-2) (62,-1) (63,-1) (64,3) 
(99,102) (0,101) (98,98) (1,98) (97,97) (2,97) (96,90) (3,93) (95,88) (4,86) (94,83) (5,80) (93,76) (6,77) (92,72) (7,72) (91,70) (8,69) (90,66) (9,65) (89,63) (10,62) (88,60) (11,58) (87,56) (12,56) (86,54) (13,53) (85,53) (14,52) (84,51) (15,48) (83,48) (16,44) (82,43) (17,43) (81,39) (18,38) (80,35) (19,37) (79,34) (20,35) (78,29) (21,31) (77,27) (22,27) (76,25) (23,25) (75,22) (24,23) (74,21) (25,20) (73,19) (26,20) (72,16) (28,18) (27,17) (71,14) (30,14) (29,13) (70,13) (31,13) (69,10) (68,11) (32,11) (67,7) (33,10) (66,3) (65,4) (34,9) 
TD 34 :
(99,102) (0,101) (98,98) (1,98) (97,97) (2,97) (96,90) (3,93) (95,88) (4,86) (94,83) (5,80) (93,76) (6,77) (92,72) (7,72) (91,70) (8,69) (90,66) (9,65) (89,63) (10,62) (88,60) (11,58) (87,56) (12,56) (86,54) (13,53) (85,53) (14,52) (84,51) (15,48) (83,48) (16,44) (82,43) (17,43) (81,39) (18,38) (80,35) (19,37) (79,34) (20,35) (78,29) (21,31) (77,27) (22,27) (76,25) (23,25) (75,22) (24,23) (74,21) (25,20) (73,19) (26,20) (72,16) (28,18) (27,17) (71,14) (30,14) (29,13) (70,13) (31,13) (69,10) (68,11) (32,11) (67,7) (33,10) (66,3) (65,4) (34,9) (64,3) (39,6) (35,5) (36,5) (37,5) (38,4) 
(99,102) (0,101) (98,98) (1,98) (97,97) (2,97) (96,90) (3,93) (95,88) (4,86) (94,83) (5,80) (93,76) (6,77) (92,72) (7,72) (91,70) (8,69) (90,66) (9,65) (89,63) (10,62) (88,60) (11,58) (87,56) (12,56) (86,54) (13,53) (85,53) (14,52) (84,51) (15,48) (83,48) (16,44) (82,43) (17,43) (81,39) (18,38) (80,35) (19,37) (79,34) (20,35) (78,29) (21,31) (77,27) (22,27) (76,25) (23,25) (75,22) (24,23) (74,21) (25,20) (73,19) (26,20) (72,16) (28,18) (27,17) (71,14) (30,14) (29,13) (70,13) (31,13) (69,10) (68,11) (32,11) (67,7) (33,10) (66,3) (65,4) (34,9) (64,3) (39,6) (35,5) (40,4) (41,3) (42,3) (43,4) (44,3) (45,1) (46,2) (47,0) (48,1) (49,2) (50,2) (51,4) (52,1) (53,2) (54,1) (55,2) (56,2) (57,3) (58,2) (59,2) (60,0) (61,-2) (62,-1) (63,-1) 
TD 35 :
(99,102) (0,101) (98,98) (1,98) (97,97) (2,97) (96,90) (3,93) (95,88) (4,86) (94,83) (5,80) (93,76) (6,77) (92,72) (7,72) (91,70) (8,69) (90,66) (9,65) (89,63) (10,62) (88,60) (11,58) (87,56) (12,56) (86,54) (13,53) (85,53) (14,52) (84,51) (15,48) (83,48) (16,44) (82,43) (17,43) (81,39) (18,38) (80,35) (19,37) (79,34) (20,35) (78,29) (21,31) (77,27) (22,27) (76,25) (23,25) (75,22) (24,23) (74,21) (25,20) (73,19) (26,20) (72,16) (28,18) (27,17) (71,14) (30,14) (29,13) (70,13) (31,13) (69,10) (68,11) (32,11) (67,7) (33,10) (66,3) (65,4) (34,9) (64,3) (39,6) (35,5) (37,5) (36,5) 
(99,102) (0,101) (98,98) (1,98) (97,97) (2,97) (96,90) (3,93) (95,88) (4,86) (94,83) (5,80) (93,76) (6,77) (92,72) (7,72) (91,70) (8,69) (90,66) (9,65) (89,63) (10,62) (88,60) (11,58) (87,56) (12,56) (86,54) (13,53) (85,53) (14,52) (84,51) (15,48) (83,48) (16,44) (82,43) (17,43) (81,39) (18,38) (80,35) (19,37) (79,34) (20,35) (78,29) (21,31) (77,27) (22,27) (76,25) (23,25) (75,22) (24,23) (74,21) (25,20) (73,19) (26,20) (72,16) (28,18) (27,17) (71,14) (30,14) (29,13) (70,13) (31,13) (69,10) (68,11) (32,11) (67,7) (33,10) (66,3) (65,4) (34,9) (64,3) (39,6) (35,5) (37,5) (36,5) (38,4) 
(99,102) (0,101) (98,98) (1,98) (97,97) (2,97) (96,90) (3,93) (95,88) (4,86) (94,83) (5,80) (93,76) (6,77) (92,72) (7,72) (91,70) (8,69) (90,66) (9,65) (89,63) (10,62) (88,60) (11,58) (87,56) (12,56) (86,54) (13,53) (85,53) (14,52) (84,51) (15,48) (83,48) (16,44) (82,43) (17,43) (81,39) (18,38) (80,35) (19,37) (79,34) (20,35) (78,29) (21,31) (77,27) (22,27) (76,25) (23,25) (75,22) (24,23) (74,21) (25,20) (73,19) (26,20) (72,16) (28,18) (27,17) (71,14) (30,14) (29,13) (70,13) (31,13) (69,10) (68,11) (32,11) (67,7) (33,10) (66,3) (65,4) (34,9) (64,3) (39,6) (35,5) (63,-1) (59,2) (57,3) (51,4) (40,4) (41,3) (42,3) (43,4) (44,3) (45,1) (46,2) (47,0) (48,1) (49,2) (50,2) 
(99,102) (0,101) (98,98) (1,98) (97,97) (2,97) (96,90) (3,93) (95,88) (4,86) (94,83) (5,80) (93,76) (6,77) (92,72) (7,72) (91,70) (8,69) (90,66) (9,65) (89,63) (10,62) (88,60) (11,58) (87,56) (12,56) (86,54) (13,53) (85,53) (14,52) (84,51) (15,48) (83,48) (16,44) (82,43) (17,43) (81,39) (18,38) (80,35) (19,37) (79,34) (20,35) (78,29) (21,31) (77,27) (22,27) (76,25) (23,25) (75,22) (24,23) (74,21) (25,20) (73,19) (26,20) (72,16) (28,18) (27,17) (71,14) (30,14) (29,13) (70,13) (31,13) (69,10) (68,11) (32,11) (67,7) (33,10) (66,3) (65,4) (34,9) (64,3) (39,6) (35,5) (63,-1) (59,2) (57,3) (51,4) (52,1) (53,2) (54,1) (55,2) (56,2) 
(99,102) (0,101) (98,98) (1,98) (97,97) (2,97) (96,90) (3,93) (95,88) (4,86) (94,83) (5,80) (93,76) (6,77) (92,72) (7,72) (91,70) (8,69) (90,66) (9,65) (89,63) (10,62) (88,60) (11,58) (87,56) (12,56) (86,54) (13,53) (85,53) (14,52) (84,51) (15,48) (83,48) (16,44) (82,43) (17,43) (81,39) (18,38) (80,35) (19,37) (79,34) (20,35) (78,29) (21,31) (77,27) (22,27) (76,25) (23,25) (75,22) (24,23) (74,21) (25,20) (73,19) (26,20) (72,16) (28,18) (27,17) (71,14) (30,14) (29,13) (70,13) (31,13) (69,10) (68,11) (32,11) (67,7) (33,10) (66,3) (65,4) (34,9) (64,3) (39,6) (35,5) (63,-1) (59,2) (57,3) (51,4) (58,2) 
(99,102) (0,101) (98,98) (1,98) (97,97) (2,97) (96,90) (3,93) (95,88) (4,86) (94,83) (5,80) (93,76) (6,77) (92,72) (7,72) (91,70) (8,69) (90,66) (9,65) (89,63) (10,62) (88,60) (11,58) (87,56) (12,56) (86,54) (13,53) (85,53) (14,52) (84,51) (15,48) (83,48) (16,44) (82,43) (17,43) (81,39) (18,38) (80,35) (19,37) (79,34) (20,35) (78,29) (21,31) (77,27) (22,27) (76,25) (23,25) (75,22) (24,23) (74,21) (25,20) (73,19) (26,20) (72,16) (28,18) (27,17) (71,14) (30,14) (29,13) (70,13) (31,13) (69,10) (68,11) (32,11) (67,7) (33,10) (66,3) (65,4) (34,9) (64,3) (39,6) (35,5) (63,-1) (59,2) (57,3) (51,4) (60,0) (61,-2) (62,-1) 
TD 36 :
(99,102) (0,101) (98,98) (1,98) (97,97) (2,97) (96,90) (3,93) (95,88) (4,86) (94,83) (5,80) (93,76) (6,77) (92,72) (7,72) (91,70) (8,69) (90,66) (9,65) (89,63) (10,62) (88,60) (11,58) (87,56) (12,56) (86,54) (13,53) (85,53) (14,52) (84,51) (15,48) (83,48) (16,44) (82,43) (17,43) (81,39) (18,38) (80,35) (19,37) (79,34) (20,35) (78,29) (21,31) (77,27) (22,27) (76,25) (23,25) (75,22) (24,23) (74,21) (25,20) (73,19) (26,20) (72,16) (28,18) (27,17) (71,14) (30,14) (29,13) (70,13) (31,13) (69,10) (68,11) (32,11) (67,7) (33,10) (66,3) (65,4) (34,9) (64,3) (39,6) (35,5) (37,5) (36,5) (38,4) 
(99,102) (0,101) (98,98) (1,98) (97,97) (2,97) (96,90) (3,93) (95,88) (4,86) (94,83) (5,80) (93,76) (6,77) (92,72) (7,72) (91,70) (8,69) (90,66) (9,65) (89,63) (10,62) (88,60) (11,58) (87,56) (12,56) (86,54) (13,53) (85,53) (14,52) (84,51) (15,48) (83,48) (16,44) (82,43) (17,43) (81,39) (18,38) (80,35) (19,37) (79,34) (20,35) (78,29) (21,31) (77,27) (22,27) (76,25) (23,25) (75,22) (24,23) (74,21) (25,20) (73,19) (26,20) (72,16) (28,18) (27,17) (71,14) (30,14) (29,13) (70,13) (31,13) (69,10) (68,11) (32,11) (67,7) (33,10) (66,3) (65,4) (34,9) (64,3) (39,6) (35,5) (63,-1) (59,2) (57,3) (51,4) (43,4) (40,4) 
(99,102) (0,101) (98,98) (1,98) (97,97) (2,97) (96,90) (3,93) (95,88) (4,86) (94,83) (5,80) (93,76) (6,77) (92,72) (7,72) (91,70) (8,69) (90,66) (9,65) (89,63) (10,62) (88,60) (11,58) (87,56) (12,56) (86,54) (13,53) (85,53) (14,52) (84,51) (15,48) (83,48) (16,44) (82,43) (17,43) (81,39) (18,38) (80,35) (19,37) (79,34) (20,35) (78,29) (21,31) (77,27) (22,27) (76,25) (23,25) (75,22) (24,23) (74,21) (25,20) (73,19) (26,20) (72,16) (28,18) (27,17) (71,14) (30,14) (29,13) (70,13) (31,13) (69,10) (68,11) (32,11) (67,7) (33,10) (66,3) (65,4) (34,9) (64,3) (39,6) (35,5) (63,-1) (59,2) (57,3) (51,4) (43,4) (40,4) (41,3) (42,3) 
(99,102) (0,101) (98,98) (1,98) (97,97) (2,97) (96,90) (3,93) (95,88) (4,86) (94,83) (5,80) (93,76) (6,77) (92,72) (7,72) (91,70) (8,69) (90,66) (9,65) (89,63) (10,62) (88,60) (11,58) (87,56) (12,56) (86,54) (13,53) (85,53) (14,52) (84,51) (15,48) (83,48) (16,44) (82,43) (17,43) (81,39) (18,38) (80,35) (19,37) (79,34) (20,35) (78,29) (21,31) (77,27) (22,27) (76,25) (23,25) (75,22) (24,23) (74,21) (25,20) (73,19) (26,20) (72,16) (28,18) (27,17) (71,14) (30,14) (29,13) (70,13) (31,13) (69,10) (68,11) (32,11) (67,7) (33,10) (66,3) (65,4) (34,9) (64,3) (39,6) (35,5) (63,-1) (59,2) (57,3) (51,4) (43,4) (40,4) (44,3) (45,1) (46,2) (47,0) (48,1) (49,2) (50,2) 
(99,102) (0,101) (98,98) (1,98) (97,97) (2,97) (96,90) (3,93) (95,88) (4,86) (94,83) (5,80) (93,76) (6,77) (92,72) (7,72) (91,70) (8,69) (90,66) (9,65) (89,63) (10,62) (88,60) (11,58) (87,56) (12,56) (86,54) (13,53) (85,53) (14,52) (84,51) (15,48) (83,48) (16,44) (82,43) (17,43) (81,39) (18,38) (80,35) (19,37) (79,34) (20,35) (78,29) (21,31) (77,27) (22,27) (76,25) (23,25) (75,22) (24,23) (74,21) (25,20) (73,19) (26,20) (72,16) (28,18) (27,17) (71,14) (30,14) (29,13) (70,13) (31,13) (69,10) (68,11) (32,11) (67,7) (33,10) (66,3) (65,4) (34,9) (64,3) (39,6) (35,5) (63,-1) (59,2) (57,3) (51,4) (58,2) 
(99,102) (0,101) (98,98) (1,98) (97,97) (2,97) (96,90) (3,93) (95,88) (4,86) (94,83) (5,80) (93,76) (6,77) (92,72) (7,72) (91,70) (8,69) (90,66) (9,65) (89,63) (10,62) (88,60) (11,58) (87,56) (12,56) (86,54) (13,53) (85,53) (14,52) (84,51) (15,48) (83,48) (16,44) (82,43) (17,43) (81,39) (18,38) (80,35) (19,37) (79,34) (20,35) (78,29) (21,31) (77,27) (22,27) (76,25) (23,25) (75,22) (24,23) (74,21) (25,20) (73,19) (26,20) (72,16) (28,18) (27,17) (71,14) (30,14) (29,13) (70,13) (31,13) (69,10) (68,11) (32,11) (67,7) (33,10) (66,3) (65,4) (34,9) (64,3) (39,6) (35,5) (63,-1) (59,2) (57,3) (51,4) (58,2) 
(99,102) (0,101) (98,98) (1,98) (97,97) (2,97) (96,90) (3,93) (95,88) (4,86) (94,83) (5,80) (93,76) (6,77) (92,72) (7,72) (91,70) (8,69) (90,66) (9,65) (89,63) (10,62) (88,60) (11,58) (87,56) (12,56) (86,54) (13,53) (85,53) (14,52) (84,51) (15,48) (83,48) (16,44) (82,43) (17,43) (81,39) (18,38) (80,35) (19,37) (79,34) (20,35) (78,29) (21,31) (77,27) (22,27) (76,25) (23,25) (75,22) (24,23) (74,21) (25,20) (73,19) (26,20) (72,16) (28,18) (27,17) (71,14) (30,14) (29,13) (70,13) (31,13) (69,10) (68,11) (32,11) (67,7) (33,10) (66,3) (65,4) (34,9) (64,3) (39,6) (35,5) (63,-1) (59,2) (57,3) (51,4) (62,-1) (60,0) (61,-2) 
TD 37 :
(99,102) (0,101) (98,98) (1,98) (97,97) (2,97) (96,90) (3,93) (95,88) (4,86) (94,83) (5,80) (93,76) (6,77) (92,72) (7,72) (91,70) (8,69) (90,66) (9,65) (89,63) (10,62) (88,60) (11,58) (87,56) (12,56) (86,54) (13,53) (85,53) (14,52) (84,51) (15,48) (83,48) (16,44) (82,43) (17,43) (81,39) (18,38) (80,35) (19,37) (79,34) (20,35) (78,29) (21,31) (77,27) (22,27) (76,25) (23,25) (75,22) (24,23) (74,21) (25,20) (73,19) (26,20) (72,16) (28,18) (27,17) (71,14) (30,14) (29,13) (70,13) (31,13) (69,10) (68,11) (32,11) (67,7) (33,10) (66,3) (65,4) (34,9) (64,3) (39,6) (35,5) (63,-1) (59,2) (57,3) (51,4) (43,4) (40,4) (42,3) (41,3) 
(99,102) (0,101) (98,98) (1,98) (97,97) (2,97) (96,90) (3,93) (95,88) (4,86) (94,83) (5,80) (93,76) (6,77) (92,72) (7,72) (91,70) (8,69) (90,66) (9,65) (89,63) (10,62) (88,60) (11,58) (87,56) (12,56) (86,54) (13,53) (85,53) (14,52) (84,51) (15,48) (83,48) (16,44) (82,43) (17,43) (81,39) (18,38) (80,35) (19,37) (79,34) (20,35) (78,29) (21,31) (77,27) (22,27) (76,25) (23,25) (75,22) (24,23) (74,21) (25,20) (73,19) (26,20) (72,16) (28,18) (27,17) (71,14) (30,14) (29,13) (70,13) (31,13) (69,10) (68,11) (32,11) (67,7) (33,10) (66,3) (65,4) (34,9) (64,3) (39,6) (35,5) (63,-1) (59,2) (57,3) (51,4) (43,4) (40,4) (42,3) (41,3) 
(99,102) (0,101) (98,98) (1,98) (97,97) (2,97) (96,90) (3,93) (95,88) (4,86) (94,83) (5,80) (93,76) (6,77) (92,72) (7,72) (91,70) (8,69) (90,66) (9,65) (89,63) (10,62) (88,60) (11,58) (87,56) (12,56) (86,54) (13,53) (85,53) (14,52) (84,51) (15,48) (83,48) (16,44) (82,43) (17,43) (81,39) (18,38) (80,35) (19,37) (79,34) (20,35) (78,29) (21,31) (77,27) (22,27) (76,25) (23,25) (75,22) (24,23) (74,21) (25,20) (73,19) (26,20) (72,16) (28,18) (27,17) (71,14) (30,14) (29,13) (70,13) (31,13) (69,10) (68,11) (32,11) (67,7) (33,10) (66,3) (65,4) (34,9) (64,3) (39,6) (35,5) (63,-1) (59,2) (57,3) (51,4) (43,4) (40,4) (44,3) 
(99,102) (0,101) (98,98) (1,98) (97,97) (2,97) (96,90) (3,93) (95,88) (4,86) (94,83) (5,80) (93,76) (6,77) (92,72) (7,72) (91,70) (8,69) (90,66) (9,65) (89,63) (10,62) (88,60) (11,58) (87,56) (12,56) (86,54) (13,53) (85,53) (14,52) (84,51) (15,48) (83,48) (16,44) (82,43) (17,43) (81,39) (18,38) (80,35) (19,37) (79,34) (20,35) (78,29) (21,31) (77,27) (22,27) (76,25) (23,25) (75,22) (24,23) (74,21) (25,20) (73,19) (26,20) (72,16) (28,18) (27,17) (71,14) (30,14) (29,13) (70,13) (31,13) (69,10) (68,11) (32,11) (67,7) (33,10) (66,3) (65,4) (34,9) (64,3) (39,6) (35,5) (63,-1) (59,2) (57,3) (51,4) (43,4) (40,4) (44,3) (45,1) (46,2) (47,0) (48,1) (49,2) (50,2) 
(99,102) (0,101) (98,98) (1,98) (97,97) (2,97) (96,90) (3,93) (95,88) (4,86) (94,83) (5,80) (93,76) (6,77) (92,72) (7,72) (91,70) (8,69) (90,66) (9,65) (89,63) (10,62) (88,60) (11,58) (87,56) (12,56) (86,54) (13,53) (85,53) (14,52) (84,51) (15,48) (83,48) (16,44) (82,43) (17,43) (81,39) (18,38) (80,35) (19,37) (79,34) (20,35) (78,29) (21,31) (77,27) (22,27) (76,25) (23,25) (75,22) (24,23) (74,21) (25,20) (73,19) (26,20) (72,16) (28,18) (27,17) (71,14) (30,14) (29,13) (70,13) (31,13) (69,10) (68,11) (32,11) (67,7) (33,10) (66,3) (65,4) (34,9) (64,3) (39,6) (35,5) (63,-1) (59,2) (57,3) (51,4) (62,-1) (61,-2) (60,0) 
(99,102) (0,101) (98,98) (1,98) (97,97) (2,97) (96,90) (3,93) (95,88) (4,86) (94,83) (5,80) (93,76) (6,77) (92,72) (7,72) (91,70) (8,69) (90,66) (9,65) (89,63) (10,62) (88,60) (11,58) (87,56) (12,56) (86,54) (13,53) (85,53) (14,52) (84,51) (15,48) (83,48) (16,44) (82,43) (17,43) (81,39) (18,38) (80,35) (19,37) (79,34) (20,35) (78,29) (21,31) (77,27) (22,27) (76,25) (23,25) (75,22) (24,23) (74,21) (25,20) (73,19) (26,20) (72,16) (28,18) (27,17) (71,14) (30,14) (29,13) (70,13) (31,13) (69,10) (68,11) (32,11) (67,7) (33,10) (66,3) (65,4) (34,9) (64,3) (39,6) (35,5) (63,-1) (59,2) (57,3) (51,4) (62,-1) (61,-2) (60,0) 
TD 38 :
(99,102) (0,101) (98,98) (1,98) (97,97) (2,97) (96,90) (3,93) (95,88) (4,86) (94,83) (5,80) (93,76) (6,77) (92,72) (7,72) (91,70) (8,69) (90,66) (9,65) (89,63) (10,62) (88,60) (11,58) (87,56) (12,56) (86,54) (13,53) (85,53) (14,52) (84,51) (15,48) (83,48) (16,44) (82,43) (17,43) (81,39) (18,38) (80,35) (19,37) (79,34) (20,35) (78,29) (21,31) (77,27) (22,27) (76,25) (23,25) (75,22) (24,23) (74,21) (25,20) (73,19) (26,20) (72,16) (28,18) (27,17) (71,14) (30,14) (29,13) (70,13) (31,13) (69,10) (68,11) (32,11) (67,7) (33,10) (66,3) (65,4) (34,9) (64,3) (39,6) (35,5) (63,-1) (59,2) (57,3) (51,4) (43,4) (40,4) (44,3) (50,2) (49,2) (46,2) (45,1) 
(99,102) (0,101) (98,98) (1,98) (97,97) (2,97) (96,90) (3,93) (95,88) (4,86) (94,83) (5,80) (93,76) (6,77) (92,72) (7,72) (91,70) (8,69) (90,66) (9,65) (89,63) (10,62) (88,60) (11,58) (87,56) (12,56) (86,54) (13,53) (85,53) (14,52) (84,51) (15,48) (83,48) (16,44) (82,43) (17,43) (81,39) (18,38) (80,35) (19,37) (79,34) (20,35) (78,29) (21,31) (77,27) (22,27) (76,25) (23,25) (75,22) (24,23) (74,21) (25,20) (73,19) (26,20) (72,16) (28,18) (27,17) (71,14) (30,14) (29,13) (70,13) (31,13) (69,10) (68,11) (32,11) (67,7) (33,10) (66,3) (65,4) (34,9) (64,3) (39,6) (35,5) (63,-1) (59,2) (57,3) (51,4) (43,4) (40,4) (44,3) (50,2) (49,2) (46,2) (45,1) (47,0) (48,1) 
(99,102) (0,101) (98,98) (1,98) (97,97) (2,97) (96,90) (3,93) (95,88) (4,86) (94,83) (5,80) (93,76) (6,77) (92,72) (7,72) (91,70) (8,69) (90,66) (9,65) (89,63) (10,62) (88,60) (11,58) (87,56) (12,56) (86,54) (13,53) (85,53) (14,52) (84,51) (15,48) (83,48) (16,44) (82,43) (17,43) (81,39) (18,38) (80,35) (19,37) (79,34) (20,35) (78,29) (21,31) (77,27) (22,27) (76,25) (23,25) (75,22) (24,23) (74,21) (25,20) (73,19) (26,20) (72,16) (28,18) (27,17) (71,14) (30,14) (29,13) (70,13) (31,13) (69,10) (68,11) (32,11) (67,7) (33,10) (66,3) (65,4) (34,9) (64,3) (39,6) (35,5) (63,-1) (59,2) (57,3) (51,4) (43,4) (40,4) (44,3) (50,2) (49,2) (46,2) (45,1) 
(99,102) (0,101) (98,98) (1,98) (97,97) (2,97) (96,90) (3,93) (95,88) (4,86) (94,83) (5,80) (93,76) (6,77) (92,72) (7,72) (91,70) (8,69) (90,66) (9,65) (89,63) (10,62) (88,60) (11,58) (87,56) (12,56) (86,54) (13,53) (85,53) (14,52) (84,51) (15,48) (83,48) (16,44) (82,43) (17,43) (81,39) (18,38) (80,35) (19,37) (79,34) (20,35) (78,29) (21,31) (77,27) (22,27) (76,25) (23,25) (75,22) (24,23) (74,21) (25,20) (73,19) (26,20) (72,16) (28,18) (27,17) (71,14) (30,14) (29,13) (70,13) (31,13) (69,10) (68,11) (32,11) (67,7) (33,10) (66,3) (65,4) (34,9) (64,3) (39,6) (35,5) (63,-1) (59,2) (57,3) (51,4) (43,4) (40,4) (44,3) (50,2) (49,2) (46,2) (45,1) 
TD 39 :
(99,102) (0,101) (98,98) (1,98) (97,97) (2,97) (96,90) (3,93) (95,88) (4,86) (94,83) (5,80) (93,76) (6,77) (92,72) (7,72) (91,70) (8,69) (90,66) (9,65) (89,63) (10,62) (88,60) (11,58) (87,56) (12,56) (86,54) (13,53) (85,53) (14,52) (84,51) (15,48) (83,48) (16,44) (82,43) (17,43) (81,39) (18,38) (80,35) (19,37) (79,34) (20,35) (78,29) (21,31) (77,27) (22,27) (76,25) (23,25) (75,22) (24,23) (74,21) (25,20) (73,19) (26,20) (72,16) (28,18) (27,17) (71,14) (30,14) (29,13) (70,13) (31,13) (69,10) (68,11) (32,11) (67,7) (33,10) (66,3) (65,4) (34,9) (64,3) (39,6) (35,5) (63,-1) (59,2) (57,3) (51,4) (43,4) (40,4) (44,3) (50,2) (49,2) (46,2) (45,1) (48,1) (47,0) 
(99,102) (0,101) (98,98) (1,98) (97,97) (2,97) (96,90) (3,93) (95,88) (4,86) (94,83) (5,80) (93,76) (6,77) (92,72) (7,72) (91,70) (8,69) (90,66) (9,65) (89,63) (10,62) (88,60) (11,58) (87,56) (12,56) (86,54) (13,53) (85,53) (14,52) (84,51) (15,48) (83,48) (16,44) (82,43) (17,43) (81,39) (18,38) (80,35) (19,37) (79,34) (20,35) (78,29) (21,31) (77,27) (22,27) (76,25) (23,25) (75,22) (24,23) (74,21) (25,20) (73,19) (26,20) (72,16) (28,18) (27,17) (71,14) (30,14) (29,13) (70,13) (31,13) (69,10) (68,11) (32,11) (67,7) (33,10) (66,3) (65,4) (34,9) (64,3) (39,6) (35,5) (63,-1) (59,2) (57,3) (51,4) (43,4) (40,4) (44,3) (50,2) (49,2) (46,2) (45,1) (48,1) (47,0) 
Pocket 0 :
()
Pocket 1 :
({  (0,101) ,(1,98) } {  (98,98) ,(99,102) } )
Pocket 2 :
({  (1,98) ,(0,101) } {  (99,102) ,(98,98) } )
Pocket 3 :
({  (2,97) ,(1,98) } {  (99,102) ,(97,97) } )
Pocket 4 :
({  (3,93) ,(2,97) } {  (99,102) ,(96,90) } )
Pocket 5 :
({  (4,86) ,(3,93) } {  (99,102) ,(95,88) } )
Pocket 6 :
({  (5,80) ,(4,86) } {  (99,102) ,(94,83) } )
Pocket 7 :
({  (6,77) ,(5,80) } {  (99,102) ,(93,76) } )
Pocket 8 :
({  (7,72) ,(6,77) } {  (99,102) ,(92,72) } )
Pocket 9 :
({  (8,69) ,(7,72) } {  (99,102) ,(91,70) } )
Pocket 10 :
({  (9,65) ,(8,69) } {  (99,102) ,(90,66) } )
Pocket 11 :
({  (10,62) ,(9,65) } {  (99,102) ,(89,63) } )
Pocket 12 :
({  (11,58) ,(10,62) } {  (99,102) ,(88,60) } )
Pocket 13 :
({  (12,56) ,(11,58) } {  (99,102) ,(87,56) } )
Pocket 14 :
({  (13,53) ,(12,56) } {  (99,102) ,(86,54) } )
Pocket 15 :
({  (14,52) ,(13,53) } {  (99,102) ,(85,53) } )
Pocket 16 :
({  (15,48) ,(14,52) } {  (99,102) ,(84,51) } )
Pocket 17 :
({  (16,44) ,(15,48) } {  (99,102) ,(83,48) } )
Pocket 18 :
({  (17,43) ,(16,44) } {  (99,102) ,(82,43) } )
Pocket 19 :
({  (18,38) ,(17,43) } {  (99,102) ,(81,39) } )
Pocket 20 :
({  (19,37) ,(18,38) } {  (99,102) ,(80,35) } )
Pocket 21 :
({  (20,35) ,(19,37) } {  (99,102) ,(79,34) } )
Pocket 22 :
({  (21,31) ,(20,35) } {  (99,102) ,(78,29) } )
Pocket 23 :
({  (22,27) ,(21,31) } {  (99,102) ,(77,27) } )
Pocket 24 :
({  (23,25) ,(22,27) } {  (99,102) ,(76,25) } )
Pocket 25 :
({  (24,23) ,(23,25) } {  (99,102) ,(75,22) } )
Pocket 26 :
({  (25,20) ,(24,23) } {  (99,102) ,(74,21) } )
Pocket 27 :
({  (26,20) ,(25,20) } {  (99,102) ,(73,19) } )
Pocket 28 :
({  (27,17) ,(26,20) } {  (29,13) ,(28,18) } {  (27,17) ,(26,20) } {  (29,13) ,(28,18) } )
Pocket 29 :
({  (29,13) ,(27,17) } {  (31,13) ,(30,14) } {  (29,13) ,(27,17) } {  (31,13) ,(30,14) } )
Pocket 30 :
({  (31,13) ,(29,13) } {  (99,102) ,(70,13) } )
Pocket 31 :
({  (32,11) ,(31,13) } {  (69,10) ,(68,11) } {  (32,11) ,(31,13) } {  (69,10) ,(68,11) } )
Pocket 32 :
({  (33,10) ,(32,11) } {  (99,102) ,(67,7) } )
Pocket 33 :
({  (34,9) ,(33,10) } {  (66,3) ,(65,4) } {  (34,9) ,(33,10) } {  (66,3) ,(65,4) } )
Pocket 34 :
({  (35,5) ,(34,9) } {  (40,4) ,(39,6) } {  (35,5) ,(34,9) } {  (40,4) ,(39,6) } )
Pocket 35 :
({  (36,5) ,(35,5) } {  (38,4) ,(37,5) } {  (36,5) ,(35,5) } {  (38,4) ,(37,5) } {  (52,1) ,(51,4) } {  (52,1) ,(51,4) } {  (52,1) ,(51,4) } {  (52,1) ,(51,4) } )
Pocket 36 :
({  (38,4) ,(36,5) } {  (41,3) ,(40,4) } {  (41,3) ,(40,4) } {  (41,3) ,(40,4) } {  (99,102) ,(58,2) } {  (99,102) ,(58,2) } {  (99,102) ,(62,-1) } )
Pocket 37 :
({  (41,3) ,(40,4) } {  (99,102) ,(42,3) } {  (41,3) ,(40,4) } {  (99,102) ,(42,3) } {  (45,1) ,(44,3) } {  (45,1) ,(44,3) } {  (61,-2) ,(60,0) } {  (61,-2) ,(60,0) } )
Pocket 38 :
({  (45,1) ,(44,3) } {  (47,0) ,(46,2) } {  (45,1) ,(44,3) } {  (47,0) ,(46,2) } {  (45,1) ,(44,3) } {  (47,0) ,(46,2) } {  (45,1) ,(44,3) } {  (47,0) ,(46,2) } )
