4 layers in onion peeling: 
Layer 1
(9,9) (0,10) 
Layer 2
(8,6) (1,7) 
Layer 3
(7,4) (2,5) 
Layer 4
(6,3) (5,3) (4,3) (3,3) 
---------------------------------------------------------------------------------------
TD 0 :
(9,9) (8,6) (7,4) (6,3) (5,3) (4,3) (3,3) (2,5) (1,7) (0,10) 
TD 1 :
(9,9) (0,10) (1,7) (2,5) (3,3) (4,3) (5,3) (6,3) (7,4) (8,6) 
TD 2 :
(9,9) (0,10) (8,6) (1,7) (2,5) (3,3) (4,3) (5,3) (6,3) (7,4) 
TD 3 :
(9,9) (0,10) (8,6) (1,7) (7,4) (2,5) (3,3) (4,3) (5,3) (6,3) 
TD 4 :
(9,9) (0,10) (8,6) (1,7) (7,4) (2,5) (6,3) (5,3) (4,3) (3,3) 
(9,9) (0,10) (8,6) (1,7) (7,4) (2,5) (6,3) (5,3) (4,3) (3,3) 
(9,9) (0,10) (8,6) (1,7) (7,4) (2,5) (6,3) (5,3) (4,3) (3,3) 
Pocket 0 :
()
Pocket 1 :
({  (0,10) ,(1,7) } {  (8,6) ,(9,9) } )
Pocket 2 :
({  (1,7) ,(0,10) } {  (9,9) ,(8,6) } )
Pocket 3 :
({  (2,5) ,(1,7) } {  (9,9) ,(7,4) } )
