43 layers in onion peeling: 
Layer 1
(99,105) (0,100) 
Layer 2
(98,98) (1,98) 
Layer 3
(97,93) (2,92) 
Layer 4
(96,92) (3,89) 
Layer 5
(95,89) (4,81) 
Layer 6
(94,86) (5,76) 
Layer 7
(93,82) (6,72) 
Layer 8
(92,81) (7,68) 
Layer 9
(91,80) (8,65) 
Layer 10
(90,76) (9,62) 
Layer 11
(89,69) (10,60) 
Layer 12
(88,66) (11,55) 
Layer 13
(87,60) (12,50) 
Layer 14
(86,57) (13,45) 
Layer 15
(85,55) (14,42) 
Layer 16
(84,50) (83,51) (15,38) 
Layer 17
(82,47) (16,38) 
Layer 18
(81,45) (18,37) (17,36) 
Layer 19
(80,43) (19,36) 
Layer 20
(79,42) (21,32) (20,31) 
Layer 21
(78,41) (22,28) 
Layer 22
(77,37) (23,26) 
Layer 23
(76,35) (75,36) (24,25) 
Layer 24
(74,34) (25,22) 
Layer 25
(73,30) (72,31) (26,19) 
Layer 26
(71,28) (27,17) 
Layer 27
(70,26) (28,15) 
Layer 28
(69,23) (68,24) (29,13) 
Layer 29
(67,20) (32,13) (30,10) 
Layer 30
(66,17) (33,12) (31,11) 
Layer 31
(65,16) (34,10) 
Layer 32
(64,14) (35,9) 
Layer 33
(63,11) (62,11) (36,8) 
Layer 34
(61,9) (37,6) 
Layer 35
(60,5) (38,4) 
Layer 36
(59,3) (58,4) (39,3) 
Layer 37
(57,2) (56,2) (40,2) 
Layer 38
(55,0) (54,0) (41,0) 
Layer 39
(53,-2) (51,-2) (42,-3) 
Layer 40
(52,-3) (43,-6) 
Layer 41
(50,-4) (44,-6) 
Layer 42
(49,-5) (45,-6) 
Layer 43
(48,-7) (46,-8) 
---------------------------------------------------------------------------------------
TD 0 :
(99,105) (98,98) (97,93) (96,92) (95,89) (94,86) (93,82) (92,81) (91,80) (90,76) (89,69) (88,66) (87,60) (86,57) (85,55) (84,50) (83,51) (82,47) (81,45) (80,43) (79,42) (78,41) (77,37) (76,35) (75,36) (74,34) (73,30) (72,31) (71,28) (70,26) (69,23) (68,24) (67,20) (66,17) (65,16) (64,14) (63,11) (62,11) (61,9) (60,5) (59,3) (58,4) (57,2) (56,2) (55,0) (54,0) (53,-2) (52,-3) (51,-2) (50,-4) (49,-5) (48,-7) (47,-8) (46,-8) (45,-6) (44,-6) (43,-6) (42,-3) (41,0) (40,2) (39,3) (38,4) (37,6) (36,8) (35,9) (34,10) (33,12) (32,13) (31,11) (30,10) (29,13) (28,15) (27,17) (26,19) (25,22) (24,25) (23,26) (22,28) (21,32) (20,31) (19,36) (18,37) (17,36) (16,38) (15,38) (14,42) (13,45) (12,50) (11,55) (10,60) (9,62) (8,65) (7,68) (6,72) (5,76) (4,81) (3,89) (2,92) (1,98) (0,100) 
TD 1 :
(99,105) (0,100) (1,98) (2,92) (3,89) (4,81) (5,76) (6,72) (7,68) (8,65) (9,62) (10,60) (11,55) (12,50) (13,45) (14,42) (15,38) (16,38) (17,36) (18,37) (19,36) (20,31) (21,32) (22,28) (23,26) (24,25) (25,22) (26,19) (27,17) (28,15) (29,13) (30,10) (31,11) (32,13) (33,12) (34,10) (35,9) (36,8) (37,6) (38,4) (39,3) (40,2) (41,0) (42,-3) (43,-6) (44,-6) (45,-6) (46,-8) (47,-8) (48,-7) (49,-5) (50,-4) (51,-2) (52,-3) (53,-2) (54,0) (55,0) (56,2) (57,2) (58,4) (59,3) (60,5) (61,9) (62,11) (63,11) (64,14) (65,16) (66,17) (67,20) (68,24) (69,23) (70,26) (71,28) (72,31) (73,30) (74,34) (75,36) (76,35) (77,37) (78,41) (79,42) (80,43) (81,45) (82,47) (83,51) (84,50) (85,55) (86,57) (87,60) (88,66) (89,69) (90,76) (91,80) (92,81) (93,82) (94,86) (95,89) (96,92) (97,93) (98,98) 
TD 2 :
(99,105) (0,100) (98,98) (1,98) (2,92) (3,89) (4,81) (5,76) (6,72) (7,68) (8,65) (9,62) (10,60) (11,55) (12,50) (13,45) (14,42) (15,38) (16,38) (17,36) (18,37) (19,36) (20,31) (21,32) (22,28) (23,26) (24,25) (25,22) (26,19) (27,17) (28,15) (29,13) (30,10) (31,11) (32,13) (33,12) (34,10) (35,9) (36,8) (37,6) (38,4) (39,3) (40,2) (41,0) (42,-3) (43,-6) (44,-6) (45,-6) (46,-8) (47,-8) (48,-7) (49,-5) (50,-4) (51,-2) (52,-3) (53,-2) (54,0) (55,0) (56,2) (57,2) (58,4) (59,3) (60,5) (61,9) (62,11) (63,11) (64,14) (65,16) (66,17) (67,20) (68,24) (69,23) (70,26) (71,28) (72,31) (73,30) (74,34) (75,36) (76,35) (77,37) (78,41) (79,42) (80,43) (81,45) (82,47) (83,51) (84,50) (85,55) (86,57) (87,60) (88,66) (89,69) (90,76) (91,80) (92,81) (93,82) (94,86) (95,89) (96,92) (97,93) 
TD 3 :
(99,105) (0,100) (98,98) (1,98) (97,93) (2,92) (3,89) (4,81) (5,76) (6,72) (7,68) (8,65) (9,62) (10,60) (11,55) (12,50) (13,45) (14,42) (15,38) (16,38) (17,36) (18,37) (19,36) (20,31) (21,32) (22,28) (23,26) (24,25) (25,22) (26,19) (27,17) (28,15) (29,13) (30,10) (31,11) (32,13) (33,12) (34,10) (35,9) (36,8) (37,6) (38,4) (39,3) (40,2) (41,0) (42,-3) (43,-6) (44,-6) (45,-6) (46,-8) (47,-8) (48,-7) (49,-5) (50,-4) (51,-2) (52,-3) (53,-2) (54,0) (55,0) (56,2) (57,2) (58,4) (59,3) (60,5) (61,9) (62,11) (63,11) (64,14) (65,16) (66,17) (67,20) (68,24) (69,23) (70,26) (71,28) (72,31) (73,30) (74,34) (75,36) (76,35) (77,37) (78,41) (79,42) (80,43) (81,45) (82,47) (83,51) (84,50) (85,55) (86,57) (87,60) (88,66) (89,69) (90,76) (91,80) (92,81) (93,82) (94,86) (95,89) (96,92) 
TD 4 :
(99,105) (0,100) (98,98) (1,98) (97,93) (2,92) (96,92) (3,89) (4,81) (5,76) (6,72) (7,68) (8,65) (9,62) (10,60) (11,55) (12,50) (13,45) (14,42) (15,38) (16,38) (17,36) (18,37) (19,36) (20,31) (21,32) (22,28) (23,26) (24,25) (25,22) (26,19) (27,17) (28,15) (29,13) (30,10) (31,11) (32,13) (33,12) (34,10) (35,9) (36,8) (37,6) (38,4) (39,3) (40,2) (41,0) (42,-3) (43,-6) (44,-6) (45,-6) (46,-8) (47,-8) (48,-7) (49,-5) (50,-4) (51,-2) (52,-3) (53,-2) (54,0) (55,0) (56,2) (57,2) (58,4) (59,3) (60,5) (61,9) (62,11) (63,11) (64,14) (65,16) (66,17) (67,20) (68,24) (69,23) (70,26) (71,28) (72,31) (73,30) (74,34) (75,36) (76,35) (77,37) (78,41) (79,42) (80,43) (81,45) (82,47) (83,51) (84,50) (85,55) (86,57) (87,60) (88,66) (89,69) (90,76) (91,80) (92,81) (93,82) (94,86) (95,89) 
TD 5 :
(99,105) (0,100) (98,98) (1,98) (97,93) (2,92) (96,92) (3,89) (95,89) (4,81) (5,76) (6,72) (7,68) (8,65) (9,62) (10,60) (11,55) (12,50) (13,45) (14,42) (15,38) (16,38) (17,36) (18,37) (19,36) (20,31) (21,32) (22,28) (23,26) (24,25) (25,22) (26,19) (27,17) (28,15) (29,13) (30,10) (31,11) (32,13) (33,12) (34,10) (35,9) (36,8) (37,6) (38,4) (39,3) (40,2) (41,0) (42,-3) (43,-6) (44,-6) (45,-6) (46,-8) (47,-8) (48,-7) (49,-5) (50,-4) (51,-2) (52,-3) (53,-2) (54,0) (55,0) (56,2) (57,2) (58,4) (59,3) (60,5) (61,9) (62,11) (63,11) (64,14) (65,16) (66,17) (67,20) (68,24) (69,23) (70,26) (71,28) (72,31) (73,30) (74,34) (75,36) (76,35) (77,37) (78,41) (79,42) (80,43) (81,45) (82,47) (83,51) (84,50) (85,55) (86,57) (87,60) (88,66) (89,69) (90,76) (91,80) (92,81) (93,82) (94,86) 
TD 6 :
(99,105) (0,100) (98,98) (1,98) (97,93) (2,92) (96,92) (3,89) (95,89) (4,81) (94,86) (5,76) (6,72) (7,68) (8,65) (9,62) (10,60) (11,55) (12,50) (13,45) (14,42) (15,38) (16,38) (17,36) (18,37) (19,36) (20,31) (21,32) (22,28) (23,26) (24,25) (25,22) (26,19) (27,17) (28,15) (29,13) (30,10) (31,11) (32,13) (33,12) (34,10) (35,9) (36,8) (37,6) (38,4) (39,3) (40,2) (41,0) (42,-3) (43,-6) (44,-6) (45,-6) (46,-8) (47,-8) (48,-7) (49,-5) (50,-4) (51,-2) (52,-3) (53,-2) (54,0) (55,0) (56,2) (57,2) (58,4) (59,3) (60,5) (61,9) (62,11) (63,11) (64,14) (65,16) (66,17) (67,20) (68,24) (69,23) (70,26) (71,28) (72,31) (73,30) (74,34) (75,36) (76,35) (77,37) (78,41) (79,42) (80,43) (81,45) (82,47) (83,51) (84,50) (85,55) (86,57) (87,60) (88,66) (89,69) (90,76) (91,80) (92,81) (93,82) 
TD 7 :
(99,105) (0,100) (98,98) (1,98) (97,93) (2,92) (96,92) (3,89) (95,89) (4,81) (94,86) (5,76) (93,82) (6,72) (7,68) (8,65) (9,62) (10,60) (11,55) (12,50) (13,45) (14,42) (15,38) (16,38) (17,36) (18,37) (19,36) (20,31) (21,32) (22,28) (23,26) (24,25) (25,22) (26,19) (27,17) (28,15) (29,13) (30,10) (31,11) (32,13) (33,12) (34,10) (35,9) (36,8) (37,6) (38,4) (39,3) (40,2) (41,0) (42,-3) (43,-6) (44,-6) (45,-6) (46,-8) (47,-8) (48,-7) (49,-5) (50,-4) (51,-2) (52,-3) (53,-2) (54,0) (55,0) (56,2) (57,2) (58,4) (59,3) (60,5) (61,9) (62,11) (63,11) (64,14) (65,16) (66,17) (67,20) (68,24) (69,23) (70,26) (71,28) (72,31) (73,30) (74,34) (75,36) (76,35) (77,37) (78,41) (79,42) (80,43) (81,45) (82,47) (83,51) (84,50) (85,55) (86,57) (87,60) (88,66) (89,69) (90,76) (91,80) (92,81) 
TD 8 :
(99,105) (0,100) (98,98) (1,98) (97,93) (2,92) (96,92) (3,89) (95,89) (4,81) (94,86) (5,76) (93,82) (6,72) (92,81) (7,68) (8,65) (9,62) (10,60) (11,55) (12,50) (13,45) (14,42) (15,38) (16,38) (17,36) (18,37) (19,36) (20,31) (21,32) (22,28) (23,26) (24,25) (25,22) (26,19) (27,17) (28,15) (29,13) (30,10) (31,11) (32,13) (33,12) (34,10) (35,9) (36,8) (37,6) (38,4) (39,3) (40,2) (41,0) (42,-3) (43,-6) (44,-6) (45,-6) (46,-8) (47,-8) (48,-7) (49,-5) (50,-4) (51,-2) (52,-3) (53,-2) (54,0) (55,0) (56,2) (57,2) (58,4) (59,3) (60,5) (61,9) (62,11) (63,11) (64,14) (65,16) (66,17) (67,20) (68,24) (69,23) (70,26) (71,28) (72,31) (73,30) (74,34) (75,36) (76,35) (77,37) (78,41) (79,42) (80,43) (81,45) (82,47) (83,51) (84,50) (85,55) (86,57) (87,60) (88,66) (89,69) (90,76) (91,80) 
TD 9 :
(99,105) (0,100) (98,98) (1,98) (97,93) (2,92) (96,92) (3,89) (95,89) (4,81) (94,86) (5,76) (93,82) (6,72) (92,81) (7,68) (91,80) (8,65) (9,62) (10,60) (11,55) (12,50) (13,45) (14,42) (15,38) (16,38) (17,36) (18,37) (19,36) (20,31) (21,32) (22,28) (23,26) (24,25) (25,22) (26,19) (27,17) (28,15) (29,13) (30,10) (31,11) (32,13) (33,12) (34,10) (35,9) (36,8) (37,6) (38,4) (39,3) (40,2) (41,0) (42,-3) (43,-6) (44,-6) (45,-6) (46,-8) (47,-8) (48,-7) (49,-5) (50,-4) (51,-2) (52,-3) (53,-2) (54,0) (55,0) (56,2) (57,2) (58,4) (59,3) (60,5) (61,9) (62,11) (63,11) (64,14) (65,16) (66,17) (67,20) (68,24) (69,23) (70,26) (71,28) (72,31) (73,30) (74,34) (75,36) (76,35) (77,37) (78,41) (79,42) (80,43) (81,45) (82,47) (83,51) (84,50) (85,55) (86,57) (87,60) (88,66) (89,69) (90,76) 
TD 10 :
(99,105) (0,100) (98,98) (1,98) (97,93) (2,92) (96,92) (3,89) (95,89) (4,81) (94,86) (5,76) (93,82) (6,72) (92,81) (7,68) (91,80) (8,65) (90,76) (9,62) (10,60) (11,55) (12,50) (13,45) (14,42) (15,38) (16,38) (17,36) (18,37) (19,36) (20,31) (21,32) (22,28) (23,26) (24,25) (25,22) (26,19) (27,17) (28,15) (29,13) (30,10) (31,11) (32,13) (33,12) (34,10) (35,9) (36,8) (37,6) (38,4) (39,3) (40,2) (41,0) (42,-3) (43,-6) (44,-6) (45,-6) (46,-8) (47,-8) (48,-7) (49,-5) (50,-4) (51,-2) (52,-3) (53,-2) (54,0) (55,0) (56,2) (57,2) (58,4) (59,3) (60,5) (61,9) (62,11) (63,11) (64,14) (65,16) (66,17) (67,20) (68,24) (69,23) (70,26) (71,28) (72,31) (73,30) (74,34) (75,36) (76,35) (77,37) (78,41) (79,42) (80,43) (81,45) (82,47) (83,51) (84,50) (85,55) (86,57) (87,60) (88,66) (89,69) 
TD 11 :
(99,105) (0,100) (98,98) (1,98) (97,93) (2,92) (96,92) (3,89) (95,89) (4,81) (94,86) (5,76) (93,82) (6,72) (92,81) (7,68) (91,80) (8,65) (90,76) (9,62) (89,69) (10,60) (11,55) (12,50) (13,45) (14,42) (15,38) (16,38) (17,36) (18,37) (19,36) (20,31) (21,32) (22,28) (23,26) (24,25) (25,22) (26,19) (27,17) (28,15) (29,13) (30,10) (31,11) (32,13) (33,12) (34,10) (35,9) (36,8) (37,6) (38,4) (39,3) (40,2) (41,0) (42,-3) (43,-6) (44,-6) (45,-6) (46,-8) (47,-8) (48,-7) (49,-5) (50,-4) (51,-2) (52,-3) (53,-2) (54,0) (55,0) (56,2) (57,2) (58,4) (59,3) (60,5) (61,9) (62,11) (63,11) (64,14) (65,16) (66,17) (67,20) (68,24) (69,23) (70,26) (71,28) (72,31) (73,30) (74,34) (75,36) (76,35) (77,37) (78,41) (79,42) (80,43) (81,45) (82,47) (83,51) (84,50) (85,55) (86,57) (87,60) (88,66) 
TD 12 :
(99,105) (0,100) (98,98) (1,98) (97,93) (2,92) (96,92) (3,89) (95,89) (4,81) (94,86) (5,76) (93,82) (6,72) (92,81) (7,68) (91,80) (8,65) (90,76) (9,62) (89,69) (10,60) (88,66) (11,55) (12,50) (13,45) (14,42) (15,38) (16,38) (17,36) (18,37) (19,36) (20,31) (21,32) (22,28) (23,26) (24,25) (25,22) (26,19) (27,17) (28,15) (29,13) (30,10) (31,11) (32,13) (33,12) (34,10) (35,9) (36,8) (37,6) (38,4) (39,3) (40,2) (41,0) (42,-3) (43,-6) (44,-6) (45,-6) (46,-8) (47,-8) (48,-7) (49,-5) (50,-4) (51,-2) (52,-3) (53,-2) (54,0) (55,0) (56,2) (57,2) (58,4) (59,3) (60,5) (61,9) (62,11) (63,11) (64,14) (65,16) (66,17) (67,20) (68,24) (69,23) (70,26) (71,28) (72,31) (73,30) (74,34) (75,36) (76,35) (77,37) (78,41) (79,42) (80,43) (81,45) (82,47) (83,51) (84,50) (85,55) (86,57) (87,60) 
TD 13 :
(99,105) (0,100) (98,98) (1,98) (97,93) (2,92) (96,92) (3,89) (95,89) (4,81) (94,86) (5,76) (93,82) (6,72) (92,81) (7,68) (91,80) (8,65) (90,76) (9,62) (89,69) (10,60) (88,66) (11,55) (87,60) (12,50) (13,45) (14,42) (15,38) (16,38) (17,36) (18,37) (19,36) (20,31) (21,32) (22,28) (23,26) (24,25) (25,22) (26,19) (27,17) (28,15) (29,13) (30,10) (31,11) (32,13) (33,12) (34,10) (35,9) (36,8) (37,6) (38,4) (39,3) (40,2) (41,0) (42,-3) (43,-6) (44,-6) (45,-6) (46,-8) (47,-8) (48,-7) (49,-5) (50,-4) (51,-2) (52,-3) (53,-2) (54,0) (55,0) (56,2) (57,2) (58,4) (59,3) (60,5) (61,9) (62,11) (63,11) (64,14) (65,16) (66,17) (67,20) (68,24) (69,23) (70,26) (71,28) (72,31) (73,30) (74,34) (75,36) (76,35) (77,37) (78,41) (79,42) (80,43) (81,45) (82,47) (83,51) (84,50) (85,55) (86,57) 
TD 14 :
(99,105) (0,100) (98,98) (1,98) (97,93) (2,92) (96,92) (3,89) (95,89) (4,81) (94,86) (5,76) (93,82) (6,72) (92,81) (7,68) (91,80) (8,65) (90,76) (9,62) (89,69) (10,60) (88,66) (11,55) (87,60) (12,50) (86,57) (13,45) (14,42) (15,38) (16,38) (17,36) (18,37) (19,36) (20,31) (21,32) (22,28) (23,26) (24,25) (25,22) (26,19) (27,17) (28,15) (29,13) (30,10) (31,11) (32,13) (33,12) (34,10) (35,9) (36,8) (37,6) (38,4) (39,3) (40,2) (41,0) (42,-3) (43,-6) (44,-6) (45,-6) (46,-8) (47,-8) (48,-7) (49,-5) (50,-4) (51,-2) (52,-3) (53,-2) (54,0) (55,0) (56,2) (57,2) (58,4) (59,3) (60,5) (61,9) (62,11) (63,11) (64,14) (65,16) (66,17) (67,20) (68,24) (69,23) (70,26) (71,28) (72,31) (73,30) (74,34) (75,36) (76,35) (77,37) (78,41) (79,42) (80,43) (81,45) (82,47) (83,51) (84,50) (85,55) 
TD 15 :
(99,105) (0,100) (98,98) (1,98) (97,93) (2,92) (96,92) (3,89) (95,89) (4,81) (94,86) (5,76) (93,82) (6,72) (92,81) (7,68) (91,80) (8,65) (90,76) (9,62) (89,69) (10,60) (88,66) (11,55) (87,60) (12,50) (86,57) (13,45) (85,55) (14,42) (15,38) (16,38) (17,36) (18,37) (19,36) (20,31) (21,32) (22,28) (23,26) (24,25) (25,22) (26,19) (27,17) (28,15) (29,13) (30,10) (31,11) (32,13) (33,12) (34,10) (35,9) (36,8) (37,6) (38,4) (39,3) (40,2) (41,0) (42,-3) (43,-6) (44,-6) (45,-6) (46,-8) (47,-8) (48,-7) (49,-5) (50,-4) (51,-2) (52,-3) (53,-2) (54,0) (55,0) (56,2) (57,2) (58,4) (59,3) (60,5) (61,9) (62,11) (63,11) (64,14) (65,16) (66,17) (67,20) (68,24) (69,23) (70,26) (71,28) (72,31) (73,30) (74,34) (75,36) (76,35) (77,37) (78,41) (79,42) (80,43) (81,45) (82,47) (83,51) (84,50) 
TD 16 :
(99,105) (0,100) (98,98) (1,98) (97,93) (2,92) (96,92) (3,89) (95,89) (4,81) (94,86) (5,76) (93,82) (6,72) (92,81) (7,68) (91,80) (8,65) (90,76) (9,62) (89,69) (10,60) (88,66) (11,55) (87,60) (12,50) (86,57) (13,45) (85,55) (14,42) (84,50) (83,51) (15,38) (16,38) (17,36) (18,37) (19,36) (20,31) (21,32) (22,28) (23,26) (24,25) (25,22) (26,19) (27,17) (28,15) (29,13) (30,10) (31,11) (32,13) (33,12) (34,10) (35,9) (36,8) (37,6) (38,4) (39,3) (40,2) (41,0) (42,-3) (43,-6) (44,-6) (45,-6) (46,-8) (47,-8) (48,-7) (49,-5) (50,-4) (51,-2) (52,-3) (53,-2) (54,0) (55,0) (56,2) (57,2) (58,4) (59,3) (60,5) (61,9) (62,11) (63,11) (64,14) (65,16) (66,17) (67,20) (68,24) (69,23) (70,26) (71,28) (72,31) (73,30) (74,34) (75,36) (76,35) (77,37) (78,41) (79,42) (80,43) (81,45) (82,47) 
(99,105) (0,100) (98,98) (1,98) (97,93) (2,92) (96,92) (3,89) (95,89) (4,81) (94,86) (5,76) (93,82) (6,72) (92,81) (7,68) (91,80) (8,65) (90,76) (9,62) (89,69) (10,60) (88,66) (11,55) (87,60) (12,50) (86,57) (13,45) (85,55) (14,42) (84,50) (83,51) (15,38) 
TD 17 :
(99,105) (0,100) (98,98) (1,98) (97,93) (2,92) (96,92) (3,89) (95,89) (4,81) (94,86) (5,76) (93,82) (6,72) (92,81) (7,68) (91,80) (8,65) (90,76) (9,62) (89,69) (10,60) (88,66) (11,55) (87,60) (12,50) (86,57) (13,45) (85,55) (14,42) (84,50) (83,51) (15,38) (82,47) (16,38) (17,36) (18,37) (19,36) (20,31) (21,32) (22,28) (23,26) (24,25) (25,22) (26,19) (27,17) (28,15) (29,13) (30,10) (31,11) (32,13) (33,12) (34,10) (35,9) (36,8) (37,6) (38,4) (39,3) (40,2) (41,0) (42,-3) (43,-6) (44,-6) (45,-6) (46,-8) (47,-8) (48,-7) (49,-5) (50,-4) (51,-2) (52,-3) (53,-2) (54,0) (55,0) (56,2) (57,2) (58,4) (59,3) (60,5) (61,9) (62,11) (63,11) (64,14) (65,16) (66,17) (67,20) (68,24) (69,23) (70,26) (71,28) (72,31) (73,30) (74,34) (75,36) (76,35) (77,37) (78,41) (79,42) (80,43) (81,45) 
TD 18 :
(99,105) (0,100) (98,98) (1,98) (97,93) (2,92) (96,92) (3,89) (95,89) (4,81) (94,86) (5,76) (93,82) (6,72) (92,81) (7,68) (91,80) (8,65) (90,76) (9,62) (89,69) (10,60) (88,66) (11,55) (87,60) (12,50) (86,57) (13,45) (85,55) (14,42) (84,50) (83,51) (15,38) (82,47) (16,38) (81,45) (18,37) (17,36) 
(99,105) (0,100) (98,98) (1,98) (97,93) (2,92) (96,92) (3,89) (95,89) (4,81) (94,86) (5,76) (93,82) (6,72) (92,81) (7,68) (91,80) (8,65) (90,76) (9,62) (89,69) (10,60) (88,66) (11,55) (87,60) (12,50) (86,57) (13,45) (85,55) (14,42) (84,50) (83,51) (15,38) (82,47) (16,38) (81,45) (18,37) (17,36) (19,36) (20,31) (21,32) (22,28) (23,26) (24,25) (25,22) (26,19) (27,17) (28,15) (29,13) (30,10) (31,11) (32,13) (33,12) (34,10) (35,9) (36,8) (37,6) (38,4) (39,3) (40,2) (41,0) (42,-3) (43,-6) (44,-6) (45,-6) (46,-8) (47,-8) (48,-7) (49,-5) (50,-4) (51,-2) (52,-3) (53,-2) (54,0) (55,0) (56,2) (57,2) (58,4) (59,3) (60,5) (61,9) (62,11) (63,11) (64,14) (65,16) (66,17) (67,20) (68,24) (69,23) (70,26) (71,28) (72,31) (73,30) (74,34) (75,36) (76,35) (77,37) (78,41) (79,42) (80,43) 
TD 19 :
(99,105) (0,100) (98,98) (1,98) (97,93) (2,92) (96,92) (3,89) (95,89) (4,81) (94,86) (5,76) (93,82) (6,72) (92,81) (7,68) (91,80) (8,65) (90,76) (9,62) (89,69) (10,60) (88,66) (11,55) (87,60) (12,50) (86,57) (13,45) (85,55) (14,42) (84,50) (83,51) (15,38) (82,47) (16,38) (81,45) (18,37) (17,36) (80,43) (19,36) (20,31) (21,32) (22,28) (23,26) (24,25) (25,22) (26,19) (27,17) (28,15) (29,13) (30,10) (31,11) (32,13) (33,12) (34,10) (35,9) (36,8) (37,6) (38,4) (39,3) (40,2) (41,0) (42,-3) (43,-6) (44,-6) (45,-6) (46,-8) (47,-8) (48,-7) (49,-5) (50,-4) (51,-2) (52,-3) (53,-2) (54,0) (55,0) (56,2) (57,2) (58,4) (59,3) (60,5) (61,9) (62,11) (63,11) (64,14) (65,16) (66,17) (67,20) (68,24) (69,23) (70,26) (71,28) (72,31) (73,30) (74,34) (75,36) (76,35) (77,37) (78,41) (79,42) 
TD 20 :
(99,105) (0,100) (98,98) (1,98) (97,93) (2,92) (96,92) (3,89) (95,89) (4,81) (94,86) (5,76) (93,82) (6,72) (92,81) (7,68) (91,80) (8,65) (90,76) (9,62) (89,69) (10,60) (88,66) (11,55) (87,60) (12,50) (86,57) (13,45) (85,55) (14,42) (84,50) (83,51) (15,38) (82,47) (16,38) (81,45) (18,37) (17,36) (80,43) (19,36) (79,42) (21,32) (20,31) 
(99,105) (0,100) (98,98) (1,98) (97,93) (2,92) (96,92) (3,89) (95,89) (4,81) (94,86) (5,76) (93,82) (6,72) (92,81) (7,68) (91,80) (8,65) (90,76) (9,62) (89,69) (10,60) (88,66) (11,55) (87,60) (12,50) (86,57) (13,45) (85,55) (14,42) (84,50) (83,51) (15,38) (82,47) (16,38) (81,45) (18,37) (17,36) (80,43) (19,36) (79,42) (21,32) (20,31) (22,28) (23,26) (24,25) (25,22) (26,19) (27,17) (28,15) (29,13) (30,10) (31,11) (32,13) (33,12) (34,10) (35,9) (36,8) (37,6) (38,4) (39,3) (40,2) (41,0) (42,-3) (43,-6) (44,-6) (45,-6) (46,-8) (47,-8) (48,-7) (49,-5) (50,-4) (51,-2) (52,-3) (53,-2) (54,0) (55,0) (56,2) (57,2) (58,4) (59,3) (60,5) (61,9) (62,11) (63,11) (64,14) (65,16) (66,17) (67,20) (68,24) (69,23) (70,26) (71,28) (72,31) (73,30) (74,34) (75,36) (76,35) (77,37) (78,41) 
TD 21 :
(99,105) (0,100) (98,98) (1,98) (97,93) (2,92) (96,92) (3,89) (95,89) (4,81) (94,86) (5,76) (93,82) (6,72) (92,81) (7,68) (91,80) (8,65) (90,76) (9,62) (89,69) (10,60) (88,66) (11,55) (87,60) (12,50) (86,57) (13,45) (85,55) (14,42) (84,50) (83,51) (15,38) (82,47) (16,38) (81,45) (18,37) (17,36) (80,43) (19,36) (79,42) (21,32) (20,31) (78,41) (22,28) (23,26) (24,25) (25,22) (26,19) (27,17) (28,15) (29,13) (30,10) (31,11) (32,13) (33,12) (34,10) (35,9) (36,8) (37,6) (38,4) (39,3) (40,2) (41,0) (42,-3) (43,-6) (44,-6) (45,-6) (46,-8) (47,-8) (48,-7) (49,-5) (50,-4) (51,-2) (52,-3) (53,-2) (54,0) (55,0) (56,2) (57,2) (58,4) (59,3) (60,5) (61,9) (62,11) (63,11) (64,14) (65,16) (66,17) (67,20) (68,24) (69,23) (70,26) (71,28) (72,31) (73,30) (74,34) (75,36) (76,35) (77,37) 
TD 22 :
(99,105) (0,100) (98,98) (1,98) (97,93) (2,92) (96,92) (3,89) (95,89) (4,81) (94,86) (5,76) (93,82) (6,72) (92,81) (7,68) (91,80) (8,65) (90,76) (9,62) (89,69) (10,60) (88,66) (11,55) (87,60) (12,50) (86,57) (13,45) (85,55) (14,42) (84,50) (83,51) (15,38) (82,47) (16,38) (81,45) (18,37) (17,36) (80,43) (19,36) (79,42) (21,32) (20,31) (78,41) (22,28) (77,37) (23,26) (24,25) (25,22) (26,19) (27,17) (28,15) (29,13) (30,10) (31,11) (32,13) (33,12) (34,10) (35,9) (36,8) (37,6) (38,4) (39,3) (40,2) (41,0) (42,-3) (43,-6) (44,-6) (45,-6) (46,-8) (47,-8) (48,-7) (49,-5) (50,-4) (51,-2) (52,-3) (53,-2) (54,0) (55,0) (56,2) (57,2) (58,4) (59,3) (60,5) (61,9) (62,11) (63,11) (64,14) (65,16) (66,17) (67,20) (68,24) (69,23) (70,26) (71,28) (72,31) (73,30) (74,34) (75,36) (76,35) 
TD 23 :
(99,105) (0,100) (98,98) (1,98) (97,93) (2,92) (96,92) (3,89) (95,89) (4,81) (94,86) (5,76) (93,82) (6,72) (92,81) (7,68) (91,80) (8,65) (90,76) (9,62) (89,69) (10,60) (88,66) (11,55) (87,60) (12,50) (86,57) (13,45) (85,55) (14,42) (84,50) (83,51) (15,38) (82,47) (16,38) (81,45) (18,37) (17,36) (80,43) (19,36) (79,42) (21,32) (20,31) (78,41) (22,28) (77,37) (23,26) (76,35) (75,36) (24,25) (25,22) (26,19) (27,17) (28,15) (29,13) (30,10) (31,11) (32,13) (33,12) (34,10) (35,9) (36,8) (37,6) (38,4) (39,3) (40,2) (41,0) (42,-3) (43,-6) (44,-6) (45,-6) (46,-8) (47,-8) (48,-7) (49,-5) (50,-4) (51,-2) (52,-3) (53,-2) (54,0) (55,0) (56,2) (57,2) (58,4) (59,3) (60,5) (61,9) (62,11) (63,11) (64,14) (65,16) (66,17) (67,20) (68,24) (69,23) (70,26) (71,28) (72,31) (73,30) (74,34) 
(99,105) (0,100) (98,98) (1,98) (97,93) (2,92) (96,92) (3,89) (95,89) (4,81) (94,86) (5,76) (93,82) (6,72) (92,81) (7,68) (91,80) (8,65) (90,76) (9,62) (89,69) (10,60) (88,66) (11,55) (87,60) (12,50) (86,57) (13,45) (85,55) (14,42) (84,50) (83,51) (15,38) (82,47) (16,38) (81,45) (18,37) (17,36) (80,43) (19,36) (79,42) (21,32) (20,31) (78,41) (22,28) (77,37) (23,26) (76,35) (75,36) (24,25) 
TD 24 :
(99,105) (0,100) (98,98) (1,98) (97,93) (2,92) (96,92) (3,89) (95,89) (4,81) (94,86) (5,76) (93,82) (6,72) (92,81) (7,68) (91,80) (8,65) (90,76) (9,62) (89,69) (10,60) (88,66) (11,55) (87,60) (12,50) (86,57) (13,45) (85,55) (14,42) (84,50) (83,51) (15,38) (82,47) (16,38) (81,45) (18,37) (17,36) (80,43) (19,36) (79,42) (21,32) (20,31) (78,41) (22,28) (77,37) (23,26) (76,35) (75,36) (24,25) (74,34) (25,22) (26,19) (27,17) (28,15) (29,13) (30,10) (31,11) (32,13) (33,12) (34,10) (35,9) (36,8) (37,6) (38,4) (39,3) (40,2) (41,0) (42,-3) (43,-6) (44,-6) (45,-6) (46,-8) (47,-8) (48,-7) (49,-5) (50,-4) (51,-2) (52,-3) (53,-2) (54,0) (55,0) (56,2) (57,2) (58,4) (59,3) (60,5) (61,9) (62,11) (63,11) (64,14) (65,16) (66,17) (67,20) (68,24) (69,23) (70,26) (71,28) (72,31) (73,30) 
TD 25 :
(99,105) (0,100) (98,98) (1,98) (97,93) (2,92) (96,92) (3,89) (95,89) (4,81) (94,86) (5,76) (93,82) (6,72) (92,81) (7,68) (91,80) (8,65) (90,76) (9,62) (89,69) (10,60) (88,66) (11,55) (87,60) (12,50) (86,57) (13,45) (85,55) (14,42) (84,50) (83,51) (15,38) (82,47) (16,38) (81,45) (18,37) (17,36) (80,43) (19,36) (79,42) (21,32) (20,31) (78,41) (22,28) (77,37) (23,26) (76,35) (75,36) (24,25) (74,34) (25,22) (73,30) (72,31) (26,19) (27,17) (28,15) (29,13) (30,10) (31,11) (32,13) (33,12) (34,10) (35,9) (36,8) (37,6) (38,4) (39,3) (40,2) (41,0) (42,-3) (43,-6) (44,-6) (45,-6) (46,-8) (47,-8) (48,-7) (49,-5) (50,-4) (51,-2) (52,-3) (53,-2) (54,0) (55,0) (56,2) (57,2) (58,4) (59,3) (60,5) (61,9) (62,11) (63,11) (64,14) (65,16) (66,17) (67,20) (68,24) (69,23) (70,26) (71,28) 
(99,105) (0,100) (98,98) (1,98) (97,93) (2,92) (96,92) (3,89) (95,89) (4,81) (94,86) (5,76) (93,82) (6,72) (92,81) (7,68) (91,80) (8,65) (90,76) (9,62) (89,69) (10,60) (88,66) (11,55) (87,60) (12,50) (86,57) (13,45) (85,55) (14,42) (84,50) (83,51) (15,38) (82,47) (16,38) (81,45) (18,37) (17,36) (80,43) (19,36) (79,42) (21,32) (20,31) (78,41) (22,28) (77,37) (23,26) (76,35) (75,36) (24,25) (74,34) (25,22) (73,30) (72,31) (26,19) 
TD 26 :
(99,105) (0,100) (98,98) (1,98) (97,93) (2,92) (96,92) (3,89) (95,89) (4,81) (94,86) (5,76) (93,82) (6,72) (92,81) (7,68) (91,80) (8,65) (90,76) (9,62) (89,69) (10,60) (88,66) (11,55) (87,60) (12,50) (86,57) (13,45) (85,55) (14,42) (84,50) (83,51) (15,38) (82,47) (16,38) (81,45) (18,37) (17,36) (80,43) (19,36) (79,42) (21,32) (20,31) (78,41) (22,28) (77,37) (23,26) (76,35) (75,36) (24,25) (74,34) (25,22) (73,30) (72,31) (26,19) (71,28) (27,17) (28,15) (29,13) (30,10) (31,11) (32,13) (33,12) (34,10) (35,9) (36,8) (37,6) (38,4) (39,3) (40,2) (41,0) (42,-3) (43,-6) (44,-6) (45,-6) (46,-8) (47,-8) (48,-7) (49,-5) (50,-4) (51,-2) (52,-3) (53,-2) (54,0) (55,0) (56,2) (57,2) (58,4) (59,3) (60,5) (61,9) (62,11) (63,11) (64,14) (65,16) (66,17) (67,20) (68,24) (69,23) (70,26) 
TD 27 :
(99,105) (0,100) (98,98) (1,98) (97,93) (2,92) (96,92) (3,89) (95,89) (4,81) (94,86) (5,76) (93,82) (6,72) (92,81) (7,68) (91,80) (8,65) (90,76) (9,62) (89,69) (10,60) (88,66) (11,55) (87,60) (12,50) (86,57) (13,45) (85,55) (14,42) (84,50) (83,51) (15,38) (82,47) (16,38) (81,45) (18,37) (17,36) (80,43) (19,36) (79,42) (21,32) (20,31) (78,41) (22,28) (77,37) (23,26) (76,35) (75,36) (24,25) (74,34) (25,22) (73,30) (72,31) (26,19) (71,28) (27,17) (70,26) (28,15) (29,13) (30,10) (31,11) (32,13) (33,12) (34,10) (35,9) (36,8) (37,6) (38,4) (39,3) (40,2) (41,0) (42,-3) (43,-6) (44,-6) (45,-6) (46,-8) (47,-8) (48,-7) (49,-5) (50,-4) (51,-2) (52,-3) (53,-2) (54,0) (55,0) (56,2) (57,2) (58,4) (59,3) (60,5) (61,9) (62,11) (63,11) (64,14) (65,16) (66,17) (67,20) (68,24) (69,23) 
TD 28 :
(99,105) (0,100) (98,98) (1,98) (97,93) (2,92) (96,92) (3,89) (95,89) (4,81) (94,86) (5,76) (93,82) (6,72) (92,81) (7,68) (91,80) (8,65) (90,76) (9,62) (89,69) (10,60) (88,66) (11,55) (87,60) (12,50) (86,57) (13,45) (85,55) (14,42) (84,50) (83,51) (15,38) (82,47) (16,38) (81,45) (18,37) (17,36) (80,43) (19,36) (79,42) (21,32) (20,31) (78,41) (22,28) (77,37) (23,26) (76,35) (75,36) (24,25) (74,34) (25,22) (73,30) (72,31) (26,19) (71,28) (27,17) (70,26) (28,15) (69,23) (68,24) (29,13) (30,10) (31,11) (32,13) (33,12) (34,10) (35,9) (36,8) (37,6) (38,4) (39,3) (40,2) (41,0) (42,-3) (43,-6) (44,-6) (45,-6) (46,-8) (47,-8) (48,-7) (49,-5) (50,-4) (51,-2) (52,-3) (53,-2) (54,0) (55,0) (56,2) (57,2) (58,4) (59,3) (60,5) (61,9) (62,11) (63,11) (64,14) (65,16) (66,17) (67,20) 
(99,105) (0,100) (98,98) (1,98) (97,93) (2,92) (96,92) (3,89) (95,89) (4,81) (94,86) (5,76) (93,82) (6,72) (92,81) (7,68) (91,80) (8,65) (90,76) (9,62) (89,69) (10,60) (88,66) (11,55) (87,60) (12,50) (86,57) (13,45) (85,55) (14,42) (84,50) (83,51) (15,38) (82,47) (16,38) (81,45) (18,37) (17,36) (80,43) (19,36) (79,42) (21,32) (20,31) (78,41) (22,28) (77,37) (23,26) (76,35) (75,36) (24,25) (74,34) (25,22) (73,30) (72,31) (26,19) (71,28) (27,17) (70,26) (28,15) (69,23) (68,24) (29,13) 
TD 29 :
(99,105) (0,100) (98,98) (1,98) (97,93) (2,92) (96,92) (3,89) (95,89) (4,81) (94,86) (5,76) (93,82) (6,72) (92,81) (7,68) (91,80) (8,65) (90,76) (9,62) (89,69) (10,60) (88,66) (11,55) (87,60) (12,50) (86,57) (13,45) (85,55) (14,42) (84,50) (83,51) (15,38) (82,47) (16,38) (81,45) (18,37) (17,36) (80,43) (19,36) (79,42) (21,32) (20,31) (78,41) (22,28) (77,37) (23,26) (76,35) (75,36) (24,25) (74,34) (25,22) (73,30) (72,31) (26,19) (71,28) (27,17) (70,26) (28,15) (69,23) (68,24) (29,13) (67,20) (32,13) (30,10) (31,11) 
(99,105) (0,100) (98,98) (1,98) (97,93) (2,92) (96,92) (3,89) (95,89) (4,81) (94,86) (5,76) (93,82) (6,72) (92,81) (7,68) (91,80) (8,65) (90,76) (9,62) (89,69) (10,60) (88,66) (11,55) (87,60) (12,50) (86,57) (13,45) (85,55) (14,42) (84,50) (83,51) (15,38) (82,47) (16,38) (81,45) (18,37) (17,36) (80,43) (19,36) (79,42) (21,32) (20,31) (78,41) (22,28) (77,37) (23,26) (76,35) (75,36) (24,25) (74,34) (25,22) (73,30) (72,31) (26,19) (71,28) (27,17) (70,26) (28,15) (69,23) (68,24) (29,13) (67,20) (32,13) (30,10) (33,12) (34,10) (35,9) (36,8) (37,6) (38,4) (39,3) (40,2) (41,0) (42,-3) (43,-6) (44,-6) (45,-6) (46,-8) (47,-8) (48,-7) (49,-5) (50,-4) (51,-2) (52,-3) (53,-2) (54,0) (55,0) (56,2) (57,2) (58,4) (59,3) (60,5) (61,9) (62,11) (63,11) (64,14) (65,16) (66,17) 
TD 30 :
(99,105) (0,100) (98,98) (1,98) (97,93) (2,92) (96,92) (3,89) (95,89) (4,81) (94,86) (5,76) (93,82) (6,72) (92,81) (7,68) (91,80) (8,65) (90,76) (9,62) (89,69) (10,60) (88,66) (11,55) (87,60) (12,50) (86,57) (13,45) (85,55) (14,42) (84,50) (83,51) (15,38) (82,47) (16,38) (81,45) (18,37) (17,36) (80,43) (19,36) (79,42) (21,32) (20,31) (78,41) (22,28) (77,37) (23,26) (76,35) (75,36) (24,25) (74,34) (25,22) (73,30) (72,31) (26,19) (71,28) (27,17) (70,26) (28,15) (69,23) (68,24) (29,13) (67,20) (32,13) (30,10) (31,11) 
(99,105) (0,100) (98,98) (1,98) (97,93) (2,92) (96,92) (3,89) (95,89) (4,81) (94,86) (5,76) (93,82) (6,72) (92,81) (7,68) (91,80) (8,65) (90,76) (9,62) (89,69) (10,60) (88,66) (11,55) (87,60) (12,50) (86,57) (13,45) (85,55) (14,42) (84,50) (83,51) (15,38) (82,47) (16,38) (81,45) (18,37) (17,36) (80,43) (19,36) (79,42) (21,32) (20,31) (78,41) (22,28) (77,37) (23,26) (76,35) (75,36) (24,25) (74,34) (25,22) (73,30) (72,31) (26,19) (71,28) (27,17) (70,26) (28,15) (69,23) (68,24) (29,13) (67,20) (32,13) (30,10) (66,17) (33,12) 
(99,105) (0,100) (98,98) (1,98) (97,93) (2,92) (96,92) (3,89) (95,89) (4,81) (94,86) (5,76) (93,82) (6,72) (92,81) (7,68) (91,80) (8,65) (90,76) (9,62) (89,69) (10,60) (88,66) (11,55) (87,60) (12,50) (86,57) (13,45) (85,55) (14,42) (84,50) (83,51) (15,38) (82,47) (16,38) (81,45) (18,37) (17,36) (80,43) (19,36) (79,42) (21,32) (20,31) (78,41) (22,28) (77,37) (23,26) (76,35) (75,36) (24,25) (74,34) (25,22) (73,30) (72,31) (26,19) (71,28) (27,17) (70,26) (28,15) (69,23) (68,24) (29,13) (67,20) (32,13) (30,10) (66,17) (33,12) (34,10) (35,9) (36,8) (37,6) (38,4) (39,3) (40,2) (41,0) (42,-3) (43,-6) (44,-6) (45,-6) (46,-8) (47,-8) (48,-7) (49,-5) (50,-4) (51,-2) (52,-3) (53,-2) (54,0) (55,0) (56,2) (57,2) (58,4) (59,3) (60,5) (61,9) (62,11) (63,11) (64,14) (65,16) 
TD 31 :
(99,105) (0,100) (98,98) (1,98) (97,93) (2,92) (96,92) (3,89) (95,89) (4,81) (94,86) (5,76) (93,82) (6,72) (92,81) (7,68) (91,80) (8,65) (90,76) (9,62) (89,69) (10,60) (88,66) (11,55) (87,60) (12,50) (86,57) (13,45) (85,55) (14,42) (84,50) (83,51) (15,38) (82,47) (16,38) (81,45) (18,37) (17,36) (80,43) (19,36) (79,42) (21,32) (20,31) (78,41) (22,28) (77,37) (23,26) (76,35) (75,36) (24,25) (74,34) (25,22) (73,30) (72,31) (26,19) (71,28) (27,17) (70,26) (28,15) (69,23) (68,24) (29,13) (67,20) (32,13) (30,10) (66,17) (33,12) (65,16) (34,10) (35,9) (36,8) (37,6) (38,4) (39,3) (40,2) (41,0) (42,-3) (43,-6) (44,-6) (45,-6) (46,-8) (47,-8) (48,-7) (49,-5) (50,-4) (51,-2) (52,-3) (53,-2) (54,0) (55,0) (56,2) (57,2) (58,4) (59,3) (60,5) (61,9) (62,11) (63,11) (64,14) 
TD 32 :
(99,105) (0,100) (98,98) (1,98) (97,93) (2,92) (96,92) (3,89) (95,89) (4,81) (94,86) (5,76) (93,82) (6,72) (92,81) (7,68) (91,80) (8,65) (90,76) (9,62) (89,69) (10,60) (88,66) (11,55) (87,60) (12,50) (86,57) (13,45) (85,55) (14,42) (84,50) (83,51) (15,38) (82,47) (16,38) (81,45) (18,37) (17,36) (80,43) (19,36) (79,42) (21,32) (20,31) (78,41) (22,28) (77,37) (23,26) (76,35) (75,36) (24,25) (74,34) (25,22) (73,30) (72,31) (26,19) (71,28) (27,17) (70,26) (28,15) (69,23) (68,24) (29,13) (67,20) (32,13) (30,10) (66,17) (33,12) (65,16) (34,10) (64,14) (35,9) (36,8) (37,6) (38,4) (39,3) (40,2) (41,0) (42,-3) (43,-6) (44,-6) (45,-6) (46,-8) (47,-8) (48,-7) (49,-5) (50,-4) (51,-2) (52,-3) (53,-2) (54,0) (55,0) (56,2) (57,2) (58,4) (59,3) (60,5) (61,9) (62,11) (63,11) 
TD 33 :
(99,105) (0,100) (98,98) (1,98) (97,93) (2,92) (96,92) (3,89) (95,89) (4,81) (94,86) (5,76) (93,82) (6,72) (92,81) (7,68) (91,80) (8,65) (90,76) (9,62) (89,69) (10,60) (88,66) (11,55) (87,60) (12,50) (86,57) (13,45) (85,55) (14,42) (84,50) (83,51) (15,38) (82,47) (16,38) (81,45) (18,37) (17,36) (80,43) (19,36) (79,42) (21,32) (20,31) (78,41) (22,28) (77,37) (23,26) (76,35) (75,36) (24,25) (74,34) (25,22) (73,30) (72,31) (26,19) (71,28) (27,17) (70,26) (28,15) (69,23) (68,24) (29,13) (67,20) (32,13) (30,10) (66,17) (33,12) (65,16) (34,10) (64,14) (35,9) (63,11) (62,11) (36,8) (37,6) (38,4) (39,3) (40,2) (41,0) (42,-3) (43,-6) (44,-6) (45,-6) (46,-8) (47,-8) (48,-7) (49,-5) (50,-4) (51,-2) (52,-3) (53,-2) (54,0) (55,0) (56,2) (57,2) (58,4) (59,3) (60,5) (61,9) 
(99,105) (0,100) (98,98) (1,98) (97,93) (2,92) (96,92) (3,89) (95,89) (4,81) (94,86) (5,76) (93,82) (6,72) (92,81) (7,68) (91,80) (8,65) (90,76) (9,62) (89,69) (10,60) (88,66) (11,55) (87,60) (12,50) (86,57) (13,45) (85,55) (14,42) (84,50) (83,51) (15,38) (82,47) (16,38) (81,45) (18,37) (17,36) (80,43) (19,36) (79,42) (21,32) (20,31) (78,41) (22,28) (77,37) (23,26) (76,35) (75,36) (24,25) (74,34) (25,22) (73,30) (72,31) (26,19) (71,28) (27,17) (70,26) (28,15) (69,23) (68,24) (29,13) (67,20) (32,13) (30,10) (66,17) (33,12) (65,16) (34,10) (64,14) (35,9) (63,11) (62,11) (36,8) 
TD 34 :
(99,105) (0,100) (98,98) (1,98) (97,93) (2,92) (96,92) (3,89) (95,89) (4,81) (94,86) (5,76) (93,82) (6,72) (92,81) (7,68) (91,80) (8,65) (90,76) (9,62) (89,69) (10,60) (88,66) (11,55) (87,60) (12,50) (86,57) (13,45) (85,55) (14,42) (84,50) (83,51) (15,38) (82,47) (16,38) (81,45) (18,37) (17,36) (80,43) (19,36) (79,42) (21,32) (20,31) (78,41) (22,28) (77,37) (23,26) (76,35) (75,36) (24,25) (74,34) (25,22) (73,30) (72,31) (26,19) (71,28) (27,17) (70,26) (28,15) (69,23) (68,24) (29,13) (67,20) (32,13) (30,10) (66,17) (33,12) (65,16) (34,10) (64,14) (35,9) (63,11) (62,11) (36,8) (61,9) (37,6) (38,4) (39,3) (40,2) (41,0) (42,-3) (43,-6) (44,-6) (45,-6) (46,-8) (47,-8) (48,-7) (49,-5) (50,-4) (51,-2) (52,-3) (53,-2) (54,0) (55,0) (56,2) (57,2) (58,4) (59,3) (60,5) 
TD 35 :
(99,105) (0,100) (98,98) (1,98) (97,93) (2,92) (96,92) (3,89) (95,89) (4,81) (94,86) (5,76) (93,82) (6,72) (92,81) (7,68) (91,80) (8,65) (90,76) (9,62) (89,69) (10,60) (88,66) (11,55) (87,60) (12,50) (86,57) (13,45) (85,55) (14,42) (84,50) (83,51) (15,38) (82,47) (16,38) (81,45) (18,37) (17,36) (80,43) (19,36) (79,42) (21,32) (20,31) (78,41) (22,28) (77,37) (23,26) (76,35) (75,36) (24,25) (74,34) (25,22) (73,30) (72,31) (26,19) (71,28) (27,17) (70,26) (28,15) (69,23) (68,24) (29,13) (67,20) (32,13) (30,10) (66,17) (33,12) (65,16) (34,10) (64,14) (35,9) (63,11) (62,11) (36,8) (61,9) (37,6) (60,5) (38,4) (39,3) (40,2) (41,0) (42,-3) (43,-6) (44,-6) (45,-6) (46,-8) (47,-8) (48,-7) (49,-5) (50,-4) (51,-2) (52,-3) (53,-2) (54,0) (55,0) (56,2) (57,2) (58,4) (59,3) 
TD 36 :
(99,105) (0,100) (98,98) (1,98) (97,93) (2,92) (96,92) (3,89) (95,89) (4,81) (94,86) (5,76) (93,82) (6,72) (92,81) (7,68) (91,80) (8,65) (90,76) (9,62) (89,69) (10,60) (88,66) (11,55) (87,60) (12,50) (86,57) (13,45) (85,55) (14,42) (84,50) (83,51) (15,38) (82,47) (16,38) (81,45) (18,37) (17,36) (80,43) (19,36) (79,42) (21,32) (20,31) (78,41) (22,28) (77,37) (23,26) (76,35) (75,36) (24,25) (74,34) (25,22) (73,30) (72,31) (26,19) (71,28) (27,17) (70,26) (28,15) (69,23) (68,24) (29,13) (67,20) (32,13) (30,10) (66,17) (33,12) (65,16) (34,10) (64,14) (35,9) (63,11) (62,11) (36,8) (61,9) (37,6) (60,5) (38,4) (59,3) (58,4) (39,3) (40,2) (41,0) (42,-3) (43,-6) (44,-6) (45,-6) (46,-8) (47,-8) (48,-7) (49,-5) (50,-4) (51,-2) (52,-3) (53,-2) (54,0) (55,0) (56,2) (57,2) 
(99,105) (0,100) (98,98) (1,98) (97,93) (2,92) (96,92) (3,89) (95,89) (4,81) (94,86) (5,76) (93,82) (6,72) (92,81) (7,68) (91,80) (8,65) (90,76) (9,62) (89,69) (10,60) (88,66) (11,55) (87,60) (12,50) (86,57) (13,45) (85,55) (14,42) (84,50) (83,51) (15,38) (82,47) (16,38) (81,45) (18,37) (17,36) (80,43) (19,36) (79,42) (21,32) (20,31) (78,41) (22,28) (77,37) (23,26) (76,35) (75,36) (24,25) (74,34) (25,22) (73,30) (72,31) (26,19) (71,28) (27,17) (70,26) (28,15) (69,23) (68,24) (29,13) (67,20) (32,13) (30,10) (66,17) (33,12) (65,16) (34,10) (64,14) (35,9) (63,11) (62,11) (36,8) (61,9) (37,6) (60,5) (38,4) (59,3) (58,4) (39,3) 
TD 37 :
(99,105) (0,100) (98,98) (1,98) (97,93) (2,92) (96,92) (3,89) (95,89) (4,81) (94,86) (5,76) (93,82) (6,72) (92,81) (7,68) (91,80) (8,65) (90,76) (9,62) (89,69) (10,60) (88,66) (11,55) (87,60) (12,50) (86,57) (13,45) (85,55) (14,42) (84,50) (83,51) (15,38) (82,47) (16,38) (81,45) (18,37) (17,36) (80,43) (19,36) (79,42) (21,32) (20,31) (78,41) (22,28) (77,37) (23,26) (76,35) (75,36) (24,25) (74,34) (25,22) (73,30) (72,31) (26,19) (71,28) (27,17) (70,26) (28,15) (69,23) (68,24) (29,13) (67,20) (32,13) (30,10) (66,17) (33,12) (65,16) (34,10) (64,14) (35,9) (63,11) (62,11) (36,8) (61,9) (37,6) (60,5) (38,4) (59,3) (58,4) (39,3) (57,2) (56,2) (40,2) (41,0) (42,-3) (43,-6) (44,-6) (45,-6) (46,-8) (47,-8) (48,-7) (49,-5) (50,-4) (51,-2) (52,-3) (53,-2) (54,0) (55,0) 
(99,105) (0,100) (98,98) (1,98) (97,93) (2,92) (96,92) (3,89) (95,89) (4,81) (94,86) (5,76) (93,82) (6,72) (92,81) (7,68) (91,80) (8,65) (90,76) (9,62) (89,69) (10,60) (88,66) (11,55) (87,60) (12,50) (86,57) (13,45) (85,55) (14,42) (84,50) (83,51) (15,38) (82,47) (16,38) (81,45) (18,37) (17,36) (80,43) (19,36) (79,42) (21,32) (20,31) (78,41) (22,28) (77,37) (23,26) (76,35) (75,36) (24,25) (74,34) (25,22) (73,30) (72,31) (26,19) (71,28) (27,17) (70,26) (28,15) (69,23) (68,24) (29,13) (67,20) (32,13) (30,10) (66,17) (33,12) (65,16) (34,10) (64,14) (35,9) (63,11) (62,11) (36,8) (61,9) (37,6) (60,5) (38,4) (59,3) (58,4) (39,3) (57,2) (56,2) (40,2) 
TD 38 :
(99,105) (0,100) (98,98) (1,98) (97,93) (2,92) (96,92) (3,89) (95,89) (4,81) (94,86) (5,76) (93,82) (6,72) (92,81) (7,68) (91,80) (8,65) (90,76) (9,62) (89,69) (10,60) (88,66) (11,55) (87,60) (12,50) (86,57) (13,45) (85,55) (14,42) (84,50) (83,51) (15,38) (82,47) (16,38) (81,45) (18,37) (17,36) (80,43) (19,36) (79,42) (21,32) (20,31) (78,41) (22,28) (77,37) (23,26) (76,35) (75,36) (24,25) (74,34) (25,22) (73,30) (72,31) (26,19) (71,28) (27,17) (70,26) (28,15) (69,23) (68,24) (29,13) (67,20) (32,13) (30,10) (66,17) (33,12) (65,16) (34,10) (64,14) (35,9) (63,11) (62,11) (36,8) (61,9) (37,6) (60,5) (38,4) (59,3) (58,4) (39,3) (57,2) (56,2) (40,2) (55,0) (54,0) (41,0) (42,-3) (43,-6) (44,-6) (45,-6) (46,-8) (47,-8) (48,-7) (49,-5) (50,-4) (51,-2) (52,-3) (53,-2) 
(99,105) (0,100) (98,98) (1,98) (97,93) (2,92) (96,92) (3,89) (95,89) (4,81) (94,86) (5,76) (93,82) (6,72) (92,81) (7,68) (91,80) (8,65) (90,76) (9,62) (89,69) (10,60) (88,66) (11,55) (87,60) (12,50) (86,57) (13,45) (85,55) (14,42) (84,50) (83,51) (15,38) (82,47) (16,38) (81,45) (18,37) (17,36) (80,43) (19,36) (79,42) (21,32) (20,31) (78,41) (22,28) (77,37) (23,26) (76,35) (75,36) (24,25) (74,34) (25,22) (73,30) (72,31) (26,19) (71,28) (27,17) (70,26) (28,15) (69,23) (68,24) (29,13) (67,20) (32,13) (30,10) (66,17) (33,12) (65,16) (34,10) (64,14) (35,9) (63,11) (62,11) (36,8) (61,9) (37,6) (60,5) (38,4) (59,3) (58,4) (39,3) (57,2) (56,2) (40,2) (55,0) (54,0) (41,0) 
TD 39 :
(99,105) (0,100) (98,98) (1,98) (97,93) (2,92) (96,92) (3,89) (95,89) (4,81) (94,86) (5,76) (93,82) (6,72) (92,81) (7,68) (91,80) (8,65) (90,76) (9,62) (89,69) (10,60) (88,66) (11,55) (87,60) (12,50) (86,57) (13,45) (85,55) (14,42) (84,50) (83,51) (15,38) (82,47) (16,38) (81,45) (18,37) (17,36) (80,43) (19,36) (79,42) (21,32) (20,31) (78,41) (22,28) (77,37) (23,26) (76,35) (75,36) (24,25) (74,34) (25,22) (73,30) (72,31) (26,19) (71,28) (27,17) (70,26) (28,15) (69,23) (68,24) (29,13) (67,20) (32,13) (30,10) (66,17) (33,12) (65,16) (34,10) (64,14) (35,9) (63,11) (62,11) (36,8) (61,9) (37,6) (60,5) (38,4) (59,3) (58,4) (39,3) (57,2) (56,2) (40,2) (55,0) (54,0) (41,0) (53,-2) (51,-2) (42,-3) (43,-6) (44,-6) (45,-6) (46,-8) (47,-8) (48,-7) (49,-5) (50,-4) 
(99,105) (0,100) (98,98) (1,98) (97,93) (2,92) (96,92) (3,89) (95,89) (4,81) (94,86) (5,76) (93,82) (6,72) (92,81) (7,68) (91,80) (8,65) (90,76) (9,62) (89,69) (10,60) (88,66) (11,55) (87,60) (12,50) (86,57) (13,45) (85,55) (14,42) (84,50) (83,51) (15,38) (82,47) (16,38) (81,45) (18,37) (17,36) (80,43) (19,36) (79,42) (21,32) (20,31) (78,41) (22,28) (77,37) (23,26) (76,35) (75,36) (24,25) (74,34) (25,22) (73,30) (72,31) (26,19) (71,28) (27,17) (70,26) (28,15) (69,23) (68,24) (29,13) (67,20) (32,13) (30,10) (66,17) (33,12) (65,16) (34,10) (64,14) (35,9) (63,11) (62,11) (36,8) (61,9) (37,6) (60,5) (38,4) (59,3) (58,4) (39,3) (57,2) (56,2) (40,2) (55,0) (54,0) (41,0) (53,-2) (51,-2) (42,-3) (52,-3) 
TD 40 :
(99,105) (0,100) (98,98) (1,98) (97,93) (2,92) (96,92) (3,89) (95,89) (4,81) (94,86) (5,76) (93,82) (6,72) (92,81) (7,68) (91,80) (8,65) (90,76) (9,62) (89,69) (10,60) (88,66) (11,55) (87,60) (12,50) (86,57) (13,45) (85,55) (14,42) (84,50) (83,51) (15,38) (82,47) (16,38) (81,45) (18,37) (17,36) (80,43) (19,36) (79,42) (21,32) (20,31) (78,41) (22,28) (77,37) (23,26) (76,35) (75,36) (24,25) (74,34) (25,22) (73,30) (72,31) (26,19) (71,28) (27,17) (70,26) (28,15) (69,23) (68,24) (29,13) (67,20) (32,13) (30,10) (66,17) (33,12) (65,16) (34,10) (64,14) (35,9) (63,11) (62,11) (36,8) (61,9) (37,6) (60,5) (38,4) (59,3) (58,4) (39,3) (57,2) (56,2) (40,2) (55,0) (54,0) (41,0) (53,-2) (51,-2) (42,-3) (43,-6) (44,-6) (45,-6) (46,-8) (47,-8) (48,-7) (49,-5) (50,-4) 
(99,105) (0,100) (98,98) (1,98) (97,93) (2,92) (96,92) (3,89) (95,89) (4,81) (94,86) (5,76) (93,82) (6,72) (92,81) (7,68) (91,80) (8,65) (90,76) (9,62) (89,69) (10,60) (88,66) (11,55) (87,60) (12,50) (86,57) (13,45) (85,55) (14,42) (84,50) (83,51) (15,38) (82,47) (16,38) (81,45) (18,37) (17,36) (80,43) (19,36) (79,42) (21,32) (20,31) (78,41) (22,28) (77,37) (23,26) (76,35) (75,36) (24,25) (74,34) (25,22) (73,30) (72,31) (26,19) (71,28) (27,17) (70,26) (28,15) (69,23) (68,24) (29,13) (67,20) (32,13) (30,10) (66,17) (33,12) (65,16) (34,10) (64,14) (35,9) (63,11) (62,11) (36,8) (61,9) (37,6) (60,5) (38,4) (59,3) (58,4) (39,3) (57,2) (56,2) (40,2) (55,0) (54,0) (41,0) (53,-2) (51,-2) (42,-3) (52,-3) 
TD 41 :
(99,105) (0,100) (98,98) (1,98) (97,93) (2,92) (96,92) (3,89) (95,89) (4,81) (94,86) (5,76) (93,82) (6,72) (92,81) (7,68) (91,80) (8,65) (90,76) (9,62) (89,69) (10,60) (88,66) (11,55) (87,60) (12,50) (86,57) (13,45) (85,55) (14,42) (84,50) (83,51) (15,38) (82,47) (16,38) (81,45) (18,37) (17,36) (80,43) (19,36) (79,42) (21,32) (20,31) (78,41) (22,28) (77,37) (23,26) (76,35) (75,36) (24,25) (74,34) (25,22) (73,30) (72,31) (26,19) (71,28) (27,17) (70,26) (28,15) (69,23) (68,24) (29,13) (67,20) (32,13) (30,10) (66,17) (33,12) (65,16) (34,10) (64,14) (35,9) (63,11) (62,11) (36,8) (61,9) (37,6) (60,5) (38,4) (59,3) (58,4) (39,3) (57,2) (56,2) (40,2) (55,0) (54,0) (41,0) (53,-2) (51,-2) (42,-3) (43,-6) (50,-4) (44,-6) (45,-6) (46,-8) (47,-8) (48,-7) (49,-5) 
TD 42 :
(99,105) (0,100) (98,98) (1,98) (97,93) (2,92) (96,92) (3,89) (95,89) (4,81) (94,86) (5,76) (93,82) (6,72) (92,81) (7,68) (91,80) (8,65) (90,76) (9,62) (89,69) (10,60) (88,66) (11,55) (87,60) (12,50) (86,57) (13,45) (85,55) (14,42) (84,50) (83,51) (15,38) (82,47) (16,38) (81,45) (18,37) (17,36) (80,43) (19,36) (79,42) (21,32) (20,31) (78,41) (22,28) (77,37) (23,26) (76,35) (75,36) (24,25) (74,34) (25,22) (73,30) (72,31) (26,19) (71,28) (27,17) (70,26) (28,15) (69,23) (68,24) (29,13) (67,20) (32,13) (30,10) (66,17) (33,12) (65,16) (34,10) (64,14) (35,9) (63,11) (62,11) (36,8) (61,9) (37,6) (60,5) (38,4) (59,3) (58,4) (39,3) (57,2) (56,2) (40,2) (55,0) (54,0) (41,0) (53,-2) (51,-2) (42,-3) (43,-6) (50,-4) (44,-6) (49,-5) (45,-6) (46,-8) (47,-8) (48,-7) 
TD 43 :
(99,105) (0,100) (98,98) (1,98) (97,93) (2,92) (96,92) (3,89) (95,89) (4,81) (94,86) (5,76) (93,82) (6,72) (92,81) (7,68) (91,80) (8,65) (90,76) (9,62) (89,69) (10,60) (88,66) (11,55) (87,60) (12,50) (86,57) (13,45) (85,55) (14,42) (84,50) (83,51) (15,38) (82,47) (16,38) (81,45) (18,37) (17,36) (80,43) (19,36) (79,42) (21,32) (20,31) (78,41) (22,28) (77,37) (23,26) (76,35) (75,36) (24,25) (74,34) (25,22) (73,30) (72,31) (26,19) (71,28) (27,17) (70,26) (28,15) (69,23) (68,24) (29,13) (67,20) (32,13) (30,10) (66,17) (33,12) (65,16) (34,10) (64,14) (35,9) (63,11) (62,11) (36,8) (61,9) (37,6) (60,5) (38,4) (59,3) (58,4) (39,3) (57,2) (56,2) (40,2) (55,0) (54,0) (41,0) (53,-2) (51,-2) (42,-3) (43,-6) (50,-4) (44,-6) (49,-5) (45,-6) (48,-7) (46,-8) (47,-8) 
Pocket 0 :
()
Pocket 1 :
({  (0,100) ,(1,98) } {  (98,98) ,(99,105) } )
Pocket 2 :
({  (1,98) ,(0,100) } {  (99,105) ,(98,98) } )
Pocket 3 :
({  (2,92) ,(1,98) } {  (99,105) ,(97,93) } )
Pocket 4 :
({  (3,89) ,(2,92) } {  (99,105) ,(96,92) } )
Pocket 5 :
({  (4,81) ,(3,89) } {  (99,105) ,(95,89) } )
Pocket 6 :
({  (5,76) ,(4,81) } {  (99,105) ,(94,86) } )
Pocket 7 :
({  (6,72) ,(5,76) } {  (99,105) ,(93,82) } )
Pocket 8 :
({  (7,68) ,(6,72) } {  (99,105) ,(92,81) } )
Pocket 9 :
({  (8,65) ,(7,68) } {  (99,105) ,(91,80) } )
Pocket 10 :
({  (9,62) ,(8,65) } {  (99,105) ,(90,76) } )
Pocket 11 :
({  (10,60) ,(9,62) } {  (99,105) ,(89,69) } )
Pocket 12 :
({  (11,55) ,(10,60) } {  (99,105) ,(88,66) } )
Pocket 13 :
({  (12,50) ,(11,55) } {  (99,105) ,(87,60) } )
Pocket 14 :
({  (13,45) ,(12,50) } {  (99,105) ,(86,57) } )
Pocket 15 :
({  (14,42) ,(13,45) } {  (99,105) ,(85,55) } )
Pocket 16 :
({  (15,38) ,(14,42) } {  (84,50) ,(83,51) } {  (15,38) ,(14,42) } {  (84,50) ,(83,51) } )
Pocket 17 :
({  (16,38) ,(15,38) } {  (99,105) ,(82,47) } )
Pocket 18 :
({  (17,36) ,(16,38) } {  (19,36) ,(18,37) } {  (17,36) ,(16,38) } {  (19,36) ,(18,37) } )
Pocket 19 :
({  (19,36) ,(17,36) } {  (99,105) ,(80,43) } )
Pocket 20 :
({  (20,31) ,(19,36) } {  (22,28) ,(21,32) } {  (20,31) ,(19,36) } {  (22,28) ,(21,32) } )
Pocket 21 :
({  (22,28) ,(20,31) } {  (99,105) ,(78,41) } )
Pocket 22 :
({  (23,26) ,(22,28) } {  (99,105) ,(77,37) } )
Pocket 23 :
({  (24,25) ,(23,26) } {  (76,35) ,(75,36) } {  (24,25) ,(23,26) } {  (76,35) ,(75,36) } )
Pocket 24 :
({  (25,22) ,(24,25) } {  (99,105) ,(74,34) } )
Pocket 25 :
({  (26,19) ,(25,22) } {  (73,30) ,(72,31) } {  (26,19) ,(25,22) } {  (73,30) ,(72,31) } )
Pocket 26 :
({  (27,17) ,(26,19) } {  (99,105) ,(71,28) } )
Pocket 27 :
({  (28,15) ,(27,17) } {  (99,105) ,(70,26) } )
Pocket 28 :
({  (29,13) ,(28,15) } {  (69,23) ,(68,24) } {  (29,13) ,(28,15) } {  (69,23) ,(68,24) } )
Pocket 29 :
({  (30,10) ,(29,13) } {  (33,12) ,(32,13) } {  (30,10) ,(29,13) } {  (33,12) ,(32,13) } )
Pocket 30 :
({  (31,11) ,(30,10) } {  (34,10) ,(33,12) } {  (34,10) ,(33,12) } )
Pocket 31 :
({  (34,10) ,(33,12) } {  (99,105) ,(65,16) } )
Pocket 32 :
({  (35,9) ,(34,10) } {  (99,105) ,(64,14) } )
Pocket 33 :
({  (36,8) ,(35,9) } {  (63,11) ,(62,11) } {  (36,8) ,(35,9) } {  (63,11) ,(62,11) } )
Pocket 34 :
({  (37,6) ,(36,8) } {  (99,105) ,(61,9) } )
Pocket 35 :
({  (38,4) ,(37,6) } {  (99,105) ,(60,5) } )
Pocket 36 :
({  (39,3) ,(38,4) } {  (59,3) ,(58,4) } {  (39,3) ,(38,4) } {  (59,3) ,(58,4) } )
Pocket 37 :
({  (40,2) ,(39,3) } {  (57,2) ,(56,2) } {  (40,2) ,(39,3) } {  (57,2) ,(56,2) } )
Pocket 38 :
({  (41,0) ,(40,2) } {  (55,0) ,(54,0) } {  (41,0) ,(40,2) } {  (55,0) ,(54,0) } )
Pocket 39 :
({  (42,-3) ,(41,0) } {  (52,-3) ,(51,-2) } {  (42,-3) ,(41,0) } {  (52,-3) ,(51,-2) } )
Pocket 40 :
({  (43,-6) ,(42,-3) } {  (99,105) ,(52,-3) } )
Pocket 41 :
({  (44,-6) ,(43,-6) } {  (99,105) ,(50,-4) } )
Pocket 42 :
({  (45,-6) ,(44,-6) } {  (99,105) ,(49,-5) } )
