4 layers in onion peeling: 
Layer 1
(9,6) (0,11) 
Layer 2
(8,4) (1,7) 
Layer 3
(7,3) (2,4) 
Layer 4
(6,2) (4,2) (3,2) 
---------------------------------------------------------------------------------------
TD 0 :
(9,6) (8,4) (7,3) (6,2) (5,1) (4,2) (3,2) (2,4) (1,7) (0,11) 
TD 1 :
(9,6) (0,11) (1,7) (2,4) (3,2) (4,2) (5,1) (6,2) (7,3) (8,4) 
TD 2 :
(9,6) (0,11) (8,4) (1,7) (2,4) (3,2) (4,2) (5,1) (6,2) (7,3) 
TD 3 :
(9,6) (0,11) (8,4) (1,7) (7,3) (2,4) (3,2) (4,2) (5,1) (6,2) 
TD 4 :
(9,6) (0,11) (8,4) (1,7) (7,3) (2,4) (6,2) (4,2) (3,2) 
(9,6) (0,11) (8,4) (1,7) (7,3) (2,4) (6,2) (4,2) (3,2) (5,1) 
Pocket 0 :
()
Pocket 1 :
({  (0,11) ,(1,7) } {  (8,4) ,(9,6) } )
Pocket 2 :
({  (1,7) ,(0,11) } {  (9,6) ,(8,4) } )
Pocket 3 :
({  (2,4) ,(1,7) } {  (9,6) ,(7,3) } )
