40 layers in onion peeling: 
Layer 1
(99,91) (0,101) 
Layer 2
(98,89) (1,97) 
Layer 3
(97,85) (2,91) 
Layer 4
(96,84) (3,87) 
Layer 5
(95,80) (4,83) 
Layer 6
(94,79) (5,77) 
Layer 7
(93,76) (6,76) 
Layer 8
(92,70) (7,71) 
Layer 9
(91,65) (8,65) 
Layer 10
(90,64) (9,64) 
Layer 11
(89,62) (10,59) 
Layer 12
(88,56) (11,56) 
Layer 13
(87,55) (12,53) 
Layer 14
(86,53) (13,46) 
Layer 15
(85,47) (14,43) 
Layer 16
(84,41) (15,39) 
Layer 17
(83,39) (16,35) 
Layer 18
(82,36) (17,35) 
Layer 19
(81,31) (18,30) 
Layer 20
(80,26) (19,28) 
Layer 21
(79,22) (20,26) 
Layer 22
(78,21) (21,25) 
Layer 23
(77,20) (22,24) 
Layer 24
(76,20) (25,23) (23,23) 
Layer 25
(75,16) (74,17) (24,22) 
Layer 26
(73,14) (26,21) 
Layer 27
(72,12) (29,19) (27,18) 
Layer 28
(71,10) (30,18) (28,18) 
Layer 29
(70,7) (32,16) (31,16) 
Layer 30
(69,5) (33,11) 
Layer 31
(68,4) (67,5) (35,9) (34,8) 
Layer 32
(66,5) (40,7) (36,6) 
Layer 33
(65,2) (39,6) (37,6) 
Layer 34
(64,1) (41,5) (38,4) 
Layer 35
(63,0) (42,3) 
Layer 36
(62,-1) (43,0) 
Layer 37
(61,-4) (45,-1) (44,-2) 
Layer 38
(60,-4) (50,-2) (46,-2) 
Layer 39
(59,-7) (55,-5) (48,-3) (47,-4) 
Layer 40
(58,-8) (57,-7) (56,-6) (54,-5) (51,-4) (49,-4) 
---------------------------------------------------------------------------------------
TD 0 :
(99,91) (98,89) (97,85) (96,84) (95,80) (94,79) (93,76) (92,70) (91,65) (90,64) (89,62) (88,56) (87,55) (86,53) (85,47) (84,41) (83,39) (82,36) (81,31) (80,26) (79,22) (78,21) (77,20) (76,20) (75,16) (74,17) (73,14) (72,12) (71,10) (70,7) (69,5) (68,4) (67,5) (66,5) (65,2) (64,1) (63,0) (62,-1) (61,-4) (60,-4) (59,-7) (58,-8) (57,-7) (56,-6) (55,-5) (54,-5) (53,-8) (52,-6) (51,-4) (50,-2) (49,-4) (48,-3) (47,-4) (46,-2) (45,-1) (44,-2) (43,0) (42,3) (41,5) (40,7) (39,6) (38,4) (37,6) (36,6) (35,9) (34,8) (33,11) (32,16) (31,16) (30,18) (29,19) (28,18) (27,18) (26,21) (25,23) (24,22) (23,23) (22,24) (21,25) (20,26) (19,28) (18,30) (17,35) (16,35) (15,39) (14,43) (13,46) (12,53) (11,56) (10,59) (9,64) (8,65) (7,71) (6,76) (5,77) (4,83) (3,87) (2,91) (1,97) (0,101) 
TD 1 :
(99,91) (0,101) (1,97) (2,91) (3,87) (4,83) (5,77) (6,76) (7,71) (8,65) (9,64) (10,59) (11,56) (12,53) (13,46) (14,43) (15,39) (16,35) (17,35) (18,30) (19,28) (20,26) (21,25) (22,24) (23,23) (24,22) (25,23) (26,21) (27,18) (28,18) (29,19) (30,18) (31,16) (32,16) (33,11) (34,8) (35,9) (36,6) (37,6) (38,4) (39,6) (40,7) (41,5) (42,3) (43,0) (44,-2) (45,-1) (46,-2) (47,-4) (48,-3) (49,-4) (50,-2) (51,-4) (52,-6) (53,-8) (54,-5) (55,-5) (56,-6) (57,-7) (58,-8) (59,-7) (60,-4) (61,-4) (62,-1) (63,0) (64,1) (65,2) (66,5) (67,5) (68,4) (69,5) (70,7) (71,10) (72,12) (73,14) (74,17) (75,16) (76,20) (77,20) (78,21) (79,22) (80,26) (81,31) (82,36) (83,39) (84,41) (85,47) (86,53) (87,55) (88,56) (89,62) (90,64) (91,65) (92,70) (93,76) (94,79) (95,80) (96,84) (97,85) (98,89) 
TD 2 :
(99,91) (0,101) (98,89) (1,97) (2,91) (3,87) (4,83) (5,77) (6,76) (7,71) (8,65) (9,64) (10,59) (11,56) (12,53) (13,46) (14,43) (15,39) (16,35) (17,35) (18,30) (19,28) (20,26) (21,25) (22,24) (23,23) (24,22) (25,23) (26,21) (27,18) (28,18) (29,19) (30,18) (31,16) (32,16) (33,11) (34,8) (35,9) (36,6) (37,6) (38,4) (39,6) (40,7) (41,5) (42,3) (43,0) (44,-2) (45,-1) (46,-2) (47,-4) (48,-3) (49,-4) (50,-2) (51,-4) (52,-6) (53,-8) (54,-5) (55,-5) (56,-6) (57,-7) (58,-8) (59,-7) (60,-4) (61,-4) (62,-1) (63,0) (64,1) (65,2) (66,5) (67,5) (68,4) (69,5) (70,7) (71,10) (72,12) (73,14) (74,17) (75,16) (76,20) (77,20) (78,21) (79,22) (80,26) (81,31) (82,36) (83,39) (84,41) (85,47) (86,53) (87,55) (88,56) (89,62) (90,64) (91,65) (92,70) (93,76) (94,79) (95,80) (96,84) (97,85) 
TD 3 :
(99,91) (0,101) (98,89) (1,97) (97,85) (2,91) (3,87) (4,83) (5,77) (6,76) (7,71) (8,65) (9,64) (10,59) (11,56) (12,53) (13,46) (14,43) (15,39) (16,35) (17,35) (18,30) (19,28) (20,26) (21,25) (22,24) (23,23) (24,22) (25,23) (26,21) (27,18) (28,18) (29,19) (30,18) (31,16) (32,16) (33,11) (34,8) (35,9) (36,6) (37,6) (38,4) (39,6) (40,7) (41,5) (42,3) (43,0) (44,-2) (45,-1) (46,-2) (47,-4) (48,-3) (49,-4) (50,-2) (51,-4) (52,-6) (53,-8) (54,-5) (55,-5) (56,-6) (57,-7) (58,-8) (59,-7) (60,-4) (61,-4) (62,-1) (63,0) (64,1) (65,2) (66,5) (67,5) (68,4) (69,5) (70,7) (71,10) (72,12) (73,14) (74,17) (75,16) (76,20) (77,20) (78,21) (79,22) (80,26) (81,31) (82,36) (83,39) (84,41) (85,47) (86,53) (87,55) (88,56) (89,62) (90,64) (91,65) (92,70) (93,76) (94,79) (95,80) (96,84) 
TD 4 :
(99,91) (0,101) (98,89) (1,97) (97,85) (2,91) (96,84) (3,87) (4,83) (5,77) (6,76) (7,71) (8,65) (9,64) (10,59) (11,56) (12,53) (13,46) (14,43) (15,39) (16,35) (17,35) (18,30) (19,28) (20,26) (21,25) (22,24) (23,23) (24,22) (25,23) (26,21) (27,18) (28,18) (29,19) (30,18) (31,16) (32,16) (33,11) (34,8) (35,9) (36,6) (37,6) (38,4) (39,6) (40,7) (41,5) (42,3) (43,0) (44,-2) (45,-1) (46,-2) (47,-4) (48,-3) (49,-4) (50,-2) (51,-4) (52,-6) (53,-8) (54,-5) (55,-5) (56,-6) (57,-7) (58,-8) (59,-7) (60,-4) (61,-4) (62,-1) (63,0) (64,1) (65,2) (66,5) (67,5) (68,4) (69,5) (70,7) (71,10) (72,12) (73,14) (74,17) (75,16) (76,20) (77,20) (78,21) (79,22) (80,26) (81,31) (82,36) (83,39) (84,41) (85,47) (86,53) (87,55) (88,56) (89,62) (90,64) (91,65) (92,70) (93,76) (94,79) (95,80) 
TD 5 :
(99,91) (0,101) (98,89) (1,97) (97,85) (2,91) (96,84) (3,87) (95,80) (4,83) (5,77) (6,76) (7,71) (8,65) (9,64) (10,59) (11,56) (12,53) (13,46) (14,43) (15,39) (16,35) (17,35) (18,30) (19,28) (20,26) (21,25) (22,24) (23,23) (24,22) (25,23) (26,21) (27,18) (28,18) (29,19) (30,18) (31,16) (32,16) (33,11) (34,8) (35,9) (36,6) (37,6) (38,4) (39,6) (40,7) (41,5) (42,3) (43,0) (44,-2) (45,-1) (46,-2) (47,-4) (48,-3) (49,-4) (50,-2) (51,-4) (52,-6) (53,-8) (54,-5) (55,-5) (56,-6) (57,-7) (58,-8) (59,-7) (60,-4) (61,-4) (62,-1) (63,0) (64,1) (65,2) (66,5) (67,5) (68,4) (69,5) (70,7) (71,10) (72,12) (73,14) (74,17) (75,16) (76,20) (77,20) (78,21) (79,22) (80,26) (81,31) (82,36) (83,39) (84,41) (85,47) (86,53) (87,55) (88,56) (89,62) (90,64) (91,65) (92,70) (93,76) (94,79) 
TD 6 :
(99,91) (0,101) (98,89) (1,97) (97,85) (2,91) (96,84) (3,87) (95,80) (4,83) (94,79) (5,77) (6,76) (7,71) (8,65) (9,64) (10,59) (11,56) (12,53) (13,46) (14,43) (15,39) (16,35) (17,35) (18,30) (19,28) (20,26) (21,25) (22,24) (23,23) (24,22) (25,23) (26,21) (27,18) (28,18) (29,19) (30,18) (31,16) (32,16) (33,11) (34,8) (35,9) (36,6) (37,6) (38,4) (39,6) (40,7) (41,5) (42,3) (43,0) (44,-2) (45,-1) (46,-2) (47,-4) (48,-3) (49,-4) (50,-2) (51,-4) (52,-6) (53,-8) (54,-5) (55,-5) (56,-6) (57,-7) (58,-8) (59,-7) (60,-4) (61,-4) (62,-1) (63,0) (64,1) (65,2) (66,5) (67,5) (68,4) (69,5) (70,7) (71,10) (72,12) (73,14) (74,17) (75,16) (76,20) (77,20) (78,21) (79,22) (80,26) (81,31) (82,36) (83,39) (84,41) (85,47) (86,53) (87,55) (88,56) (89,62) (90,64) (91,65) (92,70) (93,76) 
TD 7 :
(99,91) (0,101) (98,89) (1,97) (97,85) (2,91) (96,84) (3,87) (95,80) (4,83) (94,79) (5,77) (93,76) (6,76) (7,71) (8,65) (9,64) (10,59) (11,56) (12,53) (13,46) (14,43) (15,39) (16,35) (17,35) (18,30) (19,28) (20,26) (21,25) (22,24) (23,23) (24,22) (25,23) (26,21) (27,18) (28,18) (29,19) (30,18) (31,16) (32,16) (33,11) (34,8) (35,9) (36,6) (37,6) (38,4) (39,6) (40,7) (41,5) (42,3) (43,0) (44,-2) (45,-1) (46,-2) (47,-4) (48,-3) (49,-4) (50,-2) (51,-4) (52,-6) (53,-8) (54,-5) (55,-5) (56,-6) (57,-7) (58,-8) (59,-7) (60,-4) (61,-4) (62,-1) (63,0) (64,1) (65,2) (66,5) (67,5) (68,4) (69,5) (70,7) (71,10) (72,12) (73,14) (74,17) (75,16) (76,20) (77,20) (78,21) (79,22) (80,26) (81,31) (82,36) (83,39) (84,41) (85,47) (86,53) (87,55) (88,56) (89,62) (90,64) (91,65) (92,70) 
TD 8 :
(99,91) (0,101) (98,89) (1,97) (97,85) (2,91) (96,84) (3,87) (95,80) (4,83) (94,79) (5,77) (93,76) (6,76) (92,70) (7,71) (8,65) (9,64) (10,59) (11,56) (12,53) (13,46) (14,43) (15,39) (16,35) (17,35) (18,30) (19,28) (20,26) (21,25) (22,24) (23,23) (24,22) (25,23) (26,21) (27,18) (28,18) (29,19) (30,18) (31,16) (32,16) (33,11) (34,8) (35,9) (36,6) (37,6) (38,4) (39,6) (40,7) (41,5) (42,3) (43,0) (44,-2) (45,-1) (46,-2) (47,-4) (48,-3) (49,-4) (50,-2) (51,-4) (52,-6) (53,-8) (54,-5) (55,-5) (56,-6) (57,-7) (58,-8) (59,-7) (60,-4) (61,-4) (62,-1) (63,0) (64,1) (65,2) (66,5) (67,5) (68,4) (69,5) (70,7) (71,10) (72,12) (73,14) (74,17) (75,16) (76,20) (77,20) (78,21) (79,22) (80,26) (81,31) (82,36) (83,39) (84,41) (85,47) (86,53) (87,55) (88,56) (89,62) (90,64) (91,65) 
TD 9 :
(99,91) (0,101) (98,89) (1,97) (97,85) (2,91) (96,84) (3,87) (95,80) (4,83) (94,79) (5,77) (93,76) (6,76) (92,70) (7,71) (91,65) (8,65) (9,64) (10,59) (11,56) (12,53) (13,46) (14,43) (15,39) (16,35) (17,35) (18,30) (19,28) (20,26) (21,25) (22,24) (23,23) (24,22) (25,23) (26,21) (27,18) (28,18) (29,19) (30,18) (31,16) (32,16) (33,11) (34,8) (35,9) (36,6) (37,6) (38,4) (39,6) (40,7) (41,5) (42,3) (43,0) (44,-2) (45,-1) (46,-2) (47,-4) (48,-3) (49,-4) (50,-2) (51,-4) (52,-6) (53,-8) (54,-5) (55,-5) (56,-6) (57,-7) (58,-8) (59,-7) (60,-4) (61,-4) (62,-1) (63,0) (64,1) (65,2) (66,5) (67,5) (68,4) (69,5) (70,7) (71,10) (72,12) (73,14) (74,17) (75,16) (76,20) (77,20) (78,21) (79,22) (80,26) (81,31) (82,36) (83,39) (84,41) (85,47) (86,53) (87,55) (88,56) (89,62) (90,64) 
TD 10 :
(99,91) (0,101) (98,89) (1,97) (97,85) (2,91) (96,84) (3,87) (95,80) (4,83) (94,79) (5,77) (93,76) (6,76) (92,70) (7,71) (91,65) (8,65) (90,64) (9,64) (10,59) (11,56) (12,53) (13,46) (14,43) (15,39) (16,35) (17,35) (18,30) (19,28) (20,26) (21,25) (22,24) (23,23) (24,22) (25,23) (26,21) (27,18) (28,18) (29,19) (30,18) (31,16) (32,16) (33,11) (34,8) (35,9) (36,6) (37,6) (38,4) (39,6) (40,7) (41,5) (42,3) (43,0) (44,-2) (45,-1) (46,-2) (47,-4) (48,-3) (49,-4) (50,-2) (51,-4) (52,-6) (53,-8) (54,-5) (55,-5) (56,-6) (57,-7) (58,-8) (59,-7) (60,-4) (61,-4) (62,-1) (63,0) (64,1) (65,2) (66,5) (67,5) (68,4) (69,5) (70,7) (71,10) (72,12) (73,14) (74,17) (75,16) (76,20) (77,20) (78,21) (79,22) (80,26) (81,31) (82,36) (83,39) (84,41) (85,47) (86,53) (87,55) (88,56) (89,62) 
TD 11 :
(99,91) (0,101) (98,89) (1,97) (97,85) (2,91) (96,84) (3,87) (95,80) (4,83) (94,79) (5,77) (93,76) (6,76) (92,70) (7,71) (91,65) (8,65) (90,64) (9,64) (89,62) (10,59) (11,56) (12,53) (13,46) (14,43) (15,39) (16,35) (17,35) (18,30) (19,28) (20,26) (21,25) (22,24) (23,23) (24,22) (25,23) (26,21) (27,18) (28,18) (29,19) (30,18) (31,16) (32,16) (33,11) (34,8) (35,9) (36,6) (37,6) (38,4) (39,6) (40,7) (41,5) (42,3) (43,0) (44,-2) (45,-1) (46,-2) (47,-4) (48,-3) (49,-4) (50,-2) (51,-4) (52,-6) (53,-8) (54,-5) (55,-5) (56,-6) (57,-7) (58,-8) (59,-7) (60,-4) (61,-4) (62,-1) (63,0) (64,1) (65,2) (66,5) (67,5) (68,4) (69,5) (70,7) (71,10) (72,12) (73,14) (74,17) (75,16) (76,20) (77,20) (78,21) (79,22) (80,26) (81,31) (82,36) (83,39) (84,41) (85,47) (86,53) (87,55) (88,56) 
TD 12 :
(99,91) (0,101) (98,89) (1,97) (97,85) (2,91) (96,84) (3,87) (95,80) (4,83) (94,79) (5,77) (93,76) (6,76) (92,70) (7,71) (91,65) (8,65) (90,64) (9,64) (89,62) (10,59) (88,56) (11,56) (12,53) (13,46) (14,43) (15,39) (16,35) (17,35) (18,30) (19,28) (20,26) (21,25) (22,24) (23,23) (24,22) (25,23) (26,21) (27,18) (28,18) (29,19) (30,18) (31,16) (32,16) (33,11) (34,8) (35,9) (36,6) (37,6) (38,4) (39,6) (40,7) (41,5) (42,3) (43,0) (44,-2) (45,-1) (46,-2) (47,-4) (48,-3) (49,-4) (50,-2) (51,-4) (52,-6) (53,-8) (54,-5) (55,-5) (56,-6) (57,-7) (58,-8) (59,-7) (60,-4) (61,-4) (62,-1) (63,0) (64,1) (65,2) (66,5) (67,5) (68,4) (69,5) (70,7) (71,10) (72,12) (73,14) (74,17) (75,16) (76,20) (77,20) (78,21) (79,22) (80,26) (81,31) (82,36) (83,39) (84,41) (85,47) (86,53) (87,55) 
TD 13 :
(99,91) (0,101) (98,89) (1,97) (97,85) (2,91) (96,84) (3,87) (95,80) (4,83) (94,79) (5,77) (93,76) (6,76) (92,70) (7,71) (91,65) (8,65) (90,64) (9,64) (89,62) (10,59) (88,56) (11,56) (87,55) (12,53) (13,46) (14,43) (15,39) (16,35) (17,35) (18,30) (19,28) (20,26) (21,25) (22,24) (23,23) (24,22) (25,23) (26,21) (27,18) (28,18) (29,19) (30,18) (31,16) (32,16) (33,11) (34,8) (35,9) (36,6) (37,6) (38,4) (39,6) (40,7) (41,5) (42,3) (43,0) (44,-2) (45,-1) (46,-2) (47,-4) (48,-3) (49,-4) (50,-2) (51,-4) (52,-6) (53,-8) (54,-5) (55,-5) (56,-6) (57,-7) (58,-8) (59,-7) (60,-4) (61,-4) (62,-1) (63,0) (64,1) (65,2) (66,5) (67,5) (68,4) (69,5) (70,7) (71,10) (72,12) (73,14) (74,17) (75,16) (76,20) (77,20) (78,21) (79,22) (80,26) (81,31) (82,36) (83,39) (84,41) (85,47) (86,53) 
TD 14 :
(99,91) (0,101) (98,89) (1,97) (97,85) (2,91) (96,84) (3,87) (95,80) (4,83) (94,79) (5,77) (93,76) (6,76) (92,70) (7,71) (91,65) (8,65) (90,64) (9,64) (89,62) (10,59) (88,56) (11,56) (87,55) (12,53) (86,53) (13,46) (14,43) (15,39) (16,35) (17,35) (18,30) (19,28) (20,26) (21,25) (22,24) (23,23) (24,22) (25,23) (26,21) (27,18) (28,18) (29,19) (30,18) (31,16) (32,16) (33,11) (34,8) (35,9) (36,6) (37,6) (38,4) (39,6) (40,7) (41,5) (42,3) (43,0) (44,-2) (45,-1) (46,-2) (47,-4) (48,-3) (49,-4) (50,-2) (51,-4) (52,-6) (53,-8) (54,-5) (55,-5) (56,-6) (57,-7) (58,-8) (59,-7) (60,-4) (61,-4) (62,-1) (63,0) (64,1) (65,2) (66,5) (67,5) (68,4) (69,5) (70,7) (71,10) (72,12) (73,14) (74,17) (75,16) (76,20) (77,20) (78,21) (79,22) (80,26) (81,31) (82,36) (83,39) (84,41) (85,47) 
TD 15 :
(99,91) (0,101) (98,89) (1,97) (97,85) (2,91) (96,84) (3,87) (95,80) (4,83) (94,79) (5,77) (93,76) (6,76) (92,70) (7,71) (91,65) (8,65) (90,64) (9,64) (89,62) (10,59) (88,56) (11,56) (87,55) (12,53) (86,53) (13,46) (85,47) (14,43) (15,39) (16,35) (17,35) (18,30) (19,28) (20,26) (21,25) (22,24) (23,23) (24,22) (25,23) (26,21) (27,18) (28,18) (29,19) (30,18) (31,16) (32,16) (33,11) (34,8) (35,9) (36,6) (37,6) (38,4) (39,6) (40,7) (41,5) (42,3) (43,0) (44,-2) (45,-1) (46,-2) (47,-4) (48,-3) (49,-4) (50,-2) (51,-4) (52,-6) (53,-8) (54,-5) (55,-5) (56,-6) (57,-7) (58,-8) (59,-7) (60,-4) (61,-4) (62,-1) (63,0) (64,1) (65,2) (66,5) (67,5) (68,4) (69,5) (70,7) (71,10) (72,12) (73,14) (74,17) (75,16) (76,20) (77,20) (78,21) (79,22) (80,26) (81,31) (82,36) (83,39) (84,41) 
TD 16 :
(99,91) (0,101) (98,89) (1,97) (97,85) (2,91) (96,84) (3,87) (95,80) (4,83) (94,79) (5,77) (93,76) (6,76) (92,70) (7,71) (91,65) (8,65) (90,64) (9,64) (89,62) (10,59) (88,56) (11,56) (87,55) (12,53) (86,53) (13,46) (85,47) (14,43) (84,41) (15,39) (16,35) (17,35) (18,30) (19,28) (20,26) (21,25) (22,24) (23,23) (24,22) (25,23) (26,21) (27,18) (28,18) (29,19) (30,18) (31,16) (32,16) (33,11) (34,8) (35,9) (36,6) (37,6) (38,4) (39,6) (40,7) (41,5) (42,3) (43,0) (44,-2) (45,-1) (46,-2) (47,-4) (48,-3) (49,-4) (50,-2) (51,-4) (52,-6) (53,-8) (54,-5) (55,-5) (56,-6) (57,-7) (58,-8) (59,-7) (60,-4) (61,-4) (62,-1) (63,0) (64,1) (65,2) (66,5) (67,5) (68,4) (69,5) (70,7) (71,10) (72,12) (73,14) (74,17) (75,16) (76,20) (77,20) (78,21) (79,22) (80,26) (81,31) (82,36) (83,39) 
TD 17 :
(99,91) (0,101) (98,89) (1,97) (97,85) (2,91) (96,84) (3,87) (95,80) (4,83) (94,79) (5,77) (93,76) (6,76) (92,70) (7,71) (91,65) (8,65) (90,64) (9,64) (89,62) (10,59) (88,56) (11,56) (87,55) (12,53) (86,53) (13,46) (85,47) (14,43) (84,41) (15,39) (83,39) (16,35) (17,35) (18,30) (19,28) (20,26) (21,25) (22,24) (23,23) (24,22) (25,23) (26,21) (27,18) (28,18) (29,19) (30,18) (31,16) (32,16) (33,11) (34,8) (35,9) (36,6) (37,6) (38,4) (39,6) (40,7) (41,5) (42,3) (43,0) (44,-2) (45,-1) (46,-2) (47,-4) (48,-3) (49,-4) (50,-2) (51,-4) (52,-6) (53,-8) (54,-5) (55,-5) (56,-6) (57,-7) (58,-8) (59,-7) (60,-4) (61,-4) (62,-1) (63,0) (64,1) (65,2) (66,5) (67,5) (68,4) (69,5) (70,7) (71,10) (72,12) (73,14) (74,17) (75,16) (76,20) (77,20) (78,21) (79,22) (80,26) (81,31) (82,36) 
TD 18 :
(99,91) (0,101) (98,89) (1,97) (97,85) (2,91) (96,84) (3,87) (95,80) (4,83) (94,79) (5,77) (93,76) (6,76) (92,70) (7,71) (91,65) (8,65) (90,64) (9,64) (89,62) (10,59) (88,56) (11,56) (87,55) (12,53) (86,53) (13,46) (85,47) (14,43) (84,41) (15,39) (83,39) (16,35) (82,36) (17,35) (18,30) (19,28) (20,26) (21,25) (22,24) (23,23) (24,22) (25,23) (26,21) (27,18) (28,18) (29,19) (30,18) (31,16) (32,16) (33,11) (34,8) (35,9) (36,6) (37,6) (38,4) (39,6) (40,7) (41,5) (42,3) (43,0) (44,-2) (45,-1) (46,-2) (47,-4) (48,-3) (49,-4) (50,-2) (51,-4) (52,-6) (53,-8) (54,-5) (55,-5) (56,-6) (57,-7) (58,-8) (59,-7) (60,-4) (61,-4) (62,-1) (63,0) (64,1) (65,2) (66,5) (67,5) (68,4) (69,5) (70,7) (71,10) (72,12) (73,14) (74,17) (75,16) (76,20) (77,20) (78,21) (79,22) (80,26) (81,31) 
TD 19 :
(99,91) (0,101) (98,89) (1,97) (97,85) (2,91) (96,84) (3,87) (95,80) (4,83) (94,79) (5,77) (93,76) (6,76) (92,70) (7,71) (91,65) (8,65) (90,64) (9,64) (89,62) (10,59) (88,56) (11,56) (87,55) (12,53) (86,53) (13,46) (85,47) (14,43) (84,41) (15,39) (83,39) (16,35) (82,36) (17,35) (81,31) (18,30) (19,28) (20,26) (21,25) (22,24) (23,23) (24,22) (25,23) (26,21) (27,18) (28,18) (29,19) (30,18) (31,16) (32,16) (33,11) (34,8) (35,9) (36,6) (37,6) (38,4) (39,6) (40,7) (41,5) (42,3) (43,0) (44,-2) (45,-1) (46,-2) (47,-4) (48,-3) (49,-4) (50,-2) (51,-4) (52,-6) (53,-8) (54,-5) (55,-5) (56,-6) (57,-7) (58,-8) (59,-7) (60,-4) (61,-4) (62,-1) (63,0) (64,1) (65,2) (66,5) (67,5) (68,4) (69,5) (70,7) (71,10) (72,12) (73,14) (74,17) (75,16) (76,20) (77,20) (78,21) (79,22) (80,26) 
TD 20 :
(99,91) (0,101) (98,89) (1,97) (97,85) (2,91) (96,84) (3,87) (95,80) (4,83) (94,79) (5,77) (93,76) (6,76) (92,70) (7,71) (91,65) (8,65) (90,64) (9,64) (89,62) (10,59) (88,56) (11,56) (87,55) (12,53) (86,53) (13,46) (85,47) (14,43) (84,41) (15,39) (83,39) (16,35) (82,36) (17,35) (81,31) (18,30) (80,26) (19,28) (20,26) (21,25) (22,24) (23,23) (24,22) (25,23) (26,21) (27,18) (28,18) (29,19) (30,18) (31,16) (32,16) (33,11) (34,8) (35,9) (36,6) (37,6) (38,4) (39,6) (40,7) (41,5) (42,3) (43,0) (44,-2) (45,-1) (46,-2) (47,-4) (48,-3) (49,-4) (50,-2) (51,-4) (52,-6) (53,-8) (54,-5) (55,-5) (56,-6) (57,-7) (58,-8) (59,-7) (60,-4) (61,-4) (62,-1) (63,0) (64,1) (65,2) (66,5) (67,5) (68,4) (69,5) (70,7) (71,10) (72,12) (73,14) (74,17) (75,16) (76,20) (77,20) (78,21) (79,22) 
TD 21 :
(99,91) (0,101) (98,89) (1,97) (97,85) (2,91) (96,84) (3,87) (95,80) (4,83) (94,79) (5,77) (93,76) (6,76) (92,70) (7,71) (91,65) (8,65) (90,64) (9,64) (89,62) (10,59) (88,56) (11,56) (87,55) (12,53) (86,53) (13,46) (85,47) (14,43) (84,41) (15,39) (83,39) (16,35) (82,36) (17,35) (81,31) (18,30) (80,26) (19,28) (79,22) (20,26) (21,25) (22,24) (23,23) (24,22) (25,23) (26,21) (27,18) (28,18) (29,19) (30,18) (31,16) (32,16) (33,11) (34,8) (35,9) (36,6) (37,6) (38,4) (39,6) (40,7) (41,5) (42,3) (43,0) (44,-2) (45,-1) (46,-2) (47,-4) (48,-3) (49,-4) (50,-2) (51,-4) (52,-6) (53,-8) (54,-5) (55,-5) (56,-6) (57,-7) (58,-8) (59,-7) (60,-4) (61,-4) (62,-1) (63,0) (64,1) (65,2) (66,5) (67,5) (68,4) (69,5) (70,7) (71,10) (72,12) (73,14) (74,17) (75,16) (76,20) (77,20) (78,21) 
TD 22 :
(99,91) (0,101) (98,89) (1,97) (97,85) (2,91) (96,84) (3,87) (95,80) (4,83) (94,79) (5,77) (93,76) (6,76) (92,70) (7,71) (91,65) (8,65) (90,64) (9,64) (89,62) (10,59) (88,56) (11,56) (87,55) (12,53) (86,53) (13,46) (85,47) (14,43) (84,41) (15,39) (83,39) (16,35) (82,36) (17,35) (81,31) (18,30) (80,26) (19,28) (79,22) (20,26) (78,21) (21,25) (22,24) (23,23) (24,22) (25,23) (26,21) (27,18) (28,18) (29,19) (30,18) (31,16) (32,16) (33,11) (34,8) (35,9) (36,6) (37,6) (38,4) (39,6) (40,7) (41,5) (42,3) (43,0) (44,-2) (45,-1) (46,-2) (47,-4) (48,-3) (49,-4) (50,-2) (51,-4) (52,-6) (53,-8) (54,-5) (55,-5) (56,-6) (57,-7) (58,-8) (59,-7) (60,-4) (61,-4) (62,-1) (63,0) (64,1) (65,2) (66,5) (67,5) (68,4) (69,5) (70,7) (71,10) (72,12) (73,14) (74,17) (75,16) (76,20) (77,20) 
TD 23 :
(99,91) (0,101) (98,89) (1,97) (97,85) (2,91) (96,84) (3,87) (95,80) (4,83) (94,79) (5,77) (93,76) (6,76) (92,70) (7,71) (91,65) (8,65) (90,64) (9,64) (89,62) (10,59) (88,56) (11,56) (87,55) (12,53) (86,53) (13,46) (85,47) (14,43) (84,41) (15,39) (83,39) (16,35) (82,36) (17,35) (81,31) (18,30) (80,26) (19,28) (79,22) (20,26) (78,21) (21,25) (77,20) (22,24) (23,23) (24,22) (25,23) (26,21) (27,18) (28,18) (29,19) (30,18) (31,16) (32,16) (33,11) (34,8) (35,9) (36,6) (37,6) (38,4) (39,6) (40,7) (41,5) (42,3) (43,0) (44,-2) (45,-1) (46,-2) (47,-4) (48,-3) (49,-4) (50,-2) (51,-4) (52,-6) (53,-8) (54,-5) (55,-5) (56,-6) (57,-7) (58,-8) (59,-7) (60,-4) (61,-4) (62,-1) (63,0) (64,1) (65,2) (66,5) (67,5) (68,4) (69,5) (70,7) (71,10) (72,12) (73,14) (74,17) (75,16) (76,20) 
TD 24 :
(99,91) (0,101) (98,89) (1,97) (97,85) (2,91) (96,84) (3,87) (95,80) (4,83) (94,79) (5,77) (93,76) (6,76) (92,70) (7,71) (91,65) (8,65) (90,64) (9,64) (89,62) (10,59) (88,56) (11,56) (87,55) (12,53) (86,53) (13,46) (85,47) (14,43) (84,41) (15,39) (83,39) (16,35) (82,36) (17,35) (81,31) (18,30) (80,26) (19,28) (79,22) (20,26) (78,21) (21,25) (77,20) (22,24) (76,20) (25,23) (23,23) (24,22) 
(99,91) (0,101) (98,89) (1,97) (97,85) (2,91) (96,84) (3,87) (95,80) (4,83) (94,79) (5,77) (93,76) (6,76) (92,70) (7,71) (91,65) (8,65) (90,64) (9,64) (89,62) (10,59) (88,56) (11,56) (87,55) (12,53) (86,53) (13,46) (85,47) (14,43) (84,41) (15,39) (83,39) (16,35) (82,36) (17,35) (81,31) (18,30) (80,26) (19,28) (79,22) (20,26) (78,21) (21,25) (77,20) (22,24) (76,20) (25,23) (23,23) (26,21) (27,18) (28,18) (29,19) (30,18) (31,16) (32,16) (33,11) (34,8) (35,9) (36,6) (37,6) (38,4) (39,6) (40,7) (41,5) (42,3) (43,0) (44,-2) (45,-1) (46,-2) (47,-4) (48,-3) (49,-4) (50,-2) (51,-4) (52,-6) (53,-8) (54,-5) (55,-5) (56,-6) (57,-7) (58,-8) (59,-7) (60,-4) (61,-4) (62,-1) (63,0) (64,1) (65,2) (66,5) (67,5) (68,4) (69,5) (70,7) (71,10) (72,12) (73,14) (74,17) (75,16) 
TD 25 :
(99,91) (0,101) (98,89) (1,97) (97,85) (2,91) (96,84) (3,87) (95,80) (4,83) (94,79) (5,77) (93,76) (6,76) (92,70) (7,71) (91,65) (8,65) (90,64) (9,64) (89,62) (10,59) (88,56) (11,56) (87,55) (12,53) (86,53) (13,46) (85,47) (14,43) (84,41) (15,39) (83,39) (16,35) (82,36) (17,35) (81,31) (18,30) (80,26) (19,28) (79,22) (20,26) (78,21) (21,25) (77,20) (22,24) (76,20) (25,23) (23,23) (24,22) 
(99,91) (0,101) (98,89) (1,97) (97,85) (2,91) (96,84) (3,87) (95,80) (4,83) (94,79) (5,77) (93,76) (6,76) (92,70) (7,71) (91,65) (8,65) (90,64) (9,64) (89,62) (10,59) (88,56) (11,56) (87,55) (12,53) (86,53) (13,46) (85,47) (14,43) (84,41) (15,39) (83,39) (16,35) (82,36) (17,35) (81,31) (18,30) (80,26) (19,28) (79,22) (20,26) (78,21) (21,25) (77,20) (22,24) (76,20) (25,23) (23,23) (75,16) (74,17) (26,21) (27,18) (28,18) (29,19) (30,18) (31,16) (32,16) (33,11) (34,8) (35,9) (36,6) (37,6) (38,4) (39,6) (40,7) (41,5) (42,3) (43,0) (44,-2) (45,-1) (46,-2) (47,-4) (48,-3) (49,-4) (50,-2) (51,-4) (52,-6) (53,-8) (54,-5) (55,-5) (56,-6) (57,-7) (58,-8) (59,-7) (60,-4) (61,-4) (62,-1) (63,0) (64,1) (65,2) (66,5) (67,5) (68,4) (69,5) (70,7) (71,10) (72,12) (73,14) 
(99,91) (0,101) (98,89) (1,97) (97,85) (2,91) (96,84) (3,87) (95,80) (4,83) (94,79) (5,77) (93,76) (6,76) (92,70) (7,71) (91,65) (8,65) (90,64) (9,64) (89,62) (10,59) (88,56) (11,56) (87,55) (12,53) (86,53) (13,46) (85,47) (14,43) (84,41) (15,39) (83,39) (16,35) (82,36) (17,35) (81,31) (18,30) (80,26) (19,28) (79,22) (20,26) (78,21) (21,25) (77,20) (22,24) (76,20) (25,23) (23,23) (75,16) (74,17) 
TD 26 :
(99,91) (0,101) (98,89) (1,97) (97,85) (2,91) (96,84) (3,87) (95,80) (4,83) (94,79) (5,77) (93,76) (6,76) (92,70) (7,71) (91,65) (8,65) (90,64) (9,64) (89,62) (10,59) (88,56) (11,56) (87,55) (12,53) (86,53) (13,46) (85,47) (14,43) (84,41) (15,39) (83,39) (16,35) (82,36) (17,35) (81,31) (18,30) (80,26) (19,28) (79,22) (20,26) (78,21) (21,25) (77,20) (22,24) (76,20) (25,23) (23,23) (75,16) (74,17) (73,14) (26,21) (27,18) (28,18) (29,19) (30,18) (31,16) (32,16) (33,11) (34,8) (35,9) (36,6) (37,6) (38,4) (39,6) (40,7) (41,5) (42,3) (43,0) (44,-2) (45,-1) (46,-2) (47,-4) (48,-3) (49,-4) (50,-2) (51,-4) (52,-6) (53,-8) (54,-5) (55,-5) (56,-6) (57,-7) (58,-8) (59,-7) (60,-4) (61,-4) (62,-1) (63,0) (64,1) (65,2) (66,5) (67,5) (68,4) (69,5) (70,7) (71,10) (72,12) 
TD 27 :
(99,91) (0,101) (98,89) (1,97) (97,85) (2,91) (96,84) (3,87) (95,80) (4,83) (94,79) (5,77) (93,76) (6,76) (92,70) (7,71) (91,65) (8,65) (90,64) (9,64) (89,62) (10,59) (88,56) (11,56) (87,55) (12,53) (86,53) (13,46) (85,47) (14,43) (84,41) (15,39) (83,39) (16,35) (82,36) (17,35) (81,31) (18,30) (80,26) (19,28) (79,22) (20,26) (78,21) (21,25) (77,20) (22,24) (76,20) (25,23) (23,23) (75,16) (74,17) (73,14) (26,21) (72,12) (29,19) (27,18) (28,18) 
(99,91) (0,101) (98,89) (1,97) (97,85) (2,91) (96,84) (3,87) (95,80) (4,83) (94,79) (5,77) (93,76) (6,76) (92,70) (7,71) (91,65) (8,65) (90,64) (9,64) (89,62) (10,59) (88,56) (11,56) (87,55) (12,53) (86,53) (13,46) (85,47) (14,43) (84,41) (15,39) (83,39) (16,35) (82,36) (17,35) (81,31) (18,30) (80,26) (19,28) (79,22) (20,26) (78,21) (21,25) (77,20) (22,24) (76,20) (25,23) (23,23) (75,16) (74,17) (73,14) (26,21) (72,12) (29,19) (27,18) (30,18) (31,16) (32,16) (33,11) (34,8) (35,9) (36,6) (37,6) (38,4) (39,6) (40,7) (41,5) (42,3) (43,0) (44,-2) (45,-1) (46,-2) (47,-4) (48,-3) (49,-4) (50,-2) (51,-4) (52,-6) (53,-8) (54,-5) (55,-5) (56,-6) (57,-7) (58,-8) (59,-7) (60,-4) (61,-4) (62,-1) (63,0) (64,1) (65,2) (66,5) (67,5) (68,4) (69,5) (70,7) (71,10) 
TD 28 :
(99,91) (0,101) (98,89) (1,97) (97,85) (2,91) (96,84) (3,87) (95,80) (4,83) (94,79) (5,77) (93,76) (6,76) (92,70) (7,71) (91,65) (8,65) (90,64) (9,64) (89,62) (10,59) (88,56) (11,56) (87,55) (12,53) (86,53) (13,46) (85,47) (14,43) (84,41) (15,39) (83,39) (16,35) (82,36) (17,35) (81,31) (18,30) (80,26) (19,28) (79,22) (20,26) (78,21) (21,25) (77,20) (22,24) (76,20) (25,23) (23,23) (75,16) (74,17) (73,14) (26,21) (72,12) (29,19) (27,18) (28,18) 
(99,91) (0,101) (98,89) (1,97) (97,85) (2,91) (96,84) (3,87) (95,80) (4,83) (94,79) (5,77) (93,76) (6,76) (92,70) (7,71) (91,65) (8,65) (90,64) (9,64) (89,62) (10,59) (88,56) (11,56) (87,55) (12,53) (86,53) (13,46) (85,47) (14,43) (84,41) (15,39) (83,39) (16,35) (82,36) (17,35) (81,31) (18,30) (80,26) (19,28) (79,22) (20,26) (78,21) (21,25) (77,20) (22,24) (76,20) (25,23) (23,23) (75,16) (74,17) (73,14) (26,21) (72,12) (29,19) (27,18) (71,10) (30,18) 
(99,91) (0,101) (98,89) (1,97) (97,85) (2,91) (96,84) (3,87) (95,80) (4,83) (94,79) (5,77) (93,76) (6,76) (92,70) (7,71) (91,65) (8,65) (90,64) (9,64) (89,62) (10,59) (88,56) (11,56) (87,55) (12,53) (86,53) (13,46) (85,47) (14,43) (84,41) (15,39) (83,39) (16,35) (82,36) (17,35) (81,31) (18,30) (80,26) (19,28) (79,22) (20,26) (78,21) (21,25) (77,20) (22,24) (76,20) (25,23) (23,23) (75,16) (74,17) (73,14) (26,21) (72,12) (29,19) (27,18) (71,10) (30,18) (31,16) (32,16) (33,11) (34,8) (35,9) (36,6) (37,6) (38,4) (39,6) (40,7) (41,5) (42,3) (43,0) (44,-2) (45,-1) (46,-2) (47,-4) (48,-3) (49,-4) (50,-2) (51,-4) (52,-6) (53,-8) (54,-5) (55,-5) (56,-6) (57,-7) (58,-8) (59,-7) (60,-4) (61,-4) (62,-1) (63,0) (64,1) (65,2) (66,5) (67,5) (68,4) (69,5) (70,7) 
TD 29 :
(99,91) (0,101) (98,89) (1,97) (97,85) (2,91) (96,84) (3,87) (95,80) (4,83) (94,79) (5,77) (93,76) (6,76) (92,70) (7,71) (91,65) (8,65) (90,64) (9,64) (89,62) (10,59) (88,56) (11,56) (87,55) (12,53) (86,53) (13,46) (85,47) (14,43) (84,41) (15,39) (83,39) (16,35) (82,36) (17,35) (81,31) (18,30) (80,26) (19,28) (79,22) (20,26) (78,21) (21,25) (77,20) (22,24) (76,20) (25,23) (23,23) (75,16) (74,17) (73,14) (26,21) (72,12) (29,19) (27,18) (71,10) (30,18) (70,7) (32,16) (31,16) 
(99,91) (0,101) (98,89) (1,97) (97,85) (2,91) (96,84) (3,87) (95,80) (4,83) (94,79) (5,77) (93,76) (6,76) (92,70) (7,71) (91,65) (8,65) (90,64) (9,64) (89,62) (10,59) (88,56) (11,56) (87,55) (12,53) (86,53) (13,46) (85,47) (14,43) (84,41) (15,39) (83,39) (16,35) (82,36) (17,35) (81,31) (18,30) (80,26) (19,28) (79,22) (20,26) (78,21) (21,25) (77,20) (22,24) (76,20) (25,23) (23,23) (75,16) (74,17) (73,14) (26,21) (72,12) (29,19) (27,18) (71,10) (30,18) (70,7) (32,16) (31,16) (33,11) (34,8) (35,9) (36,6) (37,6) (38,4) (39,6) (40,7) (41,5) (42,3) (43,0) (44,-2) (45,-1) (46,-2) (47,-4) (48,-3) (49,-4) (50,-2) (51,-4) (52,-6) (53,-8) (54,-5) (55,-5) (56,-6) (57,-7) (58,-8) (59,-7) (60,-4) (61,-4) (62,-1) (63,0) (64,1) (65,2) (66,5) (67,5) (68,4) (69,5) 
TD 30 :
(99,91) (0,101) (98,89) (1,97) (97,85) (2,91) (96,84) (3,87) (95,80) (4,83) (94,79) (5,77) (93,76) (6,76) (92,70) (7,71) (91,65) (8,65) (90,64) (9,64) (89,62) (10,59) (88,56) (11,56) (87,55) (12,53) (86,53) (13,46) (85,47) (14,43) (84,41) (15,39) (83,39) (16,35) (82,36) (17,35) (81,31) (18,30) (80,26) (19,28) (79,22) (20,26) (78,21) (21,25) (77,20) (22,24) (76,20) (25,23) (23,23) (75,16) (74,17) (73,14) (26,21) (72,12) (29,19) (27,18) (71,10) (30,18) (70,7) (32,16) (31,16) (69,5) (33,11) (34,8) (35,9) (36,6) (37,6) (38,4) (39,6) (40,7) (41,5) (42,3) (43,0) (44,-2) (45,-1) (46,-2) (47,-4) (48,-3) (49,-4) (50,-2) (51,-4) (52,-6) (53,-8) (54,-5) (55,-5) (56,-6) (57,-7) (58,-8) (59,-7) (60,-4) (61,-4) (62,-1) (63,0) (64,1) (65,2) (66,5) (67,5) (68,4) 
TD 31 :
(99,91) (0,101) (98,89) (1,97) (97,85) (2,91) (96,84) (3,87) (95,80) (4,83) (94,79) (5,77) (93,76) (6,76) (92,70) (7,71) (91,65) (8,65) (90,64) (9,64) (89,62) (10,59) (88,56) (11,56) (87,55) (12,53) (86,53) (13,46) (85,47) (14,43) (84,41) (15,39) (83,39) (16,35) (82,36) (17,35) (81,31) (18,30) (80,26) (19,28) (79,22) (20,26) (78,21) (21,25) (77,20) (22,24) (76,20) (25,23) (23,23) (75,16) (74,17) (73,14) (26,21) (72,12) (29,19) (27,18) (71,10) (30,18) (70,7) (32,16) (31,16) (69,5) (33,11) (68,4) (67,5) (35,9) (34,8) 
(99,91) (0,101) (98,89) (1,97) (97,85) (2,91) (96,84) (3,87) (95,80) (4,83) (94,79) (5,77) (93,76) (6,76) (92,70) (7,71) (91,65) (8,65) (90,64) (9,64) (89,62) (10,59) (88,56) (11,56) (87,55) (12,53) (86,53) (13,46) (85,47) (14,43) (84,41) (15,39) (83,39) (16,35) (82,36) (17,35) (81,31) (18,30) (80,26) (19,28) (79,22) (20,26) (78,21) (21,25) (77,20) (22,24) (76,20) (25,23) (23,23) (75,16) (74,17) (73,14) (26,21) (72,12) (29,19) (27,18) (71,10) (30,18) (70,7) (32,16) (31,16) (69,5) (33,11) (68,4) (67,5) (35,9) (34,8) (36,6) (37,6) (38,4) (39,6) (40,7) (41,5) (42,3) (43,0) (44,-2) (45,-1) (46,-2) (47,-4) (48,-3) (49,-4) (50,-2) (51,-4) (52,-6) (53,-8) (54,-5) (55,-5) (56,-6) (57,-7) (58,-8) (59,-7) (60,-4) (61,-4) (62,-1) (63,0) (64,1) (65,2) (66,5) 
(99,91) (0,101) (98,89) (1,97) (97,85) (2,91) (96,84) (3,87) (95,80) (4,83) (94,79) (5,77) (93,76) (6,76) (92,70) (7,71) (91,65) (8,65) (90,64) (9,64) (89,62) (10,59) (88,56) (11,56) (87,55) (12,53) (86,53) (13,46) (85,47) (14,43) (84,41) (15,39) (83,39) (16,35) (82,36) (17,35) (81,31) (18,30) (80,26) (19,28) (79,22) (20,26) (78,21) (21,25) (77,20) (22,24) (76,20) (25,23) (23,23) (75,16) (74,17) (73,14) (26,21) (72,12) (29,19) (27,18) (71,10) (30,18) (70,7) (32,16) (31,16) (69,5) (33,11) (68,4) (67,5) (35,9) (34,8) 
TD 32 :
(99,91) (0,101) (98,89) (1,97) (97,85) (2,91) (96,84) (3,87) (95,80) (4,83) (94,79) (5,77) (93,76) (6,76) (92,70) (7,71) (91,65) (8,65) (90,64) (9,64) (89,62) (10,59) (88,56) (11,56) (87,55) (12,53) (86,53) (13,46) (85,47) (14,43) (84,41) (15,39) (83,39) (16,35) (82,36) (17,35) (81,31) (18,30) (80,26) (19,28) (79,22) (20,26) (78,21) (21,25) (77,20) (22,24) (76,20) (25,23) (23,23) (75,16) (74,17) (73,14) (26,21) (72,12) (29,19) (27,18) (71,10) (30,18) (70,7) (32,16) (31,16) (69,5) (33,11) (68,4) (67,5) (35,9) (34,8) (66,5) (40,7) (36,6) (37,6) (38,4) (39,6) 
(99,91) (0,101) (98,89) (1,97) (97,85) (2,91) (96,84) (3,87) (95,80) (4,83) (94,79) (5,77) (93,76) (6,76) (92,70) (7,71) (91,65) (8,65) (90,64) (9,64) (89,62) (10,59) (88,56) (11,56) (87,55) (12,53) (86,53) (13,46) (85,47) (14,43) (84,41) (15,39) (83,39) (16,35) (82,36) (17,35) (81,31) (18,30) (80,26) (19,28) (79,22) (20,26) (78,21) (21,25) (77,20) (22,24) (76,20) (25,23) (23,23) (75,16) (74,17) (73,14) (26,21) (72,12) (29,19) (27,18) (71,10) (30,18) (70,7) (32,16) (31,16) (69,5) (33,11) (68,4) (67,5) (35,9) (34,8) (66,5) (40,7) (36,6) (41,5) (42,3) (43,0) (44,-2) (45,-1) (46,-2) (47,-4) (48,-3) (49,-4) (50,-2) (51,-4) (52,-6) (53,-8) (54,-5) (55,-5) (56,-6) (57,-7) (58,-8) (59,-7) (60,-4) (61,-4) (62,-1) (63,0) (64,1) (65,2) 
TD 33 :
(99,91) (0,101) (98,89) (1,97) (97,85) (2,91) (96,84) (3,87) (95,80) (4,83) (94,79) (5,77) (93,76) (6,76) (92,70) (7,71) (91,65) (8,65) (90,64) (9,64) (89,62) (10,59) (88,56) (11,56) (87,55) (12,53) (86,53) (13,46) (85,47) (14,43) (84,41) (15,39) (83,39) (16,35) (82,36) (17,35) (81,31) (18,30) (80,26) (19,28) (79,22) (20,26) (78,21) (21,25) (77,20) (22,24) (76,20) (25,23) (23,23) (75,16) (74,17) (73,14) (26,21) (72,12) (29,19) (27,18) (71,10) (30,18) (70,7) (32,16) (31,16) (69,5) (33,11) (68,4) (67,5) (35,9) (34,8) (66,5) (40,7) (36,6) (39,6) (37,6) (38,4) 
(99,91) (0,101) (98,89) (1,97) (97,85) (2,91) (96,84) (3,87) (95,80) (4,83) (94,79) (5,77) (93,76) (6,76) (92,70) (7,71) (91,65) (8,65) (90,64) (9,64) (89,62) (10,59) (88,56) (11,56) (87,55) (12,53) (86,53) (13,46) (85,47) (14,43) (84,41) (15,39) (83,39) (16,35) (82,36) (17,35) (81,31) (18,30) (80,26) (19,28) (79,22) (20,26) (78,21) (21,25) (77,20) (22,24) (76,20) (25,23) (23,23) (75,16) (74,17) (73,14) (26,21) (72,12) (29,19) (27,18) (71,10) (30,18) (70,7) (32,16) (31,16) (69,5) (33,11) (68,4) (67,5) (35,9) (34,8) (66,5) (40,7) (36,6) (39,6) (37,6) 
(99,91) (0,101) (98,89) (1,97) (97,85) (2,91) (96,84) (3,87) (95,80) (4,83) (94,79) (5,77) (93,76) (6,76) (92,70) (7,71) (91,65) (8,65) (90,64) (9,64) (89,62) (10,59) (88,56) (11,56) (87,55) (12,53) (86,53) (13,46) (85,47) (14,43) (84,41) (15,39) (83,39) (16,35) (82,36) (17,35) (81,31) (18,30) (80,26) (19,28) (79,22) (20,26) (78,21) (21,25) (77,20) (22,24) (76,20) (25,23) (23,23) (75,16) (74,17) (73,14) (26,21) (72,12) (29,19) (27,18) (71,10) (30,18) (70,7) (32,16) (31,16) (69,5) (33,11) (68,4) (67,5) (35,9) (34,8) (66,5) (40,7) (36,6) (65,2) (41,5) (42,3) (43,0) (44,-2) (45,-1) (46,-2) (47,-4) (48,-3) (49,-4) (50,-2) (51,-4) (52,-6) (53,-8) (54,-5) (55,-5) (56,-6) (57,-7) (58,-8) (59,-7) (60,-4) (61,-4) (62,-1) (63,0) (64,1) 
TD 34 :
(99,91) (0,101) (98,89) (1,97) (97,85) (2,91) (96,84) (3,87) (95,80) (4,83) (94,79) (5,77) (93,76) (6,76) (92,70) (7,71) (91,65) (8,65) (90,64) (9,64) (89,62) (10,59) (88,56) (11,56) (87,55) (12,53) (86,53) (13,46) (85,47) (14,43) (84,41) (15,39) (83,39) (16,35) (82,36) (17,35) (81,31) (18,30) (80,26) (19,28) (79,22) (20,26) (78,21) (21,25) (77,20) (22,24) (76,20) (25,23) (23,23) (75,16) (74,17) (73,14) (26,21) (72,12) (29,19) (27,18) (71,10) (30,18) (70,7) (32,16) (31,16) (69,5) (33,11) (68,4) (67,5) (35,9) (34,8) (66,5) (40,7) (36,6) (39,6) (37,6) (38,4) 
(99,91) (0,101) (98,89) (1,97) (97,85) (2,91) (96,84) (3,87) (95,80) (4,83) (94,79) (5,77) (93,76) (6,76) (92,70) (7,71) (91,65) (8,65) (90,64) (9,64) (89,62) (10,59) (88,56) (11,56) (87,55) (12,53) (86,53) (13,46) (85,47) (14,43) (84,41) (15,39) (83,39) (16,35) (82,36) (17,35) (81,31) (18,30) (80,26) (19,28) (79,22) (20,26) (78,21) (21,25) (77,20) (22,24) (76,20) (25,23) (23,23) (75,16) (74,17) (73,14) (26,21) (72,12) (29,19) (27,18) (71,10) (30,18) (70,7) (32,16) (31,16) (69,5) (33,11) (68,4) (67,5) (35,9) (34,8) (66,5) (40,7) (36,6) (65,2) (64,1) (41,5) 
(99,91) (0,101) (98,89) (1,97) (97,85) (2,91) (96,84) (3,87) (95,80) (4,83) (94,79) (5,77) (93,76) (6,76) (92,70) (7,71) (91,65) (8,65) (90,64) (9,64) (89,62) (10,59) (88,56) (11,56) (87,55) (12,53) (86,53) (13,46) (85,47) (14,43) (84,41) (15,39) (83,39) (16,35) (82,36) (17,35) (81,31) (18,30) (80,26) (19,28) (79,22) (20,26) (78,21) (21,25) (77,20) (22,24) (76,20) (25,23) (23,23) (75,16) (74,17) (73,14) (26,21) (72,12) (29,19) (27,18) (71,10) (30,18) (70,7) (32,16) (31,16) (69,5) (33,11) (68,4) (67,5) (35,9) (34,8) (66,5) (40,7) (36,6) (65,2) (64,1) (41,5) (42,3) (43,0) (44,-2) (45,-1) (46,-2) (47,-4) (48,-3) (49,-4) (50,-2) (51,-4) (52,-6) (53,-8) (54,-5) (55,-5) (56,-6) (57,-7) (58,-8) (59,-7) (60,-4) (61,-4) (62,-1) (63,0) 
TD 35 :
(99,91) (0,101) (98,89) (1,97) (97,85) (2,91) (96,84) (3,87) (95,80) (4,83) (94,79) (5,77) (93,76) (6,76) (92,70) (7,71) (91,65) (8,65) (90,64) (9,64) (89,62) (10,59) (88,56) (11,56) (87,55) (12,53) (86,53) (13,46) (85,47) (14,43) (84,41) (15,39) (83,39) (16,35) (82,36) (17,35) (81,31) (18,30) (80,26) (19,28) (79,22) (20,26) (78,21) (21,25) (77,20) (22,24) (76,20) (25,23) (23,23) (75,16) (74,17) (73,14) (26,21) (72,12) (29,19) (27,18) (71,10) (30,18) (70,7) (32,16) (31,16) (69,5) (33,11) (68,4) (67,5) (35,9) (34,8) (66,5) (40,7) (36,6) (65,2) (64,1) (41,5) (63,0) (42,3) (43,0) (44,-2) (45,-1) (46,-2) (47,-4) (48,-3) (49,-4) (50,-2) (51,-4) (52,-6) (53,-8) (54,-5) (55,-5) (56,-6) (57,-7) (58,-8) (59,-7) (60,-4) (61,-4) (62,-1) 
TD 36 :
(99,91) (0,101) (98,89) (1,97) (97,85) (2,91) (96,84) (3,87) (95,80) (4,83) (94,79) (5,77) (93,76) (6,76) (92,70) (7,71) (91,65) (8,65) (90,64) (9,64) (89,62) (10,59) (88,56) (11,56) (87,55) (12,53) (86,53) (13,46) (85,47) (14,43) (84,41) (15,39) (83,39) (16,35) (82,36) (17,35) (81,31) (18,30) (80,26) (19,28) (79,22) (20,26) (78,21) (21,25) (77,20) (22,24) (76,20) (25,23) (23,23) (75,16) (74,17) (73,14) (26,21) (72,12) (29,19) (27,18) (71,10) (30,18) (70,7) (32,16) (31,16) (69,5) (33,11) (68,4) (67,5) (35,9) (34,8) (66,5) (40,7) (36,6) (65,2) (64,1) (41,5) (63,0) (42,3) (62,-1) (43,0) (44,-2) (45,-1) (46,-2) (47,-4) (48,-3) (49,-4) (50,-2) (51,-4) (52,-6) (53,-8) (54,-5) (55,-5) (56,-6) (57,-7) (58,-8) (59,-7) (60,-4) (61,-4) 
TD 37 :
(99,91) (0,101) (98,89) (1,97) (97,85) (2,91) (96,84) (3,87) (95,80) (4,83) (94,79) (5,77) (93,76) (6,76) (92,70) (7,71) (91,65) (8,65) (90,64) (9,64) (89,62) (10,59) (88,56) (11,56) (87,55) (12,53) (86,53) (13,46) (85,47) (14,43) (84,41) (15,39) (83,39) (16,35) (82,36) (17,35) (81,31) (18,30) (80,26) (19,28) (79,22) (20,26) (78,21) (21,25) (77,20) (22,24) (76,20) (25,23) (23,23) (75,16) (74,17) (73,14) (26,21) (72,12) (29,19) (27,18) (71,10) (30,18) (70,7) (32,16) (31,16) (69,5) (33,11) (68,4) (67,5) (35,9) (34,8) (66,5) (40,7) (36,6) (65,2) (64,1) (41,5) (63,0) (42,3) (62,-1) (43,0) (61,-4) (45,-1) (44,-2) 
(99,91) (0,101) (98,89) (1,97) (97,85) (2,91) (96,84) (3,87) (95,80) (4,83) (94,79) (5,77) (93,76) (6,76) (92,70) (7,71) (91,65) (8,65) (90,64) (9,64) (89,62) (10,59) (88,56) (11,56) (87,55) (12,53) (86,53) (13,46) (85,47) (14,43) (84,41) (15,39) (83,39) (16,35) (82,36) (17,35) (81,31) (18,30) (80,26) (19,28) (79,22) (20,26) (78,21) (21,25) (77,20) (22,24) (76,20) (25,23) (23,23) (75,16) (74,17) (73,14) (26,21) (72,12) (29,19) (27,18) (71,10) (30,18) (70,7) (32,16) (31,16) (69,5) (33,11) (68,4) (67,5) (35,9) (34,8) (66,5) (40,7) (36,6) (65,2) (64,1) (41,5) (63,0) (42,3) (62,-1) (43,0) (61,-4) (45,-1) (44,-2) (46,-2) (47,-4) (48,-3) (49,-4) (50,-2) (51,-4) (52,-6) (53,-8) (54,-5) (55,-5) (56,-6) (57,-7) (58,-8) (59,-7) (60,-4) 
TD 38 :
(99,91) (0,101) (98,89) (1,97) (97,85) (2,91) (96,84) (3,87) (95,80) (4,83) (94,79) (5,77) (93,76) (6,76) (92,70) (7,71) (91,65) (8,65) (90,64) (9,64) (89,62) (10,59) (88,56) (11,56) (87,55) (12,53) (86,53) (13,46) (85,47) (14,43) (84,41) (15,39) (83,39) (16,35) (82,36) (17,35) (81,31) (18,30) (80,26) (19,28) (79,22) (20,26) (78,21) (21,25) (77,20) (22,24) (76,20) (25,23) (23,23) (75,16) (74,17) (73,14) (26,21) (72,12) (29,19) (27,18) (71,10) (30,18) (70,7) (32,16) (31,16) (69,5) (33,11) (68,4) (67,5) (35,9) (34,8) (66,5) (40,7) (36,6) (65,2) (64,1) (41,5) (63,0) (42,3) (62,-1) (43,0) (61,-4) (45,-1) (44,-2) (60,-4) (50,-2) (46,-2) (47,-4) (48,-3) (49,-4) 
(99,91) (0,101) (98,89) (1,97) (97,85) (2,91) (96,84) (3,87) (95,80) (4,83) (94,79) (5,77) (93,76) (6,76) (92,70) (7,71) (91,65) (8,65) (90,64) (9,64) (89,62) (10,59) (88,56) (11,56) (87,55) (12,53) (86,53) (13,46) (85,47) (14,43) (84,41) (15,39) (83,39) (16,35) (82,36) (17,35) (81,31) (18,30) (80,26) (19,28) (79,22) (20,26) (78,21) (21,25) (77,20) (22,24) (76,20) (25,23) (23,23) (75,16) (74,17) (73,14) (26,21) (72,12) (29,19) (27,18) (71,10) (30,18) (70,7) (32,16) (31,16) (69,5) (33,11) (68,4) (67,5) (35,9) (34,8) (66,5) (40,7) (36,6) (65,2) (64,1) (41,5) (63,0) (42,3) (62,-1) (43,0) (61,-4) (45,-1) (44,-2) (60,-4) (50,-2) (46,-2) (51,-4) (52,-6) (53,-8) (54,-5) (55,-5) (56,-6) (57,-7) (58,-8) (59,-7) 
TD 39 :
(99,91) (0,101) (98,89) (1,97) (97,85) (2,91) (96,84) (3,87) (95,80) (4,83) (94,79) (5,77) (93,76) (6,76) (92,70) (7,71) (91,65) (8,65) (90,64) (9,64) (89,62) (10,59) (88,56) (11,56) (87,55) (12,53) (86,53) (13,46) (85,47) (14,43) (84,41) (15,39) (83,39) (16,35) (82,36) (17,35) (81,31) (18,30) (80,26) (19,28) (79,22) (20,26) (78,21) (21,25) (77,20) (22,24) (76,20) (25,23) (23,23) (75,16) (74,17) (73,14) (26,21) (72,12) (29,19) (27,18) (71,10) (30,18) (70,7) (32,16) (31,16) (69,5) (33,11) (68,4) (67,5) (35,9) (34,8) (66,5) (40,7) (36,6) (65,2) (64,1) (41,5) (63,0) (42,3) (62,-1) (43,0) (61,-4) (45,-1) (44,-2) (60,-4) (50,-2) (46,-2) (48,-3) (47,-4) 
(99,91) (0,101) (98,89) (1,97) (97,85) (2,91) (96,84) (3,87) (95,80) (4,83) (94,79) (5,77) (93,76) (6,76) (92,70) (7,71) (91,65) (8,65) (90,64) (9,64) (89,62) (10,59) (88,56) (11,56) (87,55) (12,53) (86,53) (13,46) (85,47) (14,43) (84,41) (15,39) (83,39) (16,35) (82,36) (17,35) (81,31) (18,30) (80,26) (19,28) (79,22) (20,26) (78,21) (21,25) (77,20) (22,24) (76,20) (25,23) (23,23) (75,16) (74,17) (73,14) (26,21) (72,12) (29,19) (27,18) (71,10) (30,18) (70,7) (32,16) (31,16) (69,5) (33,11) (68,4) (67,5) (35,9) (34,8) (66,5) (40,7) (36,6) (65,2) (64,1) (41,5) (63,0) (42,3) (62,-1) (43,0) (61,-4) (45,-1) (44,-2) (60,-4) (50,-2) (46,-2) (48,-3) (47,-4) (49,-4) 
(99,91) (0,101) (98,89) (1,97) (97,85) (2,91) (96,84) (3,87) (95,80) (4,83) (94,79) (5,77) (93,76) (6,76) (92,70) (7,71) (91,65) (8,65) (90,64) (9,64) (89,62) (10,59) (88,56) (11,56) (87,55) (12,53) (86,53) (13,46) (85,47) (14,43) (84,41) (15,39) (83,39) (16,35) (82,36) (17,35) (81,31) (18,30) (80,26) (19,28) (79,22) (20,26) (78,21) (21,25) (77,20) (22,24) (76,20) (25,23) (23,23) (75,16) (74,17) (73,14) (26,21) (72,12) (29,19) (27,18) (71,10) (30,18) (70,7) (32,16) (31,16) (69,5) (33,11) (68,4) (67,5) (35,9) (34,8) (66,5) (40,7) (36,6) (65,2) (64,1) (41,5) (63,0) (42,3) (62,-1) (43,0) (61,-4) (45,-1) (44,-2) (60,-4) (50,-2) (46,-2) (59,-7) (55,-5) (51,-4) (52,-6) (53,-8) (54,-5) 
(99,91) (0,101) (98,89) (1,97) (97,85) (2,91) (96,84) (3,87) (95,80) (4,83) (94,79) (5,77) (93,76) (6,76) (92,70) (7,71) (91,65) (8,65) (90,64) (9,64) (89,62) (10,59) (88,56) (11,56) (87,55) (12,53) (86,53) (13,46) (85,47) (14,43) (84,41) (15,39) (83,39) (16,35) (82,36) (17,35) (81,31) (18,30) (80,26) (19,28) (79,22) (20,26) (78,21) (21,25) (77,20) (22,24) (76,20) (25,23) (23,23) (75,16) (74,17) (73,14) (26,21) (72,12) (29,19) (27,18) (71,10) (30,18) (70,7) (32,16) (31,16) (69,5) (33,11) (68,4) (67,5) (35,9) (34,8) (66,5) (40,7) (36,6) (65,2) (64,1) (41,5) (63,0) (42,3) (62,-1) (43,0) (61,-4) (45,-1) (44,-2) (60,-4) (50,-2) (46,-2) (59,-7) (55,-5) (56,-6) (57,-7) (58,-8) 
TD 40 :
(99,91) (0,101) (98,89) (1,97) (97,85) (2,91) (96,84) (3,87) (95,80) (4,83) (94,79) (5,77) (93,76) (6,76) (92,70) (7,71) (91,65) (8,65) (90,64) (9,64) (89,62) (10,59) (88,56) (11,56) (87,55) (12,53) (86,53) (13,46) (85,47) (14,43) (84,41) (15,39) (83,39) (16,35) (82,36) (17,35) (81,31) (18,30) (80,26) (19,28) (79,22) (20,26) (78,21) (21,25) (77,20) (22,24) (76,20) (25,23) (23,23) (75,16) (74,17) (73,14) (26,21) (72,12) (29,19) (27,18) (71,10) (30,18) (70,7) (32,16) (31,16) (69,5) (33,11) (68,4) (67,5) (35,9) (34,8) (66,5) (40,7) (36,6) (65,2) (64,1) (41,5) (63,0) (42,3) (62,-1) (43,0) (61,-4) (45,-1) (44,-2) (60,-4) (50,-2) (46,-2) (48,-3) (47,-4) (49,-4) 
(99,91) (0,101) (98,89) (1,97) (97,85) (2,91) (96,84) (3,87) (95,80) (4,83) (94,79) (5,77) (93,76) (6,76) (92,70) (7,71) (91,65) (8,65) (90,64) (9,64) (89,62) (10,59) (88,56) (11,56) (87,55) (12,53) (86,53) (13,46) (85,47) (14,43) (84,41) (15,39) (83,39) (16,35) (82,36) (17,35) (81,31) (18,30) (80,26) (19,28) (79,22) (20,26) (78,21) (21,25) (77,20) (22,24) (76,20) (25,23) (23,23) (75,16) (74,17) (73,14) (26,21) (72,12) (29,19) (27,18) (71,10) (30,18) (70,7) (32,16) (31,16) (69,5) (33,11) (68,4) (67,5) (35,9) (34,8) (66,5) (40,7) (36,6) (65,2) (64,1) (41,5) (63,0) (42,3) (62,-1) (43,0) (61,-4) (45,-1) (44,-2) (60,-4) (50,-2) (46,-2) (59,-7) (55,-5) (54,-5) (51,-4) 
(99,91) (0,101) (98,89) (1,97) (97,85) (2,91) (96,84) (3,87) (95,80) (4,83) (94,79) (5,77) (93,76) (6,76) (92,70) (7,71) (91,65) (8,65) (90,64) (9,64) (89,62) (10,59) (88,56) (11,56) (87,55) (12,53) (86,53) (13,46) (85,47) (14,43) (84,41) (15,39) (83,39) (16,35) (82,36) (17,35) (81,31) (18,30) (80,26) (19,28) (79,22) (20,26) (78,21) (21,25) (77,20) (22,24) (76,20) (25,23) (23,23) (75,16) (74,17) (73,14) (26,21) (72,12) (29,19) (27,18) (71,10) (30,18) (70,7) (32,16) (31,16) (69,5) (33,11) (68,4) (67,5) (35,9) (34,8) (66,5) (40,7) (36,6) (65,2) (64,1) (41,5) (63,0) (42,3) (62,-1) (43,0) (61,-4) (45,-1) (44,-2) (60,-4) (50,-2) (46,-2) (59,-7) (55,-5) (54,-5) (51,-4) (52,-6) (53,-8) 
(99,91) (0,101) (98,89) (1,97) (97,85) (2,91) (96,84) (3,87) (95,80) (4,83) (94,79) (5,77) (93,76) (6,76) (92,70) (7,71) (91,65) (8,65) (90,64) (9,64) (89,62) (10,59) (88,56) (11,56) (87,55) (12,53) (86,53) (13,46) (85,47) (14,43) (84,41) (15,39) (83,39) (16,35) (82,36) (17,35) (81,31) (18,30) (80,26) (19,28) (79,22) (20,26) (78,21) (21,25) (77,20) (22,24) (76,20) (25,23) (23,23) (75,16) (74,17) (73,14) (26,21) (72,12) (29,19) (27,18) (71,10) (30,18) (70,7) (32,16) (31,16) (69,5) (33,11) (68,4) (67,5) (35,9) (34,8) (66,5) (40,7) (36,6) (65,2) (64,1) (41,5) (63,0) (42,3) (62,-1) (43,0) (61,-4) (45,-1) (44,-2) (60,-4) (50,-2) (46,-2) (59,-7) (55,-5) (54,-5) (51,-4) 
(99,91) (0,101) (98,89) (1,97) (97,85) (2,91) (96,84) (3,87) (95,80) (4,83) (94,79) (5,77) (93,76) (6,76) (92,70) (7,71) (91,65) (8,65) (90,64) (9,64) (89,62) (10,59) (88,56) (11,56) (87,55) (12,53) (86,53) (13,46) (85,47) (14,43) (84,41) (15,39) (83,39) (16,35) (82,36) (17,35) (81,31) (18,30) (80,26) (19,28) (79,22) (20,26) (78,21) (21,25) (77,20) (22,24) (76,20) (25,23) (23,23) (75,16) (74,17) (73,14) (26,21) (72,12) (29,19) (27,18) (71,10) (30,18) (70,7) (32,16) (31,16) (69,5) (33,11) (68,4) (67,5) (35,9) (34,8) (66,5) (40,7) (36,6) (65,2) (64,1) (41,5) (63,0) (42,3) (62,-1) (43,0) (61,-4) (45,-1) (44,-2) (60,-4) (50,-2) (46,-2) (59,-7) (55,-5) (58,-8) (57,-7) (56,-6) 
(99,91) (0,101) (98,89) (1,97) (97,85) (2,91) (96,84) (3,87) (95,80) (4,83) (94,79) (5,77) (93,76) (6,76) (92,70) (7,71) (91,65) (8,65) (90,64) (9,64) (89,62) (10,59) (88,56) (11,56) (87,55) (12,53) (86,53) (13,46) (85,47) (14,43) (84,41) (15,39) (83,39) (16,35) (82,36) (17,35) (81,31) (18,30) (80,26) (19,28) (79,22) (20,26) (78,21) (21,25) (77,20) (22,24) (76,20) (25,23) (23,23) (75,16) (74,17) (73,14) (26,21) (72,12) (29,19) (27,18) (71,10) (30,18) (70,7) (32,16) (31,16) (69,5) (33,11) (68,4) (67,5) (35,9) (34,8) (66,5) (40,7) (36,6) (65,2) (64,1) (41,5) (63,0) (42,3) (62,-1) (43,0) (61,-4) (45,-1) (44,-2) (60,-4) (50,-2) (46,-2) (59,-7) (55,-5) (58,-8) (57,-7) (56,-6) 
(99,91) (0,101) (98,89) (1,97) (97,85) (2,91) (96,84) (3,87) (95,80) (4,83) (94,79) (5,77) (93,76) (6,76) (92,70) (7,71) (91,65) (8,65) (90,64) (9,64) (89,62) (10,59) (88,56) (11,56) (87,55) (12,53) (86,53) (13,46) (85,47) (14,43) (84,41) (15,39) (83,39) (16,35) (82,36) (17,35) (81,31) (18,30) (80,26) (19,28) (79,22) (20,26) (78,21) (21,25) (77,20) (22,24) (76,20) (25,23) (23,23) (75,16) (74,17) (73,14) (26,21) (72,12) (29,19) (27,18) (71,10) (30,18) (70,7) (32,16) (31,16) (69,5) (33,11) (68,4) (67,5) (35,9) (34,8) (66,5) (40,7) (36,6) (65,2) (64,1) (41,5) (63,0) (42,3) (62,-1) (43,0) (61,-4) (45,-1) (44,-2) (60,-4) (50,-2) (46,-2) (59,-7) (55,-5) (58,-8) (57,-7) (56,-6) 
Pocket 0 :
()
Pocket 1 :
({  (0,101) ,(1,97) } {  (98,89) ,(99,91) } )
Pocket 2 :
({  (1,97) ,(0,101) } {  (99,91) ,(98,89) } )
Pocket 3 :
({  (2,91) ,(1,97) } {  (99,91) ,(97,85) } )
Pocket 4 :
({  (3,87) ,(2,91) } {  (99,91) ,(96,84) } )
Pocket 5 :
({  (4,83) ,(3,87) } {  (99,91) ,(95,80) } )
Pocket 6 :
({  (5,77) ,(4,83) } {  (99,91) ,(94,79) } )
Pocket 7 :
({  (6,76) ,(5,77) } {  (99,91) ,(93,76) } )
Pocket 8 :
({  (7,71) ,(6,76) } {  (99,91) ,(92,70) } )
Pocket 9 :
({  (8,65) ,(7,71) } {  (99,91) ,(91,65) } )
Pocket 10 :
({  (9,64) ,(8,65) } {  (99,91) ,(90,64) } )
Pocket 11 :
({  (10,59) ,(9,64) } {  (99,91) ,(89,62) } )
Pocket 12 :
({  (11,56) ,(10,59) } {  (99,91) ,(88,56) } )
Pocket 13 :
({  (12,53) ,(11,56) } {  (99,91) ,(87,55) } )
Pocket 14 :
({  (13,46) ,(12,53) } {  (99,91) ,(86,53) } )
Pocket 15 :
({  (14,43) ,(13,46) } {  (99,91) ,(85,47) } )
Pocket 16 :
({  (15,39) ,(14,43) } {  (99,91) ,(84,41) } )
Pocket 17 :
({  (16,35) ,(15,39) } {  (99,91) ,(83,39) } )
Pocket 18 :
({  (17,35) ,(16,35) } {  (99,91) ,(82,36) } )
Pocket 19 :
({  (18,30) ,(17,35) } {  (99,91) ,(81,31) } )
Pocket 20 :
({  (19,28) ,(18,30) } {  (99,91) ,(80,26) } )
Pocket 21 :
({  (20,26) ,(19,28) } {  (99,91) ,(79,22) } )
Pocket 22 :
({  (21,25) ,(20,26) } {  (99,91) ,(78,21) } )
Pocket 23 :
({  (22,24) ,(21,25) } {  (99,91) ,(77,20) } )
Pocket 24 :
({  (23,23) ,(22,24) } {  (26,21) ,(25,23) } {  (23,23) ,(22,24) } {  (26,21) ,(25,23) } )
Pocket 25 :
({  (24,22) ,(23,23) } {  (75,16) ,(74,17) } {  (75,16) ,(74,17) } )
Pocket 26 :
({  (26,21) ,(74,17) } {  (99,91) ,(73,14) } )
Pocket 27 :
({  (27,18) ,(26,21) } {  (30,18) ,(29,19) } {  (27,18) ,(26,21) } {  (30,18) ,(29,19) } )
Pocket 28 :
({  (28,18) ,(27,18) } {  (31,16) ,(30,18) } {  (31,16) ,(30,18) } )
Pocket 29 :
({  (31,16) ,(30,18) } {  (33,11) ,(32,16) } {  (31,16) ,(30,18) } {  (33,11) ,(32,16) } )
Pocket 30 :
({  (33,11) ,(31,16) } {  (99,91) ,(69,5) } )
Pocket 31 :
({  (34,8) ,(33,11) } {  (36,6) ,(35,9) } {  (34,8) ,(33,11) } {  (36,6) ,(35,9) } {  (34,8) ,(33,11) } {  (36,6) ,(35,9) } )
Pocket 32 :
({  (36,6) ,(34,8) } {  (41,5) ,(40,7) } {  (36,6) ,(34,8) } {  (41,5) ,(40,7) } )
Pocket 33 :
({  (37,6) ,(36,6) } {  (99,91) ,(39,6) } {  (37,6) ,(36,6) } {  (99,91) ,(39,6) } {  (99,91) ,(65,2) } )
Pocket 34 :
({  (38,4) ,(37,6) } {  (42,3) ,(41,5) } {  (42,3) ,(41,5) } )
Pocket 35 :
({  (42,3) ,(41,5) } {  (99,91) ,(63,0) } )
Pocket 36 :
({  (43,0) ,(42,3) } {  (99,91) ,(62,-1) } )
Pocket 37 :
({  (44,-2) ,(43,0) } {  (46,-2) ,(45,-1) } {  (44,-2) ,(43,0) } {  (46,-2) ,(45,-1) } )
Pocket 38 :
({  (46,-2) ,(44,-2) } {  (51,-4) ,(50,-2) } {  (46,-2) ,(44,-2) } {  (51,-4) ,(50,-2) } )
Pocket 39 :
({  (47,-4) ,(46,-2) } {  (49,-4) ,(48,-3) } {  (47,-4) ,(46,-2) } {  (49,-4) ,(48,-3) } {  (56,-6) ,(55,-5) } {  (56,-6) ,(55,-5) } )
