40 layers in onion peeling: 
Layer 1
(99,68) (0,98) 
Layer 2
(98,63) (1,91) 
Layer 3
(97,57) (2,84) 
Layer 4
(96,54) (3,79) 
Layer 5
(95,51) (4,77) 
Layer 6
(94,48) (5,73) 
Layer 7
(93,46) (6,66) 
Layer 8
(92,41) (7,64) 
Layer 9
(91,37) (8,59) 
Layer 10
(90,35) (9,56) 
Layer 11
(89,30) (10,53) 
Layer 12
(88,24) (11,47) 
Layer 13
(87,22) (12,43) 
Layer 14
(86,18) (13,39) 
Layer 15
(85,17) (14,36) 
Layer 16
(84,14) (15,31) 
Layer 17
(83,12) (16,27) 
Layer 18
(82,9) (17,23) 
Layer 19
(81,7) (18,22) 
Layer 20
(80,5) (19,19) 
Layer 21
(79,3) (20,15) 
Layer 22
(78,1) (21,11) 
Layer 23
(77,0) (22,9) 
Layer 24
(76,-4) (23,7) 
Layer 25
(75,-6) (24,3) 
Layer 26
(74,-9) (27,-1) (26,-1) (25,-1) 
Layer 27
(73,-12) (28,-6) 
Layer 28
(72,-14) (29,-10) 
Layer 29
(71,-19) (70,-18) (30,-12) 
Layer 30
(69,-21) (32,-15) (31,-15) 
Layer 31
(68,-25) (66,-24) (33,-19) 
Layer 32
(67,-25) (34,-22) 
Layer 33
(65,-26) (35,-24) 
Layer 34
(64,-27) (36,-26) 
Layer 35
(63,-28) (62,-27) (61,-27) (39,-27) (38,-27) (37,-28) 
Layer 36
(60,-29) (40,-29) 
Layer 37
(59,-30) (58,-30) (42,-33) (41,-34) 
Layer 38
(57,-32) (43,-34) 
Layer 39
(56,-34) (55,-34) (53,-34) (48,-34) (47,-34) (45,-36) (44,-37) 
Layer 40
(54,-37) (52,-36) (50,-36) (46,-37) 
---------------------------------------------------------------------------------------
TD 0 :
(99,68) (98,63) (97,57) (96,54) (95,51) (94,48) (93,46) (92,41) (91,37) (90,35) (89,30) (88,24) (87,22) (86,18) (85,17) (84,14) (83,12) (82,9) (81,7) (80,5) (79,3) (78,1) (77,0) (76,-4) (75,-6) (74,-9) (73,-12) (72,-14) (71,-19) (70,-18) (69,-21) (68,-25) (67,-25) (66,-24) (65,-26) (64,-27) (63,-28) (62,-27) (61,-27) (60,-29) (59,-30) (58,-30) (57,-32) (56,-34) (55,-34) (54,-37) (53,-34) (52,-36) (51,-37) (50,-36) (49,-37) (48,-34) (47,-34) (46,-37) (45,-36) (44,-37) (43,-34) (42,-33) (41,-34) (40,-29) (39,-27) (38,-27) (37,-28) (36,-26) (35,-24) (34,-22) (33,-19) (32,-15) (31,-15) (30,-12) (29,-10) (28,-6) (27,-1) (26,-1) (25,-1) (24,3) (23,7) (22,9) (21,11) (20,15) (19,19) (18,22) (17,23) (16,27) (15,31) (14,36) (13,39) (12,43) (11,47) (10,53) (9,56) (8,59) (7,64) (6,66) (5,73) (4,77) (3,79) (2,84) (1,91) (0,98) 
TD 1 :
(99,68) (0,98) (1,91) (2,84) (3,79) (4,77) (5,73) (6,66) (7,64) (8,59) (9,56) (10,53) (11,47) (12,43) (13,39) (14,36) (15,31) (16,27) (17,23) (18,22) (19,19) (20,15) (21,11) (22,9) (23,7) (24,3) (25,-1) (26,-1) (27,-1) (28,-6) (29,-10) (30,-12) (31,-15) (32,-15) (33,-19) (34,-22) (35,-24) (36,-26) (37,-28) (38,-27) (39,-27) (40,-29) (41,-34) (42,-33) (43,-34) (44,-37) (45,-36) (46,-37) (47,-34) (48,-34) (49,-37) (50,-36) (51,-37) (52,-36) (53,-34) (54,-37) (55,-34) (56,-34) (57,-32) (58,-30) (59,-30) (60,-29) (61,-27) (62,-27) (63,-28) (64,-27) (65,-26) (66,-24) (67,-25) (68,-25) (69,-21) (70,-18) (71,-19) (72,-14) (73,-12) (74,-9) (75,-6) (76,-4) (77,0) (78,1) (79,3) (80,5) (81,7) (82,9) (83,12) (84,14) (85,17) (86,18) (87,22) (88,24) (89,30) (90,35) (91,37) (92,41) (93,46) (94,48) (95,51) (96,54) (97,57) (98,63) 
TD 2 :
(99,68) (0,98) (98,63) (1,91) (2,84) (3,79) (4,77) (5,73) (6,66) (7,64) (8,59) (9,56) (10,53) (11,47) (12,43) (13,39) (14,36) (15,31) (16,27) (17,23) (18,22) (19,19) (20,15) (21,11) (22,9) (23,7) (24,3) (25,-1) (26,-1) (27,-1) (28,-6) (29,-10) (30,-12) (31,-15) (32,-15) (33,-19) (34,-22) (35,-24) (36,-26) (37,-28) (38,-27) (39,-27) (40,-29) (41,-34) (42,-33) (43,-34) (44,-37) (45,-36) (46,-37) (47,-34) (48,-34) (49,-37) (50,-36) (51,-37) (52,-36) (53,-34) (54,-37) (55,-34) (56,-34) (57,-32) (58,-30) (59,-30) (60,-29) (61,-27) (62,-27) (63,-28) (64,-27) (65,-26) (66,-24) (67,-25) (68,-25) (69,-21) (70,-18) (71,-19) (72,-14) (73,-12) (74,-9) (75,-6) (76,-4) (77,0) (78,1) (79,3) (80,5) (81,7) (82,9) (83,12) (84,14) (85,17) (86,18) (87,22) (88,24) (89,30) (90,35) (91,37) (92,41) (93,46) (94,48) (95,51) (96,54) (97,57) 
TD 3 :
(99,68) (0,98) (98,63) (1,91) (97,57) (2,84) (3,79) (4,77) (5,73) (6,66) (7,64) (8,59) (9,56) (10,53) (11,47) (12,43) (13,39) (14,36) (15,31) (16,27) (17,23) (18,22) (19,19) (20,15) (21,11) (22,9) (23,7) (24,3) (25,-1) (26,-1) (27,-1) (28,-6) (29,-10) (30,-12) (31,-15) (32,-15) (33,-19) (34,-22) (35,-24) (36,-26) (37,-28) (38,-27) (39,-27) (40,-29) (41,-34) (42,-33) (43,-34) (44,-37) (45,-36) (46,-37) (47,-34) (48,-34) (49,-37) (50,-36) (51,-37) (52,-36) (53,-34) (54,-37) (55,-34) (56,-34) (57,-32) (58,-30) (59,-30) (60,-29) (61,-27) (62,-27) (63,-28) (64,-27) (65,-26) (66,-24) (67,-25) (68,-25) (69,-21) (70,-18) (71,-19) (72,-14) (73,-12) (74,-9) (75,-6) (76,-4) (77,0) (78,1) (79,3) (80,5) (81,7) (82,9) (83,12) (84,14) (85,17) (86,18) (87,22) (88,24) (89,30) (90,35) (91,37) (92,41) (93,46) (94,48) (95,51) (96,54) 
TD 4 :
(99,68) (0,98) (98,63) (1,91) (97,57) (2,84) (96,54) (3,79) (4,77) (5,73) (6,66) (7,64) (8,59) (9,56) (10,53) (11,47) (12,43) (13,39) (14,36) (15,31) (16,27) (17,23) (18,22) (19,19) (20,15) (21,11) (22,9) (23,7) (24,3) (25,-1) (26,-1) (27,-1) (28,-6) (29,-10) (30,-12) (31,-15) (32,-15) (33,-19) (34,-22) (35,-24) (36,-26) (37,-28) (38,-27) (39,-27) (40,-29) (41,-34) (42,-33) (43,-34) (44,-37) (45,-36) (46,-37) (47,-34) (48,-34) (49,-37) (50,-36) (51,-37) (52,-36) (53,-34) (54,-37) (55,-34) (56,-34) (57,-32) (58,-30) (59,-30) (60,-29) (61,-27) (62,-27) (63,-28) (64,-27) (65,-26) (66,-24) (67,-25) (68,-25) (69,-21) (70,-18) (71,-19) (72,-14) (73,-12) (74,-9) (75,-6) (76,-4) (77,0) (78,1) (79,3) (80,5) (81,7) (82,9) (83,12) (84,14) (85,17) (86,18) (87,22) (88,24) (89,30) (90,35) (91,37) (92,41) (93,46) (94,48) (95,51) 
TD 5 :
(99,68) (0,98) (98,63) (1,91) (97,57) (2,84) (96,54) (3,79) (95,51) (4,77) (5,73) (6,66) (7,64) (8,59) (9,56) (10,53) (11,47) (12,43) (13,39) (14,36) (15,31) (16,27) (17,23) (18,22) (19,19) (20,15) (21,11) (22,9) (23,7) (24,3) (25,-1) (26,-1) (27,-1) (28,-6) (29,-10) (30,-12) (31,-15) (32,-15) (33,-19) (34,-22) (35,-24) (36,-26) (37,-28) (38,-27) (39,-27) (40,-29) (41,-34) (42,-33) (43,-34) (44,-37) (45,-36) (46,-37) (47,-34) (48,-34) (49,-37) (50,-36) (51,-37) (52,-36) (53,-34) (54,-37) (55,-34) (56,-34) (57,-32) (58,-30) (59,-30) (60,-29) (61,-27) (62,-27) (63,-28) (64,-27) (65,-26) (66,-24) (67,-25) (68,-25) (69,-21) (70,-18) (71,-19) (72,-14) (73,-12) (74,-9) (75,-6) (76,-4) (77,0) (78,1) (79,3) (80,5) (81,7) (82,9) (83,12) (84,14) (85,17) (86,18) (87,22) (88,24) (89,30) (90,35) (91,37) (92,41) (93,46) (94,48) 
TD 6 :
(99,68) (0,98) (98,63) (1,91) (97,57) (2,84) (96,54) (3,79) (95,51) (4,77) (94,48) (5,73) (6,66) (7,64) (8,59) (9,56) (10,53) (11,47) (12,43) (13,39) (14,36) (15,31) (16,27) (17,23) (18,22) (19,19) (20,15) (21,11) (22,9) (23,7) (24,3) (25,-1) (26,-1) (27,-1) (28,-6) (29,-10) (30,-12) (31,-15) (32,-15) (33,-19) (34,-22) (35,-24) (36,-26) (37,-28) (38,-27) (39,-27) (40,-29) (41,-34) (42,-33) (43,-34) (44,-37) (45,-36) (46,-37) (47,-34) (48,-34) (49,-37) (50,-36) (51,-37) (52,-36) (53,-34) (54,-37) (55,-34) (56,-34) (57,-32) (58,-30) (59,-30) (60,-29) (61,-27) (62,-27) (63,-28) (64,-27) (65,-26) (66,-24) (67,-25) (68,-25) (69,-21) (70,-18) (71,-19) (72,-14) (73,-12) (74,-9) (75,-6) (76,-4) (77,0) (78,1) (79,3) (80,5) (81,7) (82,9) (83,12) (84,14) (85,17) (86,18) (87,22) (88,24) (89,30) (90,35) (91,37) (92,41) (93,46) 
TD 7 :
(99,68) (0,98) (98,63) (1,91) (97,57) (2,84) (96,54) (3,79) (95,51) (4,77) (94,48) (5,73) (93,46) (6,66) (7,64) (8,59) (9,56) (10,53) (11,47) (12,43) (13,39) (14,36) (15,31) (16,27) (17,23) (18,22) (19,19) (20,15) (21,11) (22,9) (23,7) (24,3) (25,-1) (26,-1) (27,-1) (28,-6) (29,-10) (30,-12) (31,-15) (32,-15) (33,-19) (34,-22) (35,-24) (36,-26) (37,-28) (38,-27) (39,-27) (40,-29) (41,-34) (42,-33) (43,-34) (44,-37) (45,-36) (46,-37) (47,-34) (48,-34) (49,-37) (50,-36) (51,-37) (52,-36) (53,-34) (54,-37) (55,-34) (56,-34) (57,-32) (58,-30) (59,-30) (60,-29) (61,-27) (62,-27) (63,-28) (64,-27) (65,-26) (66,-24) (67,-25) (68,-25) (69,-21) (70,-18) (71,-19) (72,-14) (73,-12) (74,-9) (75,-6) (76,-4) (77,0) (78,1) (79,3) (80,5) (81,7) (82,9) (83,12) (84,14) (85,17) (86,18) (87,22) (88,24) (89,30) (90,35) (91,37) (92,41) 
TD 8 :
(99,68) (0,98) (98,63) (1,91) (97,57) (2,84) (96,54) (3,79) (95,51) (4,77) (94,48) (5,73) (93,46) (6,66) (92,41) (7,64) (8,59) (9,56) (10,53) (11,47) (12,43) (13,39) (14,36) (15,31) (16,27) (17,23) (18,22) (19,19) (20,15) (21,11) (22,9) (23,7) (24,3) (25,-1) (26,-1) (27,-1) (28,-6) (29,-10) (30,-12) (31,-15) (32,-15) (33,-19) (34,-22) (35,-24) (36,-26) (37,-28) (38,-27) (39,-27) (40,-29) (41,-34) (42,-33) (43,-34) (44,-37) (45,-36) (46,-37) (47,-34) (48,-34) (49,-37) (50,-36) (51,-37) (52,-36) (53,-34) (54,-37) (55,-34) (56,-34) (57,-32) (58,-30) (59,-30) (60,-29) (61,-27) (62,-27) (63,-28) (64,-27) (65,-26) (66,-24) (67,-25) (68,-25) (69,-21) (70,-18) (71,-19) (72,-14) (73,-12) (74,-9) (75,-6) (76,-4) (77,0) (78,1) (79,3) (80,5) (81,7) (82,9) (83,12) (84,14) (85,17) (86,18) (87,22) (88,24) (89,30) (90,35) (91,37) 
TD 9 :
(99,68) (0,98) (98,63) (1,91) (97,57) (2,84) (96,54) (3,79) (95,51) (4,77) (94,48) (5,73) (93,46) (6,66) (92,41) (7,64) (91,37) (8,59) (9,56) (10,53) (11,47) (12,43) (13,39) (14,36) (15,31) (16,27) (17,23) (18,22) (19,19) (20,15) (21,11) (22,9) (23,7) (24,3) (25,-1) (26,-1) (27,-1) (28,-6) (29,-10) (30,-12) (31,-15) (32,-15) (33,-19) (34,-22) (35,-24) (36,-26) (37,-28) (38,-27) (39,-27) (40,-29) (41,-34) (42,-33) (43,-34) (44,-37) (45,-36) (46,-37) (47,-34) (48,-34) (49,-37) (50,-36) (51,-37) (52,-36) (53,-34) (54,-37) (55,-34) (56,-34) (57,-32) (58,-30) (59,-30) (60,-29) (61,-27) (62,-27) (63,-28) (64,-27) (65,-26) (66,-24) (67,-25) (68,-25) (69,-21) (70,-18) (71,-19) (72,-14) (73,-12) (74,-9) (75,-6) (76,-4) (77,0) (78,1) (79,3) (80,5) (81,7) (82,9) (83,12) (84,14) (85,17) (86,18) (87,22) (88,24) (89,30) (90,35) 
TD 10 :
(99,68) (0,98) (98,63) (1,91) (97,57) (2,84) (96,54) (3,79) (95,51) (4,77) (94,48) (5,73) (93,46) (6,66) (92,41) (7,64) (91,37) (8,59) (90,35) (9,56) (10,53) (11,47) (12,43) (13,39) (14,36) (15,31) (16,27) (17,23) (18,22) (19,19) (20,15) (21,11) (22,9) (23,7) (24,3) (25,-1) (26,-1) (27,-1) (28,-6) (29,-10) (30,-12) (31,-15) (32,-15) (33,-19) (34,-22) (35,-24) (36,-26) (37,-28) (38,-27) (39,-27) (40,-29) (41,-34) (42,-33) (43,-34) (44,-37) (45,-36) (46,-37) (47,-34) (48,-34) (49,-37) (50,-36) (51,-37) (52,-36) (53,-34) (54,-37) (55,-34) (56,-34) (57,-32) (58,-30) (59,-30) (60,-29) (61,-27) (62,-27) (63,-28) (64,-27) (65,-26) (66,-24) (67,-25) (68,-25) (69,-21) (70,-18) (71,-19) (72,-14) (73,-12) (74,-9) (75,-6) (76,-4) (77,0) (78,1) (79,3) (80,5) (81,7) (82,9) (83,12) (84,14) (85,17) (86,18) (87,22) (88,24) (89,30) 
TD 11 :
(99,68) (0,98) (98,63) (1,91) (97,57) (2,84) (96,54) (3,79) (95,51) (4,77) (94,48) (5,73) (93,46) (6,66) (92,41) (7,64) (91,37) (8,59) (90,35) (9,56) (89,30) (10,53) (11,47) (12,43) (13,39) (14,36) (15,31) (16,27) (17,23) (18,22) (19,19) (20,15) (21,11) (22,9) (23,7) (24,3) (25,-1) (26,-1) (27,-1) (28,-6) (29,-10) (30,-12) (31,-15) (32,-15) (33,-19) (34,-22) (35,-24) (36,-26) (37,-28) (38,-27) (39,-27) (40,-29) (41,-34) (42,-33) (43,-34) (44,-37) (45,-36) (46,-37) (47,-34) (48,-34) (49,-37) (50,-36) (51,-37) (52,-36) (53,-34) (54,-37) (55,-34) (56,-34) (57,-32) (58,-30) (59,-30) (60,-29) (61,-27) (62,-27) (63,-28) (64,-27) (65,-26) (66,-24) (67,-25) (68,-25) (69,-21) (70,-18) (71,-19) (72,-14) (73,-12) (74,-9) (75,-6) (76,-4) (77,0) (78,1) (79,3) (80,5) (81,7) (82,9) (83,12) (84,14) (85,17) (86,18) (87,22) (88,24) 
TD 12 :
(99,68) (0,98) (98,63) (1,91) (97,57) (2,84) (96,54) (3,79) (95,51) (4,77) (94,48) (5,73) (93,46) (6,66) (92,41) (7,64) (91,37) (8,59) (90,35) (9,56) (89,30) (10,53) (88,24) (11,47) (12,43) (13,39) (14,36) (15,31) (16,27) (17,23) (18,22) (19,19) (20,15) (21,11) (22,9) (23,7) (24,3) (25,-1) (26,-1) (27,-1) (28,-6) (29,-10) (30,-12) (31,-15) (32,-15) (33,-19) (34,-22) (35,-24) (36,-26) (37,-28) (38,-27) (39,-27) (40,-29) (41,-34) (42,-33) (43,-34) (44,-37) (45,-36) (46,-37) (47,-34) (48,-34) (49,-37) (50,-36) (51,-37) (52,-36) (53,-34) (54,-37) (55,-34) (56,-34) (57,-32) (58,-30) (59,-30) (60,-29) (61,-27) (62,-27) (63,-28) (64,-27) (65,-26) (66,-24) (67,-25) (68,-25) (69,-21) (70,-18) (71,-19) (72,-14) (73,-12) (74,-9) (75,-6) (76,-4) (77,0) (78,1) (79,3) (80,5) (81,7) (82,9) (83,12) (84,14) (85,17) (86,18) (87,22) 
TD 13 :
(99,68) (0,98) (98,63) (1,91) (97,57) (2,84) (96,54) (3,79) (95,51) (4,77) (94,48) (5,73) (93,46) (6,66) (92,41) (7,64) (91,37) (8,59) (90,35) (9,56) (89,30) (10,53) (88,24) (11,47) (87,22) (12,43) (13,39) (14,36) (15,31) (16,27) (17,23) (18,22) (19,19) (20,15) (21,11) (22,9) (23,7) (24,3) (25,-1) (26,-1) (27,-1) (28,-6) (29,-10) (30,-12) (31,-15) (32,-15) (33,-19) (34,-22) (35,-24) (36,-26) (37,-28) (38,-27) (39,-27) (40,-29) (41,-34) (42,-33) (43,-34) (44,-37) (45,-36) (46,-37) (47,-34) (48,-34) (49,-37) (50,-36) (51,-37) (52,-36) (53,-34) (54,-37) (55,-34) (56,-34) (57,-32) (58,-30) (59,-30) (60,-29) (61,-27) (62,-27) (63,-28) (64,-27) (65,-26) (66,-24) (67,-25) (68,-25) (69,-21) (70,-18) (71,-19) (72,-14) (73,-12) (74,-9) (75,-6) (76,-4) (77,0) (78,1) (79,3) (80,5) (81,7) (82,9) (83,12) (84,14) (85,17) (86,18) 
TD 14 :
(99,68) (0,98) (98,63) (1,91) (97,57) (2,84) (96,54) (3,79) (95,51) (4,77) (94,48) (5,73) (93,46) (6,66) (92,41) (7,64) (91,37) (8,59) (90,35) (9,56) (89,30) (10,53) (88,24) (11,47) (87,22) (12,43) (86,18) (13,39) (14,36) (15,31) (16,27) (17,23) (18,22) (19,19) (20,15) (21,11) (22,9) (23,7) (24,3) (25,-1) (26,-1) (27,-1) (28,-6) (29,-10) (30,-12) (31,-15) (32,-15) (33,-19) (34,-22) (35,-24) (36,-26) (37,-28) (38,-27) (39,-27) (40,-29) (41,-34) (42,-33) (43,-34) (44,-37) (45,-36) (46,-37) (47,-34) (48,-34) (49,-37) (50,-36) (51,-37) (52,-36) (53,-34) (54,-37) (55,-34) (56,-34) (57,-32) (58,-30) (59,-30) (60,-29) (61,-27) (62,-27) (63,-28) (64,-27) (65,-26) (66,-24) (67,-25) (68,-25) (69,-21) (70,-18) (71,-19) (72,-14) (73,-12) (74,-9) (75,-6) (76,-4) (77,0) (78,1) (79,3) (80,5) (81,7) (82,9) (83,12) (84,14) (85,17) 
TD 15 :
(99,68) (0,98) (98,63) (1,91) (97,57) (2,84) (96,54) (3,79) (95,51) (4,77) (94,48) (5,73) (93,46) (6,66) (92,41) (7,64) (91,37) (8,59) (90,35) (9,56) (89,30) (10,53) (88,24) (11,47) (87,22) (12,43) (86,18) (13,39) (85,17) (14,36) (15,31) (16,27) (17,23) (18,22) (19,19) (20,15) (21,11) (22,9) (23,7) (24,3) (25,-1) (26,-1) (27,-1) (28,-6) (29,-10) (30,-12) (31,-15) (32,-15) (33,-19) (34,-22) (35,-24) (36,-26) (37,-28) (38,-27) (39,-27) (40,-29) (41,-34) (42,-33) (43,-34) (44,-37) (45,-36) (46,-37) (47,-34) (48,-34) (49,-37) (50,-36) (51,-37) (52,-36) (53,-34) (54,-37) (55,-34) (56,-34) (57,-32) (58,-30) (59,-30) (60,-29) (61,-27) (62,-27) (63,-28) (64,-27) (65,-26) (66,-24) (67,-25) (68,-25) (69,-21) (70,-18) (71,-19) (72,-14) (73,-12) (74,-9) (75,-6) (76,-4) (77,0) (78,1) (79,3) (80,5) (81,7) (82,9) (83,12) (84,14) 
TD 16 :
(99,68) (0,98) (98,63) (1,91) (97,57) (2,84) (96,54) (3,79) (95,51) (4,77) (94,48) (5,73) (93,46) (6,66) (92,41) (7,64) (91,37) (8,59) (90,35) (9,56) (89,30) (10,53) (88,24) (11,47) (87,22) (12,43) (86,18) (13,39) (85,17) (14,36) (84,14) (15,31) (16,27) (17,23) (18,22) (19,19) (20,15) (21,11) (22,9) (23,7) (24,3) (25,-1) (26,-1) (27,-1) (28,-6) (29,-10) (30,-12) (31,-15) (32,-15) (33,-19) (34,-22) (35,-24) (36,-26) (37,-28) (38,-27) (39,-27) (40,-29) (41,-34) (42,-33) (43,-34) (44,-37) (45,-36) (46,-37) (47,-34) (48,-34) (49,-37) (50,-36) (51,-37) (52,-36) (53,-34) (54,-37) (55,-34) (56,-34) (57,-32) (58,-30) (59,-30) (60,-29) (61,-27) (62,-27) (63,-28) (64,-27) (65,-26) (66,-24) (67,-25) (68,-25) (69,-21) (70,-18) (71,-19) (72,-14) (73,-12) (74,-9) (75,-6) (76,-4) (77,0) (78,1) (79,3) (80,5) (81,7) (82,9) (83,12) 
TD 17 :
(99,68) (0,98) (98,63) (1,91) (97,57) (2,84) (96,54) (3,79) (95,51) (4,77) (94,48) (5,73) (93,46) (6,66) (92,41) (7,64) (91,37) (8,59) (90,35) (9,56) (89,30) (10,53) (88,24) (11,47) (87,22) (12,43) (86,18) (13,39) (85,17) (14,36) (84,14) (15,31) (83,12) (16,27) (17,23) (18,22) (19,19) (20,15) (21,11) (22,9) (23,7) (24,3) (25,-1) (26,-1) (27,-1) (28,-6) (29,-10) (30,-12) (31,-15) (32,-15) (33,-19) (34,-22) (35,-24) (36,-26) (37,-28) (38,-27) (39,-27) (40,-29) (41,-34) (42,-33) (43,-34) (44,-37) (45,-36) (46,-37) (47,-34) (48,-34) (49,-37) (50,-36) (51,-37) (52,-36) (53,-34) (54,-37) (55,-34) (56,-34) (57,-32) (58,-30) (59,-30) (60,-29) (61,-27) (62,-27) (63,-28) (64,-27) (65,-26) (66,-24) (67,-25) (68,-25) (69,-21) (70,-18) (71,-19) (72,-14) (73,-12) (74,-9) (75,-6) (76,-4) (77,0) (78,1) (79,3) (80,5) (81,7) (82,9) 
TD 18 :
(99,68) (0,98) (98,63) (1,91) (97,57) (2,84) (96,54) (3,79) (95,51) (4,77) (94,48) (5,73) (93,46) (6,66) (92,41) (7,64) (91,37) (8,59) (90,35) (9,56) (89,30) (10,53) (88,24) (11,47) (87,22) (12,43) (86,18) (13,39) (85,17) (14,36) (84,14) (15,31) (83,12) (16,27) (82,9) (17,23) (18,22) (19,19) (20,15) (21,11) (22,9) (23,7) (24,3) (25,-1) (26,-1) (27,-1) (28,-6) (29,-10) (30,-12) (31,-15) (32,-15) (33,-19) (34,-22) (35,-24) (36,-26) (37,-28) (38,-27) (39,-27) (40,-29) (41,-34) (42,-33) (43,-34) (44,-37) (45,-36) (46,-37) (47,-34) (48,-34) (49,-37) (50,-36) (51,-37) (52,-36) (53,-34) (54,-37) (55,-34) (56,-34) (57,-32) (58,-30) (59,-30) (60,-29) (61,-27) (62,-27) (63,-28) (64,-27) (65,-26) (66,-24) (67,-25) (68,-25) (69,-21) (70,-18) (71,-19) (72,-14) (73,-12) (74,-9) (75,-6) (76,-4) (77,0) (78,1) (79,3) (80,5) (81,7) 
TD 19 :
(99,68) (0,98) (98,63) (1,91) (97,57) (2,84) (96,54) (3,79) (95,51) (4,77) (94,48) (5,73) (93,46) (6,66) (92,41) (7,64) (91,37) (8,59) (90,35) (9,56) (89,30) (10,53) (88,24) (11,47) (87,22) (12,43) (86,18) (13,39) (85,17) (14,36) (84,14) (15,31) (83,12) (16,27) (82,9) (17,23) (81,7) (18,22) (19,19) (20,15) (21,11) (22,9) (23,7) (24,3) (25,-1) (26,-1) (27,-1) (28,-6) (29,-10) (30,-12) (31,-15) (32,-15) (33,-19) (34,-22) (35,-24) (36,-26) (37,-28) (38,-27) (39,-27) (40,-29) (41,-34) (42,-33) (43,-34) (44,-37) (45,-36) (46,-37) (47,-34) (48,-34) (49,-37) (50,-36) (51,-37) (52,-36) (53,-34) (54,-37) (55,-34) (56,-34) (57,-32) (58,-30) (59,-30) (60,-29) (61,-27) (62,-27) (63,-28) (64,-27) (65,-26) (66,-24) (67,-25) (68,-25) (69,-21) (70,-18) (71,-19) (72,-14) (73,-12) (74,-9) (75,-6) (76,-4) (77,0) (78,1) (79,3) (80,5) 
TD 20 :
(99,68) (0,98) (98,63) (1,91) (97,57) (2,84) (96,54) (3,79) (95,51) (4,77) (94,48) (5,73) (93,46) (6,66) (92,41) (7,64) (91,37) (8,59) (90,35) (9,56) (89,30) (10,53) (88,24) (11,47) (87,22) (12,43) (86,18) (13,39) (85,17) (14,36) (84,14) (15,31) (83,12) (16,27) (82,9) (17,23) (81,7) (18,22) (80,5) (19,19) (20,15) (21,11) (22,9) (23,7) (24,3) (25,-1) (26,-1) (27,-1) (28,-6) (29,-10) (30,-12) (31,-15) (32,-15) (33,-19) (34,-22) (35,-24) (36,-26) (37,-28) (38,-27) (39,-27) (40,-29) (41,-34) (42,-33) (43,-34) (44,-37) (45,-36) (46,-37) (47,-34) (48,-34) (49,-37) (50,-36) (51,-37) (52,-36) (53,-34) (54,-37) (55,-34) (56,-34) (57,-32) (58,-30) (59,-30) (60,-29) (61,-27) (62,-27) (63,-28) (64,-27) (65,-26) (66,-24) (67,-25) (68,-25) (69,-21) (70,-18) (71,-19) (72,-14) (73,-12) (74,-9) (75,-6) (76,-4) (77,0) (78,1) (79,3) 
TD 21 :
(99,68) (0,98) (98,63) (1,91) (97,57) (2,84) (96,54) (3,79) (95,51) (4,77) (94,48) (5,73) (93,46) (6,66) (92,41) (7,64) (91,37) (8,59) (90,35) (9,56) (89,30) (10,53) (88,24) (11,47) (87,22) (12,43) (86,18) (13,39) (85,17) (14,36) (84,14) (15,31) (83,12) (16,27) (82,9) (17,23) (81,7) (18,22) (80,5) (19,19) (79,3) (20,15) (21,11) (22,9) (23,7) (24,3) (25,-1) (26,-1) (27,-1) (28,-6) (29,-10) (30,-12) (31,-15) (32,-15) (33,-19) (34,-22) (35,-24) (36,-26) (37,-28) (38,-27) (39,-27) (40,-29) (41,-34) (42,-33) (43,-34) (44,-37) (45,-36) (46,-37) (47,-34) (48,-34) (49,-37) (50,-36) (51,-37) (52,-36) (53,-34) (54,-37) (55,-34) (56,-34) (57,-32) (58,-30) (59,-30) (60,-29) (61,-27) (62,-27) (63,-28) (64,-27) (65,-26) (66,-24) (67,-25) (68,-25) (69,-21) (70,-18) (71,-19) (72,-14) (73,-12) (74,-9) (75,-6) (76,-4) (77,0) (78,1) 
TD 22 :
(99,68) (0,98) (98,63) (1,91) (97,57) (2,84) (96,54) (3,79) (95,51) (4,77) (94,48) (5,73) (93,46) (6,66) (92,41) (7,64) (91,37) (8,59) (90,35) (9,56) (89,30) (10,53) (88,24) (11,47) (87,22) (12,43) (86,18) (13,39) (85,17) (14,36) (84,14) (15,31) (83,12) (16,27) (82,9) (17,23) (81,7) (18,22) (80,5) (19,19) (79,3) (20,15) (78,1) (21,11) (22,9) (23,7) (24,3) (25,-1) (26,-1) (27,-1) (28,-6) (29,-10) (30,-12) (31,-15) (32,-15) (33,-19) (34,-22) (35,-24) (36,-26) (37,-28) (38,-27) (39,-27) (40,-29) (41,-34) (42,-33) (43,-34) (44,-37) (45,-36) (46,-37) (47,-34) (48,-34) (49,-37) (50,-36) (51,-37) (52,-36) (53,-34) (54,-37) (55,-34) (56,-34) (57,-32) (58,-30) (59,-30) (60,-29) (61,-27) (62,-27) (63,-28) (64,-27) (65,-26) (66,-24) (67,-25) (68,-25) (69,-21) (70,-18) (71,-19) (72,-14) (73,-12) (74,-9) (75,-6) (76,-4) (77,0) 
TD 23 :
(99,68) (0,98) (98,63) (1,91) (97,57) (2,84) (96,54) (3,79) (95,51) (4,77) (94,48) (5,73) (93,46) (6,66) (92,41) (7,64) (91,37) (8,59) (90,35) (9,56) (89,30) (10,53) (88,24) (11,47) (87,22) (12,43) (86,18) (13,39) (85,17) (14,36) (84,14) (15,31) (83,12) (16,27) (82,9) (17,23) (81,7) (18,22) (80,5) (19,19) (79,3) (20,15) (78,1) (21,11) (77,0) (22,9) (23,7) (24,3) (25,-1) (26,-1) (27,-1) (28,-6) (29,-10) (30,-12) (31,-15) (32,-15) (33,-19) (34,-22) (35,-24) (36,-26) (37,-28) (38,-27) (39,-27) (40,-29) (41,-34) (42,-33) (43,-34) (44,-37) (45,-36) (46,-37) (47,-34) (48,-34) (49,-37) (50,-36) (51,-37) (52,-36) (53,-34) (54,-37) (55,-34) (56,-34) (57,-32) (58,-30) (59,-30) (60,-29) (61,-27) (62,-27) (63,-28) (64,-27) (65,-26) (66,-24) (67,-25) (68,-25) (69,-21) (70,-18) (71,-19) (72,-14) (73,-12) (74,-9) (75,-6) (76,-4) 
TD 24 :
(99,68) (0,98) (98,63) (1,91) (97,57) (2,84) (96,54) (3,79) (95,51) (4,77) (94,48) (5,73) (93,46) (6,66) (92,41) (7,64) (91,37) (8,59) (90,35) (9,56) (89,30) (10,53) (88,24) (11,47) (87,22) (12,43) (86,18) (13,39) (85,17) (14,36) (84,14) (15,31) (83,12) (16,27) (82,9) (17,23) (81,7) (18,22) (80,5) (19,19) (79,3) (20,15) (78,1) (21,11) (77,0) (22,9) (76,-4) (23,7) (24,3) (25,-1) (26,-1) (27,-1) (28,-6) (29,-10) (30,-12) (31,-15) (32,-15) (33,-19) (34,-22) (35,-24) (36,-26) (37,-28) (38,-27) (39,-27) (40,-29) (41,-34) (42,-33) (43,-34) (44,-37) (45,-36) (46,-37) (47,-34) (48,-34) (49,-37) (50,-36) (51,-37) (52,-36) (53,-34) (54,-37) (55,-34) (56,-34) (57,-32) (58,-30) (59,-30) (60,-29) (61,-27) (62,-27) (63,-28) (64,-27) (65,-26) (66,-24) (67,-25) (68,-25) (69,-21) (70,-18) (71,-19) (72,-14) (73,-12) (74,-9) (75,-6) 
TD 25 :
(99,68) (0,98) (98,63) (1,91) (97,57) (2,84) (96,54) (3,79) (95,51) (4,77) (94,48) (5,73) (93,46) (6,66) (92,41) (7,64) (91,37) (8,59) (90,35) (9,56) (89,30) (10,53) (88,24) (11,47) (87,22) (12,43) (86,18) (13,39) (85,17) (14,36) (84,14) (15,31) (83,12) (16,27) (82,9) (17,23) (81,7) (18,22) (80,5) (19,19) (79,3) (20,15) (78,1) (21,11) (77,0) (22,9) (76,-4) (23,7) (75,-6) (24,3) (25,-1) (26,-1) (27,-1) (28,-6) (29,-10) (30,-12) (31,-15) (32,-15) (33,-19) (34,-22) (35,-24) (36,-26) (37,-28) (38,-27) (39,-27) (40,-29) (41,-34) (42,-33) (43,-34) (44,-37) (45,-36) (46,-37) (47,-34) (48,-34) (49,-37) (50,-36) (51,-37) (52,-36) (53,-34) (54,-37) (55,-34) (56,-34) (57,-32) (58,-30) (59,-30) (60,-29) (61,-27) (62,-27) (63,-28) (64,-27) (65,-26) (66,-24) (67,-25) (68,-25) (69,-21) (70,-18) (71,-19) (72,-14) (73,-12) (74,-9) 
TD 26 :
(99,68) (0,98) (98,63) (1,91) (97,57) (2,84) (96,54) (3,79) (95,51) (4,77) (94,48) (5,73) (93,46) (6,66) (92,41) (7,64) (91,37) (8,59) (90,35) (9,56) (89,30) (10,53) (88,24) (11,47) (87,22) (12,43) (86,18) (13,39) (85,17) (14,36) (84,14) (15,31) (83,12) (16,27) (82,9) (17,23) (81,7) (18,22) (80,5) (19,19) (79,3) (20,15) (78,1) (21,11) (77,0) (22,9) (76,-4) (23,7) (75,-6) (24,3) (74,-9) (27,-1) (26,-1) (25,-1) 
(99,68) (0,98) (98,63) (1,91) (97,57) (2,84) (96,54) (3,79) (95,51) (4,77) (94,48) (5,73) (93,46) (6,66) (92,41) (7,64) (91,37) (8,59) (90,35) (9,56) (89,30) (10,53) (88,24) (11,47) (87,22) (12,43) (86,18) (13,39) (85,17) (14,36) (84,14) (15,31) (83,12) (16,27) (82,9) (17,23) (81,7) (18,22) (80,5) (19,19) (79,3) (20,15) (78,1) (21,11) (77,0) (22,9) (76,-4) (23,7) (75,-6) (24,3) (74,-9) (27,-1) (26,-1) (25,-1) 
(99,68) (0,98) (98,63) (1,91) (97,57) (2,84) (96,54) (3,79) (95,51) (4,77) (94,48) (5,73) (93,46) (6,66) (92,41) (7,64) (91,37) (8,59) (90,35) (9,56) (89,30) (10,53) (88,24) (11,47) (87,22) (12,43) (86,18) (13,39) (85,17) (14,36) (84,14) (15,31) (83,12) (16,27) (82,9) (17,23) (81,7) (18,22) (80,5) (19,19) (79,3) (20,15) (78,1) (21,11) (77,0) (22,9) (76,-4) (23,7) (75,-6) (24,3) (74,-9) (27,-1) (26,-1) (25,-1) (28,-6) (29,-10) (30,-12) (31,-15) (32,-15) (33,-19) (34,-22) (35,-24) (36,-26) (37,-28) (38,-27) (39,-27) (40,-29) (41,-34) (42,-33) (43,-34) (44,-37) (45,-36) (46,-37) (47,-34) (48,-34) (49,-37) (50,-36) (51,-37) (52,-36) (53,-34) (54,-37) (55,-34) (56,-34) (57,-32) (58,-30) (59,-30) (60,-29) (61,-27) (62,-27) (63,-28) (64,-27) (65,-26) (66,-24) (67,-25) (68,-25) (69,-21) (70,-18) (71,-19) (72,-14) (73,-12) 
TD 27 :
(99,68) (0,98) (98,63) (1,91) (97,57) (2,84) (96,54) (3,79) (95,51) (4,77) (94,48) (5,73) (93,46) (6,66) (92,41) (7,64) (91,37) (8,59) (90,35) (9,56) (89,30) (10,53) (88,24) (11,47) (87,22) (12,43) (86,18) (13,39) (85,17) (14,36) (84,14) (15,31) (83,12) (16,27) (82,9) (17,23) (81,7) (18,22) (80,5) (19,19) (79,3) (20,15) (78,1) (21,11) (77,0) (22,9) (76,-4) (23,7) (75,-6) (24,3) (74,-9) (27,-1) (26,-1) (25,-1) (73,-12) (28,-6) (29,-10) (30,-12) (31,-15) (32,-15) (33,-19) (34,-22) (35,-24) (36,-26) (37,-28) (38,-27) (39,-27) (40,-29) (41,-34) (42,-33) (43,-34) (44,-37) (45,-36) (46,-37) (47,-34) (48,-34) (49,-37) (50,-36) (51,-37) (52,-36) (53,-34) (54,-37) (55,-34) (56,-34) (57,-32) (58,-30) (59,-30) (60,-29) (61,-27) (62,-27) (63,-28) (64,-27) (65,-26) (66,-24) (67,-25) (68,-25) (69,-21) (70,-18) (71,-19) (72,-14) 
TD 28 :
(99,68) (0,98) (98,63) (1,91) (97,57) (2,84) (96,54) (3,79) (95,51) (4,77) (94,48) (5,73) (93,46) (6,66) (92,41) (7,64) (91,37) (8,59) (90,35) (9,56) (89,30) (10,53) (88,24) (11,47) (87,22) (12,43) (86,18) (13,39) (85,17) (14,36) (84,14) (15,31) (83,12) (16,27) (82,9) (17,23) (81,7) (18,22) (80,5) (19,19) (79,3) (20,15) (78,1) (21,11) (77,0) (22,9) (76,-4) (23,7) (75,-6) (24,3) (74,-9) (27,-1) (26,-1) (25,-1) (73,-12) (28,-6) (72,-14) (29,-10) (30,-12) (31,-15) (32,-15) (33,-19) (34,-22) (35,-24) (36,-26) (37,-28) (38,-27) (39,-27) (40,-29) (41,-34) (42,-33) (43,-34) (44,-37) (45,-36) (46,-37) (47,-34) (48,-34) (49,-37) (50,-36) (51,-37) (52,-36) (53,-34) (54,-37) (55,-34) (56,-34) (57,-32) (58,-30) (59,-30) (60,-29) (61,-27) (62,-27) (63,-28) (64,-27) (65,-26) (66,-24) (67,-25) (68,-25) (69,-21) (70,-18) (71,-19) 
TD 29 :
(99,68) (0,98) (98,63) (1,91) (97,57) (2,84) (96,54) (3,79) (95,51) (4,77) (94,48) (5,73) (93,46) (6,66) (92,41) (7,64) (91,37) (8,59) (90,35) (9,56) (89,30) (10,53) (88,24) (11,47) (87,22) (12,43) (86,18) (13,39) (85,17) (14,36) (84,14) (15,31) (83,12) (16,27) (82,9) (17,23) (81,7) (18,22) (80,5) (19,19) (79,3) (20,15) (78,1) (21,11) (77,0) (22,9) (76,-4) (23,7) (75,-6) (24,3) (74,-9) (27,-1) (26,-1) (25,-1) (73,-12) (28,-6) (72,-14) (29,-10) (71,-19) (70,-18) (30,-12) (31,-15) (32,-15) (33,-19) (34,-22) (35,-24) (36,-26) (37,-28) (38,-27) (39,-27) (40,-29) (41,-34) (42,-33) (43,-34) (44,-37) (45,-36) (46,-37) (47,-34) (48,-34) (49,-37) (50,-36) (51,-37) (52,-36) (53,-34) (54,-37) (55,-34) (56,-34) (57,-32) (58,-30) (59,-30) (60,-29) (61,-27) (62,-27) (63,-28) (64,-27) (65,-26) (66,-24) (67,-25) (68,-25) (69,-21) 
(99,68) (0,98) (98,63) (1,91) (97,57) (2,84) (96,54) (3,79) (95,51) (4,77) (94,48) (5,73) (93,46) (6,66) (92,41) (7,64) (91,37) (8,59) (90,35) (9,56) (89,30) (10,53) (88,24) (11,47) (87,22) (12,43) (86,18) (13,39) (85,17) (14,36) (84,14) (15,31) (83,12) (16,27) (82,9) (17,23) (81,7) (18,22) (80,5) (19,19) (79,3) (20,15) (78,1) (21,11) (77,0) (22,9) (76,-4) (23,7) (75,-6) (24,3) (74,-9) (27,-1) (26,-1) (25,-1) (73,-12) (28,-6) (72,-14) (29,-10) (71,-19) (70,-18) (30,-12) 
TD 30 :
(99,68) (0,98) (98,63) (1,91) (97,57) (2,84) (96,54) (3,79) (95,51) (4,77) (94,48) (5,73) (93,46) (6,66) (92,41) (7,64) (91,37) (8,59) (90,35) (9,56) (89,30) (10,53) (88,24) (11,47) (87,22) (12,43) (86,18) (13,39) (85,17) (14,36) (84,14) (15,31) (83,12) (16,27) (82,9) (17,23) (81,7) (18,22) (80,5) (19,19) (79,3) (20,15) (78,1) (21,11) (77,0) (22,9) (76,-4) (23,7) (75,-6) (24,3) (74,-9) (27,-1) (26,-1) (25,-1) (73,-12) (28,-6) (72,-14) (29,-10) (71,-19) (70,-18) (30,-12) (69,-21) (32,-15) (31,-15) 
(99,68) (0,98) (98,63) (1,91) (97,57) (2,84) (96,54) (3,79) (95,51) (4,77) (94,48) (5,73) (93,46) (6,66) (92,41) (7,64) (91,37) (8,59) (90,35) (9,56) (89,30) (10,53) (88,24) (11,47) (87,22) (12,43) (86,18) (13,39) (85,17) (14,36) (84,14) (15,31) (83,12) (16,27) (82,9) (17,23) (81,7) (18,22) (80,5) (19,19) (79,3) (20,15) (78,1) (21,11) (77,0) (22,9) (76,-4) (23,7) (75,-6) (24,3) (74,-9) (27,-1) (26,-1) (25,-1) (73,-12) (28,-6) (72,-14) (29,-10) (71,-19) (70,-18) (30,-12) (69,-21) (32,-15) (31,-15) (33,-19) (34,-22) (35,-24) (36,-26) (37,-28) (38,-27) (39,-27) (40,-29) (41,-34) (42,-33) (43,-34) (44,-37) (45,-36) (46,-37) (47,-34) (48,-34) (49,-37) (50,-36) (51,-37) (52,-36) (53,-34) (54,-37) (55,-34) (56,-34) (57,-32) (58,-30) (59,-30) (60,-29) (61,-27) (62,-27) (63,-28) (64,-27) (65,-26) (66,-24) (67,-25) (68,-25) 
TD 31 :
(99,68) (0,98) (98,63) (1,91) (97,57) (2,84) (96,54) (3,79) (95,51) (4,77) (94,48) (5,73) (93,46) (6,66) (92,41) (7,64) (91,37) (8,59) (90,35) (9,56) (89,30) (10,53) (88,24) (11,47) (87,22) (12,43) (86,18) (13,39) (85,17) (14,36) (84,14) (15,31) (83,12) (16,27) (82,9) (17,23) (81,7) (18,22) (80,5) (19,19) (79,3) (20,15) (78,1) (21,11) (77,0) (22,9) (76,-4) (23,7) (75,-6) (24,3) (74,-9) (27,-1) (26,-1) (25,-1) (73,-12) (28,-6) (72,-14) (29,-10) (71,-19) (70,-18) (30,-12) (69,-21) (32,-15) (31,-15) (68,-25) (66,-24) (33,-19) (34,-22) (35,-24) (36,-26) (37,-28) (38,-27) (39,-27) (40,-29) (41,-34) (42,-33) (43,-34) (44,-37) (45,-36) (46,-37) (47,-34) (48,-34) (49,-37) (50,-36) (51,-37) (52,-36) (53,-34) (54,-37) (55,-34) (56,-34) (57,-32) (58,-30) (59,-30) (60,-29) (61,-27) (62,-27) (63,-28) (64,-27) (65,-26) 
(99,68) (0,98) (98,63) (1,91) (97,57) (2,84) (96,54) (3,79) (95,51) (4,77) (94,48) (5,73) (93,46) (6,66) (92,41) (7,64) (91,37) (8,59) (90,35) (9,56) (89,30) (10,53) (88,24) (11,47) (87,22) (12,43) (86,18) (13,39) (85,17) (14,36) (84,14) (15,31) (83,12) (16,27) (82,9) (17,23) (81,7) (18,22) (80,5) (19,19) (79,3) (20,15) (78,1) (21,11) (77,0) (22,9) (76,-4) (23,7) (75,-6) (24,3) (74,-9) (27,-1) (26,-1) (25,-1) (73,-12) (28,-6) (72,-14) (29,-10) (71,-19) (70,-18) (30,-12) (69,-21) (32,-15) (31,-15) (68,-25) (66,-24) (33,-19) (67,-25) 
TD 32 :
(99,68) (0,98) (98,63) (1,91) (97,57) (2,84) (96,54) (3,79) (95,51) (4,77) (94,48) (5,73) (93,46) (6,66) (92,41) (7,64) (91,37) (8,59) (90,35) (9,56) (89,30) (10,53) (88,24) (11,47) (87,22) (12,43) (86,18) (13,39) (85,17) (14,36) (84,14) (15,31) (83,12) (16,27) (82,9) (17,23) (81,7) (18,22) (80,5) (19,19) (79,3) (20,15) (78,1) (21,11) (77,0) (22,9) (76,-4) (23,7) (75,-6) (24,3) (74,-9) (27,-1) (26,-1) (25,-1) (73,-12) (28,-6) (72,-14) (29,-10) (71,-19) (70,-18) (30,-12) (69,-21) (32,-15) (31,-15) (68,-25) (66,-24) (33,-19) (34,-22) (35,-24) (36,-26) (37,-28) (38,-27) (39,-27) (40,-29) (41,-34) (42,-33) (43,-34) (44,-37) (45,-36) (46,-37) (47,-34) (48,-34) (49,-37) (50,-36) (51,-37) (52,-36) (53,-34) (54,-37) (55,-34) (56,-34) (57,-32) (58,-30) (59,-30) (60,-29) (61,-27) (62,-27) (63,-28) (64,-27) (65,-26) 
(99,68) (0,98) (98,63) (1,91) (97,57) (2,84) (96,54) (3,79) (95,51) (4,77) (94,48) (5,73) (93,46) (6,66) (92,41) (7,64) (91,37) (8,59) (90,35) (9,56) (89,30) (10,53) (88,24) (11,47) (87,22) (12,43) (86,18) (13,39) (85,17) (14,36) (84,14) (15,31) (83,12) (16,27) (82,9) (17,23) (81,7) (18,22) (80,5) (19,19) (79,3) (20,15) (78,1) (21,11) (77,0) (22,9) (76,-4) (23,7) (75,-6) (24,3) (74,-9) (27,-1) (26,-1) (25,-1) (73,-12) (28,-6) (72,-14) (29,-10) (71,-19) (70,-18) (30,-12) (69,-21) (32,-15) (31,-15) (68,-25) (66,-24) (33,-19) (67,-25) 
TD 33 :
(99,68) (0,98) (98,63) (1,91) (97,57) (2,84) (96,54) (3,79) (95,51) (4,77) (94,48) (5,73) (93,46) (6,66) (92,41) (7,64) (91,37) (8,59) (90,35) (9,56) (89,30) (10,53) (88,24) (11,47) (87,22) (12,43) (86,18) (13,39) (85,17) (14,36) (84,14) (15,31) (83,12) (16,27) (82,9) (17,23) (81,7) (18,22) (80,5) (19,19) (79,3) (20,15) (78,1) (21,11) (77,0) (22,9) (76,-4) (23,7) (75,-6) (24,3) (74,-9) (27,-1) (26,-1) (25,-1) (73,-12) (28,-6) (72,-14) (29,-10) (71,-19) (70,-18) (30,-12) (69,-21) (32,-15) (31,-15) (68,-25) (66,-24) (33,-19) (34,-22) (65,-26) (35,-24) (36,-26) (37,-28) (38,-27) (39,-27) (40,-29) (41,-34) (42,-33) (43,-34) (44,-37) (45,-36) (46,-37) (47,-34) (48,-34) (49,-37) (50,-36) (51,-37) (52,-36) (53,-34) (54,-37) (55,-34) (56,-34) (57,-32) (58,-30) (59,-30) (60,-29) (61,-27) (62,-27) (63,-28) (64,-27) 
TD 34 :
(99,68) (0,98) (98,63) (1,91) (97,57) (2,84) (96,54) (3,79) (95,51) (4,77) (94,48) (5,73) (93,46) (6,66) (92,41) (7,64) (91,37) (8,59) (90,35) (9,56) (89,30) (10,53) (88,24) (11,47) (87,22) (12,43) (86,18) (13,39) (85,17) (14,36) (84,14) (15,31) (83,12) (16,27) (82,9) (17,23) (81,7) (18,22) (80,5) (19,19) (79,3) (20,15) (78,1) (21,11) (77,0) (22,9) (76,-4) (23,7) (75,-6) (24,3) (74,-9) (27,-1) (26,-1) (25,-1) (73,-12) (28,-6) (72,-14) (29,-10) (71,-19) (70,-18) (30,-12) (69,-21) (32,-15) (31,-15) (68,-25) (66,-24) (33,-19) (34,-22) (65,-26) (35,-24) (64,-27) (36,-26) (37,-28) (38,-27) (39,-27) (40,-29) (41,-34) (42,-33) (43,-34) (44,-37) (45,-36) (46,-37) (47,-34) (48,-34) (49,-37) (50,-36) (51,-37) (52,-36) (53,-34) (54,-37) (55,-34) (56,-34) (57,-32) (58,-30) (59,-30) (60,-29) (61,-27) (62,-27) (63,-28) 
TD 35 :
(99,68) (0,98) (98,63) (1,91) (97,57) (2,84) (96,54) (3,79) (95,51) (4,77) (94,48) (5,73) (93,46) (6,66) (92,41) (7,64) (91,37) (8,59) (90,35) (9,56) (89,30) (10,53) (88,24) (11,47) (87,22) (12,43) (86,18) (13,39) (85,17) (14,36) (84,14) (15,31) (83,12) (16,27) (82,9) (17,23) (81,7) (18,22) (80,5) (19,19) (79,3) (20,15) (78,1) (21,11) (77,0) (22,9) (76,-4) (23,7) (75,-6) (24,3) (74,-9) (27,-1) (26,-1) (25,-1) (73,-12) (28,-6) (72,-14) (29,-10) (71,-19) (70,-18) (30,-12) (69,-21) (32,-15) (31,-15) (68,-25) (66,-24) (33,-19) (34,-22) (65,-26) (35,-24) (64,-27) (36,-26) (63,-28) (62,-27) (61,-27) (39,-27) (38,-27) (37,-28) 
(99,68) (0,98) (98,63) (1,91) (97,57) (2,84) (96,54) (3,79) (95,51) (4,77) (94,48) (5,73) (93,46) (6,66) (92,41) (7,64) (91,37) (8,59) (90,35) (9,56) (89,30) (10,53) (88,24) (11,47) (87,22) (12,43) (86,18) (13,39) (85,17) (14,36) (84,14) (15,31) (83,12) (16,27) (82,9) (17,23) (81,7) (18,22) (80,5) (19,19) (79,3) (20,15) (78,1) (21,11) (77,0) (22,9) (76,-4) (23,7) (75,-6) (24,3) (74,-9) (27,-1) (26,-1) (25,-1) (73,-12) (28,-6) (72,-14) (29,-10) (71,-19) (70,-18) (30,-12) (69,-21) (32,-15) (31,-15) (68,-25) (66,-24) (33,-19) (34,-22) (65,-26) (35,-24) (64,-27) (36,-26) (63,-28) (62,-27) (61,-27) (39,-27) (38,-27) (37,-28) 
(99,68) (0,98) (98,63) (1,91) (97,57) (2,84) (96,54) (3,79) (95,51) (4,77) (94,48) (5,73) (93,46) (6,66) (92,41) (7,64) (91,37) (8,59) (90,35) (9,56) (89,30) (10,53) (88,24) (11,47) (87,22) (12,43) (86,18) (13,39) (85,17) (14,36) (84,14) (15,31) (83,12) (16,27) (82,9) (17,23) (81,7) (18,22) (80,5) (19,19) (79,3) (20,15) (78,1) (21,11) (77,0) (22,9) (76,-4) (23,7) (75,-6) (24,3) (74,-9) (27,-1) (26,-1) (25,-1) (73,-12) (28,-6) (72,-14) (29,-10) (71,-19) (70,-18) (30,-12) (69,-21) (32,-15) (31,-15) (68,-25) (66,-24) (33,-19) (34,-22) (65,-26) (35,-24) (64,-27) (36,-26) (63,-28) (62,-27) (61,-27) (39,-27) (38,-27) (37,-28) (40,-29) (41,-34) (42,-33) (43,-34) (44,-37) (45,-36) (46,-37) (47,-34) (48,-34) (49,-37) (50,-36) (51,-37) (52,-36) (53,-34) (54,-37) (55,-34) (56,-34) (57,-32) (58,-30) (59,-30) (60,-29) 
(99,68) (0,98) (98,63) (1,91) (97,57) (2,84) (96,54) (3,79) (95,51) (4,77) (94,48) (5,73) (93,46) (6,66) (92,41) (7,64) (91,37) (8,59) (90,35) (9,56) (89,30) (10,53) (88,24) (11,47) (87,22) (12,43) (86,18) (13,39) (85,17) (14,36) (84,14) (15,31) (83,12) (16,27) (82,9) (17,23) (81,7) (18,22) (80,5) (19,19) (79,3) (20,15) (78,1) (21,11) (77,0) (22,9) (76,-4) (23,7) (75,-6) (24,3) (74,-9) (27,-1) (26,-1) (25,-1) (73,-12) (28,-6) (72,-14) (29,-10) (71,-19) (70,-18) (30,-12) (69,-21) (32,-15) (31,-15) (68,-25) (66,-24) (33,-19) (34,-22) (65,-26) (35,-24) (64,-27) (36,-26) (63,-28) (62,-27) (61,-27) (39,-27) (38,-27) (37,-28) 
(99,68) (0,98) (98,63) (1,91) (97,57) (2,84) (96,54) (3,79) (95,51) (4,77) (94,48) (5,73) (93,46) (6,66) (92,41) (7,64) (91,37) (8,59) (90,35) (9,56) (89,30) (10,53) (88,24) (11,47) (87,22) (12,43) (86,18) (13,39) (85,17) (14,36) (84,14) (15,31) (83,12) (16,27) (82,9) (17,23) (81,7) (18,22) (80,5) (19,19) (79,3) (20,15) (78,1) (21,11) (77,0) (22,9) (76,-4) (23,7) (75,-6) (24,3) (74,-9) (27,-1) (26,-1) (25,-1) (73,-12) (28,-6) (72,-14) (29,-10) (71,-19) (70,-18) (30,-12) (69,-21) (32,-15) (31,-15) (68,-25) (66,-24) (33,-19) (34,-22) (65,-26) (35,-24) (64,-27) (36,-26) (63,-28) (62,-27) (61,-27) (39,-27) (38,-27) (37,-28) 
TD 36 :
(99,68) (0,98) (98,63) (1,91) (97,57) (2,84) (96,54) (3,79) (95,51) (4,77) (94,48) (5,73) (93,46) (6,66) (92,41) (7,64) (91,37) (8,59) (90,35) (9,56) (89,30) (10,53) (88,24) (11,47) (87,22) (12,43) (86,18) (13,39) (85,17) (14,36) (84,14) (15,31) (83,12) (16,27) (82,9) (17,23) (81,7) (18,22) (80,5) (19,19) (79,3) (20,15) (78,1) (21,11) (77,0) (22,9) (76,-4) (23,7) (75,-6) (24,3) (74,-9) (27,-1) (26,-1) (25,-1) (73,-12) (28,-6) (72,-14) (29,-10) (71,-19) (70,-18) (30,-12) (69,-21) (32,-15) (31,-15) (68,-25) (66,-24) (33,-19) (34,-22) (65,-26) (35,-24) (64,-27) (36,-26) (63,-28) (62,-27) (61,-27) (39,-27) (38,-27) (37,-28) (60,-29) (40,-29) (41,-34) (42,-33) (43,-34) (44,-37) (45,-36) (46,-37) (47,-34) (48,-34) (49,-37) (50,-36) (51,-37) (52,-36) (53,-34) (54,-37) (55,-34) (56,-34) (57,-32) (58,-30) (59,-30) 
TD 37 :
(99,68) (0,98) (98,63) (1,91) (97,57) (2,84) (96,54) (3,79) (95,51) (4,77) (94,48) (5,73) (93,46) (6,66) (92,41) (7,64) (91,37) (8,59) (90,35) (9,56) (89,30) (10,53) (88,24) (11,47) (87,22) (12,43) (86,18) (13,39) (85,17) (14,36) (84,14) (15,31) (83,12) (16,27) (82,9) (17,23) (81,7) (18,22) (80,5) (19,19) (79,3) (20,15) (78,1) (21,11) (77,0) (22,9) (76,-4) (23,7) (75,-6) (24,3) (74,-9) (27,-1) (26,-1) (25,-1) (73,-12) (28,-6) (72,-14) (29,-10) (71,-19) (70,-18) (30,-12) (69,-21) (32,-15) (31,-15) (68,-25) (66,-24) (33,-19) (34,-22) (65,-26) (35,-24) (64,-27) (36,-26) (63,-28) (62,-27) (61,-27) (39,-27) (38,-27) (37,-28) (60,-29) (40,-29) (59,-30) (58,-30) (42,-33) (41,-34) 
(99,68) (0,98) (98,63) (1,91) (97,57) (2,84) (96,54) (3,79) (95,51) (4,77) (94,48) (5,73) (93,46) (6,66) (92,41) (7,64) (91,37) (8,59) (90,35) (9,56) (89,30) (10,53) (88,24) (11,47) (87,22) (12,43) (86,18) (13,39) (85,17) (14,36) (84,14) (15,31) (83,12) (16,27) (82,9) (17,23) (81,7) (18,22) (80,5) (19,19) (79,3) (20,15) (78,1) (21,11) (77,0) (22,9) (76,-4) (23,7) (75,-6) (24,3) (74,-9) (27,-1) (26,-1) (25,-1) (73,-12) (28,-6) (72,-14) (29,-10) (71,-19) (70,-18) (30,-12) (69,-21) (32,-15) (31,-15) (68,-25) (66,-24) (33,-19) (34,-22) (65,-26) (35,-24) (64,-27) (36,-26) (63,-28) (62,-27) (61,-27) (39,-27) (38,-27) (37,-28) (60,-29) (40,-29) (59,-30) (58,-30) (42,-33) (41,-34) (43,-34) (44,-37) (45,-36) (46,-37) (47,-34) (48,-34) (49,-37) (50,-36) (51,-37) (52,-36) (53,-34) (54,-37) (55,-34) (56,-34) (57,-32) 
(99,68) (0,98) (98,63) (1,91) (97,57) (2,84) (96,54) (3,79) (95,51) (4,77) (94,48) (5,73) (93,46) (6,66) (92,41) (7,64) (91,37) (8,59) (90,35) (9,56) (89,30) (10,53) (88,24) (11,47) (87,22) (12,43) (86,18) (13,39) (85,17) (14,36) (84,14) (15,31) (83,12) (16,27) (82,9) (17,23) (81,7) (18,22) (80,5) (19,19) (79,3) (20,15) (78,1) (21,11) (77,0) (22,9) (76,-4) (23,7) (75,-6) (24,3) (74,-9) (27,-1) (26,-1) (25,-1) (73,-12) (28,-6) (72,-14) (29,-10) (71,-19) (70,-18) (30,-12) (69,-21) (32,-15) (31,-15) (68,-25) (66,-24) (33,-19) (34,-22) (65,-26) (35,-24) (64,-27) (36,-26) (63,-28) (62,-27) (61,-27) (39,-27) (38,-27) (37,-28) (60,-29) (40,-29) (59,-30) (58,-30) (42,-33) (41,-34) 
TD 38 :
(99,68) (0,98) (98,63) (1,91) (97,57) (2,84) (96,54) (3,79) (95,51) (4,77) (94,48) (5,73) (93,46) (6,66) (92,41) (7,64) (91,37) (8,59) (90,35) (9,56) (89,30) (10,53) (88,24) (11,47) (87,22) (12,43) (86,18) (13,39) (85,17) (14,36) (84,14) (15,31) (83,12) (16,27) (82,9) (17,23) (81,7) (18,22) (80,5) (19,19) (79,3) (20,15) (78,1) (21,11) (77,0) (22,9) (76,-4) (23,7) (75,-6) (24,3) (74,-9) (27,-1) (26,-1) (25,-1) (73,-12) (28,-6) (72,-14) (29,-10) (71,-19) (70,-18) (30,-12) (69,-21) (32,-15) (31,-15) (68,-25) (66,-24) (33,-19) (34,-22) (65,-26) (35,-24) (64,-27) (36,-26) (63,-28) (62,-27) (61,-27) (39,-27) (38,-27) (37,-28) (60,-29) (40,-29) (59,-30) (58,-30) (42,-33) (41,-34) (57,-32) (43,-34) (44,-37) (45,-36) (46,-37) (47,-34) (48,-34) (49,-37) (50,-36) (51,-37) (52,-36) (53,-34) (54,-37) (55,-34) (56,-34) 
TD 39 :
(99,68) (0,98) (98,63) (1,91) (97,57) (2,84) (96,54) (3,79) (95,51) (4,77) (94,48) (5,73) (93,46) (6,66) (92,41) (7,64) (91,37) (8,59) (90,35) (9,56) (89,30) (10,53) (88,24) (11,47) (87,22) (12,43) (86,18) (13,39) (85,17) (14,36) (84,14) (15,31) (83,12) (16,27) (82,9) (17,23) (81,7) (18,22) (80,5) (19,19) (79,3) (20,15) (78,1) (21,11) (77,0) (22,9) (76,-4) (23,7) (75,-6) (24,3) (74,-9) (27,-1) (26,-1) (25,-1) (73,-12) (28,-6) (72,-14) (29,-10) (71,-19) (70,-18) (30,-12) (69,-21) (32,-15) (31,-15) (68,-25) (66,-24) (33,-19) (34,-22) (65,-26) (35,-24) (64,-27) (36,-26) (63,-28) (62,-27) (61,-27) (39,-27) (38,-27) (37,-28) (60,-29) (40,-29) (59,-30) (58,-30) (42,-33) (41,-34) (57,-32) (43,-34) (56,-34) (55,-34) (53,-34) (48,-34) (47,-34) (45,-36) (44,-37) 
(99,68) (0,98) (98,63) (1,91) (97,57) (2,84) (96,54) (3,79) (95,51) (4,77) (94,48) (5,73) (93,46) (6,66) (92,41) (7,64) (91,37) (8,59) (90,35) (9,56) (89,30) (10,53) (88,24) (11,47) (87,22) (12,43) (86,18) (13,39) (85,17) (14,36) (84,14) (15,31) (83,12) (16,27) (82,9) (17,23) (81,7) (18,22) (80,5) (19,19) (79,3) (20,15) (78,1) (21,11) (77,0) (22,9) (76,-4) (23,7) (75,-6) (24,3) (74,-9) (27,-1) (26,-1) (25,-1) (73,-12) (28,-6) (72,-14) (29,-10) (71,-19) (70,-18) (30,-12) (69,-21) (32,-15) (31,-15) (68,-25) (66,-24) (33,-19) (34,-22) (65,-26) (35,-24) (64,-27) (36,-26) (63,-28) (62,-27) (61,-27) (39,-27) (38,-27) (37,-28) (60,-29) (40,-29) (59,-30) (58,-30) (42,-33) (41,-34) (57,-32) (43,-34) (56,-34) (55,-34) (53,-34) (48,-34) (47,-34) (45,-36) (44,-37) (46,-37) 
(99,68) (0,98) (98,63) (1,91) (97,57) (2,84) (96,54) (3,79) (95,51) (4,77) (94,48) (5,73) (93,46) (6,66) (92,41) (7,64) (91,37) (8,59) (90,35) (9,56) (89,30) (10,53) (88,24) (11,47) (87,22) (12,43) (86,18) (13,39) (85,17) (14,36) (84,14) (15,31) (83,12) (16,27) (82,9) (17,23) (81,7) (18,22) (80,5) (19,19) (79,3) (20,15) (78,1) (21,11) (77,0) (22,9) (76,-4) (23,7) (75,-6) (24,3) (74,-9) (27,-1) (26,-1) (25,-1) (73,-12) (28,-6) (72,-14) (29,-10) (71,-19) (70,-18) (30,-12) (69,-21) (32,-15) (31,-15) (68,-25) (66,-24) (33,-19) (34,-22) (65,-26) (35,-24) (64,-27) (36,-26) (63,-28) (62,-27) (61,-27) (39,-27) (38,-27) (37,-28) (60,-29) (40,-29) (59,-30) (58,-30) (42,-33) (41,-34) (57,-32) (43,-34) (56,-34) (55,-34) (53,-34) (48,-34) (47,-34) (45,-36) (44,-37) 
(99,68) (0,98) (98,63) (1,91) (97,57) (2,84) (96,54) (3,79) (95,51) (4,77) (94,48) (5,73) (93,46) (6,66) (92,41) (7,64) (91,37) (8,59) (90,35) (9,56) (89,30) (10,53) (88,24) (11,47) (87,22) (12,43) (86,18) (13,39) (85,17) (14,36) (84,14) (15,31) (83,12) (16,27) (82,9) (17,23) (81,7) (18,22) (80,5) (19,19) (79,3) (20,15) (78,1) (21,11) (77,0) (22,9) (76,-4) (23,7) (75,-6) (24,3) (74,-9) (27,-1) (26,-1) (25,-1) (73,-12) (28,-6) (72,-14) (29,-10) (71,-19) (70,-18) (30,-12) (69,-21) (32,-15) (31,-15) (68,-25) (66,-24) (33,-19) (34,-22) (65,-26) (35,-24) (64,-27) (36,-26) (63,-28) (62,-27) (61,-27) (39,-27) (38,-27) (37,-28) (60,-29) (40,-29) (59,-30) (58,-30) (42,-33) (41,-34) (57,-32) (43,-34) (56,-34) (55,-34) (53,-34) (48,-34) (47,-34) (45,-36) (44,-37) (49,-37) (50,-36) (51,-37) (52,-36) 
(99,68) (0,98) (98,63) (1,91) (97,57) (2,84) (96,54) (3,79) (95,51) (4,77) (94,48) (5,73) (93,46) (6,66) (92,41) (7,64) (91,37) (8,59) (90,35) (9,56) (89,30) (10,53) (88,24) (11,47) (87,22) (12,43) (86,18) (13,39) (85,17) (14,36) (84,14) (15,31) (83,12) (16,27) (82,9) (17,23) (81,7) (18,22) (80,5) (19,19) (79,3) (20,15) (78,1) (21,11) (77,0) (22,9) (76,-4) (23,7) (75,-6) (24,3) (74,-9) (27,-1) (26,-1) (25,-1) (73,-12) (28,-6) (72,-14) (29,-10) (71,-19) (70,-18) (30,-12) (69,-21) (32,-15) (31,-15) (68,-25) (66,-24) (33,-19) (34,-22) (65,-26) (35,-24) (64,-27) (36,-26) (63,-28) (62,-27) (61,-27) (39,-27) (38,-27) (37,-28) (60,-29) (40,-29) (59,-30) (58,-30) (42,-33) (41,-34) (57,-32) (43,-34) (56,-34) (55,-34) (53,-34) (48,-34) (47,-34) (45,-36) (44,-37) (54,-37) 
(99,68) (0,98) (98,63) (1,91) (97,57) (2,84) (96,54) (3,79) (95,51) (4,77) (94,48) (5,73) (93,46) (6,66) (92,41) (7,64) (91,37) (8,59) (90,35) (9,56) (89,30) (10,53) (88,24) (11,47) (87,22) (12,43) (86,18) (13,39) (85,17) (14,36) (84,14) (15,31) (83,12) (16,27) (82,9) (17,23) (81,7) (18,22) (80,5) (19,19) (79,3) (20,15) (78,1) (21,11) (77,0) (22,9) (76,-4) (23,7) (75,-6) (24,3) (74,-9) (27,-1) (26,-1) (25,-1) (73,-12) (28,-6) (72,-14) (29,-10) (71,-19) (70,-18) (30,-12) (69,-21) (32,-15) (31,-15) (68,-25) (66,-24) (33,-19) (34,-22) (65,-26) (35,-24) (64,-27) (36,-26) (63,-28) (62,-27) (61,-27) (39,-27) (38,-27) (37,-28) (60,-29) (40,-29) (59,-30) (58,-30) (42,-33) (41,-34) (57,-32) (43,-34) (56,-34) (55,-34) (53,-34) (48,-34) (47,-34) (45,-36) (44,-37) 
TD 40 :
(99,68) (0,98) (98,63) (1,91) (97,57) (2,84) (96,54) (3,79) (95,51) (4,77) (94,48) (5,73) (93,46) (6,66) (92,41) (7,64) (91,37) (8,59) (90,35) (9,56) (89,30) (10,53) (88,24) (11,47) (87,22) (12,43) (86,18) (13,39) (85,17) (14,36) (84,14) (15,31) (83,12) (16,27) (82,9) (17,23) (81,7) (18,22) (80,5) (19,19) (79,3) (20,15) (78,1) (21,11) (77,0) (22,9) (76,-4) (23,7) (75,-6) (24,3) (74,-9) (27,-1) (26,-1) (25,-1) (73,-12) (28,-6) (72,-14) (29,-10) (71,-19) (70,-18) (30,-12) (69,-21) (32,-15) (31,-15) (68,-25) (66,-24) (33,-19) (34,-22) (65,-26) (35,-24) (64,-27) (36,-26) (63,-28) (62,-27) (61,-27) (39,-27) (38,-27) (37,-28) (60,-29) (40,-29) (59,-30) (58,-30) (42,-33) (41,-34) (57,-32) (43,-34) (56,-34) (55,-34) (53,-34) (48,-34) (47,-34) (45,-36) (44,-37) (46,-37) 
(99,68) (0,98) (98,63) (1,91) (97,57) (2,84) (96,54) (3,79) (95,51) (4,77) (94,48) (5,73) (93,46) (6,66) (92,41) (7,64) (91,37) (8,59) (90,35) (9,56) (89,30) (10,53) (88,24) (11,47) (87,22) (12,43) (86,18) (13,39) (85,17) (14,36) (84,14) (15,31) (83,12) (16,27) (82,9) (17,23) (81,7) (18,22) (80,5) (19,19) (79,3) (20,15) (78,1) (21,11) (77,0) (22,9) (76,-4) (23,7) (75,-6) (24,3) (74,-9) (27,-1) (26,-1) (25,-1) (73,-12) (28,-6) (72,-14) (29,-10) (71,-19) (70,-18) (30,-12) (69,-21) (32,-15) (31,-15) (68,-25) (66,-24) (33,-19) (34,-22) (65,-26) (35,-24) (64,-27) (36,-26) (63,-28) (62,-27) (61,-27) (39,-27) (38,-27) (37,-28) (60,-29) (40,-29) (59,-30) (58,-30) (42,-33) (41,-34) (57,-32) (43,-34) (56,-34) (55,-34) (53,-34) (48,-34) (47,-34) (45,-36) (44,-37) (52,-36) (50,-36) (49,-37) 
(99,68) (0,98) (98,63) (1,91) (97,57) (2,84) (96,54) (3,79) (95,51) (4,77) (94,48) (5,73) (93,46) (6,66) (92,41) (7,64) (91,37) (8,59) (90,35) (9,56) (89,30) (10,53) (88,24) (11,47) (87,22) (12,43) (86,18) (13,39) (85,17) (14,36) (84,14) (15,31) (83,12) (16,27) (82,9) (17,23) (81,7) (18,22) (80,5) (19,19) (79,3) (20,15) (78,1) (21,11) (77,0) (22,9) (76,-4) (23,7) (75,-6) (24,3) (74,-9) (27,-1) (26,-1) (25,-1) (73,-12) (28,-6) (72,-14) (29,-10) (71,-19) (70,-18) (30,-12) (69,-21) (32,-15) (31,-15) (68,-25) (66,-24) (33,-19) (34,-22) (65,-26) (35,-24) (64,-27) (36,-26) (63,-28) (62,-27) (61,-27) (39,-27) (38,-27) (37,-28) (60,-29) (40,-29) (59,-30) (58,-30) (42,-33) (41,-34) (57,-32) (43,-34) (56,-34) (55,-34) (53,-34) (48,-34) (47,-34) (45,-36) (44,-37) (52,-36) (50,-36) (51,-37) 
(99,68) (0,98) (98,63) (1,91) (97,57) (2,84) (96,54) (3,79) (95,51) (4,77) (94,48) (5,73) (93,46) (6,66) (92,41) (7,64) (91,37) (8,59) (90,35) (9,56) (89,30) (10,53) (88,24) (11,47) (87,22) (12,43) (86,18) (13,39) (85,17) (14,36) (84,14) (15,31) (83,12) (16,27) (82,9) (17,23) (81,7) (18,22) (80,5) (19,19) (79,3) (20,15) (78,1) (21,11) (77,0) (22,9) (76,-4) (23,7) (75,-6) (24,3) (74,-9) (27,-1) (26,-1) (25,-1) (73,-12) (28,-6) (72,-14) (29,-10) (71,-19) (70,-18) (30,-12) (69,-21) (32,-15) (31,-15) (68,-25) (66,-24) (33,-19) (34,-22) (65,-26) (35,-24) (64,-27) (36,-26) (63,-28) (62,-27) (61,-27) (39,-27) (38,-27) (37,-28) (60,-29) (40,-29) (59,-30) (58,-30) (42,-33) (41,-34) (57,-32) (43,-34) (56,-34) (55,-34) (53,-34) (48,-34) (47,-34) (45,-36) (44,-37) (52,-36) (50,-36) 
(99,68) (0,98) (98,63) (1,91) (97,57) (2,84) (96,54) (3,79) (95,51) (4,77) (94,48) (5,73) (93,46) (6,66) (92,41) (7,64) (91,37) (8,59) (90,35) (9,56) (89,30) (10,53) (88,24) (11,47) (87,22) (12,43) (86,18) (13,39) (85,17) (14,36) (84,14) (15,31) (83,12) (16,27) (82,9) (17,23) (81,7) (18,22) (80,5) (19,19) (79,3) (20,15) (78,1) (21,11) (77,0) (22,9) (76,-4) (23,7) (75,-6) (24,3) (74,-9) (27,-1) (26,-1) (25,-1) (73,-12) (28,-6) (72,-14) (29,-10) (71,-19) (70,-18) (30,-12) (69,-21) (32,-15) (31,-15) (68,-25) (66,-24) (33,-19) (34,-22) (65,-26) (35,-24) (64,-27) (36,-26) (63,-28) (62,-27) (61,-27) (39,-27) (38,-27) (37,-28) (60,-29) (40,-29) (59,-30) (58,-30) (42,-33) (41,-34) (57,-32) (43,-34) (56,-34) (55,-34) (53,-34) (48,-34) (47,-34) (45,-36) (44,-37) (54,-37) 
Pocket 0 :
()
Pocket 1 :
({  (0,98) ,(1,91) } {  (98,63) ,(99,68) } )
Pocket 2 :
({  (1,91) ,(0,98) } {  (99,68) ,(98,63) } )
Pocket 3 :
({  (2,84) ,(1,91) } {  (99,68) ,(97,57) } )
Pocket 4 :
({  (3,79) ,(2,84) } {  (99,68) ,(96,54) } )
Pocket 5 :
({  (4,77) ,(3,79) } {  (99,68) ,(95,51) } )
Pocket 6 :
({  (5,73) ,(4,77) } {  (99,68) ,(94,48) } )
Pocket 7 :
({  (6,66) ,(5,73) } {  (99,68) ,(93,46) } )
Pocket 8 :
({  (7,64) ,(6,66) } {  (99,68) ,(92,41) } )
Pocket 9 :
({  (8,59) ,(7,64) } {  (99,68) ,(91,37) } )
Pocket 10 :
({  (9,56) ,(8,59) } {  (99,68) ,(90,35) } )
Pocket 11 :
({  (10,53) ,(9,56) } {  (99,68) ,(89,30) } )
Pocket 12 :
({  (11,47) ,(10,53) } {  (99,68) ,(88,24) } )
Pocket 13 :
({  (12,43) ,(11,47) } {  (99,68) ,(87,22) } )
Pocket 14 :
({  (13,39) ,(12,43) } {  (99,68) ,(86,18) } )
Pocket 15 :
({  (14,36) ,(13,39) } {  (99,68) ,(85,17) } )
Pocket 16 :
({  (15,31) ,(14,36) } {  (99,68) ,(84,14) } )
Pocket 17 :
({  (16,27) ,(15,31) } {  (99,68) ,(83,12) } )
Pocket 18 :
({  (17,23) ,(16,27) } {  (99,68) ,(82,9) } )
Pocket 19 :
({  (18,22) ,(17,23) } {  (99,68) ,(81,7) } )
Pocket 20 :
({  (19,19) ,(18,22) } {  (99,68) ,(80,5) } )
Pocket 21 :
({  (20,15) ,(19,19) } {  (99,68) ,(79,3) } )
Pocket 22 :
({  (21,11) ,(20,15) } {  (99,68) ,(78,1) } )
Pocket 23 :
({  (22,9) ,(21,11) } {  (99,68) ,(77,0) } )
Pocket 24 :
({  (23,7) ,(22,9) } {  (99,68) ,(76,-4) } )
Pocket 25 :
({  (24,3) ,(23,7) } {  (99,68) ,(75,-6) } )
Pocket 26 :
({  (25,-1) ,(24,3) } {  (27,-1) ,(26,-1) } {  (25,-1) ,(24,3) } {  (27,-1) ,(26,-1) } {  (25,-1) ,(24,3) } {  (27,-1) ,(26,-1) } )
Pocket 27 :
({  (28,-6) ,(25,-1) } {  (99,68) ,(73,-12) } )
Pocket 28 :
({  (29,-10) ,(28,-6) } {  (99,68) ,(72,-14) } )
Pocket 29 :
({  (30,-12) ,(29,-10) } {  (71,-19) ,(70,-18) } {  (30,-12) ,(29,-10) } {  (71,-19) ,(70,-18) } )
Pocket 30 :
({  (31,-15) ,(30,-12) } {  (33,-19) ,(32,-15) } {  (31,-15) ,(30,-12) } {  (33,-19) ,(32,-15) } )
Pocket 31 :
({  (33,-19) ,(31,-15) } {  (67,-25) ,(66,-24) } {  (33,-19) ,(31,-15) } {  (67,-25) ,(66,-24) } )
Pocket 32 :
({  (34,-22) ,(33,-19) } {  (99,68) ,(67,-25) } )
Pocket 33 :
({  (35,-24) ,(34,-22) } {  (99,68) ,(65,-26) } )
Pocket 34 :
({  (36,-26) ,(35,-24) } {  (99,68) ,(64,-27) } )
Pocket 35 :
({  (37,-28) ,(36,-26) } {  (39,-27) ,(38,-27) } {  (37,-28) ,(36,-26) } {  (39,-27) ,(38,-27) } {  (37,-28) ,(36,-26) } {  (39,-27) ,(38,-27) } {  (37,-28) ,(36,-26) } {  (39,-27) ,(38,-27) } {  (37,-28) ,(36,-26) } {  (39,-27) ,(38,-27) } )
Pocket 36 :
({  (40,-29) ,(37,-28) } {  (99,68) ,(60,-29) } )
Pocket 37 :
({  (41,-34) ,(40,-29) } {  (43,-34) ,(42,-33) } {  (41,-34) ,(40,-29) } {  (43,-34) ,(42,-33) } {  (41,-34) ,(40,-29) } {  (43,-34) ,(42,-33) } )
Pocket 38 :
({  (43,-34) ,(41,-34) } {  (99,68) ,(57,-32) } )
Pocket 39 :
({  (44,-37) ,(43,-34) } {  (46,-37) ,(45,-36) } {  (44,-37) ,(43,-34) } {  (46,-37) ,(45,-36) } {  (44,-37) ,(43,-34) } {  (46,-37) ,(45,-36) } {  (44,-37) ,(43,-34) } {  (46,-37) ,(45,-36) } {  (44,-37) ,(43,-34) } {  (46,-37) ,(45,-36) } {  (44,-37) ,(43,-34) } {  (46,-37) ,(45,-36) } )
