39 layers in onion peeling: 
Layer 1
(99,106) (0,101) 
Layer 2
(98,99) (1,93) 
Layer 3
(97,94) (2,86) 
Layer 4
(96,93) (3,83) 
Layer 5
(95,87) (94,87) (4,77) 
Layer 6
(93,85) (5,75) 
Layer 7
(92,79) (6,72) 
Layer 8
(91,75) (7,69) 
Layer 9
(90,72) (8,64) 
Layer 10
(89,67) (9,58) 
Layer 11
(88,63) (10,56) 
Layer 12
(87,62) (11,54) 
Layer 13
(86,59) (12,49) 
Layer 14
(85,55) (13,48) 
Layer 15
(84,51) (14,46) 
Layer 16
(83,45) (81,45) (15,43) 
Layer 17
(82,44) (16,40) 
Layer 18
(80,41) (17,36) 
Layer 19
(79,37) (18,35) 
Layer 20
(78,33) (19,32) 
Layer 21
(77,30) (20,32) 
Layer 22
(76,28) (21,31) 
Layer 23
(75,25) (22,27) 
Layer 24
(74,23) (23,24) 
Layer 25
(73,22) (24,22) 
Layer 26
(72,17) (25,17) 
Layer 27
(71,14) (70,15) (26,16) 
Layer 28
(69,14) (27,15) 
Layer 29
(68,13) (28,11) 
Layer 30
(67,9) (29,11) 
Layer 31
(66,5) (38,10) (30,9) 
Layer 32
(65,2) (42,7) (37,8) (32,9) (31,9) 
Layer 33
(64,-3) (63,-2) (47,5) (44,6) (40,7) (33,8) 
Layer 34
(62,-3) (59,-1) (39,7) (36,7) (35,7) (34,7) 
Layer 35
(61,-3) (50,2) (41,6) 
Layer 36
(60,-4) (49,2) (45,4) (43,5) 
Layer 37
(58,-3) (48,2) (46,2) 
Layer 38
(57,-5) (55,-3) (54,-2) (51,0) 
Layer 39
(56,-5) (52,-1) 
---------------------------------------------------------------------------------------
TD 0 :
(99,106) (98,99) (97,94) (96,93) (95,87) (94,87) (93,85) (92,79) (91,75) (90,72) (89,67) (88,63) (87,62) (86,59) (85,55) (84,51) (83,45) (82,44) (81,45) (80,41) (79,37) (78,33) (77,30) (76,28) (75,25) (74,23) (73,22) (72,17) (71,14) (70,15) (69,14) (68,13) (67,9) (66,5) (65,2) (64,-3) (63,-2) (62,-3) (61,-3) (60,-4) (59,-1) (58,-3) (57,-5) (56,-5) (55,-3) (54,-2) (53,-3) (52,-1) (51,0) (50,2) (49,2) (48,2) (47,5) (46,2) (45,4) (44,6) (43,5) (42,7) (41,6) (40,7) (39,7) (38,10) (37,8) (36,7) (35,7) (34,7) (33,8) (32,9) (31,9) (30,9) (29,11) (28,11) (27,15) (26,16) (25,17) (24,22) (23,24) (22,27) (21,31) (20,32) (19,32) (18,35) (17,36) (16,40) (15,43) (14,46) (13,48) (12,49) (11,54) (10,56) (9,58) (8,64) (7,69) (6,72) (5,75) (4,77) (3,83) (2,86) (1,93) (0,101) 
TD 1 :
(99,106) (0,101) (1,93) (2,86) (3,83) (4,77) (5,75) (6,72) (7,69) (8,64) (9,58) (10,56) (11,54) (12,49) (13,48) (14,46) (15,43) (16,40) (17,36) (18,35) (19,32) (20,32) (21,31) (22,27) (23,24) (24,22) (25,17) (26,16) (27,15) (28,11) (29,11) (30,9) (31,9) (32,9) (33,8) (34,7) (35,7) (36,7) (37,8) (38,10) (39,7) (40,7) (41,6) (42,7) (43,5) (44,6) (45,4) (46,2) (47,5) (48,2) (49,2) (50,2) (51,0) (52,-1) (53,-3) (54,-2) (55,-3) (56,-5) (57,-5) (58,-3) (59,-1) (60,-4) (61,-3) (62,-3) (63,-2) (64,-3) (65,2) (66,5) (67,9) (68,13) (69,14) (70,15) (71,14) (72,17) (73,22) (74,23) (75,25) (76,28) (77,30) (78,33) (79,37) (80,41) (81,45) (82,44) (83,45) (84,51) (85,55) (86,59) (87,62) (88,63) (89,67) (90,72) (91,75) (92,79) (93,85) (94,87) (95,87) (96,93) (97,94) (98,99) 
TD 2 :
(99,106) (0,101) (98,99) (1,93) (2,86) (3,83) (4,77) (5,75) (6,72) (7,69) (8,64) (9,58) (10,56) (11,54) (12,49) (13,48) (14,46) (15,43) (16,40) (17,36) (18,35) (19,32) (20,32) (21,31) (22,27) (23,24) (24,22) (25,17) (26,16) (27,15) (28,11) (29,11) (30,9) (31,9) (32,9) (33,8) (34,7) (35,7) (36,7) (37,8) (38,10) (39,7) (40,7) (41,6) (42,7) (43,5) (44,6) (45,4) (46,2) (47,5) (48,2) (49,2) (50,2) (51,0) (52,-1) (53,-3) (54,-2) (55,-3) (56,-5) (57,-5) (58,-3) (59,-1) (60,-4) (61,-3) (62,-3) (63,-2) (64,-3) (65,2) (66,5) (67,9) (68,13) (69,14) (70,15) (71,14) (72,17) (73,22) (74,23) (75,25) (76,28) (77,30) (78,33) (79,37) (80,41) (81,45) (82,44) (83,45) (84,51) (85,55) (86,59) (87,62) (88,63) (89,67) (90,72) (91,75) (92,79) (93,85) (94,87) (95,87) (96,93) (97,94) 
TD 3 :
(99,106) (0,101) (98,99) (1,93) (97,94) (2,86) (3,83) (4,77) (5,75) (6,72) (7,69) (8,64) (9,58) (10,56) (11,54) (12,49) (13,48) (14,46) (15,43) (16,40) (17,36) (18,35) (19,32) (20,32) (21,31) (22,27) (23,24) (24,22) (25,17) (26,16) (27,15) (28,11) (29,11) (30,9) (31,9) (32,9) (33,8) (34,7) (35,7) (36,7) (37,8) (38,10) (39,7) (40,7) (41,6) (42,7) (43,5) (44,6) (45,4) (46,2) (47,5) (48,2) (49,2) (50,2) (51,0) (52,-1) (53,-3) (54,-2) (55,-3) (56,-5) (57,-5) (58,-3) (59,-1) (60,-4) (61,-3) (62,-3) (63,-2) (64,-3) (65,2) (66,5) (67,9) (68,13) (69,14) (70,15) (71,14) (72,17) (73,22) (74,23) (75,25) (76,28) (77,30) (78,33) (79,37) (80,41) (81,45) (82,44) (83,45) (84,51) (85,55) (86,59) (87,62) (88,63) (89,67) (90,72) (91,75) (92,79) (93,85) (94,87) (95,87) (96,93) 
TD 4 :
(99,106) (0,101) (98,99) (1,93) (97,94) (2,86) (96,93) (3,83) (4,77) (5,75) (6,72) (7,69) (8,64) (9,58) (10,56) (11,54) (12,49) (13,48) (14,46) (15,43) (16,40) (17,36) (18,35) (19,32) (20,32) (21,31) (22,27) (23,24) (24,22) (25,17) (26,16) (27,15) (28,11) (29,11) (30,9) (31,9) (32,9) (33,8) (34,7) (35,7) (36,7) (37,8) (38,10) (39,7) (40,7) (41,6) (42,7) (43,5) (44,6) (45,4) (46,2) (47,5) (48,2) (49,2) (50,2) (51,0) (52,-1) (53,-3) (54,-2) (55,-3) (56,-5) (57,-5) (58,-3) (59,-1) (60,-4) (61,-3) (62,-3) (63,-2) (64,-3) (65,2) (66,5) (67,9) (68,13) (69,14) (70,15) (71,14) (72,17) (73,22) (74,23) (75,25) (76,28) (77,30) (78,33) (79,37) (80,41) (81,45) (82,44) (83,45) (84,51) (85,55) (86,59) (87,62) (88,63) (89,67) (90,72) (91,75) (92,79) (93,85) (94,87) (95,87) 
TD 5 :
(99,106) (0,101) (98,99) (1,93) (97,94) (2,86) (96,93) (3,83) (95,87) (94,87) (4,77) (5,75) (6,72) (7,69) (8,64) (9,58) (10,56) (11,54) (12,49) (13,48) (14,46) (15,43) (16,40) (17,36) (18,35) (19,32) (20,32) (21,31) (22,27) (23,24) (24,22) (25,17) (26,16) (27,15) (28,11) (29,11) (30,9) (31,9) (32,9) (33,8) (34,7) (35,7) (36,7) (37,8) (38,10) (39,7) (40,7) (41,6) (42,7) (43,5) (44,6) (45,4) (46,2) (47,5) (48,2) (49,2) (50,2) (51,0) (52,-1) (53,-3) (54,-2) (55,-3) (56,-5) (57,-5) (58,-3) (59,-1) (60,-4) (61,-3) (62,-3) (63,-2) (64,-3) (65,2) (66,5) (67,9) (68,13) (69,14) (70,15) (71,14) (72,17) (73,22) (74,23) (75,25) (76,28) (77,30) (78,33) (79,37) (80,41) (81,45) (82,44) (83,45) (84,51) (85,55) (86,59) (87,62) (88,63) (89,67) (90,72) (91,75) (92,79) (93,85) 
(99,106) (0,101) (98,99) (1,93) (97,94) (2,86) (96,93) (3,83) (95,87) (94,87) (4,77) 
TD 6 :
(99,106) (0,101) (98,99) (1,93) (97,94) (2,86) (96,93) (3,83) (95,87) (94,87) (4,77) (93,85) (5,75) (6,72) (7,69) (8,64) (9,58) (10,56) (11,54) (12,49) (13,48) (14,46) (15,43) (16,40) (17,36) (18,35) (19,32) (20,32) (21,31) (22,27) (23,24) (24,22) (25,17) (26,16) (27,15) (28,11) (29,11) (30,9) (31,9) (32,9) (33,8) (34,7) (35,7) (36,7) (37,8) (38,10) (39,7) (40,7) (41,6) (42,7) (43,5) (44,6) (45,4) (46,2) (47,5) (48,2) (49,2) (50,2) (51,0) (52,-1) (53,-3) (54,-2) (55,-3) (56,-5) (57,-5) (58,-3) (59,-1) (60,-4) (61,-3) (62,-3) (63,-2) (64,-3) (65,2) (66,5) (67,9) (68,13) (69,14) (70,15) (71,14) (72,17) (73,22) (74,23) (75,25) (76,28) (77,30) (78,33) (79,37) (80,41) (81,45) (82,44) (83,45) (84,51) (85,55) (86,59) (87,62) (88,63) (89,67) (90,72) (91,75) (92,79) 
TD 7 :
(99,106) (0,101) (98,99) (1,93) (97,94) (2,86) (96,93) (3,83) (95,87) (94,87) (4,77) (93,85) (5,75) (92,79) (6,72) (7,69) (8,64) (9,58) (10,56) (11,54) (12,49) (13,48) (14,46) (15,43) (16,40) (17,36) (18,35) (19,32) (20,32) (21,31) (22,27) (23,24) (24,22) (25,17) (26,16) (27,15) (28,11) (29,11) (30,9) (31,9) (32,9) (33,8) (34,7) (35,7) (36,7) (37,8) (38,10) (39,7) (40,7) (41,6) (42,7) (43,5) (44,6) (45,4) (46,2) (47,5) (48,2) (49,2) (50,2) (51,0) (52,-1) (53,-3) (54,-2) (55,-3) (56,-5) (57,-5) (58,-3) (59,-1) (60,-4) (61,-3) (62,-3) (63,-2) (64,-3) (65,2) (66,5) (67,9) (68,13) (69,14) (70,15) (71,14) (72,17) (73,22) (74,23) (75,25) (76,28) (77,30) (78,33) (79,37) (80,41) (81,45) (82,44) (83,45) (84,51) (85,55) (86,59) (87,62) (88,63) (89,67) (90,72) (91,75) 
TD 8 :
(99,106) (0,101) (98,99) (1,93) (97,94) (2,86) (96,93) (3,83) (95,87) (94,87) (4,77) (93,85) (5,75) (92,79) (6,72) (91,75) (7,69) (8,64) (9,58) (10,56) (11,54) (12,49) (13,48) (14,46) (15,43) (16,40) (17,36) (18,35) (19,32) (20,32) (21,31) (22,27) (23,24) (24,22) (25,17) (26,16) (27,15) (28,11) (29,11) (30,9) (31,9) (32,9) (33,8) (34,7) (35,7) (36,7) (37,8) (38,10) (39,7) (40,7) (41,6) (42,7) (43,5) (44,6) (45,4) (46,2) (47,5) (48,2) (49,2) (50,2) (51,0) (52,-1) (53,-3) (54,-2) (55,-3) (56,-5) (57,-5) (58,-3) (59,-1) (60,-4) (61,-3) (62,-3) (63,-2) (64,-3) (65,2) (66,5) (67,9) (68,13) (69,14) (70,15) (71,14) (72,17) (73,22) (74,23) (75,25) (76,28) (77,30) (78,33) (79,37) (80,41) (81,45) (82,44) (83,45) (84,51) (85,55) (86,59) (87,62) (88,63) (89,67) (90,72) 
TD 9 :
(99,106) (0,101) (98,99) (1,93) (97,94) (2,86) (96,93) (3,83) (95,87) (94,87) (4,77) (93,85) (5,75) (92,79) (6,72) (91,75) (7,69) (90,72) (8,64) (9,58) (10,56) (11,54) (12,49) (13,48) (14,46) (15,43) (16,40) (17,36) (18,35) (19,32) (20,32) (21,31) (22,27) (23,24) (24,22) (25,17) (26,16) (27,15) (28,11) (29,11) (30,9) (31,9) (32,9) (33,8) (34,7) (35,7) (36,7) (37,8) (38,10) (39,7) (40,7) (41,6) (42,7) (43,5) (44,6) (45,4) (46,2) (47,5) (48,2) (49,2) (50,2) (51,0) (52,-1) (53,-3) (54,-2) (55,-3) (56,-5) (57,-5) (58,-3) (59,-1) (60,-4) (61,-3) (62,-3) (63,-2) (64,-3) (65,2) (66,5) (67,9) (68,13) (69,14) (70,15) (71,14) (72,17) (73,22) (74,23) (75,25) (76,28) (77,30) (78,33) (79,37) (80,41) (81,45) (82,44) (83,45) (84,51) (85,55) (86,59) (87,62) (88,63) (89,67) 
TD 10 :
(99,106) (0,101) (98,99) (1,93) (97,94) (2,86) (96,93) (3,83) (95,87) (94,87) (4,77) (93,85) (5,75) (92,79) (6,72) (91,75) (7,69) (90,72) (8,64) (89,67) (9,58) (10,56) (11,54) (12,49) (13,48) (14,46) (15,43) (16,40) (17,36) (18,35) (19,32) (20,32) (21,31) (22,27) (23,24) (24,22) (25,17) (26,16) (27,15) (28,11) (29,11) (30,9) (31,9) (32,9) (33,8) (34,7) (35,7) (36,7) (37,8) (38,10) (39,7) (40,7) (41,6) (42,7) (43,5) (44,6) (45,4) (46,2) (47,5) (48,2) (49,2) (50,2) (51,0) (52,-1) (53,-3) (54,-2) (55,-3) (56,-5) (57,-5) (58,-3) (59,-1) (60,-4) (61,-3) (62,-3) (63,-2) (64,-3) (65,2) (66,5) (67,9) (68,13) (69,14) (70,15) (71,14) (72,17) (73,22) (74,23) (75,25) (76,28) (77,30) (78,33) (79,37) (80,41) (81,45) (82,44) (83,45) (84,51) (85,55) (86,59) (87,62) (88,63) 
TD 11 :
(99,106) (0,101) (98,99) (1,93) (97,94) (2,86) (96,93) (3,83) (95,87) (94,87) (4,77) (93,85) (5,75) (92,79) (6,72) (91,75) (7,69) (90,72) (8,64) (89,67) (9,58) (88,63) (10,56) (11,54) (12,49) (13,48) (14,46) (15,43) (16,40) (17,36) (18,35) (19,32) (20,32) (21,31) (22,27) (23,24) (24,22) (25,17) (26,16) (27,15) (28,11) (29,11) (30,9) (31,9) (32,9) (33,8) (34,7) (35,7) (36,7) (37,8) (38,10) (39,7) (40,7) (41,6) (42,7) (43,5) (44,6) (45,4) (46,2) (47,5) (48,2) (49,2) (50,2) (51,0) (52,-1) (53,-3) (54,-2) (55,-3) (56,-5) (57,-5) (58,-3) (59,-1) (60,-4) (61,-3) (62,-3) (63,-2) (64,-3) (65,2) (66,5) (67,9) (68,13) (69,14) (70,15) (71,14) (72,17) (73,22) (74,23) (75,25) (76,28) (77,30) (78,33) (79,37) (80,41) (81,45) (82,44) (83,45) (84,51) (85,55) (86,59) (87,62) 
TD 12 :
(99,106) (0,101) (98,99) (1,93) (97,94) (2,86) (96,93) (3,83) (95,87) (94,87) (4,77) (93,85) (5,75) (92,79) (6,72) (91,75) (7,69) (90,72) (8,64) (89,67) (9,58) (88,63) (10,56) (87,62) (11,54) (12,49) (13,48) (14,46) (15,43) (16,40) (17,36) (18,35) (19,32) (20,32) (21,31) (22,27) (23,24) (24,22) (25,17) (26,16) (27,15) (28,11) (29,11) (30,9) (31,9) (32,9) (33,8) (34,7) (35,7) (36,7) (37,8) (38,10) (39,7) (40,7) (41,6) (42,7) (43,5) (44,6) (45,4) (46,2) (47,5) (48,2) (49,2) (50,2) (51,0) (52,-1) (53,-3) (54,-2) (55,-3) (56,-5) (57,-5) (58,-3) (59,-1) (60,-4) (61,-3) (62,-3) (63,-2) (64,-3) (65,2) (66,5) (67,9) (68,13) (69,14) (70,15) (71,14) (72,17) (73,22) (74,23) (75,25) (76,28) (77,30) (78,33) (79,37) (80,41) (81,45) (82,44) (83,45) (84,51) (85,55) (86,59) 
TD 13 :
(99,106) (0,101) (98,99) (1,93) (97,94) (2,86) (96,93) (3,83) (95,87) (94,87) (4,77) (93,85) (5,75) (92,79) (6,72) (91,75) (7,69) (90,72) (8,64) (89,67) (9,58) (88,63) (10,56) (87,62) (11,54) (86,59) (12,49) (13,48) (14,46) (15,43) (16,40) (17,36) (18,35) (19,32) (20,32) (21,31) (22,27) (23,24) (24,22) (25,17) (26,16) (27,15) (28,11) (29,11) (30,9) (31,9) (32,9) (33,8) (34,7) (35,7) (36,7) (37,8) (38,10) (39,7) (40,7) (41,6) (42,7) (43,5) (44,6) (45,4) (46,2) (47,5) (48,2) (49,2) (50,2) (51,0) (52,-1) (53,-3) (54,-2) (55,-3) (56,-5) (57,-5) (58,-3) (59,-1) (60,-4) (61,-3) (62,-3) (63,-2) (64,-3) (65,2) (66,5) (67,9) (68,13) (69,14) (70,15) (71,14) (72,17) (73,22) (74,23) (75,25) (76,28) (77,30) (78,33) (79,37) (80,41) (81,45) (82,44) (83,45) (84,51) (85,55) 
TD 14 :
(99,106) (0,101) (98,99) (1,93) (97,94) (2,86) (96,93) (3,83) (95,87) (94,87) (4,77) (93,85) (5,75) (92,79) (6,72) (91,75) (7,69) (90,72) (8,64) (89,67) (9,58) (88,63) (10,56) (87,62) (11,54) (86,59) (12,49) (85,55) (13,48) (14,46) (15,43) (16,40) (17,36) (18,35) (19,32) (20,32) (21,31) (22,27) (23,24) (24,22) (25,17) (26,16) (27,15) (28,11) (29,11) (30,9) (31,9) (32,9) (33,8) (34,7) (35,7) (36,7) (37,8) (38,10) (39,7) (40,7) (41,6) (42,7) (43,5) (44,6) (45,4) (46,2) (47,5) (48,2) (49,2) (50,2) (51,0) (52,-1) (53,-3) (54,-2) (55,-3) (56,-5) (57,-5) (58,-3) (59,-1) (60,-4) (61,-3) (62,-3) (63,-2) (64,-3) (65,2) (66,5) (67,9) (68,13) (69,14) (70,15) (71,14) (72,17) (73,22) (74,23) (75,25) (76,28) (77,30) (78,33) (79,37) (80,41) (81,45) (82,44) (83,45) (84,51) 
TD 15 :
(99,106) (0,101) (98,99) (1,93) (97,94) (2,86) (96,93) (3,83) (95,87) (94,87) (4,77) (93,85) (5,75) (92,79) (6,72) (91,75) (7,69) (90,72) (8,64) (89,67) (9,58) (88,63) (10,56) (87,62) (11,54) (86,59) (12,49) (85,55) (13,48) (84,51) (14,46) (15,43) (16,40) (17,36) (18,35) (19,32) (20,32) (21,31) (22,27) (23,24) (24,22) (25,17) (26,16) (27,15) (28,11) (29,11) (30,9) (31,9) (32,9) (33,8) (34,7) (35,7) (36,7) (37,8) (38,10) (39,7) (40,7) (41,6) (42,7) (43,5) (44,6) (45,4) (46,2) (47,5) (48,2) (49,2) (50,2) (51,0) (52,-1) (53,-3) (54,-2) (55,-3) (56,-5) (57,-5) (58,-3) (59,-1) (60,-4) (61,-3) (62,-3) (63,-2) (64,-3) (65,2) (66,5) (67,9) (68,13) (69,14) (70,15) (71,14) (72,17) (73,22) (74,23) (75,25) (76,28) (77,30) (78,33) (79,37) (80,41) (81,45) (82,44) (83,45) 
TD 16 :
(99,106) (0,101) (98,99) (1,93) (97,94) (2,86) (96,93) (3,83) (95,87) (94,87) (4,77) (93,85) (5,75) (92,79) (6,72) (91,75) (7,69) (90,72) (8,64) (89,67) (9,58) (88,63) (10,56) (87,62) (11,54) (86,59) (12,49) (85,55) (13,48) (84,51) (14,46) (83,45) (81,45) (15,43) (16,40) (17,36) (18,35) (19,32) (20,32) (21,31) (22,27) (23,24) (24,22) (25,17) (26,16) (27,15) (28,11) (29,11) (30,9) (31,9) (32,9) (33,8) (34,7) (35,7) (36,7) (37,8) (38,10) (39,7) (40,7) (41,6) (42,7) (43,5) (44,6) (45,4) (46,2) (47,5) (48,2) (49,2) (50,2) (51,0) (52,-1) (53,-3) (54,-2) (55,-3) (56,-5) (57,-5) (58,-3) (59,-1) (60,-4) (61,-3) (62,-3) (63,-2) (64,-3) (65,2) (66,5) (67,9) (68,13) (69,14) (70,15) (71,14) (72,17) (73,22) (74,23) (75,25) (76,28) (77,30) (78,33) (79,37) (80,41) 
(99,106) (0,101) (98,99) (1,93) (97,94) (2,86) (96,93) (3,83) (95,87) (94,87) (4,77) (93,85) (5,75) (92,79) (6,72) (91,75) (7,69) (90,72) (8,64) (89,67) (9,58) (88,63) (10,56) (87,62) (11,54) (86,59) (12,49) (85,55) (13,48) (84,51) (14,46) (83,45) (81,45) (15,43) (82,44) 
TD 17 :
(99,106) (0,101) (98,99) (1,93) (97,94) (2,86) (96,93) (3,83) (95,87) (94,87) (4,77) (93,85) (5,75) (92,79) (6,72) (91,75) (7,69) (90,72) (8,64) (89,67) (9,58) (88,63) (10,56) (87,62) (11,54) (86,59) (12,49) (85,55) (13,48) (84,51) (14,46) (83,45) (81,45) (15,43) (16,40) (17,36) (18,35) (19,32) (20,32) (21,31) (22,27) (23,24) (24,22) (25,17) (26,16) (27,15) (28,11) (29,11) (30,9) (31,9) (32,9) (33,8) (34,7) (35,7) (36,7) (37,8) (38,10) (39,7) (40,7) (41,6) (42,7) (43,5) (44,6) (45,4) (46,2) (47,5) (48,2) (49,2) (50,2) (51,0) (52,-1) (53,-3) (54,-2) (55,-3) (56,-5) (57,-5) (58,-3) (59,-1) (60,-4) (61,-3) (62,-3) (63,-2) (64,-3) (65,2) (66,5) (67,9) (68,13) (69,14) (70,15) (71,14) (72,17) (73,22) (74,23) (75,25) (76,28) (77,30) (78,33) (79,37) (80,41) 
(99,106) (0,101) (98,99) (1,93) (97,94) (2,86) (96,93) (3,83) (95,87) (94,87) (4,77) (93,85) (5,75) (92,79) (6,72) (91,75) (7,69) (90,72) (8,64) (89,67) (9,58) (88,63) (10,56) (87,62) (11,54) (86,59) (12,49) (85,55) (13,48) (84,51) (14,46) (83,45) (81,45) (15,43) (82,44) 
TD 18 :
(99,106) (0,101) (98,99) (1,93) (97,94) (2,86) (96,93) (3,83) (95,87) (94,87) (4,77) (93,85) (5,75) (92,79) (6,72) (91,75) (7,69) (90,72) (8,64) (89,67) (9,58) (88,63) (10,56) (87,62) (11,54) (86,59) (12,49) (85,55) (13,48) (84,51) (14,46) (83,45) (81,45) (15,43) (16,40) (80,41) (17,36) (18,35) (19,32) (20,32) (21,31) (22,27) (23,24) (24,22) (25,17) (26,16) (27,15) (28,11) (29,11) (30,9) (31,9) (32,9) (33,8) (34,7) (35,7) (36,7) (37,8) (38,10) (39,7) (40,7) (41,6) (42,7) (43,5) (44,6) (45,4) (46,2) (47,5) (48,2) (49,2) (50,2) (51,0) (52,-1) (53,-3) (54,-2) (55,-3) (56,-5) (57,-5) (58,-3) (59,-1) (60,-4) (61,-3) (62,-3) (63,-2) (64,-3) (65,2) (66,5) (67,9) (68,13) (69,14) (70,15) (71,14) (72,17) (73,22) (74,23) (75,25) (76,28) (77,30) (78,33) (79,37) 
TD 19 :
(99,106) (0,101) (98,99) (1,93) (97,94) (2,86) (96,93) (3,83) (95,87) (94,87) (4,77) (93,85) (5,75) (92,79) (6,72) (91,75) (7,69) (90,72) (8,64) (89,67) (9,58) (88,63) (10,56) (87,62) (11,54) (86,59) (12,49) (85,55) (13,48) (84,51) (14,46) (83,45) (81,45) (15,43) (16,40) (80,41) (17,36) (79,37) (18,35) (19,32) (20,32) (21,31) (22,27) (23,24) (24,22) (25,17) (26,16) (27,15) (28,11) (29,11) (30,9) (31,9) (32,9) (33,8) (34,7) (35,7) (36,7) (37,8) (38,10) (39,7) (40,7) (41,6) (42,7) (43,5) (44,6) (45,4) (46,2) (47,5) (48,2) (49,2) (50,2) (51,0) (52,-1) (53,-3) (54,-2) (55,-3) (56,-5) (57,-5) (58,-3) (59,-1) (60,-4) (61,-3) (62,-3) (63,-2) (64,-3) (65,2) (66,5) (67,9) (68,13) (69,14) (70,15) (71,14) (72,17) (73,22) (74,23) (75,25) (76,28) (77,30) (78,33) 
TD 20 :
(99,106) (0,101) (98,99) (1,93) (97,94) (2,86) (96,93) (3,83) (95,87) (94,87) (4,77) (93,85) (5,75) (92,79) (6,72) (91,75) (7,69) (90,72) (8,64) (89,67) (9,58) (88,63) (10,56) (87,62) (11,54) (86,59) (12,49) (85,55) (13,48) (84,51) (14,46) (83,45) (81,45) (15,43) (16,40) (80,41) (17,36) (79,37) (18,35) (78,33) (19,32) (20,32) (21,31) (22,27) (23,24) (24,22) (25,17) (26,16) (27,15) (28,11) (29,11) (30,9) (31,9) (32,9) (33,8) (34,7) (35,7) (36,7) (37,8) (38,10) (39,7) (40,7) (41,6) (42,7) (43,5) (44,6) (45,4) (46,2) (47,5) (48,2) (49,2) (50,2) (51,0) (52,-1) (53,-3) (54,-2) (55,-3) (56,-5) (57,-5) (58,-3) (59,-1) (60,-4) (61,-3) (62,-3) (63,-2) (64,-3) (65,2) (66,5) (67,9) (68,13) (69,14) (70,15) (71,14) (72,17) (73,22) (74,23) (75,25) (76,28) (77,30) 
TD 21 :
(99,106) (0,101) (98,99) (1,93) (97,94) (2,86) (96,93) (3,83) (95,87) (94,87) (4,77) (93,85) (5,75) (92,79) (6,72) (91,75) (7,69) (90,72) (8,64) (89,67) (9,58) (88,63) (10,56) (87,62) (11,54) (86,59) (12,49) (85,55) (13,48) (84,51) (14,46) (83,45) (81,45) (15,43) (16,40) (80,41) (17,36) (79,37) (18,35) (78,33) (19,32) (77,30) (20,32) (21,31) (22,27) (23,24) (24,22) (25,17) (26,16) (27,15) (28,11) (29,11) (30,9) (31,9) (32,9) (33,8) (34,7) (35,7) (36,7) (37,8) (38,10) (39,7) (40,7) (41,6) (42,7) (43,5) (44,6) (45,4) (46,2) (47,5) (48,2) (49,2) (50,2) (51,0) (52,-1) (53,-3) (54,-2) (55,-3) (56,-5) (57,-5) (58,-3) (59,-1) (60,-4) (61,-3) (62,-3) (63,-2) (64,-3) (65,2) (66,5) (67,9) (68,13) (69,14) (70,15) (71,14) (72,17) (73,22) (74,23) (75,25) (76,28) 
TD 22 :
(99,106) (0,101) (98,99) (1,93) (97,94) (2,86) (96,93) (3,83) (95,87) (94,87) (4,77) (93,85) (5,75) (92,79) (6,72) (91,75) (7,69) (90,72) (8,64) (89,67) (9,58) (88,63) (10,56) (87,62) (11,54) (86,59) (12,49) (85,55) (13,48) (84,51) (14,46) (83,45) (81,45) (15,43) (16,40) (80,41) (17,36) (79,37) (18,35) (78,33) (19,32) (77,30) (20,32) (76,28) (21,31) (22,27) (23,24) (24,22) (25,17) (26,16) (27,15) (28,11) (29,11) (30,9) (31,9) (32,9) (33,8) (34,7) (35,7) (36,7) (37,8) (38,10) (39,7) (40,7) (41,6) (42,7) (43,5) (44,6) (45,4) (46,2) (47,5) (48,2) (49,2) (50,2) (51,0) (52,-1) (53,-3) (54,-2) (55,-3) (56,-5) (57,-5) (58,-3) (59,-1) (60,-4) (61,-3) (62,-3) (63,-2) (64,-3) (65,2) (66,5) (67,9) (68,13) (69,14) (70,15) (71,14) (72,17) (73,22) (74,23) (75,25) 
TD 23 :
(99,106) (0,101) (98,99) (1,93) (97,94) (2,86) (96,93) (3,83) (95,87) (94,87) (4,77) (93,85) (5,75) (92,79) (6,72) (91,75) (7,69) (90,72) (8,64) (89,67) (9,58) (88,63) (10,56) (87,62) (11,54) (86,59) (12,49) (85,55) (13,48) (84,51) (14,46) (83,45) (81,45) (15,43) (16,40) (80,41) (17,36) (79,37) (18,35) (78,33) (19,32) (77,30) (20,32) (76,28) (21,31) (75,25) (22,27) (23,24) (24,22) (25,17) (26,16) (27,15) (28,11) (29,11) (30,9) (31,9) (32,9) (33,8) (34,7) (35,7) (36,7) (37,8) (38,10) (39,7) (40,7) (41,6) (42,7) (43,5) (44,6) (45,4) (46,2) (47,5) (48,2) (49,2) (50,2) (51,0) (52,-1) (53,-3) (54,-2) (55,-3) (56,-5) (57,-5) (58,-3) (59,-1) (60,-4) (61,-3) (62,-3) (63,-2) (64,-3) (65,2) (66,5) (67,9) (68,13) (69,14) (70,15) (71,14) (72,17) (73,22) (74,23) 
TD 24 :
(99,106) (0,101) (98,99) (1,93) (97,94) (2,86) (96,93) (3,83) (95,87) (94,87) (4,77) (93,85) (5,75) (92,79) (6,72) (91,75) (7,69) (90,72) (8,64) (89,67) (9,58) (88,63) (10,56) (87,62) (11,54) (86,59) (12,49) (85,55) (13,48) (84,51) (14,46) (83,45) (81,45) (15,43) (16,40) (80,41) (17,36) (79,37) (18,35) (78,33) (19,32) (77,30) (20,32) (76,28) (21,31) (75,25) (22,27) (74,23) (23,24) (24,22) (25,17) (26,16) (27,15) (28,11) (29,11) (30,9) (31,9) (32,9) (33,8) (34,7) (35,7) (36,7) (37,8) (38,10) (39,7) (40,7) (41,6) (42,7) (43,5) (44,6) (45,4) (46,2) (47,5) (48,2) (49,2) (50,2) (51,0) (52,-1) (53,-3) (54,-2) (55,-3) (56,-5) (57,-5) (58,-3) (59,-1) (60,-4) (61,-3) (62,-3) (63,-2) (64,-3) (65,2) (66,5) (67,9) (68,13) (69,14) (70,15) (71,14) (72,17) (73,22) 
TD 25 :
(99,106) (0,101) (98,99) (1,93) (97,94) (2,86) (96,93) (3,83) (95,87) (94,87) (4,77) (93,85) (5,75) (92,79) (6,72) (91,75) (7,69) (90,72) (8,64) (89,67) (9,58) (88,63) (10,56) (87,62) (11,54) (86,59) (12,49) (85,55) (13,48) (84,51) (14,46) (83,45) (81,45) (15,43) (16,40) (80,41) (17,36) (79,37) (18,35) (78,33) (19,32) (77,30) (20,32) (76,28) (21,31) (75,25) (22,27) (74,23) (23,24) (73,22) (24,22) (25,17) (26,16) (27,15) (28,11) (29,11) (30,9) (31,9) (32,9) (33,8) (34,7) (35,7) (36,7) (37,8) (38,10) (39,7) (40,7) (41,6) (42,7) (43,5) (44,6) (45,4) (46,2) (47,5) (48,2) (49,2) (50,2) (51,0) (52,-1) (53,-3) (54,-2) (55,-3) (56,-5) (57,-5) (58,-3) (59,-1) (60,-4) (61,-3) (62,-3) (63,-2) (64,-3) (65,2) (66,5) (67,9) (68,13) (69,14) (70,15) (71,14) (72,17) 
TD 26 :
(99,106) (0,101) (98,99) (1,93) (97,94) (2,86) (96,93) (3,83) (95,87) (94,87) (4,77) (93,85) (5,75) (92,79) (6,72) (91,75) (7,69) (90,72) (8,64) (89,67) (9,58) (88,63) (10,56) (87,62) (11,54) (86,59) (12,49) (85,55) (13,48) (84,51) (14,46) (83,45) (81,45) (15,43) (16,40) (80,41) (17,36) (79,37) (18,35) (78,33) (19,32) (77,30) (20,32) (76,28) (21,31) (75,25) (22,27) (74,23) (23,24) (73,22) (24,22) (72,17) (25,17) (26,16) (27,15) (28,11) (29,11) (30,9) (31,9) (32,9) (33,8) (34,7) (35,7) (36,7) (37,8) (38,10) (39,7) (40,7) (41,6) (42,7) (43,5) (44,6) (45,4) (46,2) (47,5) (48,2) (49,2) (50,2) (51,0) (52,-1) (53,-3) (54,-2) (55,-3) (56,-5) (57,-5) (58,-3) (59,-1) (60,-4) (61,-3) (62,-3) (63,-2) (64,-3) (65,2) (66,5) (67,9) (68,13) (69,14) (70,15) (71,14) 
TD 27 :
(99,106) (0,101) (98,99) (1,93) (97,94) (2,86) (96,93) (3,83) (95,87) (94,87) (4,77) (93,85) (5,75) (92,79) (6,72) (91,75) (7,69) (90,72) (8,64) (89,67) (9,58) (88,63) (10,56) (87,62) (11,54) (86,59) (12,49) (85,55) (13,48) (84,51) (14,46) (83,45) (81,45) (15,43) (16,40) (80,41) (17,36) (79,37) (18,35) (78,33) (19,32) (77,30) (20,32) (76,28) (21,31) (75,25) (22,27) (74,23) (23,24) (73,22) (24,22) (72,17) (25,17) (71,14) (70,15) (26,16) (27,15) (28,11) (29,11) (30,9) (31,9) (32,9) (33,8) (34,7) (35,7) (36,7) (37,8) (38,10) (39,7) (40,7) (41,6) (42,7) (43,5) (44,6) (45,4) (46,2) (47,5) (48,2) (49,2) (50,2) (51,0) (52,-1) (53,-3) (54,-2) (55,-3) (56,-5) (57,-5) (58,-3) (59,-1) (60,-4) (61,-3) (62,-3) (63,-2) (64,-3) (65,2) (66,5) (67,9) (68,13) (69,14) 
(99,106) (0,101) (98,99) (1,93) (97,94) (2,86) (96,93) (3,83) (95,87) (94,87) (4,77) (93,85) (5,75) (92,79) (6,72) (91,75) (7,69) (90,72) (8,64) (89,67) (9,58) (88,63) (10,56) (87,62) (11,54) (86,59) (12,49) (85,55) (13,48) (84,51) (14,46) (83,45) (81,45) (15,43) (16,40) (80,41) (17,36) (79,37) (18,35) (78,33) (19,32) (77,30) (20,32) (76,28) (21,31) (75,25) (22,27) (74,23) (23,24) (73,22) (24,22) (72,17) (25,17) (71,14) (70,15) (26,16) 
TD 28 :
(99,106) (0,101) (98,99) (1,93) (97,94) (2,86) (96,93) (3,83) (95,87) (94,87) (4,77) (93,85) (5,75) (92,79) (6,72) (91,75) (7,69) (90,72) (8,64) (89,67) (9,58) (88,63) (10,56) (87,62) (11,54) (86,59) (12,49) (85,55) (13,48) (84,51) (14,46) (83,45) (81,45) (15,43) (16,40) (80,41) (17,36) (79,37) (18,35) (78,33) (19,32) (77,30) (20,32) (76,28) (21,31) (75,25) (22,27) (74,23) (23,24) (73,22) (24,22) (72,17) (25,17) (71,14) (70,15) (26,16) (69,14) (27,15) (28,11) (29,11) (30,9) (31,9) (32,9) (33,8) (34,7) (35,7) (36,7) (37,8) (38,10) (39,7) (40,7) (41,6) (42,7) (43,5) (44,6) (45,4) (46,2) (47,5) (48,2) (49,2) (50,2) (51,0) (52,-1) (53,-3) (54,-2) (55,-3) (56,-5) (57,-5) (58,-3) (59,-1) (60,-4) (61,-3) (62,-3) (63,-2) (64,-3) (65,2) (66,5) (67,9) (68,13) 
TD 29 :
(99,106) (0,101) (98,99) (1,93) (97,94) (2,86) (96,93) (3,83) (95,87) (94,87) (4,77) (93,85) (5,75) (92,79) (6,72) (91,75) (7,69) (90,72) (8,64) (89,67) (9,58) (88,63) (10,56) (87,62) (11,54) (86,59) (12,49) (85,55) (13,48) (84,51) (14,46) (83,45) (81,45) (15,43) (16,40) (80,41) (17,36) (79,37) (18,35) (78,33) (19,32) (77,30) (20,32) (76,28) (21,31) (75,25) (22,27) (74,23) (23,24) (73,22) (24,22) (72,17) (25,17) (71,14) (70,15) (26,16) (69,14) (27,15) (68,13) (28,11) (29,11) (30,9) (31,9) (32,9) (33,8) (34,7) (35,7) (36,7) (37,8) (38,10) (39,7) (40,7) (41,6) (42,7) (43,5) (44,6) (45,4) (46,2) (47,5) (48,2) (49,2) (50,2) (51,0) (52,-1) (53,-3) (54,-2) (55,-3) (56,-5) (57,-5) (58,-3) (59,-1) (60,-4) (61,-3) (62,-3) (63,-2) (64,-3) (65,2) (66,5) (67,9) 
TD 30 :
(99,106) (0,101) (98,99) (1,93) (97,94) (2,86) (96,93) (3,83) (95,87) (94,87) (4,77) (93,85) (5,75) (92,79) (6,72) (91,75) (7,69) (90,72) (8,64) (89,67) (9,58) (88,63) (10,56) (87,62) (11,54) (86,59) (12,49) (85,55) (13,48) (84,51) (14,46) (83,45) (81,45) (15,43) (16,40) (80,41) (17,36) (79,37) (18,35) (78,33) (19,32) (77,30) (20,32) (76,28) (21,31) (75,25) (22,27) (74,23) (23,24) (73,22) (24,22) (72,17) (25,17) (71,14) (70,15) (26,16) (69,14) (27,15) (68,13) (28,11) (67,9) (29,11) (30,9) (31,9) (32,9) (33,8) (34,7) (35,7) (36,7) (37,8) (38,10) (39,7) (40,7) (41,6) (42,7) (43,5) (44,6) (45,4) (46,2) (47,5) (48,2) (49,2) (50,2) (51,0) (52,-1) (53,-3) (54,-2) (55,-3) (56,-5) (57,-5) (58,-3) (59,-1) (60,-4) (61,-3) (62,-3) (63,-2) (64,-3) (65,2) (66,5) 
TD 31 :
(99,106) (0,101) (98,99) (1,93) (97,94) (2,86) (96,93) (3,83) (95,87) (94,87) (4,77) (93,85) (5,75) (92,79) (6,72) (91,75) (7,69) (90,72) (8,64) (89,67) (9,58) (88,63) (10,56) (87,62) (11,54) (86,59) (12,49) (85,55) (13,48) (84,51) (14,46) (83,45) (81,45) (15,43) (16,40) (80,41) (17,36) (79,37) (18,35) (78,33) (19,32) (77,30) (20,32) (76,28) (21,31) (75,25) (22,27) (74,23) (23,24) (73,22) (24,22) (72,17) (25,17) (71,14) (70,15) (26,16) (69,14) (27,15) (68,13) (28,11) (67,9) (29,11) (66,5) (38,10) (30,9) (31,9) (32,9) (33,8) (34,7) (35,7) (36,7) (37,8) 
(99,106) (0,101) (98,99) (1,93) (97,94) (2,86) (96,93) (3,83) (95,87) (94,87) (4,77) (93,85) (5,75) (92,79) (6,72) (91,75) (7,69) (90,72) (8,64) (89,67) (9,58) (88,63) (10,56) (87,62) (11,54) (86,59) (12,49) (85,55) (13,48) (84,51) (14,46) (83,45) (81,45) (15,43) (16,40) (80,41) (17,36) (79,37) (18,35) (78,33) (19,32) (77,30) (20,32) (76,28) (21,31) (75,25) (22,27) (74,23) (23,24) (73,22) (24,22) (72,17) (25,17) (71,14) (70,15) (26,16) (69,14) (27,15) (68,13) (28,11) (67,9) (29,11) (66,5) (38,10) (30,9) (39,7) (40,7) (41,6) (42,7) (43,5) (44,6) (45,4) (46,2) (47,5) (48,2) (49,2) (50,2) (51,0) (52,-1) (53,-3) (54,-2) (55,-3) (56,-5) (57,-5) (58,-3) (59,-1) (60,-4) (61,-3) (62,-3) (63,-2) (64,-3) (65,2) 
TD 32 :
(99,106) (0,101) (98,99) (1,93) (97,94) (2,86) (96,93) (3,83) (95,87) (94,87) (4,77) (93,85) (5,75) (92,79) (6,72) (91,75) (7,69) (90,72) (8,64) (89,67) (9,58) (88,63) (10,56) (87,62) (11,54) (86,59) (12,49) (85,55) (13,48) (84,51) (14,46) (83,45) (81,45) (15,43) (16,40) (80,41) (17,36) (79,37) (18,35) (78,33) (19,32) (77,30) (20,32) (76,28) (21,31) (75,25) (22,27) (74,23) (23,24) (73,22) (24,22) (72,17) (25,17) (71,14) (70,15) (26,16) (69,14) (27,15) (68,13) (28,11) (67,9) (29,11) (66,5) (38,10) (30,9) (37,8) (32,9) (31,9) 
(99,106) (0,101) (98,99) (1,93) (97,94) (2,86) (96,93) (3,83) (95,87) (94,87) (4,77) (93,85) (5,75) (92,79) (6,72) (91,75) (7,69) (90,72) (8,64) (89,67) (9,58) (88,63) (10,56) (87,62) (11,54) (86,59) (12,49) (85,55) (13,48) (84,51) (14,46) (83,45) (81,45) (15,43) (16,40) (80,41) (17,36) (79,37) (18,35) (78,33) (19,32) (77,30) (20,32) (76,28) (21,31) (75,25) (22,27) (74,23) (23,24) (73,22) (24,22) (72,17) (25,17) (71,14) (70,15) (26,16) (69,14) (27,15) (68,13) (28,11) (67,9) (29,11) (66,5) (38,10) (30,9) (37,8) (32,9) (31,9) (33,8) (34,7) (35,7) (36,7) 
(99,106) (0,101) (98,99) (1,93) (97,94) (2,86) (96,93) (3,83) (95,87) (94,87) (4,77) (93,85) (5,75) (92,79) (6,72) (91,75) (7,69) (90,72) (8,64) (89,67) (9,58) (88,63) (10,56) (87,62) (11,54) (86,59) (12,49) (85,55) (13,48) (84,51) (14,46) (83,45) (81,45) (15,43) (16,40) (80,41) (17,36) (79,37) (18,35) (78,33) (19,32) (77,30) (20,32) (76,28) (21,31) (75,25) (22,27) (74,23) (23,24) (73,22) (24,22) (72,17) (25,17) (71,14) (70,15) (26,16) (69,14) (27,15) (68,13) (28,11) (67,9) (29,11) (66,5) (38,10) (30,9) (37,8) (32,9) (31,9) 
(99,106) (0,101) (98,99) (1,93) (97,94) (2,86) (96,93) (3,83) (95,87) (94,87) (4,77) (93,85) (5,75) (92,79) (6,72) (91,75) (7,69) (90,72) (8,64) (89,67) (9,58) (88,63) (10,56) (87,62) (11,54) (86,59) (12,49) (85,55) (13,48) (84,51) (14,46) (83,45) (81,45) (15,43) (16,40) (80,41) (17,36) (79,37) (18,35) (78,33) (19,32) (77,30) (20,32) (76,28) (21,31) (75,25) (22,27) (74,23) (23,24) (73,22) (24,22) (72,17) (25,17) (71,14) (70,15) (26,16) (69,14) (27,15) (68,13) (28,11) (67,9) (29,11) (66,5) (38,10) (30,9) (65,2) (42,7) (39,7) (40,7) (41,6) 
(99,106) (0,101) (98,99) (1,93) (97,94) (2,86) (96,93) (3,83) (95,87) (94,87) (4,77) (93,85) (5,75) (92,79) (6,72) (91,75) (7,69) (90,72) (8,64) (89,67) (9,58) (88,63) (10,56) (87,62) (11,54) (86,59) (12,49) (85,55) (13,48) (84,51) (14,46) (83,45) (81,45) (15,43) (16,40) (80,41) (17,36) (79,37) (18,35) (78,33) (19,32) (77,30) (20,32) (76,28) (21,31) (75,25) (22,27) (74,23) (23,24) (73,22) (24,22) (72,17) (25,17) (71,14) (70,15) (26,16) (69,14) (27,15) (68,13) (28,11) (67,9) (29,11) (66,5) (38,10) (30,9) (65,2) (42,7) (43,5) (44,6) (45,4) (46,2) (47,5) (48,2) (49,2) (50,2) (51,0) (52,-1) (53,-3) (54,-2) (55,-3) (56,-5) (57,-5) (58,-3) (59,-1) (60,-4) (61,-3) (62,-3) (63,-2) (64,-3) 
TD 33 :
(99,106) (0,101) (98,99) (1,93) (97,94) (2,86) (96,93) (3,83) (95,87) (94,87) (4,77) (93,85) (5,75) (92,79) (6,72) (91,75) (7,69) (90,72) (8,64) (89,67) (9,58) (88,63) (10,56) (87,62) (11,54) (86,59) (12,49) (85,55) (13,48) (84,51) (14,46) (83,45) (81,45) (15,43) (16,40) (80,41) (17,36) (79,37) (18,35) (78,33) (19,32) (77,30) (20,32) (76,28) (21,31) (75,25) (22,27) (74,23) (23,24) (73,22) (24,22) (72,17) (25,17) (71,14) (70,15) (26,16) (69,14) (27,15) (68,13) (28,11) (67,9) (29,11) (66,5) (38,10) (30,9) (37,8) (32,9) (31,9) (33,8) (34,7) (35,7) (36,7) 
(99,106) (0,101) (98,99) (1,93) (97,94) (2,86) (96,93) (3,83) (95,87) (94,87) (4,77) (93,85) (5,75) (92,79) (6,72) (91,75) (7,69) (90,72) (8,64) (89,67) (9,58) (88,63) (10,56) (87,62) (11,54) (86,59) (12,49) (85,55) (13,48) (84,51) (14,46) (83,45) (81,45) (15,43) (16,40) (80,41) (17,36) (79,37) (18,35) (78,33) (19,32) (77,30) (20,32) (76,28) (21,31) (75,25) (22,27) (74,23) (23,24) (73,22) (24,22) (72,17) (25,17) (71,14) (70,15) (26,16) (69,14) (27,15) (68,13) (28,11) (67,9) (29,11) (66,5) (38,10) (30,9) (65,2) (42,7) (40,7) (39,7) 
(99,106) (0,101) (98,99) (1,93) (97,94) (2,86) (96,93) (3,83) (95,87) (94,87) (4,77) (93,85) (5,75) (92,79) (6,72) (91,75) (7,69) (90,72) (8,64) (89,67) (9,58) (88,63) (10,56) (87,62) (11,54) (86,59) (12,49) (85,55) (13,48) (84,51) (14,46) (83,45) (81,45) (15,43) (16,40) (80,41) (17,36) (79,37) (18,35) (78,33) (19,32) (77,30) (20,32) (76,28) (21,31) (75,25) (22,27) (74,23) (23,24) (73,22) (24,22) (72,17) (25,17) (71,14) (70,15) (26,16) (69,14) (27,15) (68,13) (28,11) (67,9) (29,11) (66,5) (38,10) (30,9) (65,2) (42,7) (40,7) (41,6) 
(99,106) (0,101) (98,99) (1,93) (97,94) (2,86) (96,93) (3,83) (95,87) (94,87) (4,77) (93,85) (5,75) (92,79) (6,72) (91,75) (7,69) (90,72) (8,64) (89,67) (9,58) (88,63) (10,56) (87,62) (11,54) (86,59) (12,49) (85,55) (13,48) (84,51) (14,46) (83,45) (81,45) (15,43) (16,40) (80,41) (17,36) (79,37) (18,35) (78,33) (19,32) (77,30) (20,32) (76,28) (21,31) (75,25) (22,27) (74,23) (23,24) (73,22) (24,22) (72,17) (25,17) (71,14) (70,15) (26,16) (69,14) (27,15) (68,13) (28,11) (67,9) (29,11) (66,5) (38,10) (30,9) (65,2) (42,7) (64,-3) (63,-2) (47,5) (44,6) (43,5) 
(99,106) (0,101) (98,99) (1,93) (97,94) (2,86) (96,93) (3,83) (95,87) (94,87) (4,77) (93,85) (5,75) (92,79) (6,72) (91,75) (7,69) (90,72) (8,64) (89,67) (9,58) (88,63) (10,56) (87,62) (11,54) (86,59) (12,49) (85,55) (13,48) (84,51) (14,46) (83,45) (81,45) (15,43) (16,40) (80,41) (17,36) (79,37) (18,35) (78,33) (19,32) (77,30) (20,32) (76,28) (21,31) (75,25) (22,27) (74,23) (23,24) (73,22) (24,22) (72,17) (25,17) (71,14) (70,15) (26,16) (69,14) (27,15) (68,13) (28,11) (67,9) (29,11) (66,5) (38,10) (30,9) (65,2) (42,7) (64,-3) (63,-2) (47,5) (44,6) (45,4) (46,2) 
(99,106) (0,101) (98,99) (1,93) (97,94) (2,86) (96,93) (3,83) (95,87) (94,87) (4,77) (93,85) (5,75) (92,79) (6,72) (91,75) (7,69) (90,72) (8,64) (89,67) (9,58) (88,63) (10,56) (87,62) (11,54) (86,59) (12,49) (85,55) (13,48) (84,51) (14,46) (83,45) (81,45) (15,43) (16,40) (80,41) (17,36) (79,37) (18,35) (78,33) (19,32) (77,30) (20,32) (76,28) (21,31) (75,25) (22,27) (74,23) (23,24) (73,22) (24,22) (72,17) (25,17) (71,14) (70,15) (26,16) (69,14) (27,15) (68,13) (28,11) (67,9) (29,11) (66,5) (38,10) (30,9) (65,2) (42,7) (64,-3) (63,-2) (47,5) (44,6) (48,2) (49,2) (50,2) (51,0) (52,-1) (53,-3) (54,-2) (55,-3) (56,-5) (57,-5) (58,-3) (59,-1) (60,-4) (61,-3) (62,-3) 
(99,106) (0,101) (98,99) (1,93) (97,94) (2,86) (96,93) (3,83) (95,87) (94,87) (4,77) (93,85) (5,75) (92,79) (6,72) (91,75) (7,69) (90,72) (8,64) (89,67) (9,58) (88,63) (10,56) (87,62) (11,54) (86,59) (12,49) (85,55) (13,48) (84,51) (14,46) (83,45) (81,45) (15,43) (16,40) (80,41) (17,36) (79,37) (18,35) (78,33) (19,32) (77,30) (20,32) (76,28) (21,31) (75,25) (22,27) (74,23) (23,24) (73,22) (24,22) (72,17) (25,17) (71,14) (70,15) (26,16) (69,14) (27,15) (68,13) (28,11) (67,9) (29,11) (66,5) (38,10) (30,9) (65,2) (42,7) (64,-3) (63,-2) (47,5) (44,6) 
TD 34 :
(99,106) (0,101) (98,99) (1,93) (97,94) (2,86) (96,93) (3,83) (95,87) (94,87) (4,77) (93,85) (5,75) (92,79) (6,72) (91,75) (7,69) (90,72) (8,64) (89,67) (9,58) (88,63) (10,56) (87,62) (11,54) (86,59) (12,49) (85,55) (13,48) (84,51) (14,46) (83,45) (81,45) (15,43) (16,40) (80,41) (17,36) (79,37) (18,35) (78,33) (19,32) (77,30) (20,32) (76,28) (21,31) (75,25) (22,27) (74,23) (23,24) (73,22) (24,22) (72,17) (25,17) (71,14) (70,15) (26,16) (69,14) (27,15) (68,13) (28,11) (67,9) (29,11) (66,5) (38,10) (30,9) (37,8) (32,9) (31,9) (33,8) (36,7) (35,7) (34,7) 
(99,106) (0,101) (98,99) (1,93) (97,94) (2,86) (96,93) (3,83) (95,87) (94,87) (4,77) (93,85) (5,75) (92,79) (6,72) (91,75) (7,69) (90,72) (8,64) (89,67) (9,58) (88,63) (10,56) (87,62) (11,54) (86,59) (12,49) (85,55) (13,48) (84,51) (14,46) (83,45) (81,45) (15,43) (16,40) (80,41) (17,36) (79,37) (18,35) (78,33) (19,32) (77,30) (20,32) (76,28) (21,31) (75,25) (22,27) (74,23) (23,24) (73,22) (24,22) (72,17) (25,17) (71,14) (70,15) (26,16) (69,14) (27,15) (68,13) (28,11) (67,9) (29,11) (66,5) (38,10) (30,9) (37,8) (32,9) (31,9) (33,8) (36,7) (35,7) (34,7) 
(99,106) (0,101) (98,99) (1,93) (97,94) (2,86) (96,93) (3,83) (95,87) (94,87) (4,77) (93,85) (5,75) (92,79) (6,72) (91,75) (7,69) (90,72) (8,64) (89,67) (9,58) (88,63) (10,56) (87,62) (11,54) (86,59) (12,49) (85,55) (13,48) (84,51) (14,46) (83,45) (81,45) (15,43) (16,40) (80,41) (17,36) (79,37) (18,35) (78,33) (19,32) (77,30) (20,32) (76,28) (21,31) (75,25) (22,27) (74,23) (23,24) (73,22) (24,22) (72,17) (25,17) (71,14) (70,15) (26,16) (69,14) (27,15) (68,13) (28,11) (67,9) (29,11) (66,5) (38,10) (30,9) (37,8) (32,9) (31,9) (33,8) (36,7) (35,7) (34,7) 
(99,106) (0,101) (98,99) (1,93) (97,94) (2,86) (96,93) (3,83) (95,87) (94,87) (4,77) (93,85) (5,75) (92,79) (6,72) (91,75) (7,69) (90,72) (8,64) (89,67) (9,58) (88,63) (10,56) (87,62) (11,54) (86,59) (12,49) (85,55) (13,48) (84,51) (14,46) (83,45) (81,45) (15,43) (16,40) (80,41) (17,36) (79,37) (18,35) (78,33) (19,32) (77,30) (20,32) (76,28) (21,31) (75,25) (22,27) (74,23) (23,24) (73,22) (24,22) (72,17) (25,17) (71,14) (70,15) (26,16) (69,14) (27,15) (68,13) (28,11) (67,9) (29,11) (66,5) (38,10) (30,9) (65,2) (42,7) (40,7) (39,7) 
(99,106) (0,101) (98,99) (1,93) (97,94) (2,86) (96,93) (3,83) (95,87) (94,87) (4,77) (93,85) (5,75) (92,79) (6,72) (91,75) (7,69) (90,72) (8,64) (89,67) (9,58) (88,63) (10,56) (87,62) (11,54) (86,59) (12,49) (85,55) (13,48) (84,51) (14,46) (83,45) (81,45) (15,43) (16,40) (80,41) (17,36) (79,37) (18,35) (78,33) (19,32) (77,30) (20,32) (76,28) (21,31) (75,25) (22,27) (74,23) (23,24) (73,22) (24,22) (72,17) (25,17) (71,14) (70,15) (26,16) (69,14) (27,15) (68,13) (28,11) (67,9) (29,11) (66,5) (38,10) (30,9) (65,2) (42,7) (40,7) (39,7) 
(99,106) (0,101) (98,99) (1,93) (97,94) (2,86) (96,93) (3,83) (95,87) (94,87) (4,77) (93,85) (5,75) (92,79) (6,72) (91,75) (7,69) (90,72) (8,64) (89,67) (9,58) (88,63) (10,56) (87,62) (11,54) (86,59) (12,49) (85,55) (13,48) (84,51) (14,46) (83,45) (81,45) (15,43) (16,40) (80,41) (17,36) (79,37) (18,35) (78,33) (19,32) (77,30) (20,32) (76,28) (21,31) (75,25) (22,27) (74,23) (23,24) (73,22) (24,22) (72,17) (25,17) (71,14) (70,15) (26,16) (69,14) (27,15) (68,13) (28,11) (67,9) (29,11) (66,5) (38,10) (30,9) (65,2) (42,7) (64,-3) (63,-2) (47,5) (44,6) (62,-3) (59,-1) (48,2) (49,2) (50,2) (51,0) (52,-1) (53,-3) (54,-2) (55,-3) (56,-5) (57,-5) (58,-3) 
(99,106) (0,101) (98,99) (1,93) (97,94) (2,86) (96,93) (3,83) (95,87) (94,87) (4,77) (93,85) (5,75) (92,79) (6,72) (91,75) (7,69) (90,72) (8,64) (89,67) (9,58) (88,63) (10,56) (87,62) (11,54) (86,59) (12,49) (85,55) (13,48) (84,51) (14,46) (83,45) (81,45) (15,43) (16,40) (80,41) (17,36) (79,37) (18,35) (78,33) (19,32) (77,30) (20,32) (76,28) (21,31) (75,25) (22,27) (74,23) (23,24) (73,22) (24,22) (72,17) (25,17) (71,14) (70,15) (26,16) (69,14) (27,15) (68,13) (28,11) (67,9) (29,11) (66,5) (38,10) (30,9) (65,2) (42,7) (64,-3) (63,-2) (47,5) (44,6) (62,-3) (59,-1) (60,-4) (61,-3) 
TD 35 :
(99,106) (0,101) (98,99) (1,93) (97,94) (2,86) (96,93) (3,83) (95,87) (94,87) (4,77) (93,85) (5,75) (92,79) (6,72) (91,75) (7,69) (90,72) (8,64) (89,67) (9,58) (88,63) (10,56) (87,62) (11,54) (86,59) (12,49) (85,55) (13,48) (84,51) (14,46) (83,45) (81,45) (15,43) (16,40) (80,41) (17,36) (79,37) (18,35) (78,33) (19,32) (77,30) (20,32) (76,28) (21,31) (75,25) (22,27) (74,23) (23,24) (73,22) (24,22) (72,17) (25,17) (71,14) (70,15) (26,16) (69,14) (27,15) (68,13) (28,11) (67,9) (29,11) (66,5) (38,10) (30,9) (65,2) (42,7) (64,-3) (63,-2) (47,5) (44,6) (62,-3) (59,-1) (50,2) (48,2) (49,2) 
(99,106) (0,101) (98,99) (1,93) (97,94) (2,86) (96,93) (3,83) (95,87) (94,87) (4,77) (93,85) (5,75) (92,79) (6,72) (91,75) (7,69) (90,72) (8,64) (89,67) (9,58) (88,63) (10,56) (87,62) (11,54) (86,59) (12,49) (85,55) (13,48) (84,51) (14,46) (83,45) (81,45) (15,43) (16,40) (80,41) (17,36) (79,37) (18,35) (78,33) (19,32) (77,30) (20,32) (76,28) (21,31) (75,25) (22,27) (74,23) (23,24) (73,22) (24,22) (72,17) (25,17) (71,14) (70,15) (26,16) (69,14) (27,15) (68,13) (28,11) (67,9) (29,11) (66,5) (38,10) (30,9) (65,2) (42,7) (64,-3) (63,-2) (47,5) (44,6) (62,-3) (59,-1) (50,2) (51,0) (52,-1) (53,-3) (54,-2) (55,-3) (56,-5) (57,-5) (58,-3) 
(99,106) (0,101) (98,99) (1,93) (97,94) (2,86) (96,93) (3,83) (95,87) (94,87) (4,77) (93,85) (5,75) (92,79) (6,72) (91,75) (7,69) (90,72) (8,64) (89,67) (9,58) (88,63) (10,56) (87,62) (11,54) (86,59) (12,49) (85,55) (13,48) (84,51) (14,46) (83,45) (81,45) (15,43) (16,40) (80,41) (17,36) (79,37) (18,35) (78,33) (19,32) (77,30) (20,32) (76,28) (21,31) (75,25) (22,27) (74,23) (23,24) (73,22) (24,22) (72,17) (25,17) (71,14) (70,15) (26,16) (69,14) (27,15) (68,13) (28,11) (67,9) (29,11) (66,5) (38,10) (30,9) (65,2) (42,7) (64,-3) (63,-2) (47,5) (44,6) (62,-3) (59,-1) (61,-3) (60,-4) 
TD 36 :
(99,106) (0,101) (98,99) (1,93) (97,94) (2,86) (96,93) (3,83) (95,87) (94,87) (4,77) (93,85) (5,75) (92,79) (6,72) (91,75) (7,69) (90,72) (8,64) (89,67) (9,58) (88,63) (10,56) (87,62) (11,54) (86,59) (12,49) (85,55) (13,48) (84,51) (14,46) (83,45) (81,45) (15,43) (16,40) (80,41) (17,36) (79,37) (18,35) (78,33) (19,32) (77,30) (20,32) (76,28) (21,31) (75,25) (22,27) (74,23) (23,24) (73,22) (24,22) (72,17) (25,17) (71,14) (70,15) (26,16) (69,14) (27,15) (68,13) (28,11) (67,9) (29,11) (66,5) (38,10) (30,9) (65,2) (42,7) (64,-3) (63,-2) (47,5) (44,6) (62,-3) (59,-1) (50,2) (49,2) (48,2) 
(99,106) (0,101) (98,99) (1,93) (97,94) (2,86) (96,93) (3,83) (95,87) (94,87) (4,77) (93,85) (5,75) (92,79) (6,72) (91,75) (7,69) (90,72) (8,64) (89,67) (9,58) (88,63) (10,56) (87,62) (11,54) (86,59) (12,49) (85,55) (13,48) (84,51) (14,46) (83,45) (81,45) (15,43) (16,40) (80,41) (17,36) (79,37) (18,35) (78,33) (19,32) (77,30) (20,32) (76,28) (21,31) (75,25) (22,27) (74,23) (23,24) (73,22) (24,22) (72,17) (25,17) (71,14) (70,15) (26,16) (69,14) (27,15) (68,13) (28,11) (67,9) (29,11) (66,5) (38,10) (30,9) (65,2) (42,7) (64,-3) (63,-2) (47,5) (44,6) (62,-3) (59,-1) (50,2) (49,2) 
(99,106) (0,101) (98,99) (1,93) (97,94) (2,86) (96,93) (3,83) (95,87) (94,87) (4,77) (93,85) (5,75) (92,79) (6,72) (91,75) (7,69) (90,72) (8,64) (89,67) (9,58) (88,63) (10,56) (87,62) (11,54) (86,59) (12,49) (85,55) (13,48) (84,51) (14,46) (83,45) (81,45) (15,43) (16,40) (80,41) (17,36) (79,37) (18,35) (78,33) (19,32) (77,30) (20,32) (76,28) (21,31) (75,25) (22,27) (74,23) (23,24) (73,22) (24,22) (72,17) (25,17) (71,14) (70,15) (26,16) (69,14) (27,15) (68,13) (28,11) (67,9) (29,11) (66,5) (38,10) (30,9) (65,2) (42,7) (64,-3) (63,-2) (47,5) (44,6) (62,-3) (59,-1) (61,-3) (60,-4) 
TD 37 :
(99,106) (0,101) (98,99) (1,93) (97,94) (2,86) (96,93) (3,83) (95,87) (94,87) (4,77) (93,85) (5,75) (92,79) (6,72) (91,75) (7,69) (90,72) (8,64) (89,67) (9,58) (88,63) (10,56) (87,62) (11,54) (86,59) (12,49) (85,55) (13,48) (84,51) (14,46) (83,45) (81,45) (15,43) (16,40) (80,41) (17,36) (79,37) (18,35) (78,33) (19,32) (77,30) (20,32) (76,28) (21,31) (75,25) (22,27) (74,23) (23,24) (73,22) (24,22) (72,17) (25,17) (71,14) (70,15) (26,16) (69,14) (27,15) (68,13) (28,11) (67,9) (29,11) (66,5) (38,10) (30,9) (65,2) (42,7) (64,-3) (63,-2) (47,5) (44,6) (62,-3) (59,-1) (50,2) (49,2) (48,2) 
(99,106) (0,101) (98,99) (1,93) (97,94) (2,86) (96,93) (3,83) (95,87) (94,87) (4,77) (93,85) (5,75) (92,79) (6,72) (91,75) (7,69) (90,72) (8,64) (89,67) (9,58) (88,63) (10,56) (87,62) (11,54) (86,59) (12,49) (85,55) (13,48) (84,51) (14,46) (83,45) (81,45) (15,43) (16,40) (80,41) (17,36) (79,37) (18,35) (78,33) (19,32) (77,30) (20,32) (76,28) (21,31) (75,25) (22,27) (74,23) (23,24) (73,22) (24,22) (72,17) (25,17) (71,14) (70,15) (26,16) (69,14) (27,15) (68,13) (28,11) (67,9) (29,11) (66,5) (38,10) (30,9) (65,2) (42,7) (64,-3) (63,-2) (47,5) (44,6) (62,-3) (59,-1) (50,2) (49,2) (48,2) 
TD 38 :
TD 39 :
Pocket 0 :
()
Pocket 1 :
({  (0,101) ,(1,93) } {  (98,99) ,(99,106) } )
Pocket 2 :
({  (1,93) ,(0,101) } {  (99,106) ,(98,99) } )
Pocket 3 :
({  (2,86) ,(1,93) } {  (99,106) ,(97,94) } )
Pocket 4 :
({  (3,83) ,(2,86) } {  (99,106) ,(96,93) } )
Pocket 5 :
({  (4,77) ,(3,83) } {  (95,87) ,(94,87) } {  (4,77) ,(3,83) } {  (95,87) ,(94,87) } )
Pocket 6 :
({  (5,75) ,(4,77) } {  (99,106) ,(93,85) } )
Pocket 7 :
({  (6,72) ,(5,75) } {  (99,106) ,(92,79) } )
Pocket 8 :
({  (7,69) ,(6,72) } {  (99,106) ,(91,75) } )
Pocket 9 :
({  (8,64) ,(7,69) } {  (99,106) ,(90,72) } )
Pocket 10 :
({  (9,58) ,(8,64) } {  (99,106) ,(89,67) } )
Pocket 11 :
({  (10,56) ,(9,58) } {  (99,106) ,(88,63) } )
Pocket 12 :
({  (11,54) ,(10,56) } {  (99,106) ,(87,62) } )
Pocket 13 :
({  (12,49) ,(11,54) } {  (99,106) ,(86,59) } )
Pocket 14 :
({  (13,48) ,(12,49) } {  (99,106) ,(85,55) } )
Pocket 15 :
({  (14,46) ,(13,48) } {  (99,106) ,(84,51) } )
Pocket 16 :
({  (15,43) ,(14,46) } {  (82,44) ,(81,45) } {  (15,43) ,(14,46) } {  (82,44) ,(81,45) } )
Pocket 17 :
({  (16,40) ,(15,43) } {  (99,106) ,(82,44) } )
Pocket 18 :
({  (17,36) ,(16,40) } {  (99,106) ,(80,41) } )
Pocket 19 :
({  (18,35) ,(17,36) } {  (99,106) ,(79,37) } )
Pocket 20 :
({  (19,32) ,(18,35) } {  (99,106) ,(78,33) } )
Pocket 21 :
({  (20,32) ,(19,32) } {  (99,106) ,(77,30) } )
Pocket 22 :
({  (21,31) ,(20,32) } {  (99,106) ,(76,28) } )
Pocket 23 :
({  (22,27) ,(21,31) } {  (99,106) ,(75,25) } )
Pocket 24 :
({  (23,24) ,(22,27) } {  (99,106) ,(74,23) } )
Pocket 25 :
({  (24,22) ,(23,24) } {  (99,106) ,(73,22) } )
Pocket 26 :
({  (25,17) ,(24,22) } {  (99,106) ,(72,17) } )
Pocket 27 :
({  (26,16) ,(25,17) } {  (71,14) ,(70,15) } {  (26,16) ,(25,17) } {  (71,14) ,(70,15) } )
Pocket 28 :
({  (27,15) ,(26,16) } {  (99,106) ,(69,14) } )
Pocket 29 :
({  (28,11) ,(27,15) } {  (99,106) ,(68,13) } )
Pocket 30 :
({  (29,11) ,(28,11) } {  (99,106) ,(67,9) } )
Pocket 31 :
({  (30,9) ,(29,11) } {  (39,7) ,(38,10) } {  (30,9) ,(29,11) } {  (39,7) ,(38,10) } )
Pocket 32 :
({  (31,9) ,(30,9) } {  (33,8) ,(32,9) } {  (31,9) ,(30,9) } {  (33,8) ,(32,9) } {  (31,9) ,(30,9) } {  (33,8) ,(32,9) } {  (43,5) ,(42,7) } {  (43,5) ,(42,7) } )
Pocket 33 :
({  (33,8) ,(31,9) } {  (41,6) ,(40,7) } {  (41,6) ,(40,7) } {  (45,4) ,(44,6) } {  (45,4) ,(44,6) } {  (45,4) ,(44,6) } {  (45,4) ,(44,6) } )
Pocket 34 :
({  (34,7) ,(33,8) } {  (36,7) ,(35,7) } {  (34,7) ,(33,8) } {  (36,7) ,(35,7) } {  (34,7) ,(33,8) } {  (36,7) ,(35,7) } {  (99,106) ,(39,7) } {  (99,106) ,(39,7) } {  (60,-4) ,(59,-1) } {  (60,-4) ,(59,-1) } )
Pocket 35 :
({  (51,0) ,(50,2) } {  (51,0) ,(50,2) } {  (99,106) ,(61,-3) } )
Pocket 36 :
({  (99,106) ,(49,2) } {  (99,106) ,(49,2) } {  (99,106) ,(60,-4) } )
Pocket 37 :
({  (99,106) ,(48,2) } {  (99,106) ,(48,2) } )
Pocket 38 :
()
