39 layers in onion peeling: 
Layer 1
(99,114) (0,102) 
Layer 2
(98,108) (1,100) 
Layer 3
(97,102) (2,99) 
Layer 4
(96,99) (3,96) 
Layer 5
(95,93) (4,92) 
Layer 6
(94,90) (5,90) 
Layer 7
(93,88) (6,87) 
Layer 8
(92,85) (7,83) 
Layer 9
(91,81) (8,80) 
Layer 10
(90,78) (9,79) 
Layer 11
(89,74) (10,74) 
Layer 12
(88,72) (11,72) 
Layer 13
(87,70) (12,66) 
Layer 14
(86,64) (13,65) 
Layer 15
(85,62) (14,60) 
Layer 16
(84,59) (83,59) (15,54) 
Layer 17
(82,54) (16,53) 
Layer 18
(81,51) (17,52) 
Layer 19
(80,49) (20,48) (18,46) 
Layer 20
(79,48) (19,44) 
Layer 21
(78,47) (77,47) (21,44) 
Layer 22
(76,44) (22,43) 
Layer 23
(75,40) (23,40) 
Layer 24
(74,36) (24,39) 
Layer 25
(73,36) (25,38) 
Layer 26
(72,32) (27,32) (26,32) 
Layer 27
(71,29) (28,31) 
Layer 28
(70,25) (29,30) 
Layer 29
(69,24) (30,29) 
Layer 30
(68,23) (32,27) (31,26) 
Layer 31
(67,21) (33,25) 
Layer 32
(66,20) (62,21) (35,24) (34,24) 
Layer 33
(65,19) (63,20) (36,21) 
Layer 34
(64,19) (61,19) (59,19) (58,19) (37,17) 
Layer 35
(60,18) (50,17) (38,15) 
Layer 36
(57,17) (55,17) (39,14) 
Layer 37
(56,16) (48,15) (40,12) 
Layer 38
(54,14) (51,15) (49,15) (41,9) 
Layer 39
(53,12) (52,13) (47,13) (44,11) (43,10) (42,8) 
---------------------------------------------------------------------------------------
TD 0 :
(99,114) (98,108) (97,102) (96,99) (95,93) (94,90) (93,88) (92,85) (91,81) (90,78) (89,74) (88,72) (87,70) (86,64) (85,62) (84,59) (83,59) (82,54) (81,51) (80,49) (79,48) (78,47) (77,47) (76,44) (75,40) (74,36) (73,36) (72,32) (71,29) (70,25) (69,24) (68,23) (67,21) (66,20) (65,19) (64,19) (63,20) (62,21) (61,19) (60,18) (59,19) (58,19) (57,17) (56,16) (55,17) (54,14) (53,12) (52,13) (51,15) (50,17) (49,15) (48,15) (47,13) (46,11) (45,9) (44,11) (43,10) (42,8) (41,9) (40,12) (39,14) (38,15) (37,17) (36,21) (35,24) (34,24) (33,25) (32,27) (31,26) (30,29) (29,30) (28,31) (27,32) (26,32) (25,38) (24,39) (23,40) (22,43) (21,44) (20,48) (19,44) (18,46) (17,52) (16,53) (15,54) (14,60) (13,65) (12,66) (11,72) (10,74) (9,79) (8,80) (7,83) (6,87) (5,90) (4,92) (3,96) (2,99) (1,100) (0,102) 
TD 1 :
(99,114) (0,102) (1,100) (2,99) (3,96) (4,92) (5,90) (6,87) (7,83) (8,80) (9,79) (10,74) (11,72) (12,66) (13,65) (14,60) (15,54) (16,53) (17,52) (18,46) (19,44) (20,48) (21,44) (22,43) (23,40) (24,39) (25,38) (26,32) (27,32) (28,31) (29,30) (30,29) (31,26) (32,27) (33,25) (34,24) (35,24) (36,21) (37,17) (38,15) (39,14) (40,12) (41,9) (42,8) (43,10) (44,11) (45,9) (46,11) (47,13) (48,15) (49,15) (50,17) (51,15) (52,13) (53,12) (54,14) (55,17) (56,16) (57,17) (58,19) (59,19) (60,18) (61,19) (62,21) (63,20) (64,19) (65,19) (66,20) (67,21) (68,23) (69,24) (70,25) (71,29) (72,32) (73,36) (74,36) (75,40) (76,44) (77,47) (78,47) (79,48) (80,49) (81,51) (82,54) (83,59) (84,59) (85,62) (86,64) (87,70) (88,72) (89,74) (90,78) (91,81) (92,85) (93,88) (94,90) (95,93) (96,99) (97,102) (98,108) 
TD 2 :
(99,114) (0,102) (98,108) (1,100) (2,99) (3,96) (4,92) (5,90) (6,87) (7,83) (8,80) (9,79) (10,74) (11,72) (12,66) (13,65) (14,60) (15,54) (16,53) (17,52) (18,46) (19,44) (20,48) (21,44) (22,43) (23,40) (24,39) (25,38) (26,32) (27,32) (28,31) (29,30) (30,29) (31,26) (32,27) (33,25) (34,24) (35,24) (36,21) (37,17) (38,15) (39,14) (40,12) (41,9) (42,8) (43,10) (44,11) (45,9) (46,11) (47,13) (48,15) (49,15) (50,17) (51,15) (52,13) (53,12) (54,14) (55,17) (56,16) (57,17) (58,19) (59,19) (60,18) (61,19) (62,21) (63,20) (64,19) (65,19) (66,20) (67,21) (68,23) (69,24) (70,25) (71,29) (72,32) (73,36) (74,36) (75,40) (76,44) (77,47) (78,47) (79,48) (80,49) (81,51) (82,54) (83,59) (84,59) (85,62) (86,64) (87,70) (88,72) (89,74) (90,78) (91,81) (92,85) (93,88) (94,90) (95,93) (96,99) (97,102) 
TD 3 :
(99,114) (0,102) (98,108) (1,100) (97,102) (2,99) (3,96) (4,92) (5,90) (6,87) (7,83) (8,80) (9,79) (10,74) (11,72) (12,66) (13,65) (14,60) (15,54) (16,53) (17,52) (18,46) (19,44) (20,48) (21,44) (22,43) (23,40) (24,39) (25,38) (26,32) (27,32) (28,31) (29,30) (30,29) (31,26) (32,27) (33,25) (34,24) (35,24) (36,21) (37,17) (38,15) (39,14) (40,12) (41,9) (42,8) (43,10) (44,11) (45,9) (46,11) (47,13) (48,15) (49,15) (50,17) (51,15) (52,13) (53,12) (54,14) (55,17) (56,16) (57,17) (58,19) (59,19) (60,18) (61,19) (62,21) (63,20) (64,19) (65,19) (66,20) (67,21) (68,23) (69,24) (70,25) (71,29) (72,32) (73,36) (74,36) (75,40) (76,44) (77,47) (78,47) (79,48) (80,49) (81,51) (82,54) (83,59) (84,59) (85,62) (86,64) (87,70) (88,72) (89,74) (90,78) (91,81) (92,85) (93,88) (94,90) (95,93) (96,99) 
TD 4 :
(99,114) (0,102) (98,108) (1,100) (97,102) (2,99) (96,99) (3,96) (4,92) (5,90) (6,87) (7,83) (8,80) (9,79) (10,74) (11,72) (12,66) (13,65) (14,60) (15,54) (16,53) (17,52) (18,46) (19,44) (20,48) (21,44) (22,43) (23,40) (24,39) (25,38) (26,32) (27,32) (28,31) (29,30) (30,29) (31,26) (32,27) (33,25) (34,24) (35,24) (36,21) (37,17) (38,15) (39,14) (40,12) (41,9) (42,8) (43,10) (44,11) (45,9) (46,11) (47,13) (48,15) (49,15) (50,17) (51,15) (52,13) (53,12) (54,14) (55,17) (56,16) (57,17) (58,19) (59,19) (60,18) (61,19) (62,21) (63,20) (64,19) (65,19) (66,20) (67,21) (68,23) (69,24) (70,25) (71,29) (72,32) (73,36) (74,36) (75,40) (76,44) (77,47) (78,47) (79,48) (80,49) (81,51) (82,54) (83,59) (84,59) (85,62) (86,64) (87,70) (88,72) (89,74) (90,78) (91,81) (92,85) (93,88) (94,90) (95,93) 
TD 5 :
(99,114) (0,102) (98,108) (1,100) (97,102) (2,99) (96,99) (3,96) (95,93) (4,92) (5,90) (6,87) (7,83) (8,80) (9,79) (10,74) (11,72) (12,66) (13,65) (14,60) (15,54) (16,53) (17,52) (18,46) (19,44) (20,48) (21,44) (22,43) (23,40) (24,39) (25,38) (26,32) (27,32) (28,31) (29,30) (30,29) (31,26) (32,27) (33,25) (34,24) (35,24) (36,21) (37,17) (38,15) (39,14) (40,12) (41,9) (42,8) (43,10) (44,11) (45,9) (46,11) (47,13) (48,15) (49,15) (50,17) (51,15) (52,13) (53,12) (54,14) (55,17) (56,16) (57,17) (58,19) (59,19) (60,18) (61,19) (62,21) (63,20) (64,19) (65,19) (66,20) (67,21) (68,23) (69,24) (70,25) (71,29) (72,32) (73,36) (74,36) (75,40) (76,44) (77,47) (78,47) (79,48) (80,49) (81,51) (82,54) (83,59) (84,59) (85,62) (86,64) (87,70) (88,72) (89,74) (90,78) (91,81) (92,85) (93,88) (94,90) 
TD 6 :
(99,114) (0,102) (98,108) (1,100) (97,102) (2,99) (96,99) (3,96) (95,93) (4,92) (94,90) (5,90) (6,87) (7,83) (8,80) (9,79) (10,74) (11,72) (12,66) (13,65) (14,60) (15,54) (16,53) (17,52) (18,46) (19,44) (20,48) (21,44) (22,43) (23,40) (24,39) (25,38) (26,32) (27,32) (28,31) (29,30) (30,29) (31,26) (32,27) (33,25) (34,24) (35,24) (36,21) (37,17) (38,15) (39,14) (40,12) (41,9) (42,8) (43,10) (44,11) (45,9) (46,11) (47,13) (48,15) (49,15) (50,17) (51,15) (52,13) (53,12) (54,14) (55,17) (56,16) (57,17) (58,19) (59,19) (60,18) (61,19) (62,21) (63,20) (64,19) (65,19) (66,20) (67,21) (68,23) (69,24) (70,25) (71,29) (72,32) (73,36) (74,36) (75,40) (76,44) (77,47) (78,47) (79,48) (80,49) (81,51) (82,54) (83,59) (84,59) (85,62) (86,64) (87,70) (88,72) (89,74) (90,78) (91,81) (92,85) (93,88) 
TD 7 :
(99,114) (0,102) (98,108) (1,100) (97,102) (2,99) (96,99) (3,96) (95,93) (4,92) (94,90) (5,90) (93,88) (6,87) (7,83) (8,80) (9,79) (10,74) (11,72) (12,66) (13,65) (14,60) (15,54) (16,53) (17,52) (18,46) (19,44) (20,48) (21,44) (22,43) (23,40) (24,39) (25,38) (26,32) (27,32) (28,31) (29,30) (30,29) (31,26) (32,27) (33,25) (34,24) (35,24) (36,21) (37,17) (38,15) (39,14) (40,12) (41,9) (42,8) (43,10) (44,11) (45,9) (46,11) (47,13) (48,15) (49,15) (50,17) (51,15) (52,13) (53,12) (54,14) (55,17) (56,16) (57,17) (58,19) (59,19) (60,18) (61,19) (62,21) (63,20) (64,19) (65,19) (66,20) (67,21) (68,23) (69,24) (70,25) (71,29) (72,32) (73,36) (74,36) (75,40) (76,44) (77,47) (78,47) (79,48) (80,49) (81,51) (82,54) (83,59) (84,59) (85,62) (86,64) (87,70) (88,72) (89,74) (90,78) (91,81) (92,85) 
TD 8 :
(99,114) (0,102) (98,108) (1,100) (97,102) (2,99) (96,99) (3,96) (95,93) (4,92) (94,90) (5,90) (93,88) (6,87) (92,85) (7,83) (8,80) (9,79) (10,74) (11,72) (12,66) (13,65) (14,60) (15,54) (16,53) (17,52) (18,46) (19,44) (20,48) (21,44) (22,43) (23,40) (24,39) (25,38) (26,32) (27,32) (28,31) (29,30) (30,29) (31,26) (32,27) (33,25) (34,24) (35,24) (36,21) (37,17) (38,15) (39,14) (40,12) (41,9) (42,8) (43,10) (44,11) (45,9) (46,11) (47,13) (48,15) (49,15) (50,17) (51,15) (52,13) (53,12) (54,14) (55,17) (56,16) (57,17) (58,19) (59,19) (60,18) (61,19) (62,21) (63,20) (64,19) (65,19) (66,20) (67,21) (68,23) (69,24) (70,25) (71,29) (72,32) (73,36) (74,36) (75,40) (76,44) (77,47) (78,47) (79,48) (80,49) (81,51) (82,54) (83,59) (84,59) (85,62) (86,64) (87,70) (88,72) (89,74) (90,78) (91,81) 
TD 9 :
(99,114) (0,102) (98,108) (1,100) (97,102) (2,99) (96,99) (3,96) (95,93) (4,92) (94,90) (5,90) (93,88) (6,87) (92,85) (7,83) (91,81) (8,80) (9,79) (10,74) (11,72) (12,66) (13,65) (14,60) (15,54) (16,53) (17,52) (18,46) (19,44) (20,48) (21,44) (22,43) (23,40) (24,39) (25,38) (26,32) (27,32) (28,31) (29,30) (30,29) (31,26) (32,27) (33,25) (34,24) (35,24) (36,21) (37,17) (38,15) (39,14) (40,12) (41,9) (42,8) (43,10) (44,11) (45,9) (46,11) (47,13) (48,15) (49,15) (50,17) (51,15) (52,13) (53,12) (54,14) (55,17) (56,16) (57,17) (58,19) (59,19) (60,18) (61,19) (62,21) (63,20) (64,19) (65,19) (66,20) (67,21) (68,23) (69,24) (70,25) (71,29) (72,32) (73,36) (74,36) (75,40) (76,44) (77,47) (78,47) (79,48) (80,49) (81,51) (82,54) (83,59) (84,59) (85,62) (86,64) (87,70) (88,72) (89,74) (90,78) 
TD 10 :
(99,114) (0,102) (98,108) (1,100) (97,102) (2,99) (96,99) (3,96) (95,93) (4,92) (94,90) (5,90) (93,88) (6,87) (92,85) (7,83) (91,81) (8,80) (90,78) (9,79) (10,74) (11,72) (12,66) (13,65) (14,60) (15,54) (16,53) (17,52) (18,46) (19,44) (20,48) (21,44) (22,43) (23,40) (24,39) (25,38) (26,32) (27,32) (28,31) (29,30) (30,29) (31,26) (32,27) (33,25) (34,24) (35,24) (36,21) (37,17) (38,15) (39,14) (40,12) (41,9) (42,8) (43,10) (44,11) (45,9) (46,11) (47,13) (48,15) (49,15) (50,17) (51,15) (52,13) (53,12) (54,14) (55,17) (56,16) (57,17) (58,19) (59,19) (60,18) (61,19) (62,21) (63,20) (64,19) (65,19) (66,20) (67,21) (68,23) (69,24) (70,25) (71,29) (72,32) (73,36) (74,36) (75,40) (76,44) (77,47) (78,47) (79,48) (80,49) (81,51) (82,54) (83,59) (84,59) (85,62) (86,64) (87,70) (88,72) (89,74) 
TD 11 :
(99,114) (0,102) (98,108) (1,100) (97,102) (2,99) (96,99) (3,96) (95,93) (4,92) (94,90) (5,90) (93,88) (6,87) (92,85) (7,83) (91,81) (8,80) (90,78) (9,79) (89,74) (10,74) (11,72) (12,66) (13,65) (14,60) (15,54) (16,53) (17,52) (18,46) (19,44) (20,48) (21,44) (22,43) (23,40) (24,39) (25,38) (26,32) (27,32) (28,31) (29,30) (30,29) (31,26) (32,27) (33,25) (34,24) (35,24) (36,21) (37,17) (38,15) (39,14) (40,12) (41,9) (42,8) (43,10) (44,11) (45,9) (46,11) (47,13) (48,15) (49,15) (50,17) (51,15) (52,13) (53,12) (54,14) (55,17) (56,16) (57,17) (58,19) (59,19) (60,18) (61,19) (62,21) (63,20) (64,19) (65,19) (66,20) (67,21) (68,23) (69,24) (70,25) (71,29) (72,32) (73,36) (74,36) (75,40) (76,44) (77,47) (78,47) (79,48) (80,49) (81,51) (82,54) (83,59) (84,59) (85,62) (86,64) (87,70) (88,72) 
TD 12 :
(99,114) (0,102) (98,108) (1,100) (97,102) (2,99) (96,99) (3,96) (95,93) (4,92) (94,90) (5,90) (93,88) (6,87) (92,85) (7,83) (91,81) (8,80) (90,78) (9,79) (89,74) (10,74) (88,72) (11,72) (12,66) (13,65) (14,60) (15,54) (16,53) (17,52) (18,46) (19,44) (20,48) (21,44) (22,43) (23,40) (24,39) (25,38) (26,32) (27,32) (28,31) (29,30) (30,29) (31,26) (32,27) (33,25) (34,24) (35,24) (36,21) (37,17) (38,15) (39,14) (40,12) (41,9) (42,8) (43,10) (44,11) (45,9) (46,11) (47,13) (48,15) (49,15) (50,17) (51,15) (52,13) (53,12) (54,14) (55,17) (56,16) (57,17) (58,19) (59,19) (60,18) (61,19) (62,21) (63,20) (64,19) (65,19) (66,20) (67,21) (68,23) (69,24) (70,25) (71,29) (72,32) (73,36) (74,36) (75,40) (76,44) (77,47) (78,47) (79,48) (80,49) (81,51) (82,54) (83,59) (84,59) (85,62) (86,64) (87,70) 
TD 13 :
(99,114) (0,102) (98,108) (1,100) (97,102) (2,99) (96,99) (3,96) (95,93) (4,92) (94,90) (5,90) (93,88) (6,87) (92,85) (7,83) (91,81) (8,80) (90,78) (9,79) (89,74) (10,74) (88,72) (11,72) (87,70) (12,66) (13,65) (14,60) (15,54) (16,53) (17,52) (18,46) (19,44) (20,48) (21,44) (22,43) (23,40) (24,39) (25,38) (26,32) (27,32) (28,31) (29,30) (30,29) (31,26) (32,27) (33,25) (34,24) (35,24) (36,21) (37,17) (38,15) (39,14) (40,12) (41,9) (42,8) (43,10) (44,11) (45,9) (46,11) (47,13) (48,15) (49,15) (50,17) (51,15) (52,13) (53,12) (54,14) (55,17) (56,16) (57,17) (58,19) (59,19) (60,18) (61,19) (62,21) (63,20) (64,19) (65,19) (66,20) (67,21) (68,23) (69,24) (70,25) (71,29) (72,32) (73,36) (74,36) (75,40) (76,44) (77,47) (78,47) (79,48) (80,49) (81,51) (82,54) (83,59) (84,59) (85,62) (86,64) 
TD 14 :
(99,114) (0,102) (98,108) (1,100) (97,102) (2,99) (96,99) (3,96) (95,93) (4,92) (94,90) (5,90) (93,88) (6,87) (92,85) (7,83) (91,81) (8,80) (90,78) (9,79) (89,74) (10,74) (88,72) (11,72) (87,70) (12,66) (86,64) (13,65) (14,60) (15,54) (16,53) (17,52) (18,46) (19,44) (20,48) (21,44) (22,43) (23,40) (24,39) (25,38) (26,32) (27,32) (28,31) (29,30) (30,29) (31,26) (32,27) (33,25) (34,24) (35,24) (36,21) (37,17) (38,15) (39,14) (40,12) (41,9) (42,8) (43,10) (44,11) (45,9) (46,11) (47,13) (48,15) (49,15) (50,17) (51,15) (52,13) (53,12) (54,14) (55,17) (56,16) (57,17) (58,19) (59,19) (60,18) (61,19) (62,21) (63,20) (64,19) (65,19) (66,20) (67,21) (68,23) (69,24) (70,25) (71,29) (72,32) (73,36) (74,36) (75,40) (76,44) (77,47) (78,47) (79,48) (80,49) (81,51) (82,54) (83,59) (84,59) (85,62) 
TD 15 :
(99,114) (0,102) (98,108) (1,100) (97,102) (2,99) (96,99) (3,96) (95,93) (4,92) (94,90) (5,90) (93,88) (6,87) (92,85) (7,83) (91,81) (8,80) (90,78) (9,79) (89,74) (10,74) (88,72) (11,72) (87,70) (12,66) (86,64) (13,65) (85,62) (14,60) (15,54) (16,53) (17,52) (18,46) (19,44) (20,48) (21,44) (22,43) (23,40) (24,39) (25,38) (26,32) (27,32) (28,31) (29,30) (30,29) (31,26) (32,27) (33,25) (34,24) (35,24) (36,21) (37,17) (38,15) (39,14) (40,12) (41,9) (42,8) (43,10) (44,11) (45,9) (46,11) (47,13) (48,15) (49,15) (50,17) (51,15) (52,13) (53,12) (54,14) (55,17) (56,16) (57,17) (58,19) (59,19) (60,18) (61,19) (62,21) (63,20) (64,19) (65,19) (66,20) (67,21) (68,23) (69,24) (70,25) (71,29) (72,32) (73,36) (74,36) (75,40) (76,44) (77,47) (78,47) (79,48) (80,49) (81,51) (82,54) (83,59) (84,59) 
TD 16 :
(99,114) (0,102) (98,108) (1,100) (97,102) (2,99) (96,99) (3,96) (95,93) (4,92) (94,90) (5,90) (93,88) (6,87) (92,85) (7,83) (91,81) (8,80) (90,78) (9,79) (89,74) (10,74) (88,72) (11,72) (87,70) (12,66) (86,64) (13,65) (85,62) (14,60) (84,59) (83,59) (15,54) (16,53) (17,52) (18,46) (19,44) (20,48) (21,44) (22,43) (23,40) (24,39) (25,38) (26,32) (27,32) (28,31) (29,30) (30,29) (31,26) (32,27) (33,25) (34,24) (35,24) (36,21) (37,17) (38,15) (39,14) (40,12) (41,9) (42,8) (43,10) (44,11) (45,9) (46,11) (47,13) (48,15) (49,15) (50,17) (51,15) (52,13) (53,12) (54,14) (55,17) (56,16) (57,17) (58,19) (59,19) (60,18) (61,19) (62,21) (63,20) (64,19) (65,19) (66,20) (67,21) (68,23) (69,24) (70,25) (71,29) (72,32) (73,36) (74,36) (75,40) (76,44) (77,47) (78,47) (79,48) (80,49) (81,51) (82,54) 
(99,114) (0,102) (98,108) (1,100) (97,102) (2,99) (96,99) (3,96) (95,93) (4,92) (94,90) (5,90) (93,88) (6,87) (92,85) (7,83) (91,81) (8,80) (90,78) (9,79) (89,74) (10,74) (88,72) (11,72) (87,70) (12,66) (86,64) (13,65) (85,62) (14,60) (84,59) (83,59) (15,54) 
TD 17 :
(99,114) (0,102) (98,108) (1,100) (97,102) (2,99) (96,99) (3,96) (95,93) (4,92) (94,90) (5,90) (93,88) (6,87) (92,85) (7,83) (91,81) (8,80) (90,78) (9,79) (89,74) (10,74) (88,72) (11,72) (87,70) (12,66) (86,64) (13,65) (85,62) (14,60) (84,59) (83,59) (15,54) (82,54) (16,53) (17,52) (18,46) (19,44) (20,48) (21,44) (22,43) (23,40) (24,39) (25,38) (26,32) (27,32) (28,31) (29,30) (30,29) (31,26) (32,27) (33,25) (34,24) (35,24) (36,21) (37,17) (38,15) (39,14) (40,12) (41,9) (42,8) (43,10) (44,11) (45,9) (46,11) (47,13) (48,15) (49,15) (50,17) (51,15) (52,13) (53,12) (54,14) (55,17) (56,16) (57,17) (58,19) (59,19) (60,18) (61,19) (62,21) (63,20) (64,19) (65,19) (66,20) (67,21) (68,23) (69,24) (70,25) (71,29) (72,32) (73,36) (74,36) (75,40) (76,44) (77,47) (78,47) (79,48) (80,49) (81,51) 
TD 18 :
(99,114) (0,102) (98,108) (1,100) (97,102) (2,99) (96,99) (3,96) (95,93) (4,92) (94,90) (5,90) (93,88) (6,87) (92,85) (7,83) (91,81) (8,80) (90,78) (9,79) (89,74) (10,74) (88,72) (11,72) (87,70) (12,66) (86,64) (13,65) (85,62) (14,60) (84,59) (83,59) (15,54) (82,54) (16,53) (81,51) (17,52) (18,46) (19,44) (20,48) (21,44) (22,43) (23,40) (24,39) (25,38) (26,32) (27,32) (28,31) (29,30) (30,29) (31,26) (32,27) (33,25) (34,24) (35,24) (36,21) (37,17) (38,15) (39,14) (40,12) (41,9) (42,8) (43,10) (44,11) (45,9) (46,11) (47,13) (48,15) (49,15) (50,17) (51,15) (52,13) (53,12) (54,14) (55,17) (56,16) (57,17) (58,19) (59,19) (60,18) (61,19) (62,21) (63,20) (64,19) (65,19) (66,20) (67,21) (68,23) (69,24) (70,25) (71,29) (72,32) (73,36) (74,36) (75,40) (76,44) (77,47) (78,47) (79,48) (80,49) 
TD 19 :
(99,114) (0,102) (98,108) (1,100) (97,102) (2,99) (96,99) (3,96) (95,93) (4,92) (94,90) (5,90) (93,88) (6,87) (92,85) (7,83) (91,81) (8,80) (90,78) (9,79) (89,74) (10,74) (88,72) (11,72) (87,70) (12,66) (86,64) (13,65) (85,62) (14,60) (84,59) (83,59) (15,54) (82,54) (16,53) (81,51) (17,52) (80,49) (20,48) (18,46) (19,44) 
(99,114) (0,102) (98,108) (1,100) (97,102) (2,99) (96,99) (3,96) (95,93) (4,92) (94,90) (5,90) (93,88) (6,87) (92,85) (7,83) (91,81) (8,80) (90,78) (9,79) (89,74) (10,74) (88,72) (11,72) (87,70) (12,66) (86,64) (13,65) (85,62) (14,60) (84,59) (83,59) (15,54) (82,54) (16,53) (81,51) (17,52) (80,49) (20,48) (18,46) (21,44) (22,43) (23,40) (24,39) (25,38) (26,32) (27,32) (28,31) (29,30) (30,29) (31,26) (32,27) (33,25) (34,24) (35,24) (36,21) (37,17) (38,15) (39,14) (40,12) (41,9) (42,8) (43,10) (44,11) (45,9) (46,11) (47,13) (48,15) (49,15) (50,17) (51,15) (52,13) (53,12) (54,14) (55,17) (56,16) (57,17) (58,19) (59,19) (60,18) (61,19) (62,21) (63,20) (64,19) (65,19) (66,20) (67,21) (68,23) (69,24) (70,25) (71,29) (72,32) (73,36) (74,36) (75,40) (76,44) (77,47) (78,47) (79,48) 
TD 20 :
(99,114) (0,102) (98,108) (1,100) (97,102) (2,99) (96,99) (3,96) (95,93) (4,92) (94,90) (5,90) (93,88) (6,87) (92,85) (7,83) (91,81) (8,80) (90,78) (9,79) (89,74) (10,74) (88,72) (11,72) (87,70) (12,66) (86,64) (13,65) (85,62) (14,60) (84,59) (83,59) (15,54) (82,54) (16,53) (81,51) (17,52) (80,49) (20,48) (18,46) (19,44) 
(99,114) (0,102) (98,108) (1,100) (97,102) (2,99) (96,99) (3,96) (95,93) (4,92) (94,90) (5,90) (93,88) (6,87) (92,85) (7,83) (91,81) (8,80) (90,78) (9,79) (89,74) (10,74) (88,72) (11,72) (87,70) (12,66) (86,64) (13,65) (85,62) (14,60) (84,59) (83,59) (15,54) (82,54) (16,53) (81,51) (17,52) (80,49) (20,48) (18,46) (79,48) (21,44) (22,43) (23,40) (24,39) (25,38) (26,32) (27,32) (28,31) (29,30) (30,29) (31,26) (32,27) (33,25) (34,24) (35,24) (36,21) (37,17) (38,15) (39,14) (40,12) (41,9) (42,8) (43,10) (44,11) (45,9) (46,11) (47,13) (48,15) (49,15) (50,17) (51,15) (52,13) (53,12) (54,14) (55,17) (56,16) (57,17) (58,19) (59,19) (60,18) (61,19) (62,21) (63,20) (64,19) (65,19) (66,20) (67,21) (68,23) (69,24) (70,25) (71,29) (72,32) (73,36) (74,36) (75,40) (76,44) (77,47) (78,47) 
TD 21 :
(99,114) (0,102) (98,108) (1,100) (97,102) (2,99) (96,99) (3,96) (95,93) (4,92) (94,90) (5,90) (93,88) (6,87) (92,85) (7,83) (91,81) (8,80) (90,78) (9,79) (89,74) (10,74) (88,72) (11,72) (87,70) (12,66) (86,64) (13,65) (85,62) (14,60) (84,59) (83,59) (15,54) (82,54) (16,53) (81,51) (17,52) (80,49) (20,48) (18,46) (79,48) (78,47) (77,47) (21,44) (22,43) (23,40) (24,39) (25,38) (26,32) (27,32) (28,31) (29,30) (30,29) (31,26) (32,27) (33,25) (34,24) (35,24) (36,21) (37,17) (38,15) (39,14) (40,12) (41,9) (42,8) (43,10) (44,11) (45,9) (46,11) (47,13) (48,15) (49,15) (50,17) (51,15) (52,13) (53,12) (54,14) (55,17) (56,16) (57,17) (58,19) (59,19) (60,18) (61,19) (62,21) (63,20) (64,19) (65,19) (66,20) (67,21) (68,23) (69,24) (70,25) (71,29) (72,32) (73,36) (74,36) (75,40) (76,44) 
(99,114) (0,102) (98,108) (1,100) (97,102) (2,99) (96,99) (3,96) (95,93) (4,92) (94,90) (5,90) (93,88) (6,87) (92,85) (7,83) (91,81) (8,80) (90,78) (9,79) (89,74) (10,74) (88,72) (11,72) (87,70) (12,66) (86,64) (13,65) (85,62) (14,60) (84,59) (83,59) (15,54) (82,54) (16,53) (81,51) (17,52) (80,49) (20,48) (18,46) (79,48) (78,47) (77,47) (21,44) 
TD 22 :
(99,114) (0,102) (98,108) (1,100) (97,102) (2,99) (96,99) (3,96) (95,93) (4,92) (94,90) (5,90) (93,88) (6,87) (92,85) (7,83) (91,81) (8,80) (90,78) (9,79) (89,74) (10,74) (88,72) (11,72) (87,70) (12,66) (86,64) (13,65) (85,62) (14,60) (84,59) (83,59) (15,54) (82,54) (16,53) (81,51) (17,52) (80,49) (20,48) (18,46) (79,48) (78,47) (77,47) (21,44) (76,44) (22,43) (23,40) (24,39) (25,38) (26,32) (27,32) (28,31) (29,30) (30,29) (31,26) (32,27) (33,25) (34,24) (35,24) (36,21) (37,17) (38,15) (39,14) (40,12) (41,9) (42,8) (43,10) (44,11) (45,9) (46,11) (47,13) (48,15) (49,15) (50,17) (51,15) (52,13) (53,12) (54,14) (55,17) (56,16) (57,17) (58,19) (59,19) (60,18) (61,19) (62,21) (63,20) (64,19) (65,19) (66,20) (67,21) (68,23) (69,24) (70,25) (71,29) (72,32) (73,36) (74,36) (75,40) 
TD 23 :
(99,114) (0,102) (98,108) (1,100) (97,102) (2,99) (96,99) (3,96) (95,93) (4,92) (94,90) (5,90) (93,88) (6,87) (92,85) (7,83) (91,81) (8,80) (90,78) (9,79) (89,74) (10,74) (88,72) (11,72) (87,70) (12,66) (86,64) (13,65) (85,62) (14,60) (84,59) (83,59) (15,54) (82,54) (16,53) (81,51) (17,52) (80,49) (20,48) (18,46) (79,48) (78,47) (77,47) (21,44) (76,44) (22,43) (75,40) (23,40) (24,39) (25,38) (26,32) (27,32) (28,31) (29,30) (30,29) (31,26) (32,27) (33,25) (34,24) (35,24) (36,21) (37,17) (38,15) (39,14) (40,12) (41,9) (42,8) (43,10) (44,11) (45,9) (46,11) (47,13) (48,15) (49,15) (50,17) (51,15) (52,13) (53,12) (54,14) (55,17) (56,16) (57,17) (58,19) (59,19) (60,18) (61,19) (62,21) (63,20) (64,19) (65,19) (66,20) (67,21) (68,23) (69,24) (70,25) (71,29) (72,32) (73,36) (74,36) 
TD 24 :
(99,114) (0,102) (98,108) (1,100) (97,102) (2,99) (96,99) (3,96) (95,93) (4,92) (94,90) (5,90) (93,88) (6,87) (92,85) (7,83) (91,81) (8,80) (90,78) (9,79) (89,74) (10,74) (88,72) (11,72) (87,70) (12,66) (86,64) (13,65) (85,62) (14,60) (84,59) (83,59) (15,54) (82,54) (16,53) (81,51) (17,52) (80,49) (20,48) (18,46) (79,48) (78,47) (77,47) (21,44) (76,44) (22,43) (75,40) (23,40) (74,36) (24,39) (25,38) (26,32) (27,32) (28,31) (29,30) (30,29) (31,26) (32,27) (33,25) (34,24) (35,24) (36,21) (37,17) (38,15) (39,14) (40,12) (41,9) (42,8) (43,10) (44,11) (45,9) (46,11) (47,13) (48,15) (49,15) (50,17) (51,15) (52,13) (53,12) (54,14) (55,17) (56,16) (57,17) (58,19) (59,19) (60,18) (61,19) (62,21) (63,20) (64,19) (65,19) (66,20) (67,21) (68,23) (69,24) (70,25) (71,29) (72,32) (73,36) 
TD 25 :
(99,114) (0,102) (98,108) (1,100) (97,102) (2,99) (96,99) (3,96) (95,93) (4,92) (94,90) (5,90) (93,88) (6,87) (92,85) (7,83) (91,81) (8,80) (90,78) (9,79) (89,74) (10,74) (88,72) (11,72) (87,70) (12,66) (86,64) (13,65) (85,62) (14,60) (84,59) (83,59) (15,54) (82,54) (16,53) (81,51) (17,52) (80,49) (20,48) (18,46) (79,48) (78,47) (77,47) (21,44) (76,44) (22,43) (75,40) (23,40) (74,36) (24,39) (73,36) (25,38) (26,32) (27,32) (28,31) (29,30) (30,29) (31,26) (32,27) (33,25) (34,24) (35,24) (36,21) (37,17) (38,15) (39,14) (40,12) (41,9) (42,8) (43,10) (44,11) (45,9) (46,11) (47,13) (48,15) (49,15) (50,17) (51,15) (52,13) (53,12) (54,14) (55,17) (56,16) (57,17) (58,19) (59,19) (60,18) (61,19) (62,21) (63,20) (64,19) (65,19) (66,20) (67,21) (68,23) (69,24) (70,25) (71,29) (72,32) 
TD 26 :
(99,114) (0,102) (98,108) (1,100) (97,102) (2,99) (96,99) (3,96) (95,93) (4,92) (94,90) (5,90) (93,88) (6,87) (92,85) (7,83) (91,81) (8,80) (90,78) (9,79) (89,74) (10,74) (88,72) (11,72) (87,70) (12,66) (86,64) (13,65) (85,62) (14,60) (84,59) (83,59) (15,54) (82,54) (16,53) (81,51) (17,52) (80,49) (20,48) (18,46) (79,48) (78,47) (77,47) (21,44) (76,44) (22,43) (75,40) (23,40) (74,36) (24,39) (73,36) (25,38) (72,32) (27,32) (26,32) 
(99,114) (0,102) (98,108) (1,100) (97,102) (2,99) (96,99) (3,96) (95,93) (4,92) (94,90) (5,90) (93,88) (6,87) (92,85) (7,83) (91,81) (8,80) (90,78) (9,79) (89,74) (10,74) (88,72) (11,72) (87,70) (12,66) (86,64) (13,65) (85,62) (14,60) (84,59) (83,59) (15,54) (82,54) (16,53) (81,51) (17,52) (80,49) (20,48) (18,46) (79,48) (78,47) (77,47) (21,44) (76,44) (22,43) (75,40) (23,40) (74,36) (24,39) (73,36) (25,38) (72,32) (27,32) (26,32) (28,31) (29,30) (30,29) (31,26) (32,27) (33,25) (34,24) (35,24) (36,21) (37,17) (38,15) (39,14) (40,12) (41,9) (42,8) (43,10) (44,11) (45,9) (46,11) (47,13) (48,15) (49,15) (50,17) (51,15) (52,13) (53,12) (54,14) (55,17) (56,16) (57,17) (58,19) (59,19) (60,18) (61,19) (62,21) (63,20) (64,19) (65,19) (66,20) (67,21) (68,23) (69,24) (70,25) (71,29) 
TD 27 :
(99,114) (0,102) (98,108) (1,100) (97,102) (2,99) (96,99) (3,96) (95,93) (4,92) (94,90) (5,90) (93,88) (6,87) (92,85) (7,83) (91,81) (8,80) (90,78) (9,79) (89,74) (10,74) (88,72) (11,72) (87,70) (12,66) (86,64) (13,65) (85,62) (14,60) (84,59) (83,59) (15,54) (82,54) (16,53) (81,51) (17,52) (80,49) (20,48) (18,46) (79,48) (78,47) (77,47) (21,44) (76,44) (22,43) (75,40) (23,40) (74,36) (24,39) (73,36) (25,38) (72,32) (27,32) (26,32) (71,29) (28,31) (29,30) (30,29) (31,26) (32,27) (33,25) (34,24) (35,24) (36,21) (37,17) (38,15) (39,14) (40,12) (41,9) (42,8) (43,10) (44,11) (45,9) (46,11) (47,13) (48,15) (49,15) (50,17) (51,15) (52,13) (53,12) (54,14) (55,17) (56,16) (57,17) (58,19) (59,19) (60,18) (61,19) (62,21) (63,20) (64,19) (65,19) (66,20) (67,21) (68,23) (69,24) (70,25) 
TD 28 :
(99,114) (0,102) (98,108) (1,100) (97,102) (2,99) (96,99) (3,96) (95,93) (4,92) (94,90) (5,90) (93,88) (6,87) (92,85) (7,83) (91,81) (8,80) (90,78) (9,79) (89,74) (10,74) (88,72) (11,72) (87,70) (12,66) (86,64) (13,65) (85,62) (14,60) (84,59) (83,59) (15,54) (82,54) (16,53) (81,51) (17,52) (80,49) (20,48) (18,46) (79,48) (78,47) (77,47) (21,44) (76,44) (22,43) (75,40) (23,40) (74,36) (24,39) (73,36) (25,38) (72,32) (27,32) (26,32) (71,29) (28,31) (70,25) (29,30) (30,29) (31,26) (32,27) (33,25) (34,24) (35,24) (36,21) (37,17) (38,15) (39,14) (40,12) (41,9) (42,8) (43,10) (44,11) (45,9) (46,11) (47,13) (48,15) (49,15) (50,17) (51,15) (52,13) (53,12) (54,14) (55,17) (56,16) (57,17) (58,19) (59,19) (60,18) (61,19) (62,21) (63,20) (64,19) (65,19) (66,20) (67,21) (68,23) (69,24) 
TD 29 :
(99,114) (0,102) (98,108) (1,100) (97,102) (2,99) (96,99) (3,96) (95,93) (4,92) (94,90) (5,90) (93,88) (6,87) (92,85) (7,83) (91,81) (8,80) (90,78) (9,79) (89,74) (10,74) (88,72) (11,72) (87,70) (12,66) (86,64) (13,65) (85,62) (14,60) (84,59) (83,59) (15,54) (82,54) (16,53) (81,51) (17,52) (80,49) (20,48) (18,46) (79,48) (78,47) (77,47) (21,44) (76,44) (22,43) (75,40) (23,40) (74,36) (24,39) (73,36) (25,38) (72,32) (27,32) (26,32) (71,29) (28,31) (70,25) (29,30) (69,24) (30,29) (31,26) (32,27) (33,25) (34,24) (35,24) (36,21) (37,17) (38,15) (39,14) (40,12) (41,9) (42,8) (43,10) (44,11) (45,9) (46,11) (47,13) (48,15) (49,15) (50,17) (51,15) (52,13) (53,12) (54,14) (55,17) (56,16) (57,17) (58,19) (59,19) (60,18) (61,19) (62,21) (63,20) (64,19) (65,19) (66,20) (67,21) (68,23) 
TD 30 :
(99,114) (0,102) (98,108) (1,100) (97,102) (2,99) (96,99) (3,96) (95,93) (4,92) (94,90) (5,90) (93,88) (6,87) (92,85) (7,83) (91,81) (8,80) (90,78) (9,79) (89,74) (10,74) (88,72) (11,72) (87,70) (12,66) (86,64) (13,65) (85,62) (14,60) (84,59) (83,59) (15,54) (82,54) (16,53) (81,51) (17,52) (80,49) (20,48) (18,46) (79,48) (78,47) (77,47) (21,44) (76,44) (22,43) (75,40) (23,40) (74,36) (24,39) (73,36) (25,38) (72,32) (27,32) (26,32) (71,29) (28,31) (70,25) (29,30) (69,24) (30,29) (68,23) (32,27) (31,26) 
(99,114) (0,102) (98,108) (1,100) (97,102) (2,99) (96,99) (3,96) (95,93) (4,92) (94,90) (5,90) (93,88) (6,87) (92,85) (7,83) (91,81) (8,80) (90,78) (9,79) (89,74) (10,74) (88,72) (11,72) (87,70) (12,66) (86,64) (13,65) (85,62) (14,60) (84,59) (83,59) (15,54) (82,54) (16,53) (81,51) (17,52) (80,49) (20,48) (18,46) (79,48) (78,47) (77,47) (21,44) (76,44) (22,43) (75,40) (23,40) (74,36) (24,39) (73,36) (25,38) (72,32) (27,32) (26,32) (71,29) (28,31) (70,25) (29,30) (69,24) (30,29) (68,23) (32,27) (31,26) (33,25) (34,24) (35,24) (36,21) (37,17) (38,15) (39,14) (40,12) (41,9) (42,8) (43,10) (44,11) (45,9) (46,11) (47,13) (48,15) (49,15) (50,17) (51,15) (52,13) (53,12) (54,14) (55,17) (56,16) (57,17) (58,19) (59,19) (60,18) (61,19) (62,21) (63,20) (64,19) (65,19) (66,20) (67,21) 
TD 31 :
(99,114) (0,102) (98,108) (1,100) (97,102) (2,99) (96,99) (3,96) (95,93) (4,92) (94,90) (5,90) (93,88) (6,87) (92,85) (7,83) (91,81) (8,80) (90,78) (9,79) (89,74) (10,74) (88,72) (11,72) (87,70) (12,66) (86,64) (13,65) (85,62) (14,60) (84,59) (83,59) (15,54) (82,54) (16,53) (81,51) (17,52) (80,49) (20,48) (18,46) (79,48) (78,47) (77,47) (21,44) (76,44) (22,43) (75,40) (23,40) (74,36) (24,39) (73,36) (25,38) (72,32) (27,32) (26,32) (71,29) (28,31) (70,25) (29,30) (69,24) (30,29) (68,23) (32,27) (31,26) (67,21) (33,25) (34,24) (35,24) (36,21) (37,17) (38,15) (39,14) (40,12) (41,9) (42,8) (43,10) (44,11) (45,9) (46,11) (47,13) (48,15) (49,15) (50,17) (51,15) (52,13) (53,12) (54,14) (55,17) (56,16) (57,17) (58,19) (59,19) (60,18) (61,19) (62,21) (63,20) (64,19) (65,19) (66,20) 
TD 32 :
(99,114) (0,102) (98,108) (1,100) (97,102) (2,99) (96,99) (3,96) (95,93) (4,92) (94,90) (5,90) (93,88) (6,87) (92,85) (7,83) (91,81) (8,80) (90,78) (9,79) (89,74) (10,74) (88,72) (11,72) (87,70) (12,66) (86,64) (13,65) (85,62) (14,60) (84,59) (83,59) (15,54) (82,54) (16,53) (81,51) (17,52) (80,49) (20,48) (18,46) (79,48) (78,47) (77,47) (21,44) (76,44) (22,43) (75,40) (23,40) (74,36) (24,39) (73,36) (25,38) (72,32) (27,32) (26,32) (71,29) (28,31) (70,25) (29,30) (69,24) (30,29) (68,23) (32,27) (31,26) (67,21) (33,25) (66,20) (62,21) (35,24) (34,24) 
(99,114) (0,102) (98,108) (1,100) (97,102) (2,99) (96,99) (3,96) (95,93) (4,92) (94,90) (5,90) (93,88) (6,87) (92,85) (7,83) (91,81) (8,80) (90,78) (9,79) (89,74) (10,74) (88,72) (11,72) (87,70) (12,66) (86,64) (13,65) (85,62) (14,60) (84,59) (83,59) (15,54) (82,54) (16,53) (81,51) (17,52) (80,49) (20,48) (18,46) (79,48) (78,47) (77,47) (21,44) (76,44) (22,43) (75,40) (23,40) (74,36) (24,39) (73,36) (25,38) (72,32) (27,32) (26,32) (71,29) (28,31) (70,25) (29,30) (69,24) (30,29) (68,23) (32,27) (31,26) (67,21) (33,25) (66,20) (62,21) (35,24) (34,24) (36,21) (37,17) (38,15) (39,14) (40,12) (41,9) (42,8) (43,10) (44,11) (45,9) (46,11) (47,13) (48,15) (49,15) (50,17) (51,15) (52,13) (53,12) (54,14) (55,17) (56,16) (57,17) (58,19) (59,19) (60,18) (61,19) 
(99,114) (0,102) (98,108) (1,100) (97,102) (2,99) (96,99) (3,96) (95,93) (4,92) (94,90) (5,90) (93,88) (6,87) (92,85) (7,83) (91,81) (8,80) (90,78) (9,79) (89,74) (10,74) (88,72) (11,72) (87,70) (12,66) (86,64) (13,65) (85,62) (14,60) (84,59) (83,59) (15,54) (82,54) (16,53) (81,51) (17,52) (80,49) (20,48) (18,46) (79,48) (78,47) (77,47) (21,44) (76,44) (22,43) (75,40) (23,40) (74,36) (24,39) (73,36) (25,38) (72,32) (27,32) (26,32) (71,29) (28,31) (70,25) (29,30) (69,24) (30,29) (68,23) (32,27) (31,26) (67,21) (33,25) (66,20) (62,21) (35,24) (34,24) (63,20) (64,19) (65,19) 
TD 33 :
(99,114) (0,102) (98,108) (1,100) (97,102) (2,99) (96,99) (3,96) (95,93) (4,92) (94,90) (5,90) (93,88) (6,87) (92,85) (7,83) (91,81) (8,80) (90,78) (9,79) (89,74) (10,74) (88,72) (11,72) (87,70) (12,66) (86,64) (13,65) (85,62) (14,60) (84,59) (83,59) (15,54) (82,54) (16,53) (81,51) (17,52) (80,49) (20,48) (18,46) (79,48) (78,47) (77,47) (21,44) (76,44) (22,43) (75,40) (23,40) (74,36) (24,39) (73,36) (25,38) (72,32) (27,32) (26,32) (71,29) (28,31) (70,25) (29,30) (69,24) (30,29) (68,23) (32,27) (31,26) (67,21) (33,25) (66,20) (62,21) (35,24) (34,24) (36,21) (37,17) (38,15) (39,14) (40,12) (41,9) (42,8) (43,10) (44,11) (45,9) (46,11) (47,13) (48,15) (49,15) (50,17) (51,15) (52,13) (53,12) (54,14) (55,17) (56,16) (57,17) (58,19) (59,19) (60,18) (61,19) 
(99,114) (0,102) (98,108) (1,100) (97,102) (2,99) (96,99) (3,96) (95,93) (4,92) (94,90) (5,90) (93,88) (6,87) (92,85) (7,83) (91,81) (8,80) (90,78) (9,79) (89,74) (10,74) (88,72) (11,72) (87,70) (12,66) (86,64) (13,65) (85,62) (14,60) (84,59) (83,59) (15,54) (82,54) (16,53) (81,51) (17,52) (80,49) (20,48) (18,46) (79,48) (78,47) (77,47) (21,44) (76,44) (22,43) (75,40) (23,40) (74,36) (24,39) (73,36) (25,38) (72,32) (27,32) (26,32) (71,29) (28,31) (70,25) (29,30) (69,24) (30,29) (68,23) (32,27) (31,26) (67,21) (33,25) (66,20) (62,21) (35,24) (34,24) (65,19) (63,20) 
(99,114) (0,102) (98,108) (1,100) (97,102) (2,99) (96,99) (3,96) (95,93) (4,92) (94,90) (5,90) (93,88) (6,87) (92,85) (7,83) (91,81) (8,80) (90,78) (9,79) (89,74) (10,74) (88,72) (11,72) (87,70) (12,66) (86,64) (13,65) (85,62) (14,60) (84,59) (83,59) (15,54) (82,54) (16,53) (81,51) (17,52) (80,49) (20,48) (18,46) (79,48) (78,47) (77,47) (21,44) (76,44) (22,43) (75,40) (23,40) (74,36) (24,39) (73,36) (25,38) (72,32) (27,32) (26,32) (71,29) (28,31) (70,25) (29,30) (69,24) (30,29) (68,23) (32,27) (31,26) (67,21) (33,25) (66,20) (62,21) (35,24) (34,24) (65,19) (63,20) (64,19) 
TD 34 :
(99,114) (0,102) (98,108) (1,100) (97,102) (2,99) (96,99) (3,96) (95,93) (4,92) (94,90) (5,90) (93,88) (6,87) (92,85) (7,83) (91,81) (8,80) (90,78) (9,79) (89,74) (10,74) (88,72) (11,72) (87,70) (12,66) (86,64) (13,65) (85,62) (14,60) (84,59) (83,59) (15,54) (82,54) (16,53) (81,51) (17,52) (80,49) (20,48) (18,46) (79,48) (78,47) (77,47) (21,44) (76,44) (22,43) (75,40) (23,40) (74,36) (24,39) (73,36) (25,38) (72,32) (27,32) (26,32) (71,29) (28,31) (70,25) (29,30) (69,24) (30,29) (68,23) (32,27) (31,26) (67,21) (33,25) (66,20) (62,21) (35,24) (34,24) (36,21) (61,19) (59,19) (58,19) (37,17) (38,15) (39,14) (40,12) (41,9) (42,8) (43,10) (44,11) (45,9) (46,11) (47,13) (48,15) (49,15) (50,17) (51,15) (52,13) (53,12) (54,14) (55,17) (56,16) (57,17) 
(99,114) (0,102) (98,108) (1,100) (97,102) (2,99) (96,99) (3,96) (95,93) (4,92) (94,90) (5,90) (93,88) (6,87) (92,85) (7,83) (91,81) (8,80) (90,78) (9,79) (89,74) (10,74) (88,72) (11,72) (87,70) (12,66) (86,64) (13,65) (85,62) (14,60) (84,59) (83,59) (15,54) (82,54) (16,53) (81,51) (17,52) (80,49) (20,48) (18,46) (79,48) (78,47) (77,47) (21,44) (76,44) (22,43) (75,40) (23,40) (74,36) (24,39) (73,36) (25,38) (72,32) (27,32) (26,32) (71,29) (28,31) (70,25) (29,30) (69,24) (30,29) (68,23) (32,27) (31,26) (67,21) (33,25) (66,20) (62,21) (35,24) (34,24) (36,21) (61,19) (59,19) (58,19) (37,17) 
(99,114) (0,102) (98,108) (1,100) (97,102) (2,99) (96,99) (3,96) (95,93) (4,92) (94,90) (5,90) (93,88) (6,87) (92,85) (7,83) (91,81) (8,80) (90,78) (9,79) (89,74) (10,74) (88,72) (11,72) (87,70) (12,66) (86,64) (13,65) (85,62) (14,60) (84,59) (83,59) (15,54) (82,54) (16,53) (81,51) (17,52) (80,49) (20,48) (18,46) (79,48) (78,47) (77,47) (21,44) (76,44) (22,43) (75,40) (23,40) (74,36) (24,39) (73,36) (25,38) (72,32) (27,32) (26,32) (71,29) (28,31) (70,25) (29,30) (69,24) (30,29) (68,23) (32,27) (31,26) (67,21) (33,25) (66,20) (62,21) (35,24) (34,24) (36,21) (61,19) (59,19) (58,19) (37,17) (60,18) 
(99,114) (0,102) (98,108) (1,100) (97,102) (2,99) (96,99) (3,96) (95,93) (4,92) (94,90) (5,90) (93,88) (6,87) (92,85) (7,83) (91,81) (8,80) (90,78) (9,79) (89,74) (10,74) (88,72) (11,72) (87,70) (12,66) (86,64) (13,65) (85,62) (14,60) (84,59) (83,59) (15,54) (82,54) (16,53) (81,51) (17,52) (80,49) (20,48) (18,46) (79,48) (78,47) (77,47) (21,44) (76,44) (22,43) (75,40) (23,40) (74,36) (24,39) (73,36) (25,38) (72,32) (27,32) (26,32) (71,29) (28,31) (70,25) (29,30) (69,24) (30,29) (68,23) (32,27) (31,26) (67,21) (33,25) (66,20) (62,21) (35,24) (34,24) (36,21) (61,19) (59,19) (58,19) (37,17) 
(99,114) (0,102) (98,108) (1,100) (97,102) (2,99) (96,99) (3,96) (95,93) (4,92) (94,90) (5,90) (93,88) (6,87) (92,85) (7,83) (91,81) (8,80) (90,78) (9,79) (89,74) (10,74) (88,72) (11,72) (87,70) (12,66) (86,64) (13,65) (85,62) (14,60) (84,59) (83,59) (15,54) (82,54) (16,53) (81,51) (17,52) (80,49) (20,48) (18,46) (79,48) (78,47) (77,47) (21,44) (76,44) (22,43) (75,40) (23,40) (74,36) (24,39) (73,36) (25,38) (72,32) (27,32) (26,32) (71,29) (28,31) (70,25) (29,30) (69,24) (30,29) (68,23) (32,27) (31,26) (67,21) (33,25) (66,20) (62,21) (35,24) (34,24) (65,19) (63,20) (64,19) 
TD 35 :
(99,114) (0,102) (98,108) (1,100) (97,102) (2,99) (96,99) (3,96) (95,93) (4,92) (94,90) (5,90) (93,88) (6,87) (92,85) (7,83) (91,81) (8,80) (90,78) (9,79) (89,74) (10,74) (88,72) (11,72) (87,70) (12,66) (86,64) (13,65) (85,62) (14,60) (84,59) (83,59) (15,54) (82,54) (16,53) (81,51) (17,52) (80,49) (20,48) (18,46) (79,48) (78,47) (77,47) (21,44) (76,44) (22,43) (75,40) (23,40) (74,36) (24,39) (73,36) (25,38) (72,32) (27,32) (26,32) (71,29) (28,31) (70,25) (29,30) (69,24) (30,29) (68,23) (32,27) (31,26) (67,21) (33,25) (66,20) (62,21) (35,24) (34,24) (36,21) (61,19) (59,19) (58,19) (37,17) (50,17) (38,15) (39,14) (40,12) (41,9) (42,8) (43,10) (44,11) (45,9) (46,11) (47,13) (48,15) (49,15) 
(99,114) (0,102) (98,108) (1,100) (97,102) (2,99) (96,99) (3,96) (95,93) (4,92) (94,90) (5,90) (93,88) (6,87) (92,85) (7,83) (91,81) (8,80) (90,78) (9,79) (89,74) (10,74) (88,72) (11,72) (87,70) (12,66) (86,64) (13,65) (85,62) (14,60) (84,59) (83,59) (15,54) (82,54) (16,53) (81,51) (17,52) (80,49) (20,48) (18,46) (79,48) (78,47) (77,47) (21,44) (76,44) (22,43) (75,40) (23,40) (74,36) (24,39) (73,36) (25,38) (72,32) (27,32) (26,32) (71,29) (28,31) (70,25) (29,30) (69,24) (30,29) (68,23) (32,27) (31,26) (67,21) (33,25) (66,20) (62,21) (35,24) (34,24) (36,21) (61,19) (59,19) (58,19) (37,17) (50,17) (38,15) (51,15) (52,13) (53,12) (54,14) (55,17) (56,16) (57,17) 
(99,114) (0,102) (98,108) (1,100) (97,102) (2,99) (96,99) (3,96) (95,93) (4,92) (94,90) (5,90) (93,88) (6,87) (92,85) (7,83) (91,81) (8,80) (90,78) (9,79) (89,74) (10,74) (88,72) (11,72) (87,70) (12,66) (86,64) (13,65) (85,62) (14,60) (84,59) (83,59) (15,54) (82,54) (16,53) (81,51) (17,52) (80,49) (20,48) (18,46) (79,48) (78,47) (77,47) (21,44) (76,44) (22,43) (75,40) (23,40) (74,36) (24,39) (73,36) (25,38) (72,32) (27,32) (26,32) (71,29) (28,31) (70,25) (29,30) (69,24) (30,29) (68,23) (32,27) (31,26) (67,21) (33,25) (66,20) (62,21) (35,24) (34,24) (36,21) (61,19) (59,19) (58,19) (37,17) (60,18) 
TD 36 :
(99,114) (0,102) (98,108) (1,100) (97,102) (2,99) (96,99) (3,96) (95,93) (4,92) (94,90) (5,90) (93,88) (6,87) (92,85) (7,83) (91,81) (8,80) (90,78) (9,79) (89,74) (10,74) (88,72) (11,72) (87,70) (12,66) (86,64) (13,65) (85,62) (14,60) (84,59) (83,59) (15,54) (82,54) (16,53) (81,51) (17,52) (80,49) (20,48) (18,46) (79,48) (78,47) (77,47) (21,44) (76,44) (22,43) (75,40) (23,40) (74,36) (24,39) (73,36) (25,38) (72,32) (27,32) (26,32) (71,29) (28,31) (70,25) (29,30) (69,24) (30,29) (68,23) (32,27) (31,26) (67,21) (33,25) (66,20) (62,21) (35,24) (34,24) (36,21) (61,19) (59,19) (58,19) (37,17) (50,17) (38,15) (39,14) (40,12) (41,9) (42,8) (43,10) (44,11) (45,9) (46,11) (47,13) (48,15) (49,15) 
(99,114) (0,102) (98,108) (1,100) (97,102) (2,99) (96,99) (3,96) (95,93) (4,92) (94,90) (5,90) (93,88) (6,87) (92,85) (7,83) (91,81) (8,80) (90,78) (9,79) (89,74) (10,74) (88,72) (11,72) (87,70) (12,66) (86,64) (13,65) (85,62) (14,60) (84,59) (83,59) (15,54) (82,54) (16,53) (81,51) (17,52) (80,49) (20,48) (18,46) (79,48) (78,47) (77,47) (21,44) (76,44) (22,43) (75,40) (23,40) (74,36) (24,39) (73,36) (25,38) (72,32) (27,32) (26,32) (71,29) (28,31) (70,25) (29,30) (69,24) (30,29) (68,23) (32,27) (31,26) (67,21) (33,25) (66,20) (62,21) (35,24) (34,24) (36,21) (61,19) (59,19) (58,19) (37,17) (50,17) (38,15) (57,17) (55,17) (51,15) (52,13) (53,12) (54,14) 
(99,114) (0,102) (98,108) (1,100) (97,102) (2,99) (96,99) (3,96) (95,93) (4,92) (94,90) (5,90) (93,88) (6,87) (92,85) (7,83) (91,81) (8,80) (90,78) (9,79) (89,74) (10,74) (88,72) (11,72) (87,70) (12,66) (86,64) (13,65) (85,62) (14,60) (84,59) (83,59) (15,54) (82,54) (16,53) (81,51) (17,52) (80,49) (20,48) (18,46) (79,48) (78,47) (77,47) (21,44) (76,44) (22,43) (75,40) (23,40) (74,36) (24,39) (73,36) (25,38) (72,32) (27,32) (26,32) (71,29) (28,31) (70,25) (29,30) (69,24) (30,29) (68,23) (32,27) (31,26) (67,21) (33,25) (66,20) (62,21) (35,24) (34,24) (36,21) (61,19) (59,19) (58,19) (37,17) (50,17) (38,15) (57,17) (55,17) (56,16) 
TD 37 :
(99,114) (0,102) (98,108) (1,100) (97,102) (2,99) (96,99) (3,96) (95,93) (4,92) (94,90) (5,90) (93,88) (6,87) (92,85) (7,83) (91,81) (8,80) (90,78) (9,79) (89,74) (10,74) (88,72) (11,72) (87,70) (12,66) (86,64) (13,65) (85,62) (14,60) (84,59) (83,59) (15,54) (82,54) (16,53) (81,51) (17,52) (80,49) (20,48) (18,46) (79,48) (78,47) (77,47) (21,44) (76,44) (22,43) (75,40) (23,40) (74,36) (24,39) (73,36) (25,38) (72,32) (27,32) (26,32) (71,29) (28,31) (70,25) (29,30) (69,24) (30,29) (68,23) (32,27) (31,26) (67,21) (33,25) (66,20) (62,21) (35,24) (34,24) (36,21) (61,19) (59,19) (58,19) (37,17) (50,17) (38,15) (39,14) (48,15) (40,12) (41,9) (42,8) (43,10) (44,11) (45,9) (46,11) (47,13) 
(99,114) (0,102) (98,108) (1,100) (97,102) (2,99) (96,99) (3,96) (95,93) (4,92) (94,90) (5,90) (93,88) (6,87) (92,85) (7,83) (91,81) (8,80) (90,78) (9,79) (89,74) (10,74) (88,72) (11,72) (87,70) (12,66) (86,64) (13,65) (85,62) (14,60) (84,59) (83,59) (15,54) (82,54) (16,53) (81,51) (17,52) (80,49) (20,48) (18,46) (79,48) (78,47) (77,47) (21,44) (76,44) (22,43) (75,40) (23,40) (74,36) (24,39) (73,36) (25,38) (72,32) (27,32) (26,32) (71,29) (28,31) (70,25) (29,30) (69,24) (30,29) (68,23) (32,27) (31,26) (67,21) (33,25) (66,20) (62,21) (35,24) (34,24) (36,21) (61,19) (59,19) (58,19) (37,17) (50,17) (38,15) (39,14) (48,15) (40,12) (49,15) 
(99,114) (0,102) (98,108) (1,100) (97,102) (2,99) (96,99) (3,96) (95,93) (4,92) (94,90) (5,90) (93,88) (6,87) (92,85) (7,83) (91,81) (8,80) (90,78) (9,79) (89,74) (10,74) (88,72) (11,72) (87,70) (12,66) (86,64) (13,65) (85,62) (14,60) (84,59) (83,59) (15,54) (82,54) (16,53) (81,51) (17,52) (80,49) (20,48) (18,46) (79,48) (78,47) (77,47) (21,44) (76,44) (22,43) (75,40) (23,40) (74,36) (24,39) (73,36) (25,38) (72,32) (27,32) (26,32) (71,29) (28,31) (70,25) (29,30) (69,24) (30,29) (68,23) (32,27) (31,26) (67,21) (33,25) (66,20) (62,21) (35,24) (34,24) (36,21) (61,19) (59,19) (58,19) (37,17) (50,17) (38,15) (57,17) (55,17) (56,16) 
TD 38 :
(99,114) (0,102) (98,108) (1,100) (97,102) (2,99) (96,99) (3,96) (95,93) (4,92) (94,90) (5,90) (93,88) (6,87) (92,85) (7,83) (91,81) (8,80) (90,78) (9,79) (89,74) (10,74) (88,72) (11,72) (87,70) (12,66) (86,64) (13,65) (85,62) (14,60) (84,59) (83,59) (15,54) (82,54) (16,53) (81,51) (17,52) (80,49) (20,48) (18,46) (79,48) (78,47) (77,47) (21,44) (76,44) (22,43) (75,40) (23,40) (74,36) (24,39) (73,36) (25,38) (72,32) (27,32) (26,32) (71,29) (28,31) (70,25) (29,30) (69,24) (30,29) (68,23) (32,27) (31,26) (67,21) (33,25) (66,20) (62,21) (35,24) (34,24) (36,21) (61,19) (59,19) (58,19) (37,17) (50,17) (38,15) (39,14) (48,15) (40,12) (41,9) (42,8) (43,10) (44,11) (45,9) (46,11) (47,13) 
(99,114) (0,102) (98,108) (1,100) (97,102) (2,99) (96,99) (3,96) (95,93) (4,92) (94,90) (5,90) (93,88) (6,87) (92,85) (7,83) (91,81) (8,80) (90,78) (9,79) (89,74) (10,74) (88,72) (11,72) (87,70) (12,66) (86,64) (13,65) (85,62) (14,60) (84,59) (83,59) (15,54) (82,54) (16,53) (81,51) (17,52) (80,49) (20,48) (18,46) (79,48) (78,47) (77,47) (21,44) (76,44) (22,43) (75,40) (23,40) (74,36) (24,39) (73,36) (25,38) (72,32) (27,32) (26,32) (71,29) (28,31) (70,25) (29,30) (69,24) (30,29) (68,23) (32,27) (31,26) (67,21) (33,25) (66,20) (62,21) (35,24) (34,24) (36,21) (61,19) (59,19) (58,19) (37,17) (50,17) (38,15) (39,14) (48,15) (40,12) (49,15) 
(99,114) (0,102) (98,108) (1,100) (97,102) (2,99) (96,99) (3,96) (95,93) (4,92) (94,90) (5,90) (93,88) (6,87) (92,85) (7,83) (91,81) (8,80) (90,78) (9,79) (89,74) (10,74) (88,72) (11,72) (87,70) (12,66) (86,64) (13,65) (85,62) (14,60) (84,59) (83,59) (15,54) (82,54) (16,53) (81,51) (17,52) (80,49) (20,48) (18,46) (79,48) (78,47) (77,47) (21,44) (76,44) (22,43) (75,40) (23,40) (74,36) (24,39) (73,36) (25,38) (72,32) (27,32) (26,32) (71,29) (28,31) (70,25) (29,30) (69,24) (30,29) (68,23) (32,27) (31,26) (67,21) (33,25) (66,20) (62,21) (35,24) (34,24) (36,21) (61,19) (59,19) (58,19) (37,17) (50,17) (38,15) (39,14) (48,15) (40,12) (49,15) 
TD 39 :
(99,114) (0,102) (98,108) (1,100) (97,102) (2,99) (96,99) (3,96) (95,93) (4,92) (94,90) (5,90) (93,88) (6,87) (92,85) (7,83) (91,81) (8,80) (90,78) (9,79) (89,74) (10,74) (88,72) (11,72) (87,70) (12,66) (86,64) (13,65) (85,62) (14,60) (84,59) (83,59) (15,54) (82,54) (16,53) (81,51) (17,52) (80,49) (20,48) (18,46) (79,48) (78,47) (77,47) (21,44) (76,44) (22,43) (75,40) (23,40) (74,36) (24,39) (73,36) (25,38) (72,32) (27,32) (26,32) (71,29) (28,31) (70,25) (29,30) (69,24) (30,29) (68,23) (32,27) (31,26) (67,21) (33,25) (66,20) (62,21) (35,24) (34,24) (36,21) (61,19) (59,19) (58,19) (37,17) (50,17) (38,15) (39,14) (48,15) (40,12) (41,9) (47,13) (44,11) (43,10) (42,8) 
(99,114) (0,102) (98,108) (1,100) (97,102) (2,99) (96,99) (3,96) (95,93) (4,92) (94,90) (5,90) (93,88) (6,87) (92,85) (7,83) (91,81) (8,80) (90,78) (9,79) (89,74) (10,74) (88,72) (11,72) (87,70) (12,66) (86,64) (13,65) (85,62) (14,60) (84,59) (83,59) (15,54) (82,54) (16,53) (81,51) (17,52) (80,49) (20,48) (18,46) (79,48) (78,47) (77,47) (21,44) (76,44) (22,43) (75,40) (23,40) (74,36) (24,39) (73,36) (25,38) (72,32) (27,32) (26,32) (71,29) (28,31) (70,25) (29,30) (69,24) (30,29) (68,23) (32,27) (31,26) (67,21) (33,25) (66,20) (62,21) (35,24) (34,24) (36,21) (61,19) (59,19) (58,19) (37,17) (50,17) (38,15) (39,14) (48,15) (40,12) (41,9) (47,13) (44,11) (43,10) (42,8) 
(99,114) (0,102) (98,108) (1,100) (97,102) (2,99) (96,99) (3,96) (95,93) (4,92) (94,90) (5,90) (93,88) (6,87) (92,85) (7,83) (91,81) (8,80) (90,78) (9,79) (89,74) (10,74) (88,72) (11,72) (87,70) (12,66) (86,64) (13,65) (85,62) (14,60) (84,59) (83,59) (15,54) (82,54) (16,53) (81,51) (17,52) (80,49) (20,48) (18,46) (79,48) (78,47) (77,47) (21,44) (76,44) (22,43) (75,40) (23,40) (74,36) (24,39) (73,36) (25,38) (72,32) (27,32) (26,32) (71,29) (28,31) (70,25) (29,30) (69,24) (30,29) (68,23) (32,27) (31,26) (67,21) (33,25) (66,20) (62,21) (35,24) (34,24) (36,21) (61,19) (59,19) (58,19) (37,17) (50,17) (38,15) (39,14) (48,15) (40,12) (41,9) (47,13) (44,11) (43,10) (42,8) (45,9) (46,11) 
(99,114) (0,102) (98,108) (1,100) (97,102) (2,99) (96,99) (3,96) (95,93) (4,92) (94,90) (5,90) (93,88) (6,87) (92,85) (7,83) (91,81) (8,80) (90,78) (9,79) (89,74) (10,74) (88,72) (11,72) (87,70) (12,66) (86,64) (13,65) (85,62) (14,60) (84,59) (83,59) (15,54) (82,54) (16,53) (81,51) (17,52) (80,49) (20,48) (18,46) (79,48) (78,47) (77,47) (21,44) (76,44) (22,43) (75,40) (23,40) (74,36) (24,39) (73,36) (25,38) (72,32) (27,32) (26,32) (71,29) (28,31) (70,25) (29,30) (69,24) (30,29) (68,23) (32,27) (31,26) (67,21) (33,25) (66,20) (62,21) (35,24) (34,24) (36,21) (61,19) (59,19) (58,19) (37,17) (50,17) (38,15) (39,14) (48,15) (40,12) (41,9) (47,13) (44,11) (43,10) (42,8) 
Pocket 0 :
()
Pocket 1 :
({  (0,102) ,(1,100) } {  (98,108) ,(99,114) } )
Pocket 2 :
({  (1,100) ,(0,102) } {  (99,114) ,(98,108) } )
Pocket 3 :
({  (2,99) ,(1,100) } {  (99,114) ,(97,102) } )
Pocket 4 :
({  (3,96) ,(2,99) } {  (99,114) ,(96,99) } )
Pocket 5 :
({  (4,92) ,(3,96) } {  (99,114) ,(95,93) } )
Pocket 6 :
({  (5,90) ,(4,92) } {  (99,114) ,(94,90) } )
Pocket 7 :
({  (6,87) ,(5,90) } {  (99,114) ,(93,88) } )
Pocket 8 :
({  (7,83) ,(6,87) } {  (99,114) ,(92,85) } )
Pocket 9 :
({  (8,80) ,(7,83) } {  (99,114) ,(91,81) } )
Pocket 10 :
({  (9,79) ,(8,80) } {  (99,114) ,(90,78) } )
Pocket 11 :
({  (10,74) ,(9,79) } {  (99,114) ,(89,74) } )
Pocket 12 :
({  (11,72) ,(10,74) } {  (99,114) ,(88,72) } )
Pocket 13 :
({  (12,66) ,(11,72) } {  (99,114) ,(87,70) } )
Pocket 14 :
({  (13,65) ,(12,66) } {  (99,114) ,(86,64) } )
Pocket 15 :
({  (14,60) ,(13,65) } {  (99,114) ,(85,62) } )
Pocket 16 :
({  (15,54) ,(14,60) } {  (84,59) ,(83,59) } {  (15,54) ,(14,60) } {  (84,59) ,(83,59) } )
Pocket 17 :
({  (16,53) ,(15,54) } {  (99,114) ,(82,54) } )
Pocket 18 :
({  (17,52) ,(16,53) } {  (99,114) ,(81,51) } )
Pocket 19 :
({  (18,46) ,(17,52) } {  (21,44) ,(20,48) } {  (18,46) ,(17,52) } {  (21,44) ,(20,48) } )
Pocket 20 :
({  (19,44) ,(18,46) } {  (99,114) ,(79,48) } )
Pocket 21 :
({  (21,44) ,(79,48) } {  (78,47) ,(77,47) } {  (21,44) ,(79,48) } {  (78,47) ,(77,47) } )
Pocket 22 :
({  (22,43) ,(21,44) } {  (99,114) ,(76,44) } )
Pocket 23 :
({  (23,40) ,(22,43) } {  (99,114) ,(75,40) } )
Pocket 24 :
({  (24,39) ,(23,40) } {  (99,114) ,(74,36) } )
Pocket 25 :
({  (25,38) ,(24,39) } {  (99,114) ,(73,36) } )
Pocket 26 :
({  (26,32) ,(25,38) } {  (28,31) ,(27,32) } {  (26,32) ,(25,38) } {  (28,31) ,(27,32) } )
Pocket 27 :
({  (28,31) ,(26,32) } {  (99,114) ,(71,29) } )
Pocket 28 :
({  (29,30) ,(28,31) } {  (99,114) ,(70,25) } )
Pocket 29 :
({  (30,29) ,(29,30) } {  (99,114) ,(69,24) } )
Pocket 30 :
({  (31,26) ,(30,29) } {  (33,25) ,(32,27) } {  (31,26) ,(30,29) } {  (33,25) ,(32,27) } )
Pocket 31 :
({  (33,25) ,(31,26) } {  (99,114) ,(67,21) } )
Pocket 32 :
({  (34,24) ,(33,25) } {  (36,21) ,(35,24) } {  (34,24) ,(33,25) } {  (36,21) ,(35,24) } {  (34,24) ,(33,25) } {  (36,21) ,(35,24) } )
Pocket 33 :
({  (36,21) ,(34,24) } {  (64,19) ,(63,20) } {  (64,19) ,(63,20) } )
Pocket 34 :
({  (37,17) ,(36,21) } {  (59,19) ,(58,19) } {  (37,17) ,(36,21) } {  (59,19) ,(58,19) } {  (37,17) ,(36,21) } {  (59,19) ,(58,19) } {  (37,17) ,(36,21) } {  (59,19) ,(58,19) } {  (99,114) ,(64,19) } )
Pocket 35 :
({  (38,15) ,(37,17) } {  (51,15) ,(50,17) } {  (38,15) ,(37,17) } {  (51,15) ,(50,17) } {  (99,114) ,(60,18) } )
Pocket 36 :
({  (39,14) ,(38,15) } {  (56,16) ,(55,17) } {  (56,16) ,(55,17) } )
Pocket 37 :
({  (40,12) ,(39,14) } {  (49,15) ,(48,15) } {  (40,12) ,(39,14) } {  (49,15) ,(48,15) } {  (99,114) ,(56,16) } )
Pocket 38 :
({  (41,9) ,(40,12) } {  (99,114) ,(49,15) } {  (99,114) ,(49,15) } )
