41 layers in onion peeling: 
Layer 1
(99,84) (0,101) 
Layer 2
(98,81) (1,99) 
Layer 3
(97,77) (2,96) 
Layer 4
(96,73) (3,91) 
Layer 5
(95,67) (4,87) 
Layer 6
(94,61) (5,85) 
Layer 7
(93,61) (6,84) 
Layer 8
(92,57) (7,81) 
Layer 9
(91,53) (8,80) 
Layer 10
(90,49) (9,76) 
Layer 11
(89,48) (10,75) 
Layer 12
(88,47) (11,71) 
Layer 13
(87,42) (12,66) 
Layer 14
(86,39) (13,65) 
Layer 15
(85,36) (14,61) 
Layer 16
(84,35) (15,56) 
Layer 17
(83,31) (16,54) 
Layer 18
(82,29) (17,52) 
Layer 19
(81,28) (18,48) 
Layer 20
(80,25) (19,46) 
Layer 21
(79,22) (21,44) (20,44) 
Layer 22
(78,21) (22,41) 
Layer 23
(77,18) (23,40) 
Layer 24
(76,15) (24,35) 
Layer 25
(75,12) (25,30) 
Layer 26
(74,11) (26,24) 
Layer 27
(73,8) (28,22) (27,22) 
Layer 28
(72,8) (29,20) 
Layer 29
(71,8) (30,18) 
Layer 30
(70,6) (31,17) 
Layer 31
(69,3) (67,4) (32,16) 
Layer 32
(68,3) (33,13) 
Layer 33
(66,1) (34,10) 
Layer 34
(65,-2) (35,9) 
Layer 35
(64,-4) (62,-1) (44,5) (37,6) (36,6) 
Layer 36
(63,-3) (46,4) (43,5) (38,4) 
Layer 37
(61,-4) (58,-2) (45,4) (41,4) (39,3) 
Layer 38
(60,-5) (59,-4) (57,-2) (55,-1) (48,2) (40,3) 
Layer 39
(56,-2) (47,2) (42,2) 
Layer 40
(54,-2) (49,1) 
Layer 41
(53,-2) (50,0) 
---------------------------------------------------------------------------------------
TD 0 :
(99,84) (98,81) (97,77) (96,73) (95,67) (94,61) (93,61) (92,57) (91,53) (90,49) (89,48) (88,47) (87,42) (86,39) (85,36) (84,35) (83,31) (82,29) (81,28) (80,25) (79,22) (78,21) (77,18) (76,15) (75,12) (74,11) (73,8) (72,8) (71,8) (70,6) (69,3) (68,3) (67,4) (66,1) (65,-2) (64,-4) (63,-3) (62,-1) (61,-4) (60,-5) (59,-4) (58,-2) (57,-2) (56,-2) (55,-1) (54,-2) (53,-2) (52,-5) (51,-4) (50,0) (49,1) (48,2) (47,2) (46,4) (45,4) (44,5) (43,5) (42,2) (41,4) (40,3) (39,3) (38,4) (37,6) (36,6) (35,9) (34,10) (33,13) (32,16) (31,17) (30,18) (29,20) (28,22) (27,22) (26,24) (25,30) (24,35) (23,40) (22,41) (21,44) (20,44) (19,46) (18,48) (17,52) (16,54) (15,56) (14,61) (13,65) (12,66) (11,71) (10,75) (9,76) (8,80) (7,81) (6,84) (5,85) (4,87) (3,91) (2,96) (1,99) (0,101) 
TD 1 :
(99,84) (0,101) (1,99) (2,96) (3,91) (4,87) (5,85) (6,84) (7,81) (8,80) (9,76) (10,75) (11,71) (12,66) (13,65) (14,61) (15,56) (16,54) (17,52) (18,48) (19,46) (20,44) (21,44) (22,41) (23,40) (24,35) (25,30) (26,24) (27,22) (28,22) (29,20) (30,18) (31,17) (32,16) (33,13) (34,10) (35,9) (36,6) (37,6) (38,4) (39,3) (40,3) (41,4) (42,2) (43,5) (44,5) (45,4) (46,4) (47,2) (48,2) (49,1) (50,0) (51,-4) (52,-5) (53,-2) (54,-2) (55,-1) (56,-2) (57,-2) (58,-2) (59,-4) (60,-5) (61,-4) (62,-1) (63,-3) (64,-4) (65,-2) (66,1) (67,4) (68,3) (69,3) (70,6) (71,8) (72,8) (73,8) (74,11) (75,12) (76,15) (77,18) (78,21) (79,22) (80,25) (81,28) (82,29) (83,31) (84,35) (85,36) (86,39) (87,42) (88,47) (89,48) (90,49) (91,53) (92,57) (93,61) (94,61) (95,67) (96,73) (97,77) (98,81) 
TD 2 :
(99,84) (0,101) (98,81) (1,99) (2,96) (3,91) (4,87) (5,85) (6,84) (7,81) (8,80) (9,76) (10,75) (11,71) (12,66) (13,65) (14,61) (15,56) (16,54) (17,52) (18,48) (19,46) (20,44) (21,44) (22,41) (23,40) (24,35) (25,30) (26,24) (27,22) (28,22) (29,20) (30,18) (31,17) (32,16) (33,13) (34,10) (35,9) (36,6) (37,6) (38,4) (39,3) (40,3) (41,4) (42,2) (43,5) (44,5) (45,4) (46,4) (47,2) (48,2) (49,1) (50,0) (51,-4) (52,-5) (53,-2) (54,-2) (55,-1) (56,-2) (57,-2) (58,-2) (59,-4) (60,-5) (61,-4) (62,-1) (63,-3) (64,-4) (65,-2) (66,1) (67,4) (68,3) (69,3) (70,6) (71,8) (72,8) (73,8) (74,11) (75,12) (76,15) (77,18) (78,21) (79,22) (80,25) (81,28) (82,29) (83,31) (84,35) (85,36) (86,39) (87,42) (88,47) (89,48) (90,49) (91,53) (92,57) (93,61) (94,61) (95,67) (96,73) (97,77) 
TD 3 :
(99,84) (0,101) (98,81) (1,99) (97,77) (2,96) (3,91) (4,87) (5,85) (6,84) (7,81) (8,80) (9,76) (10,75) (11,71) (12,66) (13,65) (14,61) (15,56) (16,54) (17,52) (18,48) (19,46) (20,44) (21,44) (22,41) (23,40) (24,35) (25,30) (26,24) (27,22) (28,22) (29,20) (30,18) (31,17) (32,16) (33,13) (34,10) (35,9) (36,6) (37,6) (38,4) (39,3) (40,3) (41,4) (42,2) (43,5) (44,5) (45,4) (46,4) (47,2) (48,2) (49,1) (50,0) (51,-4) (52,-5) (53,-2) (54,-2) (55,-1) (56,-2) (57,-2) (58,-2) (59,-4) (60,-5) (61,-4) (62,-1) (63,-3) (64,-4) (65,-2) (66,1) (67,4) (68,3) (69,3) (70,6) (71,8) (72,8) (73,8) (74,11) (75,12) (76,15) (77,18) (78,21) (79,22) (80,25) (81,28) (82,29) (83,31) (84,35) (85,36) (86,39) (87,42) (88,47) (89,48) (90,49) (91,53) (92,57) (93,61) (94,61) (95,67) (96,73) 
TD 4 :
(99,84) (0,101) (98,81) (1,99) (97,77) (2,96) (96,73) (3,91) (4,87) (5,85) (6,84) (7,81) (8,80) (9,76) (10,75) (11,71) (12,66) (13,65) (14,61) (15,56) (16,54) (17,52) (18,48) (19,46) (20,44) (21,44) (22,41) (23,40) (24,35) (25,30) (26,24) (27,22) (28,22) (29,20) (30,18) (31,17) (32,16) (33,13) (34,10) (35,9) (36,6) (37,6) (38,4) (39,3) (40,3) (41,4) (42,2) (43,5) (44,5) (45,4) (46,4) (47,2) (48,2) (49,1) (50,0) (51,-4) (52,-5) (53,-2) (54,-2) (55,-1) (56,-2) (57,-2) (58,-2) (59,-4) (60,-5) (61,-4) (62,-1) (63,-3) (64,-4) (65,-2) (66,1) (67,4) (68,3) (69,3) (70,6) (71,8) (72,8) (73,8) (74,11) (75,12) (76,15) (77,18) (78,21) (79,22) (80,25) (81,28) (82,29) (83,31) (84,35) (85,36) (86,39) (87,42) (88,47) (89,48) (90,49) (91,53) (92,57) (93,61) (94,61) (95,67) 
TD 5 :
(99,84) (0,101) (98,81) (1,99) (97,77) (2,96) (96,73) (3,91) (95,67) (4,87) (5,85) (6,84) (7,81) (8,80) (9,76) (10,75) (11,71) (12,66) (13,65) (14,61) (15,56) (16,54) (17,52) (18,48) (19,46) (20,44) (21,44) (22,41) (23,40) (24,35) (25,30) (26,24) (27,22) (28,22) (29,20) (30,18) (31,17) (32,16) (33,13) (34,10) (35,9) (36,6) (37,6) (38,4) (39,3) (40,3) (41,4) (42,2) (43,5) (44,5) (45,4) (46,4) (47,2) (48,2) (49,1) (50,0) (51,-4) (52,-5) (53,-2) (54,-2) (55,-1) (56,-2) (57,-2) (58,-2) (59,-4) (60,-5) (61,-4) (62,-1) (63,-3) (64,-4) (65,-2) (66,1) (67,4) (68,3) (69,3) (70,6) (71,8) (72,8) (73,8) (74,11) (75,12) (76,15) (77,18) (78,21) (79,22) (80,25) (81,28) (82,29) (83,31) (84,35) (85,36) (86,39) (87,42) (88,47) (89,48) (90,49) (91,53) (92,57) (93,61) (94,61) 
TD 6 :
(99,84) (0,101) (98,81) (1,99) (97,77) (2,96) (96,73) (3,91) (95,67) (4,87) (94,61) (5,85) (6,84) (7,81) (8,80) (9,76) (10,75) (11,71) (12,66) (13,65) (14,61) (15,56) (16,54) (17,52) (18,48) (19,46) (20,44) (21,44) (22,41) (23,40) (24,35) (25,30) (26,24) (27,22) (28,22) (29,20) (30,18) (31,17) (32,16) (33,13) (34,10) (35,9) (36,6) (37,6) (38,4) (39,3) (40,3) (41,4) (42,2) (43,5) (44,5) (45,4) (46,4) (47,2) (48,2) (49,1) (50,0) (51,-4) (52,-5) (53,-2) (54,-2) (55,-1) (56,-2) (57,-2) (58,-2) (59,-4) (60,-5) (61,-4) (62,-1) (63,-3) (64,-4) (65,-2) (66,1) (67,4) (68,3) (69,3) (70,6) (71,8) (72,8) (73,8) (74,11) (75,12) (76,15) (77,18) (78,21) (79,22) (80,25) (81,28) (82,29) (83,31) (84,35) (85,36) (86,39) (87,42) (88,47) (89,48) (90,49) (91,53) (92,57) (93,61) 
TD 7 :
(99,84) (0,101) (98,81) (1,99) (97,77) (2,96) (96,73) (3,91) (95,67) (4,87) (94,61) (5,85) (93,61) (6,84) (7,81) (8,80) (9,76) (10,75) (11,71) (12,66) (13,65) (14,61) (15,56) (16,54) (17,52) (18,48) (19,46) (20,44) (21,44) (22,41) (23,40) (24,35) (25,30) (26,24) (27,22) (28,22) (29,20) (30,18) (31,17) (32,16) (33,13) (34,10) (35,9) (36,6) (37,6) (38,4) (39,3) (40,3) (41,4) (42,2) (43,5) (44,5) (45,4) (46,4) (47,2) (48,2) (49,1) (50,0) (51,-4) (52,-5) (53,-2) (54,-2) (55,-1) (56,-2) (57,-2) (58,-2) (59,-4) (60,-5) (61,-4) (62,-1) (63,-3) (64,-4) (65,-2) (66,1) (67,4) (68,3) (69,3) (70,6) (71,8) (72,8) (73,8) (74,11) (75,12) (76,15) (77,18) (78,21) (79,22) (80,25) (81,28) (82,29) (83,31) (84,35) (85,36) (86,39) (87,42) (88,47) (89,48) (90,49) (91,53) (92,57) 
TD 8 :
(99,84) (0,101) (98,81) (1,99) (97,77) (2,96) (96,73) (3,91) (95,67) (4,87) (94,61) (5,85) (93,61) (6,84) (92,57) (7,81) (8,80) (9,76) (10,75) (11,71) (12,66) (13,65) (14,61) (15,56) (16,54) (17,52) (18,48) (19,46) (20,44) (21,44) (22,41) (23,40) (24,35) (25,30) (26,24) (27,22) (28,22) (29,20) (30,18) (31,17) (32,16) (33,13) (34,10) (35,9) (36,6) (37,6) (38,4) (39,3) (40,3) (41,4) (42,2) (43,5) (44,5) (45,4) (46,4) (47,2) (48,2) (49,1) (50,0) (51,-4) (52,-5) (53,-2) (54,-2) (55,-1) (56,-2) (57,-2) (58,-2) (59,-4) (60,-5) (61,-4) (62,-1) (63,-3) (64,-4) (65,-2) (66,1) (67,4) (68,3) (69,3) (70,6) (71,8) (72,8) (73,8) (74,11) (75,12) (76,15) (77,18) (78,21) (79,22) (80,25) (81,28) (82,29) (83,31) (84,35) (85,36) (86,39) (87,42) (88,47) (89,48) (90,49) (91,53) 
TD 9 :
(99,84) (0,101) (98,81) (1,99) (97,77) (2,96) (96,73) (3,91) (95,67) (4,87) (94,61) (5,85) (93,61) (6,84) (92,57) (7,81) (91,53) (8,80) (9,76) (10,75) (11,71) (12,66) (13,65) (14,61) (15,56) (16,54) (17,52) (18,48) (19,46) (20,44) (21,44) (22,41) (23,40) (24,35) (25,30) (26,24) (27,22) (28,22) (29,20) (30,18) (31,17) (32,16) (33,13) (34,10) (35,9) (36,6) (37,6) (38,4) (39,3) (40,3) (41,4) (42,2) (43,5) (44,5) (45,4) (46,4) (47,2) (48,2) (49,1) (50,0) (51,-4) (52,-5) (53,-2) (54,-2) (55,-1) (56,-2) (57,-2) (58,-2) (59,-4) (60,-5) (61,-4) (62,-1) (63,-3) (64,-4) (65,-2) (66,1) (67,4) (68,3) (69,3) (70,6) (71,8) (72,8) (73,8) (74,11) (75,12) (76,15) (77,18) (78,21) (79,22) (80,25) (81,28) (82,29) (83,31) (84,35) (85,36) (86,39) (87,42) (88,47) (89,48) (90,49) 
TD 10 :
(99,84) (0,101) (98,81) (1,99) (97,77) (2,96) (96,73) (3,91) (95,67) (4,87) (94,61) (5,85) (93,61) (6,84) (92,57) (7,81) (91,53) (8,80) (90,49) (9,76) (10,75) (11,71) (12,66) (13,65) (14,61) (15,56) (16,54) (17,52) (18,48) (19,46) (20,44) (21,44) (22,41) (23,40) (24,35) (25,30) (26,24) (27,22) (28,22) (29,20) (30,18) (31,17) (32,16) (33,13) (34,10) (35,9) (36,6) (37,6) (38,4) (39,3) (40,3) (41,4) (42,2) (43,5) (44,5) (45,4) (46,4) (47,2) (48,2) (49,1) (50,0) (51,-4) (52,-5) (53,-2) (54,-2) (55,-1) (56,-2) (57,-2) (58,-2) (59,-4) (60,-5) (61,-4) (62,-1) (63,-3) (64,-4) (65,-2) (66,1) (67,4) (68,3) (69,3) (70,6) (71,8) (72,8) (73,8) (74,11) (75,12) (76,15) (77,18) (78,21) (79,22) (80,25) (81,28) (82,29) (83,31) (84,35) (85,36) (86,39) (87,42) (88,47) (89,48) 
TD 11 :
(99,84) (0,101) (98,81) (1,99) (97,77) (2,96) (96,73) (3,91) (95,67) (4,87) (94,61) (5,85) (93,61) (6,84) (92,57) (7,81) (91,53) (8,80) (90,49) (9,76) (89,48) (10,75) (11,71) (12,66) (13,65) (14,61) (15,56) (16,54) (17,52) (18,48) (19,46) (20,44) (21,44) (22,41) (23,40) (24,35) (25,30) (26,24) (27,22) (28,22) (29,20) (30,18) (31,17) (32,16) (33,13) (34,10) (35,9) (36,6) (37,6) (38,4) (39,3) (40,3) (41,4) (42,2) (43,5) (44,5) (45,4) (46,4) (47,2) (48,2) (49,1) (50,0) (51,-4) (52,-5) (53,-2) (54,-2) (55,-1) (56,-2) (57,-2) (58,-2) (59,-4) (60,-5) (61,-4) (62,-1) (63,-3) (64,-4) (65,-2) (66,1) (67,4) (68,3) (69,3) (70,6) (71,8) (72,8) (73,8) (74,11) (75,12) (76,15) (77,18) (78,21) (79,22) (80,25) (81,28) (82,29) (83,31) (84,35) (85,36) (86,39) (87,42) (88,47) 
TD 12 :
(99,84) (0,101) (98,81) (1,99) (97,77) (2,96) (96,73) (3,91) (95,67) (4,87) (94,61) (5,85) (93,61) (6,84) (92,57) (7,81) (91,53) (8,80) (90,49) (9,76) (89,48) (10,75) (88,47) (11,71) (12,66) (13,65) (14,61) (15,56) (16,54) (17,52) (18,48) (19,46) (20,44) (21,44) (22,41) (23,40) (24,35) (25,30) (26,24) (27,22) (28,22) (29,20) (30,18) (31,17) (32,16) (33,13) (34,10) (35,9) (36,6) (37,6) (38,4) (39,3) (40,3) (41,4) (42,2) (43,5) (44,5) (45,4) (46,4) (47,2) (48,2) (49,1) (50,0) (51,-4) (52,-5) (53,-2) (54,-2) (55,-1) (56,-2) (57,-2) (58,-2) (59,-4) (60,-5) (61,-4) (62,-1) (63,-3) (64,-4) (65,-2) (66,1) (67,4) (68,3) (69,3) (70,6) (71,8) (72,8) (73,8) (74,11) (75,12) (76,15) (77,18) (78,21) (79,22) (80,25) (81,28) (82,29) (83,31) (84,35) (85,36) (86,39) (87,42) 
TD 13 :
(99,84) (0,101) (98,81) (1,99) (97,77) (2,96) (96,73) (3,91) (95,67) (4,87) (94,61) (5,85) (93,61) (6,84) (92,57) (7,81) (91,53) (8,80) (90,49) (9,76) (89,48) (10,75) (88,47) (11,71) (87,42) (12,66) (13,65) (14,61) (15,56) (16,54) (17,52) (18,48) (19,46) (20,44) (21,44) (22,41) (23,40) (24,35) (25,30) (26,24) (27,22) (28,22) (29,20) (30,18) (31,17) (32,16) (33,13) (34,10) (35,9) (36,6) (37,6) (38,4) (39,3) (40,3) (41,4) (42,2) (43,5) (44,5) (45,4) (46,4) (47,2) (48,2) (49,1) (50,0) (51,-4) (52,-5) (53,-2) (54,-2) (55,-1) (56,-2) (57,-2) (58,-2) (59,-4) (60,-5) (61,-4) (62,-1) (63,-3) (64,-4) (65,-2) (66,1) (67,4) (68,3) (69,3) (70,6) (71,8) (72,8) (73,8) (74,11) (75,12) (76,15) (77,18) (78,21) (79,22) (80,25) (81,28) (82,29) (83,31) (84,35) (85,36) (86,39) 
TD 14 :
(99,84) (0,101) (98,81) (1,99) (97,77) (2,96) (96,73) (3,91) (95,67) (4,87) (94,61) (5,85) (93,61) (6,84) (92,57) (7,81) (91,53) (8,80) (90,49) (9,76) (89,48) (10,75) (88,47) (11,71) (87,42) (12,66) (86,39) (13,65) (14,61) (15,56) (16,54) (17,52) (18,48) (19,46) (20,44) (21,44) (22,41) (23,40) (24,35) (25,30) (26,24) (27,22) (28,22) (29,20) (30,18) (31,17) (32,16) (33,13) (34,10) (35,9) (36,6) (37,6) (38,4) (39,3) (40,3) (41,4) (42,2) (43,5) (44,5) (45,4) (46,4) (47,2) (48,2) (49,1) (50,0) (51,-4) (52,-5) (53,-2) (54,-2) (55,-1) (56,-2) (57,-2) (58,-2) (59,-4) (60,-5) (61,-4) (62,-1) (63,-3) (64,-4) (65,-2) (66,1) (67,4) (68,3) (69,3) (70,6) (71,8) (72,8) (73,8) (74,11) (75,12) (76,15) (77,18) (78,21) (79,22) (80,25) (81,28) (82,29) (83,31) (84,35) (85,36) 
TD 15 :
(99,84) (0,101) (98,81) (1,99) (97,77) (2,96) (96,73) (3,91) (95,67) (4,87) (94,61) (5,85) (93,61) (6,84) (92,57) (7,81) (91,53) (8,80) (90,49) (9,76) (89,48) (10,75) (88,47) (11,71) (87,42) (12,66) (86,39) (13,65) (85,36) (14,61) (15,56) (16,54) (17,52) (18,48) (19,46) (20,44) (21,44) (22,41) (23,40) (24,35) (25,30) (26,24) (27,22) (28,22) (29,20) (30,18) (31,17) (32,16) (33,13) (34,10) (35,9) (36,6) (37,6) (38,4) (39,3) (40,3) (41,4) (42,2) (43,5) (44,5) (45,4) (46,4) (47,2) (48,2) (49,1) (50,0) (51,-4) (52,-5) (53,-2) (54,-2) (55,-1) (56,-2) (57,-2) (58,-2) (59,-4) (60,-5) (61,-4) (62,-1) (63,-3) (64,-4) (65,-2) (66,1) (67,4) (68,3) (69,3) (70,6) (71,8) (72,8) (73,8) (74,11) (75,12) (76,15) (77,18) (78,21) (79,22) (80,25) (81,28) (82,29) (83,31) (84,35) 
TD 16 :
(99,84) (0,101) (98,81) (1,99) (97,77) (2,96) (96,73) (3,91) (95,67) (4,87) (94,61) (5,85) (93,61) (6,84) (92,57) (7,81) (91,53) (8,80) (90,49) (9,76) (89,48) (10,75) (88,47) (11,71) (87,42) (12,66) (86,39) (13,65) (85,36) (14,61) (84,35) (15,56) (16,54) (17,52) (18,48) (19,46) (20,44) (21,44) (22,41) (23,40) (24,35) (25,30) (26,24) (27,22) (28,22) (29,20) (30,18) (31,17) (32,16) (33,13) (34,10) (35,9) (36,6) (37,6) (38,4) (39,3) (40,3) (41,4) (42,2) (43,5) (44,5) (45,4) (46,4) (47,2) (48,2) (49,1) (50,0) (51,-4) (52,-5) (53,-2) (54,-2) (55,-1) (56,-2) (57,-2) (58,-2) (59,-4) (60,-5) (61,-4) (62,-1) (63,-3) (64,-4) (65,-2) (66,1) (67,4) (68,3) (69,3) (70,6) (71,8) (72,8) (73,8) (74,11) (75,12) (76,15) (77,18) (78,21) (79,22) (80,25) (81,28) (82,29) (83,31) 
TD 17 :
(99,84) (0,101) (98,81) (1,99) (97,77) (2,96) (96,73) (3,91) (95,67) (4,87) (94,61) (5,85) (93,61) (6,84) (92,57) (7,81) (91,53) (8,80) (90,49) (9,76) (89,48) (10,75) (88,47) (11,71) (87,42) (12,66) (86,39) (13,65) (85,36) (14,61) (84,35) (15,56) (83,31) (16,54) (17,52) (18,48) (19,46) (20,44) (21,44) (22,41) (23,40) (24,35) (25,30) (26,24) (27,22) (28,22) (29,20) (30,18) (31,17) (32,16) (33,13) (34,10) (35,9) (36,6) (37,6) (38,4) (39,3) (40,3) (41,4) (42,2) (43,5) (44,5) (45,4) (46,4) (47,2) (48,2) (49,1) (50,0) (51,-4) (52,-5) (53,-2) (54,-2) (55,-1) (56,-2) (57,-2) (58,-2) (59,-4) (60,-5) (61,-4) (62,-1) (63,-3) (64,-4) (65,-2) (66,1) (67,4) (68,3) (69,3) (70,6) (71,8) (72,8) (73,8) (74,11) (75,12) (76,15) (77,18) (78,21) (79,22) (80,25) (81,28) (82,29) 
TD 18 :
(99,84) (0,101) (98,81) (1,99) (97,77) (2,96) (96,73) (3,91) (95,67) (4,87) (94,61) (5,85) (93,61) (6,84) (92,57) (7,81) (91,53) (8,80) (90,49) (9,76) (89,48) (10,75) (88,47) (11,71) (87,42) (12,66) (86,39) (13,65) (85,36) (14,61) (84,35) (15,56) (83,31) (16,54) (82,29) (17,52) (18,48) (19,46) (20,44) (21,44) (22,41) (23,40) (24,35) (25,30) (26,24) (27,22) (28,22) (29,20) (30,18) (31,17) (32,16) (33,13) (34,10) (35,9) (36,6) (37,6) (38,4) (39,3) (40,3) (41,4) (42,2) (43,5) (44,5) (45,4) (46,4) (47,2) (48,2) (49,1) (50,0) (51,-4) (52,-5) (53,-2) (54,-2) (55,-1) (56,-2) (57,-2) (58,-2) (59,-4) (60,-5) (61,-4) (62,-1) (63,-3) (64,-4) (65,-2) (66,1) (67,4) (68,3) (69,3) (70,6) (71,8) (72,8) (73,8) (74,11) (75,12) (76,15) (77,18) (78,21) (79,22) (80,25) (81,28) 
TD 19 :
(99,84) (0,101) (98,81) (1,99) (97,77) (2,96) (96,73) (3,91) (95,67) (4,87) (94,61) (5,85) (93,61) (6,84) (92,57) (7,81) (91,53) (8,80) (90,49) (9,76) (89,48) (10,75) (88,47) (11,71) (87,42) (12,66) (86,39) (13,65) (85,36) (14,61) (84,35) (15,56) (83,31) (16,54) (82,29) (17,52) (81,28) (18,48) (19,46) (20,44) (21,44) (22,41) (23,40) (24,35) (25,30) (26,24) (27,22) (28,22) (29,20) (30,18) (31,17) (32,16) (33,13) (34,10) (35,9) (36,6) (37,6) (38,4) (39,3) (40,3) (41,4) (42,2) (43,5) (44,5) (45,4) (46,4) (47,2) (48,2) (49,1) (50,0) (51,-4) (52,-5) (53,-2) (54,-2) (55,-1) (56,-2) (57,-2) (58,-2) (59,-4) (60,-5) (61,-4) (62,-1) (63,-3) (64,-4) (65,-2) (66,1) (67,4) (68,3) (69,3) (70,6) (71,8) (72,8) (73,8) (74,11) (75,12) (76,15) (77,18) (78,21) (79,22) (80,25) 
TD 20 :
(99,84) (0,101) (98,81) (1,99) (97,77) (2,96) (96,73) (3,91) (95,67) (4,87) (94,61) (5,85) (93,61) (6,84) (92,57) (7,81) (91,53) (8,80) (90,49) (9,76) (89,48) (10,75) (88,47) (11,71) (87,42) (12,66) (86,39) (13,65) (85,36) (14,61) (84,35) (15,56) (83,31) (16,54) (82,29) (17,52) (81,28) (18,48) (80,25) (19,46) (20,44) (21,44) (22,41) (23,40) (24,35) (25,30) (26,24) (27,22) (28,22) (29,20) (30,18) (31,17) (32,16) (33,13) (34,10) (35,9) (36,6) (37,6) (38,4) (39,3) (40,3) (41,4) (42,2) (43,5) (44,5) (45,4) (46,4) (47,2) (48,2) (49,1) (50,0) (51,-4) (52,-5) (53,-2) (54,-2) (55,-1) (56,-2) (57,-2) (58,-2) (59,-4) (60,-5) (61,-4) (62,-1) (63,-3) (64,-4) (65,-2) (66,1) (67,4) (68,3) (69,3) (70,6) (71,8) (72,8) (73,8) (74,11) (75,12) (76,15) (77,18) (78,21) (79,22) 
TD 21 :
(99,84) (0,101) (98,81) (1,99) (97,77) (2,96) (96,73) (3,91) (95,67) (4,87) (94,61) (5,85) (93,61) (6,84) (92,57) (7,81) (91,53) (8,80) (90,49) (9,76) (89,48) (10,75) (88,47) (11,71) (87,42) (12,66) (86,39) (13,65) (85,36) (14,61) (84,35) (15,56) (83,31) (16,54) (82,29) (17,52) (81,28) (18,48) (80,25) (19,46) (79,22) (21,44) (20,44) 
(99,84) (0,101) (98,81) (1,99) (97,77) (2,96) (96,73) (3,91) (95,67) (4,87) (94,61) (5,85) (93,61) (6,84) (92,57) (7,81) (91,53) (8,80) (90,49) (9,76) (89,48) (10,75) (88,47) (11,71) (87,42) (12,66) (86,39) (13,65) (85,36) (14,61) (84,35) (15,56) (83,31) (16,54) (82,29) (17,52) (81,28) (18,48) (80,25) (19,46) (79,22) (21,44) (20,44) (22,41) (23,40) (24,35) (25,30) (26,24) (27,22) (28,22) (29,20) (30,18) (31,17) (32,16) (33,13) (34,10) (35,9) (36,6) (37,6) (38,4) (39,3) (40,3) (41,4) (42,2) (43,5) (44,5) (45,4) (46,4) (47,2) (48,2) (49,1) (50,0) (51,-4) (52,-5) (53,-2) (54,-2) (55,-1) (56,-2) (57,-2) (58,-2) (59,-4) (60,-5) (61,-4) (62,-1) (63,-3) (64,-4) (65,-2) (66,1) (67,4) (68,3) (69,3) (70,6) (71,8) (72,8) (73,8) (74,11) (75,12) (76,15) (77,18) (78,21) 
TD 22 :
(99,84) (0,101) (98,81) (1,99) (97,77) (2,96) (96,73) (3,91) (95,67) (4,87) (94,61) (5,85) (93,61) (6,84) (92,57) (7,81) (91,53) (8,80) (90,49) (9,76) (89,48) (10,75) (88,47) (11,71) (87,42) (12,66) (86,39) (13,65) (85,36) (14,61) (84,35) (15,56) (83,31) (16,54) (82,29) (17,52) (81,28) (18,48) (80,25) (19,46) (79,22) (21,44) (20,44) (78,21) (22,41) (23,40) (24,35) (25,30) (26,24) (27,22) (28,22) (29,20) (30,18) (31,17) (32,16) (33,13) (34,10) (35,9) (36,6) (37,6) (38,4) (39,3) (40,3) (41,4) (42,2) (43,5) (44,5) (45,4) (46,4) (47,2) (48,2) (49,1) (50,0) (51,-4) (52,-5) (53,-2) (54,-2) (55,-1) (56,-2) (57,-2) (58,-2) (59,-4) (60,-5) (61,-4) (62,-1) (63,-3) (64,-4) (65,-2) (66,1) (67,4) (68,3) (69,3) (70,6) (71,8) (72,8) (73,8) (74,11) (75,12) (76,15) (77,18) 
TD 23 :
(99,84) (0,101) (98,81) (1,99) (97,77) (2,96) (96,73) (3,91) (95,67) (4,87) (94,61) (5,85) (93,61) (6,84) (92,57) (7,81) (91,53) (8,80) (90,49) (9,76) (89,48) (10,75) (88,47) (11,71) (87,42) (12,66) (86,39) (13,65) (85,36) (14,61) (84,35) (15,56) (83,31) (16,54) (82,29) (17,52) (81,28) (18,48) (80,25) (19,46) (79,22) (21,44) (20,44) (78,21) (22,41) (77,18) (23,40) (24,35) (25,30) (26,24) (27,22) (28,22) (29,20) (30,18) (31,17) (32,16) (33,13) (34,10) (35,9) (36,6) (37,6) (38,4) (39,3) (40,3) (41,4) (42,2) (43,5) (44,5) (45,4) (46,4) (47,2) (48,2) (49,1) (50,0) (51,-4) (52,-5) (53,-2) (54,-2) (55,-1) (56,-2) (57,-2) (58,-2) (59,-4) (60,-5) (61,-4) (62,-1) (63,-3) (64,-4) (65,-2) (66,1) (67,4) (68,3) (69,3) (70,6) (71,8) (72,8) (73,8) (74,11) (75,12) (76,15) 
TD 24 :
(99,84) (0,101) (98,81) (1,99) (97,77) (2,96) (96,73) (3,91) (95,67) (4,87) (94,61) (5,85) (93,61) (6,84) (92,57) (7,81) (91,53) (8,80) (90,49) (9,76) (89,48) (10,75) (88,47) (11,71) (87,42) (12,66) (86,39) (13,65) (85,36) (14,61) (84,35) (15,56) (83,31) (16,54) (82,29) (17,52) (81,28) (18,48) (80,25) (19,46) (79,22) (21,44) (20,44) (78,21) (22,41) (77,18) (23,40) (76,15) (24,35) (25,30) (26,24) (27,22) (28,22) (29,20) (30,18) (31,17) (32,16) (33,13) (34,10) (35,9) (36,6) (37,6) (38,4) (39,3) (40,3) (41,4) (42,2) (43,5) (44,5) (45,4) (46,4) (47,2) (48,2) (49,1) (50,0) (51,-4) (52,-5) (53,-2) (54,-2) (55,-1) (56,-2) (57,-2) (58,-2) (59,-4) (60,-5) (61,-4) (62,-1) (63,-3) (64,-4) (65,-2) (66,1) (67,4) (68,3) (69,3) (70,6) (71,8) (72,8) (73,8) (74,11) (75,12) 
TD 25 :
(99,84) (0,101) (98,81) (1,99) (97,77) (2,96) (96,73) (3,91) (95,67) (4,87) (94,61) (5,85) (93,61) (6,84) (92,57) (7,81) (91,53) (8,80) (90,49) (9,76) (89,48) (10,75) (88,47) (11,71) (87,42) (12,66) (86,39) (13,65) (85,36) (14,61) (84,35) (15,56) (83,31) (16,54) (82,29) (17,52) (81,28) (18,48) (80,25) (19,46) (79,22) (21,44) (20,44) (78,21) (22,41) (77,18) (23,40) (76,15) (24,35) (75,12) (25,30) (26,24) (27,22) (28,22) (29,20) (30,18) (31,17) (32,16) (33,13) (34,10) (35,9) (36,6) (37,6) (38,4) (39,3) (40,3) (41,4) (42,2) (43,5) (44,5) (45,4) (46,4) (47,2) (48,2) (49,1) (50,0) (51,-4) (52,-5) (53,-2) (54,-2) (55,-1) (56,-2) (57,-2) (58,-2) (59,-4) (60,-5) (61,-4) (62,-1) (63,-3) (64,-4) (65,-2) (66,1) (67,4) (68,3) (69,3) (70,6) (71,8) (72,8) (73,8) (74,11) 
TD 26 :
(99,84) (0,101) (98,81) (1,99) (97,77) (2,96) (96,73) (3,91) (95,67) (4,87) (94,61) (5,85) (93,61) (6,84) (92,57) (7,81) (91,53) (8,80) (90,49) (9,76) (89,48) (10,75) (88,47) (11,71) (87,42) (12,66) (86,39) (13,65) (85,36) (14,61) (84,35) (15,56) (83,31) (16,54) (82,29) (17,52) (81,28) (18,48) (80,25) (19,46) (79,22) (21,44) (20,44) (78,21) (22,41) (77,18) (23,40) (76,15) (24,35) (75,12) (25,30) (74,11) (26,24) (27,22) (28,22) (29,20) (30,18) (31,17) (32,16) (33,13) (34,10) (35,9) (36,6) (37,6) (38,4) (39,3) (40,3) (41,4) (42,2) (43,5) (44,5) (45,4) (46,4) (47,2) (48,2) (49,1) (50,0) (51,-4) (52,-5) (53,-2) (54,-2) (55,-1) (56,-2) (57,-2) (58,-2) (59,-4) (60,-5) (61,-4) (62,-1) (63,-3) (64,-4) (65,-2) (66,1) (67,4) (68,3) (69,3) (70,6) (71,8) (72,8) (73,8) 
TD 27 :
(99,84) (0,101) (98,81) (1,99) (97,77) (2,96) (96,73) (3,91) (95,67) (4,87) (94,61) (5,85) (93,61) (6,84) (92,57) (7,81) (91,53) (8,80) (90,49) (9,76) (89,48) (10,75) (88,47) (11,71) (87,42) (12,66) (86,39) (13,65) (85,36) (14,61) (84,35) (15,56) (83,31) (16,54) (82,29) (17,52) (81,28) (18,48) (80,25) (19,46) (79,22) (21,44) (20,44) (78,21) (22,41) (77,18) (23,40) (76,15) (24,35) (75,12) (25,30) (74,11) (26,24) (73,8) (28,22) (27,22) 
(99,84) (0,101) (98,81) (1,99) (97,77) (2,96) (96,73) (3,91) (95,67) (4,87) (94,61) (5,85) (93,61) (6,84) (92,57) (7,81) (91,53) (8,80) (90,49) (9,76) (89,48) (10,75) (88,47) (11,71) (87,42) (12,66) (86,39) (13,65) (85,36) (14,61) (84,35) (15,56) (83,31) (16,54) (82,29) (17,52) (81,28) (18,48) (80,25) (19,46) (79,22) (21,44) (20,44) (78,21) (22,41) (77,18) (23,40) (76,15) (24,35) (75,12) (25,30) (74,11) (26,24) (73,8) (28,22) (27,22) (29,20) (30,18) (31,17) (32,16) (33,13) (34,10) (35,9) (36,6) (37,6) (38,4) (39,3) (40,3) (41,4) (42,2) (43,5) (44,5) (45,4) (46,4) (47,2) (48,2) (49,1) (50,0) (51,-4) (52,-5) (53,-2) (54,-2) (55,-1) (56,-2) (57,-2) (58,-2) (59,-4) (60,-5) (61,-4) (62,-1) (63,-3) (64,-4) (65,-2) (66,1) (67,4) (68,3) (69,3) (70,6) (71,8) (72,8) 
TD 28 :
(99,84) (0,101) (98,81) (1,99) (97,77) (2,96) (96,73) (3,91) (95,67) (4,87) (94,61) (5,85) (93,61) (6,84) (92,57) (7,81) (91,53) (8,80) (90,49) (9,76) (89,48) (10,75) (88,47) (11,71) (87,42) (12,66) (86,39) (13,65) (85,36) (14,61) (84,35) (15,56) (83,31) (16,54) (82,29) (17,52) (81,28) (18,48) (80,25) (19,46) (79,22) (21,44) (20,44) (78,21) (22,41) (77,18) (23,40) (76,15) (24,35) (75,12) (25,30) (74,11) (26,24) (73,8) (28,22) (27,22) (72,8) (29,20) (30,18) (31,17) (32,16) (33,13) (34,10) (35,9) (36,6) (37,6) (38,4) (39,3) (40,3) (41,4) (42,2) (43,5) (44,5) (45,4) (46,4) (47,2) (48,2) (49,1) (50,0) (51,-4) (52,-5) (53,-2) (54,-2) (55,-1) (56,-2) (57,-2) (58,-2) (59,-4) (60,-5) (61,-4) (62,-1) (63,-3) (64,-4) (65,-2) (66,1) (67,4) (68,3) (69,3) (70,6) (71,8) 
TD 29 :
(99,84) (0,101) (98,81) (1,99) (97,77) (2,96) (96,73) (3,91) (95,67) (4,87) (94,61) (5,85) (93,61) (6,84) (92,57) (7,81) (91,53) (8,80) (90,49) (9,76) (89,48) (10,75) (88,47) (11,71) (87,42) (12,66) (86,39) (13,65) (85,36) (14,61) (84,35) (15,56) (83,31) (16,54) (82,29) (17,52) (81,28) (18,48) (80,25) (19,46) (79,22) (21,44) (20,44) (78,21) (22,41) (77,18) (23,40) (76,15) (24,35) (75,12) (25,30) (74,11) (26,24) (73,8) (28,22) (27,22) (72,8) (29,20) (71,8) (30,18) (31,17) (32,16) (33,13) (34,10) (35,9) (36,6) (37,6) (38,4) (39,3) (40,3) (41,4) (42,2) (43,5) (44,5) (45,4) (46,4) (47,2) (48,2) (49,1) (50,0) (51,-4) (52,-5) (53,-2) (54,-2) (55,-1) (56,-2) (57,-2) (58,-2) (59,-4) (60,-5) (61,-4) (62,-1) (63,-3) (64,-4) (65,-2) (66,1) (67,4) (68,3) (69,3) (70,6) 
TD 30 :
(99,84) (0,101) (98,81) (1,99) (97,77) (2,96) (96,73) (3,91) (95,67) (4,87) (94,61) (5,85) (93,61) (6,84) (92,57) (7,81) (91,53) (8,80) (90,49) (9,76) (89,48) (10,75) (88,47) (11,71) (87,42) (12,66) (86,39) (13,65) (85,36) (14,61) (84,35) (15,56) (83,31) (16,54) (82,29) (17,52) (81,28) (18,48) (80,25) (19,46) (79,22) (21,44) (20,44) (78,21) (22,41) (77,18) (23,40) (76,15) (24,35) (75,12) (25,30) (74,11) (26,24) (73,8) (28,22) (27,22) (72,8) (29,20) (71,8) (30,18) (70,6) (31,17) (32,16) (33,13) (34,10) (35,9) (36,6) (37,6) (38,4) (39,3) (40,3) (41,4) (42,2) (43,5) (44,5) (45,4) (46,4) (47,2) (48,2) (49,1) (50,0) (51,-4) (52,-5) (53,-2) (54,-2) (55,-1) (56,-2) (57,-2) (58,-2) (59,-4) (60,-5) (61,-4) (62,-1) (63,-3) (64,-4) (65,-2) (66,1) (67,4) (68,3) (69,3) 
TD 31 :
(99,84) (0,101) (98,81) (1,99) (97,77) (2,96) (96,73) (3,91) (95,67) (4,87) (94,61) (5,85) (93,61) (6,84) (92,57) (7,81) (91,53) (8,80) (90,49) (9,76) (89,48) (10,75) (88,47) (11,71) (87,42) (12,66) (86,39) (13,65) (85,36) (14,61) (84,35) (15,56) (83,31) (16,54) (82,29) (17,52) (81,28) (18,48) (80,25) (19,46) (79,22) (21,44) (20,44) (78,21) (22,41) (77,18) (23,40) (76,15) (24,35) (75,12) (25,30) (74,11) (26,24) (73,8) (28,22) (27,22) (72,8) (29,20) (71,8) (30,18) (70,6) (31,17) (69,3) (67,4) (32,16) (33,13) (34,10) (35,9) (36,6) (37,6) (38,4) (39,3) (40,3) (41,4) (42,2) (43,5) (44,5) (45,4) (46,4) (47,2) (48,2) (49,1) (50,0) (51,-4) (52,-5) (53,-2) (54,-2) (55,-1) (56,-2) (57,-2) (58,-2) (59,-4) (60,-5) (61,-4) (62,-1) (63,-3) (64,-4) (65,-2) (66,1) 
(99,84) (0,101) (98,81) (1,99) (97,77) (2,96) (96,73) (3,91) (95,67) (4,87) (94,61) (5,85) (93,61) (6,84) (92,57) (7,81) (91,53) (8,80) (90,49) (9,76) (89,48) (10,75) (88,47) (11,71) (87,42) (12,66) (86,39) (13,65) (85,36) (14,61) (84,35) (15,56) (83,31) (16,54) (82,29) (17,52) (81,28) (18,48) (80,25) (19,46) (79,22) (21,44) (20,44) (78,21) (22,41) (77,18) (23,40) (76,15) (24,35) (75,12) (25,30) (74,11) (26,24) (73,8) (28,22) (27,22) (72,8) (29,20) (71,8) (30,18) (70,6) (31,17) (69,3) (67,4) (32,16) (68,3) 
TD 32 :
(99,84) (0,101) (98,81) (1,99) (97,77) (2,96) (96,73) (3,91) (95,67) (4,87) (94,61) (5,85) (93,61) (6,84) (92,57) (7,81) (91,53) (8,80) (90,49) (9,76) (89,48) (10,75) (88,47) (11,71) (87,42) (12,66) (86,39) (13,65) (85,36) (14,61) (84,35) (15,56) (83,31) (16,54) (82,29) (17,52) (81,28) (18,48) (80,25) (19,46) (79,22) (21,44) (20,44) (78,21) (22,41) (77,18) (23,40) (76,15) (24,35) (75,12) (25,30) (74,11) (26,24) (73,8) (28,22) (27,22) (72,8) (29,20) (71,8) (30,18) (70,6) (31,17) (69,3) (67,4) (32,16) (33,13) (34,10) (35,9) (36,6) (37,6) (38,4) (39,3) (40,3) (41,4) (42,2) (43,5) (44,5) (45,4) (46,4) (47,2) (48,2) (49,1) (50,0) (51,-4) (52,-5) (53,-2) (54,-2) (55,-1) (56,-2) (57,-2) (58,-2) (59,-4) (60,-5) (61,-4) (62,-1) (63,-3) (64,-4) (65,-2) (66,1) 
(99,84) (0,101) (98,81) (1,99) (97,77) (2,96) (96,73) (3,91) (95,67) (4,87) (94,61) (5,85) (93,61) (6,84) (92,57) (7,81) (91,53) (8,80) (90,49) (9,76) (89,48) (10,75) (88,47) (11,71) (87,42) (12,66) (86,39) (13,65) (85,36) (14,61) (84,35) (15,56) (83,31) (16,54) (82,29) (17,52) (81,28) (18,48) (80,25) (19,46) (79,22) (21,44) (20,44) (78,21) (22,41) (77,18) (23,40) (76,15) (24,35) (75,12) (25,30) (74,11) (26,24) (73,8) (28,22) (27,22) (72,8) (29,20) (71,8) (30,18) (70,6) (31,17) (69,3) (67,4) (32,16) (68,3) 
TD 33 :
(99,84) (0,101) (98,81) (1,99) (97,77) (2,96) (96,73) (3,91) (95,67) (4,87) (94,61) (5,85) (93,61) (6,84) (92,57) (7,81) (91,53) (8,80) (90,49) (9,76) (89,48) (10,75) (88,47) (11,71) (87,42) (12,66) (86,39) (13,65) (85,36) (14,61) (84,35) (15,56) (83,31) (16,54) (82,29) (17,52) (81,28) (18,48) (80,25) (19,46) (79,22) (21,44) (20,44) (78,21) (22,41) (77,18) (23,40) (76,15) (24,35) (75,12) (25,30) (74,11) (26,24) (73,8) (28,22) (27,22) (72,8) (29,20) (71,8) (30,18) (70,6) (31,17) (69,3) (67,4) (32,16) (33,13) (66,1) (34,10) (35,9) (36,6) (37,6) (38,4) (39,3) (40,3) (41,4) (42,2) (43,5) (44,5) (45,4) (46,4) (47,2) (48,2) (49,1) (50,0) (51,-4) (52,-5) (53,-2) (54,-2) (55,-1) (56,-2) (57,-2) (58,-2) (59,-4) (60,-5) (61,-4) (62,-1) (63,-3) (64,-4) (65,-2) 
TD 34 :
(99,84) (0,101) (98,81) (1,99) (97,77) (2,96) (96,73) (3,91) (95,67) (4,87) (94,61) (5,85) (93,61) (6,84) (92,57) (7,81) (91,53) (8,80) (90,49) (9,76) (89,48) (10,75) (88,47) (11,71) (87,42) (12,66) (86,39) (13,65) (85,36) (14,61) (84,35) (15,56) (83,31) (16,54) (82,29) (17,52) (81,28) (18,48) (80,25) (19,46) (79,22) (21,44) (20,44) (78,21) (22,41) (77,18) (23,40) (76,15) (24,35) (75,12) (25,30) (74,11) (26,24) (73,8) (28,22) (27,22) (72,8) (29,20) (71,8) (30,18) (70,6) (31,17) (69,3) (67,4) (32,16) (33,13) (66,1) (34,10) (65,-2) (35,9) (36,6) (37,6) (38,4) (39,3) (40,3) (41,4) (42,2) (43,5) (44,5) (45,4) (46,4) (47,2) (48,2) (49,1) (50,0) (51,-4) (52,-5) (53,-2) (54,-2) (55,-1) (56,-2) (57,-2) (58,-2) (59,-4) (60,-5) (61,-4) (62,-1) (63,-3) (64,-4) 
TD 35 :
(99,84) (0,101) (98,81) (1,99) (97,77) (2,96) (96,73) (3,91) (95,67) (4,87) (94,61) (5,85) (93,61) (6,84) (92,57) (7,81) (91,53) (8,80) (90,49) (9,76) (89,48) (10,75) (88,47) (11,71) (87,42) (12,66) (86,39) (13,65) (85,36) (14,61) (84,35) (15,56) (83,31) (16,54) (82,29) (17,52) (81,28) (18,48) (80,25) (19,46) (79,22) (21,44) (20,44) (78,21) (22,41) (77,18) (23,40) (76,15) (24,35) (75,12) (25,30) (74,11) (26,24) (73,8) (28,22) (27,22) (72,8) (29,20) (71,8) (30,18) (70,6) (31,17) (69,3) (67,4) (32,16) (33,13) (66,1) (34,10) (65,-2) (35,9) (64,-4) (62,-1) (44,5) (37,6) (36,6) 
(99,84) (0,101) (98,81) (1,99) (97,77) (2,96) (96,73) (3,91) (95,67) (4,87) (94,61) (5,85) (93,61) (6,84) (92,57) (7,81) (91,53) (8,80) (90,49) (9,76) (89,48) (10,75) (88,47) (11,71) (87,42) (12,66) (86,39) (13,65) (85,36) (14,61) (84,35) (15,56) (83,31) (16,54) (82,29) (17,52) (81,28) (18,48) (80,25) (19,46) (79,22) (21,44) (20,44) (78,21) (22,41) (77,18) (23,40) (76,15) (24,35) (75,12) (25,30) (74,11) (26,24) (73,8) (28,22) (27,22) (72,8) (29,20) (71,8) (30,18) (70,6) (31,17) (69,3) (67,4) (32,16) (33,13) (66,1) (34,10) (65,-2) (35,9) (64,-4) (62,-1) (44,5) (37,6) (36,6) (38,4) (39,3) (40,3) (41,4) (42,2) (43,5) 
(99,84) (0,101) (98,81) (1,99) (97,77) (2,96) (96,73) (3,91) (95,67) (4,87) (94,61) (5,85) (93,61) (6,84) (92,57) (7,81) (91,53) (8,80) (90,49) (9,76) (89,48) (10,75) (88,47) (11,71) (87,42) (12,66) (86,39) (13,65) (85,36) (14,61) (84,35) (15,56) (83,31) (16,54) (82,29) (17,52) (81,28) (18,48) (80,25) (19,46) (79,22) (21,44) (20,44) (78,21) (22,41) (77,18) (23,40) (76,15) (24,35) (75,12) (25,30) (74,11) (26,24) (73,8) (28,22) (27,22) (72,8) (29,20) (71,8) (30,18) (70,6) (31,17) (69,3) (67,4) (32,16) (33,13) (66,1) (34,10) (65,-2) (35,9) (64,-4) (62,-1) (44,5) (37,6) (36,6) (45,4) (46,4) (47,2) (48,2) (49,1) (50,0) (51,-4) (52,-5) (53,-2) (54,-2) (55,-1) (56,-2) (57,-2) (58,-2) (59,-4) (60,-5) (61,-4) 
(99,84) (0,101) (98,81) (1,99) (97,77) (2,96) (96,73) (3,91) (95,67) (4,87) (94,61) (5,85) (93,61) (6,84) (92,57) (7,81) (91,53) (8,80) (90,49) (9,76) (89,48) (10,75) (88,47) (11,71) (87,42) (12,66) (86,39) (13,65) (85,36) (14,61) (84,35) (15,56) (83,31) (16,54) (82,29) (17,52) (81,28) (18,48) (80,25) (19,46) (79,22) (21,44) (20,44) (78,21) (22,41) (77,18) (23,40) (76,15) (24,35) (75,12) (25,30) (74,11) (26,24) (73,8) (28,22) (27,22) (72,8) (29,20) (71,8) (30,18) (70,6) (31,17) (69,3) (67,4) (32,16) (33,13) (66,1) (34,10) (65,-2) (35,9) (64,-4) (62,-1) (44,5) (37,6) (36,6) (63,-3) 
TD 36 :
(99,84) (0,101) (98,81) (1,99) (97,77) (2,96) (96,73) (3,91) (95,67) (4,87) (94,61) (5,85) (93,61) (6,84) (92,57) (7,81) (91,53) (8,80) (90,49) (9,76) (89,48) (10,75) (88,47) (11,71) (87,42) (12,66) (86,39) (13,65) (85,36) (14,61) (84,35) (15,56) (83,31) (16,54) (82,29) (17,52) (81,28) (18,48) (80,25) (19,46) (79,22) (21,44) (20,44) (78,21) (22,41) (77,18) (23,40) (76,15) (24,35) (75,12) (25,30) (74,11) (26,24) (73,8) (28,22) (27,22) (72,8) (29,20) (71,8) (30,18) (70,6) (31,17) (69,3) (67,4) (32,16) (33,13) (66,1) (34,10) (65,-2) (35,9) (64,-4) (62,-1) (44,5) (37,6) (36,6) (43,5) (38,4) (39,3) (40,3) (41,4) (42,2) 
(99,84) (0,101) (98,81) (1,99) (97,77) (2,96) (96,73) (3,91) (95,67) (4,87) (94,61) (5,85) (93,61) (6,84) (92,57) (7,81) (91,53) (8,80) (90,49) (9,76) (89,48) (10,75) (88,47) (11,71) (87,42) (12,66) (86,39) (13,65) (85,36) (14,61) (84,35) (15,56) (83,31) (16,54) (82,29) (17,52) (81,28) (18,48) (80,25) (19,46) (79,22) (21,44) (20,44) (78,21) (22,41) (77,18) (23,40) (76,15) (24,35) (75,12) (25,30) (74,11) (26,24) (73,8) (28,22) (27,22) (72,8) (29,20) (71,8) (30,18) (70,6) (31,17) (69,3) (67,4) (32,16) (33,13) (66,1) (34,10) (65,-2) (35,9) (64,-4) (62,-1) (44,5) (37,6) (36,6) (43,5) (38,4) 
(99,84) (0,101) (98,81) (1,99) (97,77) (2,96) (96,73) (3,91) (95,67) (4,87) (94,61) (5,85) (93,61) (6,84) (92,57) (7,81) (91,53) (8,80) (90,49) (9,76) (89,48) (10,75) (88,47) (11,71) (87,42) (12,66) (86,39) (13,65) (85,36) (14,61) (84,35) (15,56) (83,31) (16,54) (82,29) (17,52) (81,28) (18,48) (80,25) (19,46) (79,22) (21,44) (20,44) (78,21) (22,41) (77,18) (23,40) (76,15) (24,35) (75,12) (25,30) (74,11) (26,24) (73,8) (28,22) (27,22) (72,8) (29,20) (71,8) (30,18) (70,6) (31,17) (69,3) (67,4) (32,16) (33,13) (66,1) (34,10) (65,-2) (35,9) (64,-4) (62,-1) (44,5) (37,6) (36,6) (46,4) (45,4) 
(99,84) (0,101) (98,81) (1,99) (97,77) (2,96) (96,73) (3,91) (95,67) (4,87) (94,61) (5,85) (93,61) (6,84) (92,57) (7,81) (91,53) (8,80) (90,49) (9,76) (89,48) (10,75) (88,47) (11,71) (87,42) (12,66) (86,39) (13,65) (85,36) (14,61) (84,35) (15,56) (83,31) (16,54) (82,29) (17,52) (81,28) (18,48) (80,25) (19,46) (79,22) (21,44) (20,44) (78,21) (22,41) (77,18) (23,40) (76,15) (24,35) (75,12) (25,30) (74,11) (26,24) (73,8) (28,22) (27,22) (72,8) (29,20) (71,8) (30,18) (70,6) (31,17) (69,3) (67,4) (32,16) (33,13) (66,1) (34,10) (65,-2) (35,9) (64,-4) (62,-1) (44,5) (37,6) (36,6) (46,4) (47,2) (48,2) (49,1) (50,0) (51,-4) (52,-5) (53,-2) (54,-2) (55,-1) (56,-2) (57,-2) (58,-2) (59,-4) (60,-5) (61,-4) 
(99,84) (0,101) (98,81) (1,99) (97,77) (2,96) (96,73) (3,91) (95,67) (4,87) (94,61) (5,85) (93,61) (6,84) (92,57) (7,81) (91,53) (8,80) (90,49) (9,76) (89,48) (10,75) (88,47) (11,71) (87,42) (12,66) (86,39) (13,65) (85,36) (14,61) (84,35) (15,56) (83,31) (16,54) (82,29) (17,52) (81,28) (18,48) (80,25) (19,46) (79,22) (21,44) (20,44) (78,21) (22,41) (77,18) (23,40) (76,15) (24,35) (75,12) (25,30) (74,11) (26,24) (73,8) (28,22) (27,22) (72,8) (29,20) (71,8) (30,18) (70,6) (31,17) (69,3) (67,4) (32,16) (33,13) (66,1) (34,10) (65,-2) (35,9) (64,-4) (62,-1) (44,5) (37,6) (36,6) (63,-3) 
TD 37 :
(99,84) (0,101) (98,81) (1,99) (97,77) (2,96) (96,73) (3,91) (95,67) (4,87) (94,61) (5,85) (93,61) (6,84) (92,57) (7,81) (91,53) (8,80) (90,49) (9,76) (89,48) (10,75) (88,47) (11,71) (87,42) (12,66) (86,39) (13,65) (85,36) (14,61) (84,35) (15,56) (83,31) (16,54) (82,29) (17,52) (81,28) (18,48) (80,25) (19,46) (79,22) (21,44) (20,44) (78,21) (22,41) (77,18) (23,40) (76,15) (24,35) (75,12) (25,30) (74,11) (26,24) (73,8) (28,22) (27,22) (72,8) (29,20) (71,8) (30,18) (70,6) (31,17) (69,3) (67,4) (32,16) (33,13) (66,1) (34,10) (65,-2) (35,9) (64,-4) (62,-1) (44,5) (37,6) (36,6) (43,5) (38,4) (41,4) (39,3) (40,3) 
(99,84) (0,101) (98,81) (1,99) (97,77) (2,96) (96,73) (3,91) (95,67) (4,87) (94,61) (5,85) (93,61) (6,84) (92,57) (7,81) (91,53) (8,80) (90,49) (9,76) (89,48) (10,75) (88,47) (11,71) (87,42) (12,66) (86,39) (13,65) (85,36) (14,61) (84,35) (15,56) (83,31) (16,54) (82,29) (17,52) (81,28) (18,48) (80,25) (19,46) (79,22) (21,44) (20,44) (78,21) (22,41) (77,18) (23,40) (76,15) (24,35) (75,12) (25,30) (74,11) (26,24) (73,8) (28,22) (27,22) (72,8) (29,20) (71,8) (30,18) (70,6) (31,17) (69,3) (67,4) (32,16) (33,13) (66,1) (34,10) (65,-2) (35,9) (64,-4) (62,-1) (44,5) (37,6) (36,6) (43,5) (38,4) (41,4) (39,3) (42,2) 
(99,84) (0,101) (98,81) (1,99) (97,77) (2,96) (96,73) (3,91) (95,67) (4,87) (94,61) (5,85) (93,61) (6,84) (92,57) (7,81) (91,53) (8,80) (90,49) (9,76) (89,48) (10,75) (88,47) (11,71) (87,42) (12,66) (86,39) (13,65) (85,36) (14,61) (84,35) (15,56) (83,31) (16,54) (82,29) (17,52) (81,28) (18,48) (80,25) (19,46) (79,22) (21,44) (20,44) (78,21) (22,41) (77,18) (23,40) (76,15) (24,35) (75,12) (25,30) (74,11) (26,24) (73,8) (28,22) (27,22) (72,8) (29,20) (71,8) (30,18) (70,6) (31,17) (69,3) (67,4) (32,16) (33,13) (66,1) (34,10) (65,-2) (35,9) (64,-4) (62,-1) (44,5) (37,6) (36,6) (46,4) (45,4) 
(99,84) (0,101) (98,81) (1,99) (97,77) (2,96) (96,73) (3,91) (95,67) (4,87) (94,61) (5,85) (93,61) (6,84) (92,57) (7,81) (91,53) (8,80) (90,49) (9,76) (89,48) (10,75) (88,47) (11,71) (87,42) (12,66) (86,39) (13,65) (85,36) (14,61) (84,35) (15,56) (83,31) (16,54) (82,29) (17,52) (81,28) (18,48) (80,25) (19,46) (79,22) (21,44) (20,44) (78,21) (22,41) (77,18) (23,40) (76,15) (24,35) (75,12) (25,30) (74,11) (26,24) (73,8) (28,22) (27,22) (72,8) (29,20) (71,8) (30,18) (70,6) (31,17) (69,3) (67,4) (32,16) (33,13) (66,1) (34,10) (65,-2) (35,9) (64,-4) (62,-1) (44,5) (37,6) (36,6) (46,4) (45,4) 
(99,84) (0,101) (98,81) (1,99) (97,77) (2,96) (96,73) (3,91) (95,67) (4,87) (94,61) (5,85) (93,61) (6,84) (92,57) (7,81) (91,53) (8,80) (90,49) (9,76) (89,48) (10,75) (88,47) (11,71) (87,42) (12,66) (86,39) (13,65) (85,36) (14,61) (84,35) (15,56) (83,31) (16,54) (82,29) (17,52) (81,28) (18,48) (80,25) (19,46) (79,22) (21,44) (20,44) (78,21) (22,41) (77,18) (23,40) (76,15) (24,35) (75,12) (25,30) (74,11) (26,24) (73,8) (28,22) (27,22) (72,8) (29,20) (71,8) (30,18) (70,6) (31,17) (69,3) (67,4) (32,16) (33,13) (66,1) (34,10) (65,-2) (35,9) (64,-4) (62,-1) (44,5) (37,6) (36,6) (46,4) (61,-4) (58,-2) (47,2) (48,2) (49,1) (50,0) (51,-4) (52,-5) (53,-2) (54,-2) (55,-1) (56,-2) (57,-2) 
(99,84) (0,101) (98,81) (1,99) (97,77) (2,96) (96,73) (3,91) (95,67) (4,87) (94,61) (5,85) (93,61) (6,84) (92,57) (7,81) (91,53) (8,80) (90,49) (9,76) (89,48) (10,75) (88,47) (11,71) (87,42) (12,66) (86,39) (13,65) (85,36) (14,61) (84,35) (15,56) (83,31) (16,54) (82,29) (17,52) (81,28) (18,48) (80,25) (19,46) (79,22) (21,44) (20,44) (78,21) (22,41) (77,18) (23,40) (76,15) (24,35) (75,12) (25,30) (74,11) (26,24) (73,8) (28,22) (27,22) (72,8) (29,20) (71,8) (30,18) (70,6) (31,17) (69,3) (67,4) (32,16) (33,13) (66,1) (34,10) (65,-2) (35,9) (64,-4) (62,-1) (44,5) (37,6) (36,6) (46,4) (61,-4) (58,-2) (59,-4) (60,-5) 
TD 38 :
(99,84) (0,101) (98,81) (1,99) (97,77) (2,96) (96,73) (3,91) (95,67) (4,87) (94,61) (5,85) (93,61) (6,84) (92,57) (7,81) (91,53) (8,80) (90,49) (9,76) (89,48) (10,75) (88,47) (11,71) (87,42) (12,66) (86,39) (13,65) (85,36) (14,61) (84,35) (15,56) (83,31) (16,54) (82,29) (17,52) (81,28) (18,48) (80,25) (19,46) (79,22) (21,44) (20,44) (78,21) (22,41) (77,18) (23,40) (76,15) (24,35) (75,12) (25,30) (74,11) (26,24) (73,8) (28,22) (27,22) (72,8) (29,20) (71,8) (30,18) (70,6) (31,17) (69,3) (67,4) (32,16) (33,13) (66,1) (34,10) (65,-2) (35,9) (64,-4) (62,-1) (44,5) (37,6) (36,6) (43,5) (38,4) (41,4) (39,3) (40,3) 
(99,84) (0,101) (98,81) (1,99) (97,77) (2,96) (96,73) (3,91) (95,67) (4,87) (94,61) (5,85) (93,61) (6,84) (92,57) (7,81) (91,53) (8,80) (90,49) (9,76) (89,48) (10,75) (88,47) (11,71) (87,42) (12,66) (86,39) (13,65) (85,36) (14,61) (84,35) (15,56) (83,31) (16,54) (82,29) (17,52) (81,28) (18,48) (80,25) (19,46) (79,22) (21,44) (20,44) (78,21) (22,41) (77,18) (23,40) (76,15) (24,35) (75,12) (25,30) (74,11) (26,24) (73,8) (28,22) (27,22) (72,8) (29,20) (71,8) (30,18) (70,6) (31,17) (69,3) (67,4) (32,16) (33,13) (66,1) (34,10) (65,-2) (35,9) (64,-4) (62,-1) (44,5) (37,6) (36,6) (46,4) (61,-4) (58,-2) (57,-2) (55,-1) (48,2) (47,2) 
(99,84) (0,101) (98,81) (1,99) (97,77) (2,96) (96,73) (3,91) (95,67) (4,87) (94,61) (5,85) (93,61) (6,84) (92,57) (7,81) (91,53) (8,80) (90,49) (9,76) (89,48) (10,75) (88,47) (11,71) (87,42) (12,66) (86,39) (13,65) (85,36) (14,61) (84,35) (15,56) (83,31) (16,54) (82,29) (17,52) (81,28) (18,48) (80,25) (19,46) (79,22) (21,44) (20,44) (78,21) (22,41) (77,18) (23,40) (76,15) (24,35) (75,12) (25,30) (74,11) (26,24) (73,8) (28,22) (27,22) (72,8) (29,20) (71,8) (30,18) (70,6) (31,17) (69,3) (67,4) (32,16) (33,13) (66,1) (34,10) (65,-2) (35,9) (64,-4) (62,-1) (44,5) (37,6) (36,6) (46,4) (61,-4) (58,-2) (57,-2) (55,-1) (48,2) (49,1) (50,0) (51,-4) (52,-5) (53,-2) (54,-2) 
(99,84) (0,101) (98,81) (1,99) (97,77) (2,96) (96,73) (3,91) (95,67) (4,87) (94,61) (5,85) (93,61) (6,84) (92,57) (7,81) (91,53) (8,80) (90,49) (9,76) (89,48) (10,75) (88,47) (11,71) (87,42) (12,66) (86,39) (13,65) (85,36) (14,61) (84,35) (15,56) (83,31) (16,54) (82,29) (17,52) (81,28) (18,48) (80,25) (19,46) (79,22) (21,44) (20,44) (78,21) (22,41) (77,18) (23,40) (76,15) (24,35) (75,12) (25,30) (74,11) (26,24) (73,8) (28,22) (27,22) (72,8) (29,20) (71,8) (30,18) (70,6) (31,17) (69,3) (67,4) (32,16) (33,13) (66,1) (34,10) (65,-2) (35,9) (64,-4) (62,-1) (44,5) (37,6) (36,6) (46,4) (61,-4) (58,-2) (57,-2) (55,-1) (48,2) (56,-2) 
(99,84) (0,101) (98,81) (1,99) (97,77) (2,96) (96,73) (3,91) (95,67) (4,87) (94,61) (5,85) (93,61) (6,84) (92,57) (7,81) (91,53) (8,80) (90,49) (9,76) (89,48) (10,75) (88,47) (11,71) (87,42) (12,66) (86,39) (13,65) (85,36) (14,61) (84,35) (15,56) (83,31) (16,54) (82,29) (17,52) (81,28) (18,48) (80,25) (19,46) (79,22) (21,44) (20,44) (78,21) (22,41) (77,18) (23,40) (76,15) (24,35) (75,12) (25,30) (74,11) (26,24) (73,8) (28,22) (27,22) (72,8) (29,20) (71,8) (30,18) (70,6) (31,17) (69,3) (67,4) (32,16) (33,13) (66,1) (34,10) (65,-2) (35,9) (64,-4) (62,-1) (44,5) (37,6) (36,6) (46,4) (61,-4) (58,-2) (57,-2) (55,-1) (48,2) 
(99,84) (0,101) (98,81) (1,99) (97,77) (2,96) (96,73) (3,91) (95,67) (4,87) (94,61) (5,85) (93,61) (6,84) (92,57) (7,81) (91,53) (8,80) (90,49) (9,76) (89,48) (10,75) (88,47) (11,71) (87,42) (12,66) (86,39) (13,65) (85,36) (14,61) (84,35) (15,56) (83,31) (16,54) (82,29) (17,52) (81,28) (18,48) (80,25) (19,46) (79,22) (21,44) (20,44) (78,21) (22,41) (77,18) (23,40) (76,15) (24,35) (75,12) (25,30) (74,11) (26,24) (73,8) (28,22) (27,22) (72,8) (29,20) (71,8) (30,18) (70,6) (31,17) (69,3) (67,4) (32,16) (33,13) (66,1) (34,10) (65,-2) (35,9) (64,-4) (62,-1) (44,5) (37,6) (36,6) (46,4) (61,-4) (58,-2) (60,-5) (59,-4) 
(99,84) (0,101) (98,81) (1,99) (97,77) (2,96) (96,73) (3,91) (95,67) (4,87) (94,61) (5,85) (93,61) (6,84) (92,57) (7,81) (91,53) (8,80) (90,49) (9,76) (89,48) (10,75) (88,47) (11,71) (87,42) (12,66) (86,39) (13,65) (85,36) (14,61) (84,35) (15,56) (83,31) (16,54) (82,29) (17,52) (81,28) (18,48) (80,25) (19,46) (79,22) (21,44) (20,44) (78,21) (22,41) (77,18) (23,40) (76,15) (24,35) (75,12) (25,30) (74,11) (26,24) (73,8) (28,22) (27,22) (72,8) (29,20) (71,8) (30,18) (70,6) (31,17) (69,3) (67,4) (32,16) (33,13) (66,1) (34,10) (65,-2) (35,9) (64,-4) (62,-1) (44,5) (37,6) (36,6) (46,4) (61,-4) (58,-2) (60,-5) (59,-4) 
TD 39 :
(99,84) (0,101) (98,81) (1,99) (97,77) (2,96) (96,73) (3,91) (95,67) (4,87) (94,61) (5,85) (93,61) (6,84) (92,57) (7,81) (91,53) (8,80) (90,49) (9,76) (89,48) (10,75) (88,47) (11,71) (87,42) (12,66) (86,39) (13,65) (85,36) (14,61) (84,35) (15,56) (83,31) (16,54) (82,29) (17,52) (81,28) (18,48) (80,25) (19,46) (79,22) (21,44) (20,44) (78,21) (22,41) (77,18) (23,40) (76,15) (24,35) (75,12) (25,30) (74,11) (26,24) (73,8) (28,22) (27,22) (72,8) (29,20) (71,8) (30,18) (70,6) (31,17) (69,3) (67,4) (32,16) (33,13) (66,1) (34,10) (65,-2) (35,9) (64,-4) (62,-1) (44,5) (37,6) (36,6) (46,4) (61,-4) (58,-2) (57,-2) (55,-1) (48,2) (47,2) 
(99,84) (0,101) (98,81) (1,99) (97,77) (2,96) (96,73) (3,91) (95,67) (4,87) (94,61) (5,85) (93,61) (6,84) (92,57) (7,81) (91,53) (8,80) (90,49) (9,76) (89,48) (10,75) (88,47) (11,71) (87,42) (12,66) (86,39) (13,65) (85,36) (14,61) (84,35) (15,56) (83,31) (16,54) (82,29) (17,52) (81,28) (18,48) (80,25) (19,46) (79,22) (21,44) (20,44) (78,21) (22,41) (77,18) (23,40) (76,15) (24,35) (75,12) (25,30) (74,11) (26,24) (73,8) (28,22) (27,22) (72,8) (29,20) (71,8) (30,18) (70,6) (31,17) (69,3) (67,4) (32,16) (33,13) (66,1) (34,10) (65,-2) (35,9) (64,-4) (62,-1) (44,5) (37,6) (36,6) (46,4) (61,-4) (58,-2) (57,-2) (55,-1) (48,2) (47,2) 
(99,84) (0,101) (98,81) (1,99) (97,77) (2,96) (96,73) (3,91) (95,67) (4,87) (94,61) (5,85) (93,61) (6,84) (92,57) (7,81) (91,53) (8,80) (90,49) (9,76) (89,48) (10,75) (88,47) (11,71) (87,42) (12,66) (86,39) (13,65) (85,36) (14,61) (84,35) (15,56) (83,31) (16,54) (82,29) (17,52) (81,28) (18,48) (80,25) (19,46) (79,22) (21,44) (20,44) (78,21) (22,41) (77,18) (23,40) (76,15) (24,35) (75,12) (25,30) (74,11) (26,24) (73,8) (28,22) (27,22) (72,8) (29,20) (71,8) (30,18) (70,6) (31,17) (69,3) (67,4) (32,16) (33,13) (66,1) (34,10) (65,-2) (35,9) (64,-4) (62,-1) (44,5) (37,6) (36,6) (46,4) (61,-4) (58,-2) (57,-2) (55,-1) (48,2) (56,-2) 
TD 40 :
TD 41 :
Pocket 0 :
()
Pocket 1 :
({  (0,101) ,(1,99) } {  (98,81) ,(99,84) } )
Pocket 2 :
({  (1,99) ,(0,101) } {  (99,84) ,(98,81) } )
Pocket 3 :
({  (2,96) ,(1,99) } {  (99,84) ,(97,77) } )
Pocket 4 :
({  (3,91) ,(2,96) } {  (99,84) ,(96,73) } )
Pocket 5 :
({  (4,87) ,(3,91) } {  (99,84) ,(95,67) } )
Pocket 6 :
({  (5,85) ,(4,87) } {  (99,84) ,(94,61) } )
Pocket 7 :
({  (6,84) ,(5,85) } {  (99,84) ,(93,61) } )
Pocket 8 :
({  (7,81) ,(6,84) } {  (99,84) ,(92,57) } )
Pocket 9 :
({  (8,80) ,(7,81) } {  (99,84) ,(91,53) } )
Pocket 10 :
({  (9,76) ,(8,80) } {  (99,84) ,(90,49) } )
Pocket 11 :
({  (10,75) ,(9,76) } {  (99,84) ,(89,48) } )
Pocket 12 :
({  (11,71) ,(10,75) } {  (99,84) ,(88,47) } )
Pocket 13 :
({  (12,66) ,(11,71) } {  (99,84) ,(87,42) } )
Pocket 14 :
({  (13,65) ,(12,66) } {  (99,84) ,(86,39) } )
Pocket 15 :
({  (14,61) ,(13,65) } {  (99,84) ,(85,36) } )
Pocket 16 :
({  (15,56) ,(14,61) } {  (99,84) ,(84,35) } )
Pocket 17 :
({  (16,54) ,(15,56) } {  (99,84) ,(83,31) } )
Pocket 18 :
({  (17,52) ,(16,54) } {  (99,84) ,(82,29) } )
Pocket 19 :
({  (18,48) ,(17,52) } {  (99,84) ,(81,28) } )
Pocket 20 :
({  (19,46) ,(18,48) } {  (99,84) ,(80,25) } )
Pocket 21 :
({  (20,44) ,(19,46) } {  (22,41) ,(21,44) } {  (20,44) ,(19,46) } {  (22,41) ,(21,44) } )
Pocket 22 :
({  (22,41) ,(20,44) } {  (99,84) ,(78,21) } )
Pocket 23 :
({  (23,40) ,(22,41) } {  (99,84) ,(77,18) } )
Pocket 24 :
({  (24,35) ,(23,40) } {  (99,84) ,(76,15) } )
Pocket 25 :
({  (25,30) ,(24,35) } {  (99,84) ,(75,12) } )
Pocket 26 :
({  (26,24) ,(25,30) } {  (99,84) ,(74,11) } )
Pocket 27 :
({  (27,22) ,(26,24) } {  (29,20) ,(28,22) } {  (27,22) ,(26,24) } {  (29,20) ,(28,22) } )
Pocket 28 :
({  (29,20) ,(27,22) } {  (99,84) ,(72,8) } )
Pocket 29 :
({  (30,18) ,(29,20) } {  (99,84) ,(71,8) } )
Pocket 30 :
({  (31,17) ,(30,18) } {  (99,84) ,(70,6) } )
Pocket 31 :
({  (32,16) ,(31,17) } {  (68,3) ,(67,4) } {  (32,16) ,(31,17) } {  (68,3) ,(67,4) } )
Pocket 32 :
({  (33,13) ,(32,16) } {  (99,84) ,(68,3) } )
Pocket 33 :
({  (34,10) ,(33,13) } {  (99,84) ,(66,1) } )
Pocket 34 :
({  (35,9) ,(34,10) } {  (99,84) ,(65,-2) } )
Pocket 35 :
({  (36,6) ,(35,9) } {  (38,4) ,(37,6) } {  (36,6) ,(35,9) } {  (38,4) ,(37,6) } {  (36,6) ,(35,9) } {  (38,4) ,(37,6) } {  (36,6) ,(35,9) } {  (38,4) ,(37,6) } )
Pocket 36 :
({  (38,4) ,(36,6) } {  (99,84) ,(43,5) } {  (38,4) ,(36,6) } {  (99,84) ,(43,5) } {  (47,2) ,(46,4) } {  (47,2) ,(46,4) } {  (99,84) ,(63,-3) } )
Pocket 37 :
({  (39,3) ,(38,4) } {  (42,2) ,(41,4) } {  (39,3) ,(38,4) } {  (42,2) ,(41,4) } {  (99,84) ,(45,4) } {  (99,84) ,(45,4) } {  (59,-4) ,(58,-2) } {  (59,-4) ,(58,-2) } )
Pocket 38 :
({  (40,3) ,(39,3) } {  (49,1) ,(48,2) } {  (49,1) ,(48,2) } {  (49,1) ,(48,2) } {  (49,1) ,(48,2) } {  (60,-5) ,(59,-4) } {  (60,-5) ,(59,-4) } )
Pocket 39 :
({  (99,84) ,(47,2) } {  (99,84) ,(47,2) } {  (99,84) ,(56,-2) } )
Pocket 40 :
()
