42 layers in onion peeling: 
Layer 1
(99,74) (0,100) 
Layer 2
(98,70) (1,96) 
Layer 3
(97,68) (2,92) 
Layer 4
(96,61) (3,87) 
Layer 5
(95,58) (4,83) 
Layer 6
(94,58) (5,79) 
Layer 7
(93,56) (6,75) 
Layer 8
(92,52) (7,71) 
Layer 9
(91,47) (8,70) 
Layer 10
(90,43) (9,66) 
Layer 11
(89,42) (10,62) 
Layer 12
(88,38) (11,59) 
Layer 13
(87,37) (12,53) 
Layer 14
(86,34) (13,50) 
Layer 15
(85,31) (14,44) 
Layer 16
(84,27) (15,42) 
Layer 17
(83,23) (16,38) 
Layer 18
(82,18) (17,36) 
Layer 19
(81,15) (18,33) 
Layer 20
(80,12) (19,29) 
Layer 21
(79,9) (77,11) (20,28) 
Layer 22
(78,9) (21,27) 
Layer 23
(76,7) (22,23) 
Layer 24
(75,5) (23,21) 
Layer 25
(74,2) (72,3) (24,19) 
Layer 26
(73,2) (28,16) (25,14) 
Layer 27
(71,-1) (27,15) (26,14) 
Layer 28
(70,-1) (30,13) (29,13) 
Layer 29
(69,-3) (33,8) (31,8) 
Layer 30
(68,-4) (65,-2) (32,6) 
Layer 31
(67,-5) (66,-3) (34,3) 
Layer 32
(64,-4) (35,0) 
Layer 33
(63,-5) (62,-4) (36,-3) 
Layer 34
(61,-4) (37,-5) 
Layer 35
(60,-9) (39,-8) (38,-8) 
Layer 36
(59,-11) (41,-9) (40,-9) 
Layer 37
(58,-13) (45,-10) (42,-10) 
Layer 38
(57,-13) (44,-12) (43,-12) 
Layer 39
(56,-14) (46,-13) 
Layer 40
(55,-14) (47,-14) 
Layer 41
(54,-15) (48,-16) 
Layer 42
(53,-16) (52,-16) (49,-16) 
---------------------------------------------------------------------------------------
TD 0 :
(99,74) (98,70) (97,68) (96,61) (95,58) (94,58) (93,56) (92,52) (91,47) (90,43) (89,42) (88,38) (87,37) (86,34) (85,31) (84,27) (83,23) (82,18) (81,15) (80,12) (79,9) (78,9) (77,11) (76,7) (75,5) (74,2) (73,2) (72,3) (71,-1) (70,-1) (69,-3) (68,-4) (67,-5) (66,-3) (65,-2) (64,-4) (63,-5) (62,-4) (61,-4) (60,-9) (59,-11) (58,-13) (57,-13) (56,-14) (55,-14) (54,-15) (53,-16) (52,-16) (51,-17) (50,-17) (49,-16) (48,-16) (47,-14) (46,-13) (45,-10) (44,-12) (43,-12) (42,-10) (41,-9) (40,-9) (39,-8) (38,-8) (37,-5) (36,-3) (35,0) (34,3) (33,8) (32,6) (31,8) (30,13) (29,13) (28,16) (27,15) (26,14) (25,14) (24,19) (23,21) (22,23) (21,27) (20,28) (19,29) (18,33) (17,36) (16,38) (15,42) (14,44) (13,50) (12,53) (11,59) (10,62) (9,66) (8,70) (7,71) (6,75) (5,79) (4,83) (3,87) (2,92) (1,96) (0,100) 
TD 1 :
(99,74) (0,100) (1,96) (2,92) (3,87) (4,83) (5,79) (6,75) (7,71) (8,70) (9,66) (10,62) (11,59) (12,53) (13,50) (14,44) (15,42) (16,38) (17,36) (18,33) (19,29) (20,28) (21,27) (22,23) (23,21) (24,19) (25,14) (26,14) (27,15) (28,16) (29,13) (30,13) (31,8) (32,6) (33,8) (34,3) (35,0) (36,-3) (37,-5) (38,-8) (39,-8) (40,-9) (41,-9) (42,-10) (43,-12) (44,-12) (45,-10) (46,-13) (47,-14) (48,-16) (49,-16) (50,-17) (51,-17) (52,-16) (53,-16) (54,-15) (55,-14) (56,-14) (57,-13) (58,-13) (59,-11) (60,-9) (61,-4) (62,-4) (63,-5) (64,-4) (65,-2) (66,-3) (67,-5) (68,-4) (69,-3) (70,-1) (71,-1) (72,3) (73,2) (74,2) (75,5) (76,7) (77,11) (78,9) (79,9) (80,12) (81,15) (82,18) (83,23) (84,27) (85,31) (86,34) (87,37) (88,38) (89,42) (90,43) (91,47) (92,52) (93,56) (94,58) (95,58) (96,61) (97,68) (98,70) 
TD 2 :
(99,74) (0,100) (98,70) (1,96) (2,92) (3,87) (4,83) (5,79) (6,75) (7,71) (8,70) (9,66) (10,62) (11,59) (12,53) (13,50) (14,44) (15,42) (16,38) (17,36) (18,33) (19,29) (20,28) (21,27) (22,23) (23,21) (24,19) (25,14) (26,14) (27,15) (28,16) (29,13) (30,13) (31,8) (32,6) (33,8) (34,3) (35,0) (36,-3) (37,-5) (38,-8) (39,-8) (40,-9) (41,-9) (42,-10) (43,-12) (44,-12) (45,-10) (46,-13) (47,-14) (48,-16) (49,-16) (50,-17) (51,-17) (52,-16) (53,-16) (54,-15) (55,-14) (56,-14) (57,-13) (58,-13) (59,-11) (60,-9) (61,-4) (62,-4) (63,-5) (64,-4) (65,-2) (66,-3) (67,-5) (68,-4) (69,-3) (70,-1) (71,-1) (72,3) (73,2) (74,2) (75,5) (76,7) (77,11) (78,9) (79,9) (80,12) (81,15) (82,18) (83,23) (84,27) (85,31) (86,34) (87,37) (88,38) (89,42) (90,43) (91,47) (92,52) (93,56) (94,58) (95,58) (96,61) (97,68) 
TD 3 :
(99,74) (0,100) (98,70) (1,96) (97,68) (2,92) (3,87) (4,83) (5,79) (6,75) (7,71) (8,70) (9,66) (10,62) (11,59) (12,53) (13,50) (14,44) (15,42) (16,38) (17,36) (18,33) (19,29) (20,28) (21,27) (22,23) (23,21) (24,19) (25,14) (26,14) (27,15) (28,16) (29,13) (30,13) (31,8) (32,6) (33,8) (34,3) (35,0) (36,-3) (37,-5) (38,-8) (39,-8) (40,-9) (41,-9) (42,-10) (43,-12) (44,-12) (45,-10) (46,-13) (47,-14) (48,-16) (49,-16) (50,-17) (51,-17) (52,-16) (53,-16) (54,-15) (55,-14) (56,-14) (57,-13) (58,-13) (59,-11) (60,-9) (61,-4) (62,-4) (63,-5) (64,-4) (65,-2) (66,-3) (67,-5) (68,-4) (69,-3) (70,-1) (71,-1) (72,3) (73,2) (74,2) (75,5) (76,7) (77,11) (78,9) (79,9) (80,12) (81,15) (82,18) (83,23) (84,27) (85,31) (86,34) (87,37) (88,38) (89,42) (90,43) (91,47) (92,52) (93,56) (94,58) (95,58) (96,61) 
TD 4 :
(99,74) (0,100) (98,70) (1,96) (97,68) (2,92) (96,61) (3,87) (4,83) (5,79) (6,75) (7,71) (8,70) (9,66) (10,62) (11,59) (12,53) (13,50) (14,44) (15,42) (16,38) (17,36) (18,33) (19,29) (20,28) (21,27) (22,23) (23,21) (24,19) (25,14) (26,14) (27,15) (28,16) (29,13) (30,13) (31,8) (32,6) (33,8) (34,3) (35,0) (36,-3) (37,-5) (38,-8) (39,-8) (40,-9) (41,-9) (42,-10) (43,-12) (44,-12) (45,-10) (46,-13) (47,-14) (48,-16) (49,-16) (50,-17) (51,-17) (52,-16) (53,-16) (54,-15) (55,-14) (56,-14) (57,-13) (58,-13) (59,-11) (60,-9) (61,-4) (62,-4) (63,-5) (64,-4) (65,-2) (66,-3) (67,-5) (68,-4) (69,-3) (70,-1) (71,-1) (72,3) (73,2) (74,2) (75,5) (76,7) (77,11) (78,9) (79,9) (80,12) (81,15) (82,18) (83,23) (84,27) (85,31) (86,34) (87,37) (88,38) (89,42) (90,43) (91,47) (92,52) (93,56) (94,58) (95,58) 
TD 5 :
(99,74) (0,100) (98,70) (1,96) (97,68) (2,92) (96,61) (3,87) (95,58) (4,83) (5,79) (6,75) (7,71) (8,70) (9,66) (10,62) (11,59) (12,53) (13,50) (14,44) (15,42) (16,38) (17,36) (18,33) (19,29) (20,28) (21,27) (22,23) (23,21) (24,19) (25,14) (26,14) (27,15) (28,16) (29,13) (30,13) (31,8) (32,6) (33,8) (34,3) (35,0) (36,-3) (37,-5) (38,-8) (39,-8) (40,-9) (41,-9) (42,-10) (43,-12) (44,-12) (45,-10) (46,-13) (47,-14) (48,-16) (49,-16) (50,-17) (51,-17) (52,-16) (53,-16) (54,-15) (55,-14) (56,-14) (57,-13) (58,-13) (59,-11) (60,-9) (61,-4) (62,-4) (63,-5) (64,-4) (65,-2) (66,-3) (67,-5) (68,-4) (69,-3) (70,-1) (71,-1) (72,3) (73,2) (74,2) (75,5) (76,7) (77,11) (78,9) (79,9) (80,12) (81,15) (82,18) (83,23) (84,27) (85,31) (86,34) (87,37) (88,38) (89,42) (90,43) (91,47) (92,52) (93,56) (94,58) 
TD 6 :
(99,74) (0,100) (98,70) (1,96) (97,68) (2,92) (96,61) (3,87) (95,58) (4,83) (94,58) (5,79) (6,75) (7,71) (8,70) (9,66) (10,62) (11,59) (12,53) (13,50) (14,44) (15,42) (16,38) (17,36) (18,33) (19,29) (20,28) (21,27) (22,23) (23,21) (24,19) (25,14) (26,14) (27,15) (28,16) (29,13) (30,13) (31,8) (32,6) (33,8) (34,3) (35,0) (36,-3) (37,-5) (38,-8) (39,-8) (40,-9) (41,-9) (42,-10) (43,-12) (44,-12) (45,-10) (46,-13) (47,-14) (48,-16) (49,-16) (50,-17) (51,-17) (52,-16) (53,-16) (54,-15) (55,-14) (56,-14) (57,-13) (58,-13) (59,-11) (60,-9) (61,-4) (62,-4) (63,-5) (64,-4) (65,-2) (66,-3) (67,-5) (68,-4) (69,-3) (70,-1) (71,-1) (72,3) (73,2) (74,2) (75,5) (76,7) (77,11) (78,9) (79,9) (80,12) (81,15) (82,18) (83,23) (84,27) (85,31) (86,34) (87,37) (88,38) (89,42) (90,43) (91,47) (92,52) (93,56) 
TD 7 :
(99,74) (0,100) (98,70) (1,96) (97,68) (2,92) (96,61) (3,87) (95,58) (4,83) (94,58) (5,79) (93,56) (6,75) (7,71) (8,70) (9,66) (10,62) (11,59) (12,53) (13,50) (14,44) (15,42) (16,38) (17,36) (18,33) (19,29) (20,28) (21,27) (22,23) (23,21) (24,19) (25,14) (26,14) (27,15) (28,16) (29,13) (30,13) (31,8) (32,6) (33,8) (34,3) (35,0) (36,-3) (37,-5) (38,-8) (39,-8) (40,-9) (41,-9) (42,-10) (43,-12) (44,-12) (45,-10) (46,-13) (47,-14) (48,-16) (49,-16) (50,-17) (51,-17) (52,-16) (53,-16) (54,-15) (55,-14) (56,-14) (57,-13) (58,-13) (59,-11) (60,-9) (61,-4) (62,-4) (63,-5) (64,-4) (65,-2) (66,-3) (67,-5) (68,-4) (69,-3) (70,-1) (71,-1) (72,3) (73,2) (74,2) (75,5) (76,7) (77,11) (78,9) (79,9) (80,12) (81,15) (82,18) (83,23) (84,27) (85,31) (86,34) (87,37) (88,38) (89,42) (90,43) (91,47) (92,52) 
TD 8 :
(99,74) (0,100) (98,70) (1,96) (97,68) (2,92) (96,61) (3,87) (95,58) (4,83) (94,58) (5,79) (93,56) (6,75) (92,52) (7,71) (8,70) (9,66) (10,62) (11,59) (12,53) (13,50) (14,44) (15,42) (16,38) (17,36) (18,33) (19,29) (20,28) (21,27) (22,23) (23,21) (24,19) (25,14) (26,14) (27,15) (28,16) (29,13) (30,13) (31,8) (32,6) (33,8) (34,3) (35,0) (36,-3) (37,-5) (38,-8) (39,-8) (40,-9) (41,-9) (42,-10) (43,-12) (44,-12) (45,-10) (46,-13) (47,-14) (48,-16) (49,-16) (50,-17) (51,-17) (52,-16) (53,-16) (54,-15) (55,-14) (56,-14) (57,-13) (58,-13) (59,-11) (60,-9) (61,-4) (62,-4) (63,-5) (64,-4) (65,-2) (66,-3) (67,-5) (68,-4) (69,-3) (70,-1) (71,-1) (72,3) (73,2) (74,2) (75,5) (76,7) (77,11) (78,9) (79,9) (80,12) (81,15) (82,18) (83,23) (84,27) (85,31) (86,34) (87,37) (88,38) (89,42) (90,43) (91,47) 
TD 9 :
(99,74) (0,100) (98,70) (1,96) (97,68) (2,92) (96,61) (3,87) (95,58) (4,83) (94,58) (5,79) (93,56) (6,75) (92,52) (7,71) (91,47) (8,70) (9,66) (10,62) (11,59) (12,53) (13,50) (14,44) (15,42) (16,38) (17,36) (18,33) (19,29) (20,28) (21,27) (22,23) (23,21) (24,19) (25,14) (26,14) (27,15) (28,16) (29,13) (30,13) (31,8) (32,6) (33,8) (34,3) (35,0) (36,-3) (37,-5) (38,-8) (39,-8) (40,-9) (41,-9) (42,-10) (43,-12) (44,-12) (45,-10) (46,-13) (47,-14) (48,-16) (49,-16) (50,-17) (51,-17) (52,-16) (53,-16) (54,-15) (55,-14) (56,-14) (57,-13) (58,-13) (59,-11) (60,-9) (61,-4) (62,-4) (63,-5) (64,-4) (65,-2) (66,-3) (67,-5) (68,-4) (69,-3) (70,-1) (71,-1) (72,3) (73,2) (74,2) (75,5) (76,7) (77,11) (78,9) (79,9) (80,12) (81,15) (82,18) (83,23) (84,27) (85,31) (86,34) (87,37) (88,38) (89,42) (90,43) 
TD 10 :
(99,74) (0,100) (98,70) (1,96) (97,68) (2,92) (96,61) (3,87) (95,58) (4,83) (94,58) (5,79) (93,56) (6,75) (92,52) (7,71) (91,47) (8,70) (90,43) (9,66) (10,62) (11,59) (12,53) (13,50) (14,44) (15,42) (16,38) (17,36) (18,33) (19,29) (20,28) (21,27) (22,23) (23,21) (24,19) (25,14) (26,14) (27,15) (28,16) (29,13) (30,13) (31,8) (32,6) (33,8) (34,3) (35,0) (36,-3) (37,-5) (38,-8) (39,-8) (40,-9) (41,-9) (42,-10) (43,-12) (44,-12) (45,-10) (46,-13) (47,-14) (48,-16) (49,-16) (50,-17) (51,-17) (52,-16) (53,-16) (54,-15) (55,-14) (56,-14) (57,-13) (58,-13) (59,-11) (60,-9) (61,-4) (62,-4) (63,-5) (64,-4) (65,-2) (66,-3) (67,-5) (68,-4) (69,-3) (70,-1) (71,-1) (72,3) (73,2) (74,2) (75,5) (76,7) (77,11) (78,9) (79,9) (80,12) (81,15) (82,18) (83,23) (84,27) (85,31) (86,34) (87,37) (88,38) (89,42) 
TD 11 :
(99,74) (0,100) (98,70) (1,96) (97,68) (2,92) (96,61) (3,87) (95,58) (4,83) (94,58) (5,79) (93,56) (6,75) (92,52) (7,71) (91,47) (8,70) (90,43) (9,66) (89,42) (10,62) (11,59) (12,53) (13,50) (14,44) (15,42) (16,38) (17,36) (18,33) (19,29) (20,28) (21,27) (22,23) (23,21) (24,19) (25,14) (26,14) (27,15) (28,16) (29,13) (30,13) (31,8) (32,6) (33,8) (34,3) (35,0) (36,-3) (37,-5) (38,-8) (39,-8) (40,-9) (41,-9) (42,-10) (43,-12) (44,-12) (45,-10) (46,-13) (47,-14) (48,-16) (49,-16) (50,-17) (51,-17) (52,-16) (53,-16) (54,-15) (55,-14) (56,-14) (57,-13) (58,-13) (59,-11) (60,-9) (61,-4) (62,-4) (63,-5) (64,-4) (65,-2) (66,-3) (67,-5) (68,-4) (69,-3) (70,-1) (71,-1) (72,3) (73,2) (74,2) (75,5) (76,7) (77,11) (78,9) (79,9) (80,12) (81,15) (82,18) (83,23) (84,27) (85,31) (86,34) (87,37) (88,38) 
TD 12 :
(99,74) (0,100) (98,70) (1,96) (97,68) (2,92) (96,61) (3,87) (95,58) (4,83) (94,58) (5,79) (93,56) (6,75) (92,52) (7,71) (91,47) (8,70) (90,43) (9,66) (89,42) (10,62) (88,38) (11,59) (12,53) (13,50) (14,44) (15,42) (16,38) (17,36) (18,33) (19,29) (20,28) (21,27) (22,23) (23,21) (24,19) (25,14) (26,14) (27,15) (28,16) (29,13) (30,13) (31,8) (32,6) (33,8) (34,3) (35,0) (36,-3) (37,-5) (38,-8) (39,-8) (40,-9) (41,-9) (42,-10) (43,-12) (44,-12) (45,-10) (46,-13) (47,-14) (48,-16) (49,-16) (50,-17) (51,-17) (52,-16) (53,-16) (54,-15) (55,-14) (56,-14) (57,-13) (58,-13) (59,-11) (60,-9) (61,-4) (62,-4) (63,-5) (64,-4) (65,-2) (66,-3) (67,-5) (68,-4) (69,-3) (70,-1) (71,-1) (72,3) (73,2) (74,2) (75,5) (76,7) (77,11) (78,9) (79,9) (80,12) (81,15) (82,18) (83,23) (84,27) (85,31) (86,34) (87,37) 
TD 13 :
(99,74) (0,100) (98,70) (1,96) (97,68) (2,92) (96,61) (3,87) (95,58) (4,83) (94,58) (5,79) (93,56) (6,75) (92,52) (7,71) (91,47) (8,70) (90,43) (9,66) (89,42) (10,62) (88,38) (11,59) (87,37) (12,53) (13,50) (14,44) (15,42) (16,38) (17,36) (18,33) (19,29) (20,28) (21,27) (22,23) (23,21) (24,19) (25,14) (26,14) (27,15) (28,16) (29,13) (30,13) (31,8) (32,6) (33,8) (34,3) (35,0) (36,-3) (37,-5) (38,-8) (39,-8) (40,-9) (41,-9) (42,-10) (43,-12) (44,-12) (45,-10) (46,-13) (47,-14) (48,-16) (49,-16) (50,-17) (51,-17) (52,-16) (53,-16) (54,-15) (55,-14) (56,-14) (57,-13) (58,-13) (59,-11) (60,-9) (61,-4) (62,-4) (63,-5) (64,-4) (65,-2) (66,-3) (67,-5) (68,-4) (69,-3) (70,-1) (71,-1) (72,3) (73,2) (74,2) (75,5) (76,7) (77,11) (78,9) (79,9) (80,12) (81,15) (82,18) (83,23) (84,27) (85,31) (86,34) 
TD 14 :
(99,74) (0,100) (98,70) (1,96) (97,68) (2,92) (96,61) (3,87) (95,58) (4,83) (94,58) (5,79) (93,56) (6,75) (92,52) (7,71) (91,47) (8,70) (90,43) (9,66) (89,42) (10,62) (88,38) (11,59) (87,37) (12,53) (86,34) (13,50) (14,44) (15,42) (16,38) (17,36) (18,33) (19,29) (20,28) (21,27) (22,23) (23,21) (24,19) (25,14) (26,14) (27,15) (28,16) (29,13) (30,13) (31,8) (32,6) (33,8) (34,3) (35,0) (36,-3) (37,-5) (38,-8) (39,-8) (40,-9) (41,-9) (42,-10) (43,-12) (44,-12) (45,-10) (46,-13) (47,-14) (48,-16) (49,-16) (50,-17) (51,-17) (52,-16) (53,-16) (54,-15) (55,-14) (56,-14) (57,-13) (58,-13) (59,-11) (60,-9) (61,-4) (62,-4) (63,-5) (64,-4) (65,-2) (66,-3) (67,-5) (68,-4) (69,-3) (70,-1) (71,-1) (72,3) (73,2) (74,2) (75,5) (76,7) (77,11) (78,9) (79,9) (80,12) (81,15) (82,18) (83,23) (84,27) (85,31) 
TD 15 :
(99,74) (0,100) (98,70) (1,96) (97,68) (2,92) (96,61) (3,87) (95,58) (4,83) (94,58) (5,79) (93,56) (6,75) (92,52) (7,71) (91,47) (8,70) (90,43) (9,66) (89,42) (10,62) (88,38) (11,59) (87,37) (12,53) (86,34) (13,50) (85,31) (14,44) (15,42) (16,38) (17,36) (18,33) (19,29) (20,28) (21,27) (22,23) (23,21) (24,19) (25,14) (26,14) (27,15) (28,16) (29,13) (30,13) (31,8) (32,6) (33,8) (34,3) (35,0) (36,-3) (37,-5) (38,-8) (39,-8) (40,-9) (41,-9) (42,-10) (43,-12) (44,-12) (45,-10) (46,-13) (47,-14) (48,-16) (49,-16) (50,-17) (51,-17) (52,-16) (53,-16) (54,-15) (55,-14) (56,-14) (57,-13) (58,-13) (59,-11) (60,-9) (61,-4) (62,-4) (63,-5) (64,-4) (65,-2) (66,-3) (67,-5) (68,-4) (69,-3) (70,-1) (71,-1) (72,3) (73,2) (74,2) (75,5) (76,7) (77,11) (78,9) (79,9) (80,12) (81,15) (82,18) (83,23) (84,27) 
TD 16 :
(99,74) (0,100) (98,70) (1,96) (97,68) (2,92) (96,61) (3,87) (95,58) (4,83) (94,58) (5,79) (93,56) (6,75) (92,52) (7,71) (91,47) (8,70) (90,43) (9,66) (89,42) (10,62) (88,38) (11,59) (87,37) (12,53) (86,34) (13,50) (85,31) (14,44) (84,27) (15,42) (16,38) (17,36) (18,33) (19,29) (20,28) (21,27) (22,23) (23,21) (24,19) (25,14) (26,14) (27,15) (28,16) (29,13) (30,13) (31,8) (32,6) (33,8) (34,3) (35,0) (36,-3) (37,-5) (38,-8) (39,-8) (40,-9) (41,-9) (42,-10) (43,-12) (44,-12) (45,-10) (46,-13) (47,-14) (48,-16) (49,-16) (50,-17) (51,-17) (52,-16) (53,-16) (54,-15) (55,-14) (56,-14) (57,-13) (58,-13) (59,-11) (60,-9) (61,-4) (62,-4) (63,-5) (64,-4) (65,-2) (66,-3) (67,-5) (68,-4) (69,-3) (70,-1) (71,-1) (72,3) (73,2) (74,2) (75,5) (76,7) (77,11) (78,9) (79,9) (80,12) (81,15) (82,18) (83,23) 
TD 17 :
(99,74) (0,100) (98,70) (1,96) (97,68) (2,92) (96,61) (3,87) (95,58) (4,83) (94,58) (5,79) (93,56) (6,75) (92,52) (7,71) (91,47) (8,70) (90,43) (9,66) (89,42) (10,62) (88,38) (11,59) (87,37) (12,53) (86,34) (13,50) (85,31) (14,44) (84,27) (15,42) (83,23) (16,38) (17,36) (18,33) (19,29) (20,28) (21,27) (22,23) (23,21) (24,19) (25,14) (26,14) (27,15) (28,16) (29,13) (30,13) (31,8) (32,6) (33,8) (34,3) (35,0) (36,-3) (37,-5) (38,-8) (39,-8) (40,-9) (41,-9) (42,-10) (43,-12) (44,-12) (45,-10) (46,-13) (47,-14) (48,-16) (49,-16) (50,-17) (51,-17) (52,-16) (53,-16) (54,-15) (55,-14) (56,-14) (57,-13) (58,-13) (59,-11) (60,-9) (61,-4) (62,-4) (63,-5) (64,-4) (65,-2) (66,-3) (67,-5) (68,-4) (69,-3) (70,-1) (71,-1) (72,3) (73,2) (74,2) (75,5) (76,7) (77,11) (78,9) (79,9) (80,12) (81,15) (82,18) 
TD 18 :
(99,74) (0,100) (98,70) (1,96) (97,68) (2,92) (96,61) (3,87) (95,58) (4,83) (94,58) (5,79) (93,56) (6,75) (92,52) (7,71) (91,47) (8,70) (90,43) (9,66) (89,42) (10,62) (88,38) (11,59) (87,37) (12,53) (86,34) (13,50) (85,31) (14,44) (84,27) (15,42) (83,23) (16,38) (82,18) (17,36) (18,33) (19,29) (20,28) (21,27) (22,23) (23,21) (24,19) (25,14) (26,14) (27,15) (28,16) (29,13) (30,13) (31,8) (32,6) (33,8) (34,3) (35,0) (36,-3) (37,-5) (38,-8) (39,-8) (40,-9) (41,-9) (42,-10) (43,-12) (44,-12) (45,-10) (46,-13) (47,-14) (48,-16) (49,-16) (50,-17) (51,-17) (52,-16) (53,-16) (54,-15) (55,-14) (56,-14) (57,-13) (58,-13) (59,-11) (60,-9) (61,-4) (62,-4) (63,-5) (64,-4) (65,-2) (66,-3) (67,-5) (68,-4) (69,-3) (70,-1) (71,-1) (72,3) (73,2) (74,2) (75,5) (76,7) (77,11) (78,9) (79,9) (80,12) (81,15) 
TD 19 :
(99,74) (0,100) (98,70) (1,96) (97,68) (2,92) (96,61) (3,87) (95,58) (4,83) (94,58) (5,79) (93,56) (6,75) (92,52) (7,71) (91,47) (8,70) (90,43) (9,66) (89,42) (10,62) (88,38) (11,59) (87,37) (12,53) (86,34) (13,50) (85,31) (14,44) (84,27) (15,42) (83,23) (16,38) (82,18) (17,36) (81,15) (18,33) (19,29) (20,28) (21,27) (22,23) (23,21) (24,19) (25,14) (26,14) (27,15) (28,16) (29,13) (30,13) (31,8) (32,6) (33,8) (34,3) (35,0) (36,-3) (37,-5) (38,-8) (39,-8) (40,-9) (41,-9) (42,-10) (43,-12) (44,-12) (45,-10) (46,-13) (47,-14) (48,-16) (49,-16) (50,-17) (51,-17) (52,-16) (53,-16) (54,-15) (55,-14) (56,-14) (57,-13) (58,-13) (59,-11) (60,-9) (61,-4) (62,-4) (63,-5) (64,-4) (65,-2) (66,-3) (67,-5) (68,-4) (69,-3) (70,-1) (71,-1) (72,3) (73,2) (74,2) (75,5) (76,7) (77,11) (78,9) (79,9) (80,12) 
TD 20 :
(99,74) (0,100) (98,70) (1,96) (97,68) (2,92) (96,61) (3,87) (95,58) (4,83) (94,58) (5,79) (93,56) (6,75) (92,52) (7,71) (91,47) (8,70) (90,43) (9,66) (89,42) (10,62) (88,38) (11,59) (87,37) (12,53) (86,34) (13,50) (85,31) (14,44) (84,27) (15,42) (83,23) (16,38) (82,18) (17,36) (81,15) (18,33) (80,12) (19,29) (20,28) (21,27) (22,23) (23,21) (24,19) (25,14) (26,14) (27,15) (28,16) (29,13) (30,13) (31,8) (32,6) (33,8) (34,3) (35,0) (36,-3) (37,-5) (38,-8) (39,-8) (40,-9) (41,-9) (42,-10) (43,-12) (44,-12) (45,-10) (46,-13) (47,-14) (48,-16) (49,-16) (50,-17) (51,-17) (52,-16) (53,-16) (54,-15) (55,-14) (56,-14) (57,-13) (58,-13) (59,-11) (60,-9) (61,-4) (62,-4) (63,-5) (64,-4) (65,-2) (66,-3) (67,-5) (68,-4) (69,-3) (70,-1) (71,-1) (72,3) (73,2) (74,2) (75,5) (76,7) (77,11) (78,9) (79,9) 
TD 21 :
(99,74) (0,100) (98,70) (1,96) (97,68) (2,92) (96,61) (3,87) (95,58) (4,83) (94,58) (5,79) (93,56) (6,75) (92,52) (7,71) (91,47) (8,70) (90,43) (9,66) (89,42) (10,62) (88,38) (11,59) (87,37) (12,53) (86,34) (13,50) (85,31) (14,44) (84,27) (15,42) (83,23) (16,38) (82,18) (17,36) (81,15) (18,33) (80,12) (19,29) (79,9) (77,11) (20,28) (21,27) (22,23) (23,21) (24,19) (25,14) (26,14) (27,15) (28,16) (29,13) (30,13) (31,8) (32,6) (33,8) (34,3) (35,0) (36,-3) (37,-5) (38,-8) (39,-8) (40,-9) (41,-9) (42,-10) (43,-12) (44,-12) (45,-10) (46,-13) (47,-14) (48,-16) (49,-16) (50,-17) (51,-17) (52,-16) (53,-16) (54,-15) (55,-14) (56,-14) (57,-13) (58,-13) (59,-11) (60,-9) (61,-4) (62,-4) (63,-5) (64,-4) (65,-2) (66,-3) (67,-5) (68,-4) (69,-3) (70,-1) (71,-1) (72,3) (73,2) (74,2) (75,5) (76,7) 
(99,74) (0,100) (98,70) (1,96) (97,68) (2,92) (96,61) (3,87) (95,58) (4,83) (94,58) (5,79) (93,56) (6,75) (92,52) (7,71) (91,47) (8,70) (90,43) (9,66) (89,42) (10,62) (88,38) (11,59) (87,37) (12,53) (86,34) (13,50) (85,31) (14,44) (84,27) (15,42) (83,23) (16,38) (82,18) (17,36) (81,15) (18,33) (80,12) (19,29) (79,9) (77,11) (20,28) (78,9) 
TD 22 :
(99,74) (0,100) (98,70) (1,96) (97,68) (2,92) (96,61) (3,87) (95,58) (4,83) (94,58) (5,79) (93,56) (6,75) (92,52) (7,71) (91,47) (8,70) (90,43) (9,66) (89,42) (10,62) (88,38) (11,59) (87,37) (12,53) (86,34) (13,50) (85,31) (14,44) (84,27) (15,42) (83,23) (16,38) (82,18) (17,36) (81,15) (18,33) (80,12) (19,29) (79,9) (77,11) (20,28) (21,27) (22,23) (23,21) (24,19) (25,14) (26,14) (27,15) (28,16) (29,13) (30,13) (31,8) (32,6) (33,8) (34,3) (35,0) (36,-3) (37,-5) (38,-8) (39,-8) (40,-9) (41,-9) (42,-10) (43,-12) (44,-12) (45,-10) (46,-13) (47,-14) (48,-16) (49,-16) (50,-17) (51,-17) (52,-16) (53,-16) (54,-15) (55,-14) (56,-14) (57,-13) (58,-13) (59,-11) (60,-9) (61,-4) (62,-4) (63,-5) (64,-4) (65,-2) (66,-3) (67,-5) (68,-4) (69,-3) (70,-1) (71,-1) (72,3) (73,2) (74,2) (75,5) (76,7) 
(99,74) (0,100) (98,70) (1,96) (97,68) (2,92) (96,61) (3,87) (95,58) (4,83) (94,58) (5,79) (93,56) (6,75) (92,52) (7,71) (91,47) (8,70) (90,43) (9,66) (89,42) (10,62) (88,38) (11,59) (87,37) (12,53) (86,34) (13,50) (85,31) (14,44) (84,27) (15,42) (83,23) (16,38) (82,18) (17,36) (81,15) (18,33) (80,12) (19,29) (79,9) (77,11) (20,28) (78,9) 
TD 23 :
(99,74) (0,100) (98,70) (1,96) (97,68) (2,92) (96,61) (3,87) (95,58) (4,83) (94,58) (5,79) (93,56) (6,75) (92,52) (7,71) (91,47) (8,70) (90,43) (9,66) (89,42) (10,62) (88,38) (11,59) (87,37) (12,53) (86,34) (13,50) (85,31) (14,44) (84,27) (15,42) (83,23) (16,38) (82,18) (17,36) (81,15) (18,33) (80,12) (19,29) (79,9) (77,11) (20,28) (21,27) (76,7) (22,23) (23,21) (24,19) (25,14) (26,14) (27,15) (28,16) (29,13) (30,13) (31,8) (32,6) (33,8) (34,3) (35,0) (36,-3) (37,-5) (38,-8) (39,-8) (40,-9) (41,-9) (42,-10) (43,-12) (44,-12) (45,-10) (46,-13) (47,-14) (48,-16) (49,-16) (50,-17) (51,-17) (52,-16) (53,-16) (54,-15) (55,-14) (56,-14) (57,-13) (58,-13) (59,-11) (60,-9) (61,-4) (62,-4) (63,-5) (64,-4) (65,-2) (66,-3) (67,-5) (68,-4) (69,-3) (70,-1) (71,-1) (72,3) (73,2) (74,2) (75,5) 
TD 24 :
(99,74) (0,100) (98,70) (1,96) (97,68) (2,92) (96,61) (3,87) (95,58) (4,83) (94,58) (5,79) (93,56) (6,75) (92,52) (7,71) (91,47) (8,70) (90,43) (9,66) (89,42) (10,62) (88,38) (11,59) (87,37) (12,53) (86,34) (13,50) (85,31) (14,44) (84,27) (15,42) (83,23) (16,38) (82,18) (17,36) (81,15) (18,33) (80,12) (19,29) (79,9) (77,11) (20,28) (21,27) (76,7) (22,23) (75,5) (23,21) (24,19) (25,14) (26,14) (27,15) (28,16) (29,13) (30,13) (31,8) (32,6) (33,8) (34,3) (35,0) (36,-3) (37,-5) (38,-8) (39,-8) (40,-9) (41,-9) (42,-10) (43,-12) (44,-12) (45,-10) (46,-13) (47,-14) (48,-16) (49,-16) (50,-17) (51,-17) (52,-16) (53,-16) (54,-15) (55,-14) (56,-14) (57,-13) (58,-13) (59,-11) (60,-9) (61,-4) (62,-4) (63,-5) (64,-4) (65,-2) (66,-3) (67,-5) (68,-4) (69,-3) (70,-1) (71,-1) (72,3) (73,2) (74,2) 
TD 25 :
(99,74) (0,100) (98,70) (1,96) (97,68) (2,92) (96,61) (3,87) (95,58) (4,83) (94,58) (5,79) (93,56) (6,75) (92,52) (7,71) (91,47) (8,70) (90,43) (9,66) (89,42) (10,62) (88,38) (11,59) (87,37) (12,53) (86,34) (13,50) (85,31) (14,44) (84,27) (15,42) (83,23) (16,38) (82,18) (17,36) (81,15) (18,33) (80,12) (19,29) (79,9) (77,11) (20,28) (21,27) (76,7) (22,23) (75,5) (23,21) (74,2) (72,3) (24,19) (25,14) (26,14) (27,15) (28,16) (29,13) (30,13) (31,8) (32,6) (33,8) (34,3) (35,0) (36,-3) (37,-5) (38,-8) (39,-8) (40,-9) (41,-9) (42,-10) (43,-12) (44,-12) (45,-10) (46,-13) (47,-14) (48,-16) (49,-16) (50,-17) (51,-17) (52,-16) (53,-16) (54,-15) (55,-14) (56,-14) (57,-13) (58,-13) (59,-11) (60,-9) (61,-4) (62,-4) (63,-5) (64,-4) (65,-2) (66,-3) (67,-5) (68,-4) (69,-3) (70,-1) (71,-1) 
(99,74) (0,100) (98,70) (1,96) (97,68) (2,92) (96,61) (3,87) (95,58) (4,83) (94,58) (5,79) (93,56) (6,75) (92,52) (7,71) (91,47) (8,70) (90,43) (9,66) (89,42) (10,62) (88,38) (11,59) (87,37) (12,53) (86,34) (13,50) (85,31) (14,44) (84,27) (15,42) (83,23) (16,38) (82,18) (17,36) (81,15) (18,33) (80,12) (19,29) (79,9) (77,11) (20,28) (21,27) (76,7) (22,23) (75,5) (23,21) (74,2) (72,3) (24,19) (73,2) 
TD 26 :
(99,74) (0,100) (98,70) (1,96) (97,68) (2,92) (96,61) (3,87) (95,58) (4,83) (94,58) (5,79) (93,56) (6,75) (92,52) (7,71) (91,47) (8,70) (90,43) (9,66) (89,42) (10,62) (88,38) (11,59) (87,37) (12,53) (86,34) (13,50) (85,31) (14,44) (84,27) (15,42) (83,23) (16,38) (82,18) (17,36) (81,15) (18,33) (80,12) (19,29) (79,9) (77,11) (20,28) (21,27) (76,7) (22,23) (75,5) (23,21) (74,2) (72,3) (24,19) (28,16) (25,14) (26,14) (27,15) 
(99,74) (0,100) (98,70) (1,96) (97,68) (2,92) (96,61) (3,87) (95,58) (4,83) (94,58) (5,79) (93,56) (6,75) (92,52) (7,71) (91,47) (8,70) (90,43) (9,66) (89,42) (10,62) (88,38) (11,59) (87,37) (12,53) (86,34) (13,50) (85,31) (14,44) (84,27) (15,42) (83,23) (16,38) (82,18) (17,36) (81,15) (18,33) (80,12) (19,29) (79,9) (77,11) (20,28) (21,27) (76,7) (22,23) (75,5) (23,21) (74,2) (72,3) (24,19) (28,16) (25,14) (29,13) (30,13) (31,8) (32,6) (33,8) (34,3) (35,0) (36,-3) (37,-5) (38,-8) (39,-8) (40,-9) (41,-9) (42,-10) (43,-12) (44,-12) (45,-10) (46,-13) (47,-14) (48,-16) (49,-16) (50,-17) (51,-17) (52,-16) (53,-16) (54,-15) (55,-14) (56,-14) (57,-13) (58,-13) (59,-11) (60,-9) (61,-4) (62,-4) (63,-5) (64,-4) (65,-2) (66,-3) (67,-5) (68,-4) (69,-3) (70,-1) (71,-1) 
(99,74) (0,100) (98,70) (1,96) (97,68) (2,92) (96,61) (3,87) (95,58) (4,83) (94,58) (5,79) (93,56) (6,75) (92,52) (7,71) (91,47) (8,70) (90,43) (9,66) (89,42) (10,62) (88,38) (11,59) (87,37) (12,53) (86,34) (13,50) (85,31) (14,44) (84,27) (15,42) (83,23) (16,38) (82,18) (17,36) (81,15) (18,33) (80,12) (19,29) (79,9) (77,11) (20,28) (21,27) (76,7) (22,23) (75,5) (23,21) (74,2) (72,3) (24,19) (73,2) 
TD 27 :
(99,74) (0,100) (98,70) (1,96) (97,68) (2,92) (96,61) (3,87) (95,58) (4,83) (94,58) (5,79) (93,56) (6,75) (92,52) (7,71) (91,47) (8,70) (90,43) (9,66) (89,42) (10,62) (88,38) (11,59) (87,37) (12,53) (86,34) (13,50) (85,31) (14,44) (84,27) (15,42) (83,23) (16,38) (82,18) (17,36) (81,15) (18,33) (80,12) (19,29) (79,9) (77,11) (20,28) (21,27) (76,7) (22,23) (75,5) (23,21) (74,2) (72,3) (24,19) (28,16) (25,14) (27,15) (26,14) 
(99,74) (0,100) (98,70) (1,96) (97,68) (2,92) (96,61) (3,87) (95,58) (4,83) (94,58) (5,79) (93,56) (6,75) (92,52) (7,71) (91,47) (8,70) (90,43) (9,66) (89,42) (10,62) (88,38) (11,59) (87,37) (12,53) (86,34) (13,50) (85,31) (14,44) (84,27) (15,42) (83,23) (16,38) (82,18) (17,36) (81,15) (18,33) (80,12) (19,29) (79,9) (77,11) (20,28) (21,27) (76,7) (22,23) (75,5) (23,21) (74,2) (72,3) (24,19) (28,16) (25,14) (27,15) (26,14) 
(99,74) (0,100) (98,70) (1,96) (97,68) (2,92) (96,61) (3,87) (95,58) (4,83) (94,58) (5,79) (93,56) (6,75) (92,52) (7,71) (91,47) (8,70) (90,43) (9,66) (89,42) (10,62) (88,38) (11,59) (87,37) (12,53) (86,34) (13,50) (85,31) (14,44) (84,27) (15,42) (83,23) (16,38) (82,18) (17,36) (81,15) (18,33) (80,12) (19,29) (79,9) (77,11) (20,28) (21,27) (76,7) (22,23) (75,5) (23,21) (74,2) (72,3) (24,19) (28,16) (25,14) (71,-1) (29,13) (30,13) (31,8) (32,6) (33,8) (34,3) (35,0) (36,-3) (37,-5) (38,-8) (39,-8) (40,-9) (41,-9) (42,-10) (43,-12) (44,-12) (45,-10) (46,-13) (47,-14) (48,-16) (49,-16) (50,-17) (51,-17) (52,-16) (53,-16) (54,-15) (55,-14) (56,-14) (57,-13) (58,-13) (59,-11) (60,-9) (61,-4) (62,-4) (63,-5) (64,-4) (65,-2) (66,-3) (67,-5) (68,-4) (69,-3) (70,-1) 
TD 28 :
(99,74) (0,100) (98,70) (1,96) (97,68) (2,92) (96,61) (3,87) (95,58) (4,83) (94,58) (5,79) (93,56) (6,75) (92,52) (7,71) (91,47) (8,70) (90,43) (9,66) (89,42) (10,62) (88,38) (11,59) (87,37) (12,53) (86,34) (13,50) (85,31) (14,44) (84,27) (15,42) (83,23) (16,38) (82,18) (17,36) (81,15) (18,33) (80,12) (19,29) (79,9) (77,11) (20,28) (21,27) (76,7) (22,23) (75,5) (23,21) (74,2) (72,3) (24,19) (28,16) (25,14) (71,-1) (70,-1) (30,13) (29,13) 
(99,74) (0,100) (98,70) (1,96) (97,68) (2,92) (96,61) (3,87) (95,58) (4,83) (94,58) (5,79) (93,56) (6,75) (92,52) (7,71) (91,47) (8,70) (90,43) (9,66) (89,42) (10,62) (88,38) (11,59) (87,37) (12,53) (86,34) (13,50) (85,31) (14,44) (84,27) (15,42) (83,23) (16,38) (82,18) (17,36) (81,15) (18,33) (80,12) (19,29) (79,9) (77,11) (20,28) (21,27) (76,7) (22,23) (75,5) (23,21) (74,2) (72,3) (24,19) (28,16) (25,14) (71,-1) (70,-1) (30,13) (29,13) (31,8) (32,6) (33,8) (34,3) (35,0) (36,-3) (37,-5) (38,-8) (39,-8) (40,-9) (41,-9) (42,-10) (43,-12) (44,-12) (45,-10) (46,-13) (47,-14) (48,-16) (49,-16) (50,-17) (51,-17) (52,-16) (53,-16) (54,-15) (55,-14) (56,-14) (57,-13) (58,-13) (59,-11) (60,-9) (61,-4) (62,-4) (63,-5) (64,-4) (65,-2) (66,-3) (67,-5) (68,-4) (69,-3) 
TD 29 :
(99,74) (0,100) (98,70) (1,96) (97,68) (2,92) (96,61) (3,87) (95,58) (4,83) (94,58) (5,79) (93,56) (6,75) (92,52) (7,71) (91,47) (8,70) (90,43) (9,66) (89,42) (10,62) (88,38) (11,59) (87,37) (12,53) (86,34) (13,50) (85,31) (14,44) (84,27) (15,42) (83,23) (16,38) (82,18) (17,36) (81,15) (18,33) (80,12) (19,29) (79,9) (77,11) (20,28) (21,27) (76,7) (22,23) (75,5) (23,21) (74,2) (72,3) (24,19) (28,16) (25,14) (71,-1) (70,-1) (30,13) (29,13) (69,-3) (33,8) (31,8) (32,6) 
(99,74) (0,100) (98,70) (1,96) (97,68) (2,92) (96,61) (3,87) (95,58) (4,83) (94,58) (5,79) (93,56) (6,75) (92,52) (7,71) (91,47) (8,70) (90,43) (9,66) (89,42) (10,62) (88,38) (11,59) (87,37) (12,53) (86,34) (13,50) (85,31) (14,44) (84,27) (15,42) (83,23) (16,38) (82,18) (17,36) (81,15) (18,33) (80,12) (19,29) (79,9) (77,11) (20,28) (21,27) (76,7) (22,23) (75,5) (23,21) (74,2) (72,3) (24,19) (28,16) (25,14) (71,-1) (70,-1) (30,13) (29,13) (69,-3) (33,8) (31,8) (34,3) (35,0) (36,-3) (37,-5) (38,-8) (39,-8) (40,-9) (41,-9) (42,-10) (43,-12) (44,-12) (45,-10) (46,-13) (47,-14) (48,-16) (49,-16) (50,-17) (51,-17) (52,-16) (53,-16) (54,-15) (55,-14) (56,-14) (57,-13) (58,-13) (59,-11) (60,-9) (61,-4) (62,-4) (63,-5) (64,-4) (65,-2) (66,-3) (67,-5) (68,-4) 
TD 30 :
(99,74) (0,100) (98,70) (1,96) (97,68) (2,92) (96,61) (3,87) (95,58) (4,83) (94,58) (5,79) (93,56) (6,75) (92,52) (7,71) (91,47) (8,70) (90,43) (9,66) (89,42) (10,62) (88,38) (11,59) (87,37) (12,53) (86,34) (13,50) (85,31) (14,44) (84,27) (15,42) (83,23) (16,38) (82,18) (17,36) (81,15) (18,33) (80,12) (19,29) (79,9) (77,11) (20,28) (21,27) (76,7) (22,23) (75,5) (23,21) (74,2) (72,3) (24,19) (28,16) (25,14) (71,-1) (70,-1) (30,13) (29,13) (69,-3) (33,8) (31,8) (32,6) 
(99,74) (0,100) (98,70) (1,96) (97,68) (2,92) (96,61) (3,87) (95,58) (4,83) (94,58) (5,79) (93,56) (6,75) (92,52) (7,71) (91,47) (8,70) (90,43) (9,66) (89,42) (10,62) (88,38) (11,59) (87,37) (12,53) (86,34) (13,50) (85,31) (14,44) (84,27) (15,42) (83,23) (16,38) (82,18) (17,36) (81,15) (18,33) (80,12) (19,29) (79,9) (77,11) (20,28) (21,27) (76,7) (22,23) (75,5) (23,21) (74,2) (72,3) (24,19) (28,16) (25,14) (71,-1) (70,-1) (30,13) (29,13) (69,-3) (33,8) (31,8) (68,-4) (65,-2) (34,3) (35,0) (36,-3) (37,-5) (38,-8) (39,-8) (40,-9) (41,-9) (42,-10) (43,-12) (44,-12) (45,-10) (46,-13) (47,-14) (48,-16) (49,-16) (50,-17) (51,-17) (52,-16) (53,-16) (54,-15) (55,-14) (56,-14) (57,-13) (58,-13) (59,-11) (60,-9) (61,-4) (62,-4) (63,-5) (64,-4) 
(99,74) (0,100) (98,70) (1,96) (97,68) (2,92) (96,61) (3,87) (95,58) (4,83) (94,58) (5,79) (93,56) (6,75) (92,52) (7,71) (91,47) (8,70) (90,43) (9,66) (89,42) (10,62) (88,38) (11,59) (87,37) (12,53) (86,34) (13,50) (85,31) (14,44) (84,27) (15,42) (83,23) (16,38) (82,18) (17,36) (81,15) (18,33) (80,12) (19,29) (79,9) (77,11) (20,28) (21,27) (76,7) (22,23) (75,5) (23,21) (74,2) (72,3) (24,19) (28,16) (25,14) (71,-1) (70,-1) (30,13) (29,13) (69,-3) (33,8) (31,8) (68,-4) (65,-2) (66,-3) (67,-5) 
TD 31 :
(99,74) (0,100) (98,70) (1,96) (97,68) (2,92) (96,61) (3,87) (95,58) (4,83) (94,58) (5,79) (93,56) (6,75) (92,52) (7,71) (91,47) (8,70) (90,43) (9,66) (89,42) (10,62) (88,38) (11,59) (87,37) (12,53) (86,34) (13,50) (85,31) (14,44) (84,27) (15,42) (83,23) (16,38) (82,18) (17,36) (81,15) (18,33) (80,12) (19,29) (79,9) (77,11) (20,28) (21,27) (76,7) (22,23) (75,5) (23,21) (74,2) (72,3) (24,19) (28,16) (25,14) (71,-1) (70,-1) (30,13) (29,13) (69,-3) (33,8) (31,8) (68,-4) (65,-2) (34,3) (35,0) (36,-3) (37,-5) (38,-8) (39,-8) (40,-9) (41,-9) (42,-10) (43,-12) (44,-12) (45,-10) (46,-13) (47,-14) (48,-16) (49,-16) (50,-17) (51,-17) (52,-16) (53,-16) (54,-15) (55,-14) (56,-14) (57,-13) (58,-13) (59,-11) (60,-9) (61,-4) (62,-4) (63,-5) (64,-4) 
(99,74) (0,100) (98,70) (1,96) (97,68) (2,92) (96,61) (3,87) (95,58) (4,83) (94,58) (5,79) (93,56) (6,75) (92,52) (7,71) (91,47) (8,70) (90,43) (9,66) (89,42) (10,62) (88,38) (11,59) (87,37) (12,53) (86,34) (13,50) (85,31) (14,44) (84,27) (15,42) (83,23) (16,38) (82,18) (17,36) (81,15) (18,33) (80,12) (19,29) (79,9) (77,11) (20,28) (21,27) (76,7) (22,23) (75,5) (23,21) (74,2) (72,3) (24,19) (28,16) (25,14) (71,-1) (70,-1) (30,13) (29,13) (69,-3) (33,8) (31,8) (68,-4) (65,-2) (67,-5) (66,-3) 
(99,74) (0,100) (98,70) (1,96) (97,68) (2,92) (96,61) (3,87) (95,58) (4,83) (94,58) (5,79) (93,56) (6,75) (92,52) (7,71) (91,47) (8,70) (90,43) (9,66) (89,42) (10,62) (88,38) (11,59) (87,37) (12,53) (86,34) (13,50) (85,31) (14,44) (84,27) (15,42) (83,23) (16,38) (82,18) (17,36) (81,15) (18,33) (80,12) (19,29) (79,9) (77,11) (20,28) (21,27) (76,7) (22,23) (75,5) (23,21) (74,2) (72,3) (24,19) (28,16) (25,14) (71,-1) (70,-1) (30,13) (29,13) (69,-3) (33,8) (31,8) (68,-4) (65,-2) (67,-5) (66,-3) 
TD 32 :
(99,74) (0,100) (98,70) (1,96) (97,68) (2,92) (96,61) (3,87) (95,58) (4,83) (94,58) (5,79) (93,56) (6,75) (92,52) (7,71) (91,47) (8,70) (90,43) (9,66) (89,42) (10,62) (88,38) (11,59) (87,37) (12,53) (86,34) (13,50) (85,31) (14,44) (84,27) (15,42) (83,23) (16,38) (82,18) (17,36) (81,15) (18,33) (80,12) (19,29) (79,9) (77,11) (20,28) (21,27) (76,7) (22,23) (75,5) (23,21) (74,2) (72,3) (24,19) (28,16) (25,14) (71,-1) (70,-1) (30,13) (29,13) (69,-3) (33,8) (31,8) (68,-4) (65,-2) (34,3) (64,-4) (35,0) (36,-3) (37,-5) (38,-8) (39,-8) (40,-9) (41,-9) (42,-10) (43,-12) (44,-12) (45,-10) (46,-13) (47,-14) (48,-16) (49,-16) (50,-17) (51,-17) (52,-16) (53,-16) (54,-15) (55,-14) (56,-14) (57,-13) (58,-13) (59,-11) (60,-9) (61,-4) (62,-4) (63,-5) 
TD 33 :
(99,74) (0,100) (98,70) (1,96) (97,68) (2,92) (96,61) (3,87) (95,58) (4,83) (94,58) (5,79) (93,56) (6,75) (92,52) (7,71) (91,47) (8,70) (90,43) (9,66) (89,42) (10,62) (88,38) (11,59) (87,37) (12,53) (86,34) (13,50) (85,31) (14,44) (84,27) (15,42) (83,23) (16,38) (82,18) (17,36) (81,15) (18,33) (80,12) (19,29) (79,9) (77,11) (20,28) (21,27) (76,7) (22,23) (75,5) (23,21) (74,2) (72,3) (24,19) (28,16) (25,14) (71,-1) (70,-1) (30,13) (29,13) (69,-3) (33,8) (31,8) (68,-4) (65,-2) (34,3) (64,-4) (35,0) (63,-5) (62,-4) (36,-3) (37,-5) (38,-8) (39,-8) (40,-9) (41,-9) (42,-10) (43,-12) (44,-12) (45,-10) (46,-13) (47,-14) (48,-16) (49,-16) (50,-17) (51,-17) (52,-16) (53,-16) (54,-15) (55,-14) (56,-14) (57,-13) (58,-13) (59,-11) (60,-9) (61,-4) 
(99,74) (0,100) (98,70) (1,96) (97,68) (2,92) (96,61) (3,87) (95,58) (4,83) (94,58) (5,79) (93,56) (6,75) (92,52) (7,71) (91,47) (8,70) (90,43) (9,66) (89,42) (10,62) (88,38) (11,59) (87,37) (12,53) (86,34) (13,50) (85,31) (14,44) (84,27) (15,42) (83,23) (16,38) (82,18) (17,36) (81,15) (18,33) (80,12) (19,29) (79,9) (77,11) (20,28) (21,27) (76,7) (22,23) (75,5) (23,21) (74,2) (72,3) (24,19) (28,16) (25,14) (71,-1) (70,-1) (30,13) (29,13) (69,-3) (33,8) (31,8) (68,-4) (65,-2) (34,3) (64,-4) (35,0) (63,-5) (62,-4) (36,-3) 
TD 34 :
(99,74) (0,100) (98,70) (1,96) (97,68) (2,92) (96,61) (3,87) (95,58) (4,83) (94,58) (5,79) (93,56) (6,75) (92,52) (7,71) (91,47) (8,70) (90,43) (9,66) (89,42) (10,62) (88,38) (11,59) (87,37) (12,53) (86,34) (13,50) (85,31) (14,44) (84,27) (15,42) (83,23) (16,38) (82,18) (17,36) (81,15) (18,33) (80,12) (19,29) (79,9) (77,11) (20,28) (21,27) (76,7) (22,23) (75,5) (23,21) (74,2) (72,3) (24,19) (28,16) (25,14) (71,-1) (70,-1) (30,13) (29,13) (69,-3) (33,8) (31,8) (68,-4) (65,-2) (34,3) (64,-4) (35,0) (63,-5) (62,-4) (36,-3) (61,-4) (37,-5) (38,-8) (39,-8) (40,-9) (41,-9) (42,-10) (43,-12) (44,-12) (45,-10) (46,-13) (47,-14) (48,-16) (49,-16) (50,-17) (51,-17) (52,-16) (53,-16) (54,-15) (55,-14) (56,-14) (57,-13) (58,-13) (59,-11) (60,-9) 
TD 35 :
(99,74) (0,100) (98,70) (1,96) (97,68) (2,92) (96,61) (3,87) (95,58) (4,83) (94,58) (5,79) (93,56) (6,75) (92,52) (7,71) (91,47) (8,70) (90,43) (9,66) (89,42) (10,62) (88,38) (11,59) (87,37) (12,53) (86,34) (13,50) (85,31) (14,44) (84,27) (15,42) (83,23) (16,38) (82,18) (17,36) (81,15) (18,33) (80,12) (19,29) (79,9) (77,11) (20,28) (21,27) (76,7) (22,23) (75,5) (23,21) (74,2) (72,3) (24,19) (28,16) (25,14) (71,-1) (70,-1) (30,13) (29,13) (69,-3) (33,8) (31,8) (68,-4) (65,-2) (34,3) (64,-4) (35,0) (63,-5) (62,-4) (36,-3) (61,-4) (37,-5) (60,-9) (39,-8) (38,-8) 
(99,74) (0,100) (98,70) (1,96) (97,68) (2,92) (96,61) (3,87) (95,58) (4,83) (94,58) (5,79) (93,56) (6,75) (92,52) (7,71) (91,47) (8,70) (90,43) (9,66) (89,42) (10,62) (88,38) (11,59) (87,37) (12,53) (86,34) (13,50) (85,31) (14,44) (84,27) (15,42) (83,23) (16,38) (82,18) (17,36) (81,15) (18,33) (80,12) (19,29) (79,9) (77,11) (20,28) (21,27) (76,7) (22,23) (75,5) (23,21) (74,2) (72,3) (24,19) (28,16) (25,14) (71,-1) (70,-1) (30,13) (29,13) (69,-3) (33,8) (31,8) (68,-4) (65,-2) (34,3) (64,-4) (35,0) (63,-5) (62,-4) (36,-3) (61,-4) (37,-5) (60,-9) (39,-8) (38,-8) (40,-9) (41,-9) (42,-10) (43,-12) (44,-12) (45,-10) (46,-13) (47,-14) (48,-16) (49,-16) (50,-17) (51,-17) (52,-16) (53,-16) (54,-15) (55,-14) (56,-14) (57,-13) (58,-13) (59,-11) 
TD 36 :
(99,74) (0,100) (98,70) (1,96) (97,68) (2,92) (96,61) (3,87) (95,58) (4,83) (94,58) (5,79) (93,56) (6,75) (92,52) (7,71) (91,47) (8,70) (90,43) (9,66) (89,42) (10,62) (88,38) (11,59) (87,37) (12,53) (86,34) (13,50) (85,31) (14,44) (84,27) (15,42) (83,23) (16,38) (82,18) (17,36) (81,15) (18,33) (80,12) (19,29) (79,9) (77,11) (20,28) (21,27) (76,7) (22,23) (75,5) (23,21) (74,2) (72,3) (24,19) (28,16) (25,14) (71,-1) (70,-1) (30,13) (29,13) (69,-3) (33,8) (31,8) (68,-4) (65,-2) (34,3) (64,-4) (35,0) (63,-5) (62,-4) (36,-3) (61,-4) (37,-5) (60,-9) (39,-8) (38,-8) (59,-11) (41,-9) (40,-9) 
(99,74) (0,100) (98,70) (1,96) (97,68) (2,92) (96,61) (3,87) (95,58) (4,83) (94,58) (5,79) (93,56) (6,75) (92,52) (7,71) (91,47) (8,70) (90,43) (9,66) (89,42) (10,62) (88,38) (11,59) (87,37) (12,53) (86,34) (13,50) (85,31) (14,44) (84,27) (15,42) (83,23) (16,38) (82,18) (17,36) (81,15) (18,33) (80,12) (19,29) (79,9) (77,11) (20,28) (21,27) (76,7) (22,23) (75,5) (23,21) (74,2) (72,3) (24,19) (28,16) (25,14) (71,-1) (70,-1) (30,13) (29,13) (69,-3) (33,8) (31,8) (68,-4) (65,-2) (34,3) (64,-4) (35,0) (63,-5) (62,-4) (36,-3) (61,-4) (37,-5) (60,-9) (39,-8) (38,-8) (59,-11) (41,-9) (40,-9) (42,-10) (43,-12) (44,-12) (45,-10) (46,-13) (47,-14) (48,-16) (49,-16) (50,-17) (51,-17) (52,-16) (53,-16) (54,-15) (55,-14) (56,-14) (57,-13) (58,-13) 
TD 37 :
(99,74) (0,100) (98,70) (1,96) (97,68) (2,92) (96,61) (3,87) (95,58) (4,83) (94,58) (5,79) (93,56) (6,75) (92,52) (7,71) (91,47) (8,70) (90,43) (9,66) (89,42) (10,62) (88,38) (11,59) (87,37) (12,53) (86,34) (13,50) (85,31) (14,44) (84,27) (15,42) (83,23) (16,38) (82,18) (17,36) (81,15) (18,33) (80,12) (19,29) (79,9) (77,11) (20,28) (21,27) (76,7) (22,23) (75,5) (23,21) (74,2) (72,3) (24,19) (28,16) (25,14) (71,-1) (70,-1) (30,13) (29,13) (69,-3) (33,8) (31,8) (68,-4) (65,-2) (34,3) (64,-4) (35,0) (63,-5) (62,-4) (36,-3) (61,-4) (37,-5) (60,-9) (39,-8) (38,-8) (59,-11) (41,-9) (40,-9) (58,-13) (45,-10) (42,-10) (43,-12) (44,-12) 
(99,74) (0,100) (98,70) (1,96) (97,68) (2,92) (96,61) (3,87) (95,58) (4,83) (94,58) (5,79) (93,56) (6,75) (92,52) (7,71) (91,47) (8,70) (90,43) (9,66) (89,42) (10,62) (88,38) (11,59) (87,37) (12,53) (86,34) (13,50) (85,31) (14,44) (84,27) (15,42) (83,23) (16,38) (82,18) (17,36) (81,15) (18,33) (80,12) (19,29) (79,9) (77,11) (20,28) (21,27) (76,7) (22,23) (75,5) (23,21) (74,2) (72,3) (24,19) (28,16) (25,14) (71,-1) (70,-1) (30,13) (29,13) (69,-3) (33,8) (31,8) (68,-4) (65,-2) (34,3) (64,-4) (35,0) (63,-5) (62,-4) (36,-3) (61,-4) (37,-5) (60,-9) (39,-8) (38,-8) (59,-11) (41,-9) (40,-9) (58,-13) (45,-10) (42,-10) (46,-13) (47,-14) (48,-16) (49,-16) (50,-17) (51,-17) (52,-16) (53,-16) (54,-15) (55,-14) (56,-14) (57,-13) 
TD 38 :
(99,74) (0,100) (98,70) (1,96) (97,68) (2,92) (96,61) (3,87) (95,58) (4,83) (94,58) (5,79) (93,56) (6,75) (92,52) (7,71) (91,47) (8,70) (90,43) (9,66) (89,42) (10,62) (88,38) (11,59) (87,37) (12,53) (86,34) (13,50) (85,31) (14,44) (84,27) (15,42) (83,23) (16,38) (82,18) (17,36) (81,15) (18,33) (80,12) (19,29) (79,9) (77,11) (20,28) (21,27) (76,7) (22,23) (75,5) (23,21) (74,2) (72,3) (24,19) (28,16) (25,14) (71,-1) (70,-1) (30,13) (29,13) (69,-3) (33,8) (31,8) (68,-4) (65,-2) (34,3) (64,-4) (35,0) (63,-5) (62,-4) (36,-3) (61,-4) (37,-5) (60,-9) (39,-8) (38,-8) (59,-11) (41,-9) (40,-9) (58,-13) (45,-10) (42,-10) (44,-12) (43,-12) 
(99,74) (0,100) (98,70) (1,96) (97,68) (2,92) (96,61) (3,87) (95,58) (4,83) (94,58) (5,79) (93,56) (6,75) (92,52) (7,71) (91,47) (8,70) (90,43) (9,66) (89,42) (10,62) (88,38) (11,59) (87,37) (12,53) (86,34) (13,50) (85,31) (14,44) (84,27) (15,42) (83,23) (16,38) (82,18) (17,36) (81,15) (18,33) (80,12) (19,29) (79,9) (77,11) (20,28) (21,27) (76,7) (22,23) (75,5) (23,21) (74,2) (72,3) (24,19) (28,16) (25,14) (71,-1) (70,-1) (30,13) (29,13) (69,-3) (33,8) (31,8) (68,-4) (65,-2) (34,3) (64,-4) (35,0) (63,-5) (62,-4) (36,-3) (61,-4) (37,-5) (60,-9) (39,-8) (38,-8) (59,-11) (41,-9) (40,-9) (58,-13) (45,-10) (42,-10) (44,-12) (43,-12) 
(99,74) (0,100) (98,70) (1,96) (97,68) (2,92) (96,61) (3,87) (95,58) (4,83) (94,58) (5,79) (93,56) (6,75) (92,52) (7,71) (91,47) (8,70) (90,43) (9,66) (89,42) (10,62) (88,38) (11,59) (87,37) (12,53) (86,34) (13,50) (85,31) (14,44) (84,27) (15,42) (83,23) (16,38) (82,18) (17,36) (81,15) (18,33) (80,12) (19,29) (79,9) (77,11) (20,28) (21,27) (76,7) (22,23) (75,5) (23,21) (74,2) (72,3) (24,19) (28,16) (25,14) (71,-1) (70,-1) (30,13) (29,13) (69,-3) (33,8) (31,8) (68,-4) (65,-2) (34,3) (64,-4) (35,0) (63,-5) (62,-4) (36,-3) (61,-4) (37,-5) (60,-9) (39,-8) (38,-8) (59,-11) (41,-9) (40,-9) (58,-13) (45,-10) (42,-10) (57,-13) (46,-13) (47,-14) (48,-16) (49,-16) (50,-17) (51,-17) (52,-16) (53,-16) (54,-15) (55,-14) (56,-14) 
TD 39 :
(99,74) (0,100) (98,70) (1,96) (97,68) (2,92) (96,61) (3,87) (95,58) (4,83) (94,58) (5,79) (93,56) (6,75) (92,52) (7,71) (91,47) (8,70) (90,43) (9,66) (89,42) (10,62) (88,38) (11,59) (87,37) (12,53) (86,34) (13,50) (85,31) (14,44) (84,27) (15,42) (83,23) (16,38) (82,18) (17,36) (81,15) (18,33) (80,12) (19,29) (79,9) (77,11) (20,28) (21,27) (76,7) (22,23) (75,5) (23,21) (74,2) (72,3) (24,19) (28,16) (25,14) (71,-1) (70,-1) (30,13) (29,13) (69,-3) (33,8) (31,8) (68,-4) (65,-2) (34,3) (64,-4) (35,0) (63,-5) (62,-4) (36,-3) (61,-4) (37,-5) (60,-9) (39,-8) (38,-8) (59,-11) (41,-9) (40,-9) (58,-13) (45,-10) (42,-10) (57,-13) (56,-14) (46,-13) (47,-14) (48,-16) (49,-16) (50,-17) (51,-17) (52,-16) (53,-16) (54,-15) (55,-14) 
TD 40 :
(99,74) (0,100) (98,70) (1,96) (97,68) (2,92) (96,61) (3,87) (95,58) (4,83) (94,58) (5,79) (93,56) (6,75) (92,52) (7,71) (91,47) (8,70) (90,43) (9,66) (89,42) (10,62) (88,38) (11,59) (87,37) (12,53) (86,34) (13,50) (85,31) (14,44) (84,27) (15,42) (83,23) (16,38) (82,18) (17,36) (81,15) (18,33) (80,12) (19,29) (79,9) (77,11) (20,28) (21,27) (76,7) (22,23) (75,5) (23,21) (74,2) (72,3) (24,19) (28,16) (25,14) (71,-1) (70,-1) (30,13) (29,13) (69,-3) (33,8) (31,8) (68,-4) (65,-2) (34,3) (64,-4) (35,0) (63,-5) (62,-4) (36,-3) (61,-4) (37,-5) (60,-9) (39,-8) (38,-8) (59,-11) (41,-9) (40,-9) (58,-13) (45,-10) (42,-10) (57,-13) (56,-14) (46,-13) (55,-14) (47,-14) (48,-16) (49,-16) (50,-17) (51,-17) (52,-16) (53,-16) (54,-15) 
TD 41 :
(99,74) (0,100) (98,70) (1,96) (97,68) (2,92) (96,61) (3,87) (95,58) (4,83) (94,58) (5,79) (93,56) (6,75) (92,52) (7,71) (91,47) (8,70) (90,43) (9,66) (89,42) (10,62) (88,38) (11,59) (87,37) (12,53) (86,34) (13,50) (85,31) (14,44) (84,27) (15,42) (83,23) (16,38) (82,18) (17,36) (81,15) (18,33) (80,12) (19,29) (79,9) (77,11) (20,28) (21,27) (76,7) (22,23) (75,5) (23,21) (74,2) (72,3) (24,19) (28,16) (25,14) (71,-1) (70,-1) (30,13) (29,13) (69,-3) (33,8) (31,8) (68,-4) (65,-2) (34,3) (64,-4) (35,0) (63,-5) (62,-4) (36,-3) (61,-4) (37,-5) (60,-9) (39,-8) (38,-8) (59,-11) (41,-9) (40,-9) (58,-13) (45,-10) (42,-10) (57,-13) (56,-14) (46,-13) (55,-14) (47,-14) (54,-15) (48,-16) (49,-16) (50,-17) (51,-17) (52,-16) (53,-16) 
TD 42 :
(99,74) (0,100) (98,70) (1,96) (97,68) (2,92) (96,61) (3,87) (95,58) (4,83) (94,58) (5,79) (93,56) (6,75) (92,52) (7,71) (91,47) (8,70) (90,43) (9,66) (89,42) (10,62) (88,38) (11,59) (87,37) (12,53) (86,34) (13,50) (85,31) (14,44) (84,27) (15,42) (83,23) (16,38) (82,18) (17,36) (81,15) (18,33) (80,12) (19,29) (79,9) (77,11) (20,28) (21,27) (76,7) (22,23) (75,5) (23,21) (74,2) (72,3) (24,19) (28,16) (25,14) (71,-1) (70,-1) (30,13) (29,13) (69,-3) (33,8) (31,8) (68,-4) (65,-2) (34,3) (64,-4) (35,0) (63,-5) (62,-4) (36,-3) (61,-4) (37,-5) (60,-9) (39,-8) (38,-8) (59,-11) (41,-9) (40,-9) (58,-13) (45,-10) (42,-10) (57,-13) (56,-14) (46,-13) (55,-14) (47,-14) (54,-15) (48,-16) (53,-16) (52,-16) (49,-16) (50,-17) (51,-17) 
(99,74) (0,100) (98,70) (1,96) (97,68) (2,92) (96,61) (3,87) (95,58) (4,83) (94,58) (5,79) (93,56) (6,75) (92,52) (7,71) (91,47) (8,70) (90,43) (9,66) (89,42) (10,62) (88,38) (11,59) (87,37) (12,53) (86,34) (13,50) (85,31) (14,44) (84,27) (15,42) (83,23) (16,38) (82,18) (17,36) (81,15) (18,33) (80,12) (19,29) (79,9) (77,11) (20,28) (21,27) (76,7) (22,23) (75,5) (23,21) (74,2) (72,3) (24,19) (28,16) (25,14) (71,-1) (70,-1) (30,13) (29,13) (69,-3) (33,8) (31,8) (68,-4) (65,-2) (34,3) (64,-4) (35,0) (63,-5) (62,-4) (36,-3) (61,-4) (37,-5) (60,-9) (39,-8) (38,-8) (59,-11) (41,-9) (40,-9) (58,-13) (45,-10) (42,-10) (57,-13) (56,-14) (46,-13) (55,-14) (47,-14) (54,-15) (48,-16) (53,-16) (52,-16) (49,-16) 
Pocket 0 :
()
Pocket 1 :
({  (0,100) ,(1,96) } {  (98,70) ,(99,74) } )
Pocket 2 :
({  (1,96) ,(0,100) } {  (99,74) ,(98,70) } )
Pocket 3 :
({  (2,92) ,(1,96) } {  (99,74) ,(97,68) } )
Pocket 4 :
({  (3,87) ,(2,92) } {  (99,74) ,(96,61) } )
Pocket 5 :
({  (4,83) ,(3,87) } {  (99,74) ,(95,58) } )
Pocket 6 :
({  (5,79) ,(4,83) } {  (99,74) ,(94,58) } )
Pocket 7 :
({  (6,75) ,(5,79) } {  (99,74) ,(93,56) } )
Pocket 8 :
({  (7,71) ,(6,75) } {  (99,74) ,(92,52) } )
Pocket 9 :
({  (8,70) ,(7,71) } {  (99,74) ,(91,47) } )
Pocket 10 :
({  (9,66) ,(8,70) } {  (99,74) ,(90,43) } )
Pocket 11 :
({  (10,62) ,(9,66) } {  (99,74) ,(89,42) } )
Pocket 12 :
({  (11,59) ,(10,62) } {  (99,74) ,(88,38) } )
Pocket 13 :
({  (12,53) ,(11,59) } {  (99,74) ,(87,37) } )
Pocket 14 :
({  (13,50) ,(12,53) } {  (99,74) ,(86,34) } )
Pocket 15 :
({  (14,44) ,(13,50) } {  (99,74) ,(85,31) } )
Pocket 16 :
({  (15,42) ,(14,44) } {  (99,74) ,(84,27) } )
Pocket 17 :
({  (16,38) ,(15,42) } {  (99,74) ,(83,23) } )
Pocket 18 :
({  (17,36) ,(16,38) } {  (99,74) ,(82,18) } )
Pocket 19 :
({  (18,33) ,(17,36) } {  (99,74) ,(81,15) } )
Pocket 20 :
({  (19,29) ,(18,33) } {  (99,74) ,(80,12) } )
Pocket 21 :
({  (20,28) ,(19,29) } {  (78,9) ,(77,11) } {  (20,28) ,(19,29) } {  (78,9) ,(77,11) } )
Pocket 22 :
({  (21,27) ,(20,28) } {  (99,74) ,(78,9) } )
Pocket 23 :
({  (22,23) ,(21,27) } {  (99,74) ,(76,7) } )
Pocket 24 :
({  (23,21) ,(22,23) } {  (99,74) ,(75,5) } )
Pocket 25 :
({  (24,19) ,(23,21) } {  (73,2) ,(72,3) } {  (24,19) ,(23,21) } {  (73,2) ,(72,3) } )
Pocket 26 :
({  (25,14) ,(24,19) } {  (29,13) ,(28,16) } {  (25,14) ,(24,19) } {  (29,13) ,(28,16) } {  (99,74) ,(73,2) } )
Pocket 27 :
({  (26,14) ,(25,14) } {  (99,74) ,(27,15) } {  (26,14) ,(25,14) } {  (99,74) ,(27,15) } {  (99,74) ,(71,-1) } )
Pocket 28 :
({  (29,13) ,(71,-1) } {  (31,8) ,(30,13) } {  (29,13) ,(71,-1) } {  (31,8) ,(30,13) } )
Pocket 29 :
({  (31,8) ,(29,13) } {  (34,3) ,(33,8) } {  (31,8) ,(29,13) } {  (34,3) ,(33,8) } )
Pocket 30 :
({  (32,6) ,(31,8) } {  (66,-3) ,(65,-2) } {  (66,-3) ,(65,-2) } )
Pocket 31 :
({  (34,3) ,(65,-2) } {  (67,-5) ,(66,-3) } {  (67,-5) ,(66,-3) } )
Pocket 32 :
({  (35,0) ,(34,3) } {  (99,74) ,(64,-4) } )
Pocket 33 :
({  (36,-3) ,(35,0) } {  (63,-5) ,(62,-4) } {  (36,-3) ,(35,0) } {  (63,-5) ,(62,-4) } )
Pocket 34 :
({  (37,-5) ,(36,-3) } {  (99,74) ,(61,-4) } )
Pocket 35 :
({  (38,-8) ,(37,-5) } {  (40,-9) ,(39,-8) } {  (38,-8) ,(37,-5) } {  (40,-9) ,(39,-8) } )
Pocket 36 :
({  (40,-9) ,(38,-8) } {  (42,-10) ,(41,-9) } {  (40,-9) ,(38,-8) } {  (42,-10) ,(41,-9) } )
Pocket 37 :
({  (42,-10) ,(40,-9) } {  (46,-13) ,(45,-10) } {  (42,-10) ,(40,-9) } {  (46,-13) ,(45,-10) } )
Pocket 38 :
({  (43,-12) ,(42,-10) } {  (99,74) ,(44,-12) } {  (43,-12) ,(42,-10) } {  (99,74) ,(44,-12) } {  (99,74) ,(57,-13) } )
Pocket 39 :
({  (46,-13) ,(57,-13) } {  (99,74) ,(56,-14) } )
Pocket 40 :
({  (47,-14) ,(46,-13) } {  (99,74) ,(55,-14) } )
Pocket 41 :
({  (48,-16) ,(47,-14) } {  (99,74) ,(54,-15) } )
