42 layers in onion peeling: 
Layer 1
(99,137) (98,137) (0,99) 
Layer 2
(97,132) (1,95) 
Layer 3
(96,124) (2,90) 
Layer 4
(95,121) (3,85) 
Layer 5
(94,115) (4,80) 
Layer 6
(93,111) (5,77) 
Layer 7
(92,109) (6,75) 
Layer 8
(91,106) (7,68) 
Layer 9
(90,103) (8,63) 
Layer 10
(89,97) (9,60) 
Layer 11
(88,95) (10,57) 
Layer 12
(87,90) (11,53) 
Layer 13
(86,85) (12,51) 
Layer 14
(85,83) (13,46) 
Layer 15
(84,80) (14,43) 
Layer 16
(83,75) (15,39) 
Layer 17
(82,73) (16,36) 
Layer 18
(81,70) (17,33) 
Layer 19
(80,68) (18,32) 
Layer 20
(79,67) (19,29) 
Layer 21
(78,64) (20,28) 
Layer 22
(77,61) (21,26) 
Layer 23
(76,58) (22,22) 
Layer 24
(75,55) (23,20) 
Layer 25
(74,52) (24,20) 
Layer 26
(73,49) (25,19) 
Layer 27
(72,45) (26,19) 
Layer 28
(71,41) (69,40) (27,17) 
Layer 29
(70,40) (68,39) (28,15) 
Layer 30
(67,35) (65,34) (30,15) (29,13) 
Layer 31
(66,34) (31,12) 
Layer 32
(64,31) (63,32) (32,10) 
Layer 33
(62,31) (33,10) 
Layer 34
(61,29) (35,11) (34,10) 
Layer 35
(60,27) (59,27) (36,11) 
Layer 36
(58,23) (40,13) (39,12) (37,9) 
Layer 37
(57,21) (41,13) (38,7) 
Layer 38
(56,18) (43,12) (42,11) 
Layer 39
(55,16) (46,12) (44,11) 
Layer 40
(54,13) (45,11) 
Layer 41
(53,9) (50,9) (47,9) 
Layer 42
(52,8) (49,8) (48,8) 
---------------------------------------------------------------------------------------
TD 0 :
(99,137) (98,137) (97,132) (96,124) (95,121) (94,115) (93,111) (92,109) (91,106) (90,103) (89,97) (88,95) (87,90) (86,85) (85,83) (84,80) (83,75) (82,73) (81,70) (80,68) (79,67) (78,64) (77,61) (76,58) (75,55) (74,52) (73,49) (72,45) (71,41) (70,40) (69,40) (68,39) (67,35) (66,34) (65,34) (64,31) (63,32) (62,31) (61,29) (60,27) (59,27) (58,23) (57,21) (56,18) (55,16) (54,13) (53,9) (52,8) (51,7) (50,9) (49,8) (48,8) (47,9) (46,12) (45,11) (44,11) (43,12) (42,11) (41,13) (40,13) (39,12) (38,7) (37,9) (36,11) (35,11) (34,10) (33,10) (32,10) (31,12) (30,15) (29,13) (28,15) (27,17) (26,19) (25,19) (24,20) (23,20) (22,22) (21,26) (20,28) (19,29) (18,32) (17,33) (16,36) (15,39) (14,43) (13,46) (12,51) (11,53) (10,57) (9,60) (8,63) (7,68) (6,75) (5,77) (4,80) (3,85) (2,90) (1,95) (0,99) 
TD 1 :
(99,137) (98,137) (0,99) (1,95) (2,90) (3,85) (4,80) (5,77) (6,75) (7,68) (8,63) (9,60) (10,57) (11,53) (12,51) (13,46) (14,43) (15,39) (16,36) (17,33) (18,32) (19,29) (20,28) (21,26) (22,22) (23,20) (24,20) (25,19) (26,19) (27,17) (28,15) (29,13) (30,15) (31,12) (32,10) (33,10) (34,10) (35,11) (36,11) (37,9) (38,7) (39,12) (40,13) (41,13) (42,11) (43,12) (44,11) (45,11) (46,12) (47,9) (48,8) (49,8) (50,9) (51,7) (52,8) (53,9) (54,13) (55,16) (56,18) (57,21) (58,23) (59,27) (60,27) (61,29) (62,31) (63,32) (64,31) (65,34) (66,34) (67,35) (68,39) (69,40) (70,40) (71,41) (72,45) (73,49) (74,52) (75,55) (76,58) (77,61) (78,64) (79,67) (80,68) (81,70) (82,73) (83,75) (84,80) (85,83) (86,85) (87,90) (88,95) (89,97) (90,103) (91,106) (92,109) (93,111) (94,115) (95,121) (96,124) (97,132) 
(99,137) (98,137) (0,99) 
TD 2 :
(99,137) (98,137) (0,99) (97,132) (1,95) (2,90) (3,85) (4,80) (5,77) (6,75) (7,68) (8,63) (9,60) (10,57) (11,53) (12,51) (13,46) (14,43) (15,39) (16,36) (17,33) (18,32) (19,29) (20,28) (21,26) (22,22) (23,20) (24,20) (25,19) (26,19) (27,17) (28,15) (29,13) (30,15) (31,12) (32,10) (33,10) (34,10) (35,11) (36,11) (37,9) (38,7) (39,12) (40,13) (41,13) (42,11) (43,12) (44,11) (45,11) (46,12) (47,9) (48,8) (49,8) (50,9) (51,7) (52,8) (53,9) (54,13) (55,16) (56,18) (57,21) (58,23) (59,27) (60,27) (61,29) (62,31) (63,32) (64,31) (65,34) (66,34) (67,35) (68,39) (69,40) (70,40) (71,41) (72,45) (73,49) (74,52) (75,55) (76,58) (77,61) (78,64) (79,67) (80,68) (81,70) (82,73) (83,75) (84,80) (85,83) (86,85) (87,90) (88,95) (89,97) (90,103) (91,106) (92,109) (93,111) (94,115) (95,121) (96,124) 
TD 3 :
(99,137) (98,137) (0,99) (97,132) (1,95) (96,124) (2,90) (3,85) (4,80) (5,77) (6,75) (7,68) (8,63) (9,60) (10,57) (11,53) (12,51) (13,46) (14,43) (15,39) (16,36) (17,33) (18,32) (19,29) (20,28) (21,26) (22,22) (23,20) (24,20) (25,19) (26,19) (27,17) (28,15) (29,13) (30,15) (31,12) (32,10) (33,10) (34,10) (35,11) (36,11) (37,9) (38,7) (39,12) (40,13) (41,13) (42,11) (43,12) (44,11) (45,11) (46,12) (47,9) (48,8) (49,8) (50,9) (51,7) (52,8) (53,9) (54,13) (55,16) (56,18) (57,21) (58,23) (59,27) (60,27) (61,29) (62,31) (63,32) (64,31) (65,34) (66,34) (67,35) (68,39) (69,40) (70,40) (71,41) (72,45) (73,49) (74,52) (75,55) (76,58) (77,61) (78,64) (79,67) (80,68) (81,70) (82,73) (83,75) (84,80) (85,83) (86,85) (87,90) (88,95) (89,97) (90,103) (91,106) (92,109) (93,111) (94,115) (95,121) 
TD 4 :
(99,137) (98,137) (0,99) (97,132) (1,95) (96,124) (2,90) (95,121) (3,85) (4,80) (5,77) (6,75) (7,68) (8,63) (9,60) (10,57) (11,53) (12,51) (13,46) (14,43) (15,39) (16,36) (17,33) (18,32) (19,29) (20,28) (21,26) (22,22) (23,20) (24,20) (25,19) (26,19) (27,17) (28,15) (29,13) (30,15) (31,12) (32,10) (33,10) (34,10) (35,11) (36,11) (37,9) (38,7) (39,12) (40,13) (41,13) (42,11) (43,12) (44,11) (45,11) (46,12) (47,9) (48,8) (49,8) (50,9) (51,7) (52,8) (53,9) (54,13) (55,16) (56,18) (57,21) (58,23) (59,27) (60,27) (61,29) (62,31) (63,32) (64,31) (65,34) (66,34) (67,35) (68,39) (69,40) (70,40) (71,41) (72,45) (73,49) (74,52) (75,55) (76,58) (77,61) (78,64) (79,67) (80,68) (81,70) (82,73) (83,75) (84,80) (85,83) (86,85) (87,90) (88,95) (89,97) (90,103) (91,106) (92,109) (93,111) (94,115) 
TD 5 :
(99,137) (98,137) (0,99) (97,132) (1,95) (96,124) (2,90) (95,121) (3,85) (94,115) (4,80) (5,77) (6,75) (7,68) (8,63) (9,60) (10,57) (11,53) (12,51) (13,46) (14,43) (15,39) (16,36) (17,33) (18,32) (19,29) (20,28) (21,26) (22,22) (23,20) (24,20) (25,19) (26,19) (27,17) (28,15) (29,13) (30,15) (31,12) (32,10) (33,10) (34,10) (35,11) (36,11) (37,9) (38,7) (39,12) (40,13) (41,13) (42,11) (43,12) (44,11) (45,11) (46,12) (47,9) (48,8) (49,8) (50,9) (51,7) (52,8) (53,9) (54,13) (55,16) (56,18) (57,21) (58,23) (59,27) (60,27) (61,29) (62,31) (63,32) (64,31) (65,34) (66,34) (67,35) (68,39) (69,40) (70,40) (71,41) (72,45) (73,49) (74,52) (75,55) (76,58) (77,61) (78,64) (79,67) (80,68) (81,70) (82,73) (83,75) (84,80) (85,83) (86,85) (87,90) (88,95) (89,97) (90,103) (91,106) (92,109) (93,111) 
TD 6 :
(99,137) (98,137) (0,99) (97,132) (1,95) (96,124) (2,90) (95,121) (3,85) (94,115) (4,80) (93,111) (5,77) (6,75) (7,68) (8,63) (9,60) (10,57) (11,53) (12,51) (13,46) (14,43) (15,39) (16,36) (17,33) (18,32) (19,29) (20,28) (21,26) (22,22) (23,20) (24,20) (25,19) (26,19) (27,17) (28,15) (29,13) (30,15) (31,12) (32,10) (33,10) (34,10) (35,11) (36,11) (37,9) (38,7) (39,12) (40,13) (41,13) (42,11) (43,12) (44,11) (45,11) (46,12) (47,9) (48,8) (49,8) (50,9) (51,7) (52,8) (53,9) (54,13) (55,16) (56,18) (57,21) (58,23) (59,27) (60,27) (61,29) (62,31) (63,32) (64,31) (65,34) (66,34) (67,35) (68,39) (69,40) (70,40) (71,41) (72,45) (73,49) (74,52) (75,55) (76,58) (77,61) (78,64) (79,67) (80,68) (81,70) (82,73) (83,75) (84,80) (85,83) (86,85) (87,90) (88,95) (89,97) (90,103) (91,106) (92,109) 
TD 7 :
(99,137) (98,137) (0,99) (97,132) (1,95) (96,124) (2,90) (95,121) (3,85) (94,115) (4,80) (93,111) (5,77) (92,109) (6,75) (7,68) (8,63) (9,60) (10,57) (11,53) (12,51) (13,46) (14,43) (15,39) (16,36) (17,33) (18,32) (19,29) (20,28) (21,26) (22,22) (23,20) (24,20) (25,19) (26,19) (27,17) (28,15) (29,13) (30,15) (31,12) (32,10) (33,10) (34,10) (35,11) (36,11) (37,9) (38,7) (39,12) (40,13) (41,13) (42,11) (43,12) (44,11) (45,11) (46,12) (47,9) (48,8) (49,8) (50,9) (51,7) (52,8) (53,9) (54,13) (55,16) (56,18) (57,21) (58,23) (59,27) (60,27) (61,29) (62,31) (63,32) (64,31) (65,34) (66,34) (67,35) (68,39) (69,40) (70,40) (71,41) (72,45) (73,49) (74,52) (75,55) (76,58) (77,61) (78,64) (79,67) (80,68) (81,70) (82,73) (83,75) (84,80) (85,83) (86,85) (87,90) (88,95) (89,97) (90,103) (91,106) 
TD 8 :
(99,137) (98,137) (0,99) (97,132) (1,95) (96,124) (2,90) (95,121) (3,85) (94,115) (4,80) (93,111) (5,77) (92,109) (6,75) (91,106) (7,68) (8,63) (9,60) (10,57) (11,53) (12,51) (13,46) (14,43) (15,39) (16,36) (17,33) (18,32) (19,29) (20,28) (21,26) (22,22) (23,20) (24,20) (25,19) (26,19) (27,17) (28,15) (29,13) (30,15) (31,12) (32,10) (33,10) (34,10) (35,11) (36,11) (37,9) (38,7) (39,12) (40,13) (41,13) (42,11) (43,12) (44,11) (45,11) (46,12) (47,9) (48,8) (49,8) (50,9) (51,7) (52,8) (53,9) (54,13) (55,16) (56,18) (57,21) (58,23) (59,27) (60,27) (61,29) (62,31) (63,32) (64,31) (65,34) (66,34) (67,35) (68,39) (69,40) (70,40) (71,41) (72,45) (73,49) (74,52) (75,55) (76,58) (77,61) (78,64) (79,67) (80,68) (81,70) (82,73) (83,75) (84,80) (85,83) (86,85) (87,90) (88,95) (89,97) (90,103) 
TD 9 :
(99,137) (98,137) (0,99) (97,132) (1,95) (96,124) (2,90) (95,121) (3,85) (94,115) (4,80) (93,111) (5,77) (92,109) (6,75) (91,106) (7,68) (90,103) (8,63) (9,60) (10,57) (11,53) (12,51) (13,46) (14,43) (15,39) (16,36) (17,33) (18,32) (19,29) (20,28) (21,26) (22,22) (23,20) (24,20) (25,19) (26,19) (27,17) (28,15) (29,13) (30,15) (31,12) (32,10) (33,10) (34,10) (35,11) (36,11) (37,9) (38,7) (39,12) (40,13) (41,13) (42,11) (43,12) (44,11) (45,11) (46,12) (47,9) (48,8) (49,8) (50,9) (51,7) (52,8) (53,9) (54,13) (55,16) (56,18) (57,21) (58,23) (59,27) (60,27) (61,29) (62,31) (63,32) (64,31) (65,34) (66,34) (67,35) (68,39) (69,40) (70,40) (71,41) (72,45) (73,49) (74,52) (75,55) (76,58) (77,61) (78,64) (79,67) (80,68) (81,70) (82,73) (83,75) (84,80) (85,83) (86,85) (87,90) (88,95) (89,97) 
TD 10 :
(99,137) (98,137) (0,99) (97,132) (1,95) (96,124) (2,90) (95,121) (3,85) (94,115) (4,80) (93,111) (5,77) (92,109) (6,75) (91,106) (7,68) (90,103) (8,63) (89,97) (9,60) (10,57) (11,53) (12,51) (13,46) (14,43) (15,39) (16,36) (17,33) (18,32) (19,29) (20,28) (21,26) (22,22) (23,20) (24,20) (25,19) (26,19) (27,17) (28,15) (29,13) (30,15) (31,12) (32,10) (33,10) (34,10) (35,11) (36,11) (37,9) (38,7) (39,12) (40,13) (41,13) (42,11) (43,12) (44,11) (45,11) (46,12) (47,9) (48,8) (49,8) (50,9) (51,7) (52,8) (53,9) (54,13) (55,16) (56,18) (57,21) (58,23) (59,27) (60,27) (61,29) (62,31) (63,32) (64,31) (65,34) (66,34) (67,35) (68,39) (69,40) (70,40) (71,41) (72,45) (73,49) (74,52) (75,55) (76,58) (77,61) (78,64) (79,67) (80,68) (81,70) (82,73) (83,75) (84,80) (85,83) (86,85) (87,90) (88,95) 
TD 11 :
(99,137) (98,137) (0,99) (97,132) (1,95) (96,124) (2,90) (95,121) (3,85) (94,115) (4,80) (93,111) (5,77) (92,109) (6,75) (91,106) (7,68) (90,103) (8,63) (89,97) (9,60) (88,95) (10,57) (11,53) (12,51) (13,46) (14,43) (15,39) (16,36) (17,33) (18,32) (19,29) (20,28) (21,26) (22,22) (23,20) (24,20) (25,19) (26,19) (27,17) (28,15) (29,13) (30,15) (31,12) (32,10) (33,10) (34,10) (35,11) (36,11) (37,9) (38,7) (39,12) (40,13) (41,13) (42,11) (43,12) (44,11) (45,11) (46,12) (47,9) (48,8) (49,8) (50,9) (51,7) (52,8) (53,9) (54,13) (55,16) (56,18) (57,21) (58,23) (59,27) (60,27) (61,29) (62,31) (63,32) (64,31) (65,34) (66,34) (67,35) (68,39) (69,40) (70,40) (71,41) (72,45) (73,49) (74,52) (75,55) (76,58) (77,61) (78,64) (79,67) (80,68) (81,70) (82,73) (83,75) (84,80) (85,83) (86,85) (87,90) 
TD 12 :
(99,137) (98,137) (0,99) (97,132) (1,95) (96,124) (2,90) (95,121) (3,85) (94,115) (4,80) (93,111) (5,77) (92,109) (6,75) (91,106) (7,68) (90,103) (8,63) (89,97) (9,60) (88,95) (10,57) (87,90) (11,53) (12,51) (13,46) (14,43) (15,39) (16,36) (17,33) (18,32) (19,29) (20,28) (21,26) (22,22) (23,20) (24,20) (25,19) (26,19) (27,17) (28,15) (29,13) (30,15) (31,12) (32,10) (33,10) (34,10) (35,11) (36,11) (37,9) (38,7) (39,12) (40,13) (41,13) (42,11) (43,12) (44,11) (45,11) (46,12) (47,9) (48,8) (49,8) (50,9) (51,7) (52,8) (53,9) (54,13) (55,16) (56,18) (57,21) (58,23) (59,27) (60,27) (61,29) (62,31) (63,32) (64,31) (65,34) (66,34) (67,35) (68,39) (69,40) (70,40) (71,41) (72,45) (73,49) (74,52) (75,55) (76,58) (77,61) (78,64) (79,67) (80,68) (81,70) (82,73) (83,75) (84,80) (85,83) (86,85) 
TD 13 :
(99,137) (98,137) (0,99) (97,132) (1,95) (96,124) (2,90) (95,121) (3,85) (94,115) (4,80) (93,111) (5,77) (92,109) (6,75) (91,106) (7,68) (90,103) (8,63) (89,97) (9,60) (88,95) (10,57) (87,90) (11,53) (86,85) (12,51) (13,46) (14,43) (15,39) (16,36) (17,33) (18,32) (19,29) (20,28) (21,26) (22,22) (23,20) (24,20) (25,19) (26,19) (27,17) (28,15) (29,13) (30,15) (31,12) (32,10) (33,10) (34,10) (35,11) (36,11) (37,9) (38,7) (39,12) (40,13) (41,13) (42,11) (43,12) (44,11) (45,11) (46,12) (47,9) (48,8) (49,8) (50,9) (51,7) (52,8) (53,9) (54,13) (55,16) (56,18) (57,21) (58,23) (59,27) (60,27) (61,29) (62,31) (63,32) (64,31) (65,34) (66,34) (67,35) (68,39) (69,40) (70,40) (71,41) (72,45) (73,49) (74,52) (75,55) (76,58) (77,61) (78,64) (79,67) (80,68) (81,70) (82,73) (83,75) (84,80) (85,83) 
TD 14 :
(99,137) (98,137) (0,99) (97,132) (1,95) (96,124) (2,90) (95,121) (3,85) (94,115) (4,80) (93,111) (5,77) (92,109) (6,75) (91,106) (7,68) (90,103) (8,63) (89,97) (9,60) (88,95) (10,57) (87,90) (11,53) (86,85) (12,51) (85,83) (13,46) (14,43) (15,39) (16,36) (17,33) (18,32) (19,29) (20,28) (21,26) (22,22) (23,20) (24,20) (25,19) (26,19) (27,17) (28,15) (29,13) (30,15) (31,12) (32,10) (33,10) (34,10) (35,11) (36,11) (37,9) (38,7) (39,12) (40,13) (41,13) (42,11) (43,12) (44,11) (45,11) (46,12) (47,9) (48,8) (49,8) (50,9) (51,7) (52,8) (53,9) (54,13) (55,16) (56,18) (57,21) (58,23) (59,27) (60,27) (61,29) (62,31) (63,32) (64,31) (65,34) (66,34) (67,35) (68,39) (69,40) (70,40) (71,41) (72,45) (73,49) (74,52) (75,55) (76,58) (77,61) (78,64) (79,67) (80,68) (81,70) (82,73) (83,75) (84,80) 
TD 15 :
(99,137) (98,137) (0,99) (97,132) (1,95) (96,124) (2,90) (95,121) (3,85) (94,115) (4,80) (93,111) (5,77) (92,109) (6,75) (91,106) (7,68) (90,103) (8,63) (89,97) (9,60) (88,95) (10,57) (87,90) (11,53) (86,85) (12,51) (85,83) (13,46) (84,80) (14,43) (15,39) (16,36) (17,33) (18,32) (19,29) (20,28) (21,26) (22,22) (23,20) (24,20) (25,19) (26,19) (27,17) (28,15) (29,13) (30,15) (31,12) (32,10) (33,10) (34,10) (35,11) (36,11) (37,9) (38,7) (39,12) (40,13) (41,13) (42,11) (43,12) (44,11) (45,11) (46,12) (47,9) (48,8) (49,8) (50,9) (51,7) (52,8) (53,9) (54,13) (55,16) (56,18) (57,21) (58,23) (59,27) (60,27) (61,29) (62,31) (63,32) (64,31) (65,34) (66,34) (67,35) (68,39) (69,40) (70,40) (71,41) (72,45) (73,49) (74,52) (75,55) (76,58) (77,61) (78,64) (79,67) (80,68) (81,70) (82,73) (83,75) 
TD 16 :
(99,137) (98,137) (0,99) (97,132) (1,95) (96,124) (2,90) (95,121) (3,85) (94,115) (4,80) (93,111) (5,77) (92,109) (6,75) (91,106) (7,68) (90,103) (8,63) (89,97) (9,60) (88,95) (10,57) (87,90) (11,53) (86,85) (12,51) (85,83) (13,46) (84,80) (14,43) (83,75) (15,39) (16,36) (17,33) (18,32) (19,29) (20,28) (21,26) (22,22) (23,20) (24,20) (25,19) (26,19) (27,17) (28,15) (29,13) (30,15) (31,12) (32,10) (33,10) (34,10) (35,11) (36,11) (37,9) (38,7) (39,12) (40,13) (41,13) (42,11) (43,12) (44,11) (45,11) (46,12) (47,9) (48,8) (49,8) (50,9) (51,7) (52,8) (53,9) (54,13) (55,16) (56,18) (57,21) (58,23) (59,27) (60,27) (61,29) (62,31) (63,32) (64,31) (65,34) (66,34) (67,35) (68,39) (69,40) (70,40) (71,41) (72,45) (73,49) (74,52) (75,55) (76,58) (77,61) (78,64) (79,67) (80,68) (81,70) (82,73) 
TD 17 :
(99,137) (98,137) (0,99) (97,132) (1,95) (96,124) (2,90) (95,121) (3,85) (94,115) (4,80) (93,111) (5,77) (92,109) (6,75) (91,106) (7,68) (90,103) (8,63) (89,97) (9,60) (88,95) (10,57) (87,90) (11,53) (86,85) (12,51) (85,83) (13,46) (84,80) (14,43) (83,75) (15,39) (82,73) (16,36) (17,33) (18,32) (19,29) (20,28) (21,26) (22,22) (23,20) (24,20) (25,19) (26,19) (27,17) (28,15) (29,13) (30,15) (31,12) (32,10) (33,10) (34,10) (35,11) (36,11) (37,9) (38,7) (39,12) (40,13) (41,13) (42,11) (43,12) (44,11) (45,11) (46,12) (47,9) (48,8) (49,8) (50,9) (51,7) (52,8) (53,9) (54,13) (55,16) (56,18) (57,21) (58,23) (59,27) (60,27) (61,29) (62,31) (63,32) (64,31) (65,34) (66,34) (67,35) (68,39) (69,40) (70,40) (71,41) (72,45) (73,49) (74,52) (75,55) (76,58) (77,61) (78,64) (79,67) (80,68) (81,70) 
TD 18 :
(99,137) (98,137) (0,99) (97,132) (1,95) (96,124) (2,90) (95,121) (3,85) (94,115) (4,80) (93,111) (5,77) (92,109) (6,75) (91,106) (7,68) (90,103) (8,63) (89,97) (9,60) (88,95) (10,57) (87,90) (11,53) (86,85) (12,51) (85,83) (13,46) (84,80) (14,43) (83,75) (15,39) (82,73) (16,36) (81,70) (17,33) (18,32) (19,29) (20,28) (21,26) (22,22) (23,20) (24,20) (25,19) (26,19) (27,17) (28,15) (29,13) (30,15) (31,12) (32,10) (33,10) (34,10) (35,11) (36,11) (37,9) (38,7) (39,12) (40,13) (41,13) (42,11) (43,12) (44,11) (45,11) (46,12) (47,9) (48,8) (49,8) (50,9) (51,7) (52,8) (53,9) (54,13) (55,16) (56,18) (57,21) (58,23) (59,27) (60,27) (61,29) (62,31) (63,32) (64,31) (65,34) (66,34) (67,35) (68,39) (69,40) (70,40) (71,41) (72,45) (73,49) (74,52) (75,55) (76,58) (77,61) (78,64) (79,67) (80,68) 
TD 19 :
(99,137) (98,137) (0,99) (97,132) (1,95) (96,124) (2,90) (95,121) (3,85) (94,115) (4,80) (93,111) (5,77) (92,109) (6,75) (91,106) (7,68) (90,103) (8,63) (89,97) (9,60) (88,95) (10,57) (87,90) (11,53) (86,85) (12,51) (85,83) (13,46) (84,80) (14,43) (83,75) (15,39) (82,73) (16,36) (81,70) (17,33) (80,68) (18,32) (19,29) (20,28) (21,26) (22,22) (23,20) (24,20) (25,19) (26,19) (27,17) (28,15) (29,13) (30,15) (31,12) (32,10) (33,10) (34,10) (35,11) (36,11) (37,9) (38,7) (39,12) (40,13) (41,13) (42,11) (43,12) (44,11) (45,11) (46,12) (47,9) (48,8) (49,8) (50,9) (51,7) (52,8) (53,9) (54,13) (55,16) (56,18) (57,21) (58,23) (59,27) (60,27) (61,29) (62,31) (63,32) (64,31) (65,34) (66,34) (67,35) (68,39) (69,40) (70,40) (71,41) (72,45) (73,49) (74,52) (75,55) (76,58) (77,61) (78,64) (79,67) 
TD 20 :
(99,137) (98,137) (0,99) (97,132) (1,95) (96,124) (2,90) (95,121) (3,85) (94,115) (4,80) (93,111) (5,77) (92,109) (6,75) (91,106) (7,68) (90,103) (8,63) (89,97) (9,60) (88,95) (10,57) (87,90) (11,53) (86,85) (12,51) (85,83) (13,46) (84,80) (14,43) (83,75) (15,39) (82,73) (16,36) (81,70) (17,33) (80,68) (18,32) (79,67) (19,29) (20,28) (21,26) (22,22) (23,20) (24,20) (25,19) (26,19) (27,17) (28,15) (29,13) (30,15) (31,12) (32,10) (33,10) (34,10) (35,11) (36,11) (37,9) (38,7) (39,12) (40,13) (41,13) (42,11) (43,12) (44,11) (45,11) (46,12) (47,9) (48,8) (49,8) (50,9) (51,7) (52,8) (53,9) (54,13) (55,16) (56,18) (57,21) (58,23) (59,27) (60,27) (61,29) (62,31) (63,32) (64,31) (65,34) (66,34) (67,35) (68,39) (69,40) (70,40) (71,41) (72,45) (73,49) (74,52) (75,55) (76,58) (77,61) (78,64) 
TD 21 :
(99,137) (98,137) (0,99) (97,132) (1,95) (96,124) (2,90) (95,121) (3,85) (94,115) (4,80) (93,111) (5,77) (92,109) (6,75) (91,106) (7,68) (90,103) (8,63) (89,97) (9,60) (88,95) (10,57) (87,90) (11,53) (86,85) (12,51) (85,83) (13,46) (84,80) (14,43) (83,75) (15,39) (82,73) (16,36) (81,70) (17,33) (80,68) (18,32) (79,67) (19,29) (78,64) (20,28) (21,26) (22,22) (23,20) (24,20) (25,19) (26,19) (27,17) (28,15) (29,13) (30,15) (31,12) (32,10) (33,10) (34,10) (35,11) (36,11) (37,9) (38,7) (39,12) (40,13) (41,13) (42,11) (43,12) (44,11) (45,11) (46,12) (47,9) (48,8) (49,8) (50,9) (51,7) (52,8) (53,9) (54,13) (55,16) (56,18) (57,21) (58,23) (59,27) (60,27) (61,29) (62,31) (63,32) (64,31) (65,34) (66,34) (67,35) (68,39) (69,40) (70,40) (71,41) (72,45) (73,49) (74,52) (75,55) (76,58) (77,61) 
TD 22 :
(99,137) (98,137) (0,99) (97,132) (1,95) (96,124) (2,90) (95,121) (3,85) (94,115) (4,80) (93,111) (5,77) (92,109) (6,75) (91,106) (7,68) (90,103) (8,63) (89,97) (9,60) (88,95) (10,57) (87,90) (11,53) (86,85) (12,51) (85,83) (13,46) (84,80) (14,43) (83,75) (15,39) (82,73) (16,36) (81,70) (17,33) (80,68) (18,32) (79,67) (19,29) (78,64) (20,28) (77,61) (21,26) (22,22) (23,20) (24,20) (25,19) (26,19) (27,17) (28,15) (29,13) (30,15) (31,12) (32,10) (33,10) (34,10) (35,11) (36,11) (37,9) (38,7) (39,12) (40,13) (41,13) (42,11) (43,12) (44,11) (45,11) (46,12) (47,9) (48,8) (49,8) (50,9) (51,7) (52,8) (53,9) (54,13) (55,16) (56,18) (57,21) (58,23) (59,27) (60,27) (61,29) (62,31) (63,32) (64,31) (65,34) (66,34) (67,35) (68,39) (69,40) (70,40) (71,41) (72,45) (73,49) (74,52) (75,55) (76,58) 
TD 23 :
(99,137) (98,137) (0,99) (97,132) (1,95) (96,124) (2,90) (95,121) (3,85) (94,115) (4,80) (93,111) (5,77) (92,109) (6,75) (91,106) (7,68) (90,103) (8,63) (89,97) (9,60) (88,95) (10,57) (87,90) (11,53) (86,85) (12,51) (85,83) (13,46) (84,80) (14,43) (83,75) (15,39) (82,73) (16,36) (81,70) (17,33) (80,68) (18,32) (79,67) (19,29) (78,64) (20,28) (77,61) (21,26) (76,58) (22,22) (23,20) (24,20) (25,19) (26,19) (27,17) (28,15) (29,13) (30,15) (31,12) (32,10) (33,10) (34,10) (35,11) (36,11) (37,9) (38,7) (39,12) (40,13) (41,13) (42,11) (43,12) (44,11) (45,11) (46,12) (47,9) (48,8) (49,8) (50,9) (51,7) (52,8) (53,9) (54,13) (55,16) (56,18) (57,21) (58,23) (59,27) (60,27) (61,29) (62,31) (63,32) (64,31) (65,34) (66,34) (67,35) (68,39) (69,40) (70,40) (71,41) (72,45) (73,49) (74,52) (75,55) 
TD 24 :
(99,137) (98,137) (0,99) (97,132) (1,95) (96,124) (2,90) (95,121) (3,85) (94,115) (4,80) (93,111) (5,77) (92,109) (6,75) (91,106) (7,68) (90,103) (8,63) (89,97) (9,60) (88,95) (10,57) (87,90) (11,53) (86,85) (12,51) (85,83) (13,46) (84,80) (14,43) (83,75) (15,39) (82,73) (16,36) (81,70) (17,33) (80,68) (18,32) (79,67) (19,29) (78,64) (20,28) (77,61) (21,26) (76,58) (22,22) (75,55) (23,20) (24,20) (25,19) (26,19) (27,17) (28,15) (29,13) (30,15) (31,12) (32,10) (33,10) (34,10) (35,11) (36,11) (37,9) (38,7) (39,12) (40,13) (41,13) (42,11) (43,12) (44,11) (45,11) (46,12) (47,9) (48,8) (49,8) (50,9) (51,7) (52,8) (53,9) (54,13) (55,16) (56,18) (57,21) (58,23) (59,27) (60,27) (61,29) (62,31) (63,32) (64,31) (65,34) (66,34) (67,35) (68,39) (69,40) (70,40) (71,41) (72,45) (73,49) (74,52) 
TD 25 :
(99,137) (98,137) (0,99) (97,132) (1,95) (96,124) (2,90) (95,121) (3,85) (94,115) (4,80) (93,111) (5,77) (92,109) (6,75) (91,106) (7,68) (90,103) (8,63) (89,97) (9,60) (88,95) (10,57) (87,90) (11,53) (86,85) (12,51) (85,83) (13,46) (84,80) (14,43) (83,75) (15,39) (82,73) (16,36) (81,70) (17,33) (80,68) (18,32) (79,67) (19,29) (78,64) (20,28) (77,61) (21,26) (76,58) (22,22) (75,55) (23,20) (74,52) (24,20) (25,19) (26,19) (27,17) (28,15) (29,13) (30,15) (31,12) (32,10) (33,10) (34,10) (35,11) (36,11) (37,9) (38,7) (39,12) (40,13) (41,13) (42,11) (43,12) (44,11) (45,11) (46,12) (47,9) (48,8) (49,8) (50,9) (51,7) (52,8) (53,9) (54,13) (55,16) (56,18) (57,21) (58,23) (59,27) (60,27) (61,29) (62,31) (63,32) (64,31) (65,34) (66,34) (67,35) (68,39) (69,40) (70,40) (71,41) (72,45) (73,49) 
TD 26 :
(99,137) (98,137) (0,99) (97,132) (1,95) (96,124) (2,90) (95,121) (3,85) (94,115) (4,80) (93,111) (5,77) (92,109) (6,75) (91,106) (7,68) (90,103) (8,63) (89,97) (9,60) (88,95) (10,57) (87,90) (11,53) (86,85) (12,51) (85,83) (13,46) (84,80) (14,43) (83,75) (15,39) (82,73) (16,36) (81,70) (17,33) (80,68) (18,32) (79,67) (19,29) (78,64) (20,28) (77,61) (21,26) (76,58) (22,22) (75,55) (23,20) (74,52) (24,20) (73,49) (25,19) (26,19) (27,17) (28,15) (29,13) (30,15) (31,12) (32,10) (33,10) (34,10) (35,11) (36,11) (37,9) (38,7) (39,12) (40,13) (41,13) (42,11) (43,12) (44,11) (45,11) (46,12) (47,9) (48,8) (49,8) (50,9) (51,7) (52,8) (53,9) (54,13) (55,16) (56,18) (57,21) (58,23) (59,27) (60,27) (61,29) (62,31) (63,32) (64,31) (65,34) (66,34) (67,35) (68,39) (69,40) (70,40) (71,41) (72,45) 
TD 27 :
(99,137) (98,137) (0,99) (97,132) (1,95) (96,124) (2,90) (95,121) (3,85) (94,115) (4,80) (93,111) (5,77) (92,109) (6,75) (91,106) (7,68) (90,103) (8,63) (89,97) (9,60) (88,95) (10,57) (87,90) (11,53) (86,85) (12,51) (85,83) (13,46) (84,80) (14,43) (83,75) (15,39) (82,73) (16,36) (81,70) (17,33) (80,68) (18,32) (79,67) (19,29) (78,64) (20,28) (77,61) (21,26) (76,58) (22,22) (75,55) (23,20) (74,52) (24,20) (73,49) (25,19) (72,45) (26,19) (27,17) (28,15) (29,13) (30,15) (31,12) (32,10) (33,10) (34,10) (35,11) (36,11) (37,9) (38,7) (39,12) (40,13) (41,13) (42,11) (43,12) (44,11) (45,11) (46,12) (47,9) (48,8) (49,8) (50,9) (51,7) (52,8) (53,9) (54,13) (55,16) (56,18) (57,21) (58,23) (59,27) (60,27) (61,29) (62,31) (63,32) (64,31) (65,34) (66,34) (67,35) (68,39) (69,40) (70,40) (71,41) 
TD 28 :
(99,137) (98,137) (0,99) (97,132) (1,95) (96,124) (2,90) (95,121) (3,85) (94,115) (4,80) (93,111) (5,77) (92,109) (6,75) (91,106) (7,68) (90,103) (8,63) (89,97) (9,60) (88,95) (10,57) (87,90) (11,53) (86,85) (12,51) (85,83) (13,46) (84,80) (14,43) (83,75) (15,39) (82,73) (16,36) (81,70) (17,33) (80,68) (18,32) (79,67) (19,29) (78,64) (20,28) (77,61) (21,26) (76,58) (22,22) (75,55) (23,20) (74,52) (24,20) (73,49) (25,19) (72,45) (26,19) (71,41) (69,40) (27,17) (28,15) (29,13) (30,15) (31,12) (32,10) (33,10) (34,10) (35,11) (36,11) (37,9) (38,7) (39,12) (40,13) (41,13) (42,11) (43,12) (44,11) (45,11) (46,12) (47,9) (48,8) (49,8) (50,9) (51,7) (52,8) (53,9) (54,13) (55,16) (56,18) (57,21) (58,23) (59,27) (60,27) (61,29) (62,31) (63,32) (64,31) (65,34) (66,34) (67,35) (68,39) 
(99,137) (98,137) (0,99) (97,132) (1,95) (96,124) (2,90) (95,121) (3,85) (94,115) (4,80) (93,111) (5,77) (92,109) (6,75) (91,106) (7,68) (90,103) (8,63) (89,97) (9,60) (88,95) (10,57) (87,90) (11,53) (86,85) (12,51) (85,83) (13,46) (84,80) (14,43) (83,75) (15,39) (82,73) (16,36) (81,70) (17,33) (80,68) (18,32) (79,67) (19,29) (78,64) (20,28) (77,61) (21,26) (76,58) (22,22) (75,55) (23,20) (74,52) (24,20) (73,49) (25,19) (72,45) (26,19) (71,41) (69,40) (27,17) (70,40) 
TD 29 :
(99,137) (98,137) (0,99) (97,132) (1,95) (96,124) (2,90) (95,121) (3,85) (94,115) (4,80) (93,111) (5,77) (92,109) (6,75) (91,106) (7,68) (90,103) (8,63) (89,97) (9,60) (88,95) (10,57) (87,90) (11,53) (86,85) (12,51) (85,83) (13,46) (84,80) (14,43) (83,75) (15,39) (82,73) (16,36) (81,70) (17,33) (80,68) (18,32) (79,67) (19,29) (78,64) (20,28) (77,61) (21,26) (76,58) (22,22) (75,55) (23,20) (74,52) (24,20) (73,49) (25,19) (72,45) (26,19) (71,41) (69,40) (27,17) (68,39) (28,15) (29,13) (30,15) (31,12) (32,10) (33,10) (34,10) (35,11) (36,11) (37,9) (38,7) (39,12) (40,13) (41,13) (42,11) (43,12) (44,11) (45,11) (46,12) (47,9) (48,8) (49,8) (50,9) (51,7) (52,8) (53,9) (54,13) (55,16) (56,18) (57,21) (58,23) (59,27) (60,27) (61,29) (62,31) (63,32) (64,31) (65,34) (66,34) (67,35) 
(99,137) (98,137) (0,99) (97,132) (1,95) (96,124) (2,90) (95,121) (3,85) (94,115) (4,80) (93,111) (5,77) (92,109) (6,75) (91,106) (7,68) (90,103) (8,63) (89,97) (9,60) (88,95) (10,57) (87,90) (11,53) (86,85) (12,51) (85,83) (13,46) (84,80) (14,43) (83,75) (15,39) (82,73) (16,36) (81,70) (17,33) (80,68) (18,32) (79,67) (19,29) (78,64) (20,28) (77,61) (21,26) (76,58) (22,22) (75,55) (23,20) (74,52) (24,20) (73,49) (25,19) (72,45) (26,19) (71,41) (69,40) (27,17) (68,39) (28,15) 
(99,137) (98,137) (0,99) (97,132) (1,95) (96,124) (2,90) (95,121) (3,85) (94,115) (4,80) (93,111) (5,77) (92,109) (6,75) (91,106) (7,68) (90,103) (8,63) (89,97) (9,60) (88,95) (10,57) (87,90) (11,53) (86,85) (12,51) (85,83) (13,46) (84,80) (14,43) (83,75) (15,39) (82,73) (16,36) (81,70) (17,33) (80,68) (18,32) (79,67) (19,29) (78,64) (20,28) (77,61) (21,26) (76,58) (22,22) (75,55) (23,20) (74,52) (24,20) (73,49) (25,19) (72,45) (26,19) (71,41) (69,40) (27,17) (70,40) 
TD 30 :
(99,137) (98,137) (0,99) (97,132) (1,95) (96,124) (2,90) (95,121) (3,85) (94,115) (4,80) (93,111) (5,77) (92,109) (6,75) (91,106) (7,68) (90,103) (8,63) (89,97) (9,60) (88,95) (10,57) (87,90) (11,53) (86,85) (12,51) (85,83) (13,46) (84,80) (14,43) (83,75) (15,39) (82,73) (16,36) (81,70) (17,33) (80,68) (18,32) (79,67) (19,29) (78,64) (20,28) (77,61) (21,26) (76,58) (22,22) (75,55) (23,20) (74,52) (24,20) (73,49) (25,19) (72,45) (26,19) (71,41) (69,40) (27,17) (68,39) (28,15) (67,35) (65,34) (30,15) (29,13) 
(99,137) (98,137) (0,99) (97,132) (1,95) (96,124) (2,90) (95,121) (3,85) (94,115) (4,80) (93,111) (5,77) (92,109) (6,75) (91,106) (7,68) (90,103) (8,63) (89,97) (9,60) (88,95) (10,57) (87,90) (11,53) (86,85) (12,51) (85,83) (13,46) (84,80) (14,43) (83,75) (15,39) (82,73) (16,36) (81,70) (17,33) (80,68) (18,32) (79,67) (19,29) (78,64) (20,28) (77,61) (21,26) (76,58) (22,22) (75,55) (23,20) (74,52) (24,20) (73,49) (25,19) (72,45) (26,19) (71,41) (69,40) (27,17) (68,39) (28,15) (67,35) (65,34) (30,15) (29,13) (31,12) (32,10) (33,10) (34,10) (35,11) (36,11) (37,9) (38,7) (39,12) (40,13) (41,13) (42,11) (43,12) (44,11) (45,11) (46,12) (47,9) (48,8) (49,8) (50,9) (51,7) (52,8) (53,9) (54,13) (55,16) (56,18) (57,21) (58,23) (59,27) (60,27) (61,29) (62,31) (63,32) (64,31) 
(99,137) (98,137) (0,99) (97,132) (1,95) (96,124) (2,90) (95,121) (3,85) (94,115) (4,80) (93,111) (5,77) (92,109) (6,75) (91,106) (7,68) (90,103) (8,63) (89,97) (9,60) (88,95) (10,57) (87,90) (11,53) (86,85) (12,51) (85,83) (13,46) (84,80) (14,43) (83,75) (15,39) (82,73) (16,36) (81,70) (17,33) (80,68) (18,32) (79,67) (19,29) (78,64) (20,28) (77,61) (21,26) (76,58) (22,22) (75,55) (23,20) (74,52) (24,20) (73,49) (25,19) (72,45) (26,19) (71,41) (69,40) (27,17) (68,39) (28,15) (67,35) (65,34) (30,15) (29,13) (66,34) 
TD 31 :
(99,137) (98,137) (0,99) (97,132) (1,95) (96,124) (2,90) (95,121) (3,85) (94,115) (4,80) (93,111) (5,77) (92,109) (6,75) (91,106) (7,68) (90,103) (8,63) (89,97) (9,60) (88,95) (10,57) (87,90) (11,53) (86,85) (12,51) (85,83) (13,46) (84,80) (14,43) (83,75) (15,39) (82,73) (16,36) (81,70) (17,33) (80,68) (18,32) (79,67) (19,29) (78,64) (20,28) (77,61) (21,26) (76,58) (22,22) (75,55) (23,20) (74,52) (24,20) (73,49) (25,19) (72,45) (26,19) (71,41) (69,40) (27,17) (68,39) (28,15) (67,35) (65,34) (30,15) (29,13) (31,12) (32,10) (33,10) (34,10) (35,11) (36,11) (37,9) (38,7) (39,12) (40,13) (41,13) (42,11) (43,12) (44,11) (45,11) (46,12) (47,9) (48,8) (49,8) (50,9) (51,7) (52,8) (53,9) (54,13) (55,16) (56,18) (57,21) (58,23) (59,27) (60,27) (61,29) (62,31) (63,32) (64,31) 
(99,137) (98,137) (0,99) (97,132) (1,95) (96,124) (2,90) (95,121) (3,85) (94,115) (4,80) (93,111) (5,77) (92,109) (6,75) (91,106) (7,68) (90,103) (8,63) (89,97) (9,60) (88,95) (10,57) (87,90) (11,53) (86,85) (12,51) (85,83) (13,46) (84,80) (14,43) (83,75) (15,39) (82,73) (16,36) (81,70) (17,33) (80,68) (18,32) (79,67) (19,29) (78,64) (20,28) (77,61) (21,26) (76,58) (22,22) (75,55) (23,20) (74,52) (24,20) (73,49) (25,19) (72,45) (26,19) (71,41) (69,40) (27,17) (68,39) (28,15) (67,35) (65,34) (30,15) (29,13) (66,34) 
TD 32 :
(99,137) (98,137) (0,99) (97,132) (1,95) (96,124) (2,90) (95,121) (3,85) (94,115) (4,80) (93,111) (5,77) (92,109) (6,75) (91,106) (7,68) (90,103) (8,63) (89,97) (9,60) (88,95) (10,57) (87,90) (11,53) (86,85) (12,51) (85,83) (13,46) (84,80) (14,43) (83,75) (15,39) (82,73) (16,36) (81,70) (17,33) (80,68) (18,32) (79,67) (19,29) (78,64) (20,28) (77,61) (21,26) (76,58) (22,22) (75,55) (23,20) (74,52) (24,20) (73,49) (25,19) (72,45) (26,19) (71,41) (69,40) (27,17) (68,39) (28,15) (67,35) (65,34) (30,15) (29,13) (31,12) (64,31) (63,32) (32,10) (33,10) (34,10) (35,11) (36,11) (37,9) (38,7) (39,12) (40,13) (41,13) (42,11) (43,12) (44,11) (45,11) (46,12) (47,9) (48,8) (49,8) (50,9) (51,7) (52,8) (53,9) (54,13) (55,16) (56,18) (57,21) (58,23) (59,27) (60,27) (61,29) (62,31) 
(99,137) (98,137) (0,99) (97,132) (1,95) (96,124) (2,90) (95,121) (3,85) (94,115) (4,80) (93,111) (5,77) (92,109) (6,75) (91,106) (7,68) (90,103) (8,63) (89,97) (9,60) (88,95) (10,57) (87,90) (11,53) (86,85) (12,51) (85,83) (13,46) (84,80) (14,43) (83,75) (15,39) (82,73) (16,36) (81,70) (17,33) (80,68) (18,32) (79,67) (19,29) (78,64) (20,28) (77,61) (21,26) (76,58) (22,22) (75,55) (23,20) (74,52) (24,20) (73,49) (25,19) (72,45) (26,19) (71,41) (69,40) (27,17) (68,39) (28,15) (67,35) (65,34) (30,15) (29,13) (31,12) (64,31) (63,32) (32,10) 
TD 33 :
(99,137) (98,137) (0,99) (97,132) (1,95) (96,124) (2,90) (95,121) (3,85) (94,115) (4,80) (93,111) (5,77) (92,109) (6,75) (91,106) (7,68) (90,103) (8,63) (89,97) (9,60) (88,95) (10,57) (87,90) (11,53) (86,85) (12,51) (85,83) (13,46) (84,80) (14,43) (83,75) (15,39) (82,73) (16,36) (81,70) (17,33) (80,68) (18,32) (79,67) (19,29) (78,64) (20,28) (77,61) (21,26) (76,58) (22,22) (75,55) (23,20) (74,52) (24,20) (73,49) (25,19) (72,45) (26,19) (71,41) (69,40) (27,17) (68,39) (28,15) (67,35) (65,34) (30,15) (29,13) (31,12) (64,31) (63,32) (32,10) (62,31) (33,10) (34,10) (35,11) (36,11) (37,9) (38,7) (39,12) (40,13) (41,13) (42,11) (43,12) (44,11) (45,11) (46,12) (47,9) (48,8) (49,8) (50,9) (51,7) (52,8) (53,9) (54,13) (55,16) (56,18) (57,21) (58,23) (59,27) (60,27) (61,29) 
TD 34 :
(99,137) (98,137) (0,99) (97,132) (1,95) (96,124) (2,90) (95,121) (3,85) (94,115) (4,80) (93,111) (5,77) (92,109) (6,75) (91,106) (7,68) (90,103) (8,63) (89,97) (9,60) (88,95) (10,57) (87,90) (11,53) (86,85) (12,51) (85,83) (13,46) (84,80) (14,43) (83,75) (15,39) (82,73) (16,36) (81,70) (17,33) (80,68) (18,32) (79,67) (19,29) (78,64) (20,28) (77,61) (21,26) (76,58) (22,22) (75,55) (23,20) (74,52) (24,20) (73,49) (25,19) (72,45) (26,19) (71,41) (69,40) (27,17) (68,39) (28,15) (67,35) (65,34) (30,15) (29,13) (31,12) (64,31) (63,32) (32,10) (62,31) (33,10) (61,29) (35,11) (34,10) 
(99,137) (98,137) (0,99) (97,132) (1,95) (96,124) (2,90) (95,121) (3,85) (94,115) (4,80) (93,111) (5,77) (92,109) (6,75) (91,106) (7,68) (90,103) (8,63) (89,97) (9,60) (88,95) (10,57) (87,90) (11,53) (86,85) (12,51) (85,83) (13,46) (84,80) (14,43) (83,75) (15,39) (82,73) (16,36) (81,70) (17,33) (80,68) (18,32) (79,67) (19,29) (78,64) (20,28) (77,61) (21,26) (76,58) (22,22) (75,55) (23,20) (74,52) (24,20) (73,49) (25,19) (72,45) (26,19) (71,41) (69,40) (27,17) (68,39) (28,15) (67,35) (65,34) (30,15) (29,13) (31,12) (64,31) (63,32) (32,10) (62,31) (33,10) (61,29) (35,11) (34,10) (36,11) (37,9) (38,7) (39,12) (40,13) (41,13) (42,11) (43,12) (44,11) (45,11) (46,12) (47,9) (48,8) (49,8) (50,9) (51,7) (52,8) (53,9) (54,13) (55,16) (56,18) (57,21) (58,23) (59,27) (60,27) 
TD 35 :
(99,137) (98,137) (0,99) (97,132) (1,95) (96,124) (2,90) (95,121) (3,85) (94,115) (4,80) (93,111) (5,77) (92,109) (6,75) (91,106) (7,68) (90,103) (8,63) (89,97) (9,60) (88,95) (10,57) (87,90) (11,53) (86,85) (12,51) (85,83) (13,46) (84,80) (14,43) (83,75) (15,39) (82,73) (16,36) (81,70) (17,33) (80,68) (18,32) (79,67) (19,29) (78,64) (20,28) (77,61) (21,26) (76,58) (22,22) (75,55) (23,20) (74,52) (24,20) (73,49) (25,19) (72,45) (26,19) (71,41) (69,40) (27,17) (68,39) (28,15) (67,35) (65,34) (30,15) (29,13) (31,12) (64,31) (63,32) (32,10) (62,31) (33,10) (61,29) (35,11) (34,10) (60,27) (59,27) (36,11) (37,9) (38,7) (39,12) (40,13) (41,13) (42,11) (43,12) (44,11) (45,11) (46,12) (47,9) (48,8) (49,8) (50,9) (51,7) (52,8) (53,9) (54,13) (55,16) (56,18) (57,21) (58,23) 
(99,137) (98,137) (0,99) (97,132) (1,95) (96,124) (2,90) (95,121) (3,85) (94,115) (4,80) (93,111) (5,77) (92,109) (6,75) (91,106) (7,68) (90,103) (8,63) (89,97) (9,60) (88,95) (10,57) (87,90) (11,53) (86,85) (12,51) (85,83) (13,46) (84,80) (14,43) (83,75) (15,39) (82,73) (16,36) (81,70) (17,33) (80,68) (18,32) (79,67) (19,29) (78,64) (20,28) (77,61) (21,26) (76,58) (22,22) (75,55) (23,20) (74,52) (24,20) (73,49) (25,19) (72,45) (26,19) (71,41) (69,40) (27,17) (68,39) (28,15) (67,35) (65,34) (30,15) (29,13) (31,12) (64,31) (63,32) (32,10) (62,31) (33,10) (61,29) (35,11) (34,10) (60,27) (59,27) (36,11) 
TD 36 :
(99,137) (98,137) (0,99) (97,132) (1,95) (96,124) (2,90) (95,121) (3,85) (94,115) (4,80) (93,111) (5,77) (92,109) (6,75) (91,106) (7,68) (90,103) (8,63) (89,97) (9,60) (88,95) (10,57) (87,90) (11,53) (86,85) (12,51) (85,83) (13,46) (84,80) (14,43) (83,75) (15,39) (82,73) (16,36) (81,70) (17,33) (80,68) (18,32) (79,67) (19,29) (78,64) (20,28) (77,61) (21,26) (76,58) (22,22) (75,55) (23,20) (74,52) (24,20) (73,49) (25,19) (72,45) (26,19) (71,41) (69,40) (27,17) (68,39) (28,15) (67,35) (65,34) (30,15) (29,13) (31,12) (64,31) (63,32) (32,10) (62,31) (33,10) (61,29) (35,11) (34,10) (60,27) (59,27) (36,11) (58,23) (40,13) (39,12) (37,9) (38,7) 
(99,137) (98,137) (0,99) (97,132) (1,95) (96,124) (2,90) (95,121) (3,85) (94,115) (4,80) (93,111) (5,77) (92,109) (6,75) (91,106) (7,68) (90,103) (8,63) (89,97) (9,60) (88,95) (10,57) (87,90) (11,53) (86,85) (12,51) (85,83) (13,46) (84,80) (14,43) (83,75) (15,39) (82,73) (16,36) (81,70) (17,33) (80,68) (18,32) (79,67) (19,29) (78,64) (20,28) (77,61) (21,26) (76,58) (22,22) (75,55) (23,20) (74,52) (24,20) (73,49) (25,19) (72,45) (26,19) (71,41) (69,40) (27,17) (68,39) (28,15) (67,35) (65,34) (30,15) (29,13) (31,12) (64,31) (63,32) (32,10) (62,31) (33,10) (61,29) (35,11) (34,10) (60,27) (59,27) (36,11) (58,23) (40,13) (39,12) (37,9) 
(99,137) (98,137) (0,99) (97,132) (1,95) (96,124) (2,90) (95,121) (3,85) (94,115) (4,80) (93,111) (5,77) (92,109) (6,75) (91,106) (7,68) (90,103) (8,63) (89,97) (9,60) (88,95) (10,57) (87,90) (11,53) (86,85) (12,51) (85,83) (13,46) (84,80) (14,43) (83,75) (15,39) (82,73) (16,36) (81,70) (17,33) (80,68) (18,32) (79,67) (19,29) (78,64) (20,28) (77,61) (21,26) (76,58) (22,22) (75,55) (23,20) (74,52) (24,20) (73,49) (25,19) (72,45) (26,19) (71,41) (69,40) (27,17) (68,39) (28,15) (67,35) (65,34) (30,15) (29,13) (31,12) (64,31) (63,32) (32,10) (62,31) (33,10) (61,29) (35,11) (34,10) (60,27) (59,27) (36,11) (58,23) (40,13) (39,12) (37,9) (41,13) (42,11) (43,12) (44,11) (45,11) (46,12) (47,9) (48,8) (49,8) (50,9) (51,7) (52,8) (53,9) (54,13) (55,16) (56,18) (57,21) 
TD 37 :
(99,137) (98,137) (0,99) (97,132) (1,95) (96,124) (2,90) (95,121) (3,85) (94,115) (4,80) (93,111) (5,77) (92,109) (6,75) (91,106) (7,68) (90,103) (8,63) (89,97) (9,60) (88,95) (10,57) (87,90) (11,53) (86,85) (12,51) (85,83) (13,46) (84,80) (14,43) (83,75) (15,39) (82,73) (16,36) (81,70) (17,33) (80,68) (18,32) (79,67) (19,29) (78,64) (20,28) (77,61) (21,26) (76,58) (22,22) (75,55) (23,20) (74,52) (24,20) (73,49) (25,19) (72,45) (26,19) (71,41) (69,40) (27,17) (68,39) (28,15) (67,35) (65,34) (30,15) (29,13) (31,12) (64,31) (63,32) (32,10) (62,31) (33,10) (61,29) (35,11) (34,10) (60,27) (59,27) (36,11) (58,23) (40,13) (39,12) (37,9) (38,7) 
(99,137) (98,137) (0,99) (97,132) (1,95) (96,124) (2,90) (95,121) (3,85) (94,115) (4,80) (93,111) (5,77) (92,109) (6,75) (91,106) (7,68) (90,103) (8,63) (89,97) (9,60) (88,95) (10,57) (87,90) (11,53) (86,85) (12,51) (85,83) (13,46) (84,80) (14,43) (83,75) (15,39) (82,73) (16,36) (81,70) (17,33) (80,68) (18,32) (79,67) (19,29) (78,64) (20,28) (77,61) (21,26) (76,58) (22,22) (75,55) (23,20) (74,52) (24,20) (73,49) (25,19) (72,45) (26,19) (71,41) (69,40) (27,17) (68,39) (28,15) (67,35) (65,34) (30,15) (29,13) (31,12) (64,31) (63,32) (32,10) (62,31) (33,10) (61,29) (35,11) (34,10) (60,27) (59,27) (36,11) (58,23) (40,13) (39,12) (37,9) (57,21) (41,13) 
(99,137) (98,137) (0,99) (97,132) (1,95) (96,124) (2,90) (95,121) (3,85) (94,115) (4,80) (93,111) (5,77) (92,109) (6,75) (91,106) (7,68) (90,103) (8,63) (89,97) (9,60) (88,95) (10,57) (87,90) (11,53) (86,85) (12,51) (85,83) (13,46) (84,80) (14,43) (83,75) (15,39) (82,73) (16,36) (81,70) (17,33) (80,68) (18,32) (79,67) (19,29) (78,64) (20,28) (77,61) (21,26) (76,58) (22,22) (75,55) (23,20) (74,52) (24,20) (73,49) (25,19) (72,45) (26,19) (71,41) (69,40) (27,17) (68,39) (28,15) (67,35) (65,34) (30,15) (29,13) (31,12) (64,31) (63,32) (32,10) (62,31) (33,10) (61,29) (35,11) (34,10) (60,27) (59,27) (36,11) (58,23) (40,13) (39,12) (37,9) (57,21) (41,13) (42,11) (43,12) (44,11) (45,11) (46,12) (47,9) (48,8) (49,8) (50,9) (51,7) (52,8) (53,9) (54,13) (55,16) (56,18) 
TD 38 :
(99,137) (98,137) (0,99) (97,132) (1,95) (96,124) (2,90) (95,121) (3,85) (94,115) (4,80) (93,111) (5,77) (92,109) (6,75) (91,106) (7,68) (90,103) (8,63) (89,97) (9,60) (88,95) (10,57) (87,90) (11,53) (86,85) (12,51) (85,83) (13,46) (84,80) (14,43) (83,75) (15,39) (82,73) (16,36) (81,70) (17,33) (80,68) (18,32) (79,67) (19,29) (78,64) (20,28) (77,61) (21,26) (76,58) (22,22) (75,55) (23,20) (74,52) (24,20) (73,49) (25,19) (72,45) (26,19) (71,41) (69,40) (27,17) (68,39) (28,15) (67,35) (65,34) (30,15) (29,13) (31,12) (64,31) (63,32) (32,10) (62,31) (33,10) (61,29) (35,11) (34,10) (60,27) (59,27) (36,11) (58,23) (40,13) (39,12) (37,9) (57,21) (41,13) (56,18) (43,12) (42,11) 
(99,137) (98,137) (0,99) (97,132) (1,95) (96,124) (2,90) (95,121) (3,85) (94,115) (4,80) (93,111) (5,77) (92,109) (6,75) (91,106) (7,68) (90,103) (8,63) (89,97) (9,60) (88,95) (10,57) (87,90) (11,53) (86,85) (12,51) (85,83) (13,46) (84,80) (14,43) (83,75) (15,39) (82,73) (16,36) (81,70) (17,33) (80,68) (18,32) (79,67) (19,29) (78,64) (20,28) (77,61) (21,26) (76,58) (22,22) (75,55) (23,20) (74,52) (24,20) (73,49) (25,19) (72,45) (26,19) (71,41) (69,40) (27,17) (68,39) (28,15) (67,35) (65,34) (30,15) (29,13) (31,12) (64,31) (63,32) (32,10) (62,31) (33,10) (61,29) (35,11) (34,10) (60,27) (59,27) (36,11) (58,23) (40,13) (39,12) (37,9) (57,21) (41,13) (56,18) (43,12) (42,11) (44,11) (45,11) (46,12) (47,9) (48,8) (49,8) (50,9) (51,7) (52,8) (53,9) (54,13) (55,16) 
TD 39 :
(99,137) (98,137) (0,99) (97,132) (1,95) (96,124) (2,90) (95,121) (3,85) (94,115) (4,80) (93,111) (5,77) (92,109) (6,75) (91,106) (7,68) (90,103) (8,63) (89,97) (9,60) (88,95) (10,57) (87,90) (11,53) (86,85) (12,51) (85,83) (13,46) (84,80) (14,43) (83,75) (15,39) (82,73) (16,36) (81,70) (17,33) (80,68) (18,32) (79,67) (19,29) (78,64) (20,28) (77,61) (21,26) (76,58) (22,22) (75,55) (23,20) (74,52) (24,20) (73,49) (25,19) (72,45) (26,19) (71,41) (69,40) (27,17) (68,39) (28,15) (67,35) (65,34) (30,15) (29,13) (31,12) (64,31) (63,32) (32,10) (62,31) (33,10) (61,29) (35,11) (34,10) (60,27) (59,27) (36,11) (58,23) (40,13) (39,12) (37,9) (57,21) (41,13) (56,18) (43,12) (42,11) (55,16) (46,12) (44,11) (45,11) 
(99,137) (98,137) (0,99) (97,132) (1,95) (96,124) (2,90) (95,121) (3,85) (94,115) (4,80) (93,111) (5,77) (92,109) (6,75) (91,106) (7,68) (90,103) (8,63) (89,97) (9,60) (88,95) (10,57) (87,90) (11,53) (86,85) (12,51) (85,83) (13,46) (84,80) (14,43) (83,75) (15,39) (82,73) (16,36) (81,70) (17,33) (80,68) (18,32) (79,67) (19,29) (78,64) (20,28) (77,61) (21,26) (76,58) (22,22) (75,55) (23,20) (74,52) (24,20) (73,49) (25,19) (72,45) (26,19) (71,41) (69,40) (27,17) (68,39) (28,15) (67,35) (65,34) (30,15) (29,13) (31,12) (64,31) (63,32) (32,10) (62,31) (33,10) (61,29) (35,11) (34,10) (60,27) (59,27) (36,11) (58,23) (40,13) (39,12) (37,9) (57,21) (41,13) (56,18) (43,12) (42,11) (55,16) (46,12) (44,11) (47,9) (48,8) (49,8) (50,9) (51,7) (52,8) (53,9) (54,13) 
TD 40 :
(99,137) (98,137) (0,99) (97,132) (1,95) (96,124) (2,90) (95,121) (3,85) (94,115) (4,80) (93,111) (5,77) (92,109) (6,75) (91,106) (7,68) (90,103) (8,63) (89,97) (9,60) (88,95) (10,57) (87,90) (11,53) (86,85) (12,51) (85,83) (13,46) (84,80) (14,43) (83,75) (15,39) (82,73) (16,36) (81,70) (17,33) (80,68) (18,32) (79,67) (19,29) (78,64) (20,28) (77,61) (21,26) (76,58) (22,22) (75,55) (23,20) (74,52) (24,20) (73,49) (25,19) (72,45) (26,19) (71,41) (69,40) (27,17) (68,39) (28,15) (67,35) (65,34) (30,15) (29,13) (31,12) (64,31) (63,32) (32,10) (62,31) (33,10) (61,29) (35,11) (34,10) (60,27) (59,27) (36,11) (58,23) (40,13) (39,12) (37,9) (57,21) (41,13) (56,18) (43,12) (42,11) (55,16) (46,12) (44,11) (45,11) 
(99,137) (98,137) (0,99) (97,132) (1,95) (96,124) (2,90) (95,121) (3,85) (94,115) (4,80) (93,111) (5,77) (92,109) (6,75) (91,106) (7,68) (90,103) (8,63) (89,97) (9,60) (88,95) (10,57) (87,90) (11,53) (86,85) (12,51) (85,83) (13,46) (84,80) (14,43) (83,75) (15,39) (82,73) (16,36) (81,70) (17,33) (80,68) (18,32) (79,67) (19,29) (78,64) (20,28) (77,61) (21,26) (76,58) (22,22) (75,55) (23,20) (74,52) (24,20) (73,49) (25,19) (72,45) (26,19) (71,41) (69,40) (27,17) (68,39) (28,15) (67,35) (65,34) (30,15) (29,13) (31,12) (64,31) (63,32) (32,10) (62,31) (33,10) (61,29) (35,11) (34,10) (60,27) (59,27) (36,11) (58,23) (40,13) (39,12) (37,9) (57,21) (41,13) (56,18) (43,12) (42,11) (55,16) (46,12) (44,11) (54,13) (47,9) (48,8) (49,8) (50,9) (51,7) (52,8) (53,9) 
TD 41 :
(99,137) (98,137) (0,99) (97,132) (1,95) (96,124) (2,90) (95,121) (3,85) (94,115) (4,80) (93,111) (5,77) (92,109) (6,75) (91,106) (7,68) (90,103) (8,63) (89,97) (9,60) (88,95) (10,57) (87,90) (11,53) (86,85) (12,51) (85,83) (13,46) (84,80) (14,43) (83,75) (15,39) (82,73) (16,36) (81,70) (17,33) (80,68) (18,32) (79,67) (19,29) (78,64) (20,28) (77,61) (21,26) (76,58) (22,22) (75,55) (23,20) (74,52) (24,20) (73,49) (25,19) (72,45) (26,19) (71,41) (69,40) (27,17) (68,39) (28,15) (67,35) (65,34) (30,15) (29,13) (31,12) (64,31) (63,32) (32,10) (62,31) (33,10) (61,29) (35,11) (34,10) (60,27) (59,27) (36,11) (58,23) (40,13) (39,12) (37,9) (57,21) (41,13) (56,18) (43,12) (42,11) (55,16) (46,12) (44,11) (54,13) (53,9) (50,9) (47,9) (48,8) (49,8) 
(99,137) (98,137) (0,99) (97,132) (1,95) (96,124) (2,90) (95,121) (3,85) (94,115) (4,80) (93,111) (5,77) (92,109) (6,75) (91,106) (7,68) (90,103) (8,63) (89,97) (9,60) (88,95) (10,57) (87,90) (11,53) (86,85) (12,51) (85,83) (13,46) (84,80) (14,43) (83,75) (15,39) (82,73) (16,36) (81,70) (17,33) (80,68) (18,32) (79,67) (19,29) (78,64) (20,28) (77,61) (21,26) (76,58) (22,22) (75,55) (23,20) (74,52) (24,20) (73,49) (25,19) (72,45) (26,19) (71,41) (69,40) (27,17) (68,39) (28,15) (67,35) (65,34) (30,15) (29,13) (31,12) (64,31) (63,32) (32,10) (62,31) (33,10) (61,29) (35,11) (34,10) (60,27) (59,27) (36,11) (58,23) (40,13) (39,12) (37,9) (57,21) (41,13) (56,18) (43,12) (42,11) (55,16) (46,12) (44,11) (54,13) (53,9) (50,9) (47,9) (51,7) (52,8) 
TD 42 :
(99,137) (98,137) (0,99) (97,132) (1,95) (96,124) (2,90) (95,121) (3,85) (94,115) (4,80) (93,111) (5,77) (92,109) (6,75) (91,106) (7,68) (90,103) (8,63) (89,97) (9,60) (88,95) (10,57) (87,90) (11,53) (86,85) (12,51) (85,83) (13,46) (84,80) (14,43) (83,75) (15,39) (82,73) (16,36) (81,70) (17,33) (80,68) (18,32) (79,67) (19,29) (78,64) (20,28) (77,61) (21,26) (76,58) (22,22) (75,55) (23,20) (74,52) (24,20) (73,49) (25,19) (72,45) (26,19) (71,41) (69,40) (27,17) (68,39) (28,15) (67,35) (65,34) (30,15) (29,13) (31,12) (64,31) (63,32) (32,10) (62,31) (33,10) (61,29) (35,11) (34,10) (60,27) (59,27) (36,11) (58,23) (40,13) (39,12) (37,9) (57,21) (41,13) (56,18) (43,12) (42,11) (55,16) (46,12) (44,11) (54,13) (53,9) (50,9) (47,9) (49,8) (48,8) 
(99,137) (98,137) (0,99) (97,132) (1,95) (96,124) (2,90) (95,121) (3,85) (94,115) (4,80) (93,111) (5,77) (92,109) (6,75) (91,106) (7,68) (90,103) (8,63) (89,97) (9,60) (88,95) (10,57) (87,90) (11,53) (86,85) (12,51) (85,83) (13,46) (84,80) (14,43) (83,75) (15,39) (82,73) (16,36) (81,70) (17,33) (80,68) (18,32) (79,67) (19,29) (78,64) (20,28) (77,61) (21,26) (76,58) (22,22) (75,55) (23,20) (74,52) (24,20) (73,49) (25,19) (72,45) (26,19) (71,41) (69,40) (27,17) (68,39) (28,15) (67,35) (65,34) (30,15) (29,13) (31,12) (64,31) (63,32) (32,10) (62,31) (33,10) (61,29) (35,11) (34,10) (60,27) (59,27) (36,11) (58,23) (40,13) (39,12) (37,9) (57,21) (41,13) (56,18) (43,12) (42,11) (55,16) (46,12) (44,11) (54,13) (53,9) (50,9) (47,9) (49,8) (48,8) 
(99,137) (98,137) (0,99) (97,132) (1,95) (96,124) (2,90) (95,121) (3,85) (94,115) (4,80) (93,111) (5,77) (92,109) (6,75) (91,106) (7,68) (90,103) (8,63) (89,97) (9,60) (88,95) (10,57) (87,90) (11,53) (86,85) (12,51) (85,83) (13,46) (84,80) (14,43) (83,75) (15,39) (82,73) (16,36) (81,70) (17,33) (80,68) (18,32) (79,67) (19,29) (78,64) (20,28) (77,61) (21,26) (76,58) (22,22) (75,55) (23,20) (74,52) (24,20) (73,49) (25,19) (72,45) (26,19) (71,41) (69,40) (27,17) (68,39) (28,15) (67,35) (65,34) (30,15) (29,13) (31,12) (64,31) (63,32) (32,10) (62,31) (33,10) (61,29) (35,11) (34,10) (60,27) (59,27) (36,11) (58,23) (40,13) (39,12) (37,9) (57,21) (41,13) (56,18) (43,12) (42,11) (55,16) (46,12) (44,11) (54,13) (53,9) (50,9) (47,9) (52,8) (51,7) 
Pocket 0 :
()
Pocket 1 :
({  (0,99) ,(1,95) } {  (97,132) ,(98,137) } {  (0,99) ,(1,95) } {  (97,132) ,(98,137) } )
Pocket 2 :
({  (1,95) ,(0,99) } {  (99,137) ,(97,132) } )
Pocket 3 :
({  (2,90) ,(1,95) } {  (99,137) ,(96,124) } )
Pocket 4 :
({  (3,85) ,(2,90) } {  (99,137) ,(95,121) } )
Pocket 5 :
({  (4,80) ,(3,85) } {  (99,137) ,(94,115) } )
Pocket 6 :
({  (5,77) ,(4,80) } {  (99,137) ,(93,111) } )
Pocket 7 :
({  (6,75) ,(5,77) } {  (99,137) ,(92,109) } )
Pocket 8 :
({  (7,68) ,(6,75) } {  (99,137) ,(91,106) } )
Pocket 9 :
({  (8,63) ,(7,68) } {  (99,137) ,(90,103) } )
Pocket 10 :
({  (9,60) ,(8,63) } {  (99,137) ,(89,97) } )
Pocket 11 :
({  (10,57) ,(9,60) } {  (99,137) ,(88,95) } )
Pocket 12 :
({  (11,53) ,(10,57) } {  (99,137) ,(87,90) } )
Pocket 13 :
({  (12,51) ,(11,53) } {  (99,137) ,(86,85) } )
Pocket 14 :
({  (13,46) ,(12,51) } {  (99,137) ,(85,83) } )
Pocket 15 :
({  (14,43) ,(13,46) } {  (99,137) ,(84,80) } )
Pocket 16 :
({  (15,39) ,(14,43) } {  (99,137) ,(83,75) } )
Pocket 17 :
({  (16,36) ,(15,39) } {  (99,137) ,(82,73) } )
Pocket 18 :
({  (17,33) ,(16,36) } {  (99,137) ,(81,70) } )
Pocket 19 :
({  (18,32) ,(17,33) } {  (99,137) ,(80,68) } )
Pocket 20 :
({  (19,29) ,(18,32) } {  (99,137) ,(79,67) } )
Pocket 21 :
({  (20,28) ,(19,29) } {  (99,137) ,(78,64) } )
Pocket 22 :
({  (21,26) ,(20,28) } {  (99,137) ,(77,61) } )
Pocket 23 :
({  (22,22) ,(21,26) } {  (99,137) ,(76,58) } )
Pocket 24 :
({  (23,20) ,(22,22) } {  (99,137) ,(75,55) } )
Pocket 25 :
({  (24,20) ,(23,20) } {  (99,137) ,(74,52) } )
Pocket 26 :
({  (25,19) ,(24,20) } {  (99,137) ,(73,49) } )
Pocket 27 :
({  (26,19) ,(25,19) } {  (99,137) ,(72,45) } )
Pocket 28 :
({  (27,17) ,(26,19) } {  (70,40) ,(69,40) } {  (27,17) ,(26,19) } {  (70,40) ,(69,40) } )
Pocket 29 :
({  (28,15) ,(27,17) } {  (99,137) ,(68,39) } {  (28,15) ,(27,17) } {  (99,137) ,(68,39) } {  (99,137) ,(70,40) } )
Pocket 30 :
({  (29,13) ,(28,15) } {  (31,12) ,(30,15) } {  (29,13) ,(28,15) } {  (31,12) ,(30,15) } {  (29,13) ,(28,15) } {  (31,12) ,(30,15) } )
Pocket 31 :
({  (31,12) ,(29,13) } {  (99,137) ,(66,34) } )
Pocket 32 :
({  (32,10) ,(31,12) } {  (64,31) ,(63,32) } {  (32,10) ,(31,12) } {  (64,31) ,(63,32) } )
Pocket 33 :
({  (33,10) ,(32,10) } {  (99,137) ,(62,31) } )
Pocket 34 :
({  (34,10) ,(33,10) } {  (36,11) ,(35,11) } {  (34,10) ,(33,10) } {  (36,11) ,(35,11) } )
Pocket 35 :
({  (36,11) ,(34,10) } {  (60,27) ,(59,27) } {  (36,11) ,(34,10) } {  (60,27) ,(59,27) } )
Pocket 36 :
({  (37,9) ,(36,11) } {  (40,13) ,(39,12) } {  (37,9) ,(36,11) } {  (40,13) ,(39,12) } {  (37,9) ,(36,11) } {  (40,13) ,(39,12) } )
Pocket 37 :
({  (38,7) ,(37,9) } {  (42,11) ,(41,13) } {  (42,11) ,(41,13) } )
Pocket 38 :
({  (42,11) ,(41,13) } {  (44,11) ,(43,12) } {  (42,11) ,(41,13) } {  (44,11) ,(43,12) } )
Pocket 39 :
({  (44,11) ,(42,11) } {  (47,9) ,(46,12) } {  (44,11) ,(42,11) } {  (47,9) ,(46,12) } )
Pocket 40 :
({  (45,11) ,(44,11) } {  (99,137) ,(54,13) } )
Pocket 41 :
({  (47,9) ,(54,13) } {  (51,7) ,(50,9) } {  (47,9) ,(54,13) } {  (51,7) ,(50,9) } )
