42 layers in onion peeling: 
Layer 1
(99,118) (0,100) 
Layer 2
(98,115) (1,95) 
Layer 3
(97,113) (2,89) 
Layer 4
(96,109) (3,86) 
Layer 5
(95,107) (4,79) 
Layer 6
(94,101) (5,76) 
Layer 7
(93,98) (6,73) 
Layer 8
(92,94) (7,71) 
Layer 9
(91,90) (8,68) 
Layer 10
(90,87) (9,64) 
Layer 11
(89,84) (10,61) 
Layer 12
(88,79) (11,58) 
Layer 13
(87,75) (13,54) (12,53) 
Layer 14
(86,70) (14,53) 
Layer 15
(85,67) (15,51) 
Layer 16
(84,63) (16,49) 
Layer 17
(83,60) (17,46) 
Layer 18
(82,57) (18,45) 
Layer 19
(81,55) (19,44) 
Layer 20
(80,51) (20,43) 
Layer 21
(79,49) (21,41) 
Layer 22
(78,46) (22,37) 
Layer 23
(77,43) (23,36) 
Layer 24
(76,41) (24,36) 
Layer 25
(75,40) (25,34) 
Layer 26
(74,37) (26,31) 
Layer 27
(73,36) (28,28) (27,27) 
Layer 28
(72,33) (29,28) 
Layer 29
(71,29) (30,27) 
Layer 30
(70,26) (31,23) 
Layer 31
(69,24) (68,24) (32,22) 
Layer 32
(67,22) (66,22) (40,21) (33,19) 
Layer 33
(65,21) (38,20) (34,18) 
Layer 34
(64,19) (39,20) (35,17) 
Layer 35
(63,15) (41,19) (36,17) 
Layer 36
(62,12) (46,17) (45,17) (37,17) 
Layer 37
(61,9) (60,10) (44,16) (42,16) 
Layer 38
(59,7) (47,13) (43,13) 
Layer 39
(58,7) (48,10) 
Layer 40
(57,7) (50,9) (49,8) 
Layer 41
(56,5) (52,7) (51,7) 
Layer 42
(55,4) (53,6) 
---------------------------------------------------------------------------------------
TD 0 :
(99,118) (98,115) (97,113) (96,109) (95,107) (94,101) (93,98) (92,94) (91,90) (90,87) (89,84) (88,79) (87,75) (86,70) (85,67) (84,63) (83,60) (82,57) (81,55) (80,51) (79,49) (78,46) (77,43) (76,41) (75,40) (74,37) (73,36) (72,33) (71,29) (70,26) (69,24) (68,24) (67,22) (66,22) (65,21) (64,19) (63,15) (62,12) (61,9) (60,10) (59,7) (58,7) (57,7) (56,5) (55,4) (54,2) (53,6) (52,7) (51,7) (50,9) (49,8) (48,10) (47,13) (46,17) (45,17) (44,16) (43,13) (42,16) (41,19) (40,21) (39,20) (38,20) (37,17) (36,17) (35,17) (34,18) (33,19) (32,22) (31,23) (30,27) (29,28) (28,28) (27,27) (26,31) (25,34) (24,36) (23,36) (22,37) (21,41) (20,43) (19,44) (18,45) (17,46) (16,49) (15,51) (14,53) (13,54) (12,53) (11,58) (10,61) (9,64) (8,68) (7,71) (6,73) (5,76) (4,79) (3,86) (2,89) (1,95) (0,100) 
TD 1 :
(99,118) (0,100) (1,95) (2,89) (3,86) (4,79) (5,76) (6,73) (7,71) (8,68) (9,64) (10,61) (11,58) (12,53) (13,54) (14,53) (15,51) (16,49) (17,46) (18,45) (19,44) (20,43) (21,41) (22,37) (23,36) (24,36) (25,34) (26,31) (27,27) (28,28) (29,28) (30,27) (31,23) (32,22) (33,19) (34,18) (35,17) (36,17) (37,17) (38,20) (39,20) (40,21) (41,19) (42,16) (43,13) (44,16) (45,17) (46,17) (47,13) (48,10) (49,8) (50,9) (51,7) (52,7) (53,6) (54,2) (55,4) (56,5) (57,7) (58,7) (59,7) (60,10) (61,9) (62,12) (63,15) (64,19) (65,21) (66,22) (67,22) (68,24) (69,24) (70,26) (71,29) (72,33) (73,36) (74,37) (75,40) (76,41) (77,43) (78,46) (79,49) (80,51) (81,55) (82,57) (83,60) (84,63) (85,67) (86,70) (87,75) (88,79) (89,84) (90,87) (91,90) (92,94) (93,98) (94,101) (95,107) (96,109) (97,113) (98,115) 
TD 2 :
(99,118) (0,100) (98,115) (1,95) (2,89) (3,86) (4,79) (5,76) (6,73) (7,71) (8,68) (9,64) (10,61) (11,58) (12,53) (13,54) (14,53) (15,51) (16,49) (17,46) (18,45) (19,44) (20,43) (21,41) (22,37) (23,36) (24,36) (25,34) (26,31) (27,27) (28,28) (29,28) (30,27) (31,23) (32,22) (33,19) (34,18) (35,17) (36,17) (37,17) (38,20) (39,20) (40,21) (41,19) (42,16) (43,13) (44,16) (45,17) (46,17) (47,13) (48,10) (49,8) (50,9) (51,7) (52,7) (53,6) (54,2) (55,4) (56,5) (57,7) (58,7) (59,7) (60,10) (61,9) (62,12) (63,15) (64,19) (65,21) (66,22) (67,22) (68,24) (69,24) (70,26) (71,29) (72,33) (73,36) (74,37) (75,40) (76,41) (77,43) (78,46) (79,49) (80,51) (81,55) (82,57) (83,60) (84,63) (85,67) (86,70) (87,75) (88,79) (89,84) (90,87) (91,90) (92,94) (93,98) (94,101) (95,107) (96,109) (97,113) 
TD 3 :
(99,118) (0,100) (98,115) (1,95) (97,113) (2,89) (3,86) (4,79) (5,76) (6,73) (7,71) (8,68) (9,64) (10,61) (11,58) (12,53) (13,54) (14,53) (15,51) (16,49) (17,46) (18,45) (19,44) (20,43) (21,41) (22,37) (23,36) (24,36) (25,34) (26,31) (27,27) (28,28) (29,28) (30,27) (31,23) (32,22) (33,19) (34,18) (35,17) (36,17) (37,17) (38,20) (39,20) (40,21) (41,19) (42,16) (43,13) (44,16) (45,17) (46,17) (47,13) (48,10) (49,8) (50,9) (51,7) (52,7) (53,6) (54,2) (55,4) (56,5) (57,7) (58,7) (59,7) (60,10) (61,9) (62,12) (63,15) (64,19) (65,21) (66,22) (67,22) (68,24) (69,24) (70,26) (71,29) (72,33) (73,36) (74,37) (75,40) (76,41) (77,43) (78,46) (79,49) (80,51) (81,55) (82,57) (83,60) (84,63) (85,67) (86,70) (87,75) (88,79) (89,84) (90,87) (91,90) (92,94) (93,98) (94,101) (95,107) (96,109) 
TD 4 :
(99,118) (0,100) (98,115) (1,95) (97,113) (2,89) (96,109) (3,86) (4,79) (5,76) (6,73) (7,71) (8,68) (9,64) (10,61) (11,58) (12,53) (13,54) (14,53) (15,51) (16,49) (17,46) (18,45) (19,44) (20,43) (21,41) (22,37) (23,36) (24,36) (25,34) (26,31) (27,27) (28,28) (29,28) (30,27) (31,23) (32,22) (33,19) (34,18) (35,17) (36,17) (37,17) (38,20) (39,20) (40,21) (41,19) (42,16) (43,13) (44,16) (45,17) (46,17) (47,13) (48,10) (49,8) (50,9) (51,7) (52,7) (53,6) (54,2) (55,4) (56,5) (57,7) (58,7) (59,7) (60,10) (61,9) (62,12) (63,15) (64,19) (65,21) (66,22) (67,22) (68,24) (69,24) (70,26) (71,29) (72,33) (73,36) (74,37) (75,40) (76,41) (77,43) (78,46) (79,49) (80,51) (81,55) (82,57) (83,60) (84,63) (85,67) (86,70) (87,75) (88,79) (89,84) (90,87) (91,90) (92,94) (93,98) (94,101) (95,107) 
TD 5 :
(99,118) (0,100) (98,115) (1,95) (97,113) (2,89) (96,109) (3,86) (95,107) (4,79) (5,76) (6,73) (7,71) (8,68) (9,64) (10,61) (11,58) (12,53) (13,54) (14,53) (15,51) (16,49) (17,46) (18,45) (19,44) (20,43) (21,41) (22,37) (23,36) (24,36) (25,34) (26,31) (27,27) (28,28) (29,28) (30,27) (31,23) (32,22) (33,19) (34,18) (35,17) (36,17) (37,17) (38,20) (39,20) (40,21) (41,19) (42,16) (43,13) (44,16) (45,17) (46,17) (47,13) (48,10) (49,8) (50,9) (51,7) (52,7) (53,6) (54,2) (55,4) (56,5) (57,7) (58,7) (59,7) (60,10) (61,9) (62,12) (63,15) (64,19) (65,21) (66,22) (67,22) (68,24) (69,24) (70,26) (71,29) (72,33) (73,36) (74,37) (75,40) (76,41) (77,43) (78,46) (79,49) (80,51) (81,55) (82,57) (83,60) (84,63) (85,67) (86,70) (87,75) (88,79) (89,84) (90,87) (91,90) (92,94) (93,98) (94,101) 
TD 6 :
(99,118) (0,100) (98,115) (1,95) (97,113) (2,89) (96,109) (3,86) (95,107) (4,79) (94,101) (5,76) (6,73) (7,71) (8,68) (9,64) (10,61) (11,58) (12,53) (13,54) (14,53) (15,51) (16,49) (17,46) (18,45) (19,44) (20,43) (21,41) (22,37) (23,36) (24,36) (25,34) (26,31) (27,27) (28,28) (29,28) (30,27) (31,23) (32,22) (33,19) (34,18) (35,17) (36,17) (37,17) (38,20) (39,20) (40,21) (41,19) (42,16) (43,13) (44,16) (45,17) (46,17) (47,13) (48,10) (49,8) (50,9) (51,7) (52,7) (53,6) (54,2) (55,4) (56,5) (57,7) (58,7) (59,7) (60,10) (61,9) (62,12) (63,15) (64,19) (65,21) (66,22) (67,22) (68,24) (69,24) (70,26) (71,29) (72,33) (73,36) (74,37) (75,40) (76,41) (77,43) (78,46) (79,49) (80,51) (81,55) (82,57) (83,60) (84,63) (85,67) (86,70) (87,75) (88,79) (89,84) (90,87) (91,90) (92,94) (93,98) 
TD 7 :
(99,118) (0,100) (98,115) (1,95) (97,113) (2,89) (96,109) (3,86) (95,107) (4,79) (94,101) (5,76) (93,98) (6,73) (7,71) (8,68) (9,64) (10,61) (11,58) (12,53) (13,54) (14,53) (15,51) (16,49) (17,46) (18,45) (19,44) (20,43) (21,41) (22,37) (23,36) (24,36) (25,34) (26,31) (27,27) (28,28) (29,28) (30,27) (31,23) (32,22) (33,19) (34,18) (35,17) (36,17) (37,17) (38,20) (39,20) (40,21) (41,19) (42,16) (43,13) (44,16) (45,17) (46,17) (47,13) (48,10) (49,8) (50,9) (51,7) (52,7) (53,6) (54,2) (55,4) (56,5) (57,7) (58,7) (59,7) (60,10) (61,9) (62,12) (63,15) (64,19) (65,21) (66,22) (67,22) (68,24) (69,24) (70,26) (71,29) (72,33) (73,36) (74,37) (75,40) (76,41) (77,43) (78,46) (79,49) (80,51) (81,55) (82,57) (83,60) (84,63) (85,67) (86,70) (87,75) (88,79) (89,84) (90,87) (91,90) (92,94) 
TD 8 :
(99,118) (0,100) (98,115) (1,95) (97,113) (2,89) (96,109) (3,86) (95,107) (4,79) (94,101) (5,76) (93,98) (6,73) (92,94) (7,71) (8,68) (9,64) (10,61) (11,58) (12,53) (13,54) (14,53) (15,51) (16,49) (17,46) (18,45) (19,44) (20,43) (21,41) (22,37) (23,36) (24,36) (25,34) (26,31) (27,27) (28,28) (29,28) (30,27) (31,23) (32,22) (33,19) (34,18) (35,17) (36,17) (37,17) (38,20) (39,20) (40,21) (41,19) (42,16) (43,13) (44,16) (45,17) (46,17) (47,13) (48,10) (49,8) (50,9) (51,7) (52,7) (53,6) (54,2) (55,4) (56,5) (57,7) (58,7) (59,7) (60,10) (61,9) (62,12) (63,15) (64,19) (65,21) (66,22) (67,22) (68,24) (69,24) (70,26) (71,29) (72,33) (73,36) (74,37) (75,40) (76,41) (77,43) (78,46) (79,49) (80,51) (81,55) (82,57) (83,60) (84,63) (85,67) (86,70) (87,75) (88,79) (89,84) (90,87) (91,90) 
TD 9 :
(99,118) (0,100) (98,115) (1,95) (97,113) (2,89) (96,109) (3,86) (95,107) (4,79) (94,101) (5,76) (93,98) (6,73) (92,94) (7,71) (91,90) (8,68) (9,64) (10,61) (11,58) (12,53) (13,54) (14,53) (15,51) (16,49) (17,46) (18,45) (19,44) (20,43) (21,41) (22,37) (23,36) (24,36) (25,34) (26,31) (27,27) (28,28) (29,28) (30,27) (31,23) (32,22) (33,19) (34,18) (35,17) (36,17) (37,17) (38,20) (39,20) (40,21) (41,19) (42,16) (43,13) (44,16) (45,17) (46,17) (47,13) (48,10) (49,8) (50,9) (51,7) (52,7) (53,6) (54,2) (55,4) (56,5) (57,7) (58,7) (59,7) (60,10) (61,9) (62,12) (63,15) (64,19) (65,21) (66,22) (67,22) (68,24) (69,24) (70,26) (71,29) (72,33) (73,36) (74,37) (75,40) (76,41) (77,43) (78,46) (79,49) (80,51) (81,55) (82,57) (83,60) (84,63) (85,67) (86,70) (87,75) (88,79) (89,84) (90,87) 
TD 10 :
(99,118) (0,100) (98,115) (1,95) (97,113) (2,89) (96,109) (3,86) (95,107) (4,79) (94,101) (5,76) (93,98) (6,73) (92,94) (7,71) (91,90) (8,68) (90,87) (9,64) (10,61) (11,58) (12,53) (13,54) (14,53) (15,51) (16,49) (17,46) (18,45) (19,44) (20,43) (21,41) (22,37) (23,36) (24,36) (25,34) (26,31) (27,27) (28,28) (29,28) (30,27) (31,23) (32,22) (33,19) (34,18) (35,17) (36,17) (37,17) (38,20) (39,20) (40,21) (41,19) (42,16) (43,13) (44,16) (45,17) (46,17) (47,13) (48,10) (49,8) (50,9) (51,7) (52,7) (53,6) (54,2) (55,4) (56,5) (57,7) (58,7) (59,7) (60,10) (61,9) (62,12) (63,15) (64,19) (65,21) (66,22) (67,22) (68,24) (69,24) (70,26) (71,29) (72,33) (73,36) (74,37) (75,40) (76,41) (77,43) (78,46) (79,49) (80,51) (81,55) (82,57) (83,60) (84,63) (85,67) (86,70) (87,75) (88,79) (89,84) 
TD 11 :
(99,118) (0,100) (98,115) (1,95) (97,113) (2,89) (96,109) (3,86) (95,107) (4,79) (94,101) (5,76) (93,98) (6,73) (92,94) (7,71) (91,90) (8,68) (90,87) (9,64) (89,84) (10,61) (11,58) (12,53) (13,54) (14,53) (15,51) (16,49) (17,46) (18,45) (19,44) (20,43) (21,41) (22,37) (23,36) (24,36) (25,34) (26,31) (27,27) (28,28) (29,28) (30,27) (31,23) (32,22) (33,19) (34,18) (35,17) (36,17) (37,17) (38,20) (39,20) (40,21) (41,19) (42,16) (43,13) (44,16) (45,17) (46,17) (47,13) (48,10) (49,8) (50,9) (51,7) (52,7) (53,6) (54,2) (55,4) (56,5) (57,7) (58,7) (59,7) (60,10) (61,9) (62,12) (63,15) (64,19) (65,21) (66,22) (67,22) (68,24) (69,24) (70,26) (71,29) (72,33) (73,36) (74,37) (75,40) (76,41) (77,43) (78,46) (79,49) (80,51) (81,55) (82,57) (83,60) (84,63) (85,67) (86,70) (87,75) (88,79) 
TD 12 :
(99,118) (0,100) (98,115) (1,95) (97,113) (2,89) (96,109) (3,86) (95,107) (4,79) (94,101) (5,76) (93,98) (6,73) (92,94) (7,71) (91,90) (8,68) (90,87) (9,64) (89,84) (10,61) (88,79) (11,58) (12,53) (13,54) (14,53) (15,51) (16,49) (17,46) (18,45) (19,44) (20,43) (21,41) (22,37) (23,36) (24,36) (25,34) (26,31) (27,27) (28,28) (29,28) (30,27) (31,23) (32,22) (33,19) (34,18) (35,17) (36,17) (37,17) (38,20) (39,20) (40,21) (41,19) (42,16) (43,13) (44,16) (45,17) (46,17) (47,13) (48,10) (49,8) (50,9) (51,7) (52,7) (53,6) (54,2) (55,4) (56,5) (57,7) (58,7) (59,7) (60,10) (61,9) (62,12) (63,15) (64,19) (65,21) (66,22) (67,22) (68,24) (69,24) (70,26) (71,29) (72,33) (73,36) (74,37) (75,40) (76,41) (77,43) (78,46) (79,49) (80,51) (81,55) (82,57) (83,60) (84,63) (85,67) (86,70) (87,75) 
TD 13 :
(99,118) (0,100) (98,115) (1,95) (97,113) (2,89) (96,109) (3,86) (95,107) (4,79) (94,101) (5,76) (93,98) (6,73) (92,94) (7,71) (91,90) (8,68) (90,87) (9,64) (89,84) (10,61) (88,79) (11,58) (87,75) (13,54) (12,53) 
(99,118) (0,100) (98,115) (1,95) (97,113) (2,89) (96,109) (3,86) (95,107) (4,79) (94,101) (5,76) (93,98) (6,73) (92,94) (7,71) (91,90) (8,68) (90,87) (9,64) (89,84) (10,61) (88,79) (11,58) (87,75) (13,54) (12,53) (14,53) (15,51) (16,49) (17,46) (18,45) (19,44) (20,43) (21,41) (22,37) (23,36) (24,36) (25,34) (26,31) (27,27) (28,28) (29,28) (30,27) (31,23) (32,22) (33,19) (34,18) (35,17) (36,17) (37,17) (38,20) (39,20) (40,21) (41,19) (42,16) (43,13) (44,16) (45,17) (46,17) (47,13) (48,10) (49,8) (50,9) (51,7) (52,7) (53,6) (54,2) (55,4) (56,5) (57,7) (58,7) (59,7) (60,10) (61,9) (62,12) (63,15) (64,19) (65,21) (66,22) (67,22) (68,24) (69,24) (70,26) (71,29) (72,33) (73,36) (74,37) (75,40) (76,41) (77,43) (78,46) (79,49) (80,51) (81,55) (82,57) (83,60) (84,63) (85,67) (86,70) 
TD 14 :
(99,118) (0,100) (98,115) (1,95) (97,113) (2,89) (96,109) (3,86) (95,107) (4,79) (94,101) (5,76) (93,98) (6,73) (92,94) (7,71) (91,90) (8,68) (90,87) (9,64) (89,84) (10,61) (88,79) (11,58) (87,75) (13,54) (12,53) (86,70) (14,53) (15,51) (16,49) (17,46) (18,45) (19,44) (20,43) (21,41) (22,37) (23,36) (24,36) (25,34) (26,31) (27,27) (28,28) (29,28) (30,27) (31,23) (32,22) (33,19) (34,18) (35,17) (36,17) (37,17) (38,20) (39,20) (40,21) (41,19) (42,16) (43,13) (44,16) (45,17) (46,17) (47,13) (48,10) (49,8) (50,9) (51,7) (52,7) (53,6) (54,2) (55,4) (56,5) (57,7) (58,7) (59,7) (60,10) (61,9) (62,12) (63,15) (64,19) (65,21) (66,22) (67,22) (68,24) (69,24) (70,26) (71,29) (72,33) (73,36) (74,37) (75,40) (76,41) (77,43) (78,46) (79,49) (80,51) (81,55) (82,57) (83,60) (84,63) (85,67) 
TD 15 :
(99,118) (0,100) (98,115) (1,95) (97,113) (2,89) (96,109) (3,86) (95,107) (4,79) (94,101) (5,76) (93,98) (6,73) (92,94) (7,71) (91,90) (8,68) (90,87) (9,64) (89,84) (10,61) (88,79) (11,58) (87,75) (13,54) (12,53) (86,70) (14,53) (85,67) (15,51) (16,49) (17,46) (18,45) (19,44) (20,43) (21,41) (22,37) (23,36) (24,36) (25,34) (26,31) (27,27) (28,28) (29,28) (30,27) (31,23) (32,22) (33,19) (34,18) (35,17) (36,17) (37,17) (38,20) (39,20) (40,21) (41,19) (42,16) (43,13) (44,16) (45,17) (46,17) (47,13) (48,10) (49,8) (50,9) (51,7) (52,7) (53,6) (54,2) (55,4) (56,5) (57,7) (58,7) (59,7) (60,10) (61,9) (62,12) (63,15) (64,19) (65,21) (66,22) (67,22) (68,24) (69,24) (70,26) (71,29) (72,33) (73,36) (74,37) (75,40) (76,41) (77,43) (78,46) (79,49) (80,51) (81,55) (82,57) (83,60) (84,63) 
TD 16 :
(99,118) (0,100) (98,115) (1,95) (97,113) (2,89) (96,109) (3,86) (95,107) (4,79) (94,101) (5,76) (93,98) (6,73) (92,94) (7,71) (91,90) (8,68) (90,87) (9,64) (89,84) (10,61) (88,79) (11,58) (87,75) (13,54) (12,53) (86,70) (14,53) (85,67) (15,51) (84,63) (16,49) (17,46) (18,45) (19,44) (20,43) (21,41) (22,37) (23,36) (24,36) (25,34) (26,31) (27,27) (28,28) (29,28) (30,27) (31,23) (32,22) (33,19) (34,18) (35,17) (36,17) (37,17) (38,20) (39,20) (40,21) (41,19) (42,16) (43,13) (44,16) (45,17) (46,17) (47,13) (48,10) (49,8) (50,9) (51,7) (52,7) (53,6) (54,2) (55,4) (56,5) (57,7) (58,7) (59,7) (60,10) (61,9) (62,12) (63,15) (64,19) (65,21) (66,22) (67,22) (68,24) (69,24) (70,26) (71,29) (72,33) (73,36) (74,37) (75,40) (76,41) (77,43) (78,46) (79,49) (80,51) (81,55) (82,57) (83,60) 
TD 17 :
(99,118) (0,100) (98,115) (1,95) (97,113) (2,89) (96,109) (3,86) (95,107) (4,79) (94,101) (5,76) (93,98) (6,73) (92,94) (7,71) (91,90) (8,68) (90,87) (9,64) (89,84) (10,61) (88,79) (11,58) (87,75) (13,54) (12,53) (86,70) (14,53) (85,67) (15,51) (84,63) (16,49) (83,60) (17,46) (18,45) (19,44) (20,43) (21,41) (22,37) (23,36) (24,36) (25,34) (26,31) (27,27) (28,28) (29,28) (30,27) (31,23) (32,22) (33,19) (34,18) (35,17) (36,17) (37,17) (38,20) (39,20) (40,21) (41,19) (42,16) (43,13) (44,16) (45,17) (46,17) (47,13) (48,10) (49,8) (50,9) (51,7) (52,7) (53,6) (54,2) (55,4) (56,5) (57,7) (58,7) (59,7) (60,10) (61,9) (62,12) (63,15) (64,19) (65,21) (66,22) (67,22) (68,24) (69,24) (70,26) (71,29) (72,33) (73,36) (74,37) (75,40) (76,41) (77,43) (78,46) (79,49) (80,51) (81,55) (82,57) 
TD 18 :
(99,118) (0,100) (98,115) (1,95) (97,113) (2,89) (96,109) (3,86) (95,107) (4,79) (94,101) (5,76) (93,98) (6,73) (92,94) (7,71) (91,90) (8,68) (90,87) (9,64) (89,84) (10,61) (88,79) (11,58) (87,75) (13,54) (12,53) (86,70) (14,53) (85,67) (15,51) (84,63) (16,49) (83,60) (17,46) (82,57) (18,45) (19,44) (20,43) (21,41) (22,37) (23,36) (24,36) (25,34) (26,31) (27,27) (28,28) (29,28) (30,27) (31,23) (32,22) (33,19) (34,18) (35,17) (36,17) (37,17) (38,20) (39,20) (40,21) (41,19) (42,16) (43,13) (44,16) (45,17) (46,17) (47,13) (48,10) (49,8) (50,9) (51,7) (52,7) (53,6) (54,2) (55,4) (56,5) (57,7) (58,7) (59,7) (60,10) (61,9) (62,12) (63,15) (64,19) (65,21) (66,22) (67,22) (68,24) (69,24) (70,26) (71,29) (72,33) (73,36) (74,37) (75,40) (76,41) (77,43) (78,46) (79,49) (80,51) (81,55) 
TD 19 :
(99,118) (0,100) (98,115) (1,95) (97,113) (2,89) (96,109) (3,86) (95,107) (4,79) (94,101) (5,76) (93,98) (6,73) (92,94) (7,71) (91,90) (8,68) (90,87) (9,64) (89,84) (10,61) (88,79) (11,58) (87,75) (13,54) (12,53) (86,70) (14,53) (85,67) (15,51) (84,63) (16,49) (83,60) (17,46) (82,57) (18,45) (81,55) (19,44) (20,43) (21,41) (22,37) (23,36) (24,36) (25,34) (26,31) (27,27) (28,28) (29,28) (30,27) (31,23) (32,22) (33,19) (34,18) (35,17) (36,17) (37,17) (38,20) (39,20) (40,21) (41,19) (42,16) (43,13) (44,16) (45,17) (46,17) (47,13) (48,10) (49,8) (50,9) (51,7) (52,7) (53,6) (54,2) (55,4) (56,5) (57,7) (58,7) (59,7) (60,10) (61,9) (62,12) (63,15) (64,19) (65,21) (66,22) (67,22) (68,24) (69,24) (70,26) (71,29) (72,33) (73,36) (74,37) (75,40) (76,41) (77,43) (78,46) (79,49) (80,51) 
TD 20 :
(99,118) (0,100) (98,115) (1,95) (97,113) (2,89) (96,109) (3,86) (95,107) (4,79) (94,101) (5,76) (93,98) (6,73) (92,94) (7,71) (91,90) (8,68) (90,87) (9,64) (89,84) (10,61) (88,79) (11,58) (87,75) (13,54) (12,53) (86,70) (14,53) (85,67) (15,51) (84,63) (16,49) (83,60) (17,46) (82,57) (18,45) (81,55) (19,44) (80,51) (20,43) (21,41) (22,37) (23,36) (24,36) (25,34) (26,31) (27,27) (28,28) (29,28) (30,27) (31,23) (32,22) (33,19) (34,18) (35,17) (36,17) (37,17) (38,20) (39,20) (40,21) (41,19) (42,16) (43,13) (44,16) (45,17) (46,17) (47,13) (48,10) (49,8) (50,9) (51,7) (52,7) (53,6) (54,2) (55,4) (56,5) (57,7) (58,7) (59,7) (60,10) (61,9) (62,12) (63,15) (64,19) (65,21) (66,22) (67,22) (68,24) (69,24) (70,26) (71,29) (72,33) (73,36) (74,37) (75,40) (76,41) (77,43) (78,46) (79,49) 
TD 21 :
(99,118) (0,100) (98,115) (1,95) (97,113) (2,89) (96,109) (3,86) (95,107) (4,79) (94,101) (5,76) (93,98) (6,73) (92,94) (7,71) (91,90) (8,68) (90,87) (9,64) (89,84) (10,61) (88,79) (11,58) (87,75) (13,54) (12,53) (86,70) (14,53) (85,67) (15,51) (84,63) (16,49) (83,60) (17,46) (82,57) (18,45) (81,55) (19,44) (80,51) (20,43) (79,49) (21,41) (22,37) (23,36) (24,36) (25,34) (26,31) (27,27) (28,28) (29,28) (30,27) (31,23) (32,22) (33,19) (34,18) (35,17) (36,17) (37,17) (38,20) (39,20) (40,21) (41,19) (42,16) (43,13) (44,16) (45,17) (46,17) (47,13) (48,10) (49,8) (50,9) (51,7) (52,7) (53,6) (54,2) (55,4) (56,5) (57,7) (58,7) (59,7) (60,10) (61,9) (62,12) (63,15) (64,19) (65,21) (66,22) (67,22) (68,24) (69,24) (70,26) (71,29) (72,33) (73,36) (74,37) (75,40) (76,41) (77,43) (78,46) 
TD 22 :
(99,118) (0,100) (98,115) (1,95) (97,113) (2,89) (96,109) (3,86) (95,107) (4,79) (94,101) (5,76) (93,98) (6,73) (92,94) (7,71) (91,90) (8,68) (90,87) (9,64) (89,84) (10,61) (88,79) (11,58) (87,75) (13,54) (12,53) (86,70) (14,53) (85,67) (15,51) (84,63) (16,49) (83,60) (17,46) (82,57) (18,45) (81,55) (19,44) (80,51) (20,43) (79,49) (21,41) (78,46) (22,37) (23,36) (24,36) (25,34) (26,31) (27,27) (28,28) (29,28) (30,27) (31,23) (32,22) (33,19) (34,18) (35,17) (36,17) (37,17) (38,20) (39,20) (40,21) (41,19) (42,16) (43,13) (44,16) (45,17) (46,17) (47,13) (48,10) (49,8) (50,9) (51,7) (52,7) (53,6) (54,2) (55,4) (56,5) (57,7) (58,7) (59,7) (60,10) (61,9) (62,12) (63,15) (64,19) (65,21) (66,22) (67,22) (68,24) (69,24) (70,26) (71,29) (72,33) (73,36) (74,37) (75,40) (76,41) (77,43) 
TD 23 :
(99,118) (0,100) (98,115) (1,95) (97,113) (2,89) (96,109) (3,86) (95,107) (4,79) (94,101) (5,76) (93,98) (6,73) (92,94) (7,71) (91,90) (8,68) (90,87) (9,64) (89,84) (10,61) (88,79) (11,58) (87,75) (13,54) (12,53) (86,70) (14,53) (85,67) (15,51) (84,63) (16,49) (83,60) (17,46) (82,57) (18,45) (81,55) (19,44) (80,51) (20,43) (79,49) (21,41) (78,46) (22,37) (77,43) (23,36) (24,36) (25,34) (26,31) (27,27) (28,28) (29,28) (30,27) (31,23) (32,22) (33,19) (34,18) (35,17) (36,17) (37,17) (38,20) (39,20) (40,21) (41,19) (42,16) (43,13) (44,16) (45,17) (46,17) (47,13) (48,10) (49,8) (50,9) (51,7) (52,7) (53,6) (54,2) (55,4) (56,5) (57,7) (58,7) (59,7) (60,10) (61,9) (62,12) (63,15) (64,19) (65,21) (66,22) (67,22) (68,24) (69,24) (70,26) (71,29) (72,33) (73,36) (74,37) (75,40) (76,41) 
TD 24 :
(99,118) (0,100) (98,115) (1,95) (97,113) (2,89) (96,109) (3,86) (95,107) (4,79) (94,101) (5,76) (93,98) (6,73) (92,94) (7,71) (91,90) (8,68) (90,87) (9,64) (89,84) (10,61) (88,79) (11,58) (87,75) (13,54) (12,53) (86,70) (14,53) (85,67) (15,51) (84,63) (16,49) (83,60) (17,46) (82,57) (18,45) (81,55) (19,44) (80,51) (20,43) (79,49) (21,41) (78,46) (22,37) (77,43) (23,36) (76,41) (24,36) (25,34) (26,31) (27,27) (28,28) (29,28) (30,27) (31,23) (32,22) (33,19) (34,18) (35,17) (36,17) (37,17) (38,20) (39,20) (40,21) (41,19) (42,16) (43,13) (44,16) (45,17) (46,17) (47,13) (48,10) (49,8) (50,9) (51,7) (52,7) (53,6) (54,2) (55,4) (56,5) (57,7) (58,7) (59,7) (60,10) (61,9) (62,12) (63,15) (64,19) (65,21) (66,22) (67,22) (68,24) (69,24) (70,26) (71,29) (72,33) (73,36) (74,37) (75,40) 
TD 25 :
(99,118) (0,100) (98,115) (1,95) (97,113) (2,89) (96,109) (3,86) (95,107) (4,79) (94,101) (5,76) (93,98) (6,73) (92,94) (7,71) (91,90) (8,68) (90,87) (9,64) (89,84) (10,61) (88,79) (11,58) (87,75) (13,54) (12,53) (86,70) (14,53) (85,67) (15,51) (84,63) (16,49) (83,60) (17,46) (82,57) (18,45) (81,55) (19,44) (80,51) (20,43) (79,49) (21,41) (78,46) (22,37) (77,43) (23,36) (76,41) (24,36) (75,40) (25,34) (26,31) (27,27) (28,28) (29,28) (30,27) (31,23) (32,22) (33,19) (34,18) (35,17) (36,17) (37,17) (38,20) (39,20) (40,21) (41,19) (42,16) (43,13) (44,16) (45,17) (46,17) (47,13) (48,10) (49,8) (50,9) (51,7) (52,7) (53,6) (54,2) (55,4) (56,5) (57,7) (58,7) (59,7) (60,10) (61,9) (62,12) (63,15) (64,19) (65,21) (66,22) (67,22) (68,24) (69,24) (70,26) (71,29) (72,33) (73,36) (74,37) 
TD 26 :
(99,118) (0,100) (98,115) (1,95) (97,113) (2,89) (96,109) (3,86) (95,107) (4,79) (94,101) (5,76) (93,98) (6,73) (92,94) (7,71) (91,90) (8,68) (90,87) (9,64) (89,84) (10,61) (88,79) (11,58) (87,75) (13,54) (12,53) (86,70) (14,53) (85,67) (15,51) (84,63) (16,49) (83,60) (17,46) (82,57) (18,45) (81,55) (19,44) (80,51) (20,43) (79,49) (21,41) (78,46) (22,37) (77,43) (23,36) (76,41) (24,36) (75,40) (25,34) (74,37) (26,31) (27,27) (28,28) (29,28) (30,27) (31,23) (32,22) (33,19) (34,18) (35,17) (36,17) (37,17) (38,20) (39,20) (40,21) (41,19) (42,16) (43,13) (44,16) (45,17) (46,17) (47,13) (48,10) (49,8) (50,9) (51,7) (52,7) (53,6) (54,2) (55,4) (56,5) (57,7) (58,7) (59,7) (60,10) (61,9) (62,12) (63,15) (64,19) (65,21) (66,22) (67,22) (68,24) (69,24) (70,26) (71,29) (72,33) (73,36) 
TD 27 :
(99,118) (0,100) (98,115) (1,95) (97,113) (2,89) (96,109) (3,86) (95,107) (4,79) (94,101) (5,76) (93,98) (6,73) (92,94) (7,71) (91,90) (8,68) (90,87) (9,64) (89,84) (10,61) (88,79) (11,58) (87,75) (13,54) (12,53) (86,70) (14,53) (85,67) (15,51) (84,63) (16,49) (83,60) (17,46) (82,57) (18,45) (81,55) (19,44) (80,51) (20,43) (79,49) (21,41) (78,46) (22,37) (77,43) (23,36) (76,41) (24,36) (75,40) (25,34) (74,37) (26,31) (73,36) (28,28) (27,27) 
(99,118) (0,100) (98,115) (1,95) (97,113) (2,89) (96,109) (3,86) (95,107) (4,79) (94,101) (5,76) (93,98) (6,73) (92,94) (7,71) (91,90) (8,68) (90,87) (9,64) (89,84) (10,61) (88,79) (11,58) (87,75) (13,54) (12,53) (86,70) (14,53) (85,67) (15,51) (84,63) (16,49) (83,60) (17,46) (82,57) (18,45) (81,55) (19,44) (80,51) (20,43) (79,49) (21,41) (78,46) (22,37) (77,43) (23,36) (76,41) (24,36) (75,40) (25,34) (74,37) (26,31) (73,36) (28,28) (27,27) (29,28) (30,27) (31,23) (32,22) (33,19) (34,18) (35,17) (36,17) (37,17) (38,20) (39,20) (40,21) (41,19) (42,16) (43,13) (44,16) (45,17) (46,17) (47,13) (48,10) (49,8) (50,9) (51,7) (52,7) (53,6) (54,2) (55,4) (56,5) (57,7) (58,7) (59,7) (60,10) (61,9) (62,12) (63,15) (64,19) (65,21) (66,22) (67,22) (68,24) (69,24) (70,26) (71,29) (72,33) 
TD 28 :
(99,118) (0,100) (98,115) (1,95) (97,113) (2,89) (96,109) (3,86) (95,107) (4,79) (94,101) (5,76) (93,98) (6,73) (92,94) (7,71) (91,90) (8,68) (90,87) (9,64) (89,84) (10,61) (88,79) (11,58) (87,75) (13,54) (12,53) (86,70) (14,53) (85,67) (15,51) (84,63) (16,49) (83,60) (17,46) (82,57) (18,45) (81,55) (19,44) (80,51) (20,43) (79,49) (21,41) (78,46) (22,37) (77,43) (23,36) (76,41) (24,36) (75,40) (25,34) (74,37) (26,31) (73,36) (28,28) (27,27) (72,33) (29,28) (30,27) (31,23) (32,22) (33,19) (34,18) (35,17) (36,17) (37,17) (38,20) (39,20) (40,21) (41,19) (42,16) (43,13) (44,16) (45,17) (46,17) (47,13) (48,10) (49,8) (50,9) (51,7) (52,7) (53,6) (54,2) (55,4) (56,5) (57,7) (58,7) (59,7) (60,10) (61,9) (62,12) (63,15) (64,19) (65,21) (66,22) (67,22) (68,24) (69,24) (70,26) (71,29) 
TD 29 :
(99,118) (0,100) (98,115) (1,95) (97,113) (2,89) (96,109) (3,86) (95,107) (4,79) (94,101) (5,76) (93,98) (6,73) (92,94) (7,71) (91,90) (8,68) (90,87) (9,64) (89,84) (10,61) (88,79) (11,58) (87,75) (13,54) (12,53) (86,70) (14,53) (85,67) (15,51) (84,63) (16,49) (83,60) (17,46) (82,57) (18,45) (81,55) (19,44) (80,51) (20,43) (79,49) (21,41) (78,46) (22,37) (77,43) (23,36) (76,41) (24,36) (75,40) (25,34) (74,37) (26,31) (73,36) (28,28) (27,27) (72,33) (29,28) (71,29) (30,27) (31,23) (32,22) (33,19) (34,18) (35,17) (36,17) (37,17) (38,20) (39,20) (40,21) (41,19) (42,16) (43,13) (44,16) (45,17) (46,17) (47,13) (48,10) (49,8) (50,9) (51,7) (52,7) (53,6) (54,2) (55,4) (56,5) (57,7) (58,7) (59,7) (60,10) (61,9) (62,12) (63,15) (64,19) (65,21) (66,22) (67,22) (68,24) (69,24) (70,26) 
TD 30 :
(99,118) (0,100) (98,115) (1,95) (97,113) (2,89) (96,109) (3,86) (95,107) (4,79) (94,101) (5,76) (93,98) (6,73) (92,94) (7,71) (91,90) (8,68) (90,87) (9,64) (89,84) (10,61) (88,79) (11,58) (87,75) (13,54) (12,53) (86,70) (14,53) (85,67) (15,51) (84,63) (16,49) (83,60) (17,46) (82,57) (18,45) (81,55) (19,44) (80,51) (20,43) (79,49) (21,41) (78,46) (22,37) (77,43) (23,36) (76,41) (24,36) (75,40) (25,34) (74,37) (26,31) (73,36) (28,28) (27,27) (72,33) (29,28) (71,29) (30,27) (70,26) (31,23) (32,22) (33,19) (34,18) (35,17) (36,17) (37,17) (38,20) (39,20) (40,21) (41,19) (42,16) (43,13) (44,16) (45,17) (46,17) (47,13) (48,10) (49,8) (50,9) (51,7) (52,7) (53,6) (54,2) (55,4) (56,5) (57,7) (58,7) (59,7) (60,10) (61,9) (62,12) (63,15) (64,19) (65,21) (66,22) (67,22) (68,24) (69,24) 
TD 31 :
(99,118) (0,100) (98,115) (1,95) (97,113) (2,89) (96,109) (3,86) (95,107) (4,79) (94,101) (5,76) (93,98) (6,73) (92,94) (7,71) (91,90) (8,68) (90,87) (9,64) (89,84) (10,61) (88,79) (11,58) (87,75) (13,54) (12,53) (86,70) (14,53) (85,67) (15,51) (84,63) (16,49) (83,60) (17,46) (82,57) (18,45) (81,55) (19,44) (80,51) (20,43) (79,49) (21,41) (78,46) (22,37) (77,43) (23,36) (76,41) (24,36) (75,40) (25,34) (74,37) (26,31) (73,36) (28,28) (27,27) (72,33) (29,28) (71,29) (30,27) (70,26) (31,23) (69,24) (68,24) (32,22) (33,19) (34,18) (35,17) (36,17) (37,17) (38,20) (39,20) (40,21) (41,19) (42,16) (43,13) (44,16) (45,17) (46,17) (47,13) (48,10) (49,8) (50,9) (51,7) (52,7) (53,6) (54,2) (55,4) (56,5) (57,7) (58,7) (59,7) (60,10) (61,9) (62,12) (63,15) (64,19) (65,21) (66,22) (67,22) 
(99,118) (0,100) (98,115) (1,95) (97,113) (2,89) (96,109) (3,86) (95,107) (4,79) (94,101) (5,76) (93,98) (6,73) (92,94) (7,71) (91,90) (8,68) (90,87) (9,64) (89,84) (10,61) (88,79) (11,58) (87,75) (13,54) (12,53) (86,70) (14,53) (85,67) (15,51) (84,63) (16,49) (83,60) (17,46) (82,57) (18,45) (81,55) (19,44) (80,51) (20,43) (79,49) (21,41) (78,46) (22,37) (77,43) (23,36) (76,41) (24,36) (75,40) (25,34) (74,37) (26,31) (73,36) (28,28) (27,27) (72,33) (29,28) (71,29) (30,27) (70,26) (31,23) (69,24) (68,24) (32,22) 
TD 32 :
(99,118) (0,100) (98,115) (1,95) (97,113) (2,89) (96,109) (3,86) (95,107) (4,79) (94,101) (5,76) (93,98) (6,73) (92,94) (7,71) (91,90) (8,68) (90,87) (9,64) (89,84) (10,61) (88,79) (11,58) (87,75) (13,54) (12,53) (86,70) (14,53) (85,67) (15,51) (84,63) (16,49) (83,60) (17,46) (82,57) (18,45) (81,55) (19,44) (80,51) (20,43) (79,49) (21,41) (78,46) (22,37) (77,43) (23,36) (76,41) (24,36) (75,40) (25,34) (74,37) (26,31) (73,36) (28,28) (27,27) (72,33) (29,28) (71,29) (30,27) (70,26) (31,23) (69,24) (68,24) (32,22) (67,22) (66,22) (40,21) (33,19) (34,18) (35,17) (36,17) (37,17) (38,20) (39,20) 
(99,118) (0,100) (98,115) (1,95) (97,113) (2,89) (96,109) (3,86) (95,107) (4,79) (94,101) (5,76) (93,98) (6,73) (92,94) (7,71) (91,90) (8,68) (90,87) (9,64) (89,84) (10,61) (88,79) (11,58) (87,75) (13,54) (12,53) (86,70) (14,53) (85,67) (15,51) (84,63) (16,49) (83,60) (17,46) (82,57) (18,45) (81,55) (19,44) (80,51) (20,43) (79,49) (21,41) (78,46) (22,37) (77,43) (23,36) (76,41) (24,36) (75,40) (25,34) (74,37) (26,31) (73,36) (28,28) (27,27) (72,33) (29,28) (71,29) (30,27) (70,26) (31,23) (69,24) (68,24) (32,22) (67,22) (66,22) (40,21) (33,19) (41,19) (42,16) (43,13) (44,16) (45,17) (46,17) (47,13) (48,10) (49,8) (50,9) (51,7) (52,7) (53,6) (54,2) (55,4) (56,5) (57,7) (58,7) (59,7) (60,10) (61,9) (62,12) (63,15) (64,19) (65,21) 
(99,118) (0,100) (98,115) (1,95) (97,113) (2,89) (96,109) (3,86) (95,107) (4,79) (94,101) (5,76) (93,98) (6,73) (92,94) (7,71) (91,90) (8,68) (90,87) (9,64) (89,84) (10,61) (88,79) (11,58) (87,75) (13,54) (12,53) (86,70) (14,53) (85,67) (15,51) (84,63) (16,49) (83,60) (17,46) (82,57) (18,45) (81,55) (19,44) (80,51) (20,43) (79,49) (21,41) (78,46) (22,37) (77,43) (23,36) (76,41) (24,36) (75,40) (25,34) (74,37) (26,31) (73,36) (28,28) (27,27) (72,33) (29,28) (71,29) (30,27) (70,26) (31,23) (69,24) (68,24) (32,22) (67,22) (66,22) (40,21) (33,19) 
TD 33 :
(99,118) (0,100) (98,115) (1,95) (97,113) (2,89) (96,109) (3,86) (95,107) (4,79) (94,101) (5,76) (93,98) (6,73) (92,94) (7,71) (91,90) (8,68) (90,87) (9,64) (89,84) (10,61) (88,79) (11,58) (87,75) (13,54) (12,53) (86,70) (14,53) (85,67) (15,51) (84,63) (16,49) (83,60) (17,46) (82,57) (18,45) (81,55) (19,44) (80,51) (20,43) (79,49) (21,41) (78,46) (22,37) (77,43) (23,36) (76,41) (24,36) (75,40) (25,34) (74,37) (26,31) (73,36) (28,28) (27,27) (72,33) (29,28) (71,29) (30,27) (70,26) (31,23) (69,24) (68,24) (32,22) (67,22) (66,22) (40,21) (33,19) (38,20) (34,18) (35,17) (36,17) (37,17) 
(99,118) (0,100) (98,115) (1,95) (97,113) (2,89) (96,109) (3,86) (95,107) (4,79) (94,101) (5,76) (93,98) (6,73) (92,94) (7,71) (91,90) (8,68) (90,87) (9,64) (89,84) (10,61) (88,79) (11,58) (87,75) (13,54) (12,53) (86,70) (14,53) (85,67) (15,51) (84,63) (16,49) (83,60) (17,46) (82,57) (18,45) (81,55) (19,44) (80,51) (20,43) (79,49) (21,41) (78,46) (22,37) (77,43) (23,36) (76,41) (24,36) (75,40) (25,34) (74,37) (26,31) (73,36) (28,28) (27,27) (72,33) (29,28) (71,29) (30,27) (70,26) (31,23) (69,24) (68,24) (32,22) (67,22) (66,22) (40,21) (33,19) (38,20) (34,18) (39,20) 
(99,118) (0,100) (98,115) (1,95) (97,113) (2,89) (96,109) (3,86) (95,107) (4,79) (94,101) (5,76) (93,98) (6,73) (92,94) (7,71) (91,90) (8,68) (90,87) (9,64) (89,84) (10,61) (88,79) (11,58) (87,75) (13,54) (12,53) (86,70) (14,53) (85,67) (15,51) (84,63) (16,49) (83,60) (17,46) (82,57) (18,45) (81,55) (19,44) (80,51) (20,43) (79,49) (21,41) (78,46) (22,37) (77,43) (23,36) (76,41) (24,36) (75,40) (25,34) (74,37) (26,31) (73,36) (28,28) (27,27) (72,33) (29,28) (71,29) (30,27) (70,26) (31,23) (69,24) (68,24) (32,22) (67,22) (66,22) (40,21) (33,19) (65,21) (41,19) (42,16) (43,13) (44,16) (45,17) (46,17) (47,13) (48,10) (49,8) (50,9) (51,7) (52,7) (53,6) (54,2) (55,4) (56,5) (57,7) (58,7) (59,7) (60,10) (61,9) (62,12) (63,15) (64,19) 
TD 34 :
(99,118) (0,100) (98,115) (1,95) (97,113) (2,89) (96,109) (3,86) (95,107) (4,79) (94,101) (5,76) (93,98) (6,73) (92,94) (7,71) (91,90) (8,68) (90,87) (9,64) (89,84) (10,61) (88,79) (11,58) (87,75) (13,54) (12,53) (86,70) (14,53) (85,67) (15,51) (84,63) (16,49) (83,60) (17,46) (82,57) (18,45) (81,55) (19,44) (80,51) (20,43) (79,49) (21,41) (78,46) (22,37) (77,43) (23,36) (76,41) (24,36) (75,40) (25,34) (74,37) (26,31) (73,36) (28,28) (27,27) (72,33) (29,28) (71,29) (30,27) (70,26) (31,23) (69,24) (68,24) (32,22) (67,22) (66,22) (40,21) (33,19) (38,20) (34,18) (35,17) (36,17) (37,17) 
(99,118) (0,100) (98,115) (1,95) (97,113) (2,89) (96,109) (3,86) (95,107) (4,79) (94,101) (5,76) (93,98) (6,73) (92,94) (7,71) (91,90) (8,68) (90,87) (9,64) (89,84) (10,61) (88,79) (11,58) (87,75) (13,54) (12,53) (86,70) (14,53) (85,67) (15,51) (84,63) (16,49) (83,60) (17,46) (82,57) (18,45) (81,55) (19,44) (80,51) (20,43) (79,49) (21,41) (78,46) (22,37) (77,43) (23,36) (76,41) (24,36) (75,40) (25,34) (74,37) (26,31) (73,36) (28,28) (27,27) (72,33) (29,28) (71,29) (30,27) (70,26) (31,23) (69,24) (68,24) (32,22) (67,22) (66,22) (40,21) (33,19) (38,20) (34,18) (39,20) 
(99,118) (0,100) (98,115) (1,95) (97,113) (2,89) (96,109) (3,86) (95,107) (4,79) (94,101) (5,76) (93,98) (6,73) (92,94) (7,71) (91,90) (8,68) (90,87) (9,64) (89,84) (10,61) (88,79) (11,58) (87,75) (13,54) (12,53) (86,70) (14,53) (85,67) (15,51) (84,63) (16,49) (83,60) (17,46) (82,57) (18,45) (81,55) (19,44) (80,51) (20,43) (79,49) (21,41) (78,46) (22,37) (77,43) (23,36) (76,41) (24,36) (75,40) (25,34) (74,37) (26,31) (73,36) (28,28) (27,27) (72,33) (29,28) (71,29) (30,27) (70,26) (31,23) (69,24) (68,24) (32,22) (67,22) (66,22) (40,21) (33,19) (38,20) (34,18) (39,20) 
(99,118) (0,100) (98,115) (1,95) (97,113) (2,89) (96,109) (3,86) (95,107) (4,79) (94,101) (5,76) (93,98) (6,73) (92,94) (7,71) (91,90) (8,68) (90,87) (9,64) (89,84) (10,61) (88,79) (11,58) (87,75) (13,54) (12,53) (86,70) (14,53) (85,67) (15,51) (84,63) (16,49) (83,60) (17,46) (82,57) (18,45) (81,55) (19,44) (80,51) (20,43) (79,49) (21,41) (78,46) (22,37) (77,43) (23,36) (76,41) (24,36) (75,40) (25,34) (74,37) (26,31) (73,36) (28,28) (27,27) (72,33) (29,28) (71,29) (30,27) (70,26) (31,23) (69,24) (68,24) (32,22) (67,22) (66,22) (40,21) (33,19) (65,21) (64,19) (41,19) (42,16) (43,13) (44,16) (45,17) (46,17) (47,13) (48,10) (49,8) (50,9) (51,7) (52,7) (53,6) (54,2) (55,4) (56,5) (57,7) (58,7) (59,7) (60,10) (61,9) (62,12) (63,15) 
TD 35 :
(99,118) (0,100) (98,115) (1,95) (97,113) (2,89) (96,109) (3,86) (95,107) (4,79) (94,101) (5,76) (93,98) (6,73) (92,94) (7,71) (91,90) (8,68) (90,87) (9,64) (89,84) (10,61) (88,79) (11,58) (87,75) (13,54) (12,53) (86,70) (14,53) (85,67) (15,51) (84,63) (16,49) (83,60) (17,46) (82,57) (18,45) (81,55) (19,44) (80,51) (20,43) (79,49) (21,41) (78,46) (22,37) (77,43) (23,36) (76,41) (24,36) (75,40) (25,34) (74,37) (26,31) (73,36) (28,28) (27,27) (72,33) (29,28) (71,29) (30,27) (70,26) (31,23) (69,24) (68,24) (32,22) (67,22) (66,22) (40,21) (33,19) (38,20) (34,18) (35,17) (36,17) (37,17) 
(99,118) (0,100) (98,115) (1,95) (97,113) (2,89) (96,109) (3,86) (95,107) (4,79) (94,101) (5,76) (93,98) (6,73) (92,94) (7,71) (91,90) (8,68) (90,87) (9,64) (89,84) (10,61) (88,79) (11,58) (87,75) (13,54) (12,53) (86,70) (14,53) (85,67) (15,51) (84,63) (16,49) (83,60) (17,46) (82,57) (18,45) (81,55) (19,44) (80,51) (20,43) (79,49) (21,41) (78,46) (22,37) (77,43) (23,36) (76,41) (24,36) (75,40) (25,34) (74,37) (26,31) (73,36) (28,28) (27,27) (72,33) (29,28) (71,29) (30,27) (70,26) (31,23) (69,24) (68,24) (32,22) (67,22) (66,22) (40,21) (33,19) (65,21) (64,19) (63,15) (41,19) 
(99,118) (0,100) (98,115) (1,95) (97,113) (2,89) (96,109) (3,86) (95,107) (4,79) (94,101) (5,76) (93,98) (6,73) (92,94) (7,71) (91,90) (8,68) (90,87) (9,64) (89,84) (10,61) (88,79) (11,58) (87,75) (13,54) (12,53) (86,70) (14,53) (85,67) (15,51) (84,63) (16,49) (83,60) (17,46) (82,57) (18,45) (81,55) (19,44) (80,51) (20,43) (79,49) (21,41) (78,46) (22,37) (77,43) (23,36) (76,41) (24,36) (75,40) (25,34) (74,37) (26,31) (73,36) (28,28) (27,27) (72,33) (29,28) (71,29) (30,27) (70,26) (31,23) (69,24) (68,24) (32,22) (67,22) (66,22) (40,21) (33,19) (65,21) (64,19) (63,15) (41,19) (42,16) (43,13) (44,16) (45,17) (46,17) (47,13) (48,10) (49,8) (50,9) (51,7) (52,7) (53,6) (54,2) (55,4) (56,5) (57,7) (58,7) (59,7) (60,10) (61,9) (62,12) 
TD 36 :
(99,118) (0,100) (98,115) (1,95) (97,113) (2,89) (96,109) (3,86) (95,107) (4,79) (94,101) (5,76) (93,98) (6,73) (92,94) (7,71) (91,90) (8,68) (90,87) (9,64) (89,84) (10,61) (88,79) (11,58) (87,75) (13,54) (12,53) (86,70) (14,53) (85,67) (15,51) (84,63) (16,49) (83,60) (17,46) (82,57) (18,45) (81,55) (19,44) (80,51) (20,43) (79,49) (21,41) (78,46) (22,37) (77,43) (23,36) (76,41) (24,36) (75,40) (25,34) (74,37) (26,31) (73,36) (28,28) (27,27) (72,33) (29,28) (71,29) (30,27) (70,26) (31,23) (69,24) (68,24) (32,22) (67,22) (66,22) (40,21) (33,19) (38,20) (34,18) (35,17) (36,17) (37,17) 
(99,118) (0,100) (98,115) (1,95) (97,113) (2,89) (96,109) (3,86) (95,107) (4,79) (94,101) (5,76) (93,98) (6,73) (92,94) (7,71) (91,90) (8,68) (90,87) (9,64) (89,84) (10,61) (88,79) (11,58) (87,75) (13,54) (12,53) (86,70) (14,53) (85,67) (15,51) (84,63) (16,49) (83,60) (17,46) (82,57) (18,45) (81,55) (19,44) (80,51) (20,43) (79,49) (21,41) (78,46) (22,37) (77,43) (23,36) (76,41) (24,36) (75,40) (25,34) (74,37) (26,31) (73,36) (28,28) (27,27) (72,33) (29,28) (71,29) (30,27) (70,26) (31,23) (69,24) (68,24) (32,22) (67,22) (66,22) (40,21) (33,19) (65,21) (64,19) (63,15) (41,19) (62,12) (46,17) (45,17) (42,16) (43,13) (44,16) 
(99,118) (0,100) (98,115) (1,95) (97,113) (2,89) (96,109) (3,86) (95,107) (4,79) (94,101) (5,76) (93,98) (6,73) (92,94) (7,71) (91,90) (8,68) (90,87) (9,64) (89,84) (10,61) (88,79) (11,58) (87,75) (13,54) (12,53) (86,70) (14,53) (85,67) (15,51) (84,63) (16,49) (83,60) (17,46) (82,57) (18,45) (81,55) (19,44) (80,51) (20,43) (79,49) (21,41) (78,46) (22,37) (77,43) (23,36) (76,41) (24,36) (75,40) (25,34) (74,37) (26,31) (73,36) (28,28) (27,27) (72,33) (29,28) (71,29) (30,27) (70,26) (31,23) (69,24) (68,24) (32,22) (67,22) (66,22) (40,21) (33,19) (65,21) (64,19) (63,15) (41,19) (62,12) (46,17) (45,17) 
(99,118) (0,100) (98,115) (1,95) (97,113) (2,89) (96,109) (3,86) (95,107) (4,79) (94,101) (5,76) (93,98) (6,73) (92,94) (7,71) (91,90) (8,68) (90,87) (9,64) (89,84) (10,61) (88,79) (11,58) (87,75) (13,54) (12,53) (86,70) (14,53) (85,67) (15,51) (84,63) (16,49) (83,60) (17,46) (82,57) (18,45) (81,55) (19,44) (80,51) (20,43) (79,49) (21,41) (78,46) (22,37) (77,43) (23,36) (76,41) (24,36) (75,40) (25,34) (74,37) (26,31) (73,36) (28,28) (27,27) (72,33) (29,28) (71,29) (30,27) (70,26) (31,23) (69,24) (68,24) (32,22) (67,22) (66,22) (40,21) (33,19) (65,21) (64,19) (63,15) (41,19) (62,12) (46,17) (45,17) (47,13) (48,10) (49,8) (50,9) (51,7) (52,7) (53,6) (54,2) (55,4) (56,5) (57,7) (58,7) (59,7) (60,10) (61,9) 
TD 37 :
(99,118) (0,100) (98,115) (1,95) (97,113) (2,89) (96,109) (3,86) (95,107) (4,79) (94,101) (5,76) (93,98) (6,73) (92,94) (7,71) (91,90) (8,68) (90,87) (9,64) (89,84) (10,61) (88,79) (11,58) (87,75) (13,54) (12,53) (86,70) (14,53) (85,67) (15,51) (84,63) (16,49) (83,60) (17,46) (82,57) (18,45) (81,55) (19,44) (80,51) (20,43) (79,49) (21,41) (78,46) (22,37) (77,43) (23,36) (76,41) (24,36) (75,40) (25,34) (74,37) (26,31) (73,36) (28,28) (27,27) (72,33) (29,28) (71,29) (30,27) (70,26) (31,23) (69,24) (68,24) (32,22) (67,22) (66,22) (40,21) (33,19) (65,21) (64,19) (63,15) (41,19) (62,12) (46,17) (45,17) (44,16) (42,16) (43,13) 
(99,118) (0,100) (98,115) (1,95) (97,113) (2,89) (96,109) (3,86) (95,107) (4,79) (94,101) (5,76) (93,98) (6,73) (92,94) (7,71) (91,90) (8,68) (90,87) (9,64) (89,84) (10,61) (88,79) (11,58) (87,75) (13,54) (12,53) (86,70) (14,53) (85,67) (15,51) (84,63) (16,49) (83,60) (17,46) (82,57) (18,45) (81,55) (19,44) (80,51) (20,43) (79,49) (21,41) (78,46) (22,37) (77,43) (23,36) (76,41) (24,36) (75,40) (25,34) (74,37) (26,31) (73,36) (28,28) (27,27) (72,33) (29,28) (71,29) (30,27) (70,26) (31,23) (69,24) (68,24) (32,22) (67,22) (66,22) (40,21) (33,19) (65,21) (64,19) (63,15) (41,19) (62,12) (46,17) (45,17) (44,16) (42,16) 
(99,118) (0,100) (98,115) (1,95) (97,113) (2,89) (96,109) (3,86) (95,107) (4,79) (94,101) (5,76) (93,98) (6,73) (92,94) (7,71) (91,90) (8,68) (90,87) (9,64) (89,84) (10,61) (88,79) (11,58) (87,75) (13,54) (12,53) (86,70) (14,53) (85,67) (15,51) (84,63) (16,49) (83,60) (17,46) (82,57) (18,45) (81,55) (19,44) (80,51) (20,43) (79,49) (21,41) (78,46) (22,37) (77,43) (23,36) (76,41) (24,36) (75,40) (25,34) (74,37) (26,31) (73,36) (28,28) (27,27) (72,33) (29,28) (71,29) (30,27) (70,26) (31,23) (69,24) (68,24) (32,22) (67,22) (66,22) (40,21) (33,19) (65,21) (64,19) (63,15) (41,19) (62,12) (46,17) (45,17) (61,9) (60,10) (47,13) (48,10) (49,8) (50,9) (51,7) (52,7) (53,6) (54,2) (55,4) (56,5) (57,7) (58,7) (59,7) 
(99,118) (0,100) (98,115) (1,95) (97,113) (2,89) (96,109) (3,86) (95,107) (4,79) (94,101) (5,76) (93,98) (6,73) (92,94) (7,71) (91,90) (8,68) (90,87) (9,64) (89,84) (10,61) (88,79) (11,58) (87,75) (13,54) (12,53) (86,70) (14,53) (85,67) (15,51) (84,63) (16,49) (83,60) (17,46) (82,57) (18,45) (81,55) (19,44) (80,51) (20,43) (79,49) (21,41) (78,46) (22,37) (77,43) (23,36) (76,41) (24,36) (75,40) (25,34) (74,37) (26,31) (73,36) (28,28) (27,27) (72,33) (29,28) (71,29) (30,27) (70,26) (31,23) (69,24) (68,24) (32,22) (67,22) (66,22) (40,21) (33,19) (65,21) (64,19) (63,15) (41,19) (62,12) (46,17) (45,17) (61,9) (60,10) 
TD 38 :
(99,118) (0,100) (98,115) (1,95) (97,113) (2,89) (96,109) (3,86) (95,107) (4,79) (94,101) (5,76) (93,98) (6,73) (92,94) (7,71) (91,90) (8,68) (90,87) (9,64) (89,84) (10,61) (88,79) (11,58) (87,75) (13,54) (12,53) (86,70) (14,53) (85,67) (15,51) (84,63) (16,49) (83,60) (17,46) (82,57) (18,45) (81,55) (19,44) (80,51) (20,43) (79,49) (21,41) (78,46) (22,37) (77,43) (23,36) (76,41) (24,36) (75,40) (25,34) (74,37) (26,31) (73,36) (28,28) (27,27) (72,33) (29,28) (71,29) (30,27) (70,26) (31,23) (69,24) (68,24) (32,22) (67,22) (66,22) (40,21) (33,19) (65,21) (64,19) (63,15) (41,19) (62,12) (46,17) (45,17) (44,16) (42,16) (43,13) 
(99,118) (0,100) (98,115) (1,95) (97,113) (2,89) (96,109) (3,86) (95,107) (4,79) (94,101) (5,76) (93,98) (6,73) (92,94) (7,71) (91,90) (8,68) (90,87) (9,64) (89,84) (10,61) (88,79) (11,58) (87,75) (13,54) (12,53) (86,70) (14,53) (85,67) (15,51) (84,63) (16,49) (83,60) (17,46) (82,57) (18,45) (81,55) (19,44) (80,51) (20,43) (79,49) (21,41) (78,46) (22,37) (77,43) (23,36) (76,41) (24,36) (75,40) (25,34) (74,37) (26,31) (73,36) (28,28) (27,27) (72,33) (29,28) (71,29) (30,27) (70,26) (31,23) (69,24) (68,24) (32,22) (67,22) (66,22) (40,21) (33,19) (65,21) (64,19) (63,15) (41,19) (62,12) (46,17) (45,17) (61,9) (60,10) (59,7) (47,13) 
(99,118) (0,100) (98,115) (1,95) (97,113) (2,89) (96,109) (3,86) (95,107) (4,79) (94,101) (5,76) (93,98) (6,73) (92,94) (7,71) (91,90) (8,68) (90,87) (9,64) (89,84) (10,61) (88,79) (11,58) (87,75) (13,54) (12,53) (86,70) (14,53) (85,67) (15,51) (84,63) (16,49) (83,60) (17,46) (82,57) (18,45) (81,55) (19,44) (80,51) (20,43) (79,49) (21,41) (78,46) (22,37) (77,43) (23,36) (76,41) (24,36) (75,40) (25,34) (74,37) (26,31) (73,36) (28,28) (27,27) (72,33) (29,28) (71,29) (30,27) (70,26) (31,23) (69,24) (68,24) (32,22) (67,22) (66,22) (40,21) (33,19) (65,21) (64,19) (63,15) (41,19) (62,12) (46,17) (45,17) (61,9) (60,10) (59,7) (47,13) (48,10) (49,8) (50,9) (51,7) (52,7) (53,6) (54,2) (55,4) (56,5) (57,7) (58,7) 
TD 39 :
(99,118) (0,100) (98,115) (1,95) (97,113) (2,89) (96,109) (3,86) (95,107) (4,79) (94,101) (5,76) (93,98) (6,73) (92,94) (7,71) (91,90) (8,68) (90,87) (9,64) (89,84) (10,61) (88,79) (11,58) (87,75) (13,54) (12,53) (86,70) (14,53) (85,67) (15,51) (84,63) (16,49) (83,60) (17,46) (82,57) (18,45) (81,55) (19,44) (80,51) (20,43) (79,49) (21,41) (78,46) (22,37) (77,43) (23,36) (76,41) (24,36) (75,40) (25,34) (74,37) (26,31) (73,36) (28,28) (27,27) (72,33) (29,28) (71,29) (30,27) (70,26) (31,23) (69,24) (68,24) (32,22) (67,22) (66,22) (40,21) (33,19) (65,21) (64,19) (63,15) (41,19) (62,12) (46,17) (45,17) (61,9) (60,10) (59,7) (47,13) (58,7) (48,10) (49,8) (50,9) (51,7) (52,7) (53,6) (54,2) (55,4) (56,5) (57,7) 
TD 40 :
(99,118) (0,100) (98,115) (1,95) (97,113) (2,89) (96,109) (3,86) (95,107) (4,79) (94,101) (5,76) (93,98) (6,73) (92,94) (7,71) (91,90) (8,68) (90,87) (9,64) (89,84) (10,61) (88,79) (11,58) (87,75) (13,54) (12,53) (86,70) (14,53) (85,67) (15,51) (84,63) (16,49) (83,60) (17,46) (82,57) (18,45) (81,55) (19,44) (80,51) (20,43) (79,49) (21,41) (78,46) (22,37) (77,43) (23,36) (76,41) (24,36) (75,40) (25,34) (74,37) (26,31) (73,36) (28,28) (27,27) (72,33) (29,28) (71,29) (30,27) (70,26) (31,23) (69,24) (68,24) (32,22) (67,22) (66,22) (40,21) (33,19) (65,21) (64,19) (63,15) (41,19) (62,12) (46,17) (45,17) (61,9) (60,10) (59,7) (47,13) (58,7) (48,10) (57,7) (50,9) (49,8) 
(99,118) (0,100) (98,115) (1,95) (97,113) (2,89) (96,109) (3,86) (95,107) (4,79) (94,101) (5,76) (93,98) (6,73) (92,94) (7,71) (91,90) (8,68) (90,87) (9,64) (89,84) (10,61) (88,79) (11,58) (87,75) (13,54) (12,53) (86,70) (14,53) (85,67) (15,51) (84,63) (16,49) (83,60) (17,46) (82,57) (18,45) (81,55) (19,44) (80,51) (20,43) (79,49) (21,41) (78,46) (22,37) (77,43) (23,36) (76,41) (24,36) (75,40) (25,34) (74,37) (26,31) (73,36) (28,28) (27,27) (72,33) (29,28) (71,29) (30,27) (70,26) (31,23) (69,24) (68,24) (32,22) (67,22) (66,22) (40,21) (33,19) (65,21) (64,19) (63,15) (41,19) (62,12) (46,17) (45,17) (61,9) (60,10) (59,7) (47,13) (58,7) (48,10) (57,7) (50,9) (49,8) (51,7) (52,7) (53,6) (54,2) (55,4) (56,5) 
TD 41 :
(99,118) (0,100) (98,115) (1,95) (97,113) (2,89) (96,109) (3,86) (95,107) (4,79) (94,101) (5,76) (93,98) (6,73) (92,94) (7,71) (91,90) (8,68) (90,87) (9,64) (89,84) (10,61) (88,79) (11,58) (87,75) (13,54) (12,53) (86,70) (14,53) (85,67) (15,51) (84,63) (16,49) (83,60) (17,46) (82,57) (18,45) (81,55) (19,44) (80,51) (20,43) (79,49) (21,41) (78,46) (22,37) (77,43) (23,36) (76,41) (24,36) (75,40) (25,34) (74,37) (26,31) (73,36) (28,28) (27,27) (72,33) (29,28) (71,29) (30,27) (70,26) (31,23) (69,24) (68,24) (32,22) (67,22) (66,22) (40,21) (33,19) (65,21) (64,19) (63,15) (41,19) (62,12) (46,17) (45,17) (61,9) (60,10) (59,7) (47,13) (58,7) (48,10) (57,7) (50,9) (49,8) (56,5) (52,7) (51,7) 
(99,118) (0,100) (98,115) (1,95) (97,113) (2,89) (96,109) (3,86) (95,107) (4,79) (94,101) (5,76) (93,98) (6,73) (92,94) (7,71) (91,90) (8,68) (90,87) (9,64) (89,84) (10,61) (88,79) (11,58) (87,75) (13,54) (12,53) (86,70) (14,53) (85,67) (15,51) (84,63) (16,49) (83,60) (17,46) (82,57) (18,45) (81,55) (19,44) (80,51) (20,43) (79,49) (21,41) (78,46) (22,37) (77,43) (23,36) (76,41) (24,36) (75,40) (25,34) (74,37) (26,31) (73,36) (28,28) (27,27) (72,33) (29,28) (71,29) (30,27) (70,26) (31,23) (69,24) (68,24) (32,22) (67,22) (66,22) (40,21) (33,19) (65,21) (64,19) (63,15) (41,19) (62,12) (46,17) (45,17) (61,9) (60,10) (59,7) (47,13) (58,7) (48,10) (57,7) (50,9) (49,8) (56,5) (52,7) (51,7) (53,6) (54,2) (55,4) 
TD 42 :
(99,118) (0,100) (98,115) (1,95) (97,113) (2,89) (96,109) (3,86) (95,107) (4,79) (94,101) (5,76) (93,98) (6,73) (92,94) (7,71) (91,90) (8,68) (90,87) (9,64) (89,84) (10,61) (88,79) (11,58) (87,75) (13,54) (12,53) (86,70) (14,53) (85,67) (15,51) (84,63) (16,49) (83,60) (17,46) (82,57) (18,45) (81,55) (19,44) (80,51) (20,43) (79,49) (21,41) (78,46) (22,37) (77,43) (23,36) (76,41) (24,36) (75,40) (25,34) (74,37) (26,31) (73,36) (28,28) (27,27) (72,33) (29,28) (71,29) (30,27) (70,26) (31,23) (69,24) (68,24) (32,22) (67,22) (66,22) (40,21) (33,19) (65,21) (64,19) (63,15) (41,19) (62,12) (46,17) (45,17) (61,9) (60,10) (59,7) (47,13) (58,7) (48,10) (57,7) (50,9) (49,8) (56,5) (52,7) (51,7) (55,4) (53,6) (54,2) 
Pocket 0 :
()
Pocket 1 :
({  (0,100) ,(1,95) } {  (98,115) ,(99,118) } )
Pocket 2 :
({  (1,95) ,(0,100) } {  (99,118) ,(98,115) } )
Pocket 3 :
({  (2,89) ,(1,95) } {  (99,118) ,(97,113) } )
Pocket 4 :
({  (3,86) ,(2,89) } {  (99,118) ,(96,109) } )
Pocket 5 :
({  (4,79) ,(3,86) } {  (99,118) ,(95,107) } )
Pocket 6 :
({  (5,76) ,(4,79) } {  (99,118) ,(94,101) } )
Pocket 7 :
({  (6,73) ,(5,76) } {  (99,118) ,(93,98) } )
Pocket 8 :
({  (7,71) ,(6,73) } {  (99,118) ,(92,94) } )
Pocket 9 :
({  (8,68) ,(7,71) } {  (99,118) ,(91,90) } )
Pocket 10 :
({  (9,64) ,(8,68) } {  (99,118) ,(90,87) } )
Pocket 11 :
({  (10,61) ,(9,64) } {  (99,118) ,(89,84) } )
Pocket 12 :
({  (11,58) ,(10,61) } {  (99,118) ,(88,79) } )
Pocket 13 :
({  (12,53) ,(11,58) } {  (14,53) ,(13,54) } {  (12,53) ,(11,58) } {  (14,53) ,(13,54) } )
Pocket 14 :
({  (14,53) ,(12,53) } {  (99,118) ,(86,70) } )
Pocket 15 :
({  (15,51) ,(14,53) } {  (99,118) ,(85,67) } )
Pocket 16 :
({  (16,49) ,(15,51) } {  (99,118) ,(84,63) } )
Pocket 17 :
({  (17,46) ,(16,49) } {  (99,118) ,(83,60) } )
Pocket 18 :
({  (18,45) ,(17,46) } {  (99,118) ,(82,57) } )
Pocket 19 :
({  (19,44) ,(18,45) } {  (99,118) ,(81,55) } )
Pocket 20 :
({  (20,43) ,(19,44) } {  (99,118) ,(80,51) } )
Pocket 21 :
({  (21,41) ,(20,43) } {  (99,118) ,(79,49) } )
Pocket 22 :
({  (22,37) ,(21,41) } {  (99,118) ,(78,46) } )
Pocket 23 :
({  (23,36) ,(22,37) } {  (99,118) ,(77,43) } )
Pocket 24 :
({  (24,36) ,(23,36) } {  (99,118) ,(76,41) } )
Pocket 25 :
({  (25,34) ,(24,36) } {  (99,118) ,(75,40) } )
Pocket 26 :
({  (26,31) ,(25,34) } {  (99,118) ,(74,37) } )
Pocket 27 :
({  (27,27) ,(26,31) } {  (29,28) ,(28,28) } {  (27,27) ,(26,31) } {  (29,28) ,(28,28) } )
Pocket 28 :
({  (29,28) ,(27,27) } {  (99,118) ,(72,33) } )
Pocket 29 :
({  (30,27) ,(29,28) } {  (99,118) ,(71,29) } )
Pocket 30 :
({  (31,23) ,(30,27) } {  (99,118) ,(70,26) } )
Pocket 31 :
({  (32,22) ,(31,23) } {  (69,24) ,(68,24) } {  (32,22) ,(31,23) } {  (69,24) ,(68,24) } )
Pocket 32 :
({  (33,19) ,(32,22) } {  (41,19) ,(40,21) } {  (33,19) ,(32,22) } {  (41,19) ,(40,21) } {  (33,19) ,(32,22) } {  (41,19) ,(40,21) } )
Pocket 33 :
({  (34,18) ,(33,19) } {  (39,20) ,(38,20) } {  (34,18) ,(33,19) } {  (39,20) ,(38,20) } {  (99,118) ,(65,21) } )
Pocket 34 :
({  (35,17) ,(34,18) } {  (99,118) ,(39,20) } {  (99,118) ,(39,20) } {  (99,118) ,(64,19) } )
Pocket 35 :
({  (36,17) ,(35,17) } {  (42,16) ,(41,19) } {  (42,16) ,(41,19) } )
Pocket 36 :
({  (37,17) ,(36,17) } {  (46,17) ,(45,17) } {  (46,17) ,(45,17) } {  (46,17) ,(45,17) } )
Pocket 37 :
({  (42,16) ,(45,17) } {  (99,118) ,(44,16) } {  (42,16) ,(45,17) } {  (99,118) ,(44,16) } {  (61,9) ,(60,10) } {  (61,9) ,(60,10) } )
Pocket 38 :
({  (43,13) ,(42,16) } {  (48,10) ,(47,13) } {  (48,10) ,(47,13) } )
Pocket 39 :
({  (48,10) ,(47,13) } {  (99,118) ,(58,7) } )
Pocket 40 :
({  (49,8) ,(48,10) } {  (51,7) ,(50,9) } {  (49,8) ,(48,10) } {  (51,7) ,(50,9) } )
Pocket 41 :
({  (51,7) ,(49,8) } {  (53,6) ,(52,7) } {  (51,7) ,(49,8) } {  (53,6) ,(52,7) } )
