41 layers in onion peeling: 
Layer 1
(99,100) (0,101) 
Layer 2
(98,96) (1,98) 
Layer 3
(97,92) (2,93) 
Layer 4
(96,88) (3,91) 
Layer 5
(95,85) (4,85) 
Layer 6
(94,82) (6,82) (5,81) 
Layer 7
(93,79) (7,79) 
Layer 8
(92,76) (8,78) 
Layer 9
(91,73) (9,76) 
Layer 10
(90,72) (11,73) (10,73) 
Layer 11
(89,70) (12,69) 
Layer 12
(88,68) (13,67) 
Layer 13
(87,64) (14,66) 
Layer 14
(86,62) (15,62) 
Layer 15
(85,60) (16,57) 
Layer 16
(84,56) (17,55) 
Layer 17
(83,52) (18,54) 
Layer 18
(82,48) (19,51) 
Layer 19
(81,45) (20,47) 
Layer 20
(80,44) (21,45) 
Layer 21
(79,44) (22,44) 
Layer 22
(78,42) (23,41) 
Layer 23
(77,40) (76,41) (24,41) 
Layer 24
(75,38) (25,39) 
Layer 25
(74,38) (73,38) (26,36) 
Layer 26
(72,36) (27,34) 
Layer 27
(71,34) (28,33) 
Layer 28
(70,33) (29,27) 
Layer 29
(69,28) (30,26) 
Layer 30
(68,25) (67,25) (31,21) 
Layer 31
(66,23) (35,20) (32,19) 
Layer 32
(65,21) (33,19) 
Layer 33
(64,20) (34,19) 
Layer 34
(63,19) (36,14) 
Layer 35
(62,18) (37,10) 
Layer 36
(61,15) (38,9) 
Layer 37
(60,12) (58,14) (47,10) (39,7) 
Layer 38
(59,12) (57,13) (50,11) (48,10) (40,6) 
Layer 39
(56,12) (55,12) (51,11) (41,6) 
Layer 40
(54,11) (49,9) (43,6) (42,3) 
Layer 41
(53,10) (52,10) (46,7) (45,6) (44,5) 
---------------------------------------------------------------------------------------
TD 0 :
(99,100) (98,96) (97,92) (96,88) (95,85) (94,82) (93,79) (92,76) (91,73) (90,72) (89,70) (88,68) (87,64) (86,62) (85,60) (84,56) (83,52) (82,48) (81,45) (80,44) (79,44) (78,42) (77,40) (76,41) (75,38) (74,38) (73,38) (72,36) (71,34) (70,33) (69,28) (68,25) (67,25) (66,23) (65,21) (64,20) (63,19) (62,18) (61,15) (60,12) (59,12) (58,14) (57,13) (56,12) (55,12) (54,11) (53,10) (52,10) (51,11) (50,11) (49,9) (48,10) (47,10) (46,7) (45,6) (44,5) (43,6) (42,3) (41,6) (40,6) (39,7) (38,9) (37,10) (36,14) (35,20) (34,19) (33,19) (32,19) (31,21) (30,26) (29,27) (28,33) (27,34) (26,36) (25,39) (24,41) (23,41) (22,44) (21,45) (20,47) (19,51) (18,54) (17,55) (16,57) (15,62) (14,66) (13,67) (12,69) (11,73) (10,73) (9,76) (8,78) (7,79) (6,82) (5,81) (4,85) (3,91) (2,93) (1,98) (0,101) 
TD 1 :
(99,100) (0,101) (1,98) (2,93) (3,91) (4,85) (5,81) (6,82) (7,79) (8,78) (9,76) (10,73) (11,73) (12,69) (13,67) (14,66) (15,62) (16,57) (17,55) (18,54) (19,51) (20,47) (21,45) (22,44) (23,41) (24,41) (25,39) (26,36) (27,34) (28,33) (29,27) (30,26) (31,21) (32,19) (33,19) (34,19) (35,20) (36,14) (37,10) (38,9) (39,7) (40,6) (41,6) (42,3) (43,6) (44,5) (45,6) (46,7) (47,10) (48,10) (49,9) (50,11) (51,11) (52,10) (53,10) (54,11) (55,12) (56,12) (57,13) (58,14) (59,12) (60,12) (61,15) (62,18) (63,19) (64,20) (65,21) (66,23) (67,25) (68,25) (69,28) (70,33) (71,34) (72,36) (73,38) (74,38) (75,38) (76,41) (77,40) (78,42) (79,44) (80,44) (81,45) (82,48) (83,52) (84,56) (85,60) (86,62) (87,64) (88,68) (89,70) (90,72) (91,73) (92,76) (93,79) (94,82) (95,85) (96,88) (97,92) (98,96) 
TD 2 :
(99,100) (0,101) (98,96) (1,98) (2,93) (3,91) (4,85) (5,81) (6,82) (7,79) (8,78) (9,76) (10,73) (11,73) (12,69) (13,67) (14,66) (15,62) (16,57) (17,55) (18,54) (19,51) (20,47) (21,45) (22,44) (23,41) (24,41) (25,39) (26,36) (27,34) (28,33) (29,27) (30,26) (31,21) (32,19) (33,19) (34,19) (35,20) (36,14) (37,10) (38,9) (39,7) (40,6) (41,6) (42,3) (43,6) (44,5) (45,6) (46,7) (47,10) (48,10) (49,9) (50,11) (51,11) (52,10) (53,10) (54,11) (55,12) (56,12) (57,13) (58,14) (59,12) (60,12) (61,15) (62,18) (63,19) (64,20) (65,21) (66,23) (67,25) (68,25) (69,28) (70,33) (71,34) (72,36) (73,38) (74,38) (75,38) (76,41) (77,40) (78,42) (79,44) (80,44) (81,45) (82,48) (83,52) (84,56) (85,60) (86,62) (87,64) (88,68) (89,70) (90,72) (91,73) (92,76) (93,79) (94,82) (95,85) (96,88) (97,92) 
TD 3 :
(99,100) (0,101) (98,96) (1,98) (97,92) (2,93) (3,91) (4,85) (5,81) (6,82) (7,79) (8,78) (9,76) (10,73) (11,73) (12,69) (13,67) (14,66) (15,62) (16,57) (17,55) (18,54) (19,51) (20,47) (21,45) (22,44) (23,41) (24,41) (25,39) (26,36) (27,34) (28,33) (29,27) (30,26) (31,21) (32,19) (33,19) (34,19) (35,20) (36,14) (37,10) (38,9) (39,7) (40,6) (41,6) (42,3) (43,6) (44,5) (45,6) (46,7) (47,10) (48,10) (49,9) (50,11) (51,11) (52,10) (53,10) (54,11) (55,12) (56,12) (57,13) (58,14) (59,12) (60,12) (61,15) (62,18) (63,19) (64,20) (65,21) (66,23) (67,25) (68,25) (69,28) (70,33) (71,34) (72,36) (73,38) (74,38) (75,38) (76,41) (77,40) (78,42) (79,44) (80,44) (81,45) (82,48) (83,52) (84,56) (85,60) (86,62) (87,64) (88,68) (89,70) (90,72) (91,73) (92,76) (93,79) (94,82) (95,85) (96,88) 
TD 4 :
(99,100) (0,101) (98,96) (1,98) (97,92) (2,93) (96,88) (3,91) (4,85) (5,81) (6,82) (7,79) (8,78) (9,76) (10,73) (11,73) (12,69) (13,67) (14,66) (15,62) (16,57) (17,55) (18,54) (19,51) (20,47) (21,45) (22,44) (23,41) (24,41) (25,39) (26,36) (27,34) (28,33) (29,27) (30,26) (31,21) (32,19) (33,19) (34,19) (35,20) (36,14) (37,10) (38,9) (39,7) (40,6) (41,6) (42,3) (43,6) (44,5) (45,6) (46,7) (47,10) (48,10) (49,9) (50,11) (51,11) (52,10) (53,10) (54,11) (55,12) (56,12) (57,13) (58,14) (59,12) (60,12) (61,15) (62,18) (63,19) (64,20) (65,21) (66,23) (67,25) (68,25) (69,28) (70,33) (71,34) (72,36) (73,38) (74,38) (75,38) (76,41) (77,40) (78,42) (79,44) (80,44) (81,45) (82,48) (83,52) (84,56) (85,60) (86,62) (87,64) (88,68) (89,70) (90,72) (91,73) (92,76) (93,79) (94,82) (95,85) 
TD 5 :
(99,100) (0,101) (98,96) (1,98) (97,92) (2,93) (96,88) (3,91) (95,85) (4,85) (5,81) (6,82) (7,79) (8,78) (9,76) (10,73) (11,73) (12,69) (13,67) (14,66) (15,62) (16,57) (17,55) (18,54) (19,51) (20,47) (21,45) (22,44) (23,41) (24,41) (25,39) (26,36) (27,34) (28,33) (29,27) (30,26) (31,21) (32,19) (33,19) (34,19) (35,20) (36,14) (37,10) (38,9) (39,7) (40,6) (41,6) (42,3) (43,6) (44,5) (45,6) (46,7) (47,10) (48,10) (49,9) (50,11) (51,11) (52,10) (53,10) (54,11) (55,12) (56,12) (57,13) (58,14) (59,12) (60,12) (61,15) (62,18) (63,19) (64,20) (65,21) (66,23) (67,25) (68,25) (69,28) (70,33) (71,34) (72,36) (73,38) (74,38) (75,38) (76,41) (77,40) (78,42) (79,44) (80,44) (81,45) (82,48) (83,52) (84,56) (85,60) (86,62) (87,64) (88,68) (89,70) (90,72) (91,73) (92,76) (93,79) (94,82) 
TD 6 :
(99,100) (0,101) (98,96) (1,98) (97,92) (2,93) (96,88) (3,91) (95,85) (4,85) (94,82) (6,82) (5,81) 
(99,100) (0,101) (98,96) (1,98) (97,92) (2,93) (96,88) (3,91) (95,85) (4,85) (94,82) (6,82) (5,81) (7,79) (8,78) (9,76) (10,73) (11,73) (12,69) (13,67) (14,66) (15,62) (16,57) (17,55) (18,54) (19,51) (20,47) (21,45) (22,44) (23,41) (24,41) (25,39) (26,36) (27,34) (28,33) (29,27) (30,26) (31,21) (32,19) (33,19) (34,19) (35,20) (36,14) (37,10) (38,9) (39,7) (40,6) (41,6) (42,3) (43,6) (44,5) (45,6) (46,7) (47,10) (48,10) (49,9) (50,11) (51,11) (52,10) (53,10) (54,11) (55,12) (56,12) (57,13) (58,14) (59,12) (60,12) (61,15) (62,18) (63,19) (64,20) (65,21) (66,23) (67,25) (68,25) (69,28) (70,33) (71,34) (72,36) (73,38) (74,38) (75,38) (76,41) (77,40) (78,42) (79,44) (80,44) (81,45) (82,48) (83,52) (84,56) (85,60) (86,62) (87,64) (88,68) (89,70) (90,72) (91,73) (92,76) (93,79) 
TD 7 :
(99,100) (0,101) (98,96) (1,98) (97,92) (2,93) (96,88) (3,91) (95,85) (4,85) (94,82) (6,82) (5,81) (93,79) (7,79) (8,78) (9,76) (10,73) (11,73) (12,69) (13,67) (14,66) (15,62) (16,57) (17,55) (18,54) (19,51) (20,47) (21,45) (22,44) (23,41) (24,41) (25,39) (26,36) (27,34) (28,33) (29,27) (30,26) (31,21) (32,19) (33,19) (34,19) (35,20) (36,14) (37,10) (38,9) (39,7) (40,6) (41,6) (42,3) (43,6) (44,5) (45,6) (46,7) (47,10) (48,10) (49,9) (50,11) (51,11) (52,10) (53,10) (54,11) (55,12) (56,12) (57,13) (58,14) (59,12) (60,12) (61,15) (62,18) (63,19) (64,20) (65,21) (66,23) (67,25) (68,25) (69,28) (70,33) (71,34) (72,36) (73,38) (74,38) (75,38) (76,41) (77,40) (78,42) (79,44) (80,44) (81,45) (82,48) (83,52) (84,56) (85,60) (86,62) (87,64) (88,68) (89,70) (90,72) (91,73) (92,76) 
TD 8 :
(99,100) (0,101) (98,96) (1,98) (97,92) (2,93) (96,88) (3,91) (95,85) (4,85) (94,82) (6,82) (5,81) (93,79) (7,79) (92,76) (8,78) (9,76) (10,73) (11,73) (12,69) (13,67) (14,66) (15,62) (16,57) (17,55) (18,54) (19,51) (20,47) (21,45) (22,44) (23,41) (24,41) (25,39) (26,36) (27,34) (28,33) (29,27) (30,26) (31,21) (32,19) (33,19) (34,19) (35,20) (36,14) (37,10) (38,9) (39,7) (40,6) (41,6) (42,3) (43,6) (44,5) (45,6) (46,7) (47,10) (48,10) (49,9) (50,11) (51,11) (52,10) (53,10) (54,11) (55,12) (56,12) (57,13) (58,14) (59,12) (60,12) (61,15) (62,18) (63,19) (64,20) (65,21) (66,23) (67,25) (68,25) (69,28) (70,33) (71,34) (72,36) (73,38) (74,38) (75,38) (76,41) (77,40) (78,42) (79,44) (80,44) (81,45) (82,48) (83,52) (84,56) (85,60) (86,62) (87,64) (88,68) (89,70) (90,72) (91,73) 
TD 9 :
(99,100) (0,101) (98,96) (1,98) (97,92) (2,93) (96,88) (3,91) (95,85) (4,85) (94,82) (6,82) (5,81) (93,79) (7,79) (92,76) (8,78) (91,73) (9,76) (10,73) (11,73) (12,69) (13,67) (14,66) (15,62) (16,57) (17,55) (18,54) (19,51) (20,47) (21,45) (22,44) (23,41) (24,41) (25,39) (26,36) (27,34) (28,33) (29,27) (30,26) (31,21) (32,19) (33,19) (34,19) (35,20) (36,14) (37,10) (38,9) (39,7) (40,6) (41,6) (42,3) (43,6) (44,5) (45,6) (46,7) (47,10) (48,10) (49,9) (50,11) (51,11) (52,10) (53,10) (54,11) (55,12) (56,12) (57,13) (58,14) (59,12) (60,12) (61,15) (62,18) (63,19) (64,20) (65,21) (66,23) (67,25) (68,25) (69,28) (70,33) (71,34) (72,36) (73,38) (74,38) (75,38) (76,41) (77,40) (78,42) (79,44) (80,44) (81,45) (82,48) (83,52) (84,56) (85,60) (86,62) (87,64) (88,68) (89,70) (90,72) 
TD 10 :
(99,100) (0,101) (98,96) (1,98) (97,92) (2,93) (96,88) (3,91) (95,85) (4,85) (94,82) (6,82) (5,81) (93,79) (7,79) (92,76) (8,78) (91,73) (9,76) (90,72) (11,73) (10,73) 
(99,100) (0,101) (98,96) (1,98) (97,92) (2,93) (96,88) (3,91) (95,85) (4,85) (94,82) (6,82) (5,81) (93,79) (7,79) (92,76) (8,78) (91,73) (9,76) (90,72) (11,73) (10,73) (12,69) (13,67) (14,66) (15,62) (16,57) (17,55) (18,54) (19,51) (20,47) (21,45) (22,44) (23,41) (24,41) (25,39) (26,36) (27,34) (28,33) (29,27) (30,26) (31,21) (32,19) (33,19) (34,19) (35,20) (36,14) (37,10) (38,9) (39,7) (40,6) (41,6) (42,3) (43,6) (44,5) (45,6) (46,7) (47,10) (48,10) (49,9) (50,11) (51,11) (52,10) (53,10) (54,11) (55,12) (56,12) (57,13) (58,14) (59,12) (60,12) (61,15) (62,18) (63,19) (64,20) (65,21) (66,23) (67,25) (68,25) (69,28) (70,33) (71,34) (72,36) (73,38) (74,38) (75,38) (76,41) (77,40) (78,42) (79,44) (80,44) (81,45) (82,48) (83,52) (84,56) (85,60) (86,62) (87,64) (88,68) (89,70) 
TD 11 :
(99,100) (0,101) (98,96) (1,98) (97,92) (2,93) (96,88) (3,91) (95,85) (4,85) (94,82) (6,82) (5,81) (93,79) (7,79) (92,76) (8,78) (91,73) (9,76) (90,72) (11,73) (10,73) (89,70) (12,69) (13,67) (14,66) (15,62) (16,57) (17,55) (18,54) (19,51) (20,47) (21,45) (22,44) (23,41) (24,41) (25,39) (26,36) (27,34) (28,33) (29,27) (30,26) (31,21) (32,19) (33,19) (34,19) (35,20) (36,14) (37,10) (38,9) (39,7) (40,6) (41,6) (42,3) (43,6) (44,5) (45,6) (46,7) (47,10) (48,10) (49,9) (50,11) (51,11) (52,10) (53,10) (54,11) (55,12) (56,12) (57,13) (58,14) (59,12) (60,12) (61,15) (62,18) (63,19) (64,20) (65,21) (66,23) (67,25) (68,25) (69,28) (70,33) (71,34) (72,36) (73,38) (74,38) (75,38) (76,41) (77,40) (78,42) (79,44) (80,44) (81,45) (82,48) (83,52) (84,56) (85,60) (86,62) (87,64) (88,68) 
TD 12 :
(99,100) (0,101) (98,96) (1,98) (97,92) (2,93) (96,88) (3,91) (95,85) (4,85) (94,82) (6,82) (5,81) (93,79) (7,79) (92,76) (8,78) (91,73) (9,76) (90,72) (11,73) (10,73) (89,70) (12,69) (88,68) (13,67) (14,66) (15,62) (16,57) (17,55) (18,54) (19,51) (20,47) (21,45) (22,44) (23,41) (24,41) (25,39) (26,36) (27,34) (28,33) (29,27) (30,26) (31,21) (32,19) (33,19) (34,19) (35,20) (36,14) (37,10) (38,9) (39,7) (40,6) (41,6) (42,3) (43,6) (44,5) (45,6) (46,7) (47,10) (48,10) (49,9) (50,11) (51,11) (52,10) (53,10) (54,11) (55,12) (56,12) (57,13) (58,14) (59,12) (60,12) (61,15) (62,18) (63,19) (64,20) (65,21) (66,23) (67,25) (68,25) (69,28) (70,33) (71,34) (72,36) (73,38) (74,38) (75,38) (76,41) (77,40) (78,42) (79,44) (80,44) (81,45) (82,48) (83,52) (84,56) (85,60) (86,62) (87,64) 
TD 13 :
(99,100) (0,101) (98,96) (1,98) (97,92) (2,93) (96,88) (3,91) (95,85) (4,85) (94,82) (6,82) (5,81) (93,79) (7,79) (92,76) (8,78) (91,73) (9,76) (90,72) (11,73) (10,73) (89,70) (12,69) (88,68) (13,67) (87,64) (14,66) (15,62) (16,57) (17,55) (18,54) (19,51) (20,47) (21,45) (22,44) (23,41) (24,41) (25,39) (26,36) (27,34) (28,33) (29,27) (30,26) (31,21) (32,19) (33,19) (34,19) (35,20) (36,14) (37,10) (38,9) (39,7) (40,6) (41,6) (42,3) (43,6) (44,5) (45,6) (46,7) (47,10) (48,10) (49,9) (50,11) (51,11) (52,10) (53,10) (54,11) (55,12) (56,12) (57,13) (58,14) (59,12) (60,12) (61,15) (62,18) (63,19) (64,20) (65,21) (66,23) (67,25) (68,25) (69,28) (70,33) (71,34) (72,36) (73,38) (74,38) (75,38) (76,41) (77,40) (78,42) (79,44) (80,44) (81,45) (82,48) (83,52) (84,56) (85,60) (86,62) 
TD 14 :
(99,100) (0,101) (98,96) (1,98) (97,92) (2,93) (96,88) (3,91) (95,85) (4,85) (94,82) (6,82) (5,81) (93,79) (7,79) (92,76) (8,78) (91,73) (9,76) (90,72) (11,73) (10,73) (89,70) (12,69) (88,68) (13,67) (87,64) (14,66) (86,62) (15,62) (16,57) (17,55) (18,54) (19,51) (20,47) (21,45) (22,44) (23,41) (24,41) (25,39) (26,36) (27,34) (28,33) (29,27) (30,26) (31,21) (32,19) (33,19) (34,19) (35,20) (36,14) (37,10) (38,9) (39,7) (40,6) (41,6) (42,3) (43,6) (44,5) (45,6) (46,7) (47,10) (48,10) (49,9) (50,11) (51,11) (52,10) (53,10) (54,11) (55,12) (56,12) (57,13) (58,14) (59,12) (60,12) (61,15) (62,18) (63,19) (64,20) (65,21) (66,23) (67,25) (68,25) (69,28) (70,33) (71,34) (72,36) (73,38) (74,38) (75,38) (76,41) (77,40) (78,42) (79,44) (80,44) (81,45) (82,48) (83,52) (84,56) (85,60) 
TD 15 :
(99,100) (0,101) (98,96) (1,98) (97,92) (2,93) (96,88) (3,91) (95,85) (4,85) (94,82) (6,82) (5,81) (93,79) (7,79) (92,76) (8,78) (91,73) (9,76) (90,72) (11,73) (10,73) (89,70) (12,69) (88,68) (13,67) (87,64) (14,66) (86,62) (15,62) (85,60) (16,57) (17,55) (18,54) (19,51) (20,47) (21,45) (22,44) (23,41) (24,41) (25,39) (26,36) (27,34) (28,33) (29,27) (30,26) (31,21) (32,19) (33,19) (34,19) (35,20) (36,14) (37,10) (38,9) (39,7) (40,6) (41,6) (42,3) (43,6) (44,5) (45,6) (46,7) (47,10) (48,10) (49,9) (50,11) (51,11) (52,10) (53,10) (54,11) (55,12) (56,12) (57,13) (58,14) (59,12) (60,12) (61,15) (62,18) (63,19) (64,20) (65,21) (66,23) (67,25) (68,25) (69,28) (70,33) (71,34) (72,36) (73,38) (74,38) (75,38) (76,41) (77,40) (78,42) (79,44) (80,44) (81,45) (82,48) (83,52) (84,56) 
TD 16 :
(99,100) (0,101) (98,96) (1,98) (97,92) (2,93) (96,88) (3,91) (95,85) (4,85) (94,82) (6,82) (5,81) (93,79) (7,79) (92,76) (8,78) (91,73) (9,76) (90,72) (11,73) (10,73) (89,70) (12,69) (88,68) (13,67) (87,64) (14,66) (86,62) (15,62) (85,60) (16,57) (84,56) (17,55) (18,54) (19,51) (20,47) (21,45) (22,44) (23,41) (24,41) (25,39) (26,36) (27,34) (28,33) (29,27) (30,26) (31,21) (32,19) (33,19) (34,19) (35,20) (36,14) (37,10) (38,9) (39,7) (40,6) (41,6) (42,3) (43,6) (44,5) (45,6) (46,7) (47,10) (48,10) (49,9) (50,11) (51,11) (52,10) (53,10) (54,11) (55,12) (56,12) (57,13) (58,14) (59,12) (60,12) (61,15) (62,18) (63,19) (64,20) (65,21) (66,23) (67,25) (68,25) (69,28) (70,33) (71,34) (72,36) (73,38) (74,38) (75,38) (76,41) (77,40) (78,42) (79,44) (80,44) (81,45) (82,48) (83,52) 
TD 17 :
(99,100) (0,101) (98,96) (1,98) (97,92) (2,93) (96,88) (3,91) (95,85) (4,85) (94,82) (6,82) (5,81) (93,79) (7,79) (92,76) (8,78) (91,73) (9,76) (90,72) (11,73) (10,73) (89,70) (12,69) (88,68) (13,67) (87,64) (14,66) (86,62) (15,62) (85,60) (16,57) (84,56) (17,55) (83,52) (18,54) (19,51) (20,47) (21,45) (22,44) (23,41) (24,41) (25,39) (26,36) (27,34) (28,33) (29,27) (30,26) (31,21) (32,19) (33,19) (34,19) (35,20) (36,14) (37,10) (38,9) (39,7) (40,6) (41,6) (42,3) (43,6) (44,5) (45,6) (46,7) (47,10) (48,10) (49,9) (50,11) (51,11) (52,10) (53,10) (54,11) (55,12) (56,12) (57,13) (58,14) (59,12) (60,12) (61,15) (62,18) (63,19) (64,20) (65,21) (66,23) (67,25) (68,25) (69,28) (70,33) (71,34) (72,36) (73,38) (74,38) (75,38) (76,41) (77,40) (78,42) (79,44) (80,44) (81,45) (82,48) 
TD 18 :
(99,100) (0,101) (98,96) (1,98) (97,92) (2,93) (96,88) (3,91) (95,85) (4,85) (94,82) (6,82) (5,81) (93,79) (7,79) (92,76) (8,78) (91,73) (9,76) (90,72) (11,73) (10,73) (89,70) (12,69) (88,68) (13,67) (87,64) (14,66) (86,62) (15,62) (85,60) (16,57) (84,56) (17,55) (83,52) (18,54) (82,48) (19,51) (20,47) (21,45) (22,44) (23,41) (24,41) (25,39) (26,36) (27,34) (28,33) (29,27) (30,26) (31,21) (32,19) (33,19) (34,19) (35,20) (36,14) (37,10) (38,9) (39,7) (40,6) (41,6) (42,3) (43,6) (44,5) (45,6) (46,7) (47,10) (48,10) (49,9) (50,11) (51,11) (52,10) (53,10) (54,11) (55,12) (56,12) (57,13) (58,14) (59,12) (60,12) (61,15) (62,18) (63,19) (64,20) (65,21) (66,23) (67,25) (68,25) (69,28) (70,33) (71,34) (72,36) (73,38) (74,38) (75,38) (76,41) (77,40) (78,42) (79,44) (80,44) (81,45) 
TD 19 :
(99,100) (0,101) (98,96) (1,98) (97,92) (2,93) (96,88) (3,91) (95,85) (4,85) (94,82) (6,82) (5,81) (93,79) (7,79) (92,76) (8,78) (91,73) (9,76) (90,72) (11,73) (10,73) (89,70) (12,69) (88,68) (13,67) (87,64) (14,66) (86,62) (15,62) (85,60) (16,57) (84,56) (17,55) (83,52) (18,54) (82,48) (19,51) (81,45) (20,47) (21,45) (22,44) (23,41) (24,41) (25,39) (26,36) (27,34) (28,33) (29,27) (30,26) (31,21) (32,19) (33,19) (34,19) (35,20) (36,14) (37,10) (38,9) (39,7) (40,6) (41,6) (42,3) (43,6) (44,5) (45,6) (46,7) (47,10) (48,10) (49,9) (50,11) (51,11) (52,10) (53,10) (54,11) (55,12) (56,12) (57,13) (58,14) (59,12) (60,12) (61,15) (62,18) (63,19) (64,20) (65,21) (66,23) (67,25) (68,25) (69,28) (70,33) (71,34) (72,36) (73,38) (74,38) (75,38) (76,41) (77,40) (78,42) (79,44) (80,44) 
TD 20 :
(99,100) (0,101) (98,96) (1,98) (97,92) (2,93) (96,88) (3,91) (95,85) (4,85) (94,82) (6,82) (5,81) (93,79) (7,79) (92,76) (8,78) (91,73) (9,76) (90,72) (11,73) (10,73) (89,70) (12,69) (88,68) (13,67) (87,64) (14,66) (86,62) (15,62) (85,60) (16,57) (84,56) (17,55) (83,52) (18,54) (82,48) (19,51) (81,45) (20,47) (80,44) (21,45) (22,44) (23,41) (24,41) (25,39) (26,36) (27,34) (28,33) (29,27) (30,26) (31,21) (32,19) (33,19) (34,19) (35,20) (36,14) (37,10) (38,9) (39,7) (40,6) (41,6) (42,3) (43,6) (44,5) (45,6) (46,7) (47,10) (48,10) (49,9) (50,11) (51,11) (52,10) (53,10) (54,11) (55,12) (56,12) (57,13) (58,14) (59,12) (60,12) (61,15) (62,18) (63,19) (64,20) (65,21) (66,23) (67,25) (68,25) (69,28) (70,33) (71,34) (72,36) (73,38) (74,38) (75,38) (76,41) (77,40) (78,42) (79,44) 
TD 21 :
(99,100) (0,101) (98,96) (1,98) (97,92) (2,93) (96,88) (3,91) (95,85) (4,85) (94,82) (6,82) (5,81) (93,79) (7,79) (92,76) (8,78) (91,73) (9,76) (90,72) (11,73) (10,73) (89,70) (12,69) (88,68) (13,67) (87,64) (14,66) (86,62) (15,62) (85,60) (16,57) (84,56) (17,55) (83,52) (18,54) (82,48) (19,51) (81,45) (20,47) (80,44) (21,45) (79,44) (22,44) (23,41) (24,41) (25,39) (26,36) (27,34) (28,33) (29,27) (30,26) (31,21) (32,19) (33,19) (34,19) (35,20) (36,14) (37,10) (38,9) (39,7) (40,6) (41,6) (42,3) (43,6) (44,5) (45,6) (46,7) (47,10) (48,10) (49,9) (50,11) (51,11) (52,10) (53,10) (54,11) (55,12) (56,12) (57,13) (58,14) (59,12) (60,12) (61,15) (62,18) (63,19) (64,20) (65,21) (66,23) (67,25) (68,25) (69,28) (70,33) (71,34) (72,36) (73,38) (74,38) (75,38) (76,41) (77,40) (78,42) 
TD 22 :
(99,100) (0,101) (98,96) (1,98) (97,92) (2,93) (96,88) (3,91) (95,85) (4,85) (94,82) (6,82) (5,81) (93,79) (7,79) (92,76) (8,78) (91,73) (9,76) (90,72) (11,73) (10,73) (89,70) (12,69) (88,68) (13,67) (87,64) (14,66) (86,62) (15,62) (85,60) (16,57) (84,56) (17,55) (83,52) (18,54) (82,48) (19,51) (81,45) (20,47) (80,44) (21,45) (79,44) (22,44) (78,42) (23,41) (24,41) (25,39) (26,36) (27,34) (28,33) (29,27) (30,26) (31,21) (32,19) (33,19) (34,19) (35,20) (36,14) (37,10) (38,9) (39,7) (40,6) (41,6) (42,3) (43,6) (44,5) (45,6) (46,7) (47,10) (48,10) (49,9) (50,11) (51,11) (52,10) (53,10) (54,11) (55,12) (56,12) (57,13) (58,14) (59,12) (60,12) (61,15) (62,18) (63,19) (64,20) (65,21) (66,23) (67,25) (68,25) (69,28) (70,33) (71,34) (72,36) (73,38) (74,38) (75,38) (76,41) (77,40) 
TD 23 :
(99,100) (0,101) (98,96) (1,98) (97,92) (2,93) (96,88) (3,91) (95,85) (4,85) (94,82) (6,82) (5,81) (93,79) (7,79) (92,76) (8,78) (91,73) (9,76) (90,72) (11,73) (10,73) (89,70) (12,69) (88,68) (13,67) (87,64) (14,66) (86,62) (15,62) (85,60) (16,57) (84,56) (17,55) (83,52) (18,54) (82,48) (19,51) (81,45) (20,47) (80,44) (21,45) (79,44) (22,44) (78,42) (23,41) (77,40) (76,41) (24,41) (25,39) (26,36) (27,34) (28,33) (29,27) (30,26) (31,21) (32,19) (33,19) (34,19) (35,20) (36,14) (37,10) (38,9) (39,7) (40,6) (41,6) (42,3) (43,6) (44,5) (45,6) (46,7) (47,10) (48,10) (49,9) (50,11) (51,11) (52,10) (53,10) (54,11) (55,12) (56,12) (57,13) (58,14) (59,12) (60,12) (61,15) (62,18) (63,19) (64,20) (65,21) (66,23) (67,25) (68,25) (69,28) (70,33) (71,34) (72,36) (73,38) (74,38) (75,38) 
(99,100) (0,101) (98,96) (1,98) (97,92) (2,93) (96,88) (3,91) (95,85) (4,85) (94,82) (6,82) (5,81) (93,79) (7,79) (92,76) (8,78) (91,73) (9,76) (90,72) (11,73) (10,73) (89,70) (12,69) (88,68) (13,67) (87,64) (14,66) (86,62) (15,62) (85,60) (16,57) (84,56) (17,55) (83,52) (18,54) (82,48) (19,51) (81,45) (20,47) (80,44) (21,45) (79,44) (22,44) (78,42) (23,41) (77,40) (76,41) (24,41) 
TD 24 :
(99,100) (0,101) (98,96) (1,98) (97,92) (2,93) (96,88) (3,91) (95,85) (4,85) (94,82) (6,82) (5,81) (93,79) (7,79) (92,76) (8,78) (91,73) (9,76) (90,72) (11,73) (10,73) (89,70) (12,69) (88,68) (13,67) (87,64) (14,66) (86,62) (15,62) (85,60) (16,57) (84,56) (17,55) (83,52) (18,54) (82,48) (19,51) (81,45) (20,47) (80,44) (21,45) (79,44) (22,44) (78,42) (23,41) (77,40) (76,41) (24,41) (75,38) (25,39) (26,36) (27,34) (28,33) (29,27) (30,26) (31,21) (32,19) (33,19) (34,19) (35,20) (36,14) (37,10) (38,9) (39,7) (40,6) (41,6) (42,3) (43,6) (44,5) (45,6) (46,7) (47,10) (48,10) (49,9) (50,11) (51,11) (52,10) (53,10) (54,11) (55,12) (56,12) (57,13) (58,14) (59,12) (60,12) (61,15) (62,18) (63,19) (64,20) (65,21) (66,23) (67,25) (68,25) (69,28) (70,33) (71,34) (72,36) (73,38) (74,38) 
TD 25 :
(99,100) (0,101) (98,96) (1,98) (97,92) (2,93) (96,88) (3,91) (95,85) (4,85) (94,82) (6,82) (5,81) (93,79) (7,79) (92,76) (8,78) (91,73) (9,76) (90,72) (11,73) (10,73) (89,70) (12,69) (88,68) (13,67) (87,64) (14,66) (86,62) (15,62) (85,60) (16,57) (84,56) (17,55) (83,52) (18,54) (82,48) (19,51) (81,45) (20,47) (80,44) (21,45) (79,44) (22,44) (78,42) (23,41) (77,40) (76,41) (24,41) (75,38) (25,39) (74,38) (73,38) (26,36) (27,34) (28,33) (29,27) (30,26) (31,21) (32,19) (33,19) (34,19) (35,20) (36,14) (37,10) (38,9) (39,7) (40,6) (41,6) (42,3) (43,6) (44,5) (45,6) (46,7) (47,10) (48,10) (49,9) (50,11) (51,11) (52,10) (53,10) (54,11) (55,12) (56,12) (57,13) (58,14) (59,12) (60,12) (61,15) (62,18) (63,19) (64,20) (65,21) (66,23) (67,25) (68,25) (69,28) (70,33) (71,34) (72,36) 
(99,100) (0,101) (98,96) (1,98) (97,92) (2,93) (96,88) (3,91) (95,85) (4,85) (94,82) (6,82) (5,81) (93,79) (7,79) (92,76) (8,78) (91,73) (9,76) (90,72) (11,73) (10,73) (89,70) (12,69) (88,68) (13,67) (87,64) (14,66) (86,62) (15,62) (85,60) (16,57) (84,56) (17,55) (83,52) (18,54) (82,48) (19,51) (81,45) (20,47) (80,44) (21,45) (79,44) (22,44) (78,42) (23,41) (77,40) (76,41) (24,41) (75,38) (25,39) (74,38) (73,38) (26,36) 
TD 26 :
(99,100) (0,101) (98,96) (1,98) (97,92) (2,93) (96,88) (3,91) (95,85) (4,85) (94,82) (6,82) (5,81) (93,79) (7,79) (92,76) (8,78) (91,73) (9,76) (90,72) (11,73) (10,73) (89,70) (12,69) (88,68) (13,67) (87,64) (14,66) (86,62) (15,62) (85,60) (16,57) (84,56) (17,55) (83,52) (18,54) (82,48) (19,51) (81,45) (20,47) (80,44) (21,45) (79,44) (22,44) (78,42) (23,41) (77,40) (76,41) (24,41) (75,38) (25,39) (74,38) (73,38) (26,36) (72,36) (27,34) (28,33) (29,27) (30,26) (31,21) (32,19) (33,19) (34,19) (35,20) (36,14) (37,10) (38,9) (39,7) (40,6) (41,6) (42,3) (43,6) (44,5) (45,6) (46,7) (47,10) (48,10) (49,9) (50,11) (51,11) (52,10) (53,10) (54,11) (55,12) (56,12) (57,13) (58,14) (59,12) (60,12) (61,15) (62,18) (63,19) (64,20) (65,21) (66,23) (67,25) (68,25) (69,28) (70,33) (71,34) 
TD 27 :
(99,100) (0,101) (98,96) (1,98) (97,92) (2,93) (96,88) (3,91) (95,85) (4,85) (94,82) (6,82) (5,81) (93,79) (7,79) (92,76) (8,78) (91,73) (9,76) (90,72) (11,73) (10,73) (89,70) (12,69) (88,68) (13,67) (87,64) (14,66) (86,62) (15,62) (85,60) (16,57) (84,56) (17,55) (83,52) (18,54) (82,48) (19,51) (81,45) (20,47) (80,44) (21,45) (79,44) (22,44) (78,42) (23,41) (77,40) (76,41) (24,41) (75,38) (25,39) (74,38) (73,38) (26,36) (72,36) (27,34) (71,34) (28,33) (29,27) (30,26) (31,21) (32,19) (33,19) (34,19) (35,20) (36,14) (37,10) (38,9) (39,7) (40,6) (41,6) (42,3) (43,6) (44,5) (45,6) (46,7) (47,10) (48,10) (49,9) (50,11) (51,11) (52,10) (53,10) (54,11) (55,12) (56,12) (57,13) (58,14) (59,12) (60,12) (61,15) (62,18) (63,19) (64,20) (65,21) (66,23) (67,25) (68,25) (69,28) (70,33) 
TD 28 :
(99,100) (0,101) (98,96) (1,98) (97,92) (2,93) (96,88) (3,91) (95,85) (4,85) (94,82) (6,82) (5,81) (93,79) (7,79) (92,76) (8,78) (91,73) (9,76) (90,72) (11,73) (10,73) (89,70) (12,69) (88,68) (13,67) (87,64) (14,66) (86,62) (15,62) (85,60) (16,57) (84,56) (17,55) (83,52) (18,54) (82,48) (19,51) (81,45) (20,47) (80,44) (21,45) (79,44) (22,44) (78,42) (23,41) (77,40) (76,41) (24,41) (75,38) (25,39) (74,38) (73,38) (26,36) (72,36) (27,34) (71,34) (28,33) (70,33) (29,27) (30,26) (31,21) (32,19) (33,19) (34,19) (35,20) (36,14) (37,10) (38,9) (39,7) (40,6) (41,6) (42,3) (43,6) (44,5) (45,6) (46,7) (47,10) (48,10) (49,9) (50,11) (51,11) (52,10) (53,10) (54,11) (55,12) (56,12) (57,13) (58,14) (59,12) (60,12) (61,15) (62,18) (63,19) (64,20) (65,21) (66,23) (67,25) (68,25) (69,28) 
TD 29 :
(99,100) (0,101) (98,96) (1,98) (97,92) (2,93) (96,88) (3,91) (95,85) (4,85) (94,82) (6,82) (5,81) (93,79) (7,79) (92,76) (8,78) (91,73) (9,76) (90,72) (11,73) (10,73) (89,70) (12,69) (88,68) (13,67) (87,64) (14,66) (86,62) (15,62) (85,60) (16,57) (84,56) (17,55) (83,52) (18,54) (82,48) (19,51) (81,45) (20,47) (80,44) (21,45) (79,44) (22,44) (78,42) (23,41) (77,40) (76,41) (24,41) (75,38) (25,39) (74,38) (73,38) (26,36) (72,36) (27,34) (71,34) (28,33) (70,33) (29,27) (69,28) (30,26) (31,21) (32,19) (33,19) (34,19) (35,20) (36,14) (37,10) (38,9) (39,7) (40,6) (41,6) (42,3) (43,6) (44,5) (45,6) (46,7) (47,10) (48,10) (49,9) (50,11) (51,11) (52,10) (53,10) (54,11) (55,12) (56,12) (57,13) (58,14) (59,12) (60,12) (61,15) (62,18) (63,19) (64,20) (65,21) (66,23) (67,25) (68,25) 
TD 30 :
(99,100) (0,101) (98,96) (1,98) (97,92) (2,93) (96,88) (3,91) (95,85) (4,85) (94,82) (6,82) (5,81) (93,79) (7,79) (92,76) (8,78) (91,73) (9,76) (90,72) (11,73) (10,73) (89,70) (12,69) (88,68) (13,67) (87,64) (14,66) (86,62) (15,62) (85,60) (16,57) (84,56) (17,55) (83,52) (18,54) (82,48) (19,51) (81,45) (20,47) (80,44) (21,45) (79,44) (22,44) (78,42) (23,41) (77,40) (76,41) (24,41) (75,38) (25,39) (74,38) (73,38) (26,36) (72,36) (27,34) (71,34) (28,33) (70,33) (29,27) (69,28) (30,26) (68,25) (67,25) (31,21) (32,19) (33,19) (34,19) (35,20) (36,14) (37,10) (38,9) (39,7) (40,6) (41,6) (42,3) (43,6) (44,5) (45,6) (46,7) (47,10) (48,10) (49,9) (50,11) (51,11) (52,10) (53,10) (54,11) (55,12) (56,12) (57,13) (58,14) (59,12) (60,12) (61,15) (62,18) (63,19) (64,20) (65,21) (66,23) 
(99,100) (0,101) (98,96) (1,98) (97,92) (2,93) (96,88) (3,91) (95,85) (4,85) (94,82) (6,82) (5,81) (93,79) (7,79) (92,76) (8,78) (91,73) (9,76) (90,72) (11,73) (10,73) (89,70) (12,69) (88,68) (13,67) (87,64) (14,66) (86,62) (15,62) (85,60) (16,57) (84,56) (17,55) (83,52) (18,54) (82,48) (19,51) (81,45) (20,47) (80,44) (21,45) (79,44) (22,44) (78,42) (23,41) (77,40) (76,41) (24,41) (75,38) (25,39) (74,38) (73,38) (26,36) (72,36) (27,34) (71,34) (28,33) (70,33) (29,27) (69,28) (30,26) (68,25) (67,25) (31,21) 
TD 31 :
(99,100) (0,101) (98,96) (1,98) (97,92) (2,93) (96,88) (3,91) (95,85) (4,85) (94,82) (6,82) (5,81) (93,79) (7,79) (92,76) (8,78) (91,73) (9,76) (90,72) (11,73) (10,73) (89,70) (12,69) (88,68) (13,67) (87,64) (14,66) (86,62) (15,62) (85,60) (16,57) (84,56) (17,55) (83,52) (18,54) (82,48) (19,51) (81,45) (20,47) (80,44) (21,45) (79,44) (22,44) (78,42) (23,41) (77,40) (76,41) (24,41) (75,38) (25,39) (74,38) (73,38) (26,36) (72,36) (27,34) (71,34) (28,33) (70,33) (29,27) (69,28) (30,26) (68,25) (67,25) (31,21) (66,23) (35,20) (32,19) (33,19) (34,19) 
(99,100) (0,101) (98,96) (1,98) (97,92) (2,93) (96,88) (3,91) (95,85) (4,85) (94,82) (6,82) (5,81) (93,79) (7,79) (92,76) (8,78) (91,73) (9,76) (90,72) (11,73) (10,73) (89,70) (12,69) (88,68) (13,67) (87,64) (14,66) (86,62) (15,62) (85,60) (16,57) (84,56) (17,55) (83,52) (18,54) (82,48) (19,51) (81,45) (20,47) (80,44) (21,45) (79,44) (22,44) (78,42) (23,41) (77,40) (76,41) (24,41) (75,38) (25,39) (74,38) (73,38) (26,36) (72,36) (27,34) (71,34) (28,33) (70,33) (29,27) (69,28) (30,26) (68,25) (67,25) (31,21) (66,23) (35,20) (32,19) (36,14) (37,10) (38,9) (39,7) (40,6) (41,6) (42,3) (43,6) (44,5) (45,6) (46,7) (47,10) (48,10) (49,9) (50,11) (51,11) (52,10) (53,10) (54,11) (55,12) (56,12) (57,13) (58,14) (59,12) (60,12) (61,15) (62,18) (63,19) (64,20) (65,21) 
TD 32 :
(99,100) (0,101) (98,96) (1,98) (97,92) (2,93) (96,88) (3,91) (95,85) (4,85) (94,82) (6,82) (5,81) (93,79) (7,79) (92,76) (8,78) (91,73) (9,76) (90,72) (11,73) (10,73) (89,70) (12,69) (88,68) (13,67) (87,64) (14,66) (86,62) (15,62) (85,60) (16,57) (84,56) (17,55) (83,52) (18,54) (82,48) (19,51) (81,45) (20,47) (80,44) (21,45) (79,44) (22,44) (78,42) (23,41) (77,40) (76,41) (24,41) (75,38) (25,39) (74,38) (73,38) (26,36) (72,36) (27,34) (71,34) (28,33) (70,33) (29,27) (69,28) (30,26) (68,25) (67,25) (31,21) (66,23) (35,20) (32,19) (33,19) (34,19) 
(99,100) (0,101) (98,96) (1,98) (97,92) (2,93) (96,88) (3,91) (95,85) (4,85) (94,82) (6,82) (5,81) (93,79) (7,79) (92,76) (8,78) (91,73) (9,76) (90,72) (11,73) (10,73) (89,70) (12,69) (88,68) (13,67) (87,64) (14,66) (86,62) (15,62) (85,60) (16,57) (84,56) (17,55) (83,52) (18,54) (82,48) (19,51) (81,45) (20,47) (80,44) (21,45) (79,44) (22,44) (78,42) (23,41) (77,40) (76,41) (24,41) (75,38) (25,39) (74,38) (73,38) (26,36) (72,36) (27,34) (71,34) (28,33) (70,33) (29,27) (69,28) (30,26) (68,25) (67,25) (31,21) (66,23) (35,20) (32,19) (65,21) (36,14) (37,10) (38,9) (39,7) (40,6) (41,6) (42,3) (43,6) (44,5) (45,6) (46,7) (47,10) (48,10) (49,9) (50,11) (51,11) (52,10) (53,10) (54,11) (55,12) (56,12) (57,13) (58,14) (59,12) (60,12) (61,15) (62,18) (63,19) (64,20) 
TD 33 :
(99,100) (0,101) (98,96) (1,98) (97,92) (2,93) (96,88) (3,91) (95,85) (4,85) (94,82) (6,82) (5,81) (93,79) (7,79) (92,76) (8,78) (91,73) (9,76) (90,72) (11,73) (10,73) (89,70) (12,69) (88,68) (13,67) (87,64) (14,66) (86,62) (15,62) (85,60) (16,57) (84,56) (17,55) (83,52) (18,54) (82,48) (19,51) (81,45) (20,47) (80,44) (21,45) (79,44) (22,44) (78,42) (23,41) (77,40) (76,41) (24,41) (75,38) (25,39) (74,38) (73,38) (26,36) (72,36) (27,34) (71,34) (28,33) (70,33) (29,27) (69,28) (30,26) (68,25) (67,25) (31,21) (66,23) (35,20) (32,19) (33,19) (34,19) 
(99,100) (0,101) (98,96) (1,98) (97,92) (2,93) (96,88) (3,91) (95,85) (4,85) (94,82) (6,82) (5,81) (93,79) (7,79) (92,76) (8,78) (91,73) (9,76) (90,72) (11,73) (10,73) (89,70) (12,69) (88,68) (13,67) (87,64) (14,66) (86,62) (15,62) (85,60) (16,57) (84,56) (17,55) (83,52) (18,54) (82,48) (19,51) (81,45) (20,47) (80,44) (21,45) (79,44) (22,44) (78,42) (23,41) (77,40) (76,41) (24,41) (75,38) (25,39) (74,38) (73,38) (26,36) (72,36) (27,34) (71,34) (28,33) (70,33) (29,27) (69,28) (30,26) (68,25) (67,25) (31,21) (66,23) (35,20) (32,19) (65,21) (64,20) (36,14) (37,10) (38,9) (39,7) (40,6) (41,6) (42,3) (43,6) (44,5) (45,6) (46,7) (47,10) (48,10) (49,9) (50,11) (51,11) (52,10) (53,10) (54,11) (55,12) (56,12) (57,13) (58,14) (59,12) (60,12) (61,15) (62,18) (63,19) 
TD 34 :
(99,100) (0,101) (98,96) (1,98) (97,92) (2,93) (96,88) (3,91) (95,85) (4,85) (94,82) (6,82) (5,81) (93,79) (7,79) (92,76) (8,78) (91,73) (9,76) (90,72) (11,73) (10,73) (89,70) (12,69) (88,68) (13,67) (87,64) (14,66) (86,62) (15,62) (85,60) (16,57) (84,56) (17,55) (83,52) (18,54) (82,48) (19,51) (81,45) (20,47) (80,44) (21,45) (79,44) (22,44) (78,42) (23,41) (77,40) (76,41) (24,41) (75,38) (25,39) (74,38) (73,38) (26,36) (72,36) (27,34) (71,34) (28,33) (70,33) (29,27) (69,28) (30,26) (68,25) (67,25) (31,21) (66,23) (35,20) (32,19) (65,21) (64,20) (63,19) (36,14) (37,10) (38,9) (39,7) (40,6) (41,6) (42,3) (43,6) (44,5) (45,6) (46,7) (47,10) (48,10) (49,9) (50,11) (51,11) (52,10) (53,10) (54,11) (55,12) (56,12) (57,13) (58,14) (59,12) (60,12) (61,15) (62,18) 
TD 35 :
(99,100) (0,101) (98,96) (1,98) (97,92) (2,93) (96,88) (3,91) (95,85) (4,85) (94,82) (6,82) (5,81) (93,79) (7,79) (92,76) (8,78) (91,73) (9,76) (90,72) (11,73) (10,73) (89,70) (12,69) (88,68) (13,67) (87,64) (14,66) (86,62) (15,62) (85,60) (16,57) (84,56) (17,55) (83,52) (18,54) (82,48) (19,51) (81,45) (20,47) (80,44) (21,45) (79,44) (22,44) (78,42) (23,41) (77,40) (76,41) (24,41) (75,38) (25,39) (74,38) (73,38) (26,36) (72,36) (27,34) (71,34) (28,33) (70,33) (29,27) (69,28) (30,26) (68,25) (67,25) (31,21) (66,23) (35,20) (32,19) (65,21) (64,20) (63,19) (36,14) (62,18) (37,10) (38,9) (39,7) (40,6) (41,6) (42,3) (43,6) (44,5) (45,6) (46,7) (47,10) (48,10) (49,9) (50,11) (51,11) (52,10) (53,10) (54,11) (55,12) (56,12) (57,13) (58,14) (59,12) (60,12) (61,15) 
TD 36 :
(99,100) (0,101) (98,96) (1,98) (97,92) (2,93) (96,88) (3,91) (95,85) (4,85) (94,82) (6,82) (5,81) (93,79) (7,79) (92,76) (8,78) (91,73) (9,76) (90,72) (11,73) (10,73) (89,70) (12,69) (88,68) (13,67) (87,64) (14,66) (86,62) (15,62) (85,60) (16,57) (84,56) (17,55) (83,52) (18,54) (82,48) (19,51) (81,45) (20,47) (80,44) (21,45) (79,44) (22,44) (78,42) (23,41) (77,40) (76,41) (24,41) (75,38) (25,39) (74,38) (73,38) (26,36) (72,36) (27,34) (71,34) (28,33) (70,33) (29,27) (69,28) (30,26) (68,25) (67,25) (31,21) (66,23) (35,20) (32,19) (65,21) (64,20) (63,19) (36,14) (62,18) (37,10) (61,15) (38,9) (39,7) (40,6) (41,6) (42,3) (43,6) (44,5) (45,6) (46,7) (47,10) (48,10) (49,9) (50,11) (51,11) (52,10) (53,10) (54,11) (55,12) (56,12) (57,13) (58,14) (59,12) (60,12) 
TD 37 :
(99,100) (0,101) (98,96) (1,98) (97,92) (2,93) (96,88) (3,91) (95,85) (4,85) (94,82) (6,82) (5,81) (93,79) (7,79) (92,76) (8,78) (91,73) (9,76) (90,72) (11,73) (10,73) (89,70) (12,69) (88,68) (13,67) (87,64) (14,66) (86,62) (15,62) (85,60) (16,57) (84,56) (17,55) (83,52) (18,54) (82,48) (19,51) (81,45) (20,47) (80,44) (21,45) (79,44) (22,44) (78,42) (23,41) (77,40) (76,41) (24,41) (75,38) (25,39) (74,38) (73,38) (26,36) (72,36) (27,34) (71,34) (28,33) (70,33) (29,27) (69,28) (30,26) (68,25) (67,25) (31,21) (66,23) (35,20) (32,19) (65,21) (64,20) (63,19) (36,14) (62,18) (37,10) (61,15) (38,9) (60,12) (58,14) (47,10) (39,7) (40,6) (41,6) (42,3) (43,6) (44,5) (45,6) (46,7) 
(99,100) (0,101) (98,96) (1,98) (97,92) (2,93) (96,88) (3,91) (95,85) (4,85) (94,82) (6,82) (5,81) (93,79) (7,79) (92,76) (8,78) (91,73) (9,76) (90,72) (11,73) (10,73) (89,70) (12,69) (88,68) (13,67) (87,64) (14,66) (86,62) (15,62) (85,60) (16,57) (84,56) (17,55) (83,52) (18,54) (82,48) (19,51) (81,45) (20,47) (80,44) (21,45) (79,44) (22,44) (78,42) (23,41) (77,40) (76,41) (24,41) (75,38) (25,39) (74,38) (73,38) (26,36) (72,36) (27,34) (71,34) (28,33) (70,33) (29,27) (69,28) (30,26) (68,25) (67,25) (31,21) (66,23) (35,20) (32,19) (65,21) (64,20) (63,19) (36,14) (62,18) (37,10) (61,15) (38,9) (60,12) (58,14) (47,10) (39,7) (48,10) (49,9) (50,11) (51,11) (52,10) (53,10) (54,11) (55,12) (56,12) (57,13) 
(99,100) (0,101) (98,96) (1,98) (97,92) (2,93) (96,88) (3,91) (95,85) (4,85) (94,82) (6,82) (5,81) (93,79) (7,79) (92,76) (8,78) (91,73) (9,76) (90,72) (11,73) (10,73) (89,70) (12,69) (88,68) (13,67) (87,64) (14,66) (86,62) (15,62) (85,60) (16,57) (84,56) (17,55) (83,52) (18,54) (82,48) (19,51) (81,45) (20,47) (80,44) (21,45) (79,44) (22,44) (78,42) (23,41) (77,40) (76,41) (24,41) (75,38) (25,39) (74,38) (73,38) (26,36) (72,36) (27,34) (71,34) (28,33) (70,33) (29,27) (69,28) (30,26) (68,25) (67,25) (31,21) (66,23) (35,20) (32,19) (65,21) (64,20) (63,19) (36,14) (62,18) (37,10) (61,15) (38,9) (60,12) (58,14) (47,10) (39,7) (59,12) 
TD 38 :
(99,100) (0,101) (98,96) (1,98) (97,92) (2,93) (96,88) (3,91) (95,85) (4,85) (94,82) (6,82) (5,81) (93,79) (7,79) (92,76) (8,78) (91,73) (9,76) (90,72) (11,73) (10,73) (89,70) (12,69) (88,68) (13,67) (87,64) (14,66) (86,62) (15,62) (85,60) (16,57) (84,56) (17,55) (83,52) (18,54) (82,48) (19,51) (81,45) (20,47) (80,44) (21,45) (79,44) (22,44) (78,42) (23,41) (77,40) (76,41) (24,41) (75,38) (25,39) (74,38) (73,38) (26,36) (72,36) (27,34) (71,34) (28,33) (70,33) (29,27) (69,28) (30,26) (68,25) (67,25) (31,21) (66,23) (35,20) (32,19) (65,21) (64,20) (63,19) (36,14) (62,18) (37,10) (61,15) (38,9) (60,12) (58,14) (47,10) (39,7) (40,6) (41,6) (42,3) (43,6) (44,5) (45,6) (46,7) 
(99,100) (0,101) (98,96) (1,98) (97,92) (2,93) (96,88) (3,91) (95,85) (4,85) (94,82) (6,82) (5,81) (93,79) (7,79) (92,76) (8,78) (91,73) (9,76) (90,72) (11,73) (10,73) (89,70) (12,69) (88,68) (13,67) (87,64) (14,66) (86,62) (15,62) (85,60) (16,57) (84,56) (17,55) (83,52) (18,54) (82,48) (19,51) (81,45) (20,47) (80,44) (21,45) (79,44) (22,44) (78,42) (23,41) (77,40) (76,41) (24,41) (75,38) (25,39) (74,38) (73,38) (26,36) (72,36) (27,34) (71,34) (28,33) (70,33) (29,27) (69,28) (30,26) (68,25) (67,25) (31,21) (66,23) (35,20) (32,19) (65,21) (64,20) (63,19) (36,14) (62,18) (37,10) (61,15) (38,9) (60,12) (58,14) (47,10) (39,7) (57,13) (50,11) (48,10) 
(99,100) (0,101) (98,96) (1,98) (97,92) (2,93) (96,88) (3,91) (95,85) (4,85) (94,82) (6,82) (5,81) (93,79) (7,79) (92,76) (8,78) (91,73) (9,76) (90,72) (11,73) (10,73) (89,70) (12,69) (88,68) (13,67) (87,64) (14,66) (86,62) (15,62) (85,60) (16,57) (84,56) (17,55) (83,52) (18,54) (82,48) (19,51) (81,45) (20,47) (80,44) (21,45) (79,44) (22,44) (78,42) (23,41) (77,40) (76,41) (24,41) (75,38) (25,39) (74,38) (73,38) (26,36) (72,36) (27,34) (71,34) (28,33) (70,33) (29,27) (69,28) (30,26) (68,25) (67,25) (31,21) (66,23) (35,20) (32,19) (65,21) (64,20) (63,19) (36,14) (62,18) (37,10) (61,15) (38,9) (60,12) (58,14) (47,10) (39,7) (57,13) (50,11) (48,10) (49,9) 
(99,100) (0,101) (98,96) (1,98) (97,92) (2,93) (96,88) (3,91) (95,85) (4,85) (94,82) (6,82) (5,81) (93,79) (7,79) (92,76) (8,78) (91,73) (9,76) (90,72) (11,73) (10,73) (89,70) (12,69) (88,68) (13,67) (87,64) (14,66) (86,62) (15,62) (85,60) (16,57) (84,56) (17,55) (83,52) (18,54) (82,48) (19,51) (81,45) (20,47) (80,44) (21,45) (79,44) (22,44) (78,42) (23,41) (77,40) (76,41) (24,41) (75,38) (25,39) (74,38) (73,38) (26,36) (72,36) (27,34) (71,34) (28,33) (70,33) (29,27) (69,28) (30,26) (68,25) (67,25) (31,21) (66,23) (35,20) (32,19) (65,21) (64,20) (63,19) (36,14) (62,18) (37,10) (61,15) (38,9) (60,12) (58,14) (47,10) (39,7) (57,13) (50,11) (48,10) (51,11) (52,10) (53,10) (54,11) (55,12) (56,12) 
(99,100) (0,101) (98,96) (1,98) (97,92) (2,93) (96,88) (3,91) (95,85) (4,85) (94,82) (6,82) (5,81) (93,79) (7,79) (92,76) (8,78) (91,73) (9,76) (90,72) (11,73) (10,73) (89,70) (12,69) (88,68) (13,67) (87,64) (14,66) (86,62) (15,62) (85,60) (16,57) (84,56) (17,55) (83,52) (18,54) (82,48) (19,51) (81,45) (20,47) (80,44) (21,45) (79,44) (22,44) (78,42) (23,41) (77,40) (76,41) (24,41) (75,38) (25,39) (74,38) (73,38) (26,36) (72,36) (27,34) (71,34) (28,33) (70,33) (29,27) (69,28) (30,26) (68,25) (67,25) (31,21) (66,23) (35,20) (32,19) (65,21) (64,20) (63,19) (36,14) (62,18) (37,10) (61,15) (38,9) (60,12) (58,14) (47,10) (39,7) (57,13) (50,11) (48,10) 
(99,100) (0,101) (98,96) (1,98) (97,92) (2,93) (96,88) (3,91) (95,85) (4,85) (94,82) (6,82) (5,81) (93,79) (7,79) (92,76) (8,78) (91,73) (9,76) (90,72) (11,73) (10,73) (89,70) (12,69) (88,68) (13,67) (87,64) (14,66) (86,62) (15,62) (85,60) (16,57) (84,56) (17,55) (83,52) (18,54) (82,48) (19,51) (81,45) (20,47) (80,44) (21,45) (79,44) (22,44) (78,42) (23,41) (77,40) (76,41) (24,41) (75,38) (25,39) (74,38) (73,38) (26,36) (72,36) (27,34) (71,34) (28,33) (70,33) (29,27) (69,28) (30,26) (68,25) (67,25) (31,21) (66,23) (35,20) (32,19) (65,21) (64,20) (63,19) (36,14) (62,18) (37,10) (61,15) (38,9) (60,12) (58,14) (47,10) (39,7) (59,12) 
TD 39 :
(99,100) (0,101) (98,96) (1,98) (97,92) (2,93) (96,88) (3,91) (95,85) (4,85) (94,82) (6,82) (5,81) (93,79) (7,79) (92,76) (8,78) (91,73) (9,76) (90,72) (11,73) (10,73) (89,70) (12,69) (88,68) (13,67) (87,64) (14,66) (86,62) (15,62) (85,60) (16,57) (84,56) (17,55) (83,52) (18,54) (82,48) (19,51) (81,45) (20,47) (80,44) (21,45) (79,44) (22,44) (78,42) (23,41) (77,40) (76,41) (24,41) (75,38) (25,39) (74,38) (73,38) (26,36) (72,36) (27,34) (71,34) (28,33) (70,33) (29,27) (69,28) (30,26) (68,25) (67,25) (31,21) (66,23) (35,20) (32,19) (65,21) (64,20) (63,19) (36,14) (62,18) (37,10) (61,15) (38,9) (60,12) (58,14) (47,10) (39,7) (40,6) (41,6) (42,3) (43,6) (44,5) (45,6) (46,7) 
(99,100) (0,101) (98,96) (1,98) (97,92) (2,93) (96,88) (3,91) (95,85) (4,85) (94,82) (6,82) (5,81) (93,79) (7,79) (92,76) (8,78) (91,73) (9,76) (90,72) (11,73) (10,73) (89,70) (12,69) (88,68) (13,67) (87,64) (14,66) (86,62) (15,62) (85,60) (16,57) (84,56) (17,55) (83,52) (18,54) (82,48) (19,51) (81,45) (20,47) (80,44) (21,45) (79,44) (22,44) (78,42) (23,41) (77,40) (76,41) (24,41) (75,38) (25,39) (74,38) (73,38) (26,36) (72,36) (27,34) (71,34) (28,33) (70,33) (29,27) (69,28) (30,26) (68,25) (67,25) (31,21) (66,23) (35,20) (32,19) (65,21) (64,20) (63,19) (36,14) (62,18) (37,10) (61,15) (38,9) (60,12) (58,14) (47,10) (39,7) (57,13) (50,11) (48,10) (56,12) (55,12) (51,11) 
(99,100) (0,101) (98,96) (1,98) (97,92) (2,93) (96,88) (3,91) (95,85) (4,85) (94,82) (6,82) (5,81) (93,79) (7,79) (92,76) (8,78) (91,73) (9,76) (90,72) (11,73) (10,73) (89,70) (12,69) (88,68) (13,67) (87,64) (14,66) (86,62) (15,62) (85,60) (16,57) (84,56) (17,55) (83,52) (18,54) (82,48) (19,51) (81,45) (20,47) (80,44) (21,45) (79,44) (22,44) (78,42) (23,41) (77,40) (76,41) (24,41) (75,38) (25,39) (74,38) (73,38) (26,36) (72,36) (27,34) (71,34) (28,33) (70,33) (29,27) (69,28) (30,26) (68,25) (67,25) (31,21) (66,23) (35,20) (32,19) (65,21) (64,20) (63,19) (36,14) (62,18) (37,10) (61,15) (38,9) (60,12) (58,14) (47,10) (39,7) (57,13) (50,11) (48,10) (56,12) (55,12) (51,11) (52,10) (53,10) (54,11) 
(99,100) (0,101) (98,96) (1,98) (97,92) (2,93) (96,88) (3,91) (95,85) (4,85) (94,82) (6,82) (5,81) (93,79) (7,79) (92,76) (8,78) (91,73) (9,76) (90,72) (11,73) (10,73) (89,70) (12,69) (88,68) (13,67) (87,64) (14,66) (86,62) (15,62) (85,60) (16,57) (84,56) (17,55) (83,52) (18,54) (82,48) (19,51) (81,45) (20,47) (80,44) (21,45) (79,44) (22,44) (78,42) (23,41) (77,40) (76,41) (24,41) (75,38) (25,39) (74,38) (73,38) (26,36) (72,36) (27,34) (71,34) (28,33) (70,33) (29,27) (69,28) (30,26) (68,25) (67,25) (31,21) (66,23) (35,20) (32,19) (65,21) (64,20) (63,19) (36,14) (62,18) (37,10) (61,15) (38,9) (60,12) (58,14) (47,10) (39,7) (57,13) (50,11) (48,10) (56,12) (55,12) (51,11) 
TD 40 :
(99,100) (0,101) (98,96) (1,98) (97,92) (2,93) (96,88) (3,91) (95,85) (4,85) (94,82) (6,82) (5,81) (93,79) (7,79) (92,76) (8,78) (91,73) (9,76) (90,72) (11,73) (10,73) (89,70) (12,69) (88,68) (13,67) (87,64) (14,66) (86,62) (15,62) (85,60) (16,57) (84,56) (17,55) (83,52) (18,54) (82,48) (19,51) (81,45) (20,47) (80,44) (21,45) (79,44) (22,44) (78,42) (23,41) (77,40) (76,41) (24,41) (75,38) (25,39) (74,38) (73,38) (26,36) (72,36) (27,34) (71,34) (28,33) (70,33) (29,27) (69,28) (30,26) (68,25) (67,25) (31,21) (66,23) (35,20) (32,19) (65,21) (64,20) (63,19) (36,14) (62,18) (37,10) (61,15) (38,9) (60,12) (58,14) (47,10) (39,7) (40,6) (41,6) (43,6) (42,3) 
(99,100) (0,101) (98,96) (1,98) (97,92) (2,93) (96,88) (3,91) (95,85) (4,85) (94,82) (6,82) (5,81) (93,79) (7,79) (92,76) (8,78) (91,73) (9,76) (90,72) (11,73) (10,73) (89,70) (12,69) (88,68) (13,67) (87,64) (14,66) (86,62) (15,62) (85,60) (16,57) (84,56) (17,55) (83,52) (18,54) (82,48) (19,51) (81,45) (20,47) (80,44) (21,45) (79,44) (22,44) (78,42) (23,41) (77,40) (76,41) (24,41) (75,38) (25,39) (74,38) (73,38) (26,36) (72,36) (27,34) (71,34) (28,33) (70,33) (29,27) (69,28) (30,26) (68,25) (67,25) (31,21) (66,23) (35,20) (32,19) (65,21) (64,20) (63,19) (36,14) (62,18) (37,10) (61,15) (38,9) (60,12) (58,14) (47,10) (39,7) (40,6) (41,6) (43,6) (42,3) (44,5) (45,6) (46,7) 
(99,100) (0,101) (98,96) (1,98) (97,92) (2,93) (96,88) (3,91) (95,85) (4,85) (94,82) (6,82) (5,81) (93,79) (7,79) (92,76) (8,78) (91,73) (9,76) (90,72) (11,73) (10,73) (89,70) (12,69) (88,68) (13,67) (87,64) (14,66) (86,62) (15,62) (85,60) (16,57) (84,56) (17,55) (83,52) (18,54) (82,48) (19,51) (81,45) (20,47) (80,44) (21,45) (79,44) (22,44) (78,42) (23,41) (77,40) (76,41) (24,41) (75,38) (25,39) (74,38) (73,38) (26,36) (72,36) (27,34) (71,34) (28,33) (70,33) (29,27) (69,28) (30,26) (68,25) (67,25) (31,21) (66,23) (35,20) (32,19) (65,21) (64,20) (63,19) (36,14) (62,18) (37,10) (61,15) (38,9) (60,12) (58,14) (47,10) (39,7) (57,13) (50,11) (48,10) (56,12) (55,12) (51,11) (54,11) (52,10) (53,10) 
TD 41 :
(99,100) (0,101) (98,96) (1,98) (97,92) (2,93) (96,88) (3,91) (95,85) (4,85) (94,82) (6,82) (5,81) (93,79) (7,79) (92,76) (8,78) (91,73) (9,76) (90,72) (11,73) (10,73) (89,70) (12,69) (88,68) (13,67) (87,64) (14,66) (86,62) (15,62) (85,60) (16,57) (84,56) (17,55) (83,52) (18,54) (82,48) (19,51) (81,45) (20,47) (80,44) (21,45) (79,44) (22,44) (78,42) (23,41) (77,40) (76,41) (24,41) (75,38) (25,39) (74,38) (73,38) (26,36) (72,36) (27,34) (71,34) (28,33) (70,33) (29,27) (69,28) (30,26) (68,25) (67,25) (31,21) (66,23) (35,20) (32,19) (65,21) (64,20) (63,19) (36,14) (62,18) (37,10) (61,15) (38,9) (60,12) (58,14) (47,10) (39,7) (40,6) (41,6) (43,6) (42,3) (46,7) (45,6) (44,5) 
(99,100) (0,101) (98,96) (1,98) (97,92) (2,93) (96,88) (3,91) (95,85) (4,85) (94,82) (6,82) (5,81) (93,79) (7,79) (92,76) (8,78) (91,73) (9,76) (90,72) (11,73) (10,73) (89,70) (12,69) (88,68) (13,67) (87,64) (14,66) (86,62) (15,62) (85,60) (16,57) (84,56) (17,55) (83,52) (18,54) (82,48) (19,51) (81,45) (20,47) (80,44) (21,45) (79,44) (22,44) (78,42) (23,41) (77,40) (76,41) (24,41) (75,38) (25,39) (74,38) (73,38) (26,36) (72,36) (27,34) (71,34) (28,33) (70,33) (29,27) (69,28) (30,26) (68,25) (67,25) (31,21) (66,23) (35,20) (32,19) (65,21) (64,20) (63,19) (36,14) (62,18) (37,10) (61,15) (38,9) (60,12) (58,14) (47,10) (39,7) (40,6) (41,6) (43,6) (42,3) (46,7) (45,6) (44,5) 
(99,100) (0,101) (98,96) (1,98) (97,92) (2,93) (96,88) (3,91) (95,85) (4,85) (94,82) (6,82) (5,81) (93,79) (7,79) (92,76) (8,78) (91,73) (9,76) (90,72) (11,73) (10,73) (89,70) (12,69) (88,68) (13,67) (87,64) (14,66) (86,62) (15,62) (85,60) (16,57) (84,56) (17,55) (83,52) (18,54) (82,48) (19,51) (81,45) (20,47) (80,44) (21,45) (79,44) (22,44) (78,42) (23,41) (77,40) (76,41) (24,41) (75,38) (25,39) (74,38) (73,38) (26,36) (72,36) (27,34) (71,34) (28,33) (70,33) (29,27) (69,28) (30,26) (68,25) (67,25) (31,21) (66,23) (35,20) (32,19) (65,21) (64,20) (63,19) (36,14) (62,18) (37,10) (61,15) (38,9) (60,12) (58,14) (47,10) (39,7) (40,6) (41,6) (43,6) (42,3) (46,7) (45,6) (44,5) 
(99,100) (0,101) (98,96) (1,98) (97,92) (2,93) (96,88) (3,91) (95,85) (4,85) (94,82) (6,82) (5,81) (93,79) (7,79) (92,76) (8,78) (91,73) (9,76) (90,72) (11,73) (10,73) (89,70) (12,69) (88,68) (13,67) (87,64) (14,66) (86,62) (15,62) (85,60) (16,57) (84,56) (17,55) (83,52) (18,54) (82,48) (19,51) (81,45) (20,47) (80,44) (21,45) (79,44) (22,44) (78,42) (23,41) (77,40) (76,41) (24,41) (75,38) (25,39) (74,38) (73,38) (26,36) (72,36) (27,34) (71,34) (28,33) (70,33) (29,27) (69,28) (30,26) (68,25) (67,25) (31,21) (66,23) (35,20) (32,19) (65,21) (64,20) (63,19) (36,14) (62,18) (37,10) (61,15) (38,9) (60,12) (58,14) (47,10) (39,7) (57,13) (50,11) (48,10) (56,12) (55,12) (51,11) (54,11) (53,10) (52,10) 
(99,100) (0,101) (98,96) (1,98) (97,92) (2,93) (96,88) (3,91) (95,85) (4,85) (94,82) (6,82) (5,81) (93,79) (7,79) (92,76) (8,78) (91,73) (9,76) (90,72) (11,73) (10,73) (89,70) (12,69) (88,68) (13,67) (87,64) (14,66) (86,62) (15,62) (85,60) (16,57) (84,56) (17,55) (83,52) (18,54) (82,48) (19,51) (81,45) (20,47) (80,44) (21,45) (79,44) (22,44) (78,42) (23,41) (77,40) (76,41) (24,41) (75,38) (25,39) (74,38) (73,38) (26,36) (72,36) (27,34) (71,34) (28,33) (70,33) (29,27) (69,28) (30,26) (68,25) (67,25) (31,21) (66,23) (35,20) (32,19) (65,21) (64,20) (63,19) (36,14) (62,18) (37,10) (61,15) (38,9) (60,12) (58,14) (47,10) (39,7) (57,13) (50,11) (48,10) (56,12) (55,12) (51,11) (54,11) (53,10) (52,10) 
Pocket 0 :
()
Pocket 1 :
({  (0,101) ,(1,98) } {  (98,96) ,(99,100) } )
Pocket 2 :
({  (1,98) ,(0,101) } {  (99,100) ,(98,96) } )
Pocket 3 :
({  (2,93) ,(1,98) } {  (99,100) ,(97,92) } )
Pocket 4 :
({  (3,91) ,(2,93) } {  (99,100) ,(96,88) } )
Pocket 5 :
({  (4,85) ,(3,91) } {  (99,100) ,(95,85) } )
Pocket 6 :
({  (5,81) ,(4,85) } {  (7,79) ,(6,82) } {  (5,81) ,(4,85) } {  (7,79) ,(6,82) } )
Pocket 7 :
({  (7,79) ,(5,81) } {  (99,100) ,(93,79) } )
Pocket 8 :
({  (8,78) ,(7,79) } {  (99,100) ,(92,76) } )
Pocket 9 :
({  (9,76) ,(8,78) } {  (99,100) ,(91,73) } )
Pocket 10 :
({  (10,73) ,(9,76) } {  (12,69) ,(11,73) } {  (10,73) ,(9,76) } {  (12,69) ,(11,73) } )
Pocket 11 :
({  (12,69) ,(10,73) } {  (99,100) ,(89,70) } )
Pocket 12 :
({  (13,67) ,(12,69) } {  (99,100) ,(88,68) } )
Pocket 13 :
({  (14,66) ,(13,67) } {  (99,100) ,(87,64) } )
Pocket 14 :
({  (15,62) ,(14,66) } {  (99,100) ,(86,62) } )
Pocket 15 :
({  (16,57) ,(15,62) } {  (99,100) ,(85,60) } )
Pocket 16 :
({  (17,55) ,(16,57) } {  (99,100) ,(84,56) } )
Pocket 17 :
({  (18,54) ,(17,55) } {  (99,100) ,(83,52) } )
Pocket 18 :
({  (19,51) ,(18,54) } {  (99,100) ,(82,48) } )
Pocket 19 :
({  (20,47) ,(19,51) } {  (99,100) ,(81,45) } )
Pocket 20 :
({  (21,45) ,(20,47) } {  (99,100) ,(80,44) } )
Pocket 21 :
({  (22,44) ,(21,45) } {  (99,100) ,(79,44) } )
Pocket 22 :
({  (23,41) ,(22,44) } {  (99,100) ,(78,42) } )
Pocket 23 :
({  (24,41) ,(23,41) } {  (77,40) ,(76,41) } {  (24,41) ,(23,41) } {  (77,40) ,(76,41) } )
Pocket 24 :
({  (25,39) ,(24,41) } {  (99,100) ,(75,38) } )
Pocket 25 :
({  (26,36) ,(25,39) } {  (74,38) ,(73,38) } {  (26,36) ,(25,39) } {  (74,38) ,(73,38) } )
Pocket 26 :
({  (27,34) ,(26,36) } {  (99,100) ,(72,36) } )
Pocket 27 :
({  (28,33) ,(27,34) } {  (99,100) ,(71,34) } )
Pocket 28 :
({  (29,27) ,(28,33) } {  (99,100) ,(70,33) } )
Pocket 29 :
({  (30,26) ,(29,27) } {  (99,100) ,(69,28) } )
Pocket 30 :
({  (31,21) ,(30,26) } {  (68,25) ,(67,25) } {  (31,21) ,(30,26) } {  (68,25) ,(67,25) } )
Pocket 31 :
({  (32,19) ,(31,21) } {  (36,14) ,(35,20) } {  (32,19) ,(31,21) } {  (36,14) ,(35,20) } )
Pocket 32 :
({  (33,19) ,(32,19) } {  (99,100) ,(65,21) } )
Pocket 33 :
({  (34,19) ,(33,19) } {  (99,100) ,(64,20) } )
Pocket 34 :
({  (36,14) ,(64,20) } {  (99,100) ,(63,19) } )
Pocket 35 :
({  (37,10) ,(36,14) } {  (99,100) ,(62,18) } )
Pocket 36 :
({  (38,9) ,(37,10) } {  (99,100) ,(61,15) } )
Pocket 37 :
({  (39,7) ,(38,9) } {  (48,10) ,(47,10) } {  (39,7) ,(38,9) } {  (48,10) ,(47,10) } {  (39,7) ,(38,9) } {  (48,10) ,(47,10) } )
Pocket 38 :
({  (40,6) ,(39,7) } {  (49,9) ,(48,10) } {  (49,9) ,(48,10) } {  (49,9) ,(48,10) } {  (49,9) ,(48,10) } {  (99,100) ,(59,12) } )
Pocket 39 :
({  (41,6) ,(40,6) } {  (52,10) ,(51,11) } {  (52,10) ,(51,11) } {  (52,10) ,(51,11) } )
Pocket 40 :
({  (42,3) ,(41,6) } {  (44,5) ,(43,6) } {  (42,3) ,(41,6) } {  (44,5) ,(43,6) } {  (99,100) ,(54,11) } )
