41 layers in onion peeling: 
Layer 1
(99,53) (0,102) 
Layer 2
(98,49) (1,96) 
Layer 3
(97,46) (2,94) 
Layer 4
(96,43) (3,90) 
Layer 5
(95,37) (4,86) 
Layer 6
(94,33) (5,84) 
Layer 7
(93,33) (6,80) 
Layer 8
(92,29) (7,75) 
Layer 9
(91,27) (8,72) 
Layer 10
(90,25) (9,69) 
Layer 11
(89,23) (10,63) 
Layer 12
(88,22) (11,61) 
Layer 13
(87,18) (12,56) 
Layer 14
(86,18) (13,51) 
Layer 15
(85,12) (14,46) 
Layer 16
(84,8) (16,44) (15,44) 
Layer 17
(83,7) (17,43) 
Layer 18
(82,5) (18,40) 
Layer 19
(81,2) (80,3) (19,37) 
Layer 20
(79,1) (20,36) 
Layer 21
(78,-1) (21,30) 
Layer 22
(77,-3) (22,25) 
Layer 23
(76,-4) (23,20) 
Layer 24
(75,-5) (24,19) 
Layer 25
(74,-5) (25,17) 
Layer 26
(73,-6) (26,15) 
Layer 27
(72,-7) (27,10) 
Layer 28
(71,-9) (70,-8) (28,9) 
Layer 29
(69,-10) (29,8) 
Layer 30
(68,-12) (30,4) 
Layer 31
(67,-16) (66,-14) (31,2) 
Layer 32
(65,-15) (32,0) 
Layer 33
(64,-15) (33,-3) 
Layer 34
(63,-17) (62,-15) (34,-7) 
Layer 35
(61,-16) (35,-8) 
Layer 36
(60,-18) (59,-17) (54,-15) (36,-11) 
Layer 37
(58,-20) (57,-18) (56,-17) (55,-16) (38,-12) (37,-12) 
Layer 38
(53,-17) (39,-13) 
Layer 39
(52,-19) (40,-14) 
Layer 40
(51,-20) (50,-19) (47,-18) (43,-17) (42,-17) (41,-17) 
Layer 41
(49,-22) (48,-19) (45,-18) (44,-18) 
---------------------------------------------------------------------------------------
TD 0 :
(99,53) (98,49) (97,46) (96,43) (95,37) (94,33) (93,33) (92,29) (91,27) (90,25) (89,23) (88,22) (87,18) (86,18) (85,12) (84,8) (83,7) (82,5) (81,2) (80,3) (79,1) (78,-1) (77,-3) (76,-4) (75,-5) (74,-5) (73,-6) (72,-7) (71,-9) (70,-8) (69,-10) (68,-12) (67,-16) (66,-14) (65,-15) (64,-15) (63,-17) (62,-15) (61,-16) (60,-18) (59,-17) (58,-20) (57,-18) (56,-17) (55,-16) (54,-15) (53,-17) (52,-19) (51,-20) (50,-19) (49,-22) (48,-19) (47,-18) (46,-19) (45,-18) (44,-18) (43,-17) (42,-17) (41,-17) (40,-14) (39,-13) (38,-12) (37,-12) (36,-11) (35,-8) (34,-7) (33,-3) (32,0) (31,2) (30,4) (29,8) (28,9) (27,10) (26,15) (25,17) (24,19) (23,20) (22,25) (21,30) (20,36) (19,37) (18,40) (17,43) (16,44) (15,44) (14,46) (13,51) (12,56) (11,61) (10,63) (9,69) (8,72) (7,75) (6,80) (5,84) (4,86) (3,90) (2,94) (1,96) (0,102) 
TD 1 :
(99,53) (0,102) (1,96) (2,94) (3,90) (4,86) (5,84) (6,80) (7,75) (8,72) (9,69) (10,63) (11,61) (12,56) (13,51) (14,46) (15,44) (16,44) (17,43) (18,40) (19,37) (20,36) (21,30) (22,25) (23,20) (24,19) (25,17) (26,15) (27,10) (28,9) (29,8) (30,4) (31,2) (32,0) (33,-3) (34,-7) (35,-8) (36,-11) (37,-12) (38,-12) (39,-13) (40,-14) (41,-17) (42,-17) (43,-17) (44,-18) (45,-18) (46,-19) (47,-18) (48,-19) (49,-22) (50,-19) (51,-20) (52,-19) (53,-17) (54,-15) (55,-16) (56,-17) (57,-18) (58,-20) (59,-17) (60,-18) (61,-16) (62,-15) (63,-17) (64,-15) (65,-15) (66,-14) (67,-16) (68,-12) (69,-10) (70,-8) (71,-9) (72,-7) (73,-6) (74,-5) (75,-5) (76,-4) (77,-3) (78,-1) (79,1) (80,3) (81,2) (82,5) (83,7) (84,8) (85,12) (86,18) (87,18) (88,22) (89,23) (90,25) (91,27) (92,29) (93,33) (94,33) (95,37) (96,43) (97,46) (98,49) 
TD 2 :
(99,53) (0,102) (98,49) (1,96) (2,94) (3,90) (4,86) (5,84) (6,80) (7,75) (8,72) (9,69) (10,63) (11,61) (12,56) (13,51) (14,46) (15,44) (16,44) (17,43) (18,40) (19,37) (20,36) (21,30) (22,25) (23,20) (24,19) (25,17) (26,15) (27,10) (28,9) (29,8) (30,4) (31,2) (32,0) (33,-3) (34,-7) (35,-8) (36,-11) (37,-12) (38,-12) (39,-13) (40,-14) (41,-17) (42,-17) (43,-17) (44,-18) (45,-18) (46,-19) (47,-18) (48,-19) (49,-22) (50,-19) (51,-20) (52,-19) (53,-17) (54,-15) (55,-16) (56,-17) (57,-18) (58,-20) (59,-17) (60,-18) (61,-16) (62,-15) (63,-17) (64,-15) (65,-15) (66,-14) (67,-16) (68,-12) (69,-10) (70,-8) (71,-9) (72,-7) (73,-6) (74,-5) (75,-5) (76,-4) (77,-3) (78,-1) (79,1) (80,3) (81,2) (82,5) (83,7) (84,8) (85,12) (86,18) (87,18) (88,22) (89,23) (90,25) (91,27) (92,29) (93,33) (94,33) (95,37) (96,43) (97,46) 
TD 3 :
(99,53) (0,102) (98,49) (1,96) (97,46) (2,94) (3,90) (4,86) (5,84) (6,80) (7,75) (8,72) (9,69) (10,63) (11,61) (12,56) (13,51) (14,46) (15,44) (16,44) (17,43) (18,40) (19,37) (20,36) (21,30) (22,25) (23,20) (24,19) (25,17) (26,15) (27,10) (28,9) (29,8) (30,4) (31,2) (32,0) (33,-3) (34,-7) (35,-8) (36,-11) (37,-12) (38,-12) (39,-13) (40,-14) (41,-17) (42,-17) (43,-17) (44,-18) (45,-18) (46,-19) (47,-18) (48,-19) (49,-22) (50,-19) (51,-20) (52,-19) (53,-17) (54,-15) (55,-16) (56,-17) (57,-18) (58,-20) (59,-17) (60,-18) (61,-16) (62,-15) (63,-17) (64,-15) (65,-15) (66,-14) (67,-16) (68,-12) (69,-10) (70,-8) (71,-9) (72,-7) (73,-6) (74,-5) (75,-5) (76,-4) (77,-3) (78,-1) (79,1) (80,3) (81,2) (82,5) (83,7) (84,8) (85,12) (86,18) (87,18) (88,22) (89,23) (90,25) (91,27) (92,29) (93,33) (94,33) (95,37) (96,43) 
TD 4 :
(99,53) (0,102) (98,49) (1,96) (97,46) (2,94) (96,43) (3,90) (4,86) (5,84) (6,80) (7,75) (8,72) (9,69) (10,63) (11,61) (12,56) (13,51) (14,46) (15,44) (16,44) (17,43) (18,40) (19,37) (20,36) (21,30) (22,25) (23,20) (24,19) (25,17) (26,15) (27,10) (28,9) (29,8) (30,4) (31,2) (32,0) (33,-3) (34,-7) (35,-8) (36,-11) (37,-12) (38,-12) (39,-13) (40,-14) (41,-17) (42,-17) (43,-17) (44,-18) (45,-18) (46,-19) (47,-18) (48,-19) (49,-22) (50,-19) (51,-20) (52,-19) (53,-17) (54,-15) (55,-16) (56,-17) (57,-18) (58,-20) (59,-17) (60,-18) (61,-16) (62,-15) (63,-17) (64,-15) (65,-15) (66,-14) (67,-16) (68,-12) (69,-10) (70,-8) (71,-9) (72,-7) (73,-6) (74,-5) (75,-5) (76,-4) (77,-3) (78,-1) (79,1) (80,3) (81,2) (82,5) (83,7) (84,8) (85,12) (86,18) (87,18) (88,22) (89,23) (90,25) (91,27) (92,29) (93,33) (94,33) (95,37) 
TD 5 :
(99,53) (0,102) (98,49) (1,96) (97,46) (2,94) (96,43) (3,90) (95,37) (4,86) (5,84) (6,80) (7,75) (8,72) (9,69) (10,63) (11,61) (12,56) (13,51) (14,46) (15,44) (16,44) (17,43) (18,40) (19,37) (20,36) (21,30) (22,25) (23,20) (24,19) (25,17) (26,15) (27,10) (28,9) (29,8) (30,4) (31,2) (32,0) (33,-3) (34,-7) (35,-8) (36,-11) (37,-12) (38,-12) (39,-13) (40,-14) (41,-17) (42,-17) (43,-17) (44,-18) (45,-18) (46,-19) (47,-18) (48,-19) (49,-22) (50,-19) (51,-20) (52,-19) (53,-17) (54,-15) (55,-16) (56,-17) (57,-18) (58,-20) (59,-17) (60,-18) (61,-16) (62,-15) (63,-17) (64,-15) (65,-15) (66,-14) (67,-16) (68,-12) (69,-10) (70,-8) (71,-9) (72,-7) (73,-6) (74,-5) (75,-5) (76,-4) (77,-3) (78,-1) (79,1) (80,3) (81,2) (82,5) (83,7) (84,8) (85,12) (86,18) (87,18) (88,22) (89,23) (90,25) (91,27) (92,29) (93,33) (94,33) 
TD 6 :
(99,53) (0,102) (98,49) (1,96) (97,46) (2,94) (96,43) (3,90) (95,37) (4,86) (94,33) (5,84) (6,80) (7,75) (8,72) (9,69) (10,63) (11,61) (12,56) (13,51) (14,46) (15,44) (16,44) (17,43) (18,40) (19,37) (20,36) (21,30) (22,25) (23,20) (24,19) (25,17) (26,15) (27,10) (28,9) (29,8) (30,4) (31,2) (32,0) (33,-3) (34,-7) (35,-8) (36,-11) (37,-12) (38,-12) (39,-13) (40,-14) (41,-17) (42,-17) (43,-17) (44,-18) (45,-18) (46,-19) (47,-18) (48,-19) (49,-22) (50,-19) (51,-20) (52,-19) (53,-17) (54,-15) (55,-16) (56,-17) (57,-18) (58,-20) (59,-17) (60,-18) (61,-16) (62,-15) (63,-17) (64,-15) (65,-15) (66,-14) (67,-16) (68,-12) (69,-10) (70,-8) (71,-9) (72,-7) (73,-6) (74,-5) (75,-5) (76,-4) (77,-3) (78,-1) (79,1) (80,3) (81,2) (82,5) (83,7) (84,8) (85,12) (86,18) (87,18) (88,22) (89,23) (90,25) (91,27) (92,29) (93,33) 
TD 7 :
(99,53) (0,102) (98,49) (1,96) (97,46) (2,94) (96,43) (3,90) (95,37) (4,86) (94,33) (5,84) (93,33) (6,80) (7,75) (8,72) (9,69) (10,63) (11,61) (12,56) (13,51) (14,46) (15,44) (16,44) (17,43) (18,40) (19,37) (20,36) (21,30) (22,25) (23,20) (24,19) (25,17) (26,15) (27,10) (28,9) (29,8) (30,4) (31,2) (32,0) (33,-3) (34,-7) (35,-8) (36,-11) (37,-12) (38,-12) (39,-13) (40,-14) (41,-17) (42,-17) (43,-17) (44,-18) (45,-18) (46,-19) (47,-18) (48,-19) (49,-22) (50,-19) (51,-20) (52,-19) (53,-17) (54,-15) (55,-16) (56,-17) (57,-18) (58,-20) (59,-17) (60,-18) (61,-16) (62,-15) (63,-17) (64,-15) (65,-15) (66,-14) (67,-16) (68,-12) (69,-10) (70,-8) (71,-9) (72,-7) (73,-6) (74,-5) (75,-5) (76,-4) (77,-3) (78,-1) (79,1) (80,3) (81,2) (82,5) (83,7) (84,8) (85,12) (86,18) (87,18) (88,22) (89,23) (90,25) (91,27) (92,29) 
TD 8 :
(99,53) (0,102) (98,49) (1,96) (97,46) (2,94) (96,43) (3,90) (95,37) (4,86) (94,33) (5,84) (93,33) (6,80) (92,29) (7,75) (8,72) (9,69) (10,63) (11,61) (12,56) (13,51) (14,46) (15,44) (16,44) (17,43) (18,40) (19,37) (20,36) (21,30) (22,25) (23,20) (24,19) (25,17) (26,15) (27,10) (28,9) (29,8) (30,4) (31,2) (32,0) (33,-3) (34,-7) (35,-8) (36,-11) (37,-12) (38,-12) (39,-13) (40,-14) (41,-17) (42,-17) (43,-17) (44,-18) (45,-18) (46,-19) (47,-18) (48,-19) (49,-22) (50,-19) (51,-20) (52,-19) (53,-17) (54,-15) (55,-16) (56,-17) (57,-18) (58,-20) (59,-17) (60,-18) (61,-16) (62,-15) (63,-17) (64,-15) (65,-15) (66,-14) (67,-16) (68,-12) (69,-10) (70,-8) (71,-9) (72,-7) (73,-6) (74,-5) (75,-5) (76,-4) (77,-3) (78,-1) (79,1) (80,3) (81,2) (82,5) (83,7) (84,8) (85,12) (86,18) (87,18) (88,22) (89,23) (90,25) (91,27) 
TD 9 :
(99,53) (0,102) (98,49) (1,96) (97,46) (2,94) (96,43) (3,90) (95,37) (4,86) (94,33) (5,84) (93,33) (6,80) (92,29) (7,75) (91,27) (8,72) (9,69) (10,63) (11,61) (12,56) (13,51) (14,46) (15,44) (16,44) (17,43) (18,40) (19,37) (20,36) (21,30) (22,25) (23,20) (24,19) (25,17) (26,15) (27,10) (28,9) (29,8) (30,4) (31,2) (32,0) (33,-3) (34,-7) (35,-8) (36,-11) (37,-12) (38,-12) (39,-13) (40,-14) (41,-17) (42,-17) (43,-17) (44,-18) (45,-18) (46,-19) (47,-18) (48,-19) (49,-22) (50,-19) (51,-20) (52,-19) (53,-17) (54,-15) (55,-16) (56,-17) (57,-18) (58,-20) (59,-17) (60,-18) (61,-16) (62,-15) (63,-17) (64,-15) (65,-15) (66,-14) (67,-16) (68,-12) (69,-10) (70,-8) (71,-9) (72,-7) (73,-6) (74,-5) (75,-5) (76,-4) (77,-3) (78,-1) (79,1) (80,3) (81,2) (82,5) (83,7) (84,8) (85,12) (86,18) (87,18) (88,22) (89,23) (90,25) 
TD 10 :
(99,53) (0,102) (98,49) (1,96) (97,46) (2,94) (96,43) (3,90) (95,37) (4,86) (94,33) (5,84) (93,33) (6,80) (92,29) (7,75) (91,27) (8,72) (90,25) (9,69) (10,63) (11,61) (12,56) (13,51) (14,46) (15,44) (16,44) (17,43) (18,40) (19,37) (20,36) (21,30) (22,25) (23,20) (24,19) (25,17) (26,15) (27,10) (28,9) (29,8) (30,4) (31,2) (32,0) (33,-3) (34,-7) (35,-8) (36,-11) (37,-12) (38,-12) (39,-13) (40,-14) (41,-17) (42,-17) (43,-17) (44,-18) (45,-18) (46,-19) (47,-18) (48,-19) (49,-22) (50,-19) (51,-20) (52,-19) (53,-17) (54,-15) (55,-16) (56,-17) (57,-18) (58,-20) (59,-17) (60,-18) (61,-16) (62,-15) (63,-17) (64,-15) (65,-15) (66,-14) (67,-16) (68,-12) (69,-10) (70,-8) (71,-9) (72,-7) (73,-6) (74,-5) (75,-5) (76,-4) (77,-3) (78,-1) (79,1) (80,3) (81,2) (82,5) (83,7) (84,8) (85,12) (86,18) (87,18) (88,22) (89,23) 
TD 11 :
(99,53) (0,102) (98,49) (1,96) (97,46) (2,94) (96,43) (3,90) (95,37) (4,86) (94,33) (5,84) (93,33) (6,80) (92,29) (7,75) (91,27) (8,72) (90,25) (9,69) (89,23) (10,63) (11,61) (12,56) (13,51) (14,46) (15,44) (16,44) (17,43) (18,40) (19,37) (20,36) (21,30) (22,25) (23,20) (24,19) (25,17) (26,15) (27,10) (28,9) (29,8) (30,4) (31,2) (32,0) (33,-3) (34,-7) (35,-8) (36,-11) (37,-12) (38,-12) (39,-13) (40,-14) (41,-17) (42,-17) (43,-17) (44,-18) (45,-18) (46,-19) (47,-18) (48,-19) (49,-22) (50,-19) (51,-20) (52,-19) (53,-17) (54,-15) (55,-16) (56,-17) (57,-18) (58,-20) (59,-17) (60,-18) (61,-16) (62,-15) (63,-17) (64,-15) (65,-15) (66,-14) (67,-16) (68,-12) (69,-10) (70,-8) (71,-9) (72,-7) (73,-6) (74,-5) (75,-5) (76,-4) (77,-3) (78,-1) (79,1) (80,3) (81,2) (82,5) (83,7) (84,8) (85,12) (86,18) (87,18) (88,22) 
TD 12 :
(99,53) (0,102) (98,49) (1,96) (97,46) (2,94) (96,43) (3,90) (95,37) (4,86) (94,33) (5,84) (93,33) (6,80) (92,29) (7,75) (91,27) (8,72) (90,25) (9,69) (89,23) (10,63) (88,22) (11,61) (12,56) (13,51) (14,46) (15,44) (16,44) (17,43) (18,40) (19,37) (20,36) (21,30) (22,25) (23,20) (24,19) (25,17) (26,15) (27,10) (28,9) (29,8) (30,4) (31,2) (32,0) (33,-3) (34,-7) (35,-8) (36,-11) (37,-12) (38,-12) (39,-13) (40,-14) (41,-17) (42,-17) (43,-17) (44,-18) (45,-18) (46,-19) (47,-18) (48,-19) (49,-22) (50,-19) (51,-20) (52,-19) (53,-17) (54,-15) (55,-16) (56,-17) (57,-18) (58,-20) (59,-17) (60,-18) (61,-16) (62,-15) (63,-17) (64,-15) (65,-15) (66,-14) (67,-16) (68,-12) (69,-10) (70,-8) (71,-9) (72,-7) (73,-6) (74,-5) (75,-5) (76,-4) (77,-3) (78,-1) (79,1) (80,3) (81,2) (82,5) (83,7) (84,8) (85,12) (86,18) (87,18) 
TD 13 :
(99,53) (0,102) (98,49) (1,96) (97,46) (2,94) (96,43) (3,90) (95,37) (4,86) (94,33) (5,84) (93,33) (6,80) (92,29) (7,75) (91,27) (8,72) (90,25) (9,69) (89,23) (10,63) (88,22) (11,61) (87,18) (12,56) (13,51) (14,46) (15,44) (16,44) (17,43) (18,40) (19,37) (20,36) (21,30) (22,25) (23,20) (24,19) (25,17) (26,15) (27,10) (28,9) (29,8) (30,4) (31,2) (32,0) (33,-3) (34,-7) (35,-8) (36,-11) (37,-12) (38,-12) (39,-13) (40,-14) (41,-17) (42,-17) (43,-17) (44,-18) (45,-18) (46,-19) (47,-18) (48,-19) (49,-22) (50,-19) (51,-20) (52,-19) (53,-17) (54,-15) (55,-16) (56,-17) (57,-18) (58,-20) (59,-17) (60,-18) (61,-16) (62,-15) (63,-17) (64,-15) (65,-15) (66,-14) (67,-16) (68,-12) (69,-10) (70,-8) (71,-9) (72,-7) (73,-6) (74,-5) (75,-5) (76,-4) (77,-3) (78,-1) (79,1) (80,3) (81,2) (82,5) (83,7) (84,8) (85,12) (86,18) 
TD 14 :
(99,53) (0,102) (98,49) (1,96) (97,46) (2,94) (96,43) (3,90) (95,37) (4,86) (94,33) (5,84) (93,33) (6,80) (92,29) (7,75) (91,27) (8,72) (90,25) (9,69) (89,23) (10,63) (88,22) (11,61) (87,18) (12,56) (86,18) (13,51) (14,46) (15,44) (16,44) (17,43) (18,40) (19,37) (20,36) (21,30) (22,25) (23,20) (24,19) (25,17) (26,15) (27,10) (28,9) (29,8) (30,4) (31,2) (32,0) (33,-3) (34,-7) (35,-8) (36,-11) (37,-12) (38,-12) (39,-13) (40,-14) (41,-17) (42,-17) (43,-17) (44,-18) (45,-18) (46,-19) (47,-18) (48,-19) (49,-22) (50,-19) (51,-20) (52,-19) (53,-17) (54,-15) (55,-16) (56,-17) (57,-18) (58,-20) (59,-17) (60,-18) (61,-16) (62,-15) (63,-17) (64,-15) (65,-15) (66,-14) (67,-16) (68,-12) (69,-10) (70,-8) (71,-9) (72,-7) (73,-6) (74,-5) (75,-5) (76,-4) (77,-3) (78,-1) (79,1) (80,3) (81,2) (82,5) (83,7) (84,8) (85,12) 
TD 15 :
(99,53) (0,102) (98,49) (1,96) (97,46) (2,94) (96,43) (3,90) (95,37) (4,86) (94,33) (5,84) (93,33) (6,80) (92,29) (7,75) (91,27) (8,72) (90,25) (9,69) (89,23) (10,63) (88,22) (11,61) (87,18) (12,56) (86,18) (13,51) (85,12) (14,46) (15,44) (16,44) (17,43) (18,40) (19,37) (20,36) (21,30) (22,25) (23,20) (24,19) (25,17) (26,15) (27,10) (28,9) (29,8) (30,4) (31,2) (32,0) (33,-3) (34,-7) (35,-8) (36,-11) (37,-12) (38,-12) (39,-13) (40,-14) (41,-17) (42,-17) (43,-17) (44,-18) (45,-18) (46,-19) (47,-18) (48,-19) (49,-22) (50,-19) (51,-20) (52,-19) (53,-17) (54,-15) (55,-16) (56,-17) (57,-18) (58,-20) (59,-17) (60,-18) (61,-16) (62,-15) (63,-17) (64,-15) (65,-15) (66,-14) (67,-16) (68,-12) (69,-10) (70,-8) (71,-9) (72,-7) (73,-6) (74,-5) (75,-5) (76,-4) (77,-3) (78,-1) (79,1) (80,3) (81,2) (82,5) (83,7) (84,8) 
TD 16 :
(99,53) (0,102) (98,49) (1,96) (97,46) (2,94) (96,43) (3,90) (95,37) (4,86) (94,33) (5,84) (93,33) (6,80) (92,29) (7,75) (91,27) (8,72) (90,25) (9,69) (89,23) (10,63) (88,22) (11,61) (87,18) (12,56) (86,18) (13,51) (85,12) (14,46) (84,8) (16,44) (15,44) 
(99,53) (0,102) (98,49) (1,96) (97,46) (2,94) (96,43) (3,90) (95,37) (4,86) (94,33) (5,84) (93,33) (6,80) (92,29) (7,75) (91,27) (8,72) (90,25) (9,69) (89,23) (10,63) (88,22) (11,61) (87,18) (12,56) (86,18) (13,51) (85,12) (14,46) (84,8) (16,44) (15,44) (17,43) (18,40) (19,37) (20,36) (21,30) (22,25) (23,20) (24,19) (25,17) (26,15) (27,10) (28,9) (29,8) (30,4) (31,2) (32,0) (33,-3) (34,-7) (35,-8) (36,-11) (37,-12) (38,-12) (39,-13) (40,-14) (41,-17) (42,-17) (43,-17) (44,-18) (45,-18) (46,-19) (47,-18) (48,-19) (49,-22) (50,-19) (51,-20) (52,-19) (53,-17) (54,-15) (55,-16) (56,-17) (57,-18) (58,-20) (59,-17) (60,-18) (61,-16) (62,-15) (63,-17) (64,-15) (65,-15) (66,-14) (67,-16) (68,-12) (69,-10) (70,-8) (71,-9) (72,-7) (73,-6) (74,-5) (75,-5) (76,-4) (77,-3) (78,-1) (79,1) (80,3) (81,2) (82,5) (83,7) 
TD 17 :
(99,53) (0,102) (98,49) (1,96) (97,46) (2,94) (96,43) (3,90) (95,37) (4,86) (94,33) (5,84) (93,33) (6,80) (92,29) (7,75) (91,27) (8,72) (90,25) (9,69) (89,23) (10,63) (88,22) (11,61) (87,18) (12,56) (86,18) (13,51) (85,12) (14,46) (84,8) (16,44) (15,44) (83,7) (17,43) (18,40) (19,37) (20,36) (21,30) (22,25) (23,20) (24,19) (25,17) (26,15) (27,10) (28,9) (29,8) (30,4) (31,2) (32,0) (33,-3) (34,-7) (35,-8) (36,-11) (37,-12) (38,-12) (39,-13) (40,-14) (41,-17) (42,-17) (43,-17) (44,-18) (45,-18) (46,-19) (47,-18) (48,-19) (49,-22) (50,-19) (51,-20) (52,-19) (53,-17) (54,-15) (55,-16) (56,-17) (57,-18) (58,-20) (59,-17) (60,-18) (61,-16) (62,-15) (63,-17) (64,-15) (65,-15) (66,-14) (67,-16) (68,-12) (69,-10) (70,-8) (71,-9) (72,-7) (73,-6) (74,-5) (75,-5) (76,-4) (77,-3) (78,-1) (79,1) (80,3) (81,2) (82,5) 
TD 18 :
(99,53) (0,102) (98,49) (1,96) (97,46) (2,94) (96,43) (3,90) (95,37) (4,86) (94,33) (5,84) (93,33) (6,80) (92,29) (7,75) (91,27) (8,72) (90,25) (9,69) (89,23) (10,63) (88,22) (11,61) (87,18) (12,56) (86,18) (13,51) (85,12) (14,46) (84,8) (16,44) (15,44) (83,7) (17,43) (82,5) (18,40) (19,37) (20,36) (21,30) (22,25) (23,20) (24,19) (25,17) (26,15) (27,10) (28,9) (29,8) (30,4) (31,2) (32,0) (33,-3) (34,-7) (35,-8) (36,-11) (37,-12) (38,-12) (39,-13) (40,-14) (41,-17) (42,-17) (43,-17) (44,-18) (45,-18) (46,-19) (47,-18) (48,-19) (49,-22) (50,-19) (51,-20) (52,-19) (53,-17) (54,-15) (55,-16) (56,-17) (57,-18) (58,-20) (59,-17) (60,-18) (61,-16) (62,-15) (63,-17) (64,-15) (65,-15) (66,-14) (67,-16) (68,-12) (69,-10) (70,-8) (71,-9) (72,-7) (73,-6) (74,-5) (75,-5) (76,-4) (77,-3) (78,-1) (79,1) (80,3) (81,2) 
TD 19 :
(99,53) (0,102) (98,49) (1,96) (97,46) (2,94) (96,43) (3,90) (95,37) (4,86) (94,33) (5,84) (93,33) (6,80) (92,29) (7,75) (91,27) (8,72) (90,25) (9,69) (89,23) (10,63) (88,22) (11,61) (87,18) (12,56) (86,18) (13,51) (85,12) (14,46) (84,8) (16,44) (15,44) (83,7) (17,43) (82,5) (18,40) (81,2) (80,3) (19,37) (20,36) (21,30) (22,25) (23,20) (24,19) (25,17) (26,15) (27,10) (28,9) (29,8) (30,4) (31,2) (32,0) (33,-3) (34,-7) (35,-8) (36,-11) (37,-12) (38,-12) (39,-13) (40,-14) (41,-17) (42,-17) (43,-17) (44,-18) (45,-18) (46,-19) (47,-18) (48,-19) (49,-22) (50,-19) (51,-20) (52,-19) (53,-17) (54,-15) (55,-16) (56,-17) (57,-18) (58,-20) (59,-17) (60,-18) (61,-16) (62,-15) (63,-17) (64,-15) (65,-15) (66,-14) (67,-16) (68,-12) (69,-10) (70,-8) (71,-9) (72,-7) (73,-6) (74,-5) (75,-5) (76,-4) (77,-3) (78,-1) (79,1) 
(99,53) (0,102) (98,49) (1,96) (97,46) (2,94) (96,43) (3,90) (95,37) (4,86) (94,33) (5,84) (93,33) (6,80) (92,29) (7,75) (91,27) (8,72) (90,25) (9,69) (89,23) (10,63) (88,22) (11,61) (87,18) (12,56) (86,18) (13,51) (85,12) (14,46) (84,8) (16,44) (15,44) (83,7) (17,43) (82,5) (18,40) (81,2) (80,3) (19,37) 
TD 20 :
(99,53) (0,102) (98,49) (1,96) (97,46) (2,94) (96,43) (3,90) (95,37) (4,86) (94,33) (5,84) (93,33) (6,80) (92,29) (7,75) (91,27) (8,72) (90,25) (9,69) (89,23) (10,63) (88,22) (11,61) (87,18) (12,56) (86,18) (13,51) (85,12) (14,46) (84,8) (16,44) (15,44) (83,7) (17,43) (82,5) (18,40) (81,2) (80,3) (19,37) (79,1) (20,36) (21,30) (22,25) (23,20) (24,19) (25,17) (26,15) (27,10) (28,9) (29,8) (30,4) (31,2) (32,0) (33,-3) (34,-7) (35,-8) (36,-11) (37,-12) (38,-12) (39,-13) (40,-14) (41,-17) (42,-17) (43,-17) (44,-18) (45,-18) (46,-19) (47,-18) (48,-19) (49,-22) (50,-19) (51,-20) (52,-19) (53,-17) (54,-15) (55,-16) (56,-17) (57,-18) (58,-20) (59,-17) (60,-18) (61,-16) (62,-15) (63,-17) (64,-15) (65,-15) (66,-14) (67,-16) (68,-12) (69,-10) (70,-8) (71,-9) (72,-7) (73,-6) (74,-5) (75,-5) (76,-4) (77,-3) (78,-1) 
TD 21 :
(99,53) (0,102) (98,49) (1,96) (97,46) (2,94) (96,43) (3,90) (95,37) (4,86) (94,33) (5,84) (93,33) (6,80) (92,29) (7,75) (91,27) (8,72) (90,25) (9,69) (89,23) (10,63) (88,22) (11,61) (87,18) (12,56) (86,18) (13,51) (85,12) (14,46) (84,8) (16,44) (15,44) (83,7) (17,43) (82,5) (18,40) (81,2) (80,3) (19,37) (79,1) (20,36) (78,-1) (21,30) (22,25) (23,20) (24,19) (25,17) (26,15) (27,10) (28,9) (29,8) (30,4) (31,2) (32,0) (33,-3) (34,-7) (35,-8) (36,-11) (37,-12) (38,-12) (39,-13) (40,-14) (41,-17) (42,-17) (43,-17) (44,-18) (45,-18) (46,-19) (47,-18) (48,-19) (49,-22) (50,-19) (51,-20) (52,-19) (53,-17) (54,-15) (55,-16) (56,-17) (57,-18) (58,-20) (59,-17) (60,-18) (61,-16) (62,-15) (63,-17) (64,-15) (65,-15) (66,-14) (67,-16) (68,-12) (69,-10) (70,-8) (71,-9) (72,-7) (73,-6) (74,-5) (75,-5) (76,-4) (77,-3) 
TD 22 :
(99,53) (0,102) (98,49) (1,96) (97,46) (2,94) (96,43) (3,90) (95,37) (4,86) (94,33) (5,84) (93,33) (6,80) (92,29) (7,75) (91,27) (8,72) (90,25) (9,69) (89,23) (10,63) (88,22) (11,61) (87,18) (12,56) (86,18) (13,51) (85,12) (14,46) (84,8) (16,44) (15,44) (83,7) (17,43) (82,5) (18,40) (81,2) (80,3) (19,37) (79,1) (20,36) (78,-1) (21,30) (77,-3) (22,25) (23,20) (24,19) (25,17) (26,15) (27,10) (28,9) (29,8) (30,4) (31,2) (32,0) (33,-3) (34,-7) (35,-8) (36,-11) (37,-12) (38,-12) (39,-13) (40,-14) (41,-17) (42,-17) (43,-17) (44,-18) (45,-18) (46,-19) (47,-18) (48,-19) (49,-22) (50,-19) (51,-20) (52,-19) (53,-17) (54,-15) (55,-16) (56,-17) (57,-18) (58,-20) (59,-17) (60,-18) (61,-16) (62,-15) (63,-17) (64,-15) (65,-15) (66,-14) (67,-16) (68,-12) (69,-10) (70,-8) (71,-9) (72,-7) (73,-6) (74,-5) (75,-5) (76,-4) 
TD 23 :
(99,53) (0,102) (98,49) (1,96) (97,46) (2,94) (96,43) (3,90) (95,37) (4,86) (94,33) (5,84) (93,33) (6,80) (92,29) (7,75) (91,27) (8,72) (90,25) (9,69) (89,23) (10,63) (88,22) (11,61) (87,18) (12,56) (86,18) (13,51) (85,12) (14,46) (84,8) (16,44) (15,44) (83,7) (17,43) (82,5) (18,40) (81,2) (80,3) (19,37) (79,1) (20,36) (78,-1) (21,30) (77,-3) (22,25) (76,-4) (23,20) (24,19) (25,17) (26,15) (27,10) (28,9) (29,8) (30,4) (31,2) (32,0) (33,-3) (34,-7) (35,-8) (36,-11) (37,-12) (38,-12) (39,-13) (40,-14) (41,-17) (42,-17) (43,-17) (44,-18) (45,-18) (46,-19) (47,-18) (48,-19) (49,-22) (50,-19) (51,-20) (52,-19) (53,-17) (54,-15) (55,-16) (56,-17) (57,-18) (58,-20) (59,-17) (60,-18) (61,-16) (62,-15) (63,-17) (64,-15) (65,-15) (66,-14) (67,-16) (68,-12) (69,-10) (70,-8) (71,-9) (72,-7) (73,-6) (74,-5) (75,-5) 
TD 24 :
(99,53) (0,102) (98,49) (1,96) (97,46) (2,94) (96,43) (3,90) (95,37) (4,86) (94,33) (5,84) (93,33) (6,80) (92,29) (7,75) (91,27) (8,72) (90,25) (9,69) (89,23) (10,63) (88,22) (11,61) (87,18) (12,56) (86,18) (13,51) (85,12) (14,46) (84,8) (16,44) (15,44) (83,7) (17,43) (82,5) (18,40) (81,2) (80,3) (19,37) (79,1) (20,36) (78,-1) (21,30) (77,-3) (22,25) (76,-4) (23,20) (75,-5) (24,19) (25,17) (26,15) (27,10) (28,9) (29,8) (30,4) (31,2) (32,0) (33,-3) (34,-7) (35,-8) (36,-11) (37,-12) (38,-12) (39,-13) (40,-14) (41,-17) (42,-17) (43,-17) (44,-18) (45,-18) (46,-19) (47,-18) (48,-19) (49,-22) (50,-19) (51,-20) (52,-19) (53,-17) (54,-15) (55,-16) (56,-17) (57,-18) (58,-20) (59,-17) (60,-18) (61,-16) (62,-15) (63,-17) (64,-15) (65,-15) (66,-14) (67,-16) (68,-12) (69,-10) (70,-8) (71,-9) (72,-7) (73,-6) (74,-5) 
TD 25 :
(99,53) (0,102) (98,49) (1,96) (97,46) (2,94) (96,43) (3,90) (95,37) (4,86) (94,33) (5,84) (93,33) (6,80) (92,29) (7,75) (91,27) (8,72) (90,25) (9,69) (89,23) (10,63) (88,22) (11,61) (87,18) (12,56) (86,18) (13,51) (85,12) (14,46) (84,8) (16,44) (15,44) (83,7) (17,43) (82,5) (18,40) (81,2) (80,3) (19,37) (79,1) (20,36) (78,-1) (21,30) (77,-3) (22,25) (76,-4) (23,20) (75,-5) (24,19) (74,-5) (25,17) (26,15) (27,10) (28,9) (29,8) (30,4) (31,2) (32,0) (33,-3) (34,-7) (35,-8) (36,-11) (37,-12) (38,-12) (39,-13) (40,-14) (41,-17) (42,-17) (43,-17) (44,-18) (45,-18) (46,-19) (47,-18) (48,-19) (49,-22) (50,-19) (51,-20) (52,-19) (53,-17) (54,-15) (55,-16) (56,-17) (57,-18) (58,-20) (59,-17) (60,-18) (61,-16) (62,-15) (63,-17) (64,-15) (65,-15) (66,-14) (67,-16) (68,-12) (69,-10) (70,-8) (71,-9) (72,-7) (73,-6) 
TD 26 :
(99,53) (0,102) (98,49) (1,96) (97,46) (2,94) (96,43) (3,90) (95,37) (4,86) (94,33) (5,84) (93,33) (6,80) (92,29) (7,75) (91,27) (8,72) (90,25) (9,69) (89,23) (10,63) (88,22) (11,61) (87,18) (12,56) (86,18) (13,51) (85,12) (14,46) (84,8) (16,44) (15,44) (83,7) (17,43) (82,5) (18,40) (81,2) (80,3) (19,37) (79,1) (20,36) (78,-1) (21,30) (77,-3) (22,25) (76,-4) (23,20) (75,-5) (24,19) (74,-5) (25,17) (73,-6) (26,15) (27,10) (28,9) (29,8) (30,4) (31,2) (32,0) (33,-3) (34,-7) (35,-8) (36,-11) (37,-12) (38,-12) (39,-13) (40,-14) (41,-17) (42,-17) (43,-17) (44,-18) (45,-18) (46,-19) (47,-18) (48,-19) (49,-22) (50,-19) (51,-20) (52,-19) (53,-17) (54,-15) (55,-16) (56,-17) (57,-18) (58,-20) (59,-17) (60,-18) (61,-16) (62,-15) (63,-17) (64,-15) (65,-15) (66,-14) (67,-16) (68,-12) (69,-10) (70,-8) (71,-9) (72,-7) 
TD 27 :
(99,53) (0,102) (98,49) (1,96) (97,46) (2,94) (96,43) (3,90) (95,37) (4,86) (94,33) (5,84) (93,33) (6,80) (92,29) (7,75) (91,27) (8,72) (90,25) (9,69) (89,23) (10,63) (88,22) (11,61) (87,18) (12,56) (86,18) (13,51) (85,12) (14,46) (84,8) (16,44) (15,44) (83,7) (17,43) (82,5) (18,40) (81,2) (80,3) (19,37) (79,1) (20,36) (78,-1) (21,30) (77,-3) (22,25) (76,-4) (23,20) (75,-5) (24,19) (74,-5) (25,17) (73,-6) (26,15) (72,-7) (27,10) (28,9) (29,8) (30,4) (31,2) (32,0) (33,-3) (34,-7) (35,-8) (36,-11) (37,-12) (38,-12) (39,-13) (40,-14) (41,-17) (42,-17) (43,-17) (44,-18) (45,-18) (46,-19) (47,-18) (48,-19) (49,-22) (50,-19) (51,-20) (52,-19) (53,-17) (54,-15) (55,-16) (56,-17) (57,-18) (58,-20) (59,-17) (60,-18) (61,-16) (62,-15) (63,-17) (64,-15) (65,-15) (66,-14) (67,-16) (68,-12) (69,-10) (70,-8) (71,-9) 
TD 28 :
(99,53) (0,102) (98,49) (1,96) (97,46) (2,94) (96,43) (3,90) (95,37) (4,86) (94,33) (5,84) (93,33) (6,80) (92,29) (7,75) (91,27) (8,72) (90,25) (9,69) (89,23) (10,63) (88,22) (11,61) (87,18) (12,56) (86,18) (13,51) (85,12) (14,46) (84,8) (16,44) (15,44) (83,7) (17,43) (82,5) (18,40) (81,2) (80,3) (19,37) (79,1) (20,36) (78,-1) (21,30) (77,-3) (22,25) (76,-4) (23,20) (75,-5) (24,19) (74,-5) (25,17) (73,-6) (26,15) (72,-7) (27,10) (71,-9) (70,-8) (28,9) (29,8) (30,4) (31,2) (32,0) (33,-3) (34,-7) (35,-8) (36,-11) (37,-12) (38,-12) (39,-13) (40,-14) (41,-17) (42,-17) (43,-17) (44,-18) (45,-18) (46,-19) (47,-18) (48,-19) (49,-22) (50,-19) (51,-20) (52,-19) (53,-17) (54,-15) (55,-16) (56,-17) (57,-18) (58,-20) (59,-17) (60,-18) (61,-16) (62,-15) (63,-17) (64,-15) (65,-15) (66,-14) (67,-16) (68,-12) (69,-10) 
(99,53) (0,102) (98,49) (1,96) (97,46) (2,94) (96,43) (3,90) (95,37) (4,86) (94,33) (5,84) (93,33) (6,80) (92,29) (7,75) (91,27) (8,72) (90,25) (9,69) (89,23) (10,63) (88,22) (11,61) (87,18) (12,56) (86,18) (13,51) (85,12) (14,46) (84,8) (16,44) (15,44) (83,7) (17,43) (82,5) (18,40) (81,2) (80,3) (19,37) (79,1) (20,36) (78,-1) (21,30) (77,-3) (22,25) (76,-4) (23,20) (75,-5) (24,19) (74,-5) (25,17) (73,-6) (26,15) (72,-7) (27,10) (71,-9) (70,-8) (28,9) 
TD 29 :
(99,53) (0,102) (98,49) (1,96) (97,46) (2,94) (96,43) (3,90) (95,37) (4,86) (94,33) (5,84) (93,33) (6,80) (92,29) (7,75) (91,27) (8,72) (90,25) (9,69) (89,23) (10,63) (88,22) (11,61) (87,18) (12,56) (86,18) (13,51) (85,12) (14,46) (84,8) (16,44) (15,44) (83,7) (17,43) (82,5) (18,40) (81,2) (80,3) (19,37) (79,1) (20,36) (78,-1) (21,30) (77,-3) (22,25) (76,-4) (23,20) (75,-5) (24,19) (74,-5) (25,17) (73,-6) (26,15) (72,-7) (27,10) (71,-9) (70,-8) (28,9) (69,-10) (29,8) (30,4) (31,2) (32,0) (33,-3) (34,-7) (35,-8) (36,-11) (37,-12) (38,-12) (39,-13) (40,-14) (41,-17) (42,-17) (43,-17) (44,-18) (45,-18) (46,-19) (47,-18) (48,-19) (49,-22) (50,-19) (51,-20) (52,-19) (53,-17) (54,-15) (55,-16) (56,-17) (57,-18) (58,-20) (59,-17) (60,-18) (61,-16) (62,-15) (63,-17) (64,-15) (65,-15) (66,-14) (67,-16) (68,-12) 
TD 30 :
(99,53) (0,102) (98,49) (1,96) (97,46) (2,94) (96,43) (3,90) (95,37) (4,86) (94,33) (5,84) (93,33) (6,80) (92,29) (7,75) (91,27) (8,72) (90,25) (9,69) (89,23) (10,63) (88,22) (11,61) (87,18) (12,56) (86,18) (13,51) (85,12) (14,46) (84,8) (16,44) (15,44) (83,7) (17,43) (82,5) (18,40) (81,2) (80,3) (19,37) (79,1) (20,36) (78,-1) (21,30) (77,-3) (22,25) (76,-4) (23,20) (75,-5) (24,19) (74,-5) (25,17) (73,-6) (26,15) (72,-7) (27,10) (71,-9) (70,-8) (28,9) (69,-10) (29,8) (68,-12) (30,4) (31,2) (32,0) (33,-3) (34,-7) (35,-8) (36,-11) (37,-12) (38,-12) (39,-13) (40,-14) (41,-17) (42,-17) (43,-17) (44,-18) (45,-18) (46,-19) (47,-18) (48,-19) (49,-22) (50,-19) (51,-20) (52,-19) (53,-17) (54,-15) (55,-16) (56,-17) (57,-18) (58,-20) (59,-17) (60,-18) (61,-16) (62,-15) (63,-17) (64,-15) (65,-15) (66,-14) (67,-16) 
TD 31 :
(99,53) (0,102) (98,49) (1,96) (97,46) (2,94) (96,43) (3,90) (95,37) (4,86) (94,33) (5,84) (93,33) (6,80) (92,29) (7,75) (91,27) (8,72) (90,25) (9,69) (89,23) (10,63) (88,22) (11,61) (87,18) (12,56) (86,18) (13,51) (85,12) (14,46) (84,8) (16,44) (15,44) (83,7) (17,43) (82,5) (18,40) (81,2) (80,3) (19,37) (79,1) (20,36) (78,-1) (21,30) (77,-3) (22,25) (76,-4) (23,20) (75,-5) (24,19) (74,-5) (25,17) (73,-6) (26,15) (72,-7) (27,10) (71,-9) (70,-8) (28,9) (69,-10) (29,8) (68,-12) (30,4) (67,-16) (66,-14) (31,2) (32,0) (33,-3) (34,-7) (35,-8) (36,-11) (37,-12) (38,-12) (39,-13) (40,-14) (41,-17) (42,-17) (43,-17) (44,-18) (45,-18) (46,-19) (47,-18) (48,-19) (49,-22) (50,-19) (51,-20) (52,-19) (53,-17) (54,-15) (55,-16) (56,-17) (57,-18) (58,-20) (59,-17) (60,-18) (61,-16) (62,-15) (63,-17) (64,-15) (65,-15) 
(99,53) (0,102) (98,49) (1,96) (97,46) (2,94) (96,43) (3,90) (95,37) (4,86) (94,33) (5,84) (93,33) (6,80) (92,29) (7,75) (91,27) (8,72) (90,25) (9,69) (89,23) (10,63) (88,22) (11,61) (87,18) (12,56) (86,18) (13,51) (85,12) (14,46) (84,8) (16,44) (15,44) (83,7) (17,43) (82,5) (18,40) (81,2) (80,3) (19,37) (79,1) (20,36) (78,-1) (21,30) (77,-3) (22,25) (76,-4) (23,20) (75,-5) (24,19) (74,-5) (25,17) (73,-6) (26,15) (72,-7) (27,10) (71,-9) (70,-8) (28,9) (69,-10) (29,8) (68,-12) (30,4) (67,-16) (66,-14) (31,2) 
TD 32 :
(99,53) (0,102) (98,49) (1,96) (97,46) (2,94) (96,43) (3,90) (95,37) (4,86) (94,33) (5,84) (93,33) (6,80) (92,29) (7,75) (91,27) (8,72) (90,25) (9,69) (89,23) (10,63) (88,22) (11,61) (87,18) (12,56) (86,18) (13,51) (85,12) (14,46) (84,8) (16,44) (15,44) (83,7) (17,43) (82,5) (18,40) (81,2) (80,3) (19,37) (79,1) (20,36) (78,-1) (21,30) (77,-3) (22,25) (76,-4) (23,20) (75,-5) (24,19) (74,-5) (25,17) (73,-6) (26,15) (72,-7) (27,10) (71,-9) (70,-8) (28,9) (69,-10) (29,8) (68,-12) (30,4) (67,-16) (66,-14) (31,2) (65,-15) (32,0) (33,-3) (34,-7) (35,-8) (36,-11) (37,-12) (38,-12) (39,-13) (40,-14) (41,-17) (42,-17) (43,-17) (44,-18) (45,-18) (46,-19) (47,-18) (48,-19) (49,-22) (50,-19) (51,-20) (52,-19) (53,-17) (54,-15) (55,-16) (56,-17) (57,-18) (58,-20) (59,-17) (60,-18) (61,-16) (62,-15) (63,-17) (64,-15) 
TD 33 :
(99,53) (0,102) (98,49) (1,96) (97,46) (2,94) (96,43) (3,90) (95,37) (4,86) (94,33) (5,84) (93,33) (6,80) (92,29) (7,75) (91,27) (8,72) (90,25) (9,69) (89,23) (10,63) (88,22) (11,61) (87,18) (12,56) (86,18) (13,51) (85,12) (14,46) (84,8) (16,44) (15,44) (83,7) (17,43) (82,5) (18,40) (81,2) (80,3) (19,37) (79,1) (20,36) (78,-1) (21,30) (77,-3) (22,25) (76,-4) (23,20) (75,-5) (24,19) (74,-5) (25,17) (73,-6) (26,15) (72,-7) (27,10) (71,-9) (70,-8) (28,9) (69,-10) (29,8) (68,-12) (30,4) (67,-16) (66,-14) (31,2) (65,-15) (32,0) (64,-15) (33,-3) (34,-7) (35,-8) (36,-11) (37,-12) (38,-12) (39,-13) (40,-14) (41,-17) (42,-17) (43,-17) (44,-18) (45,-18) (46,-19) (47,-18) (48,-19) (49,-22) (50,-19) (51,-20) (52,-19) (53,-17) (54,-15) (55,-16) (56,-17) (57,-18) (58,-20) (59,-17) (60,-18) (61,-16) (62,-15) (63,-17) 
TD 34 :
(99,53) (0,102) (98,49) (1,96) (97,46) (2,94) (96,43) (3,90) (95,37) (4,86) (94,33) (5,84) (93,33) (6,80) (92,29) (7,75) (91,27) (8,72) (90,25) (9,69) (89,23) (10,63) (88,22) (11,61) (87,18) (12,56) (86,18) (13,51) (85,12) (14,46) (84,8) (16,44) (15,44) (83,7) (17,43) (82,5) (18,40) (81,2) (80,3) (19,37) (79,1) (20,36) (78,-1) (21,30) (77,-3) (22,25) (76,-4) (23,20) (75,-5) (24,19) (74,-5) (25,17) (73,-6) (26,15) (72,-7) (27,10) (71,-9) (70,-8) (28,9) (69,-10) (29,8) (68,-12) (30,4) (67,-16) (66,-14) (31,2) (65,-15) (32,0) (64,-15) (33,-3) (63,-17) (62,-15) (34,-7) (35,-8) (36,-11) (37,-12) (38,-12) (39,-13) (40,-14) (41,-17) (42,-17) (43,-17) (44,-18) (45,-18) (46,-19) (47,-18) (48,-19) (49,-22) (50,-19) (51,-20) (52,-19) (53,-17) (54,-15) (55,-16) (56,-17) (57,-18) (58,-20) (59,-17) (60,-18) (61,-16) 
(99,53) (0,102) (98,49) (1,96) (97,46) (2,94) (96,43) (3,90) (95,37) (4,86) (94,33) (5,84) (93,33) (6,80) (92,29) (7,75) (91,27) (8,72) (90,25) (9,69) (89,23) (10,63) (88,22) (11,61) (87,18) (12,56) (86,18) (13,51) (85,12) (14,46) (84,8) (16,44) (15,44) (83,7) (17,43) (82,5) (18,40) (81,2) (80,3) (19,37) (79,1) (20,36) (78,-1) (21,30) (77,-3) (22,25) (76,-4) (23,20) (75,-5) (24,19) (74,-5) (25,17) (73,-6) (26,15) (72,-7) (27,10) (71,-9) (70,-8) (28,9) (69,-10) (29,8) (68,-12) (30,4) (67,-16) (66,-14) (31,2) (65,-15) (32,0) (64,-15) (33,-3) (63,-17) (62,-15) (34,-7) 
TD 35 :
(99,53) (0,102) (98,49) (1,96) (97,46) (2,94) (96,43) (3,90) (95,37) (4,86) (94,33) (5,84) (93,33) (6,80) (92,29) (7,75) (91,27) (8,72) (90,25) (9,69) (89,23) (10,63) (88,22) (11,61) (87,18) (12,56) (86,18) (13,51) (85,12) (14,46) (84,8) (16,44) (15,44) (83,7) (17,43) (82,5) (18,40) (81,2) (80,3) (19,37) (79,1) (20,36) (78,-1) (21,30) (77,-3) (22,25) (76,-4) (23,20) (75,-5) (24,19) (74,-5) (25,17) (73,-6) (26,15) (72,-7) (27,10) (71,-9) (70,-8) (28,9) (69,-10) (29,8) (68,-12) (30,4) (67,-16) (66,-14) (31,2) (65,-15) (32,0) (64,-15) (33,-3) (63,-17) (62,-15) (34,-7) (61,-16) (35,-8) (36,-11) (37,-12) (38,-12) (39,-13) (40,-14) (41,-17) (42,-17) (43,-17) (44,-18) (45,-18) (46,-19) (47,-18) (48,-19) (49,-22) (50,-19) (51,-20) (52,-19) (53,-17) (54,-15) (55,-16) (56,-17) (57,-18) (58,-20) (59,-17) (60,-18) 
TD 36 :
(99,53) (0,102) (98,49) (1,96) (97,46) (2,94) (96,43) (3,90) (95,37) (4,86) (94,33) (5,84) (93,33) (6,80) (92,29) (7,75) (91,27) (8,72) (90,25) (9,69) (89,23) (10,63) (88,22) (11,61) (87,18) (12,56) (86,18) (13,51) (85,12) (14,46) (84,8) (16,44) (15,44) (83,7) (17,43) (82,5) (18,40) (81,2) (80,3) (19,37) (79,1) (20,36) (78,-1) (21,30) (77,-3) (22,25) (76,-4) (23,20) (75,-5) (24,19) (74,-5) (25,17) (73,-6) (26,15) (72,-7) (27,10) (71,-9) (70,-8) (28,9) (69,-10) (29,8) (68,-12) (30,4) (67,-16) (66,-14) (31,2) (65,-15) (32,0) (64,-15) (33,-3) (63,-17) (62,-15) (34,-7) (61,-16) (35,-8) (60,-18) (59,-17) (54,-15) (36,-11) (37,-12) (38,-12) (39,-13) (40,-14) (41,-17) (42,-17) (43,-17) (44,-18) (45,-18) (46,-19) (47,-18) (48,-19) (49,-22) (50,-19) (51,-20) (52,-19) (53,-17) 
(99,53) (0,102) (98,49) (1,96) (97,46) (2,94) (96,43) (3,90) (95,37) (4,86) (94,33) (5,84) (93,33) (6,80) (92,29) (7,75) (91,27) (8,72) (90,25) (9,69) (89,23) (10,63) (88,22) (11,61) (87,18) (12,56) (86,18) (13,51) (85,12) (14,46) (84,8) (16,44) (15,44) (83,7) (17,43) (82,5) (18,40) (81,2) (80,3) (19,37) (79,1) (20,36) (78,-1) (21,30) (77,-3) (22,25) (76,-4) (23,20) (75,-5) (24,19) (74,-5) (25,17) (73,-6) (26,15) (72,-7) (27,10) (71,-9) (70,-8) (28,9) (69,-10) (29,8) (68,-12) (30,4) (67,-16) (66,-14) (31,2) (65,-15) (32,0) (64,-15) (33,-3) (63,-17) (62,-15) (34,-7) (61,-16) (35,-8) (60,-18) (59,-17) (54,-15) (36,-11) (55,-16) (56,-17) (57,-18) (58,-20) 
(99,53) (0,102) (98,49) (1,96) (97,46) (2,94) (96,43) (3,90) (95,37) (4,86) (94,33) (5,84) (93,33) (6,80) (92,29) (7,75) (91,27) (8,72) (90,25) (9,69) (89,23) (10,63) (88,22) (11,61) (87,18) (12,56) (86,18) (13,51) (85,12) (14,46) (84,8) (16,44) (15,44) (83,7) (17,43) (82,5) (18,40) (81,2) (80,3) (19,37) (79,1) (20,36) (78,-1) (21,30) (77,-3) (22,25) (76,-4) (23,20) (75,-5) (24,19) (74,-5) (25,17) (73,-6) (26,15) (72,-7) (27,10) (71,-9) (70,-8) (28,9) (69,-10) (29,8) (68,-12) (30,4) (67,-16) (66,-14) (31,2) (65,-15) (32,0) (64,-15) (33,-3) (63,-17) (62,-15) (34,-7) (61,-16) (35,-8) (60,-18) (59,-17) (54,-15) (36,-11) 
TD 37 :
(99,53) (0,102) (98,49) (1,96) (97,46) (2,94) (96,43) (3,90) (95,37) (4,86) (94,33) (5,84) (93,33) (6,80) (92,29) (7,75) (91,27) (8,72) (90,25) (9,69) (89,23) (10,63) (88,22) (11,61) (87,18) (12,56) (86,18) (13,51) (85,12) (14,46) (84,8) (16,44) (15,44) (83,7) (17,43) (82,5) (18,40) (81,2) (80,3) (19,37) (79,1) (20,36) (78,-1) (21,30) (77,-3) (22,25) (76,-4) (23,20) (75,-5) (24,19) (74,-5) (25,17) (73,-6) (26,15) (72,-7) (27,10) (71,-9) (70,-8) (28,9) (69,-10) (29,8) (68,-12) (30,4) (67,-16) (66,-14) (31,2) (65,-15) (32,0) (64,-15) (33,-3) (63,-17) (62,-15) (34,-7) (61,-16) (35,-8) (60,-18) (59,-17) (54,-15) (36,-11) (38,-12) (37,-12) 
(99,53) (0,102) (98,49) (1,96) (97,46) (2,94) (96,43) (3,90) (95,37) (4,86) (94,33) (5,84) (93,33) (6,80) (92,29) (7,75) (91,27) (8,72) (90,25) (9,69) (89,23) (10,63) (88,22) (11,61) (87,18) (12,56) (86,18) (13,51) (85,12) (14,46) (84,8) (16,44) (15,44) (83,7) (17,43) (82,5) (18,40) (81,2) (80,3) (19,37) (79,1) (20,36) (78,-1) (21,30) (77,-3) (22,25) (76,-4) (23,20) (75,-5) (24,19) (74,-5) (25,17) (73,-6) (26,15) (72,-7) (27,10) (71,-9) (70,-8) (28,9) (69,-10) (29,8) (68,-12) (30,4) (67,-16) (66,-14) (31,2) (65,-15) (32,0) (64,-15) (33,-3) (63,-17) (62,-15) (34,-7) (61,-16) (35,-8) (60,-18) (59,-17) (54,-15) (36,-11) (38,-12) (37,-12) (39,-13) (40,-14) (41,-17) (42,-17) (43,-17) (44,-18) (45,-18) (46,-19) (47,-18) (48,-19) (49,-22) (50,-19) (51,-20) (52,-19) (53,-17) 
(99,53) (0,102) (98,49) (1,96) (97,46) (2,94) (96,43) (3,90) (95,37) (4,86) (94,33) (5,84) (93,33) (6,80) (92,29) (7,75) (91,27) (8,72) (90,25) (9,69) (89,23) (10,63) (88,22) (11,61) (87,18) (12,56) (86,18) (13,51) (85,12) (14,46) (84,8) (16,44) (15,44) (83,7) (17,43) (82,5) (18,40) (81,2) (80,3) (19,37) (79,1) (20,36) (78,-1) (21,30) (77,-3) (22,25) (76,-4) (23,20) (75,-5) (24,19) (74,-5) (25,17) (73,-6) (26,15) (72,-7) (27,10) (71,-9) (70,-8) (28,9) (69,-10) (29,8) (68,-12) (30,4) (67,-16) (66,-14) (31,2) (65,-15) (32,0) (64,-15) (33,-3) (63,-17) (62,-15) (34,-7) (61,-16) (35,-8) (60,-18) (59,-17) (54,-15) (36,-11) (58,-20) (57,-18) (56,-17) (55,-16) 
(99,53) (0,102) (98,49) (1,96) (97,46) (2,94) (96,43) (3,90) (95,37) (4,86) (94,33) (5,84) (93,33) (6,80) (92,29) (7,75) (91,27) (8,72) (90,25) (9,69) (89,23) (10,63) (88,22) (11,61) (87,18) (12,56) (86,18) (13,51) (85,12) (14,46) (84,8) (16,44) (15,44) (83,7) (17,43) (82,5) (18,40) (81,2) (80,3) (19,37) (79,1) (20,36) (78,-1) (21,30) (77,-3) (22,25) (76,-4) (23,20) (75,-5) (24,19) (74,-5) (25,17) (73,-6) (26,15) (72,-7) (27,10) (71,-9) (70,-8) (28,9) (69,-10) (29,8) (68,-12) (30,4) (67,-16) (66,-14) (31,2) (65,-15) (32,0) (64,-15) (33,-3) (63,-17) (62,-15) (34,-7) (61,-16) (35,-8) (60,-18) (59,-17) (54,-15) (36,-11) (58,-20) (57,-18) (56,-17) (55,-16) 
(99,53) (0,102) (98,49) (1,96) (97,46) (2,94) (96,43) (3,90) (95,37) (4,86) (94,33) (5,84) (93,33) (6,80) (92,29) (7,75) (91,27) (8,72) (90,25) (9,69) (89,23) (10,63) (88,22) (11,61) (87,18) (12,56) (86,18) (13,51) (85,12) (14,46) (84,8) (16,44) (15,44) (83,7) (17,43) (82,5) (18,40) (81,2) (80,3) (19,37) (79,1) (20,36) (78,-1) (21,30) (77,-3) (22,25) (76,-4) (23,20) (75,-5) (24,19) (74,-5) (25,17) (73,-6) (26,15) (72,-7) (27,10) (71,-9) (70,-8) (28,9) (69,-10) (29,8) (68,-12) (30,4) (67,-16) (66,-14) (31,2) (65,-15) (32,0) (64,-15) (33,-3) (63,-17) (62,-15) (34,-7) (61,-16) (35,-8) (60,-18) (59,-17) (54,-15) (36,-11) (58,-20) (57,-18) (56,-17) (55,-16) 
(99,53) (0,102) (98,49) (1,96) (97,46) (2,94) (96,43) (3,90) (95,37) (4,86) (94,33) (5,84) (93,33) (6,80) (92,29) (7,75) (91,27) (8,72) (90,25) (9,69) (89,23) (10,63) (88,22) (11,61) (87,18) (12,56) (86,18) (13,51) (85,12) (14,46) (84,8) (16,44) (15,44) (83,7) (17,43) (82,5) (18,40) (81,2) (80,3) (19,37) (79,1) (20,36) (78,-1) (21,30) (77,-3) (22,25) (76,-4) (23,20) (75,-5) (24,19) (74,-5) (25,17) (73,-6) (26,15) (72,-7) (27,10) (71,-9) (70,-8) (28,9) (69,-10) (29,8) (68,-12) (30,4) (67,-16) (66,-14) (31,2) (65,-15) (32,0) (64,-15) (33,-3) (63,-17) (62,-15) (34,-7) (61,-16) (35,-8) (60,-18) (59,-17) (54,-15) (36,-11) (58,-20) (57,-18) (56,-17) (55,-16) 
TD 38 :
(99,53) (0,102) (98,49) (1,96) (97,46) (2,94) (96,43) (3,90) (95,37) (4,86) (94,33) (5,84) (93,33) (6,80) (92,29) (7,75) (91,27) (8,72) (90,25) (9,69) (89,23) (10,63) (88,22) (11,61) (87,18) (12,56) (86,18) (13,51) (85,12) (14,46) (84,8) (16,44) (15,44) (83,7) (17,43) (82,5) (18,40) (81,2) (80,3) (19,37) (79,1) (20,36) (78,-1) (21,30) (77,-3) (22,25) (76,-4) (23,20) (75,-5) (24,19) (74,-5) (25,17) (73,-6) (26,15) (72,-7) (27,10) (71,-9) (70,-8) (28,9) (69,-10) (29,8) (68,-12) (30,4) (67,-16) (66,-14) (31,2) (65,-15) (32,0) (64,-15) (33,-3) (63,-17) (62,-15) (34,-7) (61,-16) (35,-8) (60,-18) (59,-17) (54,-15) (36,-11) (38,-12) (37,-12) (53,-17) (39,-13) (40,-14) (41,-17) (42,-17) (43,-17) (44,-18) (45,-18) (46,-19) (47,-18) (48,-19) (49,-22) (50,-19) (51,-20) (52,-19) 
TD 39 :
(99,53) (0,102) (98,49) (1,96) (97,46) (2,94) (96,43) (3,90) (95,37) (4,86) (94,33) (5,84) (93,33) (6,80) (92,29) (7,75) (91,27) (8,72) (90,25) (9,69) (89,23) (10,63) (88,22) (11,61) (87,18) (12,56) (86,18) (13,51) (85,12) (14,46) (84,8) (16,44) (15,44) (83,7) (17,43) (82,5) (18,40) (81,2) (80,3) (19,37) (79,1) (20,36) (78,-1) (21,30) (77,-3) (22,25) (76,-4) (23,20) (75,-5) (24,19) (74,-5) (25,17) (73,-6) (26,15) (72,-7) (27,10) (71,-9) (70,-8) (28,9) (69,-10) (29,8) (68,-12) (30,4) (67,-16) (66,-14) (31,2) (65,-15) (32,0) (64,-15) (33,-3) (63,-17) (62,-15) (34,-7) (61,-16) (35,-8) (60,-18) (59,-17) (54,-15) (36,-11) (38,-12) (37,-12) (53,-17) (39,-13) (52,-19) (40,-14) (41,-17) (42,-17) (43,-17) (44,-18) (45,-18) (46,-19) (47,-18) (48,-19) (49,-22) (50,-19) (51,-20) 
TD 40 :
(99,53) (0,102) (98,49) (1,96) (97,46) (2,94) (96,43) (3,90) (95,37) (4,86) (94,33) (5,84) (93,33) (6,80) (92,29) (7,75) (91,27) (8,72) (90,25) (9,69) (89,23) (10,63) (88,22) (11,61) (87,18) (12,56) (86,18) (13,51) (85,12) (14,46) (84,8) (16,44) (15,44) (83,7) (17,43) (82,5) (18,40) (81,2) (80,3) (19,37) (79,1) (20,36) (78,-1) (21,30) (77,-3) (22,25) (76,-4) (23,20) (75,-5) (24,19) (74,-5) (25,17) (73,-6) (26,15) (72,-7) (27,10) (71,-9) (70,-8) (28,9) (69,-10) (29,8) (68,-12) (30,4) (67,-16) (66,-14) (31,2) (65,-15) (32,0) (64,-15) (33,-3) (63,-17) (62,-15) (34,-7) (61,-16) (35,-8) (60,-18) (59,-17) (54,-15) (36,-11) (38,-12) (37,-12) (53,-17) (39,-13) (52,-19) (40,-14) (51,-20) (50,-19) (47,-18) (43,-17) (42,-17) (41,-17) 
(99,53) (0,102) (98,49) (1,96) (97,46) (2,94) (96,43) (3,90) (95,37) (4,86) (94,33) (5,84) (93,33) (6,80) (92,29) (7,75) (91,27) (8,72) (90,25) (9,69) (89,23) (10,63) (88,22) (11,61) (87,18) (12,56) (86,18) (13,51) (85,12) (14,46) (84,8) (16,44) (15,44) (83,7) (17,43) (82,5) (18,40) (81,2) (80,3) (19,37) (79,1) (20,36) (78,-1) (21,30) (77,-3) (22,25) (76,-4) (23,20) (75,-5) (24,19) (74,-5) (25,17) (73,-6) (26,15) (72,-7) (27,10) (71,-9) (70,-8) (28,9) (69,-10) (29,8) (68,-12) (30,4) (67,-16) (66,-14) (31,2) (65,-15) (32,0) (64,-15) (33,-3) (63,-17) (62,-15) (34,-7) (61,-16) (35,-8) (60,-18) (59,-17) (54,-15) (36,-11) (38,-12) (37,-12) (53,-17) (39,-13) (52,-19) (40,-14) (51,-20) (50,-19) (47,-18) (43,-17) (42,-17) (41,-17) 
(99,53) (0,102) (98,49) (1,96) (97,46) (2,94) (96,43) (3,90) (95,37) (4,86) (94,33) (5,84) (93,33) (6,80) (92,29) (7,75) (91,27) (8,72) (90,25) (9,69) (89,23) (10,63) (88,22) (11,61) (87,18) (12,56) (86,18) (13,51) (85,12) (14,46) (84,8) (16,44) (15,44) (83,7) (17,43) (82,5) (18,40) (81,2) (80,3) (19,37) (79,1) (20,36) (78,-1) (21,30) (77,-3) (22,25) (76,-4) (23,20) (75,-5) (24,19) (74,-5) (25,17) (73,-6) (26,15) (72,-7) (27,10) (71,-9) (70,-8) (28,9) (69,-10) (29,8) (68,-12) (30,4) (67,-16) (66,-14) (31,2) (65,-15) (32,0) (64,-15) (33,-3) (63,-17) (62,-15) (34,-7) (61,-16) (35,-8) (60,-18) (59,-17) (54,-15) (36,-11) (38,-12) (37,-12) (53,-17) (39,-13) (52,-19) (40,-14) (51,-20) (50,-19) (47,-18) (43,-17) (42,-17) (41,-17) (44,-18) (45,-18) (46,-19) 
(99,53) (0,102) (98,49) (1,96) (97,46) (2,94) (96,43) (3,90) (95,37) (4,86) (94,33) (5,84) (93,33) (6,80) (92,29) (7,75) (91,27) (8,72) (90,25) (9,69) (89,23) (10,63) (88,22) (11,61) (87,18) (12,56) (86,18) (13,51) (85,12) (14,46) (84,8) (16,44) (15,44) (83,7) (17,43) (82,5) (18,40) (81,2) (80,3) (19,37) (79,1) (20,36) (78,-1) (21,30) (77,-3) (22,25) (76,-4) (23,20) (75,-5) (24,19) (74,-5) (25,17) (73,-6) (26,15) (72,-7) (27,10) (71,-9) (70,-8) (28,9) (69,-10) (29,8) (68,-12) (30,4) (67,-16) (66,-14) (31,2) (65,-15) (32,0) (64,-15) (33,-3) (63,-17) (62,-15) (34,-7) (61,-16) (35,-8) (60,-18) (59,-17) (54,-15) (36,-11) (38,-12) (37,-12) (53,-17) (39,-13) (52,-19) (40,-14) (51,-20) (50,-19) (47,-18) (43,-17) (42,-17) (41,-17) (48,-19) (49,-22) 
(99,53) (0,102) (98,49) (1,96) (97,46) (2,94) (96,43) (3,90) (95,37) (4,86) (94,33) (5,84) (93,33) (6,80) (92,29) (7,75) (91,27) (8,72) (90,25) (9,69) (89,23) (10,63) (88,22) (11,61) (87,18) (12,56) (86,18) (13,51) (85,12) (14,46) (84,8) (16,44) (15,44) (83,7) (17,43) (82,5) (18,40) (81,2) (80,3) (19,37) (79,1) (20,36) (78,-1) (21,30) (77,-3) (22,25) (76,-4) (23,20) (75,-5) (24,19) (74,-5) (25,17) (73,-6) (26,15) (72,-7) (27,10) (71,-9) (70,-8) (28,9) (69,-10) (29,8) (68,-12) (30,4) (67,-16) (66,-14) (31,2) (65,-15) (32,0) (64,-15) (33,-3) (63,-17) (62,-15) (34,-7) (61,-16) (35,-8) (60,-18) (59,-17) (54,-15) (36,-11) (38,-12) (37,-12) (53,-17) (39,-13) (52,-19) (40,-14) (51,-20) (50,-19) (47,-18) (43,-17) (42,-17) (41,-17) 
TD 41 :
(99,53) (0,102) (98,49) (1,96) (97,46) (2,94) (96,43) (3,90) (95,37) (4,86) (94,33) (5,84) (93,33) (6,80) (92,29) (7,75) (91,27) (8,72) (90,25) (9,69) (89,23) (10,63) (88,22) (11,61) (87,18) (12,56) (86,18) (13,51) (85,12) (14,46) (84,8) (16,44) (15,44) (83,7) (17,43) (82,5) (18,40) (81,2) (80,3) (19,37) (79,1) (20,36) (78,-1) (21,30) (77,-3) (22,25) (76,-4) (23,20) (75,-5) (24,19) (74,-5) (25,17) (73,-6) (26,15) (72,-7) (27,10) (71,-9) (70,-8) (28,9) (69,-10) (29,8) (68,-12) (30,4) (67,-16) (66,-14) (31,2) (65,-15) (32,0) (64,-15) (33,-3) (63,-17) (62,-15) (34,-7) (61,-16) (35,-8) (60,-18) (59,-17) (54,-15) (36,-11) (38,-12) (37,-12) (53,-17) (39,-13) (52,-19) (40,-14) (51,-20) (50,-19) (47,-18) (43,-17) (42,-17) (41,-17) (45,-18) (44,-18) 
(99,53) (0,102) (98,49) (1,96) (97,46) (2,94) (96,43) (3,90) (95,37) (4,86) (94,33) (5,84) (93,33) (6,80) (92,29) (7,75) (91,27) (8,72) (90,25) (9,69) (89,23) (10,63) (88,22) (11,61) (87,18) (12,56) (86,18) (13,51) (85,12) (14,46) (84,8) (16,44) (15,44) (83,7) (17,43) (82,5) (18,40) (81,2) (80,3) (19,37) (79,1) (20,36) (78,-1) (21,30) (77,-3) (22,25) (76,-4) (23,20) (75,-5) (24,19) (74,-5) (25,17) (73,-6) (26,15) (72,-7) (27,10) (71,-9) (70,-8) (28,9) (69,-10) (29,8) (68,-12) (30,4) (67,-16) (66,-14) (31,2) (65,-15) (32,0) (64,-15) (33,-3) (63,-17) (62,-15) (34,-7) (61,-16) (35,-8) (60,-18) (59,-17) (54,-15) (36,-11) (38,-12) (37,-12) (53,-17) (39,-13) (52,-19) (40,-14) (51,-20) (50,-19) (47,-18) (43,-17) (42,-17) (41,-17) (45,-18) (44,-18) (46,-19) 
(99,53) (0,102) (98,49) (1,96) (97,46) (2,94) (96,43) (3,90) (95,37) (4,86) (94,33) (5,84) (93,33) (6,80) (92,29) (7,75) (91,27) (8,72) (90,25) (9,69) (89,23) (10,63) (88,22) (11,61) (87,18) (12,56) (86,18) (13,51) (85,12) (14,46) (84,8) (16,44) (15,44) (83,7) (17,43) (82,5) (18,40) (81,2) (80,3) (19,37) (79,1) (20,36) (78,-1) (21,30) (77,-3) (22,25) (76,-4) (23,20) (75,-5) (24,19) (74,-5) (25,17) (73,-6) (26,15) (72,-7) (27,10) (71,-9) (70,-8) (28,9) (69,-10) (29,8) (68,-12) (30,4) (67,-16) (66,-14) (31,2) (65,-15) (32,0) (64,-15) (33,-3) (63,-17) (62,-15) (34,-7) (61,-16) (35,-8) (60,-18) (59,-17) (54,-15) (36,-11) (38,-12) (37,-12) (53,-17) (39,-13) (52,-19) (40,-14) (51,-20) (50,-19) (47,-18) (43,-17) (42,-17) (41,-17) (49,-22) (48,-19) 
(99,53) (0,102) (98,49) (1,96) (97,46) (2,94) (96,43) (3,90) (95,37) (4,86) (94,33) (5,84) (93,33) (6,80) (92,29) (7,75) (91,27) (8,72) (90,25) (9,69) (89,23) (10,63) (88,22) (11,61) (87,18) (12,56) (86,18) (13,51) (85,12) (14,46) (84,8) (16,44) (15,44) (83,7) (17,43) (82,5) (18,40) (81,2) (80,3) (19,37) (79,1) (20,36) (78,-1) (21,30) (77,-3) (22,25) (76,-4) (23,20) (75,-5) (24,19) (74,-5) (25,17) (73,-6) (26,15) (72,-7) (27,10) (71,-9) (70,-8) (28,9) (69,-10) (29,8) (68,-12) (30,4) (67,-16) (66,-14) (31,2) (65,-15) (32,0) (64,-15) (33,-3) (63,-17) (62,-15) (34,-7) (61,-16) (35,-8) (60,-18) (59,-17) (54,-15) (36,-11) (38,-12) (37,-12) (53,-17) (39,-13) (52,-19) (40,-14) (51,-20) (50,-19) (47,-18) (43,-17) (42,-17) (41,-17) (49,-22) (48,-19) 
Pocket 0 :
()
Pocket 1 :
({  (0,102) ,(1,96) } {  (98,49) ,(99,53) } )
Pocket 2 :
({  (1,96) ,(0,102) } {  (99,53) ,(98,49) } )
Pocket 3 :
({  (2,94) ,(1,96) } {  (99,53) ,(97,46) } )
Pocket 4 :
({  (3,90) ,(2,94) } {  (99,53) ,(96,43) } )
Pocket 5 :
({  (4,86) ,(3,90) } {  (99,53) ,(95,37) } )
Pocket 6 :
({  (5,84) ,(4,86) } {  (99,53) ,(94,33) } )
Pocket 7 :
({  (6,80) ,(5,84) } {  (99,53) ,(93,33) } )
Pocket 8 :
({  (7,75) ,(6,80) } {  (99,53) ,(92,29) } )
Pocket 9 :
({  (8,72) ,(7,75) } {  (99,53) ,(91,27) } )
Pocket 10 :
({  (9,69) ,(8,72) } {  (99,53) ,(90,25) } )
Pocket 11 :
({  (10,63) ,(9,69) } {  (99,53) ,(89,23) } )
Pocket 12 :
({  (11,61) ,(10,63) } {  (99,53) ,(88,22) } )
Pocket 13 :
({  (12,56) ,(11,61) } {  (99,53) ,(87,18) } )
Pocket 14 :
({  (13,51) ,(12,56) } {  (99,53) ,(86,18) } )
Pocket 15 :
({  (14,46) ,(13,51) } {  (99,53) ,(85,12) } )
Pocket 16 :
({  (15,44) ,(14,46) } {  (17,43) ,(16,44) } {  (15,44) ,(14,46) } {  (17,43) ,(16,44) } )
Pocket 17 :
({  (17,43) ,(15,44) } {  (99,53) ,(83,7) } )
Pocket 18 :
({  (18,40) ,(17,43) } {  (99,53) ,(82,5) } )
Pocket 19 :
({  (19,37) ,(18,40) } {  (81,2) ,(80,3) } {  (19,37) ,(18,40) } {  (81,2) ,(80,3) } )
Pocket 20 :
({  (20,36) ,(19,37) } {  (99,53) ,(79,1) } )
Pocket 21 :
({  (21,30) ,(20,36) } {  (99,53) ,(78,-1) } )
Pocket 22 :
({  (22,25) ,(21,30) } {  (99,53) ,(77,-3) } )
Pocket 23 :
({  (23,20) ,(22,25) } {  (99,53) ,(76,-4) } )
Pocket 24 :
({  (24,19) ,(23,20) } {  (99,53) ,(75,-5) } )
Pocket 25 :
({  (25,17) ,(24,19) } {  (99,53) ,(74,-5) } )
Pocket 26 :
({  (26,15) ,(25,17) } {  (99,53) ,(73,-6) } )
Pocket 27 :
({  (27,10) ,(26,15) } {  (99,53) ,(72,-7) } )
Pocket 28 :
({  (28,9) ,(27,10) } {  (71,-9) ,(70,-8) } {  (28,9) ,(27,10) } {  (71,-9) ,(70,-8) } )
Pocket 29 :
({  (29,8) ,(28,9) } {  (99,53) ,(69,-10) } )
Pocket 30 :
({  (30,4) ,(29,8) } {  (99,53) ,(68,-12) } )
Pocket 31 :
({  (31,2) ,(30,4) } {  (67,-16) ,(66,-14) } {  (31,2) ,(30,4) } {  (67,-16) ,(66,-14) } )
Pocket 32 :
({  (32,0) ,(31,2) } {  (99,53) ,(65,-15) } )
Pocket 33 :
({  (33,-3) ,(32,0) } {  (99,53) ,(64,-15) } )
Pocket 34 :
({  (34,-7) ,(33,-3) } {  (63,-17) ,(62,-15) } {  (34,-7) ,(33,-3) } {  (63,-17) ,(62,-15) } )
Pocket 35 :
({  (35,-8) ,(34,-7) } {  (99,53) ,(61,-16) } )
Pocket 36 :
({  (36,-11) ,(35,-8) } {  (55,-16) ,(54,-15) } {  (36,-11) ,(35,-8) } {  (55,-16) ,(54,-15) } {  (36,-11) ,(35,-8) } {  (55,-16) ,(54,-15) } )
Pocket 37 :
({  (37,-12) ,(36,-11) } {  (39,-13) ,(38,-12) } {  (37,-12) ,(36,-11) } {  (39,-13) ,(38,-12) } {  (56,-17) ,(55,-16) } {  (56,-17) ,(55,-16) } {  (56,-17) ,(55,-16) } {  (56,-17) ,(55,-16) } )
Pocket 38 :
({  (39,-13) ,(37,-12) } {  (99,53) ,(53,-17) } )
Pocket 39 :
({  (40,-14) ,(39,-13) } {  (99,53) ,(52,-19) } )
Pocket 40 :
({  (41,-17) ,(40,-14) } {  (43,-17) ,(42,-17) } {  (41,-17) ,(40,-14) } {  (43,-17) ,(42,-17) } {  (41,-17) ,(40,-14) } {  (43,-17) ,(42,-17) } {  (41,-17) ,(40,-14) } {  (43,-17) ,(42,-17) } {  (41,-17) ,(40,-14) } {  (43,-17) ,(42,-17) } )
