19 layers in onion peeling: 
Layer 1
(99,-7) (75,12) (9,16) (6,16) (5,14) (4,12) (2,7) (1,4) (0,0) 
Layer 2
(98,-10) (76,11) (74,12) (10,15) (8,15) (7,15) (3,9) 
Layer 3
(97,-13) (77,10) (73,12) (42,13) (11,14) 
Layer 4
(96,-15) (78,8) (72,11) (41,13) (12,10) 
Layer 5
(95,-18) (79,5) (71,8) (40,12) (39,12) (13,8) 
Layer 6
(94,-19) (80,2) (70,7) (43,11) (38,10) (14,4) 
Layer 7
(93,-20) (81,-3) (69,4) (44,10) (37,8) (15,1) 
Layer 8
(92,-22) (82,-5) (68,1) (45,7) (36,5) (16,-2) 
Layer 9
(91,-24) (83,-7) (46,5) (35,2) (17,-4) 
Layer 10
(90,-24) (84,-10) (67,-3) (47,2) (34,-1) (18,-8) 
Layer 11
(89,-24) (85,-16) (66,-7) (48,0) (33,-5) (19,-11) 
Layer 12
(88,-25) (87,-22) (86,-19) (65,-9) (49,-3) (32,-9) (20,-15) 
Layer 13
(64,-12) (50,-7) (31,-12) (21,-16) 
Layer 14
(63,-16) (51,-10) (22,-18) 
Layer 15
(62,-18) (52,-13) (30,-16) (23,-20) 
Layer 16
(61,-20) (53,-16) (29,-18) (24,-21) 
Layer 17
(60,-21) (54,-19) (28,-20) (25,-21) 
Layer 18
(59,-22) (55,-21) (27,-21) (26,-21) 
Layer 19
(58,-22) (56,-22) 
---------------------------------------------------------------------------------------
TD 0 :
(99,-7) (98,-10) (97,-13) (96,-15) (95,-18) (94,-19) (93,-20) (92,-22) (91,-24) (90,-24) (89,-24) (88,-25) (87,-22) (86,-19) (85,-16) (84,-10) (83,-7) (82,-5) (81,-3) (80,2) (79,5) (78,8) (77,10) (76,11) (75,12) (74,12) (73,12) (72,11) (71,8) (70,7) (69,4) (68,1) (67,-3) (66,-7) (65,-9) (64,-12) (63,-16) (62,-18) (61,-20) (60,-21) (59,-22) (58,-22) (57,-23) (56,-22) (55,-21) (54,-19) (53,-16) (52,-13) (51,-10) (50,-7) (49,-3) (48,0) (47,2) (46,5) (45,7) (44,10) (43,11) (42,13) (41,13) (40,12) (39,12) (38,10) (37,8) (36,5) (35,2) (34,-1) (33,-5) (32,-9) (31,-12) (30,-16) (29,-18) (28,-20) (27,-21) (26,-21) (25,-21) (24,-21) (23,-20) (22,-18) (21,-16) (20,-15) (19,-11) (18,-8) (17,-4) (16,-2) (15,1) (14,4) (13,8) (12,10) (11,14) (10,15) (9,16) (8,15) (7,15) (6,16) (5,14) (4,12) (3,9) (2,7) (1,4) (0,0) 
TD 1 :
(99,-7) (75,12) (9,16) (6,16) (5,14) (4,12) (2,7) (1,4) (0,0) 
(99,-7) (75,12) (9,16) (6,16) (5,14) (4,12) (2,7) (1,4) (0,0) 
(99,-7) (75,12) (9,16) (6,16) (5,14) (4,12) (2,7) (1,4) (0,0) (3,9) 
(99,-7) (75,12) (9,16) (6,16) (5,14) (4,12) (2,7) (1,4) (0,0) 
(99,-7) (75,12) (9,16) (6,16) (5,14) (4,12) (2,7) (1,4) (0,0) 
(99,-7) (75,12) (9,16) (6,16) (5,14) (4,12) (2,7) (1,4) (0,0) (7,15) (8,15) 
(99,-7) (75,12) (9,16) (6,16) (5,14) (4,12) (2,7) (1,4) (0,0) (10,15) (11,14) (12,10) (13,8) (14,4) (15,1) (16,-2) (17,-4) (18,-8) (19,-11) (20,-15) (21,-16) (22,-18) (23,-20) (24,-21) (25,-21) (26,-21) (27,-21) (28,-20) (29,-18) (30,-16) (31,-12) (32,-9) (33,-5) (34,-1) (35,2) (36,5) (37,8) (38,10) (39,12) (40,12) (41,13) (42,13) (43,11) (44,10) (45,7) (46,5) (47,2) (48,0) (49,-3) (50,-7) (51,-10) (52,-13) (53,-16) (54,-19) (55,-21) (56,-22) (57,-23) (58,-22) (59,-22) (60,-21) (61,-20) (62,-18) (63,-16) (64,-12) (65,-9) (66,-7) (67,-3) (68,1) (69,4) (70,7) (71,8) (72,11) (73,12) (74,12) 
(99,-7) (75,12) (9,16) (6,16) (5,14) (4,12) (2,7) (1,4) (0,0) (76,11) (77,10) (78,8) (79,5) (80,2) (81,-3) (82,-5) (83,-7) (84,-10) (85,-16) (86,-19) (87,-22) (88,-25) (89,-24) (90,-24) (91,-24) (92,-22) (93,-20) (94,-19) (95,-18) (96,-15) (97,-13) (98,-10) 
TD 2 :
(99,-7) (75,12) (9,16) (6,16) (5,14) (4,12) (2,7) (1,4) (0,0) (3,9) 
(99,-7) (75,12) (9,16) (6,16) (5,14) (4,12) (2,7) (1,4) (0,0) (8,15) (7,15) 
(99,-7) (75,12) (9,16) (6,16) (5,14) (4,12) (2,7) (1,4) (0,0) (8,15) (7,15) 
(99,-7) (75,12) (9,16) (6,16) (5,14) (4,12) (2,7) (1,4) (0,0) (8,15) (7,15) 
(99,-7) (75,12) (9,16) (6,16) (5,14) (4,12) (2,7) (1,4) (0,0) (74,12) (10,15) 
(99,-7) (75,12) (9,16) (6,16) (5,14) (4,12) (2,7) (1,4) (0,0) (74,12) (10,15) (11,14) (12,10) (13,8) (14,4) (15,1) (16,-2) (17,-4) (18,-8) (19,-11) (20,-15) (21,-16) (22,-18) (23,-20) (24,-21) (25,-21) (26,-21) (27,-21) (28,-20) (29,-18) (30,-16) (31,-12) (32,-9) (33,-5) (34,-1) (35,2) (36,5) (37,8) (38,10) (39,12) (40,12) (41,13) (42,13) (43,11) (44,10) (45,7) (46,5) (47,2) (48,0) (49,-3) (50,-7) (51,-10) (52,-13) (53,-16) (54,-19) (55,-21) (56,-22) (57,-23) (58,-22) (59,-22) (60,-21) (61,-20) (62,-18) (63,-16) (64,-12) (65,-9) (66,-7) (67,-3) (68,1) (69,4) (70,7) (71,8) (72,11) (73,12) 
(99,-7) (75,12) (9,16) (6,16) (5,14) (4,12) (2,7) (1,4) (0,0) (74,12) (10,15) 
(99,-7) (75,12) (9,16) (6,16) (5,14) (4,12) (2,7) (1,4) (0,0) (98,-10) (76,11) 
(99,-7) (75,12) (9,16) (6,16) (5,14) (4,12) (2,7) (1,4) (0,0) (98,-10) (76,11) (77,10) (78,8) (79,5) (80,2) (81,-3) (82,-5) (83,-7) (84,-10) (85,-16) (86,-19) (87,-22) (88,-25) (89,-24) (90,-24) (91,-24) (92,-22) (93,-20) (94,-19) (95,-18) (96,-15) (97,-13) 
TD 3 :
(99,-7) (75,12) (9,16) (6,16) (5,14) (4,12) (2,7) (1,4) (0,0) (74,12) (10,15) (73,12) (42,13) (11,14) (12,10) (13,8) (14,4) (15,1) (16,-2) (17,-4) (18,-8) (19,-11) (20,-15) (21,-16) (22,-18) (23,-20) (24,-21) (25,-21) (26,-21) (27,-21) (28,-20) (29,-18) (30,-16) (31,-12) (32,-9) (33,-5) (34,-1) (35,2) (36,5) (37,8) (38,10) (39,12) (40,12) (41,13) 
(99,-7) (75,12) (9,16) (6,16) (5,14) (4,12) (2,7) (1,4) (0,0) (74,12) (10,15) (73,12) (42,13) (11,14) (43,11) (44,10) (45,7) (46,5) (47,2) (48,0) (49,-3) (50,-7) (51,-10) (52,-13) (53,-16) (54,-19) (55,-21) (56,-22) (57,-23) (58,-22) (59,-22) (60,-21) (61,-20) (62,-18) (63,-16) (64,-12) (65,-9) (66,-7) (67,-3) (68,1) (69,4) (70,7) (71,8) (72,11) 
(99,-7) (75,12) (9,16) (6,16) (5,14) (4,12) (2,7) (1,4) (0,0) (74,12) (10,15) (73,12) (42,13) (11,14) 
(99,-7) (75,12) (9,16) (6,16) (5,14) (4,12) (2,7) (1,4) (0,0) (98,-10) (76,11) (97,-13) (77,10) 
(99,-7) (75,12) (9,16) (6,16) (5,14) (4,12) (2,7) (1,4) (0,0) (98,-10) (76,11) (97,-13) (77,10) (78,8) (79,5) (80,2) (81,-3) (82,-5) (83,-7) (84,-10) (85,-16) (86,-19) (87,-22) (88,-25) (89,-24) (90,-24) (91,-24) (92,-22) (93,-20) (94,-19) (95,-18) (96,-15) 
TD 4 :
(99,-7) (75,12) (9,16) (6,16) (5,14) (4,12) (2,7) (1,4) (0,0) (74,12) (10,15) (73,12) (42,13) (11,14) (41,13) (12,10) (13,8) (14,4) (15,1) (16,-2) (17,-4) (18,-8) (19,-11) (20,-15) (21,-16) (22,-18) (23,-20) (24,-21) (25,-21) (26,-21) (27,-21) (28,-20) (29,-18) (30,-16) (31,-12) (32,-9) (33,-5) (34,-1) (35,2) (36,5) (37,8) (38,10) (39,12) (40,12) 
(99,-7) (75,12) (9,16) (6,16) (5,14) (4,12) (2,7) (1,4) (0,0) (74,12) (10,15) (73,12) (42,13) (11,14) (41,13) (12,10) 
(99,-7) (75,12) (9,16) (6,16) (5,14) (4,12) (2,7) (1,4) (0,0) (74,12) (10,15) (73,12) (42,13) (11,14) (72,11) (43,11) (44,10) (45,7) (46,5) (47,2) (48,0) (49,-3) (50,-7) (51,-10) (52,-13) (53,-16) (54,-19) (55,-21) (56,-22) (57,-23) (58,-22) (59,-22) (60,-21) (61,-20) (62,-18) (63,-16) (64,-12) (65,-9) (66,-7) (67,-3) (68,1) (69,4) (70,7) (71,8) 
(99,-7) (75,12) (9,16) (6,16) (5,14) (4,12) (2,7) (1,4) (0,0) (74,12) (10,15) (73,12) (42,13) (11,14) (72,11) 
(99,-7) (75,12) (9,16) (6,16) (5,14) (4,12) (2,7) (1,4) (0,0) (98,-10) (76,11) (97,-13) (77,10) (96,-15) (78,8) 
(99,-7) (75,12) (9,16) (6,16) (5,14) (4,12) (2,7) (1,4) (0,0) (98,-10) (76,11) (97,-13) (77,10) (96,-15) (78,8) (79,5) (80,2) (81,-3) (82,-5) (83,-7) (84,-10) (85,-16) (86,-19) (87,-22) (88,-25) (89,-24) (90,-24) (91,-24) (92,-22) (93,-20) (94,-19) (95,-18) 
TD 5 :
(99,-7) (75,12) (9,16) (6,16) (5,14) (4,12) (2,7) (1,4) (0,0) (74,12) (10,15) (73,12) (42,13) (11,14) (41,13) (12,10) (40,12) (39,12) (13,8) (14,4) (15,1) (16,-2) (17,-4) (18,-8) (19,-11) (20,-15) (21,-16) (22,-18) (23,-20) (24,-21) (25,-21) (26,-21) (27,-21) (28,-20) (29,-18) (30,-16) (31,-12) (32,-9) (33,-5) (34,-1) (35,2) (36,5) (37,8) (38,10) 
(99,-7) (75,12) (9,16) (6,16) (5,14) (4,12) (2,7) (1,4) (0,0) (74,12) (10,15) (73,12) (42,13) (11,14) (41,13) (12,10) (40,12) (39,12) (13,8) 
(99,-7) (75,12) (9,16) (6,16) (5,14) (4,12) (2,7) (1,4) (0,0) (74,12) (10,15) (73,12) (42,13) (11,14) (41,13) (12,10) (40,12) (39,12) (13,8) 
(99,-7) (75,12) (9,16) (6,16) (5,14) (4,12) (2,7) (1,4) (0,0) (74,12) (10,15) (73,12) (42,13) (11,14) (72,11) (71,8) (43,11) (44,10) (45,7) (46,5) (47,2) (48,0) (49,-3) (50,-7) (51,-10) (52,-13) (53,-16) (54,-19) (55,-21) (56,-22) (57,-23) (58,-22) (59,-22) (60,-21) (61,-20) (62,-18) (63,-16) (64,-12) (65,-9) (66,-7) (67,-3) (68,1) (69,4) (70,7) 
(99,-7) (75,12) (9,16) (6,16) (5,14) (4,12) (2,7) (1,4) (0,0) (74,12) (10,15) (73,12) (42,13) (11,14) (72,11) (71,8) 
(99,-7) (75,12) (9,16) (6,16) (5,14) (4,12) (2,7) (1,4) (0,0) (98,-10) (76,11) (97,-13) (77,10) (96,-15) (78,8) (95,-18) (79,5) 
(99,-7) (75,12) (9,16) (6,16) (5,14) (4,12) (2,7) (1,4) (0,0) (98,-10) (76,11) (97,-13) (77,10) (96,-15) (78,8) (95,-18) (79,5) (80,2) (81,-3) (82,-5) (83,-7) (84,-10) (85,-16) (86,-19) (87,-22) (88,-25) (89,-24) (90,-24) (91,-24) (92,-22) (93,-20) (94,-19) 
TD 6 :
(99,-7) (75,12) (9,16) (6,16) (5,14) (4,12) (2,7) (1,4) (0,0) (74,12) (10,15) (73,12) (42,13) (11,14) (41,13) (12,10) (40,12) (39,12) (13,8) (38,10) (14,4) (15,1) (16,-2) (17,-4) (18,-8) (19,-11) (20,-15) (21,-16) (22,-18) (23,-20) (24,-21) (25,-21) (26,-21) (27,-21) (28,-20) (29,-18) (30,-16) (31,-12) (32,-9) (33,-5) (34,-1) (35,2) (36,5) (37,8) 
(99,-7) (75,12) (9,16) (6,16) (5,14) (4,12) (2,7) (1,4) (0,0) (74,12) (10,15) (73,12) (42,13) (11,14) (41,13) (12,10) (40,12) (39,12) (13,8) (38,10) (14,4) 
(99,-7) (75,12) (9,16) (6,16) (5,14) (4,12) (2,7) (1,4) (0,0) (74,12) (10,15) (73,12) (42,13) (11,14) (72,11) (71,8) (70,7) (43,11) 
(99,-7) (75,12) (9,16) (6,16) (5,14) (4,12) (2,7) (1,4) (0,0) (74,12) (10,15) (73,12) (42,13) (11,14) (72,11) (71,8) (70,7) (43,11) (44,10) (45,7) (46,5) (47,2) (48,0) (49,-3) (50,-7) (51,-10) (52,-13) (53,-16) (54,-19) (55,-21) (56,-22) (57,-23) (58,-22) (59,-22) (60,-21) (61,-20) (62,-18) (63,-16) (64,-12) (65,-9) (66,-7) (67,-3) (68,1) (69,4) 
(99,-7) (75,12) (9,16) (6,16) (5,14) (4,12) (2,7) (1,4) (0,0) (74,12) (10,15) (73,12) (42,13) (11,14) (72,11) (71,8) (70,7) (43,11) 
(99,-7) (75,12) (9,16) (6,16) (5,14) (4,12) (2,7) (1,4) (0,0) (98,-10) (76,11) (97,-13) (77,10) (96,-15) (78,8) (95,-18) (79,5) (94,-19) (80,2) 
(99,-7) (75,12) (9,16) (6,16) (5,14) (4,12) (2,7) (1,4) (0,0) (98,-10) (76,11) (97,-13) (77,10) (96,-15) (78,8) (95,-18) (79,5) (94,-19) (80,2) (81,-3) (82,-5) (83,-7) (84,-10) (85,-16) (86,-19) (87,-22) (88,-25) (89,-24) (90,-24) (91,-24) (92,-22) (93,-20) 
TD 7 :
(99,-7) (75,12) (9,16) (6,16) (5,14) (4,12) (2,7) (1,4) (0,0) (74,12) (10,15) (73,12) (42,13) (11,14) (41,13) (12,10) (40,12) (39,12) (13,8) (38,10) (14,4) (37,8) (15,1) (16,-2) (17,-4) (18,-8) (19,-11) (20,-15) (21,-16) (22,-18) (23,-20) (24,-21) (25,-21) (26,-21) (27,-21) (28,-20) (29,-18) (30,-16) (31,-12) (32,-9) (33,-5) (34,-1) (35,2) (36,5) 
(99,-7) (75,12) (9,16) (6,16) (5,14) (4,12) (2,7) (1,4) (0,0) (74,12) (10,15) (73,12) (42,13) (11,14) (41,13) (12,10) (40,12) (39,12) (13,8) (38,10) (14,4) (37,8) (15,1) 
(99,-7) (75,12) (9,16) (6,16) (5,14) (4,12) (2,7) (1,4) (0,0) (74,12) (10,15) (73,12) (42,13) (11,14) (72,11) (71,8) (70,7) (43,11) (69,4) (44,10) 
(99,-7) (75,12) (9,16) (6,16) (5,14) (4,12) (2,7) (1,4) (0,0) (74,12) (10,15) (73,12) (42,13) (11,14) (72,11) (71,8) (70,7) (43,11) (69,4) (44,10) (45,7) (46,5) (47,2) (48,0) (49,-3) (50,-7) (51,-10) (52,-13) (53,-16) (54,-19) (55,-21) (56,-22) (57,-23) (58,-22) (59,-22) (60,-21) (61,-20) (62,-18) (63,-16) (64,-12) (65,-9) (66,-7) (67,-3) (68,1) 
(99,-7) (75,12) (9,16) (6,16) (5,14) (4,12) (2,7) (1,4) (0,0) (74,12) (10,15) (73,12) (42,13) (11,14) (72,11) (71,8) (70,7) (43,11) (69,4) (44,10) 
(99,-7) (75,12) (9,16) (6,16) (5,14) (4,12) (2,7) (1,4) (0,0) (98,-10) (76,11) (97,-13) (77,10) (96,-15) (78,8) (95,-18) (79,5) (94,-19) (80,2) (93,-20) (81,-3) 
(99,-7) (75,12) (9,16) (6,16) (5,14) (4,12) (2,7) (1,4) (0,0) (98,-10) (76,11) (97,-13) (77,10) (96,-15) (78,8) (95,-18) (79,5) (94,-19) (80,2) (93,-20) (81,-3) (82,-5) (83,-7) (84,-10) (85,-16) (86,-19) (87,-22) (88,-25) (89,-24) (90,-24) (91,-24) (92,-22) 
TD 8 :
(99,-7) (75,12) (9,16) (6,16) (5,14) (4,12) (2,7) (1,4) (0,0) (74,12) (10,15) (73,12) (42,13) (11,14) (41,13) (12,10) (40,12) (39,12) (13,8) (38,10) (14,4) (37,8) (15,1) (36,5) (16,-2) (17,-4) (18,-8) (19,-11) (20,-15) (21,-16) (22,-18) (23,-20) (24,-21) (25,-21) (26,-21) (27,-21) (28,-20) (29,-18) (30,-16) (31,-12) (32,-9) (33,-5) (34,-1) (35,2) 
(99,-7) (75,12) (9,16) (6,16) (5,14) (4,12) (2,7) (1,4) (0,0) (74,12) (10,15) (73,12) (42,13) (11,14) (41,13) (12,10) (40,12) (39,12) (13,8) (38,10) (14,4) (37,8) (15,1) (36,5) (16,-2) 
(99,-7) (75,12) (9,16) (6,16) (5,14) (4,12) (2,7) (1,4) (0,0) (74,12) (10,15) (73,12) (42,13) (11,14) (72,11) (71,8) (70,7) (43,11) (69,4) (44,10) (68,1) (45,7) 
(99,-7) (75,12) (9,16) (6,16) (5,14) (4,12) (2,7) (1,4) (0,0) (74,12) (10,15) (73,12) (42,13) (11,14) (72,11) (71,8) (70,7) (43,11) (69,4) (44,10) (68,1) (45,7) (46,5) (47,2) (48,0) (49,-3) (50,-7) (51,-10) (52,-13) (53,-16) (54,-19) (55,-21) (56,-22) (57,-23) (58,-22) (59,-22) (60,-21) (61,-20) (62,-18) (63,-16) (64,-12) (65,-9) (66,-7) (67,-3) 
(99,-7) (75,12) (9,16) (6,16) (5,14) (4,12) (2,7) (1,4) (0,0) (74,12) (10,15) (73,12) (42,13) (11,14) (72,11) (71,8) (70,7) (43,11) (69,4) (44,10) (68,1) (45,7) 
(99,-7) (75,12) (9,16) (6,16) (5,14) (4,12) (2,7) (1,4) (0,0) (98,-10) (76,11) (97,-13) (77,10) (96,-15) (78,8) (95,-18) (79,5) (94,-19) (80,2) (93,-20) (81,-3) (92,-22) (82,-5) 
(99,-7) (75,12) (9,16) (6,16) (5,14) (4,12) (2,7) (1,4) (0,0) (98,-10) (76,11) (97,-13) (77,10) (96,-15) (78,8) (95,-18) (79,5) (94,-19) (80,2) (93,-20) (81,-3) (92,-22) (82,-5) (83,-7) (84,-10) (85,-16) (86,-19) (87,-22) (88,-25) (89,-24) (90,-24) (91,-24) 
TD 9 :
(99,-7) (75,12) (9,16) (6,16) (5,14) (4,12) (2,7) (1,4) (0,0) (74,12) (10,15) (73,12) (42,13) (11,14) (41,13) (12,10) (40,12) (39,12) (13,8) (38,10) (14,4) (37,8) (15,1) (36,5) (16,-2) (35,2) (17,-4) (18,-8) (19,-11) (20,-15) (21,-16) (22,-18) (23,-20) (24,-21) (25,-21) (26,-21) (27,-21) (28,-20) (29,-18) (30,-16) (31,-12) (32,-9) (33,-5) (34,-1) 
(99,-7) (75,12) (9,16) (6,16) (5,14) (4,12) (2,7) (1,4) (0,0) (74,12) (10,15) (73,12) (42,13) (11,14) (41,13) (12,10) (40,12) (39,12) (13,8) (38,10) (14,4) (37,8) (15,1) (36,5) (16,-2) (35,2) (17,-4) 
(99,-7) (75,12) (9,16) (6,16) (5,14) (4,12) (2,7) (1,4) (0,0) (74,12) (10,15) (73,12) (42,13) (11,14) (72,11) (71,8) (70,7) (43,11) (69,4) (44,10) (68,1) (45,7) (46,5) 
(99,-7) (75,12) (9,16) (6,16) (5,14) (4,12) (2,7) (1,4) (0,0) (74,12) (10,15) (73,12) (42,13) (11,14) (72,11) (71,8) (70,7) (43,11) (69,4) (44,10) (68,1) (45,7) (46,5) (47,2) (48,0) (49,-3) (50,-7) (51,-10) (52,-13) (53,-16) (54,-19) (55,-21) (56,-22) (57,-23) (58,-22) (59,-22) (60,-21) (61,-20) (62,-18) (63,-16) (64,-12) (65,-9) (66,-7) (67,-3) 
(99,-7) (75,12) (9,16) (6,16) (5,14) (4,12) (2,7) (1,4) (0,0) (98,-10) (76,11) (97,-13) (77,10) (96,-15) (78,8) (95,-18) (79,5) (94,-19) (80,2) (93,-20) (81,-3) (92,-22) (82,-5) (91,-24) (83,-7) 
(99,-7) (75,12) (9,16) (6,16) (5,14) (4,12) (2,7) (1,4) (0,0) (98,-10) (76,11) (97,-13) (77,10) (96,-15) (78,8) (95,-18) (79,5) (94,-19) (80,2) (93,-20) (81,-3) (92,-22) (82,-5) (91,-24) (83,-7) (84,-10) (85,-16) (86,-19) (87,-22) (88,-25) (89,-24) (90,-24) 
TD 10 :
(99,-7) (75,12) (9,16) (6,16) (5,14) (4,12) (2,7) (1,4) (0,0) (74,12) (10,15) (73,12) (42,13) (11,14) (41,13) (12,10) (40,12) (39,12) (13,8) (38,10) (14,4) (37,8) (15,1) (36,5) (16,-2) (35,2) (17,-4) (34,-1) (18,-8) (19,-11) (20,-15) (21,-16) (22,-18) (23,-20) (24,-21) (25,-21) (26,-21) (27,-21) (28,-20) (29,-18) (30,-16) (31,-12) (32,-9) (33,-5) 
(99,-7) (75,12) (9,16) (6,16) (5,14) (4,12) (2,7) (1,4) (0,0) (74,12) (10,15) (73,12) (42,13) (11,14) (41,13) (12,10) (40,12) (39,12) (13,8) (38,10) (14,4) (37,8) (15,1) (36,5) (16,-2) (35,2) (17,-4) (34,-1) (18,-8) 
(99,-7) (75,12) (9,16) (6,16) (5,14) (4,12) (2,7) (1,4) (0,0) (74,12) (10,15) (73,12) (42,13) (11,14) (72,11) (71,8) (70,7) (43,11) (69,4) (44,10) (68,1) (45,7) (46,5) (67,-3) (47,2) 
(99,-7) (75,12) (9,16) (6,16) (5,14) (4,12) (2,7) (1,4) (0,0) (74,12) (10,15) (73,12) (42,13) (11,14) (72,11) (71,8) (70,7) (43,11) (69,4) (44,10) (68,1) (45,7) (46,5) (67,-3) (47,2) (48,0) (49,-3) (50,-7) (51,-10) (52,-13) (53,-16) (54,-19) (55,-21) (56,-22) (57,-23) (58,-22) (59,-22) (60,-21) (61,-20) (62,-18) (63,-16) (64,-12) (65,-9) (66,-7) 
(99,-7) (75,12) (9,16) (6,16) (5,14) (4,12) (2,7) (1,4) (0,0) (74,12) (10,15) (73,12) (42,13) (11,14) (72,11) (71,8) (70,7) (43,11) (69,4) (44,10) (68,1) (45,7) (46,5) (67,-3) (47,2) 
(99,-7) (75,12) (9,16) (6,16) (5,14) (4,12) (2,7) (1,4) (0,0) (98,-10) (76,11) (97,-13) (77,10) (96,-15) (78,8) (95,-18) (79,5) (94,-19) (80,2) (93,-20) (81,-3) (92,-22) (82,-5) (91,-24) (83,-7) (90,-24) (84,-10) 
(99,-7) (75,12) (9,16) (6,16) (5,14) (4,12) (2,7) (1,4) (0,0) (98,-10) (76,11) (97,-13) (77,10) (96,-15) (78,8) (95,-18) (79,5) (94,-19) (80,2) (93,-20) (81,-3) (92,-22) (82,-5) (91,-24) (83,-7) (90,-24) (84,-10) (85,-16) (86,-19) (87,-22) (88,-25) (89,-24) 
TD 11 :
(99,-7) (75,12) (9,16) (6,16) (5,14) (4,12) (2,7) (1,4) (0,0) (74,12) (10,15) (73,12) (42,13) (11,14) (41,13) (12,10) (40,12) (39,12) (13,8) (38,10) (14,4) (37,8) (15,1) (36,5) (16,-2) (35,2) (17,-4) (34,-1) (18,-8) (33,-5) (19,-11) (20,-15) (21,-16) (22,-18) (23,-20) (24,-21) (25,-21) (26,-21) (27,-21) (28,-20) (29,-18) (30,-16) (31,-12) (32,-9) 
(99,-7) (75,12) (9,16) (6,16) (5,14) (4,12) (2,7) (1,4) (0,0) (74,12) (10,15) (73,12) (42,13) (11,14) (41,13) (12,10) (40,12) (39,12) (13,8) (38,10) (14,4) (37,8) (15,1) (36,5) (16,-2) (35,2) (17,-4) (34,-1) (18,-8) (33,-5) (19,-11) 
(99,-7) (75,12) (9,16) (6,16) (5,14) (4,12) (2,7) (1,4) (0,0) (74,12) (10,15) (73,12) (42,13) (11,14) (72,11) (71,8) (70,7) (43,11) (69,4) (44,10) (68,1) (45,7) (46,5) (67,-3) (47,2) (66,-7) (48,0) 
(99,-7) (75,12) (9,16) (6,16) (5,14) (4,12) (2,7) (1,4) (0,0) (74,12) (10,15) (73,12) (42,13) (11,14) (72,11) (71,8) (70,7) (43,11) (69,4) (44,10) (68,1) (45,7) (46,5) (67,-3) (47,2) (66,-7) (48,0) (49,-3) (50,-7) (51,-10) (52,-13) (53,-16) (54,-19) (55,-21) (56,-22) (57,-23) (58,-22) (59,-22) (60,-21) (61,-20) (62,-18) (63,-16) (64,-12) (65,-9) 
(99,-7) (75,12) (9,16) (6,16) (5,14) (4,12) (2,7) (1,4) (0,0) (74,12) (10,15) (73,12) (42,13) (11,14) (72,11) (71,8) (70,7) (43,11) (69,4) (44,10) (68,1) (45,7) (46,5) (67,-3) (47,2) (66,-7) (48,0) 
(99,-7) (75,12) (9,16) (6,16) (5,14) (4,12) (2,7) (1,4) (0,0) (98,-10) (76,11) (97,-13) (77,10) (96,-15) (78,8) (95,-18) (79,5) (94,-19) (80,2) (93,-20) (81,-3) (92,-22) (82,-5) (91,-24) (83,-7) (90,-24) (84,-10) (89,-24) (85,-16) 
(99,-7) (75,12) (9,16) (6,16) (5,14) (4,12) (2,7) (1,4) (0,0) (98,-10) (76,11) (97,-13) (77,10) (96,-15) (78,8) (95,-18) (79,5) (94,-19) (80,2) (93,-20) (81,-3) (92,-22) (82,-5) (91,-24) (83,-7) (90,-24) (84,-10) (89,-24) (85,-16) (86,-19) (87,-22) (88,-25) 
TD 12 :
(99,-7) (75,12) (9,16) (6,16) (5,14) (4,12) (2,7) (1,4) (0,0) (74,12) (10,15) (73,12) (42,13) (11,14) (41,13) (12,10) (40,12) (39,12) (13,8) (38,10) (14,4) (37,8) (15,1) (36,5) (16,-2) (35,2) (17,-4) (34,-1) (18,-8) (33,-5) (19,-11) (32,-9) (20,-15) (21,-16) (22,-18) (23,-20) (24,-21) (25,-21) (26,-21) (27,-21) (28,-20) (29,-18) (30,-16) (31,-12) 
(99,-7) (75,12) (9,16) (6,16) (5,14) (4,12) (2,7) (1,4) (0,0) (74,12) (10,15) (73,12) (42,13) (11,14) (41,13) (12,10) (40,12) (39,12) (13,8) (38,10) (14,4) (37,8) (15,1) (36,5) (16,-2) (35,2) (17,-4) (34,-1) (18,-8) (33,-5) (19,-11) (32,-9) (20,-15) 
(99,-7) (75,12) (9,16) (6,16) (5,14) (4,12) (2,7) (1,4) (0,0) (74,12) (10,15) (73,12) (42,13) (11,14) (72,11) (71,8) (70,7) (43,11) (69,4) (44,10) (68,1) (45,7) (46,5) (67,-3) (47,2) (66,-7) (48,0) (65,-9) (49,-3) 
(99,-7) (75,12) (9,16) (6,16) (5,14) (4,12) (2,7) (1,4) (0,0) (74,12) (10,15) (73,12) (42,13) (11,14) (72,11) (71,8) (70,7) (43,11) (69,4) (44,10) (68,1) (45,7) (46,5) (67,-3) (47,2) (66,-7) (48,0) (65,-9) (49,-3) (50,-7) (51,-10) (52,-13) (53,-16) (54,-19) (55,-21) (56,-22) (57,-23) (58,-22) (59,-22) (60,-21) (61,-20) (62,-18) (63,-16) (64,-12) 
(99,-7) (75,12) (9,16) (6,16) (5,14) (4,12) (2,7) (1,4) (0,0) (74,12) (10,15) (73,12) (42,13) (11,14) (72,11) (71,8) (70,7) (43,11) (69,4) (44,10) (68,1) (45,7) (46,5) (67,-3) (47,2) (66,-7) (48,0) (65,-9) (49,-3) 
(99,-7) (75,12) (9,16) (6,16) (5,14) (4,12) (2,7) (1,4) (0,0) (98,-10) (76,11) (97,-13) (77,10) (96,-15) (78,8) (95,-18) (79,5) (94,-19) (80,2) (93,-20) (81,-3) (92,-22) (82,-5) (91,-24) (83,-7) (90,-24) (84,-10) (89,-24) (85,-16) (88,-25) (87,-22) (86,-19) 
(99,-7) (75,12) (9,16) (6,16) (5,14) (4,12) (2,7) (1,4) (0,0) (98,-10) (76,11) (97,-13) (77,10) (96,-15) (78,8) (95,-18) (79,5) (94,-19) (80,2) (93,-20) (81,-3) (92,-22) (82,-5) (91,-24) (83,-7) (90,-24) (84,-10) (89,-24) (85,-16) (88,-25) (87,-22) (86,-19) 
(99,-7) (75,12) (9,16) (6,16) (5,14) (4,12) (2,7) (1,4) (0,0) (98,-10) (76,11) (97,-13) (77,10) (96,-15) (78,8) (95,-18) (79,5) (94,-19) (80,2) (93,-20) (81,-3) (92,-22) (82,-5) (91,-24) (83,-7) (90,-24) (84,-10) (89,-24) (85,-16) (88,-25) (87,-22) (86,-19) 
TD 13 :
(99,-7) (75,12) (9,16) (6,16) (5,14) (4,12) (2,7) (1,4) (0,0) (74,12) (10,15) (73,12) (42,13) (11,14) (41,13) (12,10) (40,12) (39,12) (13,8) (38,10) (14,4) (37,8) (15,1) (36,5) (16,-2) (35,2) (17,-4) (34,-1) (18,-8) (33,-5) (19,-11) (32,-9) (20,-15) (31,-12) (21,-16) (22,-18) (23,-20) (24,-21) (25,-21) (26,-21) (27,-21) (28,-20) (29,-18) (30,-16) 
(99,-7) (75,12) (9,16) (6,16) (5,14) (4,12) (2,7) (1,4) (0,0) (74,12) (10,15) (73,12) (42,13) (11,14) (41,13) (12,10) (40,12) (39,12) (13,8) (38,10) (14,4) (37,8) (15,1) (36,5) (16,-2) (35,2) (17,-4) (34,-1) (18,-8) (33,-5) (19,-11) (32,-9) (20,-15) (31,-12) (21,-16) 
(99,-7) (75,12) (9,16) (6,16) (5,14) (4,12) (2,7) (1,4) (0,0) (74,12) (10,15) (73,12) (42,13) (11,14) (72,11) (71,8) (70,7) (43,11) (69,4) (44,10) (68,1) (45,7) (46,5) (67,-3) (47,2) (66,-7) (48,0) (65,-9) (49,-3) (64,-12) (50,-7) 
(99,-7) (75,12) (9,16) (6,16) (5,14) (4,12) (2,7) (1,4) (0,0) (74,12) (10,15) (73,12) (42,13) (11,14) (72,11) (71,8) (70,7) (43,11) (69,4) (44,10) (68,1) (45,7) (46,5) (67,-3) (47,2) (66,-7) (48,0) (65,-9) (49,-3) (64,-12) (50,-7) (51,-10) (52,-13) (53,-16) (54,-19) (55,-21) (56,-22) (57,-23) (58,-22) (59,-22) (60,-21) (61,-20) (62,-18) (63,-16) 
TD 14 :
(99,-7) (75,12) (9,16) (6,16) (5,14) (4,12) (2,7) (1,4) (0,0) (74,12) (10,15) (73,12) (42,13) (11,14) (41,13) (12,10) (40,12) (39,12) (13,8) (38,10) (14,4) (37,8) (15,1) (36,5) (16,-2) (35,2) (17,-4) (34,-1) (18,-8) (33,-5) (19,-11) (32,-9) (20,-15) (31,-12) (21,-16) (22,-18) (23,-20) (24,-21) (25,-21) (26,-21) (27,-21) (28,-20) (29,-18) (30,-16) 
(99,-7) (75,12) (9,16) (6,16) (5,14) (4,12) (2,7) (1,4) (0,0) (74,12) (10,15) (73,12) (42,13) (11,14) (72,11) (71,8) (70,7) (43,11) (69,4) (44,10) (68,1) (45,7) (46,5) (67,-3) (47,2) (66,-7) (48,0) (65,-9) (49,-3) (64,-12) (50,-7) (63,-16) (51,-10) 
(99,-7) (75,12) (9,16) (6,16) (5,14) (4,12) (2,7) (1,4) (0,0) (74,12) (10,15) (73,12) (42,13) (11,14) (72,11) (71,8) (70,7) (43,11) (69,4) (44,10) (68,1) (45,7) (46,5) (67,-3) (47,2) (66,-7) (48,0) (65,-9) (49,-3) (64,-12) (50,-7) (63,-16) (51,-10) (52,-13) (53,-16) (54,-19) (55,-21) (56,-22) (57,-23) (58,-22) (59,-22) (60,-21) (61,-20) (62,-18) 
TD 15 :
(99,-7) (75,12) (9,16) (6,16) (5,14) (4,12) (2,7) (1,4) (0,0) (74,12) (10,15) (73,12) (42,13) (11,14) (41,13) (12,10) (40,12) (39,12) (13,8) (38,10) (14,4) (37,8) (15,1) (36,5) (16,-2) (35,2) (17,-4) (34,-1) (18,-8) (33,-5) (19,-11) (32,-9) (20,-15) (31,-12) (21,-16) (22,-18) (30,-16) (23,-20) (24,-21) (25,-21) (26,-21) (27,-21) (28,-20) (29,-18) 
(99,-7) (75,12) (9,16) (6,16) (5,14) (4,12) (2,7) (1,4) (0,0) (74,12) (10,15) (73,12) (42,13) (11,14) (41,13) (12,10) (40,12) (39,12) (13,8) (38,10) (14,4) (37,8) (15,1) (36,5) (16,-2) (35,2) (17,-4) (34,-1) (18,-8) (33,-5) (19,-11) (32,-9) (20,-15) (31,-12) (21,-16) (22,-18) (30,-16) (23,-20) 
(99,-7) (75,12) (9,16) (6,16) (5,14) (4,12) (2,7) (1,4) (0,0) (74,12) (10,15) (73,12) (42,13) (11,14) (72,11) (71,8) (70,7) (43,11) (69,4) (44,10) (68,1) (45,7) (46,5) (67,-3) (47,2) (66,-7) (48,0) (65,-9) (49,-3) (64,-12) (50,-7) (63,-16) (51,-10) (62,-18) (52,-13) 
(99,-7) (75,12) (9,16) (6,16) (5,14) (4,12) (2,7) (1,4) (0,0) (74,12) (10,15) (73,12) (42,13) (11,14) (72,11) (71,8) (70,7) (43,11) (69,4) (44,10) (68,1) (45,7) (46,5) (67,-3) (47,2) (66,-7) (48,0) (65,-9) (49,-3) (64,-12) (50,-7) (63,-16) (51,-10) (62,-18) (52,-13) (53,-16) (54,-19) (55,-21) (56,-22) (57,-23) (58,-22) (59,-22) (60,-21) (61,-20) 
TD 16 :
(99,-7) (75,12) (9,16) (6,16) (5,14) (4,12) (2,7) (1,4) (0,0) (74,12) (10,15) (73,12) (42,13) (11,14) (41,13) (12,10) (40,12) (39,12) (13,8) (38,10) (14,4) (37,8) (15,1) (36,5) (16,-2) (35,2) (17,-4) (34,-1) (18,-8) (33,-5) (19,-11) (32,-9) (20,-15) (31,-12) (21,-16) (22,-18) (30,-16) (23,-20) (29,-18) (24,-21) (25,-21) (26,-21) (27,-21) (28,-20) 
(99,-7) (75,12) (9,16) (6,16) (5,14) (4,12) (2,7) (1,4) (0,0) (74,12) (10,15) (73,12) (42,13) (11,14) (41,13) (12,10) (40,12) (39,12) (13,8) (38,10) (14,4) (37,8) (15,1) (36,5) (16,-2) (35,2) (17,-4) (34,-1) (18,-8) (33,-5) (19,-11) (32,-9) (20,-15) (31,-12) (21,-16) (22,-18) (30,-16) (23,-20) (29,-18) (24,-21) 
(99,-7) (75,12) (9,16) (6,16) (5,14) (4,12) (2,7) (1,4) (0,0) (74,12) (10,15) (73,12) (42,13) (11,14) (72,11) (71,8) (70,7) (43,11) (69,4) (44,10) (68,1) (45,7) (46,5) (67,-3) (47,2) (66,-7) (48,0) (65,-9) (49,-3) (64,-12) (50,-7) (63,-16) (51,-10) (62,-18) (52,-13) (61,-20) (53,-16) 
(99,-7) (75,12) (9,16) (6,16) (5,14) (4,12) (2,7) (1,4) (0,0) (74,12) (10,15) (73,12) (42,13) (11,14) (72,11) (71,8) (70,7) (43,11) (69,4) (44,10) (68,1) (45,7) (46,5) (67,-3) (47,2) (66,-7) (48,0) (65,-9) (49,-3) (64,-12) (50,-7) (63,-16) (51,-10) (62,-18) (52,-13) (61,-20) (53,-16) (54,-19) (55,-21) (56,-22) (57,-23) (58,-22) (59,-22) (60,-21) 
TD 17 :
(99,-7) (75,12) (9,16) (6,16) (5,14) (4,12) (2,7) (1,4) (0,0) (74,12) (10,15) (73,12) (42,13) (11,14) (41,13) (12,10) (40,12) (39,12) (13,8) (38,10) (14,4) (37,8) (15,1) (36,5) (16,-2) (35,2) (17,-4) (34,-1) (18,-8) (33,-5) (19,-11) (32,-9) (20,-15) (31,-12) (21,-16) (22,-18) (30,-16) (23,-20) (29,-18) (24,-21) (28,-20) (25,-21) (26,-21) (27,-21) 
(99,-7) (75,12) (9,16) (6,16) (5,14) (4,12) (2,7) (1,4) (0,0) (74,12) (10,15) (73,12) (42,13) (11,14) (41,13) (12,10) (40,12) (39,12) (13,8) (38,10) (14,4) (37,8) (15,1) (36,5) (16,-2) (35,2) (17,-4) (34,-1) (18,-8) (33,-5) (19,-11) (32,-9) (20,-15) (31,-12) (21,-16) (22,-18) (30,-16) (23,-20) (29,-18) (24,-21) (28,-20) (25,-21) 
(99,-7) (75,12) (9,16) (6,16) (5,14) (4,12) (2,7) (1,4) (0,0) (74,12) (10,15) (73,12) (42,13) (11,14) (72,11) (71,8) (70,7) (43,11) (69,4) (44,10) (68,1) (45,7) (46,5) (67,-3) (47,2) (66,-7) (48,0) (65,-9) (49,-3) (64,-12) (50,-7) (63,-16) (51,-10) (62,-18) (52,-13) (61,-20) (53,-16) (60,-21) (54,-19) 
(99,-7) (75,12) (9,16) (6,16) (5,14) (4,12) (2,7) (1,4) (0,0) (74,12) (10,15) (73,12) (42,13) (11,14) (72,11) (71,8) (70,7) (43,11) (69,4) (44,10) (68,1) (45,7) (46,5) (67,-3) (47,2) (66,-7) (48,0) (65,-9) (49,-3) (64,-12) (50,-7) (63,-16) (51,-10) (62,-18) (52,-13) (61,-20) (53,-16) (60,-21) (54,-19) (55,-21) (56,-22) (57,-23) (58,-22) (59,-22) 
TD 18 :
(99,-7) (75,12) (9,16) (6,16) (5,14) (4,12) (2,7) (1,4) (0,0) (74,12) (10,15) (73,12) (42,13) (11,14) (41,13) (12,10) (40,12) (39,12) (13,8) (38,10) (14,4) (37,8) (15,1) (36,5) (16,-2) (35,2) (17,-4) (34,-1) (18,-8) (33,-5) (19,-11) (32,-9) (20,-15) (31,-12) (21,-16) (22,-18) (30,-16) (23,-20) (29,-18) (24,-21) (28,-20) (25,-21) (27,-21) (26,-21) 
(99,-7) (75,12) (9,16) (6,16) (5,14) (4,12) (2,7) (1,4) (0,0) (74,12) (10,15) (73,12) (42,13) (11,14) (41,13) (12,10) (40,12) (39,12) (13,8) (38,10) (14,4) (37,8) (15,1) (36,5) (16,-2) (35,2) (17,-4) (34,-1) (18,-8) (33,-5) (19,-11) (32,-9) (20,-15) (31,-12) (21,-16) (22,-18) (30,-16) (23,-20) (29,-18) (24,-21) (28,-20) (25,-21) (27,-21) (26,-21) 
(99,-7) (75,12) (9,16) (6,16) (5,14) (4,12) (2,7) (1,4) (0,0) (74,12) (10,15) (73,12) (42,13) (11,14) (72,11) (71,8) (70,7) (43,11) (69,4) (44,10) (68,1) (45,7) (46,5) (67,-3) (47,2) (66,-7) (48,0) (65,-9) (49,-3) (64,-12) (50,-7) (63,-16) (51,-10) (62,-18) (52,-13) (61,-20) (53,-16) (60,-21) (54,-19) (59,-22) (55,-21) 
(99,-7) (75,12) (9,16) (6,16) (5,14) (4,12) (2,7) (1,4) (0,0) (74,12) (10,15) (73,12) (42,13) (11,14) (72,11) (71,8) (70,7) (43,11) (69,4) (44,10) (68,1) (45,7) (46,5) (67,-3) (47,2) (66,-7) (48,0) (65,-9) (49,-3) (64,-12) (50,-7) (63,-16) (51,-10) (62,-18) (52,-13) (61,-20) (53,-16) (60,-21) (54,-19) (59,-22) (55,-21) (56,-22) (57,-23) (58,-22) 
TD 19 :
(99,-7) (75,12) (9,16) (6,16) (5,14) (4,12) (2,7) (1,4) (0,0) (74,12) (10,15) (73,12) (42,13) (11,14) (72,11) (71,8) (70,7) (43,11) (69,4) (44,10) (68,1) (45,7) (46,5) (67,-3) (47,2) (66,-7) (48,0) (65,-9) (49,-3) (64,-12) (50,-7) (63,-16) (51,-10) (62,-18) (52,-13) (61,-20) (53,-16) (60,-21) (54,-19) (59,-22) (55,-21) (58,-22) (56,-22) (57,-23) 
Pocket 0 :
()
Pocket 1 :
({  (0,0) ,(1,4) } {  (0,0) ,(1,4) } {  (0,0) ,(1,4) } {  (0,0) ,(1,4) } {  (0,0) ,(1,4) } {  (0,0) ,(1,4) } {  (0,0) ,(1,4) } {  (0,0) ,(1,4) } {  (0,0) ,(1,4) } {  (0,0) ,(1,4) } {  (0,0) ,(1,4) } {  (0,0) ,(1,4) } {  (0,0) ,(1,4) } {  (0,0) ,(1,4) } {  (0,0) ,(1,4) } {  (0,0) ,(1,4) } )
Pocket 2 :
({  (3,9) ,(0,0) } {  (8,15) ,(7,15) } {  (8,15) ,(7,15) } {  (8,15) ,(7,15) } {  (11,14) ,(10,15) } {  (11,14) ,(10,15) } {  (11,14) ,(10,15) } {  (77,10) ,(76,11) } {  (77,10) ,(76,11) } )
Pocket 3 :
({  (11,14) ,(10,15) } {  (43,11) ,(42,13) } {  (11,14) ,(10,15) } {  (43,11) ,(42,13) } {  (11,14) ,(10,15) } {  (43,11) ,(42,13) } {  (78,8) ,(77,10) } {  (78,8) ,(77,10) } )
Pocket 4 :
({  (12,10) ,(11,14) } {  (99,-7) ,(41,13) } {  (12,10) ,(11,14) } {  (99,-7) ,(41,13) } {  (99,-7) ,(72,11) } {  (99,-7) ,(72,11) } {  (79,5) ,(78,8) } {  (79,5) ,(78,8) } )
Pocket 5 :
({  (13,8) ,(12,10) } {  (40,12) ,(39,12) } {  (13,8) ,(12,10) } {  (40,12) ,(39,12) } {  (13,8) ,(12,10) } {  (40,12) ,(39,12) } {  (99,-7) ,(71,8) } {  (99,-7) ,(71,8) } {  (80,2) ,(79,5) } {  (80,2) ,(79,5) } )
Pocket 6 :
({  (14,4) ,(13,8) } {  (99,-7) ,(38,10) } {  (14,4) ,(13,8) } {  (99,-7) ,(38,10) } {  (44,10) ,(43,11) } {  (44,10) ,(43,11) } {  (44,10) ,(43,11) } {  (81,-3) ,(80,2) } {  (81,-3) ,(80,2) } )
Pocket 7 :
({  (15,1) ,(14,4) } {  (99,-7) ,(37,8) } {  (15,1) ,(14,4) } {  (99,-7) ,(37,8) } {  (45,7) ,(44,10) } {  (45,7) ,(44,10) } {  (45,7) ,(44,10) } {  (82,-5) ,(81,-3) } {  (82,-5) ,(81,-3) } )
Pocket 8 :
({  (16,-2) ,(15,1) } {  (99,-7) ,(36,5) } {  (16,-2) ,(15,1) } {  (99,-7) ,(36,5) } {  (46,5) ,(45,7) } {  (46,5) ,(45,7) } {  (46,5) ,(45,7) } {  (83,-7) ,(82,-5) } {  (83,-7) ,(82,-5) } )
Pocket 9 :
({  (17,-4) ,(16,-2) } {  (99,-7) ,(35,2) } {  (17,-4) ,(16,-2) } {  (99,-7) ,(35,2) } {  (47,2) ,(46,5) } {  (47,2) ,(46,5) } {  (84,-10) ,(83,-7) } {  (84,-10) ,(83,-7) } )
Pocket 10 :
({  (18,-8) ,(17,-4) } {  (99,-7) ,(34,-1) } {  (18,-8) ,(17,-4) } {  (99,-7) ,(34,-1) } {  (48,0) ,(47,2) } {  (48,0) ,(47,2) } {  (48,0) ,(47,2) } {  (85,-16) ,(84,-10) } {  (85,-16) ,(84,-10) } )
Pocket 11 :
({  (19,-11) ,(18,-8) } {  (99,-7) ,(33,-5) } {  (19,-11) ,(18,-8) } {  (99,-7) ,(33,-5) } {  (49,-3) ,(48,0) } {  (49,-3) ,(48,0) } {  (49,-3) ,(48,0) } {  (86,-19) ,(85,-16) } {  (86,-19) ,(85,-16) } )
Pocket 12 :
({  (20,-15) ,(19,-11) } {  (99,-7) ,(32,-9) } {  (20,-15) ,(19,-11) } {  (99,-7) ,(32,-9) } {  (50,-7) ,(49,-3) } {  (50,-7) ,(49,-3) } {  (50,-7) ,(49,-3) } {  (87,-22) ,(86,-19) } {  (87,-22) ,(86,-19) } {  (87,-22) ,(86,-19) } )
Pocket 13 :
({  (21,-16) ,(20,-15) } {  (99,-7) ,(31,-12) } {  (21,-16) ,(20,-15) } {  (99,-7) ,(31,-12) } {  (51,-10) ,(50,-7) } {  (51,-10) ,(50,-7) } )
Pocket 14 :
({  (22,-18) ,(21,-16) } {  (52,-13) ,(51,-10) } {  (52,-13) ,(51,-10) } )
Pocket 15 :
({  (23,-20) ,(22,-18) } {  (99,-7) ,(30,-16) } {  (23,-20) ,(22,-18) } {  (99,-7) ,(30,-16) } {  (53,-16) ,(52,-13) } {  (53,-16) ,(52,-13) } )
Pocket 16 :
({  (24,-21) ,(23,-20) } {  (99,-7) ,(29,-18) } {  (24,-21) ,(23,-20) } {  (99,-7) ,(29,-18) } {  (54,-19) ,(53,-16) } {  (54,-19) ,(53,-16) } )
Pocket 17 :
({  (25,-21) ,(24,-21) } {  (99,-7) ,(28,-20) } {  (25,-21) ,(24,-21) } {  (99,-7) ,(28,-20) } {  (55,-21) ,(54,-19) } {  (55,-21) ,(54,-19) } )
Pocket 18 :
({  (26,-21) ,(25,-21) } {  (99,-7) ,(27,-21) } {  (26,-21) ,(25,-21) } {  (99,-7) ,(27,-21) } {  (56,-22) ,(55,-21) } {  (56,-22) ,(55,-21) } )
