18 layers in onion peeling: 
Layer 1
(99,-9) (74,9) (9,15) (8,15) (7,14) (3,9) (2,6) (1,3) (0,-1) 
Layer 2
(98,-13) (75,8) (73,9) (10,14) (6,12) (5,10) (4,8) 
Layer 3
(97,-14) (77,6) (76,7) (72,9) (11,12) 
Layer 4
(96,-18) (78,3) (71,8) (43,9) (12,10) 
Layer 5
(95,-22) (79,1) (70,6) (41,9) (40,9) (39,9) (13,7) 
Layer 6
(94,-25) (80,-3) (69,3) (42,8) (14,6) 
Layer 7
(93,-27) (81,-5) (68,0) (44,6) (38,7) (15,3) 
Layer 8
(92,-27) (82,-8) (67,-3) (45,4) (37,5) (16,0) 
Layer 9
(91,-27) (83,-12) (66,-5) (46,2) (36,2) (17,-3) 
Layer 10
(90,-27) (89,-25) (87,-21) (86,-19) (85,-17) (84,-15) (47,-2) (35,-1) (18,-5) 
Layer 11
(88,-24) (65,-9) (48,-5) (34,-3) (19,-7) 
Layer 12
(64,-12) (49,-8) (33,-6) (20,-10) 
Layer 13
(63,-16) (50,-10) (32,-10) (21,-13) 
Layer 14
(62,-18) (51,-14) (31,-12) (22,-16) 
Layer 15
(61,-19) (52,-16) (30,-15) (23,-18) 
Layer 16
(60,-22) (53,-17) (29,-16) (24,-19) 
Layer 17
(59,-24) (57,-22) (54,-19) (28,-19) (25,-20) 
Layer 18
(58,-24) (56,-22) (55,-21) (27,-20) (26,-21) 
---------------------------------------------------------------------------------------
TD 0 :
(99,-9) (98,-13) (97,-14) (96,-18) (95,-22) (94,-25) (93,-27) (92,-27) (91,-27) (90,-27) (89,-25) (88,-24) (87,-21) (86,-19) (85,-17) (84,-15) (83,-12) (82,-8) (81,-5) (80,-3) (79,1) (78,3) (77,6) (76,7) (75,8) (74,9) (73,9) (72,9) (71,8) (70,6) (69,3) (68,0) (67,-3) (66,-5) (65,-9) (64,-12) (63,-16) (62,-18) (61,-19) (60,-22) (59,-24) (58,-24) (57,-22) (56,-22) (55,-21) (54,-19) (53,-17) (52,-16) (51,-14) (50,-10) (49,-8) (48,-5) (47,-2) (46,2) (45,4) (44,6) (43,9) (42,8) (41,9) (40,9) (39,9) (38,7) (37,5) (36,2) (35,-1) (34,-3) (33,-6) (32,-10) (31,-12) (30,-15) (29,-16) (28,-19) (27,-20) (26,-21) (25,-20) (24,-19) (23,-18) (22,-16) (21,-13) (20,-10) (19,-7) (18,-5) (17,-3) (16,0) (15,3) (14,6) (13,7) (12,10) (11,12) (10,14) (9,15) (8,15) (7,14) (6,12) (5,10) (4,8) (3,9) (2,6) (1,3) (0,-1) 
TD 1 :
(99,-9) (74,9) (9,15) (8,15) (7,14) (3,9) (2,6) (1,3) (0,-1) 
(99,-9) (74,9) (9,15) (8,15) (7,14) (3,9) (2,6) (1,3) (0,-1) 
(99,-9) (74,9) (9,15) (8,15) (7,14) (3,9) (2,6) (1,3) (0,-1) 
(99,-9) (74,9) (9,15) (8,15) (7,14) (3,9) (2,6) (1,3) (0,-1) (4,8) (5,10) (6,12) 
(99,-9) (74,9) (9,15) (8,15) (7,14) (3,9) (2,6) (1,3) (0,-1) 
(99,-9) (74,9) (9,15) (8,15) (7,14) (3,9) (2,6) (1,3) (0,-1) 
(99,-9) (74,9) (9,15) (8,15) (7,14) (3,9) (2,6) (1,3) (0,-1) (10,14) (11,12) (12,10) (13,7) (14,6) (15,3) (16,0) (17,-3) (18,-5) (19,-7) (20,-10) (21,-13) (22,-16) (23,-18) (24,-19) (25,-20) (26,-21) (27,-20) (28,-19) (29,-16) (30,-15) (31,-12) (32,-10) (33,-6) (34,-3) (35,-1) (36,2) (37,5) (38,7) (39,9) (40,9) (41,9) (42,8) (43,9) (44,6) (45,4) (46,2) (47,-2) (48,-5) (49,-8) (50,-10) (51,-14) (52,-16) (53,-17) (54,-19) (55,-21) (56,-22) (57,-22) (58,-24) (59,-24) (60,-22) (61,-19) (62,-18) (63,-16) (64,-12) (65,-9) (66,-5) (67,-3) (68,0) (69,3) (70,6) (71,8) (72,9) (73,9) 
(99,-9) (74,9) (9,15) (8,15) (7,14) (3,9) (2,6) (1,3) (0,-1) (75,8) (76,7) (77,6) (78,3) (79,1) (80,-3) (81,-5) (82,-8) (83,-12) (84,-15) (85,-17) (86,-19) (87,-21) (88,-24) (89,-25) (90,-27) (91,-27) (92,-27) (93,-27) (94,-25) (95,-22) (96,-18) (97,-14) (98,-13) 
TD 2 :
(99,-9) (74,9) (9,15) (8,15) (7,14) (3,9) (2,6) (1,3) (0,-1) (6,12) (5,10) (4,8) 
(99,-9) (74,9) (9,15) (8,15) (7,14) (3,9) (2,6) (1,3) (0,-1) (6,12) (5,10) (4,8) 
(99,-9) (74,9) (9,15) (8,15) (7,14) (3,9) (2,6) (1,3) (0,-1) (6,12) (5,10) (4,8) 
(99,-9) (74,9) (9,15) (8,15) (7,14) (3,9) (2,6) (1,3) (0,-1) (73,9) (10,14) 
(99,-9) (74,9) (9,15) (8,15) (7,14) (3,9) (2,6) (1,3) (0,-1) (73,9) (10,14) (11,12) (12,10) (13,7) (14,6) (15,3) (16,0) (17,-3) (18,-5) (19,-7) (20,-10) (21,-13) (22,-16) (23,-18) (24,-19) (25,-20) (26,-21) (27,-20) (28,-19) (29,-16) (30,-15) (31,-12) (32,-10) (33,-6) (34,-3) (35,-1) (36,2) (37,5) (38,7) (39,9) (40,9) (41,9) (42,8) (43,9) (44,6) (45,4) (46,2) (47,-2) (48,-5) (49,-8) (50,-10) (51,-14) (52,-16) (53,-17) (54,-19) (55,-21) (56,-22) (57,-22) (58,-24) (59,-24) (60,-22) (61,-19) (62,-18) (63,-16) (64,-12) (65,-9) (66,-5) (67,-3) (68,0) (69,3) (70,6) (71,8) (72,9) 
(99,-9) (74,9) (9,15) (8,15) (7,14) (3,9) (2,6) (1,3) (0,-1) (73,9) (10,14) 
(99,-9) (74,9) (9,15) (8,15) (7,14) (3,9) (2,6) (1,3) (0,-1) (98,-13) (75,8) 
(99,-9) (74,9) (9,15) (8,15) (7,14) (3,9) (2,6) (1,3) (0,-1) (98,-13) (75,8) (76,7) (77,6) (78,3) (79,1) (80,-3) (81,-5) (82,-8) (83,-12) (84,-15) (85,-17) (86,-19) (87,-21) (88,-24) (89,-25) (90,-27) (91,-27) (92,-27) (93,-27) (94,-25) (95,-22) (96,-18) (97,-14) 
TD 3 :
(99,-9) (74,9) (9,15) (8,15) (7,14) (3,9) (2,6) (1,3) (0,-1) (73,9) (10,14) (72,9) (11,12) (12,10) (13,7) (14,6) (15,3) (16,0) (17,-3) (18,-5) (19,-7) (20,-10) (21,-13) (22,-16) (23,-18) (24,-19) (25,-20) (26,-21) (27,-20) (28,-19) (29,-16) (30,-15) (31,-12) (32,-10) (33,-6) (34,-3) (35,-1) (36,2) (37,5) (38,7) (39,9) (40,9) (41,9) (42,8) (43,9) (44,6) (45,4) (46,2) (47,-2) (48,-5) (49,-8) (50,-10) (51,-14) (52,-16) (53,-17) (54,-19) (55,-21) (56,-22) (57,-22) (58,-24) (59,-24) (60,-22) (61,-19) (62,-18) (63,-16) (64,-12) (65,-9) (66,-5) (67,-3) (68,0) (69,3) (70,6) (71,8) 
(99,-9) (74,9) (9,15) (8,15) (7,14) (3,9) (2,6) (1,3) (0,-1) (73,9) (10,14) (72,9) (11,12) 
(99,-9) (74,9) (9,15) (8,15) (7,14) (3,9) (2,6) (1,3) (0,-1) (98,-13) (75,8) (97,-14) (77,6) (76,7) 
(99,-9) (74,9) (9,15) (8,15) (7,14) (3,9) (2,6) (1,3) (0,-1) (98,-13) (75,8) (97,-14) (77,6) (76,7) 
(99,-9) (74,9) (9,15) (8,15) (7,14) (3,9) (2,6) (1,3) (0,-1) (98,-13) (75,8) (97,-14) (77,6) (76,7) (78,3) (79,1) (80,-3) (81,-5) (82,-8) (83,-12) (84,-15) (85,-17) (86,-19) (87,-21) (88,-24) (89,-25) (90,-27) (91,-27) (92,-27) (93,-27) (94,-25) (95,-22) (96,-18) 
TD 4 :
(99,-9) (74,9) (9,15) (8,15) (7,14) (3,9) (2,6) (1,3) (0,-1) (73,9) (10,14) (72,9) (11,12) (71,8) (43,9) (12,10) (13,7) (14,6) (15,3) (16,0) (17,-3) (18,-5) (19,-7) (20,-10) (21,-13) (22,-16) (23,-18) (24,-19) (25,-20) (26,-21) (27,-20) (28,-19) (29,-16) (30,-15) (31,-12) (32,-10) (33,-6) (34,-3) (35,-1) (36,2) (37,5) (38,7) (39,9) (40,9) (41,9) (42,8) 
(99,-9) (74,9) (9,15) (8,15) (7,14) (3,9) (2,6) (1,3) (0,-1) (73,9) (10,14) (72,9) (11,12) (71,8) (43,9) (12,10) (44,6) (45,4) (46,2) (47,-2) (48,-5) (49,-8) (50,-10) (51,-14) (52,-16) (53,-17) (54,-19) (55,-21) (56,-22) (57,-22) (58,-24) (59,-24) (60,-22) (61,-19) (62,-18) (63,-16) (64,-12) (65,-9) (66,-5) (67,-3) (68,0) (69,3) (70,6) 
(99,-9) (74,9) (9,15) (8,15) (7,14) (3,9) (2,6) (1,3) (0,-1) (73,9) (10,14) (72,9) (11,12) (71,8) (43,9) (12,10) 
(99,-9) (74,9) (9,15) (8,15) (7,14) (3,9) (2,6) (1,3) (0,-1) (98,-13) (75,8) (97,-14) (77,6) (76,7) (96,-18) (78,3) 
(99,-9) (74,9) (9,15) (8,15) (7,14) (3,9) (2,6) (1,3) (0,-1) (98,-13) (75,8) (97,-14) (77,6) (76,7) (96,-18) (78,3) (79,1) (80,-3) (81,-5) (82,-8) (83,-12) (84,-15) (85,-17) (86,-19) (87,-21) (88,-24) (89,-25) (90,-27) (91,-27) (92,-27) (93,-27) (94,-25) (95,-22) 
TD 5 :
(99,-9) (74,9) (9,15) (8,15) (7,14) (3,9) (2,6) (1,3) (0,-1) (73,9) (10,14) (72,9) (11,12) (71,8) (43,9) (12,10) (41,9) (40,9) (39,9) (13,7) (14,6) (15,3) (16,0) (17,-3) (18,-5) (19,-7) (20,-10) (21,-13) (22,-16) (23,-18) (24,-19) (25,-20) (26,-21) (27,-20) (28,-19) (29,-16) (30,-15) (31,-12) (32,-10) (33,-6) (34,-3) (35,-1) (36,2) (37,5) (38,7) 
(99,-9) (74,9) (9,15) (8,15) (7,14) (3,9) (2,6) (1,3) (0,-1) (73,9) (10,14) (72,9) (11,12) (71,8) (43,9) (12,10) (41,9) (40,9) (39,9) (13,7) 
(99,-9) (74,9) (9,15) (8,15) (7,14) (3,9) (2,6) (1,3) (0,-1) (73,9) (10,14) (72,9) (11,12) (71,8) (43,9) (12,10) (41,9) (40,9) (39,9) (13,7) 
(99,-9) (74,9) (9,15) (8,15) (7,14) (3,9) (2,6) (1,3) (0,-1) (73,9) (10,14) (72,9) (11,12) (71,8) (43,9) (12,10) (41,9) (40,9) (39,9) (13,7) (42,8) 
(99,-9) (74,9) (9,15) (8,15) (7,14) (3,9) (2,6) (1,3) (0,-1) (73,9) (10,14) (72,9) (11,12) (71,8) (43,9) (12,10) (70,6) (44,6) (45,4) (46,2) (47,-2) (48,-5) (49,-8) (50,-10) (51,-14) (52,-16) (53,-17) (54,-19) (55,-21) (56,-22) (57,-22) (58,-24) (59,-24) (60,-22) (61,-19) (62,-18) (63,-16) (64,-12) (65,-9) (66,-5) (67,-3) (68,0) (69,3) 
(99,-9) (74,9) (9,15) (8,15) (7,14) (3,9) (2,6) (1,3) (0,-1) (73,9) (10,14) (72,9) (11,12) (71,8) (43,9) (12,10) (70,6) 
(99,-9) (74,9) (9,15) (8,15) (7,14) (3,9) (2,6) (1,3) (0,-1) (98,-13) (75,8) (97,-14) (77,6) (76,7) (96,-18) (78,3) (95,-22) (79,1) 
(99,-9) (74,9) (9,15) (8,15) (7,14) (3,9) (2,6) (1,3) (0,-1) (98,-13) (75,8) (97,-14) (77,6) (76,7) (96,-18) (78,3) (95,-22) (79,1) (80,-3) (81,-5) (82,-8) (83,-12) (84,-15) (85,-17) (86,-19) (87,-21) (88,-24) (89,-25) (90,-27) (91,-27) (92,-27) (93,-27) (94,-25) 
TD 6 :
(99,-9) (74,9) (9,15) (8,15) (7,14) (3,9) (2,6) (1,3) (0,-1) (73,9) (10,14) (72,9) (11,12) (71,8) (43,9) (12,10) (41,9) (40,9) (39,9) (13,7) (14,6) (15,3) (16,0) (17,-3) (18,-5) (19,-7) (20,-10) (21,-13) (22,-16) (23,-18) (24,-19) (25,-20) (26,-21) (27,-20) (28,-19) (29,-16) (30,-15) (31,-12) (32,-10) (33,-6) (34,-3) (35,-1) (36,2) (37,5) (38,7) 
(99,-9) (74,9) (9,15) (8,15) (7,14) (3,9) (2,6) (1,3) (0,-1) (73,9) (10,14) (72,9) (11,12) (71,8) (43,9) (12,10) (41,9) (40,9) (39,9) (13,7) (42,8) 
(99,-9) (74,9) (9,15) (8,15) (7,14) (3,9) (2,6) (1,3) (0,-1) (73,9) (10,14) (72,9) (11,12) (71,8) (43,9) (12,10) (41,9) (40,9) (39,9) (13,7) (42,8) 
(99,-9) (74,9) (9,15) (8,15) (7,14) (3,9) (2,6) (1,3) (0,-1) (73,9) (10,14) (72,9) (11,12) (71,8) (43,9) (12,10) (70,6) (69,3) (44,6) (45,4) (46,2) (47,-2) (48,-5) (49,-8) (50,-10) (51,-14) (52,-16) (53,-17) (54,-19) (55,-21) (56,-22) (57,-22) (58,-24) (59,-24) (60,-22) (61,-19) (62,-18) (63,-16) (64,-12) (65,-9) (66,-5) (67,-3) (68,0) 
(99,-9) (74,9) (9,15) (8,15) (7,14) (3,9) (2,6) (1,3) (0,-1) (73,9) (10,14) (72,9) (11,12) (71,8) (43,9) (12,10) (70,6) (69,3) 
(99,-9) (74,9) (9,15) (8,15) (7,14) (3,9) (2,6) (1,3) (0,-1) (98,-13) (75,8) (97,-14) (77,6) (76,7) (96,-18) (78,3) (95,-22) (79,1) (94,-25) (80,-3) 
(99,-9) (74,9) (9,15) (8,15) (7,14) (3,9) (2,6) (1,3) (0,-1) (98,-13) (75,8) (97,-14) (77,6) (76,7) (96,-18) (78,3) (95,-22) (79,1) (94,-25) (80,-3) (81,-5) (82,-8) (83,-12) (84,-15) (85,-17) (86,-19) (87,-21) (88,-24) (89,-25) (90,-27) (91,-27) (92,-27) (93,-27) 
TD 7 :
(99,-9) (74,9) (9,15) (8,15) (7,14) (3,9) (2,6) (1,3) (0,-1) (73,9) (10,14) (72,9) (11,12) (71,8) (43,9) (12,10) (41,9) (40,9) (39,9) (13,7) (14,6) (38,7) (15,3) (16,0) (17,-3) (18,-5) (19,-7) (20,-10) (21,-13) (22,-16) (23,-18) (24,-19) (25,-20) (26,-21) (27,-20) (28,-19) (29,-16) (30,-15) (31,-12) (32,-10) (33,-6) (34,-3) (35,-1) (36,2) (37,5) 
(99,-9) (74,9) (9,15) (8,15) (7,14) (3,9) (2,6) (1,3) (0,-1) (73,9) (10,14) (72,9) (11,12) (71,8) (43,9) (12,10) (41,9) (40,9) (39,9) (13,7) (14,6) (38,7) (15,3) 
(99,-9) (74,9) (9,15) (8,15) (7,14) (3,9) (2,6) (1,3) (0,-1) (73,9) (10,14) (72,9) (11,12) (71,8) (43,9) (12,10) (70,6) (69,3) (68,0) (44,6) 
(99,-9) (74,9) (9,15) (8,15) (7,14) (3,9) (2,6) (1,3) (0,-1) (73,9) (10,14) (72,9) (11,12) (71,8) (43,9) (12,10) (70,6) (69,3) (68,0) (44,6) (45,4) (46,2) (47,-2) (48,-5) (49,-8) (50,-10) (51,-14) (52,-16) (53,-17) (54,-19) (55,-21) (56,-22) (57,-22) (58,-24) (59,-24) (60,-22) (61,-19) (62,-18) (63,-16) (64,-12) (65,-9) (66,-5) (67,-3) 
(99,-9) (74,9) (9,15) (8,15) (7,14) (3,9) (2,6) (1,3) (0,-1) (73,9) (10,14) (72,9) (11,12) (71,8) (43,9) (12,10) (70,6) (69,3) (68,0) (44,6) 
(99,-9) (74,9) (9,15) (8,15) (7,14) (3,9) (2,6) (1,3) (0,-1) (98,-13) (75,8) (97,-14) (77,6) (76,7) (96,-18) (78,3) (95,-22) (79,1) (94,-25) (80,-3) (93,-27) (81,-5) 
(99,-9) (74,9) (9,15) (8,15) (7,14) (3,9) (2,6) (1,3) (0,-1) (98,-13) (75,8) (97,-14) (77,6) (76,7) (96,-18) (78,3) (95,-22) (79,1) (94,-25) (80,-3) (93,-27) (81,-5) (82,-8) (83,-12) (84,-15) (85,-17) (86,-19) (87,-21) (88,-24) (89,-25) (90,-27) (91,-27) (92,-27) 
TD 8 :
(99,-9) (74,9) (9,15) (8,15) (7,14) (3,9) (2,6) (1,3) (0,-1) (73,9) (10,14) (72,9) (11,12) (71,8) (43,9) (12,10) (41,9) (40,9) (39,9) (13,7) (14,6) (38,7) (15,3) (37,5) (16,0) (17,-3) (18,-5) (19,-7) (20,-10) (21,-13) (22,-16) (23,-18) (24,-19) (25,-20) (26,-21) (27,-20) (28,-19) (29,-16) (30,-15) (31,-12) (32,-10) (33,-6) (34,-3) (35,-1) (36,2) 
(99,-9) (74,9) (9,15) (8,15) (7,14) (3,9) (2,6) (1,3) (0,-1) (73,9) (10,14) (72,9) (11,12) (71,8) (43,9) (12,10) (41,9) (40,9) (39,9) (13,7) (14,6) (38,7) (15,3) (37,5) (16,0) 
(99,-9) (74,9) (9,15) (8,15) (7,14) (3,9) (2,6) (1,3) (0,-1) (73,9) (10,14) (72,9) (11,12) (71,8) (43,9) (12,10) (70,6) (69,3) (68,0) (44,6) (67,-3) (45,4) 
(99,-9) (74,9) (9,15) (8,15) (7,14) (3,9) (2,6) (1,3) (0,-1) (73,9) (10,14) (72,9) (11,12) (71,8) (43,9) (12,10) (70,6) (69,3) (68,0) (44,6) (67,-3) (45,4) (46,2) (47,-2) (48,-5) (49,-8) (50,-10) (51,-14) (52,-16) (53,-17) (54,-19) (55,-21) (56,-22) (57,-22) (58,-24) (59,-24) (60,-22) (61,-19) (62,-18) (63,-16) (64,-12) (65,-9) (66,-5) 
(99,-9) (74,9) (9,15) (8,15) (7,14) (3,9) (2,6) (1,3) (0,-1) (73,9) (10,14) (72,9) (11,12) (71,8) (43,9) (12,10) (70,6) (69,3) (68,0) (44,6) (67,-3) (45,4) 
(99,-9) (74,9) (9,15) (8,15) (7,14) (3,9) (2,6) (1,3) (0,-1) (98,-13) (75,8) (97,-14) (77,6) (76,7) (96,-18) (78,3) (95,-22) (79,1) (94,-25) (80,-3) (93,-27) (81,-5) (92,-27) (82,-8) 
(99,-9) (74,9) (9,15) (8,15) (7,14) (3,9) (2,6) (1,3) (0,-1) (98,-13) (75,8) (97,-14) (77,6) (76,7) (96,-18) (78,3) (95,-22) (79,1) (94,-25) (80,-3) (93,-27) (81,-5) (92,-27) (82,-8) (83,-12) (84,-15) (85,-17) (86,-19) (87,-21) (88,-24) (89,-25) (90,-27) (91,-27) 
TD 9 :
(99,-9) (74,9) (9,15) (8,15) (7,14) (3,9) (2,6) (1,3) (0,-1) (73,9) (10,14) (72,9) (11,12) (71,8) (43,9) (12,10) (41,9) (40,9) (39,9) (13,7) (14,6) (38,7) (15,3) (37,5) (16,0) (36,2) (17,-3) (18,-5) (19,-7) (20,-10) (21,-13) (22,-16) (23,-18) (24,-19) (25,-20) (26,-21) (27,-20) (28,-19) (29,-16) (30,-15) (31,-12) (32,-10) (33,-6) (34,-3) (35,-1) 
(99,-9) (74,9) (9,15) (8,15) (7,14) (3,9) (2,6) (1,3) (0,-1) (73,9) (10,14) (72,9) (11,12) (71,8) (43,9) (12,10) (41,9) (40,9) (39,9) (13,7) (14,6) (38,7) (15,3) (37,5) (16,0) (36,2) (17,-3) 
(99,-9) (74,9) (9,15) (8,15) (7,14) (3,9) (2,6) (1,3) (0,-1) (73,9) (10,14) (72,9) (11,12) (71,8) (43,9) (12,10) (70,6) (69,3) (68,0) (44,6) (67,-3) (45,4) (66,-5) (46,2) 
(99,-9) (74,9) (9,15) (8,15) (7,14) (3,9) (2,6) (1,3) (0,-1) (73,9) (10,14) (72,9) (11,12) (71,8) (43,9) (12,10) (70,6) (69,3) (68,0) (44,6) (67,-3) (45,4) (66,-5) (46,2) (47,-2) (48,-5) (49,-8) (50,-10) (51,-14) (52,-16) (53,-17) (54,-19) (55,-21) (56,-22) (57,-22) (58,-24) (59,-24) (60,-22) (61,-19) (62,-18) (63,-16) (64,-12) (65,-9) 
(99,-9) (74,9) (9,15) (8,15) (7,14) (3,9) (2,6) (1,3) (0,-1) (73,9) (10,14) (72,9) (11,12) (71,8) (43,9) (12,10) (70,6) (69,3) (68,0) (44,6) (67,-3) (45,4) (66,-5) (46,2) 
(99,-9) (74,9) (9,15) (8,15) (7,14) (3,9) (2,6) (1,3) (0,-1) (98,-13) (75,8) (97,-14) (77,6) (76,7) (96,-18) (78,3) (95,-22) (79,1) (94,-25) (80,-3) (93,-27) (81,-5) (92,-27) (82,-8) (91,-27) (83,-12) 
(99,-9) (74,9) (9,15) (8,15) (7,14) (3,9) (2,6) (1,3) (0,-1) (98,-13) (75,8) (97,-14) (77,6) (76,7) (96,-18) (78,3) (95,-22) (79,1) (94,-25) (80,-3) (93,-27) (81,-5) (92,-27) (82,-8) (91,-27) (83,-12) (84,-15) (85,-17) (86,-19) (87,-21) (88,-24) (89,-25) (90,-27) 
TD 10 :
(99,-9) (74,9) (9,15) (8,15) (7,14) (3,9) (2,6) (1,3) (0,-1) (73,9) (10,14) (72,9) (11,12) (71,8) (43,9) (12,10) (41,9) (40,9) (39,9) (13,7) (14,6) (38,7) (15,3) (37,5) (16,0) (36,2) (17,-3) (35,-1) (18,-5) (19,-7) (20,-10) (21,-13) (22,-16) (23,-18) (24,-19) (25,-20) (26,-21) (27,-20) (28,-19) (29,-16) (30,-15) (31,-12) (32,-10) (33,-6) (34,-3) 
(99,-9) (74,9) (9,15) (8,15) (7,14) (3,9) (2,6) (1,3) (0,-1) (73,9) (10,14) (72,9) (11,12) (71,8) (43,9) (12,10) (41,9) (40,9) (39,9) (13,7) (14,6) (38,7) (15,3) (37,5) (16,0) (36,2) (17,-3) (35,-1) (18,-5) 
(99,-9) (74,9) (9,15) (8,15) (7,14) (3,9) (2,6) (1,3) (0,-1) (73,9) (10,14) (72,9) (11,12) (71,8) (43,9) (12,10) (70,6) (69,3) (68,0) (44,6) (67,-3) (45,4) (66,-5) (46,2) (47,-2) 
(99,-9) (74,9) (9,15) (8,15) (7,14) (3,9) (2,6) (1,3) (0,-1) (73,9) (10,14) (72,9) (11,12) (71,8) (43,9) (12,10) (70,6) (69,3) (68,0) (44,6) (67,-3) (45,4) (66,-5) (46,2) (47,-2) (48,-5) (49,-8) (50,-10) (51,-14) (52,-16) (53,-17) (54,-19) (55,-21) (56,-22) (57,-22) (58,-24) (59,-24) (60,-22) (61,-19) (62,-18) (63,-16) (64,-12) (65,-9) 
(99,-9) (74,9) (9,15) (8,15) (7,14) (3,9) (2,6) (1,3) (0,-1) (98,-13) (75,8) (97,-14) (77,6) (76,7) (96,-18) (78,3) (95,-22) (79,1) (94,-25) (80,-3) (93,-27) (81,-5) (92,-27) (82,-8) (91,-27) (83,-12) (90,-27) (89,-25) (87,-21) (86,-19) (85,-17) (84,-15) 
(99,-9) (74,9) (9,15) (8,15) (7,14) (3,9) (2,6) (1,3) (0,-1) (98,-13) (75,8) (97,-14) (77,6) (76,7) (96,-18) (78,3) (95,-22) (79,1) (94,-25) (80,-3) (93,-27) (81,-5) (92,-27) (82,-8) (91,-27) (83,-12) (90,-27) (89,-25) (87,-21) (86,-19) (85,-17) (84,-15) 
(99,-9) (74,9) (9,15) (8,15) (7,14) (3,9) (2,6) (1,3) (0,-1) (98,-13) (75,8) (97,-14) (77,6) (76,7) (96,-18) (78,3) (95,-22) (79,1) (94,-25) (80,-3) (93,-27) (81,-5) (92,-27) (82,-8) (91,-27) (83,-12) (90,-27) (89,-25) (87,-21) (86,-19) (85,-17) (84,-15) 
(99,-9) (74,9) (9,15) (8,15) (7,14) (3,9) (2,6) (1,3) (0,-1) (98,-13) (75,8) (97,-14) (77,6) (76,7) (96,-18) (78,3) (95,-22) (79,1) (94,-25) (80,-3) (93,-27) (81,-5) (92,-27) (82,-8) (91,-27) (83,-12) (90,-27) (89,-25) (87,-21) (86,-19) (85,-17) (84,-15) 
(99,-9) (74,9) (9,15) (8,15) (7,14) (3,9) (2,6) (1,3) (0,-1) (98,-13) (75,8) (97,-14) (77,6) (76,7) (96,-18) (78,3) (95,-22) (79,1) (94,-25) (80,-3) (93,-27) (81,-5) (92,-27) (82,-8) (91,-27) (83,-12) (90,-27) (89,-25) (87,-21) (86,-19) (85,-17) (84,-15) (88,-24) 
(99,-9) (74,9) (9,15) (8,15) (7,14) (3,9) (2,6) (1,3) (0,-1) (98,-13) (75,8) (97,-14) (77,6) (76,7) (96,-18) (78,3) (95,-22) (79,1) (94,-25) (80,-3) (93,-27) (81,-5) (92,-27) (82,-8) (91,-27) (83,-12) (90,-27) (89,-25) (87,-21) (86,-19) (85,-17) (84,-15) 
TD 11 :
(99,-9) (74,9) (9,15) (8,15) (7,14) (3,9) (2,6) (1,3) (0,-1) (73,9) (10,14) (72,9) (11,12) (71,8) (43,9) (12,10) (41,9) (40,9) (39,9) (13,7) (14,6) (38,7) (15,3) (37,5) (16,0) (36,2) (17,-3) (35,-1) (18,-5) (34,-3) (19,-7) (20,-10) (21,-13) (22,-16) (23,-18) (24,-19) (25,-20) (26,-21) (27,-20) (28,-19) (29,-16) (30,-15) (31,-12) (32,-10) (33,-6) 
(99,-9) (74,9) (9,15) (8,15) (7,14) (3,9) (2,6) (1,3) (0,-1) (73,9) (10,14) (72,9) (11,12) (71,8) (43,9) (12,10) (41,9) (40,9) (39,9) (13,7) (14,6) (38,7) (15,3) (37,5) (16,0) (36,2) (17,-3) (35,-1) (18,-5) (34,-3) (19,-7) 
(99,-9) (74,9) (9,15) (8,15) (7,14) (3,9) (2,6) (1,3) (0,-1) (73,9) (10,14) (72,9) (11,12) (71,8) (43,9) (12,10) (70,6) (69,3) (68,0) (44,6) (67,-3) (45,4) (66,-5) (46,2) (47,-2) (65,-9) (48,-5) 
(99,-9) (74,9) (9,15) (8,15) (7,14) (3,9) (2,6) (1,3) (0,-1) (73,9) (10,14) (72,9) (11,12) (71,8) (43,9) (12,10) (70,6) (69,3) (68,0) (44,6) (67,-3) (45,4) (66,-5) (46,2) (47,-2) (65,-9) (48,-5) (49,-8) (50,-10) (51,-14) (52,-16) (53,-17) (54,-19) (55,-21) (56,-22) (57,-22) (58,-24) (59,-24) (60,-22) (61,-19) (62,-18) (63,-16) (64,-12) 
(99,-9) (74,9) (9,15) (8,15) (7,14) (3,9) (2,6) (1,3) (0,-1) (73,9) (10,14) (72,9) (11,12) (71,8) (43,9) (12,10) (70,6) (69,3) (68,0) (44,6) (67,-3) (45,4) (66,-5) (46,2) (47,-2) (65,-9) (48,-5) 
(99,-9) (74,9) (9,15) (8,15) (7,14) (3,9) (2,6) (1,3) (0,-1) (98,-13) (75,8) (97,-14) (77,6) (76,7) (96,-18) (78,3) (95,-22) (79,1) (94,-25) (80,-3) (93,-27) (81,-5) (92,-27) (82,-8) (91,-27) (83,-12) (90,-27) (89,-25) (87,-21) (86,-19) (85,-17) (84,-15) (88,-24) 
TD 12 :
(99,-9) (74,9) (9,15) (8,15) (7,14) (3,9) (2,6) (1,3) (0,-1) (73,9) (10,14) (72,9) (11,12) (71,8) (43,9) (12,10) (41,9) (40,9) (39,9) (13,7) (14,6) (38,7) (15,3) (37,5) (16,0) (36,2) (17,-3) (35,-1) (18,-5) (34,-3) (19,-7) (33,-6) (20,-10) (21,-13) (22,-16) (23,-18) (24,-19) (25,-20) (26,-21) (27,-20) (28,-19) (29,-16) (30,-15) (31,-12) (32,-10) 
(99,-9) (74,9) (9,15) (8,15) (7,14) (3,9) (2,6) (1,3) (0,-1) (73,9) (10,14) (72,9) (11,12) (71,8) (43,9) (12,10) (41,9) (40,9) (39,9) (13,7) (14,6) (38,7) (15,3) (37,5) (16,0) (36,2) (17,-3) (35,-1) (18,-5) (34,-3) (19,-7) (33,-6) (20,-10) 
(99,-9) (74,9) (9,15) (8,15) (7,14) (3,9) (2,6) (1,3) (0,-1) (73,9) (10,14) (72,9) (11,12) (71,8) (43,9) (12,10) (70,6) (69,3) (68,0) (44,6) (67,-3) (45,4) (66,-5) (46,2) (47,-2) (65,-9) (48,-5) (64,-12) (49,-8) 
(99,-9) (74,9) (9,15) (8,15) (7,14) (3,9) (2,6) (1,3) (0,-1) (73,9) (10,14) (72,9) (11,12) (71,8) (43,9) (12,10) (70,6) (69,3) (68,0) (44,6) (67,-3) (45,4) (66,-5) (46,2) (47,-2) (65,-9) (48,-5) (64,-12) (49,-8) (50,-10) (51,-14) (52,-16) (53,-17) (54,-19) (55,-21) (56,-22) (57,-22) (58,-24) (59,-24) (60,-22) (61,-19) (62,-18) (63,-16) 
TD 13 :
(99,-9) (74,9) (9,15) (8,15) (7,14) (3,9) (2,6) (1,3) (0,-1) (73,9) (10,14) (72,9) (11,12) (71,8) (43,9) (12,10) (41,9) (40,9) (39,9) (13,7) (14,6) (38,7) (15,3) (37,5) (16,0) (36,2) (17,-3) (35,-1) (18,-5) (34,-3) (19,-7) (33,-6) (20,-10) (32,-10) (21,-13) (22,-16) (23,-18) (24,-19) (25,-20) (26,-21) (27,-20) (28,-19) (29,-16) (30,-15) (31,-12) 
(99,-9) (74,9) (9,15) (8,15) (7,14) (3,9) (2,6) (1,3) (0,-1) (73,9) (10,14) (72,9) (11,12) (71,8) (43,9) (12,10) (41,9) (40,9) (39,9) (13,7) (14,6) (38,7) (15,3) (37,5) (16,0) (36,2) (17,-3) (35,-1) (18,-5) (34,-3) (19,-7) (33,-6) (20,-10) (32,-10) (21,-13) 
(99,-9) (74,9) (9,15) (8,15) (7,14) (3,9) (2,6) (1,3) (0,-1) (73,9) (10,14) (72,9) (11,12) (71,8) (43,9) (12,10) (70,6) (69,3) (68,0) (44,6) (67,-3) (45,4) (66,-5) (46,2) (47,-2) (65,-9) (48,-5) (64,-12) (49,-8) (63,-16) (50,-10) 
(99,-9) (74,9) (9,15) (8,15) (7,14) (3,9) (2,6) (1,3) (0,-1) (73,9) (10,14) (72,9) (11,12) (71,8) (43,9) (12,10) (70,6) (69,3) (68,0) (44,6) (67,-3) (45,4) (66,-5) (46,2) (47,-2) (65,-9) (48,-5) (64,-12) (49,-8) (63,-16) (50,-10) (51,-14) (52,-16) (53,-17) (54,-19) (55,-21) (56,-22) (57,-22) (58,-24) (59,-24) (60,-22) (61,-19) (62,-18) 
TD 14 :
(99,-9) (74,9) (9,15) (8,15) (7,14) (3,9) (2,6) (1,3) (0,-1) (73,9) (10,14) (72,9) (11,12) (71,8) (43,9) (12,10) (41,9) (40,9) (39,9) (13,7) (14,6) (38,7) (15,3) (37,5) (16,0) (36,2) (17,-3) (35,-1) (18,-5) (34,-3) (19,-7) (33,-6) (20,-10) (32,-10) (21,-13) (31,-12) (22,-16) (23,-18) (24,-19) (25,-20) (26,-21) (27,-20) (28,-19) (29,-16) (30,-15) 
(99,-9) (74,9) (9,15) (8,15) (7,14) (3,9) (2,6) (1,3) (0,-1) (73,9) (10,14) (72,9) (11,12) (71,8) (43,9) (12,10) (41,9) (40,9) (39,9) (13,7) (14,6) (38,7) (15,3) (37,5) (16,0) (36,2) (17,-3) (35,-1) (18,-5) (34,-3) (19,-7) (33,-6) (20,-10) (32,-10) (21,-13) (31,-12) (22,-16) 
(99,-9) (74,9) (9,15) (8,15) (7,14) (3,9) (2,6) (1,3) (0,-1) (73,9) (10,14) (72,9) (11,12) (71,8) (43,9) (12,10) (70,6) (69,3) (68,0) (44,6) (67,-3) (45,4) (66,-5) (46,2) (47,-2) (65,-9) (48,-5) (64,-12) (49,-8) (63,-16) (50,-10) (62,-18) (51,-14) 
(99,-9) (74,9) (9,15) (8,15) (7,14) (3,9) (2,6) (1,3) (0,-1) (73,9) (10,14) (72,9) (11,12) (71,8) (43,9) (12,10) (70,6) (69,3) (68,0) (44,6) (67,-3) (45,4) (66,-5) (46,2) (47,-2) (65,-9) (48,-5) (64,-12) (49,-8) (63,-16) (50,-10) (62,-18) (51,-14) (52,-16) (53,-17) (54,-19) (55,-21) (56,-22) (57,-22) (58,-24) (59,-24) (60,-22) (61,-19) 
TD 15 :
(99,-9) (74,9) (9,15) (8,15) (7,14) (3,9) (2,6) (1,3) (0,-1) (73,9) (10,14) (72,9) (11,12) (71,8) (43,9) (12,10) (41,9) (40,9) (39,9) (13,7) (14,6) (38,7) (15,3) (37,5) (16,0) (36,2) (17,-3) (35,-1) (18,-5) (34,-3) (19,-7) (33,-6) (20,-10) (32,-10) (21,-13) (31,-12) (22,-16) (30,-15) (23,-18) (24,-19) (25,-20) (26,-21) (27,-20) (28,-19) (29,-16) 
(99,-9) (74,9) (9,15) (8,15) (7,14) (3,9) (2,6) (1,3) (0,-1) (73,9) (10,14) (72,9) (11,12) (71,8) (43,9) (12,10) (41,9) (40,9) (39,9) (13,7) (14,6) (38,7) (15,3) (37,5) (16,0) (36,2) (17,-3) (35,-1) (18,-5) (34,-3) (19,-7) (33,-6) (20,-10) (32,-10) (21,-13) (31,-12) (22,-16) (30,-15) (23,-18) 
(99,-9) (74,9) (9,15) (8,15) (7,14) (3,9) (2,6) (1,3) (0,-1) (73,9) (10,14) (72,9) (11,12) (71,8) (43,9) (12,10) (70,6) (69,3) (68,0) (44,6) (67,-3) (45,4) (66,-5) (46,2) (47,-2) (65,-9) (48,-5) (64,-12) (49,-8) (63,-16) (50,-10) (62,-18) (51,-14) (61,-19) (52,-16) 
(99,-9) (74,9) (9,15) (8,15) (7,14) (3,9) (2,6) (1,3) (0,-1) (73,9) (10,14) (72,9) (11,12) (71,8) (43,9) (12,10) (70,6) (69,3) (68,0) (44,6) (67,-3) (45,4) (66,-5) (46,2) (47,-2) (65,-9) (48,-5) (64,-12) (49,-8) (63,-16) (50,-10) (62,-18) (51,-14) (61,-19) (52,-16) (53,-17) (54,-19) (55,-21) (56,-22) (57,-22) (58,-24) (59,-24) (60,-22) 
TD 16 :
(99,-9) (74,9) (9,15) (8,15) (7,14) (3,9) (2,6) (1,3) (0,-1) (73,9) (10,14) (72,9) (11,12) (71,8) (43,9) (12,10) (41,9) (40,9) (39,9) (13,7) (14,6) (38,7) (15,3) (37,5) (16,0) (36,2) (17,-3) (35,-1) (18,-5) (34,-3) (19,-7) (33,-6) (20,-10) (32,-10) (21,-13) (31,-12) (22,-16) (30,-15) (23,-18) (29,-16) (24,-19) (25,-20) (26,-21) (27,-20) (28,-19) 
(99,-9) (74,9) (9,15) (8,15) (7,14) (3,9) (2,6) (1,3) (0,-1) (73,9) (10,14) (72,9) (11,12) (71,8) (43,9) (12,10) (41,9) (40,9) (39,9) (13,7) (14,6) (38,7) (15,3) (37,5) (16,0) (36,2) (17,-3) (35,-1) (18,-5) (34,-3) (19,-7) (33,-6) (20,-10) (32,-10) (21,-13) (31,-12) (22,-16) (30,-15) (23,-18) (29,-16) (24,-19) 
(99,-9) (74,9) (9,15) (8,15) (7,14) (3,9) (2,6) (1,3) (0,-1) (73,9) (10,14) (72,9) (11,12) (71,8) (43,9) (12,10) (70,6) (69,3) (68,0) (44,6) (67,-3) (45,4) (66,-5) (46,2) (47,-2) (65,-9) (48,-5) (64,-12) (49,-8) (63,-16) (50,-10) (62,-18) (51,-14) (61,-19) (52,-16) (60,-22) (53,-17) 
(99,-9) (74,9) (9,15) (8,15) (7,14) (3,9) (2,6) (1,3) (0,-1) (73,9) (10,14) (72,9) (11,12) (71,8) (43,9) (12,10) (70,6) (69,3) (68,0) (44,6) (67,-3) (45,4) (66,-5) (46,2) (47,-2) (65,-9) (48,-5) (64,-12) (49,-8) (63,-16) (50,-10) (62,-18) (51,-14) (61,-19) (52,-16) (60,-22) (53,-17) (54,-19) (55,-21) (56,-22) (57,-22) (58,-24) (59,-24) 
TD 17 :
(99,-9) (74,9) (9,15) (8,15) (7,14) (3,9) (2,6) (1,3) (0,-1) (73,9) (10,14) (72,9) (11,12) (71,8) (43,9) (12,10) (41,9) (40,9) (39,9) (13,7) (14,6) (38,7) (15,3) (37,5) (16,0) (36,2) (17,-3) (35,-1) (18,-5) (34,-3) (19,-7) (33,-6) (20,-10) (32,-10) (21,-13) (31,-12) (22,-16) (30,-15) (23,-18) (29,-16) (24,-19) (28,-19) (25,-20) (26,-21) (27,-20) 
(99,-9) (74,9) (9,15) (8,15) (7,14) (3,9) (2,6) (1,3) (0,-1) (73,9) (10,14) (72,9) (11,12) (71,8) (43,9) (12,10) (41,9) (40,9) (39,9) (13,7) (14,6) (38,7) (15,3) (37,5) (16,0) (36,2) (17,-3) (35,-1) (18,-5) (34,-3) (19,-7) (33,-6) (20,-10) (32,-10) (21,-13) (31,-12) (22,-16) (30,-15) (23,-18) (29,-16) (24,-19) (28,-19) (25,-20) 
(99,-9) (74,9) (9,15) (8,15) (7,14) (3,9) (2,6) (1,3) (0,-1) (73,9) (10,14) (72,9) (11,12) (71,8) (43,9) (12,10) (70,6) (69,3) (68,0) (44,6) (67,-3) (45,4) (66,-5) (46,2) (47,-2) (65,-9) (48,-5) (64,-12) (49,-8) (63,-16) (50,-10) (62,-18) (51,-14) (61,-19) (52,-16) (60,-22) (53,-17) (59,-24) (57,-22) (54,-19) 
(99,-9) (74,9) (9,15) (8,15) (7,14) (3,9) (2,6) (1,3) (0,-1) (73,9) (10,14) (72,9) (11,12) (71,8) (43,9) (12,10) (70,6) (69,3) (68,0) (44,6) (67,-3) (45,4) (66,-5) (46,2) (47,-2) (65,-9) (48,-5) (64,-12) (49,-8) (63,-16) (50,-10) (62,-18) (51,-14) (61,-19) (52,-16) (60,-22) (53,-17) (59,-24) (57,-22) (54,-19) (55,-21) (56,-22) 
(99,-9) (74,9) (9,15) (8,15) (7,14) (3,9) (2,6) (1,3) (0,-1) (73,9) (10,14) (72,9) (11,12) (71,8) (43,9) (12,10) (70,6) (69,3) (68,0) (44,6) (67,-3) (45,4) (66,-5) (46,2) (47,-2) (65,-9) (48,-5) (64,-12) (49,-8) (63,-16) (50,-10) (62,-18) (51,-14) (61,-19) (52,-16) (60,-22) (53,-17) (59,-24) (57,-22) (54,-19) (58,-24) 
TD 18 :
(99,-9) (74,9) (9,15) (8,15) (7,14) (3,9) (2,6) (1,3) (0,-1) (73,9) (10,14) (72,9) (11,12) (71,8) (43,9) (12,10) (41,9) (40,9) (39,9) (13,7) (14,6) (38,7) (15,3) (37,5) (16,0) (36,2) (17,-3) (35,-1) (18,-5) (34,-3) (19,-7) (33,-6) (20,-10) (32,-10) (21,-13) (31,-12) (22,-16) (30,-15) (23,-18) (29,-16) (24,-19) (28,-19) (25,-20) (27,-20) (26,-21) 
(99,-9) (74,9) (9,15) (8,15) (7,14) (3,9) (2,6) (1,3) (0,-1) (73,9) (10,14) (72,9) (11,12) (71,8) (43,9) (12,10) (41,9) (40,9) (39,9) (13,7) (14,6) (38,7) (15,3) (37,5) (16,0) (36,2) (17,-3) (35,-1) (18,-5) (34,-3) (19,-7) (33,-6) (20,-10) (32,-10) (21,-13) (31,-12) (22,-16) (30,-15) (23,-18) (29,-16) (24,-19) (28,-19) (25,-20) (27,-20) (26,-21) 
(99,-9) (74,9) (9,15) (8,15) (7,14) (3,9) (2,6) (1,3) (0,-1) (73,9) (10,14) (72,9) (11,12) (71,8) (43,9) (12,10) (70,6) (69,3) (68,0) (44,6) (67,-3) (45,4) (66,-5) (46,2) (47,-2) (65,-9) (48,-5) (64,-12) (49,-8) (63,-16) (50,-10) (62,-18) (51,-14) (61,-19) (52,-16) (60,-22) (53,-17) (59,-24) (57,-22) (54,-19) (56,-22) (55,-21) 
(99,-9) (74,9) (9,15) (8,15) (7,14) (3,9) (2,6) (1,3) (0,-1) (73,9) (10,14) (72,9) (11,12) (71,8) (43,9) (12,10) (70,6) (69,3) (68,0) (44,6) (67,-3) (45,4) (66,-5) (46,2) (47,-2) (65,-9) (48,-5) (64,-12) (49,-8) (63,-16) (50,-10) (62,-18) (51,-14) (61,-19) (52,-16) (60,-22) (53,-17) (59,-24) (57,-22) (54,-19) (56,-22) (55,-21) 
(99,-9) (74,9) (9,15) (8,15) (7,14) (3,9) (2,6) (1,3) (0,-1) (73,9) (10,14) (72,9) (11,12) (71,8) (43,9) (12,10) (70,6) (69,3) (68,0) (44,6) (67,-3) (45,4) (66,-5) (46,2) (47,-2) (65,-9) (48,-5) (64,-12) (49,-8) (63,-16) (50,-10) (62,-18) (51,-14) (61,-19) (52,-16) (60,-22) (53,-17) (59,-24) (57,-22) (54,-19) (56,-22) (55,-21) 
(99,-9) (74,9) (9,15) (8,15) (7,14) (3,9) (2,6) (1,3) (0,-1) (73,9) (10,14) (72,9) (11,12) (71,8) (43,9) (12,10) (70,6) (69,3) (68,0) (44,6) (67,-3) (45,4) (66,-5) (46,2) (47,-2) (65,-9) (48,-5) (64,-12) (49,-8) (63,-16) (50,-10) (62,-18) (51,-14) (61,-19) (52,-16) (60,-22) (53,-17) (59,-24) (57,-22) (54,-19) (58,-24) 
Pocket 0 :
()
Pocket 1 :
({  (0,-1) ,(1,3) } {  (0,-1) ,(1,3) } {  (0,-1) ,(1,3) } {  (0,-1) ,(1,3) } {  (0,-1) ,(1,3) } {  (0,-1) ,(1,3) } {  (0,-1) ,(1,3) } {  (0,-1) ,(1,3) } {  (0,-1) ,(1,3) } {  (0,-1) ,(1,3) } {  (0,-1) ,(1,3) } {  (0,-1) ,(1,3) } {  (0,-1) ,(1,3) } {  (0,-1) ,(1,3) } {  (0,-1) ,(1,3) } {  (0,-1) ,(1,3) } )
Pocket 2 :
({  (4,8) ,(0,-1) } {  (6,12) ,(5,10) } {  (4,8) ,(0,-1) } {  (6,12) ,(5,10) } {  (4,8) ,(0,-1) } {  (6,12) ,(5,10) } {  (11,12) ,(10,14) } {  (11,12) ,(10,14) } {  (11,12) ,(10,14) } {  (76,7) ,(75,8) } {  (76,7) ,(75,8) } )
Pocket 3 :
({  (11,12) ,(10,14) } {  (99,-9) ,(72,9) } {  (11,12) ,(10,14) } {  (99,-9) ,(72,9) } {  (77,6) ,(76,7) } {  (77,6) ,(76,7) } {  (77,6) ,(76,7) } )
Pocket 4 :
({  (12,10) ,(11,12) } {  (44,6) ,(43,9) } {  (12,10) ,(11,12) } {  (44,6) ,(43,9) } {  (12,10) ,(11,12) } {  (44,6) ,(43,9) } {  (79,1) ,(78,3) } {  (79,1) ,(78,3) } )
Pocket 5 :
({  (13,7) ,(12,10) } {  (40,9) ,(39,9) } {  (13,7) ,(12,10) } {  (40,9) ,(39,9) } {  (13,7) ,(12,10) } {  (40,9) ,(39,9) } {  (13,7) ,(12,10) } {  (40,9) ,(39,9) } {  (99,-9) ,(70,6) } {  (99,-9) ,(70,6) } {  (80,-3) ,(79,1) } {  (80,-3) ,(79,1) } )
Pocket 6 :
({  (14,6) ,(13,7) } {  (99,-9) ,(42,8) } {  (99,-9) ,(42,8) } {  (99,-9) ,(69,3) } {  (99,-9) ,(69,3) } {  (81,-5) ,(80,-3) } {  (81,-5) ,(80,-3) } )
Pocket 7 :
({  (15,3) ,(14,6) } {  (99,-9) ,(38,7) } {  (15,3) ,(14,6) } {  (99,-9) ,(38,7) } {  (45,4) ,(44,6) } {  (45,4) ,(44,6) } {  (45,4) ,(44,6) } {  (82,-8) ,(81,-5) } {  (82,-8) ,(81,-5) } )
Pocket 8 :
({  (16,0) ,(15,3) } {  (99,-9) ,(37,5) } {  (16,0) ,(15,3) } {  (99,-9) ,(37,5) } {  (46,2) ,(45,4) } {  (46,2) ,(45,4) } {  (46,2) ,(45,4) } {  (83,-12) ,(82,-8) } {  (83,-12) ,(82,-8) } )
Pocket 9 :
({  (17,-3) ,(16,0) } {  (99,-9) ,(36,2) } {  (17,-3) ,(16,0) } {  (99,-9) ,(36,2) } {  (47,-2) ,(46,2) } {  (47,-2) ,(46,2) } {  (47,-2) ,(46,2) } {  (84,-15) ,(83,-12) } {  (84,-15) ,(83,-12) } )
Pocket 10 :
({  (18,-5) ,(17,-3) } {  (99,-9) ,(35,-1) } {  (18,-5) ,(17,-3) } {  (99,-9) ,(35,-1) } {  (48,-5) ,(47,-2) } {  (48,-5) ,(47,-2) } {  (85,-17) ,(84,-15) } {  (85,-17) ,(84,-15) } {  (85,-17) ,(84,-15) } {  (85,-17) ,(84,-15) } {  (85,-17) ,(84,-15) } {  (85,-17) ,(84,-15) } )
Pocket 11 :
({  (19,-7) ,(18,-5) } {  (99,-9) ,(34,-3) } {  (19,-7) ,(18,-5) } {  (99,-9) ,(34,-3) } {  (49,-8) ,(48,-5) } {  (49,-8) ,(48,-5) } {  (49,-8) ,(48,-5) } {  (99,-9) ,(88,-24) } )
Pocket 12 :
({  (20,-10) ,(19,-7) } {  (99,-9) ,(33,-6) } {  (20,-10) ,(19,-7) } {  (99,-9) ,(33,-6) } {  (50,-10) ,(49,-8) } {  (50,-10) ,(49,-8) } )
Pocket 13 :
({  (21,-13) ,(20,-10) } {  (99,-9) ,(32,-10) } {  (21,-13) ,(20,-10) } {  (99,-9) ,(32,-10) } {  (51,-14) ,(50,-10) } {  (51,-14) ,(50,-10) } )
Pocket 14 :
({  (22,-16) ,(21,-13) } {  (99,-9) ,(31,-12) } {  (22,-16) ,(21,-13) } {  (99,-9) ,(31,-12) } {  (52,-16) ,(51,-14) } {  (52,-16) ,(51,-14) } )
Pocket 15 :
({  (23,-18) ,(22,-16) } {  (99,-9) ,(30,-15) } {  (23,-18) ,(22,-16) } {  (99,-9) ,(30,-15) } {  (53,-17) ,(52,-16) } {  (53,-17) ,(52,-16) } )
Pocket 16 :
({  (24,-19) ,(23,-18) } {  (99,-9) ,(29,-16) } {  (24,-19) ,(23,-18) } {  (99,-9) ,(29,-16) } {  (54,-19) ,(53,-17) } {  (54,-19) ,(53,-17) } )
Pocket 17 :
({  (25,-20) ,(24,-19) } {  (99,-9) ,(28,-19) } {  (25,-20) ,(24,-19) } {  (99,-9) ,(28,-19) } {  (55,-21) ,(54,-19) } {  (55,-21) ,(54,-19) } {  (55,-21) ,(54,-19) } )
