2 layers in onion peeling: 
Layer 1
(9,1) (7,2) (1,1) (0,0) 
Layer 2
(8,-1) (6,0) (4,1) (3,0) (2,-1) 
---------------------------------------------------------------------------------------
TD 0 :
(9,1) (8,-1) (7,2) (6,0) (5,-1) (4,1) (3,0) (2,-1) (1,1) (0,0) 
TD 1 :
(9,1) (7,2) (1,1) (0,0) 
(9,1) (7,2) (1,1) (0,0) (2,-1) (3,0) (4,1) (5,-1) (6,0) 
(9,1) (7,2) (1,1) (0,0) (8,-1) 
TD 2 :
(9,1) (7,2) (1,1) (0,0) (6,0) (4,1) (3,0) (2,-1) 
(9,1) (7,2) (1,1) (0,0) (6,0) (4,1) (3,0) (2,-1) 
(9,1) (7,2) (1,1) (0,0) (6,0) (4,1) (3,0) (2,-1) (5,-1) 
(9,1) (7,2) (1,1) (0,0) (6,0) (4,1) (3,0) (2,-1) 
(9,1) (7,2) (1,1) (0,0) (8,-1) 
Pocket 0 :
()
Pocket 1 :
({  (0,0) ,(1,1) } {  (0,0) ,(1,1) } {  (0,0) ,(1,1) } {  (0,0) ,(1,1) } {  (0,0) ,(1,1) } {  (0,0) ,(1,1) } )
