18 layers in onion peeling: 
Layer 1
(99,11) (75,22) (74,22) (7,18) (6,17) (4,13) (3,11) (2,8) (1,5) (0,0) 
Layer 2
(98,7) (77,20) (76,20) (73,20) (8,18) (5,14) 
Layer 3
(97,3) (78,18) (72,19) (41,19) (9,18) 
Layer 4
(96,0) (79,16) (71,17) (43,18) (40,18) (10,17) 
Layer 5
(95,-2) (80,12) (70,17) (45,17) (44,17) (42,17) (11,15) 
Layer 6
(94,-3) (81,10) (69,15) (39,16) (12,12) 
Layer 7
(93,-5) (82,7) (68,12) (46,15) (38,14) (13,10) 
Layer 8
(92,-5) (83,5) (47,13) (37,12) (14,7) 
Layer 9
(91,-6) (84,2) (67,8) (48,12) (15,6) 
Layer 10
(90,-6) (86,-1) (66,6) (49,9) (36,9) (16,1) 
Layer 11
(89,-5) (88,-4) (87,-3) (85,-1) (65,4) (50,6) (35,6) (17,-3) 
Layer 12
(64,-1) (51,2) (34,1) (18,-6) 
Layer 13
(63,-4) (52,0) (33,-2) (19,-10) 
Layer 14
(62,-7) (53,-3) (32,-7) (20,-12) 
Layer 15
(61,-10) (54,-6) (31,-9) (21,-15) 
Layer 16
(60,-11) (55,-9) (30,-12) (23,-16) (22,-17) 
Layer 17
(59,-12) (56,-10) (29,-13) (24,-19) 
Layer 18
(58,-13) (57,-12) (28,-15) (25,-18) 
---------------------------------------------------------------------------------------
TD 0 :
(99,11) (98,7) (97,3) (96,0) (95,-2) (94,-3) (93,-5) (92,-5) (91,-6) (90,-6) (89,-5) (88,-4) (87,-3) (86,-1) (85,-1) (84,2) (83,5) (82,7) (81,10) (80,12) (79,16) (78,18) (77,20) (76,20) (75,22) (74,22) (73,20) (72,19) (71,17) (70,17) (69,15) (68,12) (67,8) (66,6) (65,4) (64,-1) (63,-4) (62,-7) (61,-10) (60,-11) (59,-12) (58,-13) (57,-12) (56,-10) (55,-9) (54,-6) (53,-3) (52,0) (51,2) (50,6) (49,9) (48,12) (47,13) (46,15) (45,17) (44,17) (43,18) (42,17) (41,19) (40,18) (39,16) (38,14) (37,12) (36,9) (35,6) (34,1) (33,-2) (32,-7) (31,-9) (30,-12) (29,-13) (28,-15) (27,-17) (26,-18) (25,-18) (24,-19) (23,-16) (22,-17) (21,-15) (20,-12) (19,-10) (18,-6) (17,-3) (16,1) (15,6) (14,7) (13,10) (12,12) (11,15) (10,17) (9,18) (8,18) (7,18) (6,17) (5,14) (4,13) (3,11) (2,8) (1,5) (0,0) 
TD 1 :
(99,11) (75,22) (74,22) (7,18) (6,17) (4,13) (3,11) (2,8) (1,5) (0,0) 
(99,11) (75,22) (74,22) (7,18) (6,17) (4,13) (3,11) (2,8) (1,5) (0,0) 
(99,11) (75,22) (74,22) (7,18) (6,17) (4,13) (3,11) (2,8) (1,5) (0,0) 
(99,11) (75,22) (74,22) (7,18) (6,17) (4,13) (3,11) (2,8) (1,5) (0,0) 
(99,11) (75,22) (74,22) (7,18) (6,17) (4,13) (3,11) (2,8) (1,5) (0,0) (5,14) 
(99,11) (75,22) (74,22) (7,18) (6,17) (4,13) (3,11) (2,8) (1,5) (0,0) 
(99,11) (75,22) (74,22) (7,18) (6,17) (4,13) (3,11) (2,8) (1,5) (0,0) (8,18) (9,18) (10,17) (11,15) (12,12) (13,10) (14,7) (15,6) (16,1) (17,-3) (18,-6) (19,-10) (20,-12) (21,-15) (22,-17) (23,-16) (24,-19) (25,-18) (26,-18) (27,-17) (28,-15) (29,-13) (30,-12) (31,-9) (32,-7) (33,-2) (34,1) (35,6) (36,9) (37,12) (38,14) (39,16) (40,18) (41,19) (42,17) (43,18) (44,17) (45,17) (46,15) (47,13) (48,12) (49,9) (50,6) (51,2) (52,0) (53,-3) (54,-6) (55,-9) (56,-10) (57,-12) (58,-13) (59,-12) (60,-11) (61,-10) (62,-7) (63,-4) (64,-1) (65,4) (66,6) (67,8) (68,12) (69,15) (70,17) (71,17) (72,19) (73,20) 
(99,11) (75,22) (74,22) (7,18) (6,17) (4,13) (3,11) (2,8) (1,5) (0,0) 
(99,11) (75,22) (74,22) (7,18) (6,17) (4,13) (3,11) (2,8) (1,5) (0,0) (76,20) (77,20) (78,18) (79,16) (80,12) (81,10) (82,7) (83,5) (84,2) (85,-1) (86,-1) (87,-3) (88,-4) (89,-5) (90,-6) (91,-6) (92,-5) (93,-5) (94,-3) (95,-2) (96,0) (97,3) (98,7) 
TD 2 :
(99,11) (75,22) (74,22) (7,18) (6,17) (4,13) (3,11) (2,8) (1,5) (0,0) (5,14) 
(99,11) (75,22) (74,22) (7,18) (6,17) (4,13) (3,11) (2,8) (1,5) (0,0) (73,20) (8,18) 
(99,11) (75,22) (74,22) (7,18) (6,17) (4,13) (3,11) (2,8) (1,5) (0,0) (73,20) (8,18) (9,18) (10,17) (11,15) (12,12) (13,10) (14,7) (15,6) (16,1) (17,-3) (18,-6) (19,-10) (20,-12) (21,-15) (22,-17) (23,-16) (24,-19) (25,-18) (26,-18) (27,-17) (28,-15) (29,-13) (30,-12) (31,-9) (32,-7) (33,-2) (34,1) (35,6) (36,9) (37,12) (38,14) (39,16) (40,18) (41,19) (42,17) (43,18) (44,17) (45,17) (46,15) (47,13) (48,12) (49,9) (50,6) (51,2) (52,0) (53,-3) (54,-6) (55,-9) (56,-10) (57,-12) (58,-13) (59,-12) (60,-11) (61,-10) (62,-7) (63,-4) (64,-1) (65,4) (66,6) (67,8) (68,12) (69,15) (70,17) (71,17) (72,19) 
(99,11) (75,22) (74,22) (7,18) (6,17) (4,13) (3,11) (2,8) (1,5) (0,0) (73,20) (8,18) 
(99,11) (75,22) (74,22) (7,18) (6,17) (4,13) (3,11) (2,8) (1,5) (0,0) (98,7) (77,20) (76,20) 
(99,11) (75,22) (74,22) (7,18) (6,17) (4,13) (3,11) (2,8) (1,5) (0,0) (98,7) (77,20) (76,20) 
(99,11) (75,22) (74,22) (7,18) (6,17) (4,13) (3,11) (2,8) (1,5) (0,0) (98,7) (77,20) (76,20) (78,18) (79,16) (80,12) (81,10) (82,7) (83,5) (84,2) (85,-1) (86,-1) (87,-3) (88,-4) (89,-5) (90,-6) (91,-6) (92,-5) (93,-5) (94,-3) (95,-2) (96,0) (97,3) 
TD 3 :
(99,11) (75,22) (74,22) (7,18) (6,17) (4,13) (3,11) (2,8) (1,5) (0,0) (73,20) (8,18) (72,19) (41,19) (9,18) (10,17) (11,15) (12,12) (13,10) (14,7) (15,6) (16,1) (17,-3) (18,-6) (19,-10) (20,-12) (21,-15) (22,-17) (23,-16) (24,-19) (25,-18) (26,-18) (27,-17) (28,-15) (29,-13) (30,-12) (31,-9) (32,-7) (33,-2) (34,1) (35,6) (36,9) (37,12) (38,14) (39,16) (40,18) 
(99,11) (75,22) (74,22) (7,18) (6,17) (4,13) (3,11) (2,8) (1,5) (0,0) (73,20) (8,18) (72,19) (41,19) (9,18) (42,17) (43,18) (44,17) (45,17) (46,15) (47,13) (48,12) (49,9) (50,6) (51,2) (52,0) (53,-3) (54,-6) (55,-9) (56,-10) (57,-12) (58,-13) (59,-12) (60,-11) (61,-10) (62,-7) (63,-4) (64,-1) (65,4) (66,6) (67,8) (68,12) (69,15) (70,17) (71,17) 
(99,11) (75,22) (74,22) (7,18) (6,17) (4,13) (3,11) (2,8) (1,5) (0,0) (73,20) (8,18) (72,19) (41,19) (9,18) 
(99,11) (75,22) (74,22) (7,18) (6,17) (4,13) (3,11) (2,8) (1,5) (0,0) (98,7) (77,20) (76,20) (97,3) (78,18) 
(99,11) (75,22) (74,22) (7,18) (6,17) (4,13) (3,11) (2,8) (1,5) (0,0) (98,7) (77,20) (76,20) (97,3) (78,18) (79,16) (80,12) (81,10) (82,7) (83,5) (84,2) (85,-1) (86,-1) (87,-3) (88,-4) (89,-5) (90,-6) (91,-6) (92,-5) (93,-5) (94,-3) (95,-2) (96,0) 
TD 4 :
(99,11) (75,22) (74,22) (7,18) (6,17) (4,13) (3,11) (2,8) (1,5) (0,0) (73,20) (8,18) (72,19) (41,19) (9,18) (40,18) (10,17) (11,15) (12,12) (13,10) (14,7) (15,6) (16,1) (17,-3) (18,-6) (19,-10) (20,-12) (21,-15) (22,-17) (23,-16) (24,-19) (25,-18) (26,-18) (27,-17) (28,-15) (29,-13) (30,-12) (31,-9) (32,-7) (33,-2) (34,1) (35,6) (36,9) (37,12) (38,14) (39,16) 
(99,11) (75,22) (74,22) (7,18) (6,17) (4,13) (3,11) (2,8) (1,5) (0,0) (73,20) (8,18) (72,19) (41,19) (9,18) (40,18) (10,17) 
(99,11) (75,22) (74,22) (7,18) (6,17) (4,13) (3,11) (2,8) (1,5) (0,0) (73,20) (8,18) (72,19) (41,19) (9,18) (71,17) (43,18) (42,17) 
(99,11) (75,22) (74,22) (7,18) (6,17) (4,13) (3,11) (2,8) (1,5) (0,0) (73,20) (8,18) (72,19) (41,19) (9,18) (71,17) (43,18) (44,17) (45,17) (46,15) (47,13) (48,12) (49,9) (50,6) (51,2) (52,0) (53,-3) (54,-6) (55,-9) (56,-10) (57,-12) (58,-13) (59,-12) (60,-11) (61,-10) (62,-7) (63,-4) (64,-1) (65,4) (66,6) (67,8) (68,12) (69,15) (70,17) 
(99,11) (75,22) (74,22) (7,18) (6,17) (4,13) (3,11) (2,8) (1,5) (0,0) (73,20) (8,18) (72,19) (41,19) (9,18) (71,17) (43,18) 
(99,11) (75,22) (74,22) (7,18) (6,17) (4,13) (3,11) (2,8) (1,5) (0,0) (98,7) (77,20) (76,20) (97,3) (78,18) (96,0) (79,16) 
(99,11) (75,22) (74,22) (7,18) (6,17) (4,13) (3,11) (2,8) (1,5) (0,0) (98,7) (77,20) (76,20) (97,3) (78,18) (96,0) (79,16) (80,12) (81,10) (82,7) (83,5) (84,2) (85,-1) (86,-1) (87,-3) (88,-4) (89,-5) (90,-6) (91,-6) (92,-5) (93,-5) (94,-3) (95,-2) 
TD 5 :
(99,11) (75,22) (74,22) (7,18) (6,17) (4,13) (3,11) (2,8) (1,5) (0,0) (73,20) (8,18) (72,19) (41,19) (9,18) (40,18) (10,17) (11,15) (12,12) (13,10) (14,7) (15,6) (16,1) (17,-3) (18,-6) (19,-10) (20,-12) (21,-15) (22,-17) (23,-16) (24,-19) (25,-18) (26,-18) (27,-17) (28,-15) (29,-13) (30,-12) (31,-9) (32,-7) (33,-2) (34,1) (35,6) (36,9) (37,12) (38,14) (39,16) 
(99,11) (75,22) (74,22) (7,18) (6,17) (4,13) (3,11) (2,8) (1,5) (0,0) (73,20) (8,18) (72,19) (41,19) (9,18) (71,17) (43,18) (42,17) 
(99,11) (75,22) (74,22) (7,18) (6,17) (4,13) (3,11) (2,8) (1,5) (0,0) (73,20) (8,18) (72,19) (41,19) (9,18) (71,17) (43,18) (42,17) 
(99,11) (75,22) (74,22) (7,18) (6,17) (4,13) (3,11) (2,8) (1,5) (0,0) (73,20) (8,18) (72,19) (41,19) (9,18) (71,17) (43,18) (70,17) (45,17) (44,17) 
(99,11) (75,22) (74,22) (7,18) (6,17) (4,13) (3,11) (2,8) (1,5) (0,0) (73,20) (8,18) (72,19) (41,19) (9,18) (71,17) (43,18) (70,17) (45,17) (44,17) 
(99,11) (75,22) (74,22) (7,18) (6,17) (4,13) (3,11) (2,8) (1,5) (0,0) (73,20) (8,18) (72,19) (41,19) (9,18) (71,17) (43,18) (70,17) (45,17) (44,17) (46,15) (47,13) (48,12) (49,9) (50,6) (51,2) (52,0) (53,-3) (54,-6) (55,-9) (56,-10) (57,-12) (58,-13) (59,-12) (60,-11) (61,-10) (62,-7) (63,-4) (64,-1) (65,4) (66,6) (67,8) (68,12) (69,15) 
(99,11) (75,22) (74,22) (7,18) (6,17) (4,13) (3,11) (2,8) (1,5) (0,0) (73,20) (8,18) (72,19) (41,19) (9,18) (71,17) (43,18) (70,17) (45,17) (44,17) 
(99,11) (75,22) (74,22) (7,18) (6,17) (4,13) (3,11) (2,8) (1,5) (0,0) (98,7) (77,20) (76,20) (97,3) (78,18) (96,0) (79,16) (95,-2) (80,12) 
(99,11) (75,22) (74,22) (7,18) (6,17) (4,13) (3,11) (2,8) (1,5) (0,0) (98,7) (77,20) (76,20) (97,3) (78,18) (96,0) (79,16) (95,-2) (80,12) (81,10) (82,7) (83,5) (84,2) (85,-1) (86,-1) (87,-3) (88,-4) (89,-5) (90,-6) (91,-6) (92,-5) (93,-5) (94,-3) 
TD 6 :
(99,11) (75,22) (74,22) (7,18) (6,17) (4,13) (3,11) (2,8) (1,5) (0,0) (73,20) (8,18) (72,19) (41,19) (9,18) (40,18) (10,17) (11,15) (39,16) (12,12) (13,10) (14,7) (15,6) (16,1) (17,-3) (18,-6) (19,-10) (20,-12) (21,-15) (22,-17) (23,-16) (24,-19) (25,-18) (26,-18) (27,-17) (28,-15) (29,-13) (30,-12) (31,-9) (32,-7) (33,-2) (34,1) (35,6) (36,9) (37,12) (38,14) 
(99,11) (75,22) (74,22) (7,18) (6,17) (4,13) (3,11) (2,8) (1,5) (0,0) (73,20) (8,18) (72,19) (41,19) (9,18) (40,18) (10,17) (11,15) (39,16) (12,12) 
(99,11) (75,22) (74,22) (7,18) (6,17) (4,13) (3,11) (2,8) (1,5) (0,0) (73,20) (8,18) (72,19) (41,19) (9,18) (71,17) (43,18) (70,17) (45,17) (44,17) (69,15) (46,15) (47,13) (48,12) (49,9) (50,6) (51,2) (52,0) (53,-3) (54,-6) (55,-9) (56,-10) (57,-12) (58,-13) (59,-12) (60,-11) (61,-10) (62,-7) (63,-4) (64,-1) (65,4) (66,6) (67,8) (68,12) 
(99,11) (75,22) (74,22) (7,18) (6,17) (4,13) (3,11) (2,8) (1,5) (0,0) (73,20) (8,18) (72,19) (41,19) (9,18) (71,17) (43,18) (70,17) (45,17) (44,17) (69,15) 
(99,11) (75,22) (74,22) (7,18) (6,17) (4,13) (3,11) (2,8) (1,5) (0,0) (98,7) (77,20) (76,20) (97,3) (78,18) (96,0) (79,16) (95,-2) (80,12) (94,-3) (81,10) 
(99,11) (75,22) (74,22) (7,18) (6,17) (4,13) (3,11) (2,8) (1,5) (0,0) (98,7) (77,20) (76,20) (97,3) (78,18) (96,0) (79,16) (95,-2) (80,12) (94,-3) (81,10) (82,7) (83,5) (84,2) (85,-1) (86,-1) (87,-3) (88,-4) (89,-5) (90,-6) (91,-6) (92,-5) (93,-5) 
TD 7 :
(99,11) (75,22) (74,22) (7,18) (6,17) (4,13) (3,11) (2,8) (1,5) (0,0) (73,20) (8,18) (72,19) (41,19) (9,18) (40,18) (10,17) (11,15) (39,16) (12,12) (38,14) (13,10) (14,7) (15,6) (16,1) (17,-3) (18,-6) (19,-10) (20,-12) (21,-15) (22,-17) (23,-16) (24,-19) (25,-18) (26,-18) (27,-17) (28,-15) (29,-13) (30,-12) (31,-9) (32,-7) (33,-2) (34,1) (35,6) (36,9) (37,12) 
(99,11) (75,22) (74,22) (7,18) (6,17) (4,13) (3,11) (2,8) (1,5) (0,0) (73,20) (8,18) (72,19) (41,19) (9,18) (40,18) (10,17) (11,15) (39,16) (12,12) (38,14) (13,10) 
(99,11) (75,22) (74,22) (7,18) (6,17) (4,13) (3,11) (2,8) (1,5) (0,0) (73,20) (8,18) (72,19) (41,19) (9,18) (71,17) (43,18) (70,17) (45,17) (44,17) (69,15) (68,12) (46,15) 
(99,11) (75,22) (74,22) (7,18) (6,17) (4,13) (3,11) (2,8) (1,5) (0,0) (73,20) (8,18) (72,19) (41,19) (9,18) (71,17) (43,18) (70,17) (45,17) (44,17) (69,15) (68,12) (46,15) (47,13) (48,12) (49,9) (50,6) (51,2) (52,0) (53,-3) (54,-6) (55,-9) (56,-10) (57,-12) (58,-13) (59,-12) (60,-11) (61,-10) (62,-7) (63,-4) (64,-1) (65,4) (66,6) (67,8) 
(99,11) (75,22) (74,22) (7,18) (6,17) (4,13) (3,11) (2,8) (1,5) (0,0) (73,20) (8,18) (72,19) (41,19) (9,18) (71,17) (43,18) (70,17) (45,17) (44,17) (69,15) (68,12) (46,15) 
(99,11) (75,22) (74,22) (7,18) (6,17) (4,13) (3,11) (2,8) (1,5) (0,0) (98,7) (77,20) (76,20) (97,3) (78,18) (96,0) (79,16) (95,-2) (80,12) (94,-3) (81,10) (93,-5) (82,7) 
(99,11) (75,22) (74,22) (7,18) (6,17) (4,13) (3,11) (2,8) (1,5) (0,0) (98,7) (77,20) (76,20) (97,3) (78,18) (96,0) (79,16) (95,-2) (80,12) (94,-3) (81,10) (93,-5) (82,7) (83,5) (84,2) (85,-1) (86,-1) (87,-3) (88,-4) (89,-5) (90,-6) (91,-6) (92,-5) 
TD 8 :
(99,11) (75,22) (74,22) (7,18) (6,17) (4,13) (3,11) (2,8) (1,5) (0,0) (73,20) (8,18) (72,19) (41,19) (9,18) (40,18) (10,17) (11,15) (39,16) (12,12) (38,14) (13,10) (37,12) (14,7) (15,6) (16,1) (17,-3) (18,-6) (19,-10) (20,-12) (21,-15) (22,-17) (23,-16) (24,-19) (25,-18) (26,-18) (27,-17) (28,-15) (29,-13) (30,-12) (31,-9) (32,-7) (33,-2) (34,1) (35,6) (36,9) 
(99,11) (75,22) (74,22) (7,18) (6,17) (4,13) (3,11) (2,8) (1,5) (0,0) (73,20) (8,18) (72,19) (41,19) (9,18) (40,18) (10,17) (11,15) (39,16) (12,12) (38,14) (13,10) (37,12) (14,7) 
(99,11) (75,22) (74,22) (7,18) (6,17) (4,13) (3,11) (2,8) (1,5) (0,0) (73,20) (8,18) (72,19) (41,19) (9,18) (71,17) (43,18) (70,17) (45,17) (44,17) (69,15) (68,12) (46,15) (47,13) 
(99,11) (75,22) (74,22) (7,18) (6,17) (4,13) (3,11) (2,8) (1,5) (0,0) (73,20) (8,18) (72,19) (41,19) (9,18) (71,17) (43,18) (70,17) (45,17) (44,17) (69,15) (68,12) (46,15) (47,13) (48,12) (49,9) (50,6) (51,2) (52,0) (53,-3) (54,-6) (55,-9) (56,-10) (57,-12) (58,-13) (59,-12) (60,-11) (61,-10) (62,-7) (63,-4) (64,-1) (65,4) (66,6) (67,8) 
(99,11) (75,22) (74,22) (7,18) (6,17) (4,13) (3,11) (2,8) (1,5) (0,0) (98,7) (77,20) (76,20) (97,3) (78,18) (96,0) (79,16) (95,-2) (80,12) (94,-3) (81,10) (93,-5) (82,7) (92,-5) (83,5) 
(99,11) (75,22) (74,22) (7,18) (6,17) (4,13) (3,11) (2,8) (1,5) (0,0) (98,7) (77,20) (76,20) (97,3) (78,18) (96,0) (79,16) (95,-2) (80,12) (94,-3) (81,10) (93,-5) (82,7) (92,-5) (83,5) (84,2) (85,-1) (86,-1) (87,-3) (88,-4) (89,-5) (90,-6) (91,-6) 
TD 9 :
(99,11) (75,22) (74,22) (7,18) (6,17) (4,13) (3,11) (2,8) (1,5) (0,0) (73,20) (8,18) (72,19) (41,19) (9,18) (40,18) (10,17) (11,15) (39,16) (12,12) (38,14) (13,10) (37,12) (14,7) (15,6) (16,1) (17,-3) (18,-6) (19,-10) (20,-12) (21,-15) (22,-17) (23,-16) (24,-19) (25,-18) (26,-18) (27,-17) (28,-15) (29,-13) (30,-12) (31,-9) (32,-7) (33,-2) (34,1) (35,6) (36,9) 
(99,11) (75,22) (74,22) (7,18) (6,17) (4,13) (3,11) (2,8) (1,5) (0,0) (73,20) (8,18) (72,19) (41,19) (9,18) (71,17) (43,18) (70,17) (45,17) (44,17) (69,15) (68,12) (46,15) (47,13) (67,8) (48,12) 
(99,11) (75,22) (74,22) (7,18) (6,17) (4,13) (3,11) (2,8) (1,5) (0,0) (73,20) (8,18) (72,19) (41,19) (9,18) (71,17) (43,18) (70,17) (45,17) (44,17) (69,15) (68,12) (46,15) (47,13) (67,8) (48,12) (49,9) (50,6) (51,2) (52,0) (53,-3) (54,-6) (55,-9) (56,-10) (57,-12) (58,-13) (59,-12) (60,-11) (61,-10) (62,-7) (63,-4) (64,-1) (65,4) (66,6) 
(99,11) (75,22) (74,22) (7,18) (6,17) (4,13) (3,11) (2,8) (1,5) (0,0) (73,20) (8,18) (72,19) (41,19) (9,18) (71,17) (43,18) (70,17) (45,17) (44,17) (69,15) (68,12) (46,15) (47,13) (67,8) (48,12) 
(99,11) (75,22) (74,22) (7,18) (6,17) (4,13) (3,11) (2,8) (1,5) (0,0) (98,7) (77,20) (76,20) (97,3) (78,18) (96,0) (79,16) (95,-2) (80,12) (94,-3) (81,10) (93,-5) (82,7) (92,-5) (83,5) (91,-6) (84,2) 
(99,11) (75,22) (74,22) (7,18) (6,17) (4,13) (3,11) (2,8) (1,5) (0,0) (98,7) (77,20) (76,20) (97,3) (78,18) (96,0) (79,16) (95,-2) (80,12) (94,-3) (81,10) (93,-5) (82,7) (92,-5) (83,5) (91,-6) (84,2) (85,-1) (86,-1) (87,-3) (88,-4) (89,-5) (90,-6) 
TD 10 :
(99,11) (75,22) (74,22) (7,18) (6,17) (4,13) (3,11) (2,8) (1,5) (0,0) (73,20) (8,18) (72,19) (41,19) (9,18) (40,18) (10,17) (11,15) (39,16) (12,12) (38,14) (13,10) (37,12) (14,7) (15,6) (36,9) (16,1) (17,-3) (18,-6) (19,-10) (20,-12) (21,-15) (22,-17) (23,-16) (24,-19) (25,-18) (26,-18) (27,-17) (28,-15) (29,-13) (30,-12) (31,-9) (32,-7) (33,-2) (34,1) (35,6) 
(99,11) (75,22) (74,22) (7,18) (6,17) (4,13) (3,11) (2,8) (1,5) (0,0) (73,20) (8,18) (72,19) (41,19) (9,18) (40,18) (10,17) (11,15) (39,16) (12,12) (38,14) (13,10) (37,12) (14,7) (15,6) (36,9) (16,1) 
(99,11) (75,22) (74,22) (7,18) (6,17) (4,13) (3,11) (2,8) (1,5) (0,0) (73,20) (8,18) (72,19) (41,19) (9,18) (71,17) (43,18) (70,17) (45,17) (44,17) (69,15) (68,12) (46,15) (47,13) (67,8) (48,12) (66,6) (49,9) 
(99,11) (75,22) (74,22) (7,18) (6,17) (4,13) (3,11) (2,8) (1,5) (0,0) (73,20) (8,18) (72,19) (41,19) (9,18) (71,17) (43,18) (70,17) (45,17) (44,17) (69,15) (68,12) (46,15) (47,13) (67,8) (48,12) (66,6) (49,9) (50,6) (51,2) (52,0) (53,-3) (54,-6) (55,-9) (56,-10) (57,-12) (58,-13) (59,-12) (60,-11) (61,-10) (62,-7) (63,-4) (64,-1) (65,4) 
(99,11) (75,22) (74,22) (7,18) (6,17) (4,13) (3,11) (2,8) (1,5) (0,0) (73,20) (8,18) (72,19) (41,19) (9,18) (71,17) (43,18) (70,17) (45,17) (44,17) (69,15) (68,12) (46,15) (47,13) (67,8) (48,12) (66,6) (49,9) 
(99,11) (75,22) (74,22) (7,18) (6,17) (4,13) (3,11) (2,8) (1,5) (0,0) (98,7) (77,20) (76,20) (97,3) (78,18) (96,0) (79,16) (95,-2) (80,12) (94,-3) (81,10) (93,-5) (82,7) (92,-5) (83,5) (91,-6) (84,2) (90,-6) (86,-1) (85,-1) 
(99,11) (75,22) (74,22) (7,18) (6,17) (4,13) (3,11) (2,8) (1,5) (0,0) (98,7) (77,20) (76,20) (97,3) (78,18) (96,0) (79,16) (95,-2) (80,12) (94,-3) (81,10) (93,-5) (82,7) (92,-5) (83,5) (91,-6) (84,2) (90,-6) (86,-1) (87,-3) (88,-4) (89,-5) 
TD 11 :
(99,11) (75,22) (74,22) (7,18) (6,17) (4,13) (3,11) (2,8) (1,5) (0,0) (73,20) (8,18) (72,19) (41,19) (9,18) (40,18) (10,17) (11,15) (39,16) (12,12) (38,14) (13,10) (37,12) (14,7) (15,6) (36,9) (16,1) (35,6) (17,-3) (18,-6) (19,-10) (20,-12) (21,-15) (22,-17) (23,-16) (24,-19) (25,-18) (26,-18) (27,-17) (28,-15) (29,-13) (30,-12) (31,-9) (32,-7) (33,-2) (34,1) 
(99,11) (75,22) (74,22) (7,18) (6,17) (4,13) (3,11) (2,8) (1,5) (0,0) (73,20) (8,18) (72,19) (41,19) (9,18) (40,18) (10,17) (11,15) (39,16) (12,12) (38,14) (13,10) (37,12) (14,7) (15,6) (36,9) (16,1) (35,6) (17,-3) 
(99,11) (75,22) (74,22) (7,18) (6,17) (4,13) (3,11) (2,8) (1,5) (0,0) (73,20) (8,18) (72,19) (41,19) (9,18) (71,17) (43,18) (70,17) (45,17) (44,17) (69,15) (68,12) (46,15) (47,13) (67,8) (48,12) (66,6) (49,9) (65,4) (50,6) 
(99,11) (75,22) (74,22) (7,18) (6,17) (4,13) (3,11) (2,8) (1,5) (0,0) (73,20) (8,18) (72,19) (41,19) (9,18) (71,17) (43,18) (70,17) (45,17) (44,17) (69,15) (68,12) (46,15) (47,13) (67,8) (48,12) (66,6) (49,9) (65,4) (50,6) (51,2) (52,0) (53,-3) (54,-6) (55,-9) (56,-10) (57,-12) (58,-13) (59,-12) (60,-11) (61,-10) (62,-7) (63,-4) (64,-1) 
(99,11) (75,22) (74,22) (7,18) (6,17) (4,13) (3,11) (2,8) (1,5) (0,0) (73,20) (8,18) (72,19) (41,19) (9,18) (71,17) (43,18) (70,17) (45,17) (44,17) (69,15) (68,12) (46,15) (47,13) (67,8) (48,12) (66,6) (49,9) (65,4) (50,6) 
(99,11) (75,22) (74,22) (7,18) (6,17) (4,13) (3,11) (2,8) (1,5) (0,0) (98,7) (77,20) (76,20) (97,3) (78,18) (96,0) (79,16) (95,-2) (80,12) (94,-3) (81,10) (93,-5) (82,7) (92,-5) (83,5) (91,-6) (84,2) (90,-6) (86,-1) (85,-1) 
(99,11) (75,22) (74,22) (7,18) (6,17) (4,13) (3,11) (2,8) (1,5) (0,0) (98,7) (77,20) (76,20) (97,3) (78,18) (96,0) (79,16) (95,-2) (80,12) (94,-3) (81,10) (93,-5) (82,7) (92,-5) (83,5) (91,-6) (84,2) (90,-6) (86,-1) (85,-1) 
(99,11) (75,22) (74,22) (7,18) (6,17) (4,13) (3,11) (2,8) (1,5) (0,0) (98,7) (77,20) (76,20) (97,3) (78,18) (96,0) (79,16) (95,-2) (80,12) (94,-3) (81,10) (93,-5) (82,7) (92,-5) (83,5) (91,-6) (84,2) (90,-6) (86,-1) (89,-5) (88,-4) (87,-3) 
(99,11) (75,22) (74,22) (7,18) (6,17) (4,13) (3,11) (2,8) (1,5) (0,0) (98,7) (77,20) (76,20) (97,3) (78,18) (96,0) (79,16) (95,-2) (80,12) (94,-3) (81,10) (93,-5) (82,7) (92,-5) (83,5) (91,-6) (84,2) (90,-6) (86,-1) (89,-5) (88,-4) (87,-3) 
(99,11) (75,22) (74,22) (7,18) (6,17) (4,13) (3,11) (2,8) (1,5) (0,0) (98,7) (77,20) (76,20) (97,3) (78,18) (96,0) (79,16) (95,-2) (80,12) (94,-3) (81,10) (93,-5) (82,7) (92,-5) (83,5) (91,-6) (84,2) (90,-6) (86,-1) (89,-5) (88,-4) (87,-3) 
TD 12 :
(99,11) (75,22) (74,22) (7,18) (6,17) (4,13) (3,11) (2,8) (1,5) (0,0) (73,20) (8,18) (72,19) (41,19) (9,18) (40,18) (10,17) (11,15) (39,16) (12,12) (38,14) (13,10) (37,12) (14,7) (15,6) (36,9) (16,1) (35,6) (17,-3) (34,1) (18,-6) (19,-10) (20,-12) (21,-15) (22,-17) (23,-16) (24,-19) (25,-18) (26,-18) (27,-17) (28,-15) (29,-13) (30,-12) (31,-9) (32,-7) (33,-2) 
(99,11) (75,22) (74,22) (7,18) (6,17) (4,13) (3,11) (2,8) (1,5) (0,0) (73,20) (8,18) (72,19) (41,19) (9,18) (40,18) (10,17) (11,15) (39,16) (12,12) (38,14) (13,10) (37,12) (14,7) (15,6) (36,9) (16,1) (35,6) (17,-3) (34,1) (18,-6) 
(99,11) (75,22) (74,22) (7,18) (6,17) (4,13) (3,11) (2,8) (1,5) (0,0) (73,20) (8,18) (72,19) (41,19) (9,18) (71,17) (43,18) (70,17) (45,17) (44,17) (69,15) (68,12) (46,15) (47,13) (67,8) (48,12) (66,6) (49,9) (65,4) (50,6) (64,-1) (51,2) 
(99,11) (75,22) (74,22) (7,18) (6,17) (4,13) (3,11) (2,8) (1,5) (0,0) (73,20) (8,18) (72,19) (41,19) (9,18) (71,17) (43,18) (70,17) (45,17) (44,17) (69,15) (68,12) (46,15) (47,13) (67,8) (48,12) (66,6) (49,9) (65,4) (50,6) (64,-1) (51,2) (52,0) (53,-3) (54,-6) (55,-9) (56,-10) (57,-12) (58,-13) (59,-12) (60,-11) (61,-10) (62,-7) (63,-4) 
TD 13 :
(99,11) (75,22) (74,22) (7,18) (6,17) (4,13) (3,11) (2,8) (1,5) (0,0) (73,20) (8,18) (72,19) (41,19) (9,18) (40,18) (10,17) (11,15) (39,16) (12,12) (38,14) (13,10) (37,12) (14,7) (15,6) (36,9) (16,1) (35,6) (17,-3) (34,1) (18,-6) (33,-2) (19,-10) (20,-12) (21,-15) (22,-17) (23,-16) (24,-19) (25,-18) (26,-18) (27,-17) (28,-15) (29,-13) (30,-12) (31,-9) (32,-7) 
(99,11) (75,22) (74,22) (7,18) (6,17) (4,13) (3,11) (2,8) (1,5) (0,0) (73,20) (8,18) (72,19) (41,19) (9,18) (40,18) (10,17) (11,15) (39,16) (12,12) (38,14) (13,10) (37,12) (14,7) (15,6) (36,9) (16,1) (35,6) (17,-3) (34,1) (18,-6) (33,-2) (19,-10) 
(99,11) (75,22) (74,22) (7,18) (6,17) (4,13) (3,11) (2,8) (1,5) (0,0) (73,20) (8,18) (72,19) (41,19) (9,18) (71,17) (43,18) (70,17) (45,17) (44,17) (69,15) (68,12) (46,15) (47,13) (67,8) (48,12) (66,6) (49,9) (65,4) (50,6) (64,-1) (51,2) (63,-4) (52,0) 
(99,11) (75,22) (74,22) (7,18) (6,17) (4,13) (3,11) (2,8) (1,5) (0,0) (73,20) (8,18) (72,19) (41,19) (9,18) (71,17) (43,18) (70,17) (45,17) (44,17) (69,15) (68,12) (46,15) (47,13) (67,8) (48,12) (66,6) (49,9) (65,4) (50,6) (64,-1) (51,2) (63,-4) (52,0) (53,-3) (54,-6) (55,-9) (56,-10) (57,-12) (58,-13) (59,-12) (60,-11) (61,-10) (62,-7) 
TD 14 :
(99,11) (75,22) (74,22) (7,18) (6,17) (4,13) (3,11) (2,8) (1,5) (0,0) (73,20) (8,18) (72,19) (41,19) (9,18) (40,18) (10,17) (11,15) (39,16) (12,12) (38,14) (13,10) (37,12) (14,7) (15,6) (36,9) (16,1) (35,6) (17,-3) (34,1) (18,-6) (33,-2) (19,-10) (32,-7) (20,-12) (21,-15) (22,-17) (23,-16) (24,-19) (25,-18) (26,-18) (27,-17) (28,-15) (29,-13) (30,-12) (31,-9) 
(99,11) (75,22) (74,22) (7,18) (6,17) (4,13) (3,11) (2,8) (1,5) (0,0) (73,20) (8,18) (72,19) (41,19) (9,18) (40,18) (10,17) (11,15) (39,16) (12,12) (38,14) (13,10) (37,12) (14,7) (15,6) (36,9) (16,1) (35,6) (17,-3) (34,1) (18,-6) (33,-2) (19,-10) (32,-7) (20,-12) 
(99,11) (75,22) (74,22) (7,18) (6,17) (4,13) (3,11) (2,8) (1,5) (0,0) (73,20) (8,18) (72,19) (41,19) (9,18) (71,17) (43,18) (70,17) (45,17) (44,17) (69,15) (68,12) (46,15) (47,13) (67,8) (48,12) (66,6) (49,9) (65,4) (50,6) (64,-1) (51,2) (63,-4) (52,0) (62,-7) (53,-3) 
(99,11) (75,22) (74,22) (7,18) (6,17) (4,13) (3,11) (2,8) (1,5) (0,0) (73,20) (8,18) (72,19) (41,19) (9,18) (71,17) (43,18) (70,17) (45,17) (44,17) (69,15) (68,12) (46,15) (47,13) (67,8) (48,12) (66,6) (49,9) (65,4) (50,6) (64,-1) (51,2) (63,-4) (52,0) (62,-7) (53,-3) (54,-6) (55,-9) (56,-10) (57,-12) (58,-13) (59,-12) (60,-11) (61,-10) 
TD 15 :
(99,11) (75,22) (74,22) (7,18) (6,17) (4,13) (3,11) (2,8) (1,5) (0,0) (73,20) (8,18) (72,19) (41,19) (9,18) (40,18) (10,17) (11,15) (39,16) (12,12) (38,14) (13,10) (37,12) (14,7) (15,6) (36,9) (16,1) (35,6) (17,-3) (34,1) (18,-6) (33,-2) (19,-10) (32,-7) (20,-12) (31,-9) (21,-15) (22,-17) (23,-16) (24,-19) (25,-18) (26,-18) (27,-17) (28,-15) (29,-13) (30,-12) 
(99,11) (75,22) (74,22) (7,18) (6,17) (4,13) (3,11) (2,8) (1,5) (0,0) (73,20) (8,18) (72,19) (41,19) (9,18) (40,18) (10,17) (11,15) (39,16) (12,12) (38,14) (13,10) (37,12) (14,7) (15,6) (36,9) (16,1) (35,6) (17,-3) (34,1) (18,-6) (33,-2) (19,-10) (32,-7) (20,-12) (31,-9) (21,-15) 
(99,11) (75,22) (74,22) (7,18) (6,17) (4,13) (3,11) (2,8) (1,5) (0,0) (73,20) (8,18) (72,19) (41,19) (9,18) (71,17) (43,18) (70,17) (45,17) (44,17) (69,15) (68,12) (46,15) (47,13) (67,8) (48,12) (66,6) (49,9) (65,4) (50,6) (64,-1) (51,2) (63,-4) (52,0) (62,-7) (53,-3) (61,-10) (54,-6) 
(99,11) (75,22) (74,22) (7,18) (6,17) (4,13) (3,11) (2,8) (1,5) (0,0) (73,20) (8,18) (72,19) (41,19) (9,18) (71,17) (43,18) (70,17) (45,17) (44,17) (69,15) (68,12) (46,15) (47,13) (67,8) (48,12) (66,6) (49,9) (65,4) (50,6) (64,-1) (51,2) (63,-4) (52,0) (62,-7) (53,-3) (61,-10) (54,-6) (55,-9) (56,-10) (57,-12) (58,-13) (59,-12) (60,-11) 
TD 16 :
(99,11) (75,22) (74,22) (7,18) (6,17) (4,13) (3,11) (2,8) (1,5) (0,0) (73,20) (8,18) (72,19) (41,19) (9,18) (40,18) (10,17) (11,15) (39,16) (12,12) (38,14) (13,10) (37,12) (14,7) (15,6) (36,9) (16,1) (35,6) (17,-3) (34,1) (18,-6) (33,-2) (19,-10) (32,-7) (20,-12) (31,-9) (21,-15) (30,-12) (23,-16) (22,-17) 
(99,11) (75,22) (74,22) (7,18) (6,17) (4,13) (3,11) (2,8) (1,5) (0,0) (73,20) (8,18) (72,19) (41,19) (9,18) (40,18) (10,17) (11,15) (39,16) (12,12) (38,14) (13,10) (37,12) (14,7) (15,6) (36,9) (16,1) (35,6) (17,-3) (34,1) (18,-6) (33,-2) (19,-10) (32,-7) (20,-12) (31,-9) (21,-15) (30,-12) (23,-16) (22,-17) (24,-19) (25,-18) (26,-18) (27,-17) (28,-15) (29,-13) 
(99,11) (75,22) (74,22) (7,18) (6,17) (4,13) (3,11) (2,8) (1,5) (0,0) (73,20) (8,18) (72,19) (41,19) (9,18) (40,18) (10,17) (11,15) (39,16) (12,12) (38,14) (13,10) (37,12) (14,7) (15,6) (36,9) (16,1) (35,6) (17,-3) (34,1) (18,-6) (33,-2) (19,-10) (32,-7) (20,-12) (31,-9) (21,-15) (30,-12) (23,-16) (22,-17) 
(99,11) (75,22) (74,22) (7,18) (6,17) (4,13) (3,11) (2,8) (1,5) (0,0) (73,20) (8,18) (72,19) (41,19) (9,18) (71,17) (43,18) (70,17) (45,17) (44,17) (69,15) (68,12) (46,15) (47,13) (67,8) (48,12) (66,6) (49,9) (65,4) (50,6) (64,-1) (51,2) (63,-4) (52,0) (62,-7) (53,-3) (61,-10) (54,-6) (60,-11) (55,-9) 
(99,11) (75,22) (74,22) (7,18) (6,17) (4,13) (3,11) (2,8) (1,5) (0,0) (73,20) (8,18) (72,19) (41,19) (9,18) (71,17) (43,18) (70,17) (45,17) (44,17) (69,15) (68,12) (46,15) (47,13) (67,8) (48,12) (66,6) (49,9) (65,4) (50,6) (64,-1) (51,2) (63,-4) (52,0) (62,-7) (53,-3) (61,-10) (54,-6) (60,-11) (55,-9) (56,-10) (57,-12) (58,-13) (59,-12) 
TD 17 :
(99,11) (75,22) (74,22) (7,18) (6,17) (4,13) (3,11) (2,8) (1,5) (0,0) (73,20) (8,18) (72,19) (41,19) (9,18) (40,18) (10,17) (11,15) (39,16) (12,12) (38,14) (13,10) (37,12) (14,7) (15,6) (36,9) (16,1) (35,6) (17,-3) (34,1) (18,-6) (33,-2) (19,-10) (32,-7) (20,-12) (31,-9) (21,-15) (30,-12) (23,-16) (22,-17) (29,-13) (24,-19) (25,-18) (26,-18) (27,-17) (28,-15) 
(99,11) (75,22) (74,22) (7,18) (6,17) (4,13) (3,11) (2,8) (1,5) (0,0) (73,20) (8,18) (72,19) (41,19) (9,18) (40,18) (10,17) (11,15) (39,16) (12,12) (38,14) (13,10) (37,12) (14,7) (15,6) (36,9) (16,1) (35,6) (17,-3) (34,1) (18,-6) (33,-2) (19,-10) (32,-7) (20,-12) (31,-9) (21,-15) (30,-12) (23,-16) (22,-17) (29,-13) (24,-19) 
(99,11) (75,22) (74,22) (7,18) (6,17) (4,13) (3,11) (2,8) (1,5) (0,0) (73,20) (8,18) (72,19) (41,19) (9,18) (71,17) (43,18) (70,17) (45,17) (44,17) (69,15) (68,12) (46,15) (47,13) (67,8) (48,12) (66,6) (49,9) (65,4) (50,6) (64,-1) (51,2) (63,-4) (52,0) (62,-7) (53,-3) (61,-10) (54,-6) (60,-11) (55,-9) (59,-12) (56,-10) 
(99,11) (75,22) (74,22) (7,18) (6,17) (4,13) (3,11) (2,8) (1,5) (0,0) (73,20) (8,18) (72,19) (41,19) (9,18) (71,17) (43,18) (70,17) (45,17) (44,17) (69,15) (68,12) (46,15) (47,13) (67,8) (48,12) (66,6) (49,9) (65,4) (50,6) (64,-1) (51,2) (63,-4) (52,0) (62,-7) (53,-3) (61,-10) (54,-6) (60,-11) (55,-9) (59,-12) (56,-10) (57,-12) (58,-13) 
TD 18 :
(99,11) (75,22) (74,22) (7,18) (6,17) (4,13) (3,11) (2,8) (1,5) (0,0) (73,20) (8,18) (72,19) (41,19) (9,18) (40,18) (10,17) (11,15) (39,16) (12,12) (38,14) (13,10) (37,12) (14,7) (15,6) (36,9) (16,1) (35,6) (17,-3) (34,1) (18,-6) (33,-2) (19,-10) (32,-7) (20,-12) (31,-9) (21,-15) (30,-12) (23,-16) (22,-17) (29,-13) (24,-19) (28,-15) (25,-18) (26,-18) (27,-17) 
(99,11) (75,22) (74,22) (7,18) (6,17) (4,13) (3,11) (2,8) (1,5) (0,0) (73,20) (8,18) (72,19) (41,19) (9,18) (40,18) (10,17) (11,15) (39,16) (12,12) (38,14) (13,10) (37,12) (14,7) (15,6) (36,9) (16,1) (35,6) (17,-3) (34,1) (18,-6) (33,-2) (19,-10) (32,-7) (20,-12) (31,-9) (21,-15) (30,-12) (23,-16) (22,-17) (29,-13) (24,-19) (28,-15) (25,-18) 
(99,11) (75,22) (74,22) (7,18) (6,17) (4,13) (3,11) (2,8) (1,5) (0,0) (73,20) (8,18) (72,19) (41,19) (9,18) (71,17) (43,18) (70,17) (45,17) (44,17) (69,15) (68,12) (46,15) (47,13) (67,8) (48,12) (66,6) (49,9) (65,4) (50,6) (64,-1) (51,2) (63,-4) (52,0) (62,-7) (53,-3) (61,-10) (54,-6) (60,-11) (55,-9) (59,-12) (56,-10) (58,-13) (57,-12) 
(99,11) (75,22) (74,22) (7,18) (6,17) (4,13) (3,11) (2,8) (1,5) (0,0) (73,20) (8,18) (72,19) (41,19) (9,18) (71,17) (43,18) (70,17) (45,17) (44,17) (69,15) (68,12) (46,15) (47,13) (67,8) (48,12) (66,6) (49,9) (65,4) (50,6) (64,-1) (51,2) (63,-4) (52,0) (62,-7) (53,-3) (61,-10) (54,-6) (60,-11) (55,-9) (59,-12) (56,-10) (58,-13) (57,-12) 
Pocket 0 :
()
Pocket 1 :
({  (0,0) ,(1,5) } {  (0,0) ,(1,5) } {  (0,0) ,(1,5) } {  (0,0) ,(1,5) } {  (0,0) ,(1,5) } {  (0,0) ,(1,5) } {  (0,0) ,(1,5) } {  (0,0) ,(1,5) } {  (0,0) ,(1,5) } {  (0,0) ,(1,5) } {  (0,0) ,(1,5) } {  (0,0) ,(1,5) } {  (0,0) ,(1,5) } {  (0,0) ,(1,5) } {  (0,0) ,(1,5) } {  (0,0) ,(1,5) } {  (0,0) ,(1,5) } {  (0,0) ,(1,5) } )
Pocket 2 :
({  (5,14) ,(0,0) } {  (9,18) ,(8,18) } {  (9,18) ,(8,18) } {  (9,18) ,(8,18) } {  (77,20) ,(76,20) } {  (77,20) ,(76,20) } {  (77,20) ,(76,20) } )
Pocket 3 :
({  (9,18) ,(8,18) } {  (42,17) ,(41,19) } {  (9,18) ,(8,18) } {  (42,17) ,(41,19) } {  (9,18) ,(8,18) } {  (42,17) ,(41,19) } {  (79,16) ,(78,18) } {  (79,16) ,(78,18) } )
Pocket 4 :
({  (10,17) ,(9,18) } {  (99,11) ,(40,18) } {  (10,17) ,(9,18) } {  (99,11) ,(40,18) } {  (44,17) ,(43,18) } {  (44,17) ,(43,18) } {  (44,17) ,(43,18) } {  (80,12) ,(79,16) } {  (80,12) ,(79,16) } )
Pocket 5 :
({  (11,15) ,(10,17) } {  (99,11) ,(42,17) } {  (99,11) ,(42,17) } {  (45,17) ,(44,17) } {  (45,17) ,(44,17) } {  (45,17) ,(44,17) } {  (45,17) ,(44,17) } {  (81,10) ,(80,12) } {  (81,10) ,(80,12) } )
Pocket 6 :
({  (12,12) ,(11,15) } {  (99,11) ,(39,16) } {  (12,12) ,(11,15) } {  (99,11) ,(39,16) } {  (99,11) ,(69,15) } {  (99,11) ,(69,15) } {  (82,7) ,(81,10) } {  (82,7) ,(81,10) } )
Pocket 7 :
({  (13,10) ,(12,12) } {  (99,11) ,(38,14) } {  (13,10) ,(12,12) } {  (99,11) ,(38,14) } {  (47,13) ,(46,15) } {  (47,13) ,(46,15) } {  (47,13) ,(46,15) } {  (83,5) ,(82,7) } {  (83,5) ,(82,7) } )
Pocket 8 :
({  (14,7) ,(13,10) } {  (99,11) ,(37,12) } {  (14,7) ,(13,10) } {  (99,11) ,(37,12) } {  (48,12) ,(47,13) } {  (48,12) ,(47,13) } {  (84,2) ,(83,5) } {  (84,2) ,(83,5) } )
Pocket 9 :
({  (15,6) ,(14,7) } {  (49,9) ,(48,12) } {  (49,9) ,(48,12) } {  (49,9) ,(48,12) } {  (85,-1) ,(84,2) } {  (85,-1) ,(84,2) } )
Pocket 10 :
({  (16,1) ,(15,6) } {  (99,11) ,(36,9) } {  (16,1) ,(15,6) } {  (99,11) ,(36,9) } {  (50,6) ,(49,9) } {  (50,6) ,(49,9) } {  (50,6) ,(49,9) } {  (87,-3) ,(86,-1) } {  (87,-3) ,(86,-1) } )
Pocket 11 :
({  (17,-3) ,(16,1) } {  (99,11) ,(35,6) } {  (17,-3) ,(16,1) } {  (99,11) ,(35,6) } {  (51,2) ,(50,6) } {  (51,2) ,(50,6) } {  (51,2) ,(50,6) } {  (99,11) ,(85,-1) } {  (99,11) ,(85,-1) } {  (88,-4) ,(87,-3) } {  (88,-4) ,(87,-3) } {  (88,-4) ,(87,-3) } )
Pocket 12 :
({  (18,-6) ,(17,-3) } {  (99,11) ,(34,1) } {  (18,-6) ,(17,-3) } {  (99,11) ,(34,1) } {  (52,0) ,(51,2) } {  (52,0) ,(51,2) } )
Pocket 13 :
({  (19,-10) ,(18,-6) } {  (99,11) ,(33,-2) } {  (19,-10) ,(18,-6) } {  (99,11) ,(33,-2) } {  (53,-3) ,(52,0) } {  (53,-3) ,(52,0) } )
Pocket 14 :
({  (20,-12) ,(19,-10) } {  (99,11) ,(32,-7) } {  (20,-12) ,(19,-10) } {  (99,11) ,(32,-7) } {  (54,-6) ,(53,-3) } {  (54,-6) ,(53,-3) } )
Pocket 15 :
({  (21,-15) ,(20,-12) } {  (99,11) ,(31,-9) } {  (21,-15) ,(20,-12) } {  (99,11) ,(31,-9) } {  (55,-9) ,(54,-6) } {  (55,-9) ,(54,-6) } )
Pocket 16 :
({  (22,-17) ,(21,-15) } {  (24,-19) ,(23,-16) } {  (22,-17) ,(21,-15) } {  (24,-19) ,(23,-16) } {  (22,-17) ,(21,-15) } {  (24,-19) ,(23,-16) } {  (56,-10) ,(55,-9) } {  (56,-10) ,(55,-9) } )
Pocket 17 :
({  (24,-19) ,(22,-17) } {  (99,11) ,(29,-13) } {  (24,-19) ,(22,-17) } {  (99,11) ,(29,-13) } {  (57,-12) ,(56,-10) } {  (57,-12) ,(56,-10) } )
