18 layers in onion peeling: 
Layer 1
(99,0) (74,13) (42,16) (41,16) (6,14) (5,13) (4,11) (3,9) (1,3) (0,-1) 
Layer 2
(98,-3) (75,12) (43,15) (40,15) (7,14) (2,4) 
Layer 3
(97,-8) (76,11) (44,14) (39,14) (9,14) (8,13) 
Layer 4
(96,-10) (77,10) (73,11) (45,13) (10,13) 
Layer 5
(95,-13) (80,5) (79,6) (78,7) (72,10) (38,12) (11,11) 
Layer 6
(94,-16) (81,2) (71,8) (46,11) (12,8) 
Layer 7
(93,-18) (82,0) (70,6) (47,9) (37,10) (13,6) 
Layer 8
(92,-19) (83,-4) (69,3) (48,6) (36,7) (14,4) 
Layer 9
(91,-18) (84,-7) (68,-1) (35,5) (15,0) 
Layer 10
(90,-19) (85,-10) (67,-3) (49,2) (34,1) (16,-1) 
Layer 11
(89,-18) (88,-16) (86,-13) (50,0) (33,-1) (17,-3) 
Layer 12
(87,-15) (66,-6) (51,-3) (18,-8) 
Layer 13
(65,-9) (52,-8) (32,-7) (19,-11) 
Layer 14
(64,-13) (53,-10) (31,-11) (20,-13) 
Layer 15
(63,-16) (54,-13) (30,-13) (21,-14) 
Layer 16
(62,-18) (55,-15) (29,-15) (28,-15) (22,-15) 
Layer 17
(61,-18) (56,-17) (24,-16) (23,-16) 
Layer 18
(60,-19) (57,-18) (27,-17) (26,-17) (25,-18) 
---------------------------------------------------------------------------------------
TD 0 :
(99,0) (98,-3) (97,-8) (96,-10) (95,-13) (94,-16) (93,-18) (92,-19) (91,-18) (90,-19) (89,-18) (88,-16) (87,-15) (86,-13) (85,-10) (84,-7) (83,-4) (82,0) (81,2) (80,5) (79,6) (78,7) (77,10) (76,11) (75,12) (74,13) (73,11) (72,10) (71,8) (70,6) (69,3) (68,-1) (67,-3) (66,-6) (65,-9) (64,-13) (63,-16) (62,-18) (61,-18) (60,-19) (59,-19) (58,-19) (57,-18) (56,-17) (55,-15) (54,-13) (53,-10) (52,-8) (51,-3) (50,0) (49,2) (48,6) (47,9) (46,11) (45,13) (44,14) (43,15) (42,16) (41,16) (40,15) (39,14) (38,12) (37,10) (36,7) (35,5) (34,1) (33,-1) (32,-7) (31,-11) (30,-13) (29,-15) (28,-15) (27,-17) (26,-17) (25,-18) (24,-16) (23,-16) (22,-15) (21,-14) (20,-13) (19,-11) (18,-8) (17,-3) (16,-1) (15,0) (14,4) (13,6) (12,8) (11,11) (10,13) (9,14) (8,13) (7,14) (6,14) (5,13) (4,11) (3,9) (2,4) (1,3) (0,-1) 
TD 1 :
(99,0) (74,13) (42,16) (41,16) (6,14) (5,13) (4,11) (3,9) (1,3) (0,-1) 
(99,0) (74,13) (42,16) (41,16) (6,14) (5,13) (4,11) (3,9) (1,3) (0,-1) (2,4) 
(99,0) (74,13) (42,16) (41,16) (6,14) (5,13) (4,11) (3,9) (1,3) (0,-1) 
(99,0) (74,13) (42,16) (41,16) (6,14) (5,13) (4,11) (3,9) (1,3) (0,-1) 
(99,0) (74,13) (42,16) (41,16) (6,14) (5,13) (4,11) (3,9) (1,3) (0,-1) 
(99,0) (74,13) (42,16) (41,16) (6,14) (5,13) (4,11) (3,9) (1,3) (0,-1) (7,14) (8,13) (9,14) (10,13) (11,11) (12,8) (13,6) (14,4) (15,0) (16,-1) (17,-3) (18,-8) (19,-11) (20,-13) (21,-14) (22,-15) (23,-16) (24,-16) (25,-18) (26,-17) (27,-17) (28,-15) (29,-15) (30,-13) (31,-11) (32,-7) (33,-1) (34,1) (35,5) (36,7) (37,10) (38,12) (39,14) (40,15) 
(99,0) (74,13) (42,16) (41,16) (6,14) (5,13) (4,11) (3,9) (1,3) (0,-1) 
(99,0) (74,13) (42,16) (41,16) (6,14) (5,13) (4,11) (3,9) (1,3) (0,-1) (43,15) (44,14) (45,13) (46,11) (47,9) (48,6) (49,2) (50,0) (51,-3) (52,-8) (53,-10) (54,-13) (55,-15) (56,-17) (57,-18) (58,-19) (59,-19) (60,-19) (61,-18) (62,-18) (63,-16) (64,-13) (65,-9) (66,-6) (67,-3) (68,-1) (69,3) (70,6) (71,8) (72,10) (73,11) 
(99,0) (74,13) (42,16) (41,16) (6,14) (5,13) (4,11) (3,9) (1,3) (0,-1) (75,12) (76,11) (77,10) (78,7) (79,6) (80,5) (81,2) (82,0) (83,-4) (84,-7) (85,-10) (86,-13) (87,-15) (88,-16) (89,-18) (90,-19) (91,-18) (92,-19) (93,-18) (94,-16) (95,-13) (96,-10) (97,-8) (98,-3) 
TD 2 :
(99,0) (74,13) (42,16) (41,16) (6,14) (5,13) (4,11) (3,9) (1,3) (0,-1) (2,4) 
(99,0) (74,13) (42,16) (41,16) (6,14) (5,13) (4,11) (3,9) (1,3) (0,-1) (40,15) (7,14) 
(99,0) (74,13) (42,16) (41,16) (6,14) (5,13) (4,11) (3,9) (1,3) (0,-1) (40,15) (7,14) (8,13) (9,14) (10,13) (11,11) (12,8) (13,6) (14,4) (15,0) (16,-1) (17,-3) (18,-8) (19,-11) (20,-13) (21,-14) (22,-15) (23,-16) (24,-16) (25,-18) (26,-17) (27,-17) (28,-15) (29,-15) (30,-13) (31,-11) (32,-7) (33,-1) (34,1) (35,5) (36,7) (37,10) (38,12) (39,14) 
(99,0) (74,13) (42,16) (41,16) (6,14) (5,13) (4,11) (3,9) (1,3) (0,-1) (40,15) (7,14) 
(99,0) (74,13) (42,16) (41,16) (6,14) (5,13) (4,11) (3,9) (1,3) (0,-1) (43,15) 
(99,0) (74,13) (42,16) (41,16) (6,14) (5,13) (4,11) (3,9) (1,3) (0,-1) (43,15) (44,14) (45,13) (46,11) (47,9) (48,6) (49,2) (50,0) (51,-3) (52,-8) (53,-10) (54,-13) (55,-15) (56,-17) (57,-18) (58,-19) (59,-19) (60,-19) (61,-18) (62,-18) (63,-16) (64,-13) (65,-9) (66,-6) (67,-3) (68,-1) (69,3) (70,6) (71,8) (72,10) (73,11) 
(99,0) (74,13) (42,16) (41,16) (6,14) (5,13) (4,11) (3,9) (1,3) (0,-1) (98,-3) (75,12) 
(99,0) (74,13) (42,16) (41,16) (6,14) (5,13) (4,11) (3,9) (1,3) (0,-1) (98,-3) (75,12) (76,11) (77,10) (78,7) (79,6) (80,5) (81,2) (82,0) (83,-4) (84,-7) (85,-10) (86,-13) (87,-15) (88,-16) (89,-18) (90,-19) (91,-18) (92,-19) (93,-18) (94,-16) (95,-13) (96,-10) (97,-8) 
TD 3 :
(99,0) (74,13) (42,16) (41,16) (6,14) (5,13) (4,11) (3,9) (1,3) (0,-1) (40,15) (7,14) (39,14) (9,14) (8,13) 
(99,0) (74,13) (42,16) (41,16) (6,14) (5,13) (4,11) (3,9) (1,3) (0,-1) (40,15) (7,14) (39,14) (9,14) (8,13) (10,13) (11,11) (12,8) (13,6) (14,4) (15,0) (16,-1) (17,-3) (18,-8) (19,-11) (20,-13) (21,-14) (22,-15) (23,-16) (24,-16) (25,-18) (26,-17) (27,-17) (28,-15) (29,-15) (30,-13) (31,-11) (32,-7) (33,-1) (34,1) (35,5) (36,7) (37,10) (38,12) 
(99,0) (74,13) (42,16) (41,16) (6,14) (5,13) (4,11) (3,9) (1,3) (0,-1) (40,15) (7,14) (39,14) (9,14) (8,13) 
(99,0) (74,13) (42,16) (41,16) (6,14) (5,13) (4,11) (3,9) (1,3) (0,-1) (43,15) (44,14) 
(99,0) (74,13) (42,16) (41,16) (6,14) (5,13) (4,11) (3,9) (1,3) (0,-1) (43,15) (44,14) (45,13) (46,11) (47,9) (48,6) (49,2) (50,0) (51,-3) (52,-8) (53,-10) (54,-13) (55,-15) (56,-17) (57,-18) (58,-19) (59,-19) (60,-19) (61,-18) (62,-18) (63,-16) (64,-13) (65,-9) (66,-6) (67,-3) (68,-1) (69,3) (70,6) (71,8) (72,10) (73,11) 
(99,0) (74,13) (42,16) (41,16) (6,14) (5,13) (4,11) (3,9) (1,3) (0,-1) (98,-3) (75,12) (97,-8) (76,11) 
(99,0) (74,13) (42,16) (41,16) (6,14) (5,13) (4,11) (3,9) (1,3) (0,-1) (98,-3) (75,12) (97,-8) (76,11) (77,10) (78,7) (79,6) (80,5) (81,2) (82,0) (83,-4) (84,-7) (85,-10) (86,-13) (87,-15) (88,-16) (89,-18) (90,-19) (91,-18) (92,-19) (93,-18) (94,-16) (95,-13) (96,-10) 
TD 4 :
(99,0) (74,13) (42,16) (41,16) (6,14) (5,13) (4,11) (3,9) (1,3) (0,-1) (40,15) (7,14) (39,14) (9,14) (8,13) (10,13) (11,11) (12,8) (13,6) (14,4) (15,0) (16,-1) (17,-3) (18,-8) (19,-11) (20,-13) (21,-14) (22,-15) (23,-16) (24,-16) (25,-18) (26,-17) (27,-17) (28,-15) (29,-15) (30,-13) (31,-11) (32,-7) (33,-1) (34,1) (35,5) (36,7) (37,10) (38,12) 
(99,0) (74,13) (42,16) (41,16) (6,14) (5,13) (4,11) (3,9) (1,3) (0,-1) (43,15) (44,14) (73,11) (45,13) 
(99,0) (74,13) (42,16) (41,16) (6,14) (5,13) (4,11) (3,9) (1,3) (0,-1) (43,15) (44,14) (73,11) (45,13) (46,11) (47,9) (48,6) (49,2) (50,0) (51,-3) (52,-8) (53,-10) (54,-13) (55,-15) (56,-17) (57,-18) (58,-19) (59,-19) (60,-19) (61,-18) (62,-18) (63,-16) (64,-13) (65,-9) (66,-6) (67,-3) (68,-1) (69,3) (70,6) (71,8) (72,10) 
(99,0) (74,13) (42,16) (41,16) (6,14) (5,13) (4,11) (3,9) (1,3) (0,-1) (43,15) (44,14) (73,11) (45,13) 
(99,0) (74,13) (42,16) (41,16) (6,14) (5,13) (4,11) (3,9) (1,3) (0,-1) (98,-3) (75,12) (97,-8) (76,11) (96,-10) (77,10) 
(99,0) (74,13) (42,16) (41,16) (6,14) (5,13) (4,11) (3,9) (1,3) (0,-1) (98,-3) (75,12) (97,-8) (76,11) (96,-10) (77,10) (78,7) (79,6) (80,5) (81,2) (82,0) (83,-4) (84,-7) (85,-10) (86,-13) (87,-15) (88,-16) (89,-18) (90,-19) (91,-18) (92,-19) (93,-18) (94,-16) (95,-13) 
TD 5 :
(99,0) (74,13) (42,16) (41,16) (6,14) (5,13) (4,11) (3,9) (1,3) (0,-1) (40,15) (7,14) (39,14) (9,14) (8,13) (10,13) (38,12) (11,11) (12,8) (13,6) (14,4) (15,0) (16,-1) (17,-3) (18,-8) (19,-11) (20,-13) (21,-14) (22,-15) (23,-16) (24,-16) (25,-18) (26,-17) (27,-17) (28,-15) (29,-15) (30,-13) (31,-11) (32,-7) (33,-1) (34,1) (35,5) (36,7) (37,10) 
(99,0) (74,13) (42,16) (41,16) (6,14) (5,13) (4,11) (3,9) (1,3) (0,-1) (40,15) (7,14) (39,14) (9,14) (8,13) (10,13) (38,12) (11,11) 
(99,0) (74,13) (42,16) (41,16) (6,14) (5,13) (4,11) (3,9) (1,3) (0,-1) (43,15) (44,14) (73,11) (45,13) (72,10) (46,11) (47,9) (48,6) (49,2) (50,0) (51,-3) (52,-8) (53,-10) (54,-13) (55,-15) (56,-17) (57,-18) (58,-19) (59,-19) (60,-19) (61,-18) (62,-18) (63,-16) (64,-13) (65,-9) (66,-6) (67,-3) (68,-1) (69,3) (70,6) (71,8) 
(99,0) (74,13) (42,16) (41,16) (6,14) (5,13) (4,11) (3,9) (1,3) (0,-1) (43,15) (44,14) (73,11) (45,13) (72,10) 
(99,0) (74,13) (42,16) (41,16) (6,14) (5,13) (4,11) (3,9) (1,3) (0,-1) (98,-3) (75,12) (97,-8) (76,11) (96,-10) (77,10) (95,-13) (80,5) (79,6) (78,7) 
(99,0) (74,13) (42,16) (41,16) (6,14) (5,13) (4,11) (3,9) (1,3) (0,-1) (98,-3) (75,12) (97,-8) (76,11) (96,-10) (77,10) (95,-13) (80,5) (79,6) (78,7) 
(99,0) (74,13) (42,16) (41,16) (6,14) (5,13) (4,11) (3,9) (1,3) (0,-1) (98,-3) (75,12) (97,-8) (76,11) (96,-10) (77,10) (95,-13) (80,5) (79,6) (78,7) 
(99,0) (74,13) (42,16) (41,16) (6,14) (5,13) (4,11) (3,9) (1,3) (0,-1) (98,-3) (75,12) (97,-8) (76,11) (96,-10) (77,10) (95,-13) (80,5) (79,6) (78,7) (81,2) (82,0) (83,-4) (84,-7) (85,-10) (86,-13) (87,-15) (88,-16) (89,-18) (90,-19) (91,-18) (92,-19) (93,-18) (94,-16) 
TD 6 :
(99,0) (74,13) (42,16) (41,16) (6,14) (5,13) (4,11) (3,9) (1,3) (0,-1) (40,15) (7,14) (39,14) (9,14) (8,13) (10,13) (38,12) (11,11) (12,8) (13,6) (14,4) (15,0) (16,-1) (17,-3) (18,-8) (19,-11) (20,-13) (21,-14) (22,-15) (23,-16) (24,-16) (25,-18) (26,-17) (27,-17) (28,-15) (29,-15) (30,-13) (31,-11) (32,-7) (33,-1) (34,1) (35,5) (36,7) (37,10) 
(99,0) (74,13) (42,16) (41,16) (6,14) (5,13) (4,11) (3,9) (1,3) (0,-1) (43,15) (44,14) (73,11) (45,13) (72,10) (71,8) (46,11) 
(99,0) (74,13) (42,16) (41,16) (6,14) (5,13) (4,11) (3,9) (1,3) (0,-1) (43,15) (44,14) (73,11) (45,13) (72,10) (71,8) (46,11) (47,9) (48,6) (49,2) (50,0) (51,-3) (52,-8) (53,-10) (54,-13) (55,-15) (56,-17) (57,-18) (58,-19) (59,-19) (60,-19) (61,-18) (62,-18) (63,-16) (64,-13) (65,-9) (66,-6) (67,-3) (68,-1) (69,3) (70,6) 
(99,0) (74,13) (42,16) (41,16) (6,14) (5,13) (4,11) (3,9) (1,3) (0,-1) (43,15) (44,14) (73,11) (45,13) (72,10) (71,8) (46,11) 
(99,0) (74,13) (42,16) (41,16) (6,14) (5,13) (4,11) (3,9) (1,3) (0,-1) (98,-3) (75,12) (97,-8) (76,11) (96,-10) (77,10) (95,-13) (80,5) (79,6) (78,7) (94,-16) (81,2) 
(99,0) (74,13) (42,16) (41,16) (6,14) (5,13) (4,11) (3,9) (1,3) (0,-1) (98,-3) (75,12) (97,-8) (76,11) (96,-10) (77,10) (95,-13) (80,5) (79,6) (78,7) (94,-16) (81,2) (82,0) (83,-4) (84,-7) (85,-10) (86,-13) (87,-15) (88,-16) (89,-18) (90,-19) (91,-18) (92,-19) (93,-18) 
TD 7 :
(99,0) (74,13) (42,16) (41,16) (6,14) (5,13) (4,11) (3,9) (1,3) (0,-1) (40,15) (7,14) (39,14) (9,14) (8,13) (10,13) (38,12) (11,11) (12,8) (37,10) (13,6) (14,4) (15,0) (16,-1) (17,-3) (18,-8) (19,-11) (20,-13) (21,-14) (22,-15) (23,-16) (24,-16) (25,-18) (26,-17) (27,-17) (28,-15) (29,-15) (30,-13) (31,-11) (32,-7) (33,-1) (34,1) (35,5) (36,7) 
(99,0) (74,13) (42,16) (41,16) (6,14) (5,13) (4,11) (3,9) (1,3) (0,-1) (40,15) (7,14) (39,14) (9,14) (8,13) (10,13) (38,12) (11,11) (12,8) (37,10) (13,6) 
(99,0) (74,13) (42,16) (41,16) (6,14) (5,13) (4,11) (3,9) (1,3) (0,-1) (43,15) (44,14) (73,11) (45,13) (72,10) (71,8) (46,11) (70,6) (47,9) 
(99,0) (74,13) (42,16) (41,16) (6,14) (5,13) (4,11) (3,9) (1,3) (0,-1) (43,15) (44,14) (73,11) (45,13) (72,10) (71,8) (46,11) (70,6) (47,9) (48,6) (49,2) (50,0) (51,-3) (52,-8) (53,-10) (54,-13) (55,-15) (56,-17) (57,-18) (58,-19) (59,-19) (60,-19) (61,-18) (62,-18) (63,-16) (64,-13) (65,-9) (66,-6) (67,-3) (68,-1) (69,3) 
(99,0) (74,13) (42,16) (41,16) (6,14) (5,13) (4,11) (3,9) (1,3) (0,-1) (43,15) (44,14) (73,11) (45,13) (72,10) (71,8) (46,11) (70,6) (47,9) 
(99,0) (74,13) (42,16) (41,16) (6,14) (5,13) (4,11) (3,9) (1,3) (0,-1) (98,-3) (75,12) (97,-8) (76,11) (96,-10) (77,10) (95,-13) (80,5) (79,6) (78,7) (94,-16) (81,2) (93,-18) (82,0) 
(99,0) (74,13) (42,16) (41,16) (6,14) (5,13) (4,11) (3,9) (1,3) (0,-1) (98,-3) (75,12) (97,-8) (76,11) (96,-10) (77,10) (95,-13) (80,5) (79,6) (78,7) (94,-16) (81,2) (93,-18) (82,0) (83,-4) (84,-7) (85,-10) (86,-13) (87,-15) (88,-16) (89,-18) (90,-19) (91,-18) (92,-19) 
TD 8 :
(99,0) (74,13) (42,16) (41,16) (6,14) (5,13) (4,11) (3,9) (1,3) (0,-1) (40,15) (7,14) (39,14) (9,14) (8,13) (10,13) (38,12) (11,11) (12,8) (37,10) (13,6) (36,7) (14,4) (15,0) (16,-1) (17,-3) (18,-8) (19,-11) (20,-13) (21,-14) (22,-15) (23,-16) (24,-16) (25,-18) (26,-17) (27,-17) (28,-15) (29,-15) (30,-13) (31,-11) (32,-7) (33,-1) (34,1) (35,5) 
(99,0) (74,13) (42,16) (41,16) (6,14) (5,13) (4,11) (3,9) (1,3) (0,-1) (40,15) (7,14) (39,14) (9,14) (8,13) (10,13) (38,12) (11,11) (12,8) (37,10) (13,6) (36,7) (14,4) 
(99,0) (74,13) (42,16) (41,16) (6,14) (5,13) (4,11) (3,9) (1,3) (0,-1) (43,15) (44,14) (73,11) (45,13) (72,10) (71,8) (46,11) (70,6) (47,9) (69,3) (48,6) 
(99,0) (74,13) (42,16) (41,16) (6,14) (5,13) (4,11) (3,9) (1,3) (0,-1) (43,15) (44,14) (73,11) (45,13) (72,10) (71,8) (46,11) (70,6) (47,9) (69,3) (48,6) (49,2) (50,0) (51,-3) (52,-8) (53,-10) (54,-13) (55,-15) (56,-17) (57,-18) (58,-19) (59,-19) (60,-19) (61,-18) (62,-18) (63,-16) (64,-13) (65,-9) (66,-6) (67,-3) (68,-1) 
(99,0) (74,13) (42,16) (41,16) (6,14) (5,13) (4,11) (3,9) (1,3) (0,-1) (43,15) (44,14) (73,11) (45,13) (72,10) (71,8) (46,11) (70,6) (47,9) (69,3) (48,6) 
(99,0) (74,13) (42,16) (41,16) (6,14) (5,13) (4,11) (3,9) (1,3) (0,-1) (98,-3) (75,12) (97,-8) (76,11) (96,-10) (77,10) (95,-13) (80,5) (79,6) (78,7) (94,-16) (81,2) (93,-18) (82,0) (92,-19) (83,-4) 
(99,0) (74,13) (42,16) (41,16) (6,14) (5,13) (4,11) (3,9) (1,3) (0,-1) (98,-3) (75,12) (97,-8) (76,11) (96,-10) (77,10) (95,-13) (80,5) (79,6) (78,7) (94,-16) (81,2) (93,-18) (82,0) (92,-19) (83,-4) (84,-7) (85,-10) (86,-13) (87,-15) (88,-16) (89,-18) (90,-19) (91,-18) 
TD 9 :
(99,0) (74,13) (42,16) (41,16) (6,14) (5,13) (4,11) (3,9) (1,3) (0,-1) (40,15) (7,14) (39,14) (9,14) (8,13) (10,13) (38,12) (11,11) (12,8) (37,10) (13,6) (36,7) (14,4) (35,5) (15,0) (16,-1) (17,-3) (18,-8) (19,-11) (20,-13) (21,-14) (22,-15) (23,-16) (24,-16) (25,-18) (26,-17) (27,-17) (28,-15) (29,-15) (30,-13) (31,-11) (32,-7) (33,-1) (34,1) 
(99,0) (74,13) (42,16) (41,16) (6,14) (5,13) (4,11) (3,9) (1,3) (0,-1) (40,15) (7,14) (39,14) (9,14) (8,13) (10,13) (38,12) (11,11) (12,8) (37,10) (13,6) (36,7) (14,4) (35,5) (15,0) 
(99,0) (74,13) (42,16) (41,16) (6,14) (5,13) (4,11) (3,9) (1,3) (0,-1) (43,15) (44,14) (73,11) (45,13) (72,10) (71,8) (46,11) (70,6) (47,9) (69,3) (48,6) (68,-1) (49,2) (50,0) (51,-3) (52,-8) (53,-10) (54,-13) (55,-15) (56,-17) (57,-18) (58,-19) (59,-19) (60,-19) (61,-18) (62,-18) (63,-16) (64,-13) (65,-9) (66,-6) (67,-3) 
(99,0) (74,13) (42,16) (41,16) (6,14) (5,13) (4,11) (3,9) (1,3) (0,-1) (43,15) (44,14) (73,11) (45,13) (72,10) (71,8) (46,11) (70,6) (47,9) (69,3) (48,6) (68,-1) 
(99,0) (74,13) (42,16) (41,16) (6,14) (5,13) (4,11) (3,9) (1,3) (0,-1) (98,-3) (75,12) (97,-8) (76,11) (96,-10) (77,10) (95,-13) (80,5) (79,6) (78,7) (94,-16) (81,2) (93,-18) (82,0) (92,-19) (83,-4) (91,-18) (84,-7) 
(99,0) (74,13) (42,16) (41,16) (6,14) (5,13) (4,11) (3,9) (1,3) (0,-1) (98,-3) (75,12) (97,-8) (76,11) (96,-10) (77,10) (95,-13) (80,5) (79,6) (78,7) (94,-16) (81,2) (93,-18) (82,0) (92,-19) (83,-4) (91,-18) (84,-7) (85,-10) (86,-13) (87,-15) (88,-16) (89,-18) (90,-19) 
TD 10 :
(99,0) (74,13) (42,16) (41,16) (6,14) (5,13) (4,11) (3,9) (1,3) (0,-1) (40,15) (7,14) (39,14) (9,14) (8,13) (10,13) (38,12) (11,11) (12,8) (37,10) (13,6) (36,7) (14,4) (35,5) (15,0) (34,1) (16,-1) (17,-3) (18,-8) (19,-11) (20,-13) (21,-14) (22,-15) (23,-16) (24,-16) (25,-18) (26,-17) (27,-17) (28,-15) (29,-15) (30,-13) (31,-11) (32,-7) (33,-1) 
(99,0) (74,13) (42,16) (41,16) (6,14) (5,13) (4,11) (3,9) (1,3) (0,-1) (40,15) (7,14) (39,14) (9,14) (8,13) (10,13) (38,12) (11,11) (12,8) (37,10) (13,6) (36,7) (14,4) (35,5) (15,0) (34,1) (16,-1) 
(99,0) (74,13) (42,16) (41,16) (6,14) (5,13) (4,11) (3,9) (1,3) (0,-1) (43,15) (44,14) (73,11) (45,13) (72,10) (71,8) (46,11) (70,6) (47,9) (69,3) (48,6) (68,-1) (67,-3) (49,2) 
(99,0) (74,13) (42,16) (41,16) (6,14) (5,13) (4,11) (3,9) (1,3) (0,-1) (43,15) (44,14) (73,11) (45,13) (72,10) (71,8) (46,11) (70,6) (47,9) (69,3) (48,6) (68,-1) (67,-3) (49,2) (50,0) (51,-3) (52,-8) (53,-10) (54,-13) (55,-15) (56,-17) (57,-18) (58,-19) (59,-19) (60,-19) (61,-18) (62,-18) (63,-16) (64,-13) (65,-9) (66,-6) 
(99,0) (74,13) (42,16) (41,16) (6,14) (5,13) (4,11) (3,9) (1,3) (0,-1) (43,15) (44,14) (73,11) (45,13) (72,10) (71,8) (46,11) (70,6) (47,9) (69,3) (48,6) (68,-1) (67,-3) (49,2) 
(99,0) (74,13) (42,16) (41,16) (6,14) (5,13) (4,11) (3,9) (1,3) (0,-1) (98,-3) (75,12) (97,-8) (76,11) (96,-10) (77,10) (95,-13) (80,5) (79,6) (78,7) (94,-16) (81,2) (93,-18) (82,0) (92,-19) (83,-4) (91,-18) (84,-7) (90,-19) (85,-10) 
(99,0) (74,13) (42,16) (41,16) (6,14) (5,13) (4,11) (3,9) (1,3) (0,-1) (98,-3) (75,12) (97,-8) (76,11) (96,-10) (77,10) (95,-13) (80,5) (79,6) (78,7) (94,-16) (81,2) (93,-18) (82,0) (92,-19) (83,-4) (91,-18) (84,-7) (90,-19) (85,-10) (86,-13) (87,-15) (88,-16) (89,-18) 
TD 11 :
(99,0) (74,13) (42,16) (41,16) (6,14) (5,13) (4,11) (3,9) (1,3) (0,-1) (40,15) (7,14) (39,14) (9,14) (8,13) (10,13) (38,12) (11,11) (12,8) (37,10) (13,6) (36,7) (14,4) (35,5) (15,0) (34,1) (16,-1) (33,-1) (17,-3) (18,-8) (19,-11) (20,-13) (21,-14) (22,-15) (23,-16) (24,-16) (25,-18) (26,-17) (27,-17) (28,-15) (29,-15) (30,-13) (31,-11) (32,-7) 
(99,0) (74,13) (42,16) (41,16) (6,14) (5,13) (4,11) (3,9) (1,3) (0,-1) (40,15) (7,14) (39,14) (9,14) (8,13) (10,13) (38,12) (11,11) (12,8) (37,10) (13,6) (36,7) (14,4) (35,5) (15,0) (34,1) (16,-1) (33,-1) (17,-3) 
(99,0) (74,13) (42,16) (41,16) (6,14) (5,13) (4,11) (3,9) (1,3) (0,-1) (43,15) (44,14) (73,11) (45,13) (72,10) (71,8) (46,11) (70,6) (47,9) (69,3) (48,6) (68,-1) (67,-3) (49,2) (50,0) 
(99,0) (74,13) (42,16) (41,16) (6,14) (5,13) (4,11) (3,9) (1,3) (0,-1) (43,15) (44,14) (73,11) (45,13) (72,10) (71,8) (46,11) (70,6) (47,9) (69,3) (48,6) (68,-1) (67,-3) (49,2) (50,0) (51,-3) (52,-8) (53,-10) (54,-13) (55,-15) (56,-17) (57,-18) (58,-19) (59,-19) (60,-19) (61,-18) (62,-18) (63,-16) (64,-13) (65,-9) (66,-6) 
(99,0) (74,13) (42,16) (41,16) (6,14) (5,13) (4,11) (3,9) (1,3) (0,-1) (98,-3) (75,12) (97,-8) (76,11) (96,-10) (77,10) (95,-13) (80,5) (79,6) (78,7) (94,-16) (81,2) (93,-18) (82,0) (92,-19) (83,-4) (91,-18) (84,-7) (90,-19) (85,-10) (89,-18) (88,-16) (86,-13) 
(99,0) (74,13) (42,16) (41,16) (6,14) (5,13) (4,11) (3,9) (1,3) (0,-1) (98,-3) (75,12) (97,-8) (76,11) (96,-10) (77,10) (95,-13) (80,5) (79,6) (78,7) (94,-16) (81,2) (93,-18) (82,0) (92,-19) (83,-4) (91,-18) (84,-7) (90,-19) (85,-10) (89,-18) (88,-16) (86,-13) (87,-15) 
(99,0) (74,13) (42,16) (41,16) (6,14) (5,13) (4,11) (3,9) (1,3) (0,-1) (98,-3) (75,12) (97,-8) (76,11) (96,-10) (77,10) (95,-13) (80,5) (79,6) (78,7) (94,-16) (81,2) (93,-18) (82,0) (92,-19) (83,-4) (91,-18) (84,-7) (90,-19) (85,-10) (89,-18) (88,-16) (86,-13) 
TD 12 :
(99,0) (74,13) (42,16) (41,16) (6,14) (5,13) (4,11) (3,9) (1,3) (0,-1) (40,15) (7,14) (39,14) (9,14) (8,13) (10,13) (38,12) (11,11) (12,8) (37,10) (13,6) (36,7) (14,4) (35,5) (15,0) (34,1) (16,-1) (33,-1) (17,-3) (18,-8) (19,-11) (20,-13) (21,-14) (22,-15) (23,-16) (24,-16) (25,-18) (26,-17) (27,-17) (28,-15) (29,-15) (30,-13) (31,-11) (32,-7) 
(99,0) (74,13) (42,16) (41,16) (6,14) (5,13) (4,11) (3,9) (1,3) (0,-1) (43,15) (44,14) (73,11) (45,13) (72,10) (71,8) (46,11) (70,6) (47,9) (69,3) (48,6) (68,-1) (67,-3) (49,2) (50,0) (66,-6) (51,-3) 
(99,0) (74,13) (42,16) (41,16) (6,14) (5,13) (4,11) (3,9) (1,3) (0,-1) (43,15) (44,14) (73,11) (45,13) (72,10) (71,8) (46,11) (70,6) (47,9) (69,3) (48,6) (68,-1) (67,-3) (49,2) (50,0) (66,-6) (51,-3) (52,-8) (53,-10) (54,-13) (55,-15) (56,-17) (57,-18) (58,-19) (59,-19) (60,-19) (61,-18) (62,-18) (63,-16) (64,-13) (65,-9) 
(99,0) (74,13) (42,16) (41,16) (6,14) (5,13) (4,11) (3,9) (1,3) (0,-1) (43,15) (44,14) (73,11) (45,13) (72,10) (71,8) (46,11) (70,6) (47,9) (69,3) (48,6) (68,-1) (67,-3) (49,2) (50,0) (66,-6) (51,-3) 
(99,0) (74,13) (42,16) (41,16) (6,14) (5,13) (4,11) (3,9) (1,3) (0,-1) (98,-3) (75,12) (97,-8) (76,11) (96,-10) (77,10) (95,-13) (80,5) (79,6) (78,7) (94,-16) (81,2) (93,-18) (82,0) (92,-19) (83,-4) (91,-18) (84,-7) (90,-19) (85,-10) (89,-18) (88,-16) (86,-13) (87,-15) 
TD 13 :
(99,0) (74,13) (42,16) (41,16) (6,14) (5,13) (4,11) (3,9) (1,3) (0,-1) (40,15) (7,14) (39,14) (9,14) (8,13) (10,13) (38,12) (11,11) (12,8) (37,10) (13,6) (36,7) (14,4) (35,5) (15,0) (34,1) (16,-1) (33,-1) (17,-3) (18,-8) (32,-7) (19,-11) (20,-13) (21,-14) (22,-15) (23,-16) (24,-16) (25,-18) (26,-17) (27,-17) (28,-15) (29,-15) (30,-13) (31,-11) 
(99,0) (74,13) (42,16) (41,16) (6,14) (5,13) (4,11) (3,9) (1,3) (0,-1) (40,15) (7,14) (39,14) (9,14) (8,13) (10,13) (38,12) (11,11) (12,8) (37,10) (13,6) (36,7) (14,4) (35,5) (15,0) (34,1) (16,-1) (33,-1) (17,-3) (18,-8) (32,-7) (19,-11) 
(99,0) (74,13) (42,16) (41,16) (6,14) (5,13) (4,11) (3,9) (1,3) (0,-1) (43,15) (44,14) (73,11) (45,13) (72,10) (71,8) (46,11) (70,6) (47,9) (69,3) (48,6) (68,-1) (67,-3) (49,2) (50,0) (66,-6) (51,-3) (65,-9) (52,-8) 
(99,0) (74,13) (42,16) (41,16) (6,14) (5,13) (4,11) (3,9) (1,3) (0,-1) (43,15) (44,14) (73,11) (45,13) (72,10) (71,8) (46,11) (70,6) (47,9) (69,3) (48,6) (68,-1) (67,-3) (49,2) (50,0) (66,-6) (51,-3) (65,-9) (52,-8) (53,-10) (54,-13) (55,-15) (56,-17) (57,-18) (58,-19) (59,-19) (60,-19) (61,-18) (62,-18) (63,-16) (64,-13) 
TD 14 :
(99,0) (74,13) (42,16) (41,16) (6,14) (5,13) (4,11) (3,9) (1,3) (0,-1) (40,15) (7,14) (39,14) (9,14) (8,13) (10,13) (38,12) (11,11) (12,8) (37,10) (13,6) (36,7) (14,4) (35,5) (15,0) (34,1) (16,-1) (33,-1) (17,-3) (18,-8) (32,-7) (19,-11) (31,-11) (20,-13) (21,-14) (22,-15) (23,-16) (24,-16) (25,-18) (26,-17) (27,-17) (28,-15) (29,-15) (30,-13) 
(99,0) (74,13) (42,16) (41,16) (6,14) (5,13) (4,11) (3,9) (1,3) (0,-1) (40,15) (7,14) (39,14) (9,14) (8,13) (10,13) (38,12) (11,11) (12,8) (37,10) (13,6) (36,7) (14,4) (35,5) (15,0) (34,1) (16,-1) (33,-1) (17,-3) (18,-8) (32,-7) (19,-11) (31,-11) (20,-13) 
(99,0) (74,13) (42,16) (41,16) (6,14) (5,13) (4,11) (3,9) (1,3) (0,-1) (43,15) (44,14) (73,11) (45,13) (72,10) (71,8) (46,11) (70,6) (47,9) (69,3) (48,6) (68,-1) (67,-3) (49,2) (50,0) (66,-6) (51,-3) (65,-9) (52,-8) (64,-13) (53,-10) 
(99,0) (74,13) (42,16) (41,16) (6,14) (5,13) (4,11) (3,9) (1,3) (0,-1) (43,15) (44,14) (73,11) (45,13) (72,10) (71,8) (46,11) (70,6) (47,9) (69,3) (48,6) (68,-1) (67,-3) (49,2) (50,0) (66,-6) (51,-3) (65,-9) (52,-8) (64,-13) (53,-10) (54,-13) (55,-15) (56,-17) (57,-18) (58,-19) (59,-19) (60,-19) (61,-18) (62,-18) (63,-16) 
TD 15 :
(99,0) (74,13) (42,16) (41,16) (6,14) (5,13) (4,11) (3,9) (1,3) (0,-1) (40,15) (7,14) (39,14) (9,14) (8,13) (10,13) (38,12) (11,11) (12,8) (37,10) (13,6) (36,7) (14,4) (35,5) (15,0) (34,1) (16,-1) (33,-1) (17,-3) (18,-8) (32,-7) (19,-11) (31,-11) (20,-13) (30,-13) (21,-14) (22,-15) (23,-16) (24,-16) (25,-18) (26,-17) (27,-17) (28,-15) (29,-15) 
(99,0) (74,13) (42,16) (41,16) (6,14) (5,13) (4,11) (3,9) (1,3) (0,-1) (40,15) (7,14) (39,14) (9,14) (8,13) (10,13) (38,12) (11,11) (12,8) (37,10) (13,6) (36,7) (14,4) (35,5) (15,0) (34,1) (16,-1) (33,-1) (17,-3) (18,-8) (32,-7) (19,-11) (31,-11) (20,-13) (30,-13) (21,-14) 
(99,0) (74,13) (42,16) (41,16) (6,14) (5,13) (4,11) (3,9) (1,3) (0,-1) (43,15) (44,14) (73,11) (45,13) (72,10) (71,8) (46,11) (70,6) (47,9) (69,3) (48,6) (68,-1) (67,-3) (49,2) (50,0) (66,-6) (51,-3) (65,-9) (52,-8) (64,-13) (53,-10) (63,-16) (54,-13) 
(99,0) (74,13) (42,16) (41,16) (6,14) (5,13) (4,11) (3,9) (1,3) (0,-1) (43,15) (44,14) (73,11) (45,13) (72,10) (71,8) (46,11) (70,6) (47,9) (69,3) (48,6) (68,-1) (67,-3) (49,2) (50,0) (66,-6) (51,-3) (65,-9) (52,-8) (64,-13) (53,-10) (63,-16) (54,-13) (55,-15) (56,-17) (57,-18) (58,-19) (59,-19) (60,-19) (61,-18) (62,-18) 
TD 16 :
(99,0) (74,13) (42,16) (41,16) (6,14) (5,13) (4,11) (3,9) (1,3) (0,-1) (40,15) (7,14) (39,14) (9,14) (8,13) (10,13) (38,12) (11,11) (12,8) (37,10) (13,6) (36,7) (14,4) (35,5) (15,0) (34,1) (16,-1) (33,-1) (17,-3) (18,-8) (32,-7) (19,-11) (31,-11) (20,-13) (30,-13) (21,-14) (29,-15) (28,-15) (22,-15) (23,-16) (24,-16) (25,-18) (26,-17) (27,-17) 
(99,0) (74,13) (42,16) (41,16) (6,14) (5,13) (4,11) (3,9) (1,3) (0,-1) (40,15) (7,14) (39,14) (9,14) (8,13) (10,13) (38,12) (11,11) (12,8) (37,10) (13,6) (36,7) (14,4) (35,5) (15,0) (34,1) (16,-1) (33,-1) (17,-3) (18,-8) (32,-7) (19,-11) (31,-11) (20,-13) (30,-13) (21,-14) (29,-15) (28,-15) (22,-15) 
(99,0) (74,13) (42,16) (41,16) (6,14) (5,13) (4,11) (3,9) (1,3) (0,-1) (40,15) (7,14) (39,14) (9,14) (8,13) (10,13) (38,12) (11,11) (12,8) (37,10) (13,6) (36,7) (14,4) (35,5) (15,0) (34,1) (16,-1) (33,-1) (17,-3) (18,-8) (32,-7) (19,-11) (31,-11) (20,-13) (30,-13) (21,-14) (29,-15) (28,-15) (22,-15) 
(99,0) (74,13) (42,16) (41,16) (6,14) (5,13) (4,11) (3,9) (1,3) (0,-1) (43,15) (44,14) (73,11) (45,13) (72,10) (71,8) (46,11) (70,6) (47,9) (69,3) (48,6) (68,-1) (67,-3) (49,2) (50,0) (66,-6) (51,-3) (65,-9) (52,-8) (64,-13) (53,-10) (63,-16) (54,-13) (62,-18) (55,-15) 
(99,0) (74,13) (42,16) (41,16) (6,14) (5,13) (4,11) (3,9) (1,3) (0,-1) (43,15) (44,14) (73,11) (45,13) (72,10) (71,8) (46,11) (70,6) (47,9) (69,3) (48,6) (68,-1) (67,-3) (49,2) (50,0) (66,-6) (51,-3) (65,-9) (52,-8) (64,-13) (53,-10) (63,-16) (54,-13) (62,-18) (55,-15) (56,-17) (57,-18) (58,-19) (59,-19) (60,-19) (61,-18) 
TD 17 :
(99,0) (74,13) (42,16) (41,16) (6,14) (5,13) (4,11) (3,9) (1,3) (0,-1) (40,15) (7,14) (39,14) (9,14) (8,13) (10,13) (38,12) (11,11) (12,8) (37,10) (13,6) (36,7) (14,4) (35,5) (15,0) (34,1) (16,-1) (33,-1) (17,-3) (18,-8) (32,-7) (19,-11) (31,-11) (20,-13) (30,-13) (21,-14) (29,-15) (28,-15) (22,-15) (24,-16) (23,-16) 
(99,0) (74,13) (42,16) (41,16) (6,14) (5,13) (4,11) (3,9) (1,3) (0,-1) (40,15) (7,14) (39,14) (9,14) (8,13) (10,13) (38,12) (11,11) (12,8) (37,10) (13,6) (36,7) (14,4) (35,5) (15,0) (34,1) (16,-1) (33,-1) (17,-3) (18,-8) (32,-7) (19,-11) (31,-11) (20,-13) (30,-13) (21,-14) (29,-15) (28,-15) (22,-15) (24,-16) (23,-16) (25,-18) (26,-17) (27,-17) 
(99,0) (74,13) (42,16) (41,16) (6,14) (5,13) (4,11) (3,9) (1,3) (0,-1) (43,15) (44,14) (73,11) (45,13) (72,10) (71,8) (46,11) (70,6) (47,9) (69,3) (48,6) (68,-1) (67,-3) (49,2) (50,0) (66,-6) (51,-3) (65,-9) (52,-8) (64,-13) (53,-10) (63,-16) (54,-13) (62,-18) (55,-15) (61,-18) (56,-17) 
(99,0) (74,13) (42,16) (41,16) (6,14) (5,13) (4,11) (3,9) (1,3) (0,-1) (43,15) (44,14) (73,11) (45,13) (72,10) (71,8) (46,11) (70,6) (47,9) (69,3) (48,6) (68,-1) (67,-3) (49,2) (50,0) (66,-6) (51,-3) (65,-9) (52,-8) (64,-13) (53,-10) (63,-16) (54,-13) (62,-18) (55,-15) (61,-18) (56,-17) (57,-18) (58,-19) (59,-19) (60,-19) 
TD 18 :
(99,0) (74,13) (42,16) (41,16) (6,14) (5,13) (4,11) (3,9) (1,3) (0,-1) (40,15) (7,14) (39,14) (9,14) (8,13) (10,13) (38,12) (11,11) (12,8) (37,10) (13,6) (36,7) (14,4) (35,5) (15,0) (34,1) (16,-1) (33,-1) (17,-3) (18,-8) (32,-7) (19,-11) (31,-11) (20,-13) (30,-13) (21,-14) (29,-15) (28,-15) (22,-15) (24,-16) (23,-16) (27,-17) (26,-17) (25,-18) 
(99,0) (74,13) (42,16) (41,16) (6,14) (5,13) (4,11) (3,9) (1,3) (0,-1) (40,15) (7,14) (39,14) (9,14) (8,13) (10,13) (38,12) (11,11) (12,8) (37,10) (13,6) (36,7) (14,4) (35,5) (15,0) (34,1) (16,-1) (33,-1) (17,-3) (18,-8) (32,-7) (19,-11) (31,-11) (20,-13) (30,-13) (21,-14) (29,-15) (28,-15) (22,-15) (24,-16) (23,-16) (27,-17) (26,-17) (25,-18) 
(99,0) (74,13) (42,16) (41,16) (6,14) (5,13) (4,11) (3,9) (1,3) (0,-1) (40,15) (7,14) (39,14) (9,14) (8,13) (10,13) (38,12) (11,11) (12,8) (37,10) (13,6) (36,7) (14,4) (35,5) (15,0) (34,1) (16,-1) (33,-1) (17,-3) (18,-8) (32,-7) (19,-11) (31,-11) (20,-13) (30,-13) (21,-14) (29,-15) (28,-15) (22,-15) (24,-16) (23,-16) (27,-17) (26,-17) (25,-18) 
(99,0) (74,13) (42,16) (41,16) (6,14) (5,13) (4,11) (3,9) (1,3) (0,-1) (43,15) (44,14) (73,11) (45,13) (72,10) (71,8) (46,11) (70,6) (47,9) (69,3) (48,6) (68,-1) (67,-3) (49,2) (50,0) (66,-6) (51,-3) (65,-9) (52,-8) (64,-13) (53,-10) (63,-16) (54,-13) (62,-18) (55,-15) (61,-18) (56,-17) (60,-19) (57,-18) 
(99,0) (74,13) (42,16) (41,16) (6,14) (5,13) (4,11) (3,9) (1,3) (0,-1) (43,15) (44,14) (73,11) (45,13) (72,10) (71,8) (46,11) (70,6) (47,9) (69,3) (48,6) (68,-1) (67,-3) (49,2) (50,0) (66,-6) (51,-3) (65,-9) (52,-8) (64,-13) (53,-10) (63,-16) (54,-13) (62,-18) (55,-15) (61,-18) (56,-17) (60,-19) (57,-18) (58,-19) (59,-19) 
Pocket 0 :
()
Pocket 1 :
({  (0,-1) ,(1,3) } {  (0,-1) ,(1,3) } {  (0,-1) ,(1,3) } {  (0,-1) ,(1,3) } {  (0,-1) ,(1,3) } {  (0,-1) ,(1,3) } {  (0,-1) ,(1,3) } {  (0,-1) ,(1,3) } {  (0,-1) ,(1,3) } {  (0,-1) ,(1,3) } {  (0,-1) ,(1,3) } {  (0,-1) ,(1,3) } {  (0,-1) ,(1,3) } {  (0,-1) ,(1,3) } {  (0,-1) ,(1,3) } {  (0,-1) ,(1,3) } {  (0,-1) ,(1,3) } {  (0,-1) ,(1,3) } )
Pocket 2 :
({  (2,4) ,(0,-1) } {  (8,13) ,(7,14) } {  (8,13) ,(7,14) } {  (8,13) ,(7,14) } {  (44,14) ,(43,15) } {  (44,14) ,(43,15) } {  (76,11) ,(75,12) } {  (76,11) ,(75,12) } )
Pocket 3 :
({  (8,13) ,(7,14) } {  (10,13) ,(9,14) } {  (8,13) ,(7,14) } {  (10,13) ,(9,14) } {  (8,13) ,(7,14) } {  (10,13) ,(9,14) } {  (45,13) ,(44,14) } {  (45,13) ,(44,14) } {  (77,10) ,(76,11) } {  (77,10) ,(76,11) } )
Pocket 4 :
({  (10,13) ,(8,13) } {  (46,11) ,(45,13) } {  (46,11) ,(45,13) } {  (46,11) ,(45,13) } {  (78,7) ,(77,10) } {  (78,7) ,(77,10) } )
Pocket 5 :
({  (11,11) ,(10,13) } {  (99,0) ,(38,12) } {  (11,11) ,(10,13) } {  (99,0) ,(38,12) } {  (99,0) ,(72,10) } {  (99,0) ,(72,10) } {  (79,6) ,(78,7) } {  (79,6) ,(78,7) } {  (79,6) ,(78,7) } {  (79,6) ,(78,7) } )
Pocket 6 :
({  (12,8) ,(11,11) } {  (47,9) ,(46,11) } {  (47,9) ,(46,11) } {  (47,9) ,(46,11) } {  (82,0) ,(81,2) } {  (82,0) ,(81,2) } )
Pocket 7 :
({  (13,6) ,(12,8) } {  (99,0) ,(37,10) } {  (13,6) ,(12,8) } {  (99,0) ,(37,10) } {  (48,6) ,(47,9) } {  (48,6) ,(47,9) } {  (48,6) ,(47,9) } {  (83,-4) ,(82,0) } {  (83,-4) ,(82,0) } )
Pocket 8 :
({  (14,4) ,(13,6) } {  (99,0) ,(36,7) } {  (14,4) ,(13,6) } {  (99,0) ,(36,7) } {  (49,2) ,(48,6) } {  (49,2) ,(48,6) } {  (49,2) ,(48,6) } {  (84,-7) ,(83,-4) } {  (84,-7) ,(83,-4) } )
Pocket 9 :
({  (15,0) ,(14,4) } {  (99,0) ,(35,5) } {  (15,0) ,(14,4) } {  (99,0) ,(35,5) } {  (99,0) ,(68,-1) } {  (99,0) ,(68,-1) } {  (85,-10) ,(84,-7) } {  (85,-10) ,(84,-7) } )
Pocket 10 :
({  (16,-1) ,(15,0) } {  (99,0) ,(34,1) } {  (16,-1) ,(15,0) } {  (99,0) ,(34,1) } {  (50,0) ,(49,2) } {  (50,0) ,(49,2) } {  (50,0) ,(49,2) } {  (86,-13) ,(85,-10) } {  (86,-13) ,(85,-10) } )
Pocket 11 :
({  (17,-3) ,(16,-1) } {  (99,0) ,(33,-1) } {  (17,-3) ,(16,-1) } {  (99,0) ,(33,-1) } {  (51,-3) ,(50,0) } {  (51,-3) ,(50,0) } {  (87,-15) ,(86,-13) } {  (87,-15) ,(86,-13) } {  (87,-15) ,(86,-13) } )
Pocket 12 :
({  (18,-8) ,(17,-3) } {  (52,-8) ,(51,-3) } {  (52,-8) ,(51,-3) } {  (52,-8) ,(51,-3) } {  (99,0) ,(87,-15) } )
Pocket 13 :
({  (19,-11) ,(18,-8) } {  (99,0) ,(32,-7) } {  (19,-11) ,(18,-8) } {  (99,0) ,(32,-7) } {  (53,-10) ,(52,-8) } {  (53,-10) ,(52,-8) } )
Pocket 14 :
({  (20,-13) ,(19,-11) } {  (99,0) ,(31,-11) } {  (20,-13) ,(19,-11) } {  (99,0) ,(31,-11) } {  (54,-13) ,(53,-10) } {  (54,-13) ,(53,-10) } )
Pocket 15 :
({  (21,-14) ,(20,-13) } {  (99,0) ,(30,-13) } {  (21,-14) ,(20,-13) } {  (99,0) ,(30,-13) } {  (55,-15) ,(54,-13) } {  (55,-15) ,(54,-13) } )
Pocket 16 :
({  (22,-15) ,(21,-14) } {  (29,-15) ,(28,-15) } {  (22,-15) ,(21,-14) } {  (29,-15) ,(28,-15) } {  (22,-15) ,(21,-14) } {  (29,-15) ,(28,-15) } {  (56,-17) ,(55,-15) } {  (56,-17) ,(55,-15) } )
Pocket 17 :
({  (23,-16) ,(22,-15) } {  (25,-18) ,(24,-16) } {  (23,-16) ,(22,-15) } {  (25,-18) ,(24,-16) } {  (57,-18) ,(56,-17) } {  (57,-18) ,(56,-17) } )
