2 layers in onion peeling: 
Layer 1
(9,-1) (7,1) (4,1) (1,1) (0,0) 
Layer 2
(8,-2) (6,0) (3,0) (2,-2) 
---------------------------------------------------------------------------------------
TD 0 :
(9,-1) (8,-2) (7,1) (6,0) (5,-2) (4,1) (3,0) (2,-2) (1,1) (0,0) 
TD 1 :
(9,-1) (7,1) (4,1) (1,1) (0,0) 
(9,-1) (7,1) (4,1) (1,1) (0,0) (2,-2) (3,0) 
(9,-1) (7,1) (4,1) (1,1) (0,0) (5,-2) (6,0) 
(9,-1) (7,1) (4,1) (1,1) (0,0) (8,-2) 
TD 2 :
(9,-1) (7,1) (4,1) (1,1) (0,0) (3,0) (2,-2) 
(9,-1) (7,1) (4,1) (1,1) (0,0) (3,0) (2,-2) 
(9,-1) (7,1) (4,1) (1,1) (0,0) (6,0) (5,-2) 
(9,-1) (7,1) (4,1) (1,1) (0,0) (6,0) 
(9,-1) (7,1) (4,1) (1,1) (0,0) (8,-2) 
Pocket 0 :
()
Pocket 1 :
({  (0,0) ,(1,1) } {  (0,0) ,(1,1) } {  (0,0) ,(1,1) } {  (0,0) ,(1,1) } {  (0,0) ,(1,1) } {  (0,0) ,(1,1) } {  (0,0) ,(1,1) } {  (0,0) ,(1,1) } )
