18 layers in onion peeling: 
Layer 1
(99,-15) (77,7) (76,8) (74,9) (8,13) (7,13) (6,13) (5,12) (1,3) (0,0) 
Layer 2
(98,-18) (75,8) (9,12) (4,9) (2,5) 
Layer 3
(97,-21) (78,4) (73,8) (10,11) (3,6) 
Layer 4
(96,-23) (79,2) (72,7) (43,9) (41,9) (40,9) (39,9) (11,9) 
Layer 5
(95,-26) (80,-1) (71,5) (44,8) (42,8) (12,7) 
Layer 6
(94,-26) (81,-4) (70,4) (38,7) (13,5) 
Layer 7
(93,-27) (82,-7) (69,3) (45,6) (37,6) (14,2) 
Layer 8
(92,-28) (83,-11) (68,1) (46,4) (36,5) (15,-1) 
Layer 9
(91,-28) (84,-14) (67,-3) (47,0) (35,1) (16,-5) 
Layer 10
(90,-28) (85,-17) (66,-6) (48,-3) (34,-1) (17,-8) 
Layer 11
(89,-28) (86,-20) (65,-9) (49,-6) (33,-5) (18,-10) 
Layer 12
(88,-26) (87,-23) (64,-11) (50,-8) (32,-9) (19,-11) 
Layer 13
(63,-14) (51,-13) (31,-12) (20,-14) 
Layer 14
(62,-16) (30,-15) (21,-16) 
Layer 15
(61,-17) (52,-17) (22,-18) 
Layer 16
(60,-19) (29,-18) (23,-20) 
Layer 17
(59,-22) (57,-21) (53,-19) (28,-19) (24,-21) 
Layer 18
(58,-23) (56,-21) (54,-20) (27,-20) (25,-21) 
---------------------------------------------------------------------------------------
TD 0 :
(99,-15) (98,-18) (97,-21) (96,-23) (95,-26) (94,-26) (93,-27) (92,-28) (91,-28) (90,-28) (89,-28) (88,-26) (87,-23) (86,-20) (85,-17) (84,-14) (83,-11) (82,-7) (81,-4) (80,-1) (79,2) (78,4) (77,7) (76,8) (75,8) (74,9) (73,8) (72,7) (71,5) (70,4) (69,3) (68,1) (67,-3) (66,-6) (65,-9) (64,-11) (63,-14) (62,-16) (61,-17) (60,-19) (59,-22) (58,-23) (57,-21) (56,-21) (55,-21) (54,-20) (53,-19) (52,-17) (51,-13) (50,-8) (49,-6) (48,-3) (47,0) (46,4) (45,6) (44,8) (43,9) (42,8) (41,9) (40,9) (39,9) (38,7) (37,6) (36,5) (35,1) (34,-1) (33,-5) (32,-9) (31,-12) (30,-15) (29,-18) (28,-19) (27,-20) (26,-21) (25,-21) (24,-21) (23,-20) (22,-18) (21,-16) (20,-14) (19,-11) (18,-10) (17,-8) (16,-5) (15,-1) (14,2) (13,5) (12,7) (11,9) (10,11) (9,12) (8,13) (7,13) (6,13) (5,12) (4,9) (3,6) (2,5) (1,3) (0,0) 
TD 1 :
(99,-15) (77,7) (76,8) (74,9) (8,13) (7,13) (6,13) (5,12) (1,3) (0,0) 
(99,-15) (77,7) (76,8) (74,9) (8,13) (7,13) (6,13) (5,12) (1,3) (0,0) (2,5) (3,6) (4,9) 
(99,-15) (77,7) (76,8) (74,9) (8,13) (7,13) (6,13) (5,12) (1,3) (0,0) 
(99,-15) (77,7) (76,8) (74,9) (8,13) (7,13) (6,13) (5,12) (1,3) (0,0) 
(99,-15) (77,7) (76,8) (74,9) (8,13) (7,13) (6,13) (5,12) (1,3) (0,0) 
(99,-15) (77,7) (76,8) (74,9) (8,13) (7,13) (6,13) (5,12) (1,3) (0,0) (9,12) (10,11) (11,9) (12,7) (13,5) (14,2) (15,-1) (16,-5) (17,-8) (18,-10) (19,-11) (20,-14) (21,-16) (22,-18) (23,-20) (24,-21) (25,-21) (26,-21) (27,-20) (28,-19) (29,-18) (30,-15) (31,-12) (32,-9) (33,-5) (34,-1) (35,1) (36,5) (37,6) (38,7) (39,9) (40,9) (41,9) (42,8) (43,9) (44,8) (45,6) (46,4) (47,0) (48,-3) (49,-6) (50,-8) (51,-13) (52,-17) (53,-19) (54,-20) (55,-21) (56,-21) (57,-21) (58,-23) (59,-22) (60,-19) (61,-17) (62,-16) (63,-14) (64,-11) (65,-9) (66,-6) (67,-3) (68,1) (69,3) (70,4) (71,5) (72,7) (73,8) 
(99,-15) (77,7) (76,8) (74,9) (8,13) (7,13) (6,13) (5,12) (1,3) (0,0) (75,8) 
(99,-15) (77,7) (76,8) (74,9) (8,13) (7,13) (6,13) (5,12) (1,3) (0,0) 
(99,-15) (77,7) (76,8) (74,9) (8,13) (7,13) (6,13) (5,12) (1,3) (0,0) (78,4) (79,2) (80,-1) (81,-4) (82,-7) (83,-11) (84,-14) (85,-17) (86,-20) (87,-23) (88,-26) (89,-28) (90,-28) (91,-28) (92,-28) (93,-27) (94,-26) (95,-26) (96,-23) (97,-21) (98,-18) 
TD 2 :
(99,-15) (77,7) (76,8) (74,9) (8,13) (7,13) (6,13) (5,12) (1,3) (0,0) (4,9) (2,5) (3,6) 
(99,-15) (77,7) (76,8) (74,9) (8,13) (7,13) (6,13) (5,12) (1,3) (0,0) (4,9) (2,5) 
(99,-15) (77,7) (76,8) (74,9) (8,13) (7,13) (6,13) (5,12) (1,3) (0,0) (9,12) 
(99,-15) (77,7) (76,8) (74,9) (8,13) (7,13) (6,13) (5,12) (1,3) (0,0) (9,12) (10,11) (11,9) (12,7) (13,5) (14,2) (15,-1) (16,-5) (17,-8) (18,-10) (19,-11) (20,-14) (21,-16) (22,-18) (23,-20) (24,-21) (25,-21) (26,-21) (27,-20) (28,-19) (29,-18) (30,-15) (31,-12) (32,-9) (33,-5) (34,-1) (35,1) (36,5) (37,6) (38,7) (39,9) (40,9) (41,9) (42,8) (43,9) (44,8) (45,6) (46,4) (47,0) (48,-3) (49,-6) (50,-8) (51,-13) (52,-17) (53,-19) (54,-20) (55,-21) (56,-21) (57,-21) (58,-23) (59,-22) (60,-19) (61,-17) (62,-16) (63,-14) (64,-11) (65,-9) (66,-6) (67,-3) (68,1) (69,3) (70,4) (71,5) (72,7) (73,8) 
(99,-15) (77,7) (76,8) (74,9) (8,13) (7,13) (6,13) (5,12) (1,3) (0,0) (75,8) 
(99,-15) (77,7) (76,8) (74,9) (8,13) (7,13) (6,13) (5,12) (1,3) (0,0) (75,8) 
(99,-15) (77,7) (76,8) (74,9) (8,13) (7,13) (6,13) (5,12) (1,3) (0,0) (98,-18) (78,4) (79,2) (80,-1) (81,-4) (82,-7) (83,-11) (84,-14) (85,-17) (86,-20) (87,-23) (88,-26) (89,-28) (90,-28) (91,-28) (92,-28) (93,-27) (94,-26) (95,-26) (96,-23) (97,-21) 
TD 3 :
(99,-15) (77,7) (76,8) (74,9) (8,13) (7,13) (6,13) (5,12) (1,3) (0,0) (4,9) (2,5) (3,6) 
(99,-15) (77,7) (76,8) (74,9) (8,13) (7,13) (6,13) (5,12) (1,3) (0,0) (9,12) (73,8) (10,11) 
(99,-15) (77,7) (76,8) (74,9) (8,13) (7,13) (6,13) (5,12) (1,3) (0,0) (9,12) (73,8) (10,11) (11,9) (12,7) (13,5) (14,2) (15,-1) (16,-5) (17,-8) (18,-10) (19,-11) (20,-14) (21,-16) (22,-18) (23,-20) (24,-21) (25,-21) (26,-21) (27,-20) (28,-19) (29,-18) (30,-15) (31,-12) (32,-9) (33,-5) (34,-1) (35,1) (36,5) (37,6) (38,7) (39,9) (40,9) (41,9) (42,8) (43,9) (44,8) (45,6) (46,4) (47,0) (48,-3) (49,-6) (50,-8) (51,-13) (52,-17) (53,-19) (54,-20) (55,-21) (56,-21) (57,-21) (58,-23) (59,-22) (60,-19) (61,-17) (62,-16) (63,-14) (64,-11) (65,-9) (66,-6) (67,-3) (68,1) (69,3) (70,4) (71,5) (72,7) 
(99,-15) (77,7) (76,8) (74,9) (8,13) (7,13) (6,13) (5,12) (1,3) (0,0) (9,12) (73,8) (10,11) 
(99,-15) (77,7) (76,8) (74,9) (8,13) (7,13) (6,13) (5,12) (1,3) (0,0) (98,-18) (97,-21) (78,4) 
(99,-15) (77,7) (76,8) (74,9) (8,13) (7,13) (6,13) (5,12) (1,3) (0,0) (98,-18) (97,-21) (78,4) (79,2) (80,-1) (81,-4) (82,-7) (83,-11) (84,-14) (85,-17) (86,-20) (87,-23) (88,-26) (89,-28) (90,-28) (91,-28) (92,-28) (93,-27) (94,-26) (95,-26) (96,-23) 
TD 4 :
(99,-15) (77,7) (76,8) (74,9) (8,13) (7,13) (6,13) (5,12) (1,3) (0,0) (9,12) (73,8) (10,11) (72,7) (43,9) (41,9) (40,9) (39,9) (11,9) (12,7) (13,5) (14,2) (15,-1) (16,-5) (17,-8) (18,-10) (19,-11) (20,-14) (21,-16) (22,-18) (23,-20) (24,-21) (25,-21) (26,-21) (27,-20) (28,-19) (29,-18) (30,-15) (31,-12) (32,-9) (33,-5) (34,-1) (35,1) (36,5) (37,6) (38,7) 
(99,-15) (77,7) (76,8) (74,9) (8,13) (7,13) (6,13) (5,12) (1,3) (0,0) (9,12) (73,8) (10,11) (72,7) (43,9) (41,9) (40,9) (39,9) (11,9) 
(99,-15) (77,7) (76,8) (74,9) (8,13) (7,13) (6,13) (5,12) (1,3) (0,0) (9,12) (73,8) (10,11) (72,7) (43,9) (41,9) (40,9) (39,9) (11,9) 
(99,-15) (77,7) (76,8) (74,9) (8,13) (7,13) (6,13) (5,12) (1,3) (0,0) (9,12) (73,8) (10,11) (72,7) (43,9) (41,9) (40,9) (39,9) (11,9) (42,8) 
(99,-15) (77,7) (76,8) (74,9) (8,13) (7,13) (6,13) (5,12) (1,3) (0,0) (9,12) (73,8) (10,11) (72,7) (43,9) (41,9) (40,9) (39,9) (11,9) (44,8) (45,6) (46,4) (47,0) (48,-3) (49,-6) (50,-8) (51,-13) (52,-17) (53,-19) (54,-20) (55,-21) (56,-21) (57,-21) (58,-23) (59,-22) (60,-19) (61,-17) (62,-16) (63,-14) (64,-11) (65,-9) (66,-6) (67,-3) (68,1) (69,3) (70,4) (71,5) 
(99,-15) (77,7) (76,8) (74,9) (8,13) (7,13) (6,13) (5,12) (1,3) (0,0) (9,12) (73,8) (10,11) (72,7) (43,9) (41,9) (40,9) (39,9) (11,9) 
(99,-15) (77,7) (76,8) (74,9) (8,13) (7,13) (6,13) (5,12) (1,3) (0,0) (98,-18) (97,-21) (78,4) (96,-23) (79,2) 
(99,-15) (77,7) (76,8) (74,9) (8,13) (7,13) (6,13) (5,12) (1,3) (0,0) (98,-18) (97,-21) (78,4) (96,-23) (79,2) (80,-1) (81,-4) (82,-7) (83,-11) (84,-14) (85,-17) (86,-20) (87,-23) (88,-26) (89,-28) (90,-28) (91,-28) (92,-28) (93,-27) (94,-26) (95,-26) 
TD 5 :
(99,-15) (77,7) (76,8) (74,9) (8,13) (7,13) (6,13) (5,12) (1,3) (0,0) (9,12) (73,8) (10,11) (72,7) (43,9) (41,9) (40,9) (39,9) (11,9) (12,7) (13,5) (14,2) (15,-1) (16,-5) (17,-8) (18,-10) (19,-11) (20,-14) (21,-16) (22,-18) (23,-20) (24,-21) (25,-21) (26,-21) (27,-20) (28,-19) (29,-18) (30,-15) (31,-12) (32,-9) (33,-5) (34,-1) (35,1) (36,5) (37,6) (38,7) 
(99,-15) (77,7) (76,8) (74,9) (8,13) (7,13) (6,13) (5,12) (1,3) (0,0) (9,12) (73,8) (10,11) (72,7) (43,9) (41,9) (40,9) (39,9) (11,9) (42,8) 
(99,-15) (77,7) (76,8) (74,9) (8,13) (7,13) (6,13) (5,12) (1,3) (0,0) (9,12) (73,8) (10,11) (72,7) (43,9) (41,9) (40,9) (39,9) (11,9) (42,8) 
(99,-15) (77,7) (76,8) (74,9) (8,13) (7,13) (6,13) (5,12) (1,3) (0,0) (9,12) (73,8) (10,11) (72,7) (43,9) (41,9) (40,9) (39,9) (11,9) (71,5) (44,8) 
(99,-15) (77,7) (76,8) (74,9) (8,13) (7,13) (6,13) (5,12) (1,3) (0,0) (9,12) (73,8) (10,11) (72,7) (43,9) (41,9) (40,9) (39,9) (11,9) (71,5) (44,8) (45,6) (46,4) (47,0) (48,-3) (49,-6) (50,-8) (51,-13) (52,-17) (53,-19) (54,-20) (55,-21) (56,-21) (57,-21) (58,-23) (59,-22) (60,-19) (61,-17) (62,-16) (63,-14) (64,-11) (65,-9) (66,-6) (67,-3) (68,1) (69,3) (70,4) 
(99,-15) (77,7) (76,8) (74,9) (8,13) (7,13) (6,13) (5,12) (1,3) (0,0) (9,12) (73,8) (10,11) (72,7) (43,9) (41,9) (40,9) (39,9) (11,9) (71,5) (44,8) 
(99,-15) (77,7) (76,8) (74,9) (8,13) (7,13) (6,13) (5,12) (1,3) (0,0) (98,-18) (97,-21) (78,4) (96,-23) (79,2) (95,-26) (80,-1) 
(99,-15) (77,7) (76,8) (74,9) (8,13) (7,13) (6,13) (5,12) (1,3) (0,0) (98,-18) (97,-21) (78,4) (96,-23) (79,2) (95,-26) (80,-1) (81,-4) (82,-7) (83,-11) (84,-14) (85,-17) (86,-20) (87,-23) (88,-26) (89,-28) (90,-28) (91,-28) (92,-28) (93,-27) (94,-26) 
TD 6 :
(99,-15) (77,7) (76,8) (74,9) (8,13) (7,13) (6,13) (5,12) (1,3) (0,0) (9,12) (73,8) (10,11) (72,7) (43,9) (41,9) (40,9) (39,9) (11,9) (12,7) (38,7) (13,5) (14,2) (15,-1) (16,-5) (17,-8) (18,-10) (19,-11) (20,-14) (21,-16) (22,-18) (23,-20) (24,-21) (25,-21) (26,-21) (27,-20) (28,-19) (29,-18) (30,-15) (31,-12) (32,-9) (33,-5) (34,-1) (35,1) (36,5) (37,6) 
(99,-15) (77,7) (76,8) (74,9) (8,13) (7,13) (6,13) (5,12) (1,3) (0,0) (9,12) (73,8) (10,11) (72,7) (43,9) (41,9) (40,9) (39,9) (11,9) (12,7) (38,7) (13,5) 
(99,-15) (77,7) (76,8) (74,9) (8,13) (7,13) (6,13) (5,12) (1,3) (0,0) (9,12) (73,8) (10,11) (72,7) (43,9) (41,9) (40,9) (39,9) (11,9) (71,5) (44,8) (70,4) (45,6) (46,4) (47,0) (48,-3) (49,-6) (50,-8) (51,-13) (52,-17) (53,-19) (54,-20) (55,-21) (56,-21) (57,-21) (58,-23) (59,-22) (60,-19) (61,-17) (62,-16) (63,-14) (64,-11) (65,-9) (66,-6) (67,-3) (68,1) (69,3) 
(99,-15) (77,7) (76,8) (74,9) (8,13) (7,13) (6,13) (5,12) (1,3) (0,0) (9,12) (73,8) (10,11) (72,7) (43,9) (41,9) (40,9) (39,9) (11,9) (71,5) (44,8) (70,4) 
(99,-15) (77,7) (76,8) (74,9) (8,13) (7,13) (6,13) (5,12) (1,3) (0,0) (98,-18) (97,-21) (78,4) (96,-23) (79,2) (95,-26) (80,-1) (94,-26) (81,-4) 
(99,-15) (77,7) (76,8) (74,9) (8,13) (7,13) (6,13) (5,12) (1,3) (0,0) (98,-18) (97,-21) (78,4) (96,-23) (79,2) (95,-26) (80,-1) (94,-26) (81,-4) (82,-7) (83,-11) (84,-14) (85,-17) (86,-20) (87,-23) (88,-26) (89,-28) (90,-28) (91,-28) (92,-28) (93,-27) 
TD 7 :
(99,-15) (77,7) (76,8) (74,9) (8,13) (7,13) (6,13) (5,12) (1,3) (0,0) (9,12) (73,8) (10,11) (72,7) (43,9) (41,9) (40,9) (39,9) (11,9) (12,7) (38,7) (13,5) (37,6) (14,2) (15,-1) (16,-5) (17,-8) (18,-10) (19,-11) (20,-14) (21,-16) (22,-18) (23,-20) (24,-21) (25,-21) (26,-21) (27,-20) (28,-19) (29,-18) (30,-15) (31,-12) (32,-9) (33,-5) (34,-1) (35,1) (36,5) 
(99,-15) (77,7) (76,8) (74,9) (8,13) (7,13) (6,13) (5,12) (1,3) (0,0) (9,12) (73,8) (10,11) (72,7) (43,9) (41,9) (40,9) (39,9) (11,9) (12,7) (38,7) (13,5) (37,6) (14,2) 
(99,-15) (77,7) (76,8) (74,9) (8,13) (7,13) (6,13) (5,12) (1,3) (0,0) (9,12) (73,8) (10,11) (72,7) (43,9) (41,9) (40,9) (39,9) (11,9) (71,5) (44,8) (70,4) (69,3) (45,6) 
(99,-15) (77,7) (76,8) (74,9) (8,13) (7,13) (6,13) (5,12) (1,3) (0,0) (9,12) (73,8) (10,11) (72,7) (43,9) (41,9) (40,9) (39,9) (11,9) (71,5) (44,8) (70,4) (69,3) (45,6) (46,4) (47,0) (48,-3) (49,-6) (50,-8) (51,-13) (52,-17) (53,-19) (54,-20) (55,-21) (56,-21) (57,-21) (58,-23) (59,-22) (60,-19) (61,-17) (62,-16) (63,-14) (64,-11) (65,-9) (66,-6) (67,-3) (68,1) 
(99,-15) (77,7) (76,8) (74,9) (8,13) (7,13) (6,13) (5,12) (1,3) (0,0) (9,12) (73,8) (10,11) (72,7) (43,9) (41,9) (40,9) (39,9) (11,9) (71,5) (44,8) (70,4) (69,3) (45,6) 
(99,-15) (77,7) (76,8) (74,9) (8,13) (7,13) (6,13) (5,12) (1,3) (0,0) (98,-18) (97,-21) (78,4) (96,-23) (79,2) (95,-26) (80,-1) (94,-26) (81,-4) (93,-27) (82,-7) 
(99,-15) (77,7) (76,8) (74,9) (8,13) (7,13) (6,13) (5,12) (1,3) (0,0) (98,-18) (97,-21) (78,4) (96,-23) (79,2) (95,-26) (80,-1) (94,-26) (81,-4) (93,-27) (82,-7) (83,-11) (84,-14) (85,-17) (86,-20) (87,-23) (88,-26) (89,-28) (90,-28) (91,-28) (92,-28) 
TD 8 :
(99,-15) (77,7) (76,8) (74,9) (8,13) (7,13) (6,13) (5,12) (1,3) (0,0) (9,12) (73,8) (10,11) (72,7) (43,9) (41,9) (40,9) (39,9) (11,9) (12,7) (38,7) (13,5) (37,6) (14,2) (36,5) (15,-1) (16,-5) (17,-8) (18,-10) (19,-11) (20,-14) (21,-16) (22,-18) (23,-20) (24,-21) (25,-21) (26,-21) (27,-20) (28,-19) (29,-18) (30,-15) (31,-12) (32,-9) (33,-5) (34,-1) (35,1) 
(99,-15) (77,7) (76,8) (74,9) (8,13) (7,13) (6,13) (5,12) (1,3) (0,0) (9,12) (73,8) (10,11) (72,7) (43,9) (41,9) (40,9) (39,9) (11,9) (12,7) (38,7) (13,5) (37,6) (14,2) (36,5) (15,-1) 
(99,-15) (77,7) (76,8) (74,9) (8,13) (7,13) (6,13) (5,12) (1,3) (0,0) (9,12) (73,8) (10,11) (72,7) (43,9) (41,9) (40,9) (39,9) (11,9) (71,5) (44,8) (70,4) (69,3) (45,6) (68,1) (46,4) 
(99,-15) (77,7) (76,8) (74,9) (8,13) (7,13) (6,13) (5,12) (1,3) (0,0) (9,12) (73,8) (10,11) (72,7) (43,9) (41,9) (40,9) (39,9) (11,9) (71,5) (44,8) (70,4) (69,3) (45,6) (68,1) (46,4) (47,0) (48,-3) (49,-6) (50,-8) (51,-13) (52,-17) (53,-19) (54,-20) (55,-21) (56,-21) (57,-21) (58,-23) (59,-22) (60,-19) (61,-17) (62,-16) (63,-14) (64,-11) (65,-9) (66,-6) (67,-3) 
(99,-15) (77,7) (76,8) (74,9) (8,13) (7,13) (6,13) (5,12) (1,3) (0,0) (9,12) (73,8) (10,11) (72,7) (43,9) (41,9) (40,9) (39,9) (11,9) (71,5) (44,8) (70,4) (69,3) (45,6) (68,1) (46,4) 
(99,-15) (77,7) (76,8) (74,9) (8,13) (7,13) (6,13) (5,12) (1,3) (0,0) (98,-18) (97,-21) (78,4) (96,-23) (79,2) (95,-26) (80,-1) (94,-26) (81,-4) (93,-27) (82,-7) (92,-28) (83,-11) 
(99,-15) (77,7) (76,8) (74,9) (8,13) (7,13) (6,13) (5,12) (1,3) (0,0) (98,-18) (97,-21) (78,4) (96,-23) (79,2) (95,-26) (80,-1) (94,-26) (81,-4) (93,-27) (82,-7) (92,-28) (83,-11) (84,-14) (85,-17) (86,-20) (87,-23) (88,-26) (89,-28) (90,-28) (91,-28) 
TD 9 :
(99,-15) (77,7) (76,8) (74,9) (8,13) (7,13) (6,13) (5,12) (1,3) (0,0) (9,12) (73,8) (10,11) (72,7) (43,9) (41,9) (40,9) (39,9) (11,9) (12,7) (38,7) (13,5) (37,6) (14,2) (36,5) (15,-1) (35,1) (16,-5) (17,-8) (18,-10) (19,-11) (20,-14) (21,-16) (22,-18) (23,-20) (24,-21) (25,-21) (26,-21) (27,-20) (28,-19) (29,-18) (30,-15) (31,-12) (32,-9) (33,-5) (34,-1) 
(99,-15) (77,7) (76,8) (74,9) (8,13) (7,13) (6,13) (5,12) (1,3) (0,0) (9,12) (73,8) (10,11) (72,7) (43,9) (41,9) (40,9) (39,9) (11,9) (12,7) (38,7) (13,5) (37,6) (14,2) (36,5) (15,-1) (35,1) (16,-5) 
(99,-15) (77,7) (76,8) (74,9) (8,13) (7,13) (6,13) (5,12) (1,3) (0,0) (9,12) (73,8) (10,11) (72,7) (43,9) (41,9) (40,9) (39,9) (11,9) (71,5) (44,8) (70,4) (69,3) (45,6) (68,1) (46,4) (67,-3) (47,0) 
(99,-15) (77,7) (76,8) (74,9) (8,13) (7,13) (6,13) (5,12) (1,3) (0,0) (9,12) (73,8) (10,11) (72,7) (43,9) (41,9) (40,9) (39,9) (11,9) (71,5) (44,8) (70,4) (69,3) (45,6) (68,1) (46,4) (67,-3) (47,0) (48,-3) (49,-6) (50,-8) (51,-13) (52,-17) (53,-19) (54,-20) (55,-21) (56,-21) (57,-21) (58,-23) (59,-22) (60,-19) (61,-17) (62,-16) (63,-14) (64,-11) (65,-9) (66,-6) 
(99,-15) (77,7) (76,8) (74,9) (8,13) (7,13) (6,13) (5,12) (1,3) (0,0) (9,12) (73,8) (10,11) (72,7) (43,9) (41,9) (40,9) (39,9) (11,9) (71,5) (44,8) (70,4) (69,3) (45,6) (68,1) (46,4) (67,-3) (47,0) 
(99,-15) (77,7) (76,8) (74,9) (8,13) (7,13) (6,13) (5,12) (1,3) (0,0) (98,-18) (97,-21) (78,4) (96,-23) (79,2) (95,-26) (80,-1) (94,-26) (81,-4) (93,-27) (82,-7) (92,-28) (83,-11) (91,-28) (84,-14) 
(99,-15) (77,7) (76,8) (74,9) (8,13) (7,13) (6,13) (5,12) (1,3) (0,0) (98,-18) (97,-21) (78,4) (96,-23) (79,2) (95,-26) (80,-1) (94,-26) (81,-4) (93,-27) (82,-7) (92,-28) (83,-11) (91,-28) (84,-14) (85,-17) (86,-20) (87,-23) (88,-26) (89,-28) (90,-28) 
TD 10 :
(99,-15) (77,7) (76,8) (74,9) (8,13) (7,13) (6,13) (5,12) (1,3) (0,0) (9,12) (73,8) (10,11) (72,7) (43,9) (41,9) (40,9) (39,9) (11,9) (12,7) (38,7) (13,5) (37,6) (14,2) (36,5) (15,-1) (35,1) (16,-5) (34,-1) (17,-8) (18,-10) (19,-11) (20,-14) (21,-16) (22,-18) (23,-20) (24,-21) (25,-21) (26,-21) (27,-20) (28,-19) (29,-18) (30,-15) (31,-12) (32,-9) (33,-5) 
(99,-15) (77,7) (76,8) (74,9) (8,13) (7,13) (6,13) (5,12) (1,3) (0,0) (9,12) (73,8) (10,11) (72,7) (43,9) (41,9) (40,9) (39,9) (11,9) (12,7) (38,7) (13,5) (37,6) (14,2) (36,5) (15,-1) (35,1) (16,-5) (34,-1) (17,-8) 
(99,-15) (77,7) (76,8) (74,9) (8,13) (7,13) (6,13) (5,12) (1,3) (0,0) (9,12) (73,8) (10,11) (72,7) (43,9) (41,9) (40,9) (39,9) (11,9) (71,5) (44,8) (70,4) (69,3) (45,6) (68,1) (46,4) (67,-3) (47,0) (66,-6) (48,-3) 
(99,-15) (77,7) (76,8) (74,9) (8,13) (7,13) (6,13) (5,12) (1,3) (0,0) (9,12) (73,8) (10,11) (72,7) (43,9) (41,9) (40,9) (39,9) (11,9) (71,5) (44,8) (70,4) (69,3) (45,6) (68,1) (46,4) (67,-3) (47,0) (66,-6) (48,-3) (49,-6) (50,-8) (51,-13) (52,-17) (53,-19) (54,-20) (55,-21) (56,-21) (57,-21) (58,-23) (59,-22) (60,-19) (61,-17) (62,-16) (63,-14) (64,-11) (65,-9) 
(99,-15) (77,7) (76,8) (74,9) (8,13) (7,13) (6,13) (5,12) (1,3) (0,0) (9,12) (73,8) (10,11) (72,7) (43,9) (41,9) (40,9) (39,9) (11,9) (71,5) (44,8) (70,4) (69,3) (45,6) (68,1) (46,4) (67,-3) (47,0) (66,-6) (48,-3) 
(99,-15) (77,7) (76,8) (74,9) (8,13) (7,13) (6,13) (5,12) (1,3) (0,0) (98,-18) (97,-21) (78,4) (96,-23) (79,2) (95,-26) (80,-1) (94,-26) (81,-4) (93,-27) (82,-7) (92,-28) (83,-11) (91,-28) (84,-14) (90,-28) (85,-17) 
(99,-15) (77,7) (76,8) (74,9) (8,13) (7,13) (6,13) (5,12) (1,3) (0,0) (98,-18) (97,-21) (78,4) (96,-23) (79,2) (95,-26) (80,-1) (94,-26) (81,-4) (93,-27) (82,-7) (92,-28) (83,-11) (91,-28) (84,-14) (90,-28) (85,-17) (86,-20) (87,-23) (88,-26) (89,-28) 
TD 11 :
(99,-15) (77,7) (76,8) (74,9) (8,13) (7,13) (6,13) (5,12) (1,3) (0,0) (9,12) (73,8) (10,11) (72,7) (43,9) (41,9) (40,9) (39,9) (11,9) (12,7) (38,7) (13,5) (37,6) (14,2) (36,5) (15,-1) (35,1) (16,-5) (34,-1) (17,-8) (33,-5) (18,-10) (19,-11) (20,-14) (21,-16) (22,-18) (23,-20) (24,-21) (25,-21) (26,-21) (27,-20) (28,-19) (29,-18) (30,-15) (31,-12) (32,-9) 
(99,-15) (77,7) (76,8) (74,9) (8,13) (7,13) (6,13) (5,12) (1,3) (0,0) (9,12) (73,8) (10,11) (72,7) (43,9) (41,9) (40,9) (39,9) (11,9) (12,7) (38,7) (13,5) (37,6) (14,2) (36,5) (15,-1) (35,1) (16,-5) (34,-1) (17,-8) (33,-5) (18,-10) 
(99,-15) (77,7) (76,8) (74,9) (8,13) (7,13) (6,13) (5,12) (1,3) (0,0) (9,12) (73,8) (10,11) (72,7) (43,9) (41,9) (40,9) (39,9) (11,9) (71,5) (44,8) (70,4) (69,3) (45,6) (68,1) (46,4) (67,-3) (47,0) (66,-6) (48,-3) (65,-9) (49,-6) 
(99,-15) (77,7) (76,8) (74,9) (8,13) (7,13) (6,13) (5,12) (1,3) (0,0) (9,12) (73,8) (10,11) (72,7) (43,9) (41,9) (40,9) (39,9) (11,9) (71,5) (44,8) (70,4) (69,3) (45,6) (68,1) (46,4) (67,-3) (47,0) (66,-6) (48,-3) (65,-9) (49,-6) (50,-8) (51,-13) (52,-17) (53,-19) (54,-20) (55,-21) (56,-21) (57,-21) (58,-23) (59,-22) (60,-19) (61,-17) (62,-16) (63,-14) (64,-11) 
(99,-15) (77,7) (76,8) (74,9) (8,13) (7,13) (6,13) (5,12) (1,3) (0,0) (9,12) (73,8) (10,11) (72,7) (43,9) (41,9) (40,9) (39,9) (11,9) (71,5) (44,8) (70,4) (69,3) (45,6) (68,1) (46,4) (67,-3) (47,0) (66,-6) (48,-3) (65,-9) (49,-6) 
(99,-15) (77,7) (76,8) (74,9) (8,13) (7,13) (6,13) (5,12) (1,3) (0,0) (98,-18) (97,-21) (78,4) (96,-23) (79,2) (95,-26) (80,-1) (94,-26) (81,-4) (93,-27) (82,-7) (92,-28) (83,-11) (91,-28) (84,-14) (90,-28) (85,-17) (89,-28) (86,-20) 
(99,-15) (77,7) (76,8) (74,9) (8,13) (7,13) (6,13) (5,12) (1,3) (0,0) (98,-18) (97,-21) (78,4) (96,-23) (79,2) (95,-26) (80,-1) (94,-26) (81,-4) (93,-27) (82,-7) (92,-28) (83,-11) (91,-28) (84,-14) (90,-28) (85,-17) (89,-28) (86,-20) (87,-23) (88,-26) 
TD 12 :
(99,-15) (77,7) (76,8) (74,9) (8,13) (7,13) (6,13) (5,12) (1,3) (0,0) (9,12) (73,8) (10,11) (72,7) (43,9) (41,9) (40,9) (39,9) (11,9) (12,7) (38,7) (13,5) (37,6) (14,2) (36,5) (15,-1) (35,1) (16,-5) (34,-1) (17,-8) (33,-5) (18,-10) (32,-9) (19,-11) (20,-14) (21,-16) (22,-18) (23,-20) (24,-21) (25,-21) (26,-21) (27,-20) (28,-19) (29,-18) (30,-15) (31,-12) 
(99,-15) (77,7) (76,8) (74,9) (8,13) (7,13) (6,13) (5,12) (1,3) (0,0) (9,12) (73,8) (10,11) (72,7) (43,9) (41,9) (40,9) (39,9) (11,9) (12,7) (38,7) (13,5) (37,6) (14,2) (36,5) (15,-1) (35,1) (16,-5) (34,-1) (17,-8) (33,-5) (18,-10) (32,-9) (19,-11) 
(99,-15) (77,7) (76,8) (74,9) (8,13) (7,13) (6,13) (5,12) (1,3) (0,0) (9,12) (73,8) (10,11) (72,7) (43,9) (41,9) (40,9) (39,9) (11,9) (71,5) (44,8) (70,4) (69,3) (45,6) (68,1) (46,4) (67,-3) (47,0) (66,-6) (48,-3) (65,-9) (49,-6) (64,-11) (50,-8) 
(99,-15) (77,7) (76,8) (74,9) (8,13) (7,13) (6,13) (5,12) (1,3) (0,0) (9,12) (73,8) (10,11) (72,7) (43,9) (41,9) (40,9) (39,9) (11,9) (71,5) (44,8) (70,4) (69,3) (45,6) (68,1) (46,4) (67,-3) (47,0) (66,-6) (48,-3) (65,-9) (49,-6) (64,-11) (50,-8) (51,-13) (52,-17) (53,-19) (54,-20) (55,-21) (56,-21) (57,-21) (58,-23) (59,-22) (60,-19) (61,-17) (62,-16) (63,-14) 
(99,-15) (77,7) (76,8) (74,9) (8,13) (7,13) (6,13) (5,12) (1,3) (0,0) (9,12) (73,8) (10,11) (72,7) (43,9) (41,9) (40,9) (39,9) (11,9) (71,5) (44,8) (70,4) (69,3) (45,6) (68,1) (46,4) (67,-3) (47,0) (66,-6) (48,-3) (65,-9) (49,-6) (64,-11) (50,-8) 
(99,-15) (77,7) (76,8) (74,9) (8,13) (7,13) (6,13) (5,12) (1,3) (0,0) (98,-18) (97,-21) (78,4) (96,-23) (79,2) (95,-26) (80,-1) (94,-26) (81,-4) (93,-27) (82,-7) (92,-28) (83,-11) (91,-28) (84,-14) (90,-28) (85,-17) (89,-28) (86,-20) (88,-26) (87,-23) 
(99,-15) (77,7) (76,8) (74,9) (8,13) (7,13) (6,13) (5,12) (1,3) (0,0) (98,-18) (97,-21) (78,4) (96,-23) (79,2) (95,-26) (80,-1) (94,-26) (81,-4) (93,-27) (82,-7) (92,-28) (83,-11) (91,-28) (84,-14) (90,-28) (85,-17) (89,-28) (86,-20) (88,-26) (87,-23) 
TD 13 :
(99,-15) (77,7) (76,8) (74,9) (8,13) (7,13) (6,13) (5,12) (1,3) (0,0) (9,12) (73,8) (10,11) (72,7) (43,9) (41,9) (40,9) (39,9) (11,9) (12,7) (38,7) (13,5) (37,6) (14,2) (36,5) (15,-1) (35,1) (16,-5) (34,-1) (17,-8) (33,-5) (18,-10) (32,-9) (19,-11) (31,-12) (20,-14) (21,-16) (22,-18) (23,-20) (24,-21) (25,-21) (26,-21) (27,-20) (28,-19) (29,-18) (30,-15) 
(99,-15) (77,7) (76,8) (74,9) (8,13) (7,13) (6,13) (5,12) (1,3) (0,0) (9,12) (73,8) (10,11) (72,7) (43,9) (41,9) (40,9) (39,9) (11,9) (12,7) (38,7) (13,5) (37,6) (14,2) (36,5) (15,-1) (35,1) (16,-5) (34,-1) (17,-8) (33,-5) (18,-10) (32,-9) (19,-11) (31,-12) (20,-14) 
(99,-15) (77,7) (76,8) (74,9) (8,13) (7,13) (6,13) (5,12) (1,3) (0,0) (9,12) (73,8) (10,11) (72,7) (43,9) (41,9) (40,9) (39,9) (11,9) (71,5) (44,8) (70,4) (69,3) (45,6) (68,1) (46,4) (67,-3) (47,0) (66,-6) (48,-3) (65,-9) (49,-6) (64,-11) (50,-8) (63,-14) (51,-13) 
(99,-15) (77,7) (76,8) (74,9) (8,13) (7,13) (6,13) (5,12) (1,3) (0,0) (9,12) (73,8) (10,11) (72,7) (43,9) (41,9) (40,9) (39,9) (11,9) (71,5) (44,8) (70,4) (69,3) (45,6) (68,1) (46,4) (67,-3) (47,0) (66,-6) (48,-3) (65,-9) (49,-6) (64,-11) (50,-8) (63,-14) (51,-13) (52,-17) (53,-19) (54,-20) (55,-21) (56,-21) (57,-21) (58,-23) (59,-22) (60,-19) (61,-17) (62,-16) 
TD 14 :
(99,-15) (77,7) (76,8) (74,9) (8,13) (7,13) (6,13) (5,12) (1,3) (0,0) (9,12) (73,8) (10,11) (72,7) (43,9) (41,9) (40,9) (39,9) (11,9) (12,7) (38,7) (13,5) (37,6) (14,2) (36,5) (15,-1) (35,1) (16,-5) (34,-1) (17,-8) (33,-5) (18,-10) (32,-9) (19,-11) (31,-12) (20,-14) (30,-15) (21,-16) (22,-18) (23,-20) (24,-21) (25,-21) (26,-21) (27,-20) (28,-19) (29,-18) 
(99,-15) (77,7) (76,8) (74,9) (8,13) (7,13) (6,13) (5,12) (1,3) (0,0) (9,12) (73,8) (10,11) (72,7) (43,9) (41,9) (40,9) (39,9) (11,9) (12,7) (38,7) (13,5) (37,6) (14,2) (36,5) (15,-1) (35,1) (16,-5) (34,-1) (17,-8) (33,-5) (18,-10) (32,-9) (19,-11) (31,-12) (20,-14) (30,-15) (21,-16) 
(99,-15) (77,7) (76,8) (74,9) (8,13) (7,13) (6,13) (5,12) (1,3) (0,0) (9,12) (73,8) (10,11) (72,7) (43,9) (41,9) (40,9) (39,9) (11,9) (71,5) (44,8) (70,4) (69,3) (45,6) (68,1) (46,4) (67,-3) (47,0) (66,-6) (48,-3) (65,-9) (49,-6) (64,-11) (50,-8) (63,-14) (51,-13) (62,-16) (52,-17) (53,-19) (54,-20) (55,-21) (56,-21) (57,-21) (58,-23) (59,-22) (60,-19) (61,-17) 
TD 15 :
(99,-15) (77,7) (76,8) (74,9) (8,13) (7,13) (6,13) (5,12) (1,3) (0,0) (9,12) (73,8) (10,11) (72,7) (43,9) (41,9) (40,9) (39,9) (11,9) (12,7) (38,7) (13,5) (37,6) (14,2) (36,5) (15,-1) (35,1) (16,-5) (34,-1) (17,-8) (33,-5) (18,-10) (32,-9) (19,-11) (31,-12) (20,-14) (30,-15) (21,-16) (22,-18) (23,-20) (24,-21) (25,-21) (26,-21) (27,-20) (28,-19) (29,-18) 
(99,-15) (77,7) (76,8) (74,9) (8,13) (7,13) (6,13) (5,12) (1,3) (0,0) (9,12) (73,8) (10,11) (72,7) (43,9) (41,9) (40,9) (39,9) (11,9) (71,5) (44,8) (70,4) (69,3) (45,6) (68,1) (46,4) (67,-3) (47,0) (66,-6) (48,-3) (65,-9) (49,-6) (64,-11) (50,-8) (63,-14) (51,-13) (62,-16) (61,-17) (52,-17) 
(99,-15) (77,7) (76,8) (74,9) (8,13) (7,13) (6,13) (5,12) (1,3) (0,0) (9,12) (73,8) (10,11) (72,7) (43,9) (41,9) (40,9) (39,9) (11,9) (71,5) (44,8) (70,4) (69,3) (45,6) (68,1) (46,4) (67,-3) (47,0) (66,-6) (48,-3) (65,-9) (49,-6) (64,-11) (50,-8) (63,-14) (51,-13) (62,-16) (61,-17) (52,-17) (53,-19) (54,-20) (55,-21) (56,-21) (57,-21) (58,-23) (59,-22) (60,-19) 
TD 16 :
(99,-15) (77,7) (76,8) (74,9) (8,13) (7,13) (6,13) (5,12) (1,3) (0,0) (9,12) (73,8) (10,11) (72,7) (43,9) (41,9) (40,9) (39,9) (11,9) (12,7) (38,7) (13,5) (37,6) (14,2) (36,5) (15,-1) (35,1) (16,-5) (34,-1) (17,-8) (33,-5) (18,-10) (32,-9) (19,-11) (31,-12) (20,-14) (30,-15) (21,-16) (22,-18) (29,-18) (23,-20) (24,-21) (25,-21) (26,-21) (27,-20) (28,-19) 
(99,-15) (77,7) (76,8) (74,9) (8,13) (7,13) (6,13) (5,12) (1,3) (0,0) (9,12) (73,8) (10,11) (72,7) (43,9) (41,9) (40,9) (39,9) (11,9) (12,7) (38,7) (13,5) (37,6) (14,2) (36,5) (15,-1) (35,1) (16,-5) (34,-1) (17,-8) (33,-5) (18,-10) (32,-9) (19,-11) (31,-12) (20,-14) (30,-15) (21,-16) (22,-18) (29,-18) (23,-20) 
(99,-15) (77,7) (76,8) (74,9) (8,13) (7,13) (6,13) (5,12) (1,3) (0,0) (9,12) (73,8) (10,11) (72,7) (43,9) (41,9) (40,9) (39,9) (11,9) (71,5) (44,8) (70,4) (69,3) (45,6) (68,1) (46,4) (67,-3) (47,0) (66,-6) (48,-3) (65,-9) (49,-6) (64,-11) (50,-8) (63,-14) (51,-13) (62,-16) (61,-17) (52,-17) (60,-19) (53,-19) (54,-20) (55,-21) (56,-21) (57,-21) (58,-23) (59,-22) 
TD 17 :
(99,-15) (77,7) (76,8) (74,9) (8,13) (7,13) (6,13) (5,12) (1,3) (0,0) (9,12) (73,8) (10,11) (72,7) (43,9) (41,9) (40,9) (39,9) (11,9) (12,7) (38,7) (13,5) (37,6) (14,2) (36,5) (15,-1) (35,1) (16,-5) (34,-1) (17,-8) (33,-5) (18,-10) (32,-9) (19,-11) (31,-12) (20,-14) (30,-15) (21,-16) (22,-18) (29,-18) (23,-20) (28,-19) (24,-21) (25,-21) (26,-21) (27,-20) 
(99,-15) (77,7) (76,8) (74,9) (8,13) (7,13) (6,13) (5,12) (1,3) (0,0) (9,12) (73,8) (10,11) (72,7) (43,9) (41,9) (40,9) (39,9) (11,9) (12,7) (38,7) (13,5) (37,6) (14,2) (36,5) (15,-1) (35,1) (16,-5) (34,-1) (17,-8) (33,-5) (18,-10) (32,-9) (19,-11) (31,-12) (20,-14) (30,-15) (21,-16) (22,-18) (29,-18) (23,-20) (28,-19) (24,-21) 
(99,-15) (77,7) (76,8) (74,9) (8,13) (7,13) (6,13) (5,12) (1,3) (0,0) (9,12) (73,8) (10,11) (72,7) (43,9) (41,9) (40,9) (39,9) (11,9) (71,5) (44,8) (70,4) (69,3) (45,6) (68,1) (46,4) (67,-3) (47,0) (66,-6) (48,-3) (65,-9) (49,-6) (64,-11) (50,-8) (63,-14) (51,-13) (62,-16) (61,-17) (52,-17) (60,-19) (59,-22) (57,-21) (53,-19) 
(99,-15) (77,7) (76,8) (74,9) (8,13) (7,13) (6,13) (5,12) (1,3) (0,0) (9,12) (73,8) (10,11) (72,7) (43,9) (41,9) (40,9) (39,9) (11,9) (71,5) (44,8) (70,4) (69,3) (45,6) (68,1) (46,4) (67,-3) (47,0) (66,-6) (48,-3) (65,-9) (49,-6) (64,-11) (50,-8) (63,-14) (51,-13) (62,-16) (61,-17) (52,-17) (60,-19) (59,-22) (57,-21) (53,-19) (54,-20) (55,-21) (56,-21) 
(99,-15) (77,7) (76,8) (74,9) (8,13) (7,13) (6,13) (5,12) (1,3) (0,0) (9,12) (73,8) (10,11) (72,7) (43,9) (41,9) (40,9) (39,9) (11,9) (71,5) (44,8) (70,4) (69,3) (45,6) (68,1) (46,4) (67,-3) (47,0) (66,-6) (48,-3) (65,-9) (49,-6) (64,-11) (50,-8) (63,-14) (51,-13) (62,-16) (61,-17) (52,-17) (60,-19) (59,-22) (57,-21) (53,-19) (58,-23) 
TD 18 :
(99,-15) (77,7) (76,8) (74,9) (8,13) (7,13) (6,13) (5,12) (1,3) (0,0) (9,12) (73,8) (10,11) (72,7) (43,9) (41,9) (40,9) (39,9) (11,9) (12,7) (38,7) (13,5) (37,6) (14,2) (36,5) (15,-1) (35,1) (16,-5) (34,-1) (17,-8) (33,-5) (18,-10) (32,-9) (19,-11) (31,-12) (20,-14) (30,-15) (21,-16) (22,-18) (29,-18) (23,-20) (28,-19) (24,-21) (27,-20) (25,-21) (26,-21) 
(99,-15) (77,7) (76,8) (74,9) (8,13) (7,13) (6,13) (5,12) (1,3) (0,0) (9,12) (73,8) (10,11) (72,7) (43,9) (41,9) (40,9) (39,9) (11,9) (12,7) (38,7) (13,5) (37,6) (14,2) (36,5) (15,-1) (35,1) (16,-5) (34,-1) (17,-8) (33,-5) (18,-10) (32,-9) (19,-11) (31,-12) (20,-14) (30,-15) (21,-16) (22,-18) (29,-18) (23,-20) (28,-19) (24,-21) (27,-20) (25,-21) 
(99,-15) (77,7) (76,8) (74,9) (8,13) (7,13) (6,13) (5,12) (1,3) (0,0) (9,12) (73,8) (10,11) (72,7) (43,9) (41,9) (40,9) (39,9) (11,9) (71,5) (44,8) (70,4) (69,3) (45,6) (68,1) (46,4) (67,-3) (47,0) (66,-6) (48,-3) (65,-9) (49,-6) (64,-11) (50,-8) (63,-14) (51,-13) (62,-16) (61,-17) (52,-17) (60,-19) (59,-22) (57,-21) (53,-19) (56,-21) (54,-20) 
(99,-15) (77,7) (76,8) (74,9) (8,13) (7,13) (6,13) (5,12) (1,3) (0,0) (9,12) (73,8) (10,11) (72,7) (43,9) (41,9) (40,9) (39,9) (11,9) (71,5) (44,8) (70,4) (69,3) (45,6) (68,1) (46,4) (67,-3) (47,0) (66,-6) (48,-3) (65,-9) (49,-6) (64,-11) (50,-8) (63,-14) (51,-13) (62,-16) (61,-17) (52,-17) (60,-19) (59,-22) (57,-21) (53,-19) (56,-21) (54,-20) (55,-21) 
(99,-15) (77,7) (76,8) (74,9) (8,13) (7,13) (6,13) (5,12) (1,3) (0,0) (9,12) (73,8) (10,11) (72,7) (43,9) (41,9) (40,9) (39,9) (11,9) (71,5) (44,8) (70,4) (69,3) (45,6) (68,1) (46,4) (67,-3) (47,0) (66,-6) (48,-3) (65,-9) (49,-6) (64,-11) (50,-8) (63,-14) (51,-13) (62,-16) (61,-17) (52,-17) (60,-19) (59,-22) (57,-21) (53,-19) (56,-21) (54,-20) 
(99,-15) (77,7) (76,8) (74,9) (8,13) (7,13) (6,13) (5,12) (1,3) (0,0) (9,12) (73,8) (10,11) (72,7) (43,9) (41,9) (40,9) (39,9) (11,9) (71,5) (44,8) (70,4) (69,3) (45,6) (68,1) (46,4) (67,-3) (47,0) (66,-6) (48,-3) (65,-9) (49,-6) (64,-11) (50,-8) (63,-14) (51,-13) (62,-16) (61,-17) (52,-17) (60,-19) (59,-22) (57,-21) (53,-19) (58,-23) 
Pocket 0 :
()
Pocket 1 :
({  (0,0) ,(1,3) } {  (0,0) ,(1,3) } {  (0,0) ,(1,3) } {  (0,0) ,(1,3) } {  (0,0) ,(1,3) } {  (0,0) ,(1,3) } {  (0,0) ,(1,3) } {  (0,0) ,(1,3) } {  (0,0) ,(1,3) } {  (0,0) ,(1,3) } {  (0,0) ,(1,3) } {  (0,0) ,(1,3) } {  (0,0) ,(1,3) } {  (0,0) ,(1,3) } {  (0,0) ,(1,3) } {  (0,0) ,(1,3) } {  (0,0) ,(1,3) } {  (0,0) ,(1,3) } )
Pocket 2 :
({  (2,5) ,(0,0) } {  (99,-15) ,(4,9) } {  (2,5) ,(0,0) } {  (99,-15) ,(4,9) } {  (10,11) ,(9,12) } {  (10,11) ,(9,12) } {  (99,-15) ,(75,8) } {  (99,-15) ,(75,8) } {  (99,-15) ,(98,-18) } )
Pocket 3 :
({  (3,6) ,(2,5) } {  (11,9) ,(10,11) } {  (11,9) ,(10,11) } {  (11,9) ,(10,11) } {  (79,2) ,(78,4) } {  (79,2) ,(78,4) } )
Pocket 4 :
({  (11,9) ,(10,11) } {  (40,9) ,(39,9) } {  (11,9) ,(10,11) } {  (40,9) ,(39,9) } {  (11,9) ,(10,11) } {  (40,9) ,(39,9) } {  (11,9) ,(10,11) } {  (40,9) ,(39,9) } {  (11,9) ,(10,11) } {  (40,9) ,(39,9) } {  (11,9) ,(10,11) } {  (40,9) ,(39,9) } {  (80,-1) ,(79,2) } {  (80,-1) ,(79,2) } )
Pocket 5 :
({  (12,7) ,(11,9) } {  (99,-15) ,(42,8) } {  (99,-15) ,(42,8) } {  (45,6) ,(44,8) } {  (45,6) ,(44,8) } {  (45,6) ,(44,8) } {  (81,-4) ,(80,-1) } {  (81,-4) ,(80,-1) } )
Pocket 6 :
({  (13,5) ,(12,7) } {  (99,-15) ,(38,7) } {  (13,5) ,(12,7) } {  (99,-15) ,(38,7) } {  (99,-15) ,(70,4) } {  (99,-15) ,(70,4) } {  (82,-7) ,(81,-4) } {  (82,-7) ,(81,-4) } )
Pocket 7 :
({  (14,2) ,(13,5) } {  (99,-15) ,(37,6) } {  (14,2) ,(13,5) } {  (99,-15) ,(37,6) } {  (46,4) ,(45,6) } {  (46,4) ,(45,6) } {  (46,4) ,(45,6) } {  (83,-11) ,(82,-7) } {  (83,-11) ,(82,-7) } )
Pocket 8 :
({  (15,-1) ,(14,2) } {  (99,-15) ,(36,5) } {  (15,-1) ,(14,2) } {  (99,-15) ,(36,5) } {  (47,0) ,(46,4) } {  (47,0) ,(46,4) } {  (47,0) ,(46,4) } {  (84,-14) ,(83,-11) } {  (84,-14) ,(83,-11) } )
Pocket 9 :
({  (16,-5) ,(15,-1) } {  (99,-15) ,(35,1) } {  (16,-5) ,(15,-1) } {  (99,-15) ,(35,1) } {  (48,-3) ,(47,0) } {  (48,-3) ,(47,0) } {  (48,-3) ,(47,0) } {  (85,-17) ,(84,-14) } {  (85,-17) ,(84,-14) } )
Pocket 10 :
({  (17,-8) ,(16,-5) } {  (99,-15) ,(34,-1) } {  (17,-8) ,(16,-5) } {  (99,-15) ,(34,-1) } {  (49,-6) ,(48,-3) } {  (49,-6) ,(48,-3) } {  (49,-6) ,(48,-3) } {  (86,-20) ,(85,-17) } {  (86,-20) ,(85,-17) } )
Pocket 11 :
({  (18,-10) ,(17,-8) } {  (99,-15) ,(33,-5) } {  (18,-10) ,(17,-8) } {  (99,-15) ,(33,-5) } {  (50,-8) ,(49,-6) } {  (50,-8) ,(49,-6) } {  (50,-8) ,(49,-6) } {  (87,-23) ,(86,-20) } {  (87,-23) ,(86,-20) } )
Pocket 12 :
({  (19,-11) ,(18,-10) } {  (99,-15) ,(32,-9) } {  (19,-11) ,(18,-10) } {  (99,-15) ,(32,-9) } {  (51,-13) ,(50,-8) } {  (51,-13) ,(50,-8) } {  (51,-13) ,(50,-8) } {  (88,-26) ,(87,-23) } {  (88,-26) ,(87,-23) } )
Pocket 13 :
({  (20,-14) ,(19,-11) } {  (99,-15) ,(31,-12) } {  (20,-14) ,(19,-11) } {  (99,-15) ,(31,-12) } {  (52,-17) ,(51,-13) } {  (52,-17) ,(51,-13) } )
Pocket 14 :
({  (21,-16) ,(20,-14) } {  (99,-15) ,(30,-15) } {  (21,-16) ,(20,-14) } {  (99,-15) ,(30,-15) } {  (99,-15) ,(62,-16) } )
Pocket 15 :
({  (22,-18) ,(21,-16) } {  (53,-19) ,(52,-17) } {  (53,-19) ,(52,-17) } )
Pocket 16 :
({  (23,-20) ,(22,-18) } {  (99,-15) ,(29,-18) } {  (23,-20) ,(22,-18) } {  (99,-15) ,(29,-18) } {  (99,-15) ,(60,-19) } )
Pocket 17 :
({  (24,-21) ,(23,-20) } {  (99,-15) ,(28,-19) } {  (24,-21) ,(23,-20) } {  (99,-15) ,(28,-19) } {  (54,-20) ,(53,-19) } {  (54,-20) ,(53,-19) } {  (54,-20) ,(53,-19) } )
