17 layers in onion peeling: 
Layer 1
(99,10) (76,27) (75,27) (74,27) (39,23) (9,19) (6,18) (5,16) (4,13) (3,10) (2,7) (1,4) (0,1) 
Layer 2
(98,9) (77,25) (73,26) (72,26) (40,23) (8,18) (7,17) 
Layer 3
(97,5) (78,24) (71,24) (42,23) (10,18) 
Layer 4
(96,3) (79,21) (70,22) (44,22) (43,22) (41,22) (38,22) (11,16) 
Layer 5
(95,1) (80,19) (69,20) (37,20) (12,15) 
Layer 6
(94,-2) (81,17) (45,19) (13,14) 
Layer 7
(93,-4) (82,13) (68,15) (46,17) (36,17) (14,12) 
Layer 8
(92,-4) (83,9) (67,12) (47,14) (35,15) (15,10) 
Layer 9
(91,-5) (84,5) (66,9) (48,13) (34,12) (16,7) 
Layer 10
(90,-6) (89,-4) (85,2) (49,10) (33,9) (17,4) 
Layer 11
(88,-4) (87,-2) (86,0) (65,5) (50,6) (32,5) (18,0) 
Layer 12
(64,2) (31,4) (19,-3) 
Layer 13
(63,-2) (51,2) (30,1) (20,-5) 
Layer 14
(62,-5) (52,-1) (29,-1) (21,-7) 
Layer 15
(61,-5) (53,-3) (28,-5) (22,-8) 
Layer 16
(60,-7) (57,-6) (56,-6) (55,-6) (54,-6) (27,-7) (23,-10) 
Layer 17
(59,-8) (58,-7) (26,-8) (25,-9) (24,-10) 
---------------------------------------------------------------------------------------
TD 0 :
(99,10) (98,9) (97,5) (96,3) (95,1) (94,-2) (93,-4) (92,-4) (91,-5) (90,-6) (89,-4) (88,-4) (87,-2) (86,0) (85,2) (84,5) (83,9) (82,13) (81,17) (80,19) (79,21) (78,24) (77,25) (76,27) (75,27) (74,27) (73,26) (72,26) (71,24) (70,22) (69,20) (68,15) (67,12) (66,9) (65,5) (64,2) (63,-2) (62,-5) (61,-5) (60,-7) (59,-8) (58,-7) (57,-6) (56,-6) (55,-6) (54,-6) (53,-3) (52,-1) (51,2) (50,6) (49,10) (48,13) (47,14) (46,17) (45,19) (44,22) (43,22) (42,23) (41,22) (40,23) (39,23) (38,22) (37,20) (36,17) (35,15) (34,12) (33,9) (32,5) (31,4) (30,1) (29,-1) (28,-5) (27,-7) (26,-8) (25,-9) (24,-10) (23,-10) (22,-8) (21,-7) (20,-5) (19,-3) (18,0) (17,4) (16,7) (15,10) (14,12) (13,14) (12,15) (11,16) (10,18) (9,19) (8,18) (7,17) (6,18) (5,16) (4,13) (3,10) (2,7) (1,4) (0,1) 
TD 1 :
(99,10) (76,27) (75,27) (74,27) (39,23) (9,19) (6,18) (5,16) (4,13) (3,10) (2,7) (1,4) (0,1) 
(99,10) (76,27) (75,27) (74,27) (39,23) (9,19) (6,18) (5,16) (4,13) (3,10) (2,7) (1,4) (0,1) 
(99,10) (76,27) (75,27) (74,27) (39,23) (9,19) (6,18) (5,16) (4,13) (3,10) (2,7) (1,4) (0,1) 
(99,10) (76,27) (75,27) (74,27) (39,23) (9,19) (6,18) (5,16) (4,13) (3,10) (2,7) (1,4) (0,1) 
(99,10) (76,27) (75,27) (74,27) (39,23) (9,19) (6,18) (5,16) (4,13) (3,10) (2,7) (1,4) (0,1) 
(99,10) (76,27) (75,27) (74,27) (39,23) (9,19) (6,18) (5,16) (4,13) (3,10) (2,7) (1,4) (0,1) 
(99,10) (76,27) (75,27) (74,27) (39,23) (9,19) (6,18) (5,16) (4,13) (3,10) (2,7) (1,4) (0,1) (7,17) (8,18) 
(99,10) (76,27) (75,27) (74,27) (39,23) (9,19) (6,18) (5,16) (4,13) (3,10) (2,7) (1,4) (0,1) (10,18) (11,16) (12,15) (13,14) (14,12) (15,10) (16,7) (17,4) (18,0) (19,-3) (20,-5) (21,-7) (22,-8) (23,-10) (24,-10) (25,-9) (26,-8) (27,-7) (28,-5) (29,-1) (30,1) (31,4) (32,5) (33,9) (34,12) (35,15) (36,17) (37,20) (38,22) 
(99,10) (76,27) (75,27) (74,27) (39,23) (9,19) (6,18) (5,16) (4,13) (3,10) (2,7) (1,4) (0,1) (40,23) (41,22) (42,23) (43,22) (44,22) (45,19) (46,17) (47,14) (48,13) (49,10) (50,6) (51,2) (52,-1) (53,-3) (54,-6) (55,-6) (56,-6) (57,-6) (58,-7) (59,-8) (60,-7) (61,-5) (62,-5) (63,-2) (64,2) (65,5) (66,9) (67,12) (68,15) (69,20) (70,22) (71,24) (72,26) (73,26) 
(99,10) (76,27) (75,27) (74,27) (39,23) (9,19) (6,18) (5,16) (4,13) (3,10) (2,7) (1,4) (0,1) 
(99,10) (76,27) (75,27) (74,27) (39,23) (9,19) (6,18) (5,16) (4,13) (3,10) (2,7) (1,4) (0,1) 
(99,10) (76,27) (75,27) (74,27) (39,23) (9,19) (6,18) (5,16) (4,13) (3,10) (2,7) (1,4) (0,1) (77,25) (78,24) (79,21) (80,19) (81,17) (82,13) (83,9) (84,5) (85,2) (86,0) (87,-2) (88,-4) (89,-4) (90,-6) (91,-5) (92,-4) (93,-4) (94,-2) (95,1) (96,3) (97,5) (98,9) 
TD 2 :
(99,10) (76,27) (75,27) (74,27) (39,23) (9,19) (6,18) (5,16) (4,13) (3,10) (2,7) (1,4) (0,1) (8,18) (7,17) 
(99,10) (76,27) (75,27) (74,27) (39,23) (9,19) (6,18) (5,16) (4,13) (3,10) (2,7) (1,4) (0,1) (8,18) (7,17) 
(99,10) (76,27) (75,27) (74,27) (39,23) (9,19) (6,18) (5,16) (4,13) (3,10) (2,7) (1,4) (0,1) (73,26) (72,26) (40,23) 
(99,10) (76,27) (75,27) (74,27) (39,23) (9,19) (6,18) (5,16) (4,13) (3,10) (2,7) (1,4) (0,1) (73,26) (72,26) (40,23) (41,22) (42,23) (43,22) (44,22) (45,19) (46,17) (47,14) (48,13) (49,10) (50,6) (51,2) (52,-1) (53,-3) (54,-6) (55,-6) (56,-6) (57,-6) (58,-7) (59,-8) (60,-7) (61,-5) (62,-5) (63,-2) (64,2) (65,5) (66,9) (67,12) (68,15) (69,20) (70,22) (71,24) 
(99,10) (76,27) (75,27) (74,27) (39,23) (9,19) (6,18) (5,16) (4,13) (3,10) (2,7) (1,4) (0,1) (73,26) (72,26) (40,23) 
(99,10) (76,27) (75,27) (74,27) (39,23) (9,19) (6,18) (5,16) (4,13) (3,10) (2,7) (1,4) (0,1) (73,26) (72,26) (40,23) 
(99,10) (76,27) (75,27) (74,27) (39,23) (9,19) (6,18) (5,16) (4,13) (3,10) (2,7) (1,4) (0,1) (98,9) (77,25) 
(99,10) (76,27) (75,27) (74,27) (39,23) (9,19) (6,18) (5,16) (4,13) (3,10) (2,7) (1,4) (0,1) (98,9) (77,25) (78,24) (79,21) (80,19) (81,17) (82,13) (83,9) (84,5) (85,2) (86,0) (87,-2) (88,-4) (89,-4) (90,-6) (91,-5) (92,-4) (93,-4) (94,-2) (95,1) (96,3) (97,5) 
TD 3 :
(99,10) (76,27) (75,27) (74,27) (39,23) (9,19) (6,18) (5,16) (4,13) (3,10) (2,7) (1,4) (0,1) (73,26) (72,26) (40,23) (71,24) (42,23) (41,22) 
(99,10) (76,27) (75,27) (74,27) (39,23) (9,19) (6,18) (5,16) (4,13) (3,10) (2,7) (1,4) (0,1) (73,26) (72,26) (40,23) (71,24) (42,23) (43,22) (44,22) (45,19) (46,17) (47,14) (48,13) (49,10) (50,6) (51,2) (52,-1) (53,-3) (54,-6) (55,-6) (56,-6) (57,-6) (58,-7) (59,-8) (60,-7) (61,-5) (62,-5) (63,-2) (64,2) (65,5) (66,9) (67,12) (68,15) (69,20) (70,22) 
(99,10) (76,27) (75,27) (74,27) (39,23) (9,19) (6,18) (5,16) (4,13) (3,10) (2,7) (1,4) (0,1) (73,26) (72,26) (40,23) (71,24) (42,23) 
(99,10) (76,27) (75,27) (74,27) (39,23) (9,19) (6,18) (5,16) (4,13) (3,10) (2,7) (1,4) (0,1) (98,9) (77,25) (97,5) (78,24) 
(99,10) (76,27) (75,27) (74,27) (39,23) (9,19) (6,18) (5,16) (4,13) (3,10) (2,7) (1,4) (0,1) (98,9) (77,25) (97,5) (78,24) (79,21) (80,19) (81,17) (82,13) (83,9) (84,5) (85,2) (86,0) (87,-2) (88,-4) (89,-4) (90,-6) (91,-5) (92,-4) (93,-4) (94,-2) (95,1) (96,3) 
TD 4 :
(99,10) (76,27) (75,27) (74,27) (39,23) (9,19) (6,18) (5,16) (4,13) (3,10) (2,7) (1,4) (0,1) (73,26) (72,26) (40,23) (71,24) (42,23) (41,22) 
(99,10) (76,27) (75,27) (74,27) (39,23) (9,19) (6,18) (5,16) (4,13) (3,10) (2,7) (1,4) (0,1) (73,26) (72,26) (40,23) (71,24) (42,23) (41,22) 
(99,10) (76,27) (75,27) (74,27) (39,23) (9,19) (6,18) (5,16) (4,13) (3,10) (2,7) (1,4) (0,1) (73,26) (72,26) (40,23) (71,24) (42,23) (70,22) (44,22) (43,22) 
(99,10) (76,27) (75,27) (74,27) (39,23) (9,19) (6,18) (5,16) (4,13) (3,10) (2,7) (1,4) (0,1) (73,26) (72,26) (40,23) (71,24) (42,23) (70,22) (44,22) (43,22) 
(99,10) (76,27) (75,27) (74,27) (39,23) (9,19) (6,18) (5,16) (4,13) (3,10) (2,7) (1,4) (0,1) (73,26) (72,26) (40,23) (71,24) (42,23) (70,22) (44,22) (43,22) (45,19) (46,17) (47,14) (48,13) (49,10) (50,6) (51,2) (52,-1) (53,-3) (54,-6) (55,-6) (56,-6) (57,-6) (58,-7) (59,-8) (60,-7) (61,-5) (62,-5) (63,-2) (64,2) (65,5) (66,9) (67,12) (68,15) (69,20) 
(99,10) (76,27) (75,27) (74,27) (39,23) (9,19) (6,18) (5,16) (4,13) (3,10) (2,7) (1,4) (0,1) (73,26) (72,26) (40,23) (71,24) (42,23) (70,22) (44,22) (43,22) 
(99,10) (76,27) (75,27) (74,27) (39,23) (9,19) (6,18) (5,16) (4,13) (3,10) (2,7) (1,4) (0,1) (98,9) (77,25) (97,5) (78,24) (96,3) (79,21) 
(99,10) (76,27) (75,27) (74,27) (39,23) (9,19) (6,18) (5,16) (4,13) (3,10) (2,7) (1,4) (0,1) (98,9) (77,25) (97,5) (78,24) (96,3) (79,21) (80,19) (81,17) (82,13) (83,9) (84,5) (85,2) (86,0) (87,-2) (88,-4) (89,-4) (90,-6) (91,-5) (92,-4) (93,-4) (94,-2) (95,1) 
TD 5 :
(99,10) (76,27) (75,27) (74,27) (39,23) (9,19) (6,18) (5,16) (4,13) (3,10) (2,7) (1,4) (0,1) (73,26) (72,26) (40,23) (71,24) (42,23) (70,22) (44,22) (43,22) (69,20) (45,19) (46,17) (47,14) (48,13) (49,10) (50,6) (51,2) (52,-1) (53,-3) (54,-6) (55,-6) (56,-6) (57,-6) (58,-7) (59,-8) (60,-7) (61,-5) (62,-5) (63,-2) (64,2) (65,5) (66,9) (67,12) (68,15) 
(99,10) (76,27) (75,27) (74,27) (39,23) (9,19) (6,18) (5,16) (4,13) (3,10) (2,7) (1,4) (0,1) (73,26) (72,26) (40,23) (71,24) (42,23) (70,22) (44,22) (43,22) (69,20) 
(99,10) (76,27) (75,27) (74,27) (39,23) (9,19) (6,18) (5,16) (4,13) (3,10) (2,7) (1,4) (0,1) (98,9) (77,25) (97,5) (78,24) (96,3) (79,21) (95,1) (80,19) 
(99,10) (76,27) (75,27) (74,27) (39,23) (9,19) (6,18) (5,16) (4,13) (3,10) (2,7) (1,4) (0,1) (98,9) (77,25) (97,5) (78,24) (96,3) (79,21) (95,1) (80,19) (81,17) (82,13) (83,9) (84,5) (85,2) (86,0) (87,-2) (88,-4) (89,-4) (90,-6) (91,-5) (92,-4) (93,-4) (94,-2) 
TD 6 :
(99,10) (76,27) (75,27) (74,27) (39,23) (9,19) (6,18) (5,16) (4,13) (3,10) (2,7) (1,4) (0,1) (73,26) (72,26) (40,23) (71,24) (42,23) (70,22) (44,22) (43,22) (69,20) (45,19) 
(99,10) (76,27) (75,27) (74,27) (39,23) (9,19) (6,18) (5,16) (4,13) (3,10) (2,7) (1,4) (0,1) (73,26) (72,26) (40,23) (71,24) (42,23) (70,22) (44,22) (43,22) (69,20) (45,19) (46,17) (47,14) (48,13) (49,10) (50,6) (51,2) (52,-1) (53,-3) (54,-6) (55,-6) (56,-6) (57,-6) (58,-7) (59,-8) (60,-7) (61,-5) (62,-5) (63,-2) (64,2) (65,5) (66,9) (67,12) (68,15) 
(99,10) (76,27) (75,27) (74,27) (39,23) (9,19) (6,18) (5,16) (4,13) (3,10) (2,7) (1,4) (0,1) (98,9) (77,25) (97,5) (78,24) (96,3) (79,21) (95,1) (80,19) (94,-2) (81,17) 
(99,10) (76,27) (75,27) (74,27) (39,23) (9,19) (6,18) (5,16) (4,13) (3,10) (2,7) (1,4) (0,1) (98,9) (77,25) (97,5) (78,24) (96,3) (79,21) (95,1) (80,19) (94,-2) (81,17) (82,13) (83,9) (84,5) (85,2) (86,0) (87,-2) (88,-4) (89,-4) (90,-6) (91,-5) (92,-4) (93,-4) 
TD 7 :
(99,10) (76,27) (75,27) (74,27) (39,23) (9,19) (6,18) (5,16) (4,13) (3,10) (2,7) (1,4) (0,1) (73,26) (72,26) (40,23) (71,24) (42,23) (70,22) (44,22) (43,22) (69,20) (45,19) (68,15) (46,17) 
(99,10) (76,27) (75,27) (74,27) (39,23) (9,19) (6,18) (5,16) (4,13) (3,10) (2,7) (1,4) (0,1) (73,26) (72,26) (40,23) (71,24) (42,23) (70,22) (44,22) (43,22) (69,20) (45,19) (68,15) (46,17) (47,14) (48,13) (49,10) (50,6) (51,2) (52,-1) (53,-3) (54,-6) (55,-6) (56,-6) (57,-6) (58,-7) (59,-8) (60,-7) (61,-5) (62,-5) (63,-2) (64,2) (65,5) (66,9) (67,12) 
(99,10) (76,27) (75,27) (74,27) (39,23) (9,19) (6,18) (5,16) (4,13) (3,10) (2,7) (1,4) (0,1) (73,26) (72,26) (40,23) (71,24) (42,23) (70,22) (44,22) (43,22) (69,20) (45,19) (68,15) (46,17) 
(99,10) (76,27) (75,27) (74,27) (39,23) (9,19) (6,18) (5,16) (4,13) (3,10) (2,7) (1,4) (0,1) (98,9) (77,25) (97,5) (78,24) (96,3) (79,21) (95,1) (80,19) (94,-2) (81,17) (93,-4) (82,13) 
(99,10) (76,27) (75,27) (74,27) (39,23) (9,19) (6,18) (5,16) (4,13) (3,10) (2,7) (1,4) (0,1) (98,9) (77,25) (97,5) (78,24) (96,3) (79,21) (95,1) (80,19) (94,-2) (81,17) (93,-4) (82,13) (83,9) (84,5) (85,2) (86,0) (87,-2) (88,-4) (89,-4) (90,-6) (91,-5) (92,-4) 
TD 8 :
(99,10) (76,27) (75,27) (74,27) (39,23) (9,19) (6,18) (5,16) (4,13) (3,10) (2,7) (1,4) (0,1) (73,26) (72,26) (40,23) (71,24) (42,23) (70,22) (44,22) (43,22) (69,20) (45,19) (68,15) (46,17) (67,12) (47,14) 
(99,10) (76,27) (75,27) (74,27) (39,23) (9,19) (6,18) (5,16) (4,13) (3,10) (2,7) (1,4) (0,1) (73,26) (72,26) (40,23) (71,24) (42,23) (70,22) (44,22) (43,22) (69,20) (45,19) (68,15) (46,17) (67,12) (47,14) (48,13) (49,10) (50,6) (51,2) (52,-1) (53,-3) (54,-6) (55,-6) (56,-6) (57,-6) (58,-7) (59,-8) (60,-7) (61,-5) (62,-5) (63,-2) (64,2) (65,5) (66,9) 
(99,10) (76,27) (75,27) (74,27) (39,23) (9,19) (6,18) (5,16) (4,13) (3,10) (2,7) (1,4) (0,1) (73,26) (72,26) (40,23) (71,24) (42,23) (70,22) (44,22) (43,22) (69,20) (45,19) (68,15) (46,17) (67,12) (47,14) 
(99,10) (76,27) (75,27) (74,27) (39,23) (9,19) (6,18) (5,16) (4,13) (3,10) (2,7) (1,4) (0,1) (98,9) (77,25) (97,5) (78,24) (96,3) (79,21) (95,1) (80,19) (94,-2) (81,17) (93,-4) (82,13) (92,-4) (83,9) 
(99,10) (76,27) (75,27) (74,27) (39,23) (9,19) (6,18) (5,16) (4,13) (3,10) (2,7) (1,4) (0,1) (98,9) (77,25) (97,5) (78,24) (96,3) (79,21) (95,1) (80,19) (94,-2) (81,17) (93,-4) (82,13) (92,-4) (83,9) (84,5) (85,2) (86,0) (87,-2) (88,-4) (89,-4) (90,-6) (91,-5) 
TD 9 :
(99,10) (76,27) (75,27) (74,27) (39,23) (9,19) (6,18) (5,16) (4,13) (3,10) (2,7) (1,4) (0,1) (73,26) (72,26) (40,23) (71,24) (42,23) (70,22) (44,22) (43,22) (69,20) (45,19) (68,15) (46,17) (67,12) (47,14) (66,9) (48,13) 
(99,10) (76,27) (75,27) (74,27) (39,23) (9,19) (6,18) (5,16) (4,13) (3,10) (2,7) (1,4) (0,1) (73,26) (72,26) (40,23) (71,24) (42,23) (70,22) (44,22) (43,22) (69,20) (45,19) (68,15) (46,17) (67,12) (47,14) (66,9) (48,13) (49,10) (50,6) (51,2) (52,-1) (53,-3) (54,-6) (55,-6) (56,-6) (57,-6) (58,-7) (59,-8) (60,-7) (61,-5) (62,-5) (63,-2) (64,2) (65,5) 
(99,10) (76,27) (75,27) (74,27) (39,23) (9,19) (6,18) (5,16) (4,13) (3,10) (2,7) (1,4) (0,1) (73,26) (72,26) (40,23) (71,24) (42,23) (70,22) (44,22) (43,22) (69,20) (45,19) (68,15) (46,17) (67,12) (47,14) (66,9) (48,13) 
(99,10) (76,27) (75,27) (74,27) (39,23) (9,19) (6,18) (5,16) (4,13) (3,10) (2,7) (1,4) (0,1) (98,9) (77,25) (97,5) (78,24) (96,3) (79,21) (95,1) (80,19) (94,-2) (81,17) (93,-4) (82,13) (92,-4) (83,9) (91,-5) (84,5) 
(99,10) (76,27) (75,27) (74,27) (39,23) (9,19) (6,18) (5,16) (4,13) (3,10) (2,7) (1,4) (0,1) (98,9) (77,25) (97,5) (78,24) (96,3) (79,21) (95,1) (80,19) (94,-2) (81,17) (93,-4) (82,13) (92,-4) (83,9) (91,-5) (84,5) (85,2) (86,0) (87,-2) (88,-4) (89,-4) (90,-6) 
TD 10 :
(99,10) (76,27) (75,27) (74,27) (39,23) (9,19) (6,18) (5,16) (4,13) (3,10) (2,7) (1,4) (0,1) (73,26) (72,26) (40,23) (71,24) (42,23) (70,22) (44,22) (43,22) (69,20) (45,19) (68,15) (46,17) (67,12) (47,14) (66,9) (48,13) (49,10) 
(99,10) (76,27) (75,27) (74,27) (39,23) (9,19) (6,18) (5,16) (4,13) (3,10) (2,7) (1,4) (0,1) (73,26) (72,26) (40,23) (71,24) (42,23) (70,22) (44,22) (43,22) (69,20) (45,19) (68,15) (46,17) (67,12) (47,14) (66,9) (48,13) (49,10) (50,6) (51,2) (52,-1) (53,-3) (54,-6) (55,-6) (56,-6) (57,-6) (58,-7) (59,-8) (60,-7) (61,-5) (62,-5) (63,-2) (64,2) (65,5) 
(99,10) (76,27) (75,27) (74,27) (39,23) (9,19) (6,18) (5,16) (4,13) (3,10) (2,7) (1,4) (0,1) (98,9) (77,25) (97,5) (78,24) (96,3) (79,21) (95,1) (80,19) (94,-2) (81,17) (93,-4) (82,13) (92,-4) (83,9) (91,-5) (84,5) (90,-6) (89,-4) (85,2) 
(99,10) (76,27) (75,27) (74,27) (39,23) (9,19) (6,18) (5,16) (4,13) (3,10) (2,7) (1,4) (0,1) (98,9) (77,25) (97,5) (78,24) (96,3) (79,21) (95,1) (80,19) (94,-2) (81,17) (93,-4) (82,13) (92,-4) (83,9) (91,-5) (84,5) (90,-6) (89,-4) (85,2) (86,0) (87,-2) (88,-4) 
(99,10) (76,27) (75,27) (74,27) (39,23) (9,19) (6,18) (5,16) (4,13) (3,10) (2,7) (1,4) (0,1) (98,9) (77,25) (97,5) (78,24) (96,3) (79,21) (95,1) (80,19) (94,-2) (81,17) (93,-4) (82,13) (92,-4) (83,9) (91,-5) (84,5) (90,-6) (89,-4) (85,2) 
TD 11 :
(99,10) (76,27) (75,27) (74,27) (39,23) (9,19) (6,18) (5,16) (4,13) (3,10) (2,7) (1,4) (0,1) (73,26) (72,26) (40,23) (71,24) (42,23) (70,22) (44,22) (43,22) (69,20) (45,19) (68,15) (46,17) (67,12) (47,14) (66,9) (48,13) (49,10) (65,5) (50,6) 
(99,10) (76,27) (75,27) (74,27) (39,23) (9,19) (6,18) (5,16) (4,13) (3,10) (2,7) (1,4) (0,1) (73,26) (72,26) (40,23) (71,24) (42,23) (70,22) (44,22) (43,22) (69,20) (45,19) (68,15) (46,17) (67,12) (47,14) (66,9) (48,13) (49,10) (65,5) (50,6) (51,2) (52,-1) (53,-3) (54,-6) (55,-6) (56,-6) (57,-6) (58,-7) (59,-8) (60,-7) (61,-5) (62,-5) (63,-2) (64,2) 
(99,10) (76,27) (75,27) (74,27) (39,23) (9,19) (6,18) (5,16) (4,13) (3,10) (2,7) (1,4) (0,1) (73,26) (72,26) (40,23) (71,24) (42,23) (70,22) (44,22) (43,22) (69,20) (45,19) (68,15) (46,17) (67,12) (47,14) (66,9) (48,13) (49,10) (65,5) (50,6) 
(99,10) (76,27) (75,27) (74,27) (39,23) (9,19) (6,18) (5,16) (4,13) (3,10) (2,7) (1,4) (0,1) (98,9) (77,25) (97,5) (78,24) (96,3) (79,21) (95,1) (80,19) (94,-2) (81,17) (93,-4) (82,13) (92,-4) (83,9) (91,-5) (84,5) (90,-6) (89,-4) (85,2) (88,-4) (87,-2) (86,0) 
(99,10) (76,27) (75,27) (74,27) (39,23) (9,19) (6,18) (5,16) (4,13) (3,10) (2,7) (1,4) (0,1) (98,9) (77,25) (97,5) (78,24) (96,3) (79,21) (95,1) (80,19) (94,-2) (81,17) (93,-4) (82,13) (92,-4) (83,9) (91,-5) (84,5) (90,-6) (89,-4) (85,2) (88,-4) (87,-2) (86,0) 
(99,10) (76,27) (75,27) (74,27) (39,23) (9,19) (6,18) (5,16) (4,13) (3,10) (2,7) (1,4) (0,1) (98,9) (77,25) (97,5) (78,24) (96,3) (79,21) (95,1) (80,19) (94,-2) (81,17) (93,-4) (82,13) (92,-4) (83,9) (91,-5) (84,5) (90,-6) (89,-4) (85,2) (88,-4) (87,-2) (86,0) 
TD 12 :
(99,10) (76,27) (75,27) (74,27) (39,23) (9,19) (6,18) (5,16) (4,13) (3,10) (2,7) (1,4) (0,1) (73,26) (72,26) (40,23) (71,24) (42,23) (70,22) (44,22) (43,22) (69,20) (45,19) (68,15) (46,17) (67,12) (47,14) (66,9) (48,13) (49,10) (65,5) (50,6) (64,2) (51,2) (52,-1) (53,-3) (54,-6) (55,-6) (56,-6) (57,-6) (58,-7) (59,-8) (60,-7) (61,-5) (62,-5) (63,-2) 
TD 13 :
(99,10) (76,27) (75,27) (74,27) (39,23) (9,19) (6,18) (5,16) (4,13) (3,10) (2,7) (1,4) (0,1) (73,26) (72,26) (40,23) (71,24) (42,23) (70,22) (44,22) (43,22) (69,20) (45,19) (68,15) (46,17) (67,12) (47,14) (66,9) (48,13) (49,10) (65,5) (50,6) (64,2) (63,-2) (51,2) 
(99,10) (76,27) (75,27) (74,27) (39,23) (9,19) (6,18) (5,16) (4,13) (3,10) (2,7) (1,4) (0,1) (73,26) (72,26) (40,23) (71,24) (42,23) (70,22) (44,22) (43,22) (69,20) (45,19) (68,15) (46,17) (67,12) (47,14) (66,9) (48,13) (49,10) (65,5) (50,6) (64,2) (63,-2) (51,2) (52,-1) (53,-3) (54,-6) (55,-6) (56,-6) (57,-6) (58,-7) (59,-8) (60,-7) (61,-5) (62,-5) 
TD 14 :
(99,10) (76,27) (75,27) (74,27) (39,23) (9,19) (6,18) (5,16) (4,13) (3,10) (2,7) (1,4) (0,1) (73,26) (72,26) (40,23) (71,24) (42,23) (70,22) (44,22) (43,22) (69,20) (45,19) (68,15) (46,17) (67,12) (47,14) (66,9) (48,13) (49,10) (65,5) (50,6) (64,2) (63,-2) (51,2) (62,-5) (52,-1) 
(99,10) (76,27) (75,27) (74,27) (39,23) (9,19) (6,18) (5,16) (4,13) (3,10) (2,7) (1,4) (0,1) (73,26) (72,26) (40,23) (71,24) (42,23) (70,22) (44,22) (43,22) (69,20) (45,19) (68,15) (46,17) (67,12) (47,14) (66,9) (48,13) (49,10) (65,5) (50,6) (64,2) (63,-2) (51,2) (62,-5) (52,-1) (53,-3) (54,-6) (55,-6) (56,-6) (57,-6) (58,-7) (59,-8) (60,-7) (61,-5) 
TD 15 :
(99,10) (76,27) (75,27) (74,27) (39,23) (9,19) (6,18) (5,16) (4,13) (3,10) (2,7) (1,4) (0,1) (73,26) (72,26) (40,23) (71,24) (42,23) (70,22) (44,22) (43,22) (69,20) (45,19) (68,15) (46,17) (67,12) (47,14) (66,9) (48,13) (49,10) (65,5) (50,6) (64,2) (63,-2) (51,2) (62,-5) (52,-1) (61,-5) (53,-3) 
(99,10) (76,27) (75,27) (74,27) (39,23) (9,19) (6,18) (5,16) (4,13) (3,10) (2,7) (1,4) (0,1) (73,26) (72,26) (40,23) (71,24) (42,23) (70,22) (44,22) (43,22) (69,20) (45,19) (68,15) (46,17) (67,12) (47,14) (66,9) (48,13) (49,10) (65,5) (50,6) (64,2) (63,-2) (51,2) (62,-5) (52,-1) (61,-5) (53,-3) (54,-6) (55,-6) (56,-6) (57,-6) (58,-7) (59,-8) (60,-7) 
TD 16 :
(99,10) (76,27) (75,27) (74,27) (39,23) (9,19) (6,18) (5,16) (4,13) (3,10) (2,7) (1,4) (0,1) (73,26) (72,26) (40,23) (71,24) (42,23) (70,22) (44,22) (43,22) (69,20) (45,19) (68,15) (46,17) (67,12) (47,14) (66,9) (48,13) (49,10) (65,5) (50,6) (64,2) (63,-2) (51,2) (62,-5) (52,-1) (61,-5) (53,-3) (60,-7) (57,-6) (56,-6) (55,-6) (54,-6) 
(99,10) (76,27) (75,27) (74,27) (39,23) (9,19) (6,18) (5,16) (4,13) (3,10) (2,7) (1,4) (0,1) (73,26) (72,26) (40,23) (71,24) (42,23) (70,22) (44,22) (43,22) (69,20) (45,19) (68,15) (46,17) (67,12) (47,14) (66,9) (48,13) (49,10) (65,5) (50,6) (64,2) (63,-2) (51,2) (62,-5) (52,-1) (61,-5) (53,-3) (60,-7) (57,-6) (56,-6) (55,-6) (54,-6) 
(99,10) (76,27) (75,27) (74,27) (39,23) (9,19) (6,18) (5,16) (4,13) (3,10) (2,7) (1,4) (0,1) (73,26) (72,26) (40,23) (71,24) (42,23) (70,22) (44,22) (43,22) (69,20) (45,19) (68,15) (46,17) (67,12) (47,14) (66,9) (48,13) (49,10) (65,5) (50,6) (64,2) (63,-2) (51,2) (62,-5) (52,-1) (61,-5) (53,-3) (60,-7) (57,-6) (56,-6) (55,-6) (54,-6) 
(99,10) (76,27) (75,27) (74,27) (39,23) (9,19) (6,18) (5,16) (4,13) (3,10) (2,7) (1,4) (0,1) (73,26) (72,26) (40,23) (71,24) (42,23) (70,22) (44,22) (43,22) (69,20) (45,19) (68,15) (46,17) (67,12) (47,14) (66,9) (48,13) (49,10) (65,5) (50,6) (64,2) (63,-2) (51,2) (62,-5) (52,-1) (61,-5) (53,-3) (60,-7) (57,-6) (56,-6) (55,-6) (54,-6) 
(99,10) (76,27) (75,27) (74,27) (39,23) (9,19) (6,18) (5,16) (4,13) (3,10) (2,7) (1,4) (0,1) (73,26) (72,26) (40,23) (71,24) (42,23) (70,22) (44,22) (43,22) (69,20) (45,19) (68,15) (46,17) (67,12) (47,14) (66,9) (48,13) (49,10) (65,5) (50,6) (64,2) (63,-2) (51,2) (62,-5) (52,-1) (61,-5) (53,-3) (60,-7) (57,-6) (56,-6) (55,-6) (54,-6) (58,-7) (59,-8) 
TD 17 :
(99,10) (76,27) (75,27) (74,27) (39,23) (9,19) (6,18) (5,16) (4,13) (3,10) (2,7) (1,4) (0,1) (73,26) (72,26) (40,23) (71,24) (42,23) (70,22) (44,22) (43,22) (69,20) (45,19) (68,15) (46,17) (67,12) (47,14) (66,9) (48,13) (49,10) (65,5) (50,6) (64,2) (63,-2) (51,2) (62,-5) (52,-1) (61,-5) (53,-3) (60,-7) (57,-6) (56,-6) (55,-6) (54,-6) (59,-8) (58,-7) 
(99,10) (76,27) (75,27) (74,27) (39,23) (9,19) (6,18) (5,16) (4,13) (3,10) (2,7) (1,4) (0,1) (73,26) (72,26) (40,23) (71,24) (42,23) (70,22) (44,22) (43,22) (69,20) (45,19) (68,15) (46,17) (67,12) (47,14) (66,9) (48,13) (49,10) (65,5) (50,6) (64,2) (63,-2) (51,2) (62,-5) (52,-1) (61,-5) (53,-3) (60,-7) (57,-6) (56,-6) (55,-6) (54,-6) (59,-8) (58,-7) 
Pocket 0 :
()
Pocket 1 :
({  (0,1) ,(1,4) } {  (0,1) ,(1,4) } {  (0,1) ,(1,4) } {  (0,1) ,(1,4) } {  (0,1) ,(1,4) } {  (0,1) ,(1,4) } {  (0,1) ,(1,4) } {  (0,1) ,(1,4) } {  (0,1) ,(1,4) } {  (0,1) ,(1,4) } {  (0,1) ,(1,4) } {  (0,1) ,(1,4) } {  (0,1) ,(1,4) } {  (0,1) ,(1,4) } {  (0,1) ,(1,4) } {  (0,1) ,(1,4) } {  (0,1) ,(1,4) } {  (0,1) ,(1,4) } {  (0,1) ,(1,4) } {  (0,1) ,(1,4) } {  (0,1) ,(1,4) } {  (0,1) ,(1,4) } {  (0,1) ,(1,4) } {  (0,1) ,(1,4) } )
Pocket 2 :
({  (7,17) ,(0,1) } {  (99,10) ,(8,18) } {  (7,17) ,(0,1) } {  (99,10) ,(8,18) } {  (41,22) ,(40,23) } {  (41,22) ,(40,23) } {  (41,22) ,(40,23) } {  (41,22) ,(40,23) } {  (78,24) ,(77,25) } {  (78,24) ,(77,25) } )
Pocket 3 :
({  (43,22) ,(42,23) } {  (43,22) ,(42,23) } {  (43,22) ,(42,23) } {  (79,21) ,(78,24) } {  (79,21) ,(78,24) } )
Pocket 4 :
({  (99,10) ,(41,22) } {  (99,10) ,(41,22) } {  (44,22) ,(43,22) } {  (44,22) ,(43,22) } {  (44,22) ,(43,22) } {  (44,22) ,(43,22) } {  (80,19) ,(79,21) } {  (80,19) ,(79,21) } )
Pocket 5 :
({  (99,10) ,(69,20) } {  (99,10) ,(69,20) } {  (81,17) ,(80,19) } {  (81,17) ,(80,19) } )
Pocket 6 :
({  (46,17) ,(45,19) } {  (46,17) ,(45,19) } {  (82,13) ,(81,17) } {  (82,13) ,(81,17) } )
Pocket 7 :
({  (47,14) ,(46,17) } {  (47,14) ,(46,17) } {  (47,14) ,(46,17) } {  (83,9) ,(82,13) } {  (83,9) ,(82,13) } )
Pocket 8 :
({  (48,13) ,(47,14) } {  (48,13) ,(47,14) } {  (48,13) ,(47,14) } {  (84,5) ,(83,9) } {  (84,5) ,(83,9) } )
Pocket 9 :
({  (49,10) ,(48,13) } {  (49,10) ,(48,13) } {  (49,10) ,(48,13) } {  (85,2) ,(84,5) } {  (85,2) ,(84,5) } )
Pocket 10 :
({  (50,6) ,(49,10) } {  (50,6) ,(49,10) } {  (86,0) ,(85,2) } {  (86,0) ,(85,2) } {  (86,0) ,(85,2) } )
Pocket 11 :
({  (51,2) ,(50,6) } {  (51,2) ,(50,6) } {  (51,2) ,(50,6) } {  (87,-2) ,(86,0) } {  (87,-2) ,(86,0) } {  (87,-2) ,(86,0) } )
Pocket 12 :
({  (99,10) ,(64,2) } )
Pocket 13 :
({  (52,-1) ,(51,2) } {  (52,-1) ,(51,2) } )
Pocket 14 :
({  (53,-3) ,(52,-1) } {  (53,-3) ,(52,-1) } )
Pocket 15 :
({  (54,-6) ,(53,-3) } {  (54,-6) ,(53,-3) } )
Pocket 16 :
({  (55,-6) ,(54,-6) } {  (55,-6) ,(54,-6) } {  (55,-6) ,(54,-6) } {  (55,-6) ,(54,-6) } {  (55,-6) ,(54,-6) } )
