19 layers in onion peeling: 
Layer 1
(99,3) (75,22) (74,22) (9,20) (7,19) (6,18) (5,16) (4,14) (3,11) (2,8) (1,5) (0,1) 
Layer 2
(98,-1) (76,21) (73,21) (72,21) (8,19) 
Layer 3
(97,-3) (78,18) (77,19) (71,20) (10,19) 
Layer 4
(96,-6) (79,16) (70,17) (43,19) (42,19) (41,19) (40,19) (11,18) 
Layer 5
(95,-7) (80,14) (44,18) (39,18) (12,15) 
Layer 6
(94,-9) (81,12) (69,15) (45,17) (13,14) 
Layer 7
(93,-11) (82,9) (68,12) (38,16) (14,11) 
Layer 8
(92,-12) (83,7) (46,13) (37,14) (15,8) 
Layer 9
(91,-11) (84,4) (67,9) (47,10) (36,10) (16,5) 
Layer 10
(90,-10) (85,0) (66,5) (35,8) (17,3) 
Layer 11
(89,-10) (87,-6) (86,-4) (65,2) (48,6) (34,3) (18,-3) 
Layer 12
(88,-9) (64,0) (49,3) (33,0) (19,-7) 
Layer 13
(63,-4) (50,2) (32,-4) (20,-10) 
Layer 14
(62,-7) (51,-2) (31,-7) (21,-11) 
Layer 15
(61,-9) (52,-5) (30,-10) (22,-14) 
Layer 16
(60,-11) (53,-8) (29,-12) (23,-15) 
Layer 17
(59,-11) (54,-11) (28,-14) (24,-16) 
Layer 18
(58,-13) (55,-12) (27,-16) (25,-17) 
Layer 19
(57,-14) (56,-13) (26,-17) 
---------------------------------------------------------------------------------------
TD 0 :
(99,3) (98,-1) (97,-3) (96,-6) (95,-7) (94,-9) (93,-11) (92,-12) (91,-11) (90,-10) (89,-10) (88,-9) (87,-6) (86,-4) (85,0) (84,4) (83,7) (82,9) (81,12) (80,14) (79,16) (78,18) (77,19) (76,21) (75,22) (74,22) (73,21) (72,21) (71,20) (70,17) (69,15) (68,12) (67,9) (66,5) (65,2) (64,0) (63,-4) (62,-7) (61,-9) (60,-11) (59,-11) (58,-13) (57,-14) (56,-13) (55,-12) (54,-11) (53,-8) (52,-5) (51,-2) (50,2) (49,3) (48,6) (47,10) (46,13) (45,17) (44,18) (43,19) (42,19) (41,19) (40,19) (39,18) (38,16) (37,14) (36,10) (35,8) (34,3) (33,0) (32,-4) (31,-7) (30,-10) (29,-12) (28,-14) (27,-16) (26,-17) (25,-17) (24,-16) (23,-15) (22,-14) (21,-11) (20,-10) (19,-7) (18,-3) (17,3) (16,5) (15,8) (14,11) (13,14) (12,15) (11,18) (10,19) (9,20) (8,19) (7,19) (6,18) (5,16) (4,14) (3,11) (2,8) (1,5) (0,1) 
TD 1 :
(99,3) (75,22) (74,22) (9,20) (7,19) (6,18) (5,16) (4,14) (3,11) (2,8) (1,5) (0,1) 
(99,3) (75,22) (74,22) (9,20) (7,19) (6,18) (5,16) (4,14) (3,11) (2,8) (1,5) (0,1) 
(99,3) (75,22) (74,22) (9,20) (7,19) (6,18) (5,16) (4,14) (3,11) (2,8) (1,5) (0,1) 
(99,3) (75,22) (74,22) (9,20) (7,19) (6,18) (5,16) (4,14) (3,11) (2,8) (1,5) (0,1) 
(99,3) (75,22) (74,22) (9,20) (7,19) (6,18) (5,16) (4,14) (3,11) (2,8) (1,5) (0,1) 
(99,3) (75,22) (74,22) (9,20) (7,19) (6,18) (5,16) (4,14) (3,11) (2,8) (1,5) (0,1) 
(99,3) (75,22) (74,22) (9,20) (7,19) (6,18) (5,16) (4,14) (3,11) (2,8) (1,5) (0,1) 
(99,3) (75,22) (74,22) (9,20) (7,19) (6,18) (5,16) (4,14) (3,11) (2,8) (1,5) (0,1) (8,19) 
(99,3) (75,22) (74,22) (9,20) (7,19) (6,18) (5,16) (4,14) (3,11) (2,8) (1,5) (0,1) (10,19) (11,18) (12,15) (13,14) (14,11) (15,8) (16,5) (17,3) (18,-3) (19,-7) (20,-10) (21,-11) (22,-14) (23,-15) (24,-16) (25,-17) (26,-17) (27,-16) (28,-14) (29,-12) (30,-10) (31,-7) (32,-4) (33,0) (34,3) (35,8) (36,10) (37,14) (38,16) (39,18) (40,19) (41,19) (42,19) (43,19) (44,18) (45,17) (46,13) (47,10) (48,6) (49,3) (50,2) (51,-2) (52,-5) (53,-8) (54,-11) (55,-12) (56,-13) (57,-14) (58,-13) (59,-11) (60,-11) (61,-9) (62,-7) (63,-4) (64,0) (65,2) (66,5) (67,9) (68,12) (69,15) (70,17) (71,20) (72,21) (73,21) 
(99,3) (75,22) (74,22) (9,20) (7,19) (6,18) (5,16) (4,14) (3,11) (2,8) (1,5) (0,1) 
(99,3) (75,22) (74,22) (9,20) (7,19) (6,18) (5,16) (4,14) (3,11) (2,8) (1,5) (0,1) (76,21) (77,19) (78,18) (79,16) (80,14) (81,12) (82,9) (83,7) (84,4) (85,0) (86,-4) (87,-6) (88,-9) (89,-10) (90,-10) (91,-11) (92,-12) (93,-11) (94,-9) (95,-7) (96,-6) (97,-3) (98,-1) 
TD 2 :
(99,3) (75,22) (74,22) (9,20) (7,19) (6,18) (5,16) (4,14) (3,11) (2,8) (1,5) (0,1) (8,19) 
(99,3) (75,22) (74,22) (9,20) (7,19) (6,18) (5,16) (4,14) (3,11) (2,8) (1,5) (0,1) (73,21) (72,21) (10,19) (11,18) (12,15) (13,14) (14,11) (15,8) (16,5) (17,3) (18,-3) (19,-7) (20,-10) (21,-11) (22,-14) (23,-15) (24,-16) (25,-17) (26,-17) (27,-16) (28,-14) (29,-12) (30,-10) (31,-7) (32,-4) (33,0) (34,3) (35,8) (36,10) (37,14) (38,16) (39,18) (40,19) (41,19) (42,19) (43,19) (44,18) (45,17) (46,13) (47,10) (48,6) (49,3) (50,2) (51,-2) (52,-5) (53,-8) (54,-11) (55,-12) (56,-13) (57,-14) (58,-13) (59,-11) (60,-11) (61,-9) (62,-7) (63,-4) (64,0) (65,2) (66,5) (67,9) (68,12) (69,15) (70,17) (71,20) 
(99,3) (75,22) (74,22) (9,20) (7,19) (6,18) (5,16) (4,14) (3,11) (2,8) (1,5) (0,1) (73,21) (72,21) 
(99,3) (75,22) (74,22) (9,20) (7,19) (6,18) (5,16) (4,14) (3,11) (2,8) (1,5) (0,1) (73,21) (72,21) 
(99,3) (75,22) (74,22) (9,20) (7,19) (6,18) (5,16) (4,14) (3,11) (2,8) (1,5) (0,1) (98,-1) (76,21) 
(99,3) (75,22) (74,22) (9,20) (7,19) (6,18) (5,16) (4,14) (3,11) (2,8) (1,5) (0,1) (98,-1) (76,21) (77,19) (78,18) (79,16) (80,14) (81,12) (82,9) (83,7) (84,4) (85,0) (86,-4) (87,-6) (88,-9) (89,-10) (90,-10) (91,-11) (92,-12) (93,-11) (94,-9) (95,-7) (96,-6) (97,-3) 
TD 3 :
(99,3) (75,22) (74,22) (9,20) (7,19) (6,18) (5,16) (4,14) (3,11) (2,8) (1,5) (0,1) (73,21) (72,21) (71,20) (10,19) (11,18) (12,15) (13,14) (14,11) (15,8) (16,5) (17,3) (18,-3) (19,-7) (20,-10) (21,-11) (22,-14) (23,-15) (24,-16) (25,-17) (26,-17) (27,-16) (28,-14) (29,-12) (30,-10) (31,-7) (32,-4) (33,0) (34,3) (35,8) (36,10) (37,14) (38,16) (39,18) (40,19) (41,19) (42,19) (43,19) (44,18) (45,17) (46,13) (47,10) (48,6) (49,3) (50,2) (51,-2) (52,-5) (53,-8) (54,-11) (55,-12) (56,-13) (57,-14) (58,-13) (59,-11) (60,-11) (61,-9) (62,-7) (63,-4) (64,0) (65,2) (66,5) (67,9) (68,12) (69,15) (70,17) 
(99,3) (75,22) (74,22) (9,20) (7,19) (6,18) (5,16) (4,14) (3,11) (2,8) (1,5) (0,1) (73,21) (72,21) (71,20) (10,19) 
(99,3) (75,22) (74,22) (9,20) (7,19) (6,18) (5,16) (4,14) (3,11) (2,8) (1,5) (0,1) (98,-1) (76,21) (97,-3) (78,18) (77,19) 
(99,3) (75,22) (74,22) (9,20) (7,19) (6,18) (5,16) (4,14) (3,11) (2,8) (1,5) (0,1) (98,-1) (76,21) (97,-3) (78,18) (77,19) 
(99,3) (75,22) (74,22) (9,20) (7,19) (6,18) (5,16) (4,14) (3,11) (2,8) (1,5) (0,1) (98,-1) (76,21) (97,-3) (78,18) (77,19) (79,16) (80,14) (81,12) (82,9) (83,7) (84,4) (85,0) (86,-4) (87,-6) (88,-9) (89,-10) (90,-10) (91,-11) (92,-12) (93,-11) (94,-9) (95,-7) (96,-6) 
TD 4 :
(99,3) (75,22) (74,22) (9,20) (7,19) (6,18) (5,16) (4,14) (3,11) (2,8) (1,5) (0,1) (73,21) (72,21) (71,20) (10,19) (70,17) (43,19) (42,19) (41,19) (40,19) (11,18) (12,15) (13,14) (14,11) (15,8) (16,5) (17,3) (18,-3) (19,-7) (20,-10) (21,-11) (22,-14) (23,-15) (24,-16) (25,-17) (26,-17) (27,-16) (28,-14) (29,-12) (30,-10) (31,-7) (32,-4) (33,0) (34,3) (35,8) (36,10) (37,14) (38,16) (39,18) 
(99,3) (75,22) (74,22) (9,20) (7,19) (6,18) (5,16) (4,14) (3,11) (2,8) (1,5) (0,1) (73,21) (72,21) (71,20) (10,19) (70,17) (43,19) (42,19) (41,19) (40,19) (11,18) 
(99,3) (75,22) (74,22) (9,20) (7,19) (6,18) (5,16) (4,14) (3,11) (2,8) (1,5) (0,1) (73,21) (72,21) (71,20) (10,19) (70,17) (43,19) (42,19) (41,19) (40,19) (11,18) 
(99,3) (75,22) (74,22) (9,20) (7,19) (6,18) (5,16) (4,14) (3,11) (2,8) (1,5) (0,1) (73,21) (72,21) (71,20) (10,19) (70,17) (43,19) (42,19) (41,19) (40,19) (11,18) 
(99,3) (75,22) (74,22) (9,20) (7,19) (6,18) (5,16) (4,14) (3,11) (2,8) (1,5) (0,1) (73,21) (72,21) (71,20) (10,19) (70,17) (43,19) (42,19) (41,19) (40,19) (11,18) (44,18) (45,17) (46,13) (47,10) (48,6) (49,3) (50,2) (51,-2) (52,-5) (53,-8) (54,-11) (55,-12) (56,-13) (57,-14) (58,-13) (59,-11) (60,-11) (61,-9) (62,-7) (63,-4) (64,0) (65,2) (66,5) (67,9) (68,12) (69,15) 
(99,3) (75,22) (74,22) (9,20) (7,19) (6,18) (5,16) (4,14) (3,11) (2,8) (1,5) (0,1) (73,21) (72,21) (71,20) (10,19) (70,17) (43,19) (42,19) (41,19) (40,19) (11,18) 
(99,3) (75,22) (74,22) (9,20) (7,19) (6,18) (5,16) (4,14) (3,11) (2,8) (1,5) (0,1) (98,-1) (76,21) (97,-3) (78,18) (77,19) (96,-6) (79,16) 
(99,3) (75,22) (74,22) (9,20) (7,19) (6,18) (5,16) (4,14) (3,11) (2,8) (1,5) (0,1) (98,-1) (76,21) (97,-3) (78,18) (77,19) (96,-6) (79,16) (80,14) (81,12) (82,9) (83,7) (84,4) (85,0) (86,-4) (87,-6) (88,-9) (89,-10) (90,-10) (91,-11) (92,-12) (93,-11) (94,-9) (95,-7) 
TD 5 :
(99,3) (75,22) (74,22) (9,20) (7,19) (6,18) (5,16) (4,14) (3,11) (2,8) (1,5) (0,1) (73,21) (72,21) (71,20) (10,19) (70,17) (43,19) (42,19) (41,19) (40,19) (11,18) (39,18) (12,15) (13,14) (14,11) (15,8) (16,5) (17,3) (18,-3) (19,-7) (20,-10) (21,-11) (22,-14) (23,-15) (24,-16) (25,-17) (26,-17) (27,-16) (28,-14) (29,-12) (30,-10) (31,-7) (32,-4) (33,0) (34,3) (35,8) (36,10) (37,14) (38,16) 
(99,3) (75,22) (74,22) (9,20) (7,19) (6,18) (5,16) (4,14) (3,11) (2,8) (1,5) (0,1) (73,21) (72,21) (71,20) (10,19) (70,17) (43,19) (42,19) (41,19) (40,19) (11,18) (39,18) (12,15) 
(99,3) (75,22) (74,22) (9,20) (7,19) (6,18) (5,16) (4,14) (3,11) (2,8) (1,5) (0,1) (73,21) (72,21) (71,20) (10,19) (70,17) (43,19) (42,19) (41,19) (40,19) (11,18) (44,18) 
(99,3) (75,22) (74,22) (9,20) (7,19) (6,18) (5,16) (4,14) (3,11) (2,8) (1,5) (0,1) (73,21) (72,21) (71,20) (10,19) (70,17) (43,19) (42,19) (41,19) (40,19) (11,18) (44,18) (45,17) (46,13) (47,10) (48,6) (49,3) (50,2) (51,-2) (52,-5) (53,-8) (54,-11) (55,-12) (56,-13) (57,-14) (58,-13) (59,-11) (60,-11) (61,-9) (62,-7) (63,-4) (64,0) (65,2) (66,5) (67,9) (68,12) (69,15) 
(99,3) (75,22) (74,22) (9,20) (7,19) (6,18) (5,16) (4,14) (3,11) (2,8) (1,5) (0,1) (98,-1) (76,21) (97,-3) (78,18) (77,19) (96,-6) (79,16) (95,-7) (80,14) 
(99,3) (75,22) (74,22) (9,20) (7,19) (6,18) (5,16) (4,14) (3,11) (2,8) (1,5) (0,1) (98,-1) (76,21) (97,-3) (78,18) (77,19) (96,-6) (79,16) (95,-7) (80,14) (81,12) (82,9) (83,7) (84,4) (85,0) (86,-4) (87,-6) (88,-9) (89,-10) (90,-10) (91,-11) (92,-12) (93,-11) (94,-9) 
TD 6 :
(99,3) (75,22) (74,22) (9,20) (7,19) (6,18) (5,16) (4,14) (3,11) (2,8) (1,5) (0,1) (73,21) (72,21) (71,20) (10,19) (70,17) (43,19) (42,19) (41,19) (40,19) (11,18) (39,18) (12,15) (13,14) (14,11) (15,8) (16,5) (17,3) (18,-3) (19,-7) (20,-10) (21,-11) (22,-14) (23,-15) (24,-16) (25,-17) (26,-17) (27,-16) (28,-14) (29,-12) (30,-10) (31,-7) (32,-4) (33,0) (34,3) (35,8) (36,10) (37,14) (38,16) 
(99,3) (75,22) (74,22) (9,20) (7,19) (6,18) (5,16) (4,14) (3,11) (2,8) (1,5) (0,1) (73,21) (72,21) (71,20) (10,19) (70,17) (43,19) (42,19) (41,19) (40,19) (11,18) (44,18) (69,15) (45,17) 
(99,3) (75,22) (74,22) (9,20) (7,19) (6,18) (5,16) (4,14) (3,11) (2,8) (1,5) (0,1) (73,21) (72,21) (71,20) (10,19) (70,17) (43,19) (42,19) (41,19) (40,19) (11,18) (44,18) (69,15) (45,17) (46,13) (47,10) (48,6) (49,3) (50,2) (51,-2) (52,-5) (53,-8) (54,-11) (55,-12) (56,-13) (57,-14) (58,-13) (59,-11) (60,-11) (61,-9) (62,-7) (63,-4) (64,0) (65,2) (66,5) (67,9) (68,12) 
(99,3) (75,22) (74,22) (9,20) (7,19) (6,18) (5,16) (4,14) (3,11) (2,8) (1,5) (0,1) (73,21) (72,21) (71,20) (10,19) (70,17) (43,19) (42,19) (41,19) (40,19) (11,18) (44,18) (69,15) (45,17) 
(99,3) (75,22) (74,22) (9,20) (7,19) (6,18) (5,16) (4,14) (3,11) (2,8) (1,5) (0,1) (98,-1) (76,21) (97,-3) (78,18) (77,19) (96,-6) (79,16) (95,-7) (80,14) (94,-9) (81,12) 
(99,3) (75,22) (74,22) (9,20) (7,19) (6,18) (5,16) (4,14) (3,11) (2,8) (1,5) (0,1) (98,-1) (76,21) (97,-3) (78,18) (77,19) (96,-6) (79,16) (95,-7) (80,14) (94,-9) (81,12) (82,9) (83,7) (84,4) (85,0) (86,-4) (87,-6) (88,-9) (89,-10) (90,-10) (91,-11) (92,-12) (93,-11) 
TD 7 :
(99,3) (75,22) (74,22) (9,20) (7,19) (6,18) (5,16) (4,14) (3,11) (2,8) (1,5) (0,1) (73,21) (72,21) (71,20) (10,19) (70,17) (43,19) (42,19) (41,19) (40,19) (11,18) (39,18) (12,15) (13,14) (38,16) (14,11) (15,8) (16,5) (17,3) (18,-3) (19,-7) (20,-10) (21,-11) (22,-14) (23,-15) (24,-16) (25,-17) (26,-17) (27,-16) (28,-14) (29,-12) (30,-10) (31,-7) (32,-4) (33,0) (34,3) (35,8) (36,10) (37,14) 
(99,3) (75,22) (74,22) (9,20) (7,19) (6,18) (5,16) (4,14) (3,11) (2,8) (1,5) (0,1) (73,21) (72,21) (71,20) (10,19) (70,17) (43,19) (42,19) (41,19) (40,19) (11,18) (39,18) (12,15) (13,14) (38,16) (14,11) 
(99,3) (75,22) (74,22) (9,20) (7,19) (6,18) (5,16) (4,14) (3,11) (2,8) (1,5) (0,1) (73,21) (72,21) (71,20) (10,19) (70,17) (43,19) (42,19) (41,19) (40,19) (11,18) (44,18) (69,15) (45,17) (68,12) (46,13) (47,10) (48,6) (49,3) (50,2) (51,-2) (52,-5) (53,-8) (54,-11) (55,-12) (56,-13) (57,-14) (58,-13) (59,-11) (60,-11) (61,-9) (62,-7) (63,-4) (64,0) (65,2) (66,5) (67,9) 
(99,3) (75,22) (74,22) (9,20) (7,19) (6,18) (5,16) (4,14) (3,11) (2,8) (1,5) (0,1) (73,21) (72,21) (71,20) (10,19) (70,17) (43,19) (42,19) (41,19) (40,19) (11,18) (44,18) (69,15) (45,17) (68,12) 
(99,3) (75,22) (74,22) (9,20) (7,19) (6,18) (5,16) (4,14) (3,11) (2,8) (1,5) (0,1) (98,-1) (76,21) (97,-3) (78,18) (77,19) (96,-6) (79,16) (95,-7) (80,14) (94,-9) (81,12) (93,-11) (82,9) 
(99,3) (75,22) (74,22) (9,20) (7,19) (6,18) (5,16) (4,14) (3,11) (2,8) (1,5) (0,1) (98,-1) (76,21) (97,-3) (78,18) (77,19) (96,-6) (79,16) (95,-7) (80,14) (94,-9) (81,12) (93,-11) (82,9) (83,7) (84,4) (85,0) (86,-4) (87,-6) (88,-9) (89,-10) (90,-10) (91,-11) (92,-12) 
TD 8 :
(99,3) (75,22) (74,22) (9,20) (7,19) (6,18) (5,16) (4,14) (3,11) (2,8) (1,5) (0,1) (73,21) (72,21) (71,20) (10,19) (70,17) (43,19) (42,19) (41,19) (40,19) (11,18) (39,18) (12,15) (13,14) (38,16) (14,11) (37,14) (15,8) (16,5) (17,3) (18,-3) (19,-7) (20,-10) (21,-11) (22,-14) (23,-15) (24,-16) (25,-17) (26,-17) (27,-16) (28,-14) (29,-12) (30,-10) (31,-7) (32,-4) (33,0) (34,3) (35,8) (36,10) 
(99,3) (75,22) (74,22) (9,20) (7,19) (6,18) (5,16) (4,14) (3,11) (2,8) (1,5) (0,1) (73,21) (72,21) (71,20) (10,19) (70,17) (43,19) (42,19) (41,19) (40,19) (11,18) (39,18) (12,15) (13,14) (38,16) (14,11) (37,14) (15,8) 
(99,3) (75,22) (74,22) (9,20) (7,19) (6,18) (5,16) (4,14) (3,11) (2,8) (1,5) (0,1) (73,21) (72,21) (71,20) (10,19) (70,17) (43,19) (42,19) (41,19) (40,19) (11,18) (44,18) (69,15) (45,17) (68,12) (46,13) 
(99,3) (75,22) (74,22) (9,20) (7,19) (6,18) (5,16) (4,14) (3,11) (2,8) (1,5) (0,1) (73,21) (72,21) (71,20) (10,19) (70,17) (43,19) (42,19) (41,19) (40,19) (11,18) (44,18) (69,15) (45,17) (68,12) (46,13) (47,10) (48,6) (49,3) (50,2) (51,-2) (52,-5) (53,-8) (54,-11) (55,-12) (56,-13) (57,-14) (58,-13) (59,-11) (60,-11) (61,-9) (62,-7) (63,-4) (64,0) (65,2) (66,5) (67,9) 
(99,3) (75,22) (74,22) (9,20) (7,19) (6,18) (5,16) (4,14) (3,11) (2,8) (1,5) (0,1) (98,-1) (76,21) (97,-3) (78,18) (77,19) (96,-6) (79,16) (95,-7) (80,14) (94,-9) (81,12) (93,-11) (82,9) (92,-12) (83,7) 
(99,3) (75,22) (74,22) (9,20) (7,19) (6,18) (5,16) (4,14) (3,11) (2,8) (1,5) (0,1) (98,-1) (76,21) (97,-3) (78,18) (77,19) (96,-6) (79,16) (95,-7) (80,14) (94,-9) (81,12) (93,-11) (82,9) (92,-12) (83,7) (84,4) (85,0) (86,-4) (87,-6) (88,-9) (89,-10) (90,-10) (91,-11) 
TD 9 :
(99,3) (75,22) (74,22) (9,20) (7,19) (6,18) (5,16) (4,14) (3,11) (2,8) (1,5) (0,1) (73,21) (72,21) (71,20) (10,19) (70,17) (43,19) (42,19) (41,19) (40,19) (11,18) (39,18) (12,15) (13,14) (38,16) (14,11) (37,14) (15,8) (36,10) (16,5) (17,3) (18,-3) (19,-7) (20,-10) (21,-11) (22,-14) (23,-15) (24,-16) (25,-17) (26,-17) (27,-16) (28,-14) (29,-12) (30,-10) (31,-7) (32,-4) (33,0) (34,3) (35,8) 
(99,3) (75,22) (74,22) (9,20) (7,19) (6,18) (5,16) (4,14) (3,11) (2,8) (1,5) (0,1) (73,21) (72,21) (71,20) (10,19) (70,17) (43,19) (42,19) (41,19) (40,19) (11,18) (39,18) (12,15) (13,14) (38,16) (14,11) (37,14) (15,8) (36,10) (16,5) 
(99,3) (75,22) (74,22) (9,20) (7,19) (6,18) (5,16) (4,14) (3,11) (2,8) (1,5) (0,1) (73,21) (72,21) (71,20) (10,19) (70,17) (43,19) (42,19) (41,19) (40,19) (11,18) (44,18) (69,15) (45,17) (68,12) (46,13) (67,9) (47,10) 
(99,3) (75,22) (74,22) (9,20) (7,19) (6,18) (5,16) (4,14) (3,11) (2,8) (1,5) (0,1) (73,21) (72,21) (71,20) (10,19) (70,17) (43,19) (42,19) (41,19) (40,19) (11,18) (44,18) (69,15) (45,17) (68,12) (46,13) (67,9) (47,10) (48,6) (49,3) (50,2) (51,-2) (52,-5) (53,-8) (54,-11) (55,-12) (56,-13) (57,-14) (58,-13) (59,-11) (60,-11) (61,-9) (62,-7) (63,-4) (64,0) (65,2) (66,5) 
(99,3) (75,22) (74,22) (9,20) (7,19) (6,18) (5,16) (4,14) (3,11) (2,8) (1,5) (0,1) (73,21) (72,21) (71,20) (10,19) (70,17) (43,19) (42,19) (41,19) (40,19) (11,18) (44,18) (69,15) (45,17) (68,12) (46,13) (67,9) (47,10) 
(99,3) (75,22) (74,22) (9,20) (7,19) (6,18) (5,16) (4,14) (3,11) (2,8) (1,5) (0,1) (98,-1) (76,21) (97,-3) (78,18) (77,19) (96,-6) (79,16) (95,-7) (80,14) (94,-9) (81,12) (93,-11) (82,9) (92,-12) (83,7) (91,-11) (84,4) 
(99,3) (75,22) (74,22) (9,20) (7,19) (6,18) (5,16) (4,14) (3,11) (2,8) (1,5) (0,1) (98,-1) (76,21) (97,-3) (78,18) (77,19) (96,-6) (79,16) (95,-7) (80,14) (94,-9) (81,12) (93,-11) (82,9) (92,-12) (83,7) (91,-11) (84,4) (85,0) (86,-4) (87,-6) (88,-9) (89,-10) (90,-10) 
TD 10 :
(99,3) (75,22) (74,22) (9,20) (7,19) (6,18) (5,16) (4,14) (3,11) (2,8) (1,5) (0,1) (73,21) (72,21) (71,20) (10,19) (70,17) (43,19) (42,19) (41,19) (40,19) (11,18) (39,18) (12,15) (13,14) (38,16) (14,11) (37,14) (15,8) (36,10) (16,5) (35,8) (17,3) (18,-3) (19,-7) (20,-10) (21,-11) (22,-14) (23,-15) (24,-16) (25,-17) (26,-17) (27,-16) (28,-14) (29,-12) (30,-10) (31,-7) (32,-4) (33,0) (34,3) 
(99,3) (75,22) (74,22) (9,20) (7,19) (6,18) (5,16) (4,14) (3,11) (2,8) (1,5) (0,1) (73,21) (72,21) (71,20) (10,19) (70,17) (43,19) (42,19) (41,19) (40,19) (11,18) (39,18) (12,15) (13,14) (38,16) (14,11) (37,14) (15,8) (36,10) (16,5) (35,8) (17,3) 
(99,3) (75,22) (74,22) (9,20) (7,19) (6,18) (5,16) (4,14) (3,11) (2,8) (1,5) (0,1) (73,21) (72,21) (71,20) (10,19) (70,17) (43,19) (42,19) (41,19) (40,19) (11,18) (44,18) (69,15) (45,17) (68,12) (46,13) (67,9) (47,10) (66,5) (48,6) (49,3) (50,2) (51,-2) (52,-5) (53,-8) (54,-11) (55,-12) (56,-13) (57,-14) (58,-13) (59,-11) (60,-11) (61,-9) (62,-7) (63,-4) (64,0) (65,2) 
(99,3) (75,22) (74,22) (9,20) (7,19) (6,18) (5,16) (4,14) (3,11) (2,8) (1,5) (0,1) (73,21) (72,21) (71,20) (10,19) (70,17) (43,19) (42,19) (41,19) (40,19) (11,18) (44,18) (69,15) (45,17) (68,12) (46,13) (67,9) (47,10) (66,5) 
(99,3) (75,22) (74,22) (9,20) (7,19) (6,18) (5,16) (4,14) (3,11) (2,8) (1,5) (0,1) (98,-1) (76,21) (97,-3) (78,18) (77,19) (96,-6) (79,16) (95,-7) (80,14) (94,-9) (81,12) (93,-11) (82,9) (92,-12) (83,7) (91,-11) (84,4) (90,-10) (85,0) 
(99,3) (75,22) (74,22) (9,20) (7,19) (6,18) (5,16) (4,14) (3,11) (2,8) (1,5) (0,1) (98,-1) (76,21) (97,-3) (78,18) (77,19) (96,-6) (79,16) (95,-7) (80,14) (94,-9) (81,12) (93,-11) (82,9) (92,-12) (83,7) (91,-11) (84,4) (90,-10) (85,0) (86,-4) (87,-6) (88,-9) (89,-10) 
TD 11 :
(99,3) (75,22) (74,22) (9,20) (7,19) (6,18) (5,16) (4,14) (3,11) (2,8) (1,5) (0,1) (73,21) (72,21) (71,20) (10,19) (70,17) (43,19) (42,19) (41,19) (40,19) (11,18) (39,18) (12,15) (13,14) (38,16) (14,11) (37,14) (15,8) (36,10) (16,5) (35,8) (17,3) (34,3) (18,-3) (19,-7) (20,-10) (21,-11) (22,-14) (23,-15) (24,-16) (25,-17) (26,-17) (27,-16) (28,-14) (29,-12) (30,-10) (31,-7) (32,-4) (33,0) 
(99,3) (75,22) (74,22) (9,20) (7,19) (6,18) (5,16) (4,14) (3,11) (2,8) (1,5) (0,1) (73,21) (72,21) (71,20) (10,19) (70,17) (43,19) (42,19) (41,19) (40,19) (11,18) (39,18) (12,15) (13,14) (38,16) (14,11) (37,14) (15,8) (36,10) (16,5) (35,8) (17,3) (34,3) (18,-3) 
(99,3) (75,22) (74,22) (9,20) (7,19) (6,18) (5,16) (4,14) (3,11) (2,8) (1,5) (0,1) (73,21) (72,21) (71,20) (10,19) (70,17) (43,19) (42,19) (41,19) (40,19) (11,18) (44,18) (69,15) (45,17) (68,12) (46,13) (67,9) (47,10) (66,5) (65,2) (48,6) 
(99,3) (75,22) (74,22) (9,20) (7,19) (6,18) (5,16) (4,14) (3,11) (2,8) (1,5) (0,1) (73,21) (72,21) (71,20) (10,19) (70,17) (43,19) (42,19) (41,19) (40,19) (11,18) (44,18) (69,15) (45,17) (68,12) (46,13) (67,9) (47,10) (66,5) (65,2) (48,6) (49,3) (50,2) (51,-2) (52,-5) (53,-8) (54,-11) (55,-12) (56,-13) (57,-14) (58,-13) (59,-11) (60,-11) (61,-9) (62,-7) (63,-4) (64,0) 
(99,3) (75,22) (74,22) (9,20) (7,19) (6,18) (5,16) (4,14) (3,11) (2,8) (1,5) (0,1) (73,21) (72,21) (71,20) (10,19) (70,17) (43,19) (42,19) (41,19) (40,19) (11,18) (44,18) (69,15) (45,17) (68,12) (46,13) (67,9) (47,10) (66,5) (65,2) (48,6) 
(99,3) (75,22) (74,22) (9,20) (7,19) (6,18) (5,16) (4,14) (3,11) (2,8) (1,5) (0,1) (98,-1) (76,21) (97,-3) (78,18) (77,19) (96,-6) (79,16) (95,-7) (80,14) (94,-9) (81,12) (93,-11) (82,9) (92,-12) (83,7) (91,-11) (84,4) (90,-10) (85,0) (89,-10) (87,-6) (86,-4) 
(99,3) (75,22) (74,22) (9,20) (7,19) (6,18) (5,16) (4,14) (3,11) (2,8) (1,5) (0,1) (98,-1) (76,21) (97,-3) (78,18) (77,19) (96,-6) (79,16) (95,-7) (80,14) (94,-9) (81,12) (93,-11) (82,9) (92,-12) (83,7) (91,-11) (84,4) (90,-10) (85,0) (89,-10) (87,-6) (86,-4) 
(99,3) (75,22) (74,22) (9,20) (7,19) (6,18) (5,16) (4,14) (3,11) (2,8) (1,5) (0,1) (98,-1) (76,21) (97,-3) (78,18) (77,19) (96,-6) (79,16) (95,-7) (80,14) (94,-9) (81,12) (93,-11) (82,9) (92,-12) (83,7) (91,-11) (84,4) (90,-10) (85,0) (89,-10) (87,-6) (86,-4) (88,-9) 
TD 12 :
(99,3) (75,22) (74,22) (9,20) (7,19) (6,18) (5,16) (4,14) (3,11) (2,8) (1,5) (0,1) (73,21) (72,21) (71,20) (10,19) (70,17) (43,19) (42,19) (41,19) (40,19) (11,18) (39,18) (12,15) (13,14) (38,16) (14,11) (37,14) (15,8) (36,10) (16,5) (35,8) (17,3) (34,3) (18,-3) (33,0) (19,-7) (20,-10) (21,-11) (22,-14) (23,-15) (24,-16) (25,-17) (26,-17) (27,-16) (28,-14) (29,-12) (30,-10) (31,-7) (32,-4) 
(99,3) (75,22) (74,22) (9,20) (7,19) (6,18) (5,16) (4,14) (3,11) (2,8) (1,5) (0,1) (73,21) (72,21) (71,20) (10,19) (70,17) (43,19) (42,19) (41,19) (40,19) (11,18) (39,18) (12,15) (13,14) (38,16) (14,11) (37,14) (15,8) (36,10) (16,5) (35,8) (17,3) (34,3) (18,-3) (33,0) (19,-7) 
(99,3) (75,22) (74,22) (9,20) (7,19) (6,18) (5,16) (4,14) (3,11) (2,8) (1,5) (0,1) (73,21) (72,21) (71,20) (10,19) (70,17) (43,19) (42,19) (41,19) (40,19) (11,18) (44,18) (69,15) (45,17) (68,12) (46,13) (67,9) (47,10) (66,5) (65,2) (48,6) (64,0) (49,3) 
(99,3) (75,22) (74,22) (9,20) (7,19) (6,18) (5,16) (4,14) (3,11) (2,8) (1,5) (0,1) (73,21) (72,21) (71,20) (10,19) (70,17) (43,19) (42,19) (41,19) (40,19) (11,18) (44,18) (69,15) (45,17) (68,12) (46,13) (67,9) (47,10) (66,5) (65,2) (48,6) (64,0) (49,3) (50,2) (51,-2) (52,-5) (53,-8) (54,-11) (55,-12) (56,-13) (57,-14) (58,-13) (59,-11) (60,-11) (61,-9) (62,-7) (63,-4) 
(99,3) (75,22) (74,22) (9,20) (7,19) (6,18) (5,16) (4,14) (3,11) (2,8) (1,5) (0,1) (73,21) (72,21) (71,20) (10,19) (70,17) (43,19) (42,19) (41,19) (40,19) (11,18) (44,18) (69,15) (45,17) (68,12) (46,13) (67,9) (47,10) (66,5) (65,2) (48,6) (64,0) (49,3) 
(99,3) (75,22) (74,22) (9,20) (7,19) (6,18) (5,16) (4,14) (3,11) (2,8) (1,5) (0,1) (98,-1) (76,21) (97,-3) (78,18) (77,19) (96,-6) (79,16) (95,-7) (80,14) (94,-9) (81,12) (93,-11) (82,9) (92,-12) (83,7) (91,-11) (84,4) (90,-10) (85,0) (89,-10) (87,-6) (86,-4) (88,-9) 
TD 13 :
(99,3) (75,22) (74,22) (9,20) (7,19) (6,18) (5,16) (4,14) (3,11) (2,8) (1,5) (0,1) (73,21) (72,21) (71,20) (10,19) (70,17) (43,19) (42,19) (41,19) (40,19) (11,18) (39,18) (12,15) (13,14) (38,16) (14,11) (37,14) (15,8) (36,10) (16,5) (35,8) (17,3) (34,3) (18,-3) (33,0) (19,-7) (32,-4) (20,-10) (21,-11) (22,-14) (23,-15) (24,-16) (25,-17) (26,-17) (27,-16) (28,-14) (29,-12) (30,-10) (31,-7) 
(99,3) (75,22) (74,22) (9,20) (7,19) (6,18) (5,16) (4,14) (3,11) (2,8) (1,5) (0,1) (73,21) (72,21) (71,20) (10,19) (70,17) (43,19) (42,19) (41,19) (40,19) (11,18) (39,18) (12,15) (13,14) (38,16) (14,11) (37,14) (15,8) (36,10) (16,5) (35,8) (17,3) (34,3) (18,-3) (33,0) (19,-7) (32,-4) (20,-10) 
(99,3) (75,22) (74,22) (9,20) (7,19) (6,18) (5,16) (4,14) (3,11) (2,8) (1,5) (0,1) (73,21) (72,21) (71,20) (10,19) (70,17) (43,19) (42,19) (41,19) (40,19) (11,18) (44,18) (69,15) (45,17) (68,12) (46,13) (67,9) (47,10) (66,5) (65,2) (48,6) (64,0) (49,3) (63,-4) (50,2) 
(99,3) (75,22) (74,22) (9,20) (7,19) (6,18) (5,16) (4,14) (3,11) (2,8) (1,5) (0,1) (73,21) (72,21) (71,20) (10,19) (70,17) (43,19) (42,19) (41,19) (40,19) (11,18) (44,18) (69,15) (45,17) (68,12) (46,13) (67,9) (47,10) (66,5) (65,2) (48,6) (64,0) (49,3) (63,-4) (50,2) (51,-2) (52,-5) (53,-8) (54,-11) (55,-12) (56,-13) (57,-14) (58,-13) (59,-11) (60,-11) (61,-9) (62,-7) 
TD 14 :
(99,3) (75,22) (74,22) (9,20) (7,19) (6,18) (5,16) (4,14) (3,11) (2,8) (1,5) (0,1) (73,21) (72,21) (71,20) (10,19) (70,17) (43,19) (42,19) (41,19) (40,19) (11,18) (39,18) (12,15) (13,14) (38,16) (14,11) (37,14) (15,8) (36,10) (16,5) (35,8) (17,3) (34,3) (18,-3) (33,0) (19,-7) (32,-4) (20,-10) (31,-7) (21,-11) (22,-14) (23,-15) (24,-16) (25,-17) (26,-17) (27,-16) (28,-14) (29,-12) (30,-10) 
(99,3) (75,22) (74,22) (9,20) (7,19) (6,18) (5,16) (4,14) (3,11) (2,8) (1,5) (0,1) (73,21) (72,21) (71,20) (10,19) (70,17) (43,19) (42,19) (41,19) (40,19) (11,18) (39,18) (12,15) (13,14) (38,16) (14,11) (37,14) (15,8) (36,10) (16,5) (35,8) (17,3) (34,3) (18,-3) (33,0) (19,-7) (32,-4) (20,-10) (31,-7) (21,-11) 
(99,3) (75,22) (74,22) (9,20) (7,19) (6,18) (5,16) (4,14) (3,11) (2,8) (1,5) (0,1) (73,21) (72,21) (71,20) (10,19) (70,17) (43,19) (42,19) (41,19) (40,19) (11,18) (44,18) (69,15) (45,17) (68,12) (46,13) (67,9) (47,10) (66,5) (65,2) (48,6) (64,0) (49,3) (63,-4) (50,2) (62,-7) (51,-2) 
(99,3) (75,22) (74,22) (9,20) (7,19) (6,18) (5,16) (4,14) (3,11) (2,8) (1,5) (0,1) (73,21) (72,21) (71,20) (10,19) (70,17) (43,19) (42,19) (41,19) (40,19) (11,18) (44,18) (69,15) (45,17) (68,12) (46,13) (67,9) (47,10) (66,5) (65,2) (48,6) (64,0) (49,3) (63,-4) (50,2) (62,-7) (51,-2) (52,-5) (53,-8) (54,-11) (55,-12) (56,-13) (57,-14) (58,-13) (59,-11) (60,-11) (61,-9) 
TD 15 :
(99,3) (75,22) (74,22) (9,20) (7,19) (6,18) (5,16) (4,14) (3,11) (2,8) (1,5) (0,1) (73,21) (72,21) (71,20) (10,19) (70,17) (43,19) (42,19) (41,19) (40,19) (11,18) (39,18) (12,15) (13,14) (38,16) (14,11) (37,14) (15,8) (36,10) (16,5) (35,8) (17,3) (34,3) (18,-3) (33,0) (19,-7) (32,-4) (20,-10) (31,-7) (21,-11) (30,-10) (22,-14) (23,-15) (24,-16) (25,-17) (26,-17) (27,-16) (28,-14) (29,-12) 
(99,3) (75,22) (74,22) (9,20) (7,19) (6,18) (5,16) (4,14) (3,11) (2,8) (1,5) (0,1) (73,21) (72,21) (71,20) (10,19) (70,17) (43,19) (42,19) (41,19) (40,19) (11,18) (39,18) (12,15) (13,14) (38,16) (14,11) (37,14) (15,8) (36,10) (16,5) (35,8) (17,3) (34,3) (18,-3) (33,0) (19,-7) (32,-4) (20,-10) (31,-7) (21,-11) (30,-10) (22,-14) 
(99,3) (75,22) (74,22) (9,20) (7,19) (6,18) (5,16) (4,14) (3,11) (2,8) (1,5) (0,1) (73,21) (72,21) (71,20) (10,19) (70,17) (43,19) (42,19) (41,19) (40,19) (11,18) (44,18) (69,15) (45,17) (68,12) (46,13) (67,9) (47,10) (66,5) (65,2) (48,6) (64,0) (49,3) (63,-4) (50,2) (62,-7) (51,-2) (61,-9) (52,-5) 
(99,3) (75,22) (74,22) (9,20) (7,19) (6,18) (5,16) (4,14) (3,11) (2,8) (1,5) (0,1) (73,21) (72,21) (71,20) (10,19) (70,17) (43,19) (42,19) (41,19) (40,19) (11,18) (44,18) (69,15) (45,17) (68,12) (46,13) (67,9) (47,10) (66,5) (65,2) (48,6) (64,0) (49,3) (63,-4) (50,2) (62,-7) (51,-2) (61,-9) (52,-5) (53,-8) (54,-11) (55,-12) (56,-13) (57,-14) (58,-13) (59,-11) (60,-11) 
TD 16 :
(99,3) (75,22) (74,22) (9,20) (7,19) (6,18) (5,16) (4,14) (3,11) (2,8) (1,5) (0,1) (73,21) (72,21) (71,20) (10,19) (70,17) (43,19) (42,19) (41,19) (40,19) (11,18) (39,18) (12,15) (13,14) (38,16) (14,11) (37,14) (15,8) (36,10) (16,5) (35,8) (17,3) (34,3) (18,-3) (33,0) (19,-7) (32,-4) (20,-10) (31,-7) (21,-11) (30,-10) (22,-14) (29,-12) (23,-15) (24,-16) (25,-17) (26,-17) (27,-16) (28,-14) 
(99,3) (75,22) (74,22) (9,20) (7,19) (6,18) (5,16) (4,14) (3,11) (2,8) (1,5) (0,1) (73,21) (72,21) (71,20) (10,19) (70,17) (43,19) (42,19) (41,19) (40,19) (11,18) (39,18) (12,15) (13,14) (38,16) (14,11) (37,14) (15,8) (36,10) (16,5) (35,8) (17,3) (34,3) (18,-3) (33,0) (19,-7) (32,-4) (20,-10) (31,-7) (21,-11) (30,-10) (22,-14) (29,-12) (23,-15) 
(99,3) (75,22) (74,22) (9,20) (7,19) (6,18) (5,16) (4,14) (3,11) (2,8) (1,5) (0,1) (73,21) (72,21) (71,20) (10,19) (70,17) (43,19) (42,19) (41,19) (40,19) (11,18) (44,18) (69,15) (45,17) (68,12) (46,13) (67,9) (47,10) (66,5) (65,2) (48,6) (64,0) (49,3) (63,-4) (50,2) (62,-7) (51,-2) (61,-9) (52,-5) (60,-11) (53,-8) 
(99,3) (75,22) (74,22) (9,20) (7,19) (6,18) (5,16) (4,14) (3,11) (2,8) (1,5) (0,1) (73,21) (72,21) (71,20) (10,19) (70,17) (43,19) (42,19) (41,19) (40,19) (11,18) (44,18) (69,15) (45,17) (68,12) (46,13) (67,9) (47,10) (66,5) (65,2) (48,6) (64,0) (49,3) (63,-4) (50,2) (62,-7) (51,-2) (61,-9) (52,-5) (60,-11) (53,-8) (54,-11) (55,-12) (56,-13) (57,-14) (58,-13) (59,-11) 
TD 17 :
(99,3) (75,22) (74,22) (9,20) (7,19) (6,18) (5,16) (4,14) (3,11) (2,8) (1,5) (0,1) (73,21) (72,21) (71,20) (10,19) (70,17) (43,19) (42,19) (41,19) (40,19) (11,18) (39,18) (12,15) (13,14) (38,16) (14,11) (37,14) (15,8) (36,10) (16,5) (35,8) (17,3) (34,3) (18,-3) (33,0) (19,-7) (32,-4) (20,-10) (31,-7) (21,-11) (30,-10) (22,-14) (29,-12) (23,-15) (28,-14) (24,-16) (25,-17) (26,-17) (27,-16) 
(99,3) (75,22) (74,22) (9,20) (7,19) (6,18) (5,16) (4,14) (3,11) (2,8) (1,5) (0,1) (73,21) (72,21) (71,20) (10,19) (70,17) (43,19) (42,19) (41,19) (40,19) (11,18) (39,18) (12,15) (13,14) (38,16) (14,11) (37,14) (15,8) (36,10) (16,5) (35,8) (17,3) (34,3) (18,-3) (33,0) (19,-7) (32,-4) (20,-10) (31,-7) (21,-11) (30,-10) (22,-14) (29,-12) (23,-15) (28,-14) (24,-16) 
(99,3) (75,22) (74,22) (9,20) (7,19) (6,18) (5,16) (4,14) (3,11) (2,8) (1,5) (0,1) (73,21) (72,21) (71,20) (10,19) (70,17) (43,19) (42,19) (41,19) (40,19) (11,18) (44,18) (69,15) (45,17) (68,12) (46,13) (67,9) (47,10) (66,5) (65,2) (48,6) (64,0) (49,3) (63,-4) (50,2) (62,-7) (51,-2) (61,-9) (52,-5) (60,-11) (53,-8) (59,-11) (54,-11) 
(99,3) (75,22) (74,22) (9,20) (7,19) (6,18) (5,16) (4,14) (3,11) (2,8) (1,5) (0,1) (73,21) (72,21) (71,20) (10,19) (70,17) (43,19) (42,19) (41,19) (40,19) (11,18) (44,18) (69,15) (45,17) (68,12) (46,13) (67,9) (47,10) (66,5) (65,2) (48,6) (64,0) (49,3) (63,-4) (50,2) (62,-7) (51,-2) (61,-9) (52,-5) (60,-11) (53,-8) (59,-11) (54,-11) (55,-12) (56,-13) (57,-14) (58,-13) 
TD 18 :
(99,3) (75,22) (74,22) (9,20) (7,19) (6,18) (5,16) (4,14) (3,11) (2,8) (1,5) (0,1) (73,21) (72,21) (71,20) (10,19) (70,17) (43,19) (42,19) (41,19) (40,19) (11,18) (39,18) (12,15) (13,14) (38,16) (14,11) (37,14) (15,8) (36,10) (16,5) (35,8) (17,3) (34,3) (18,-3) (33,0) (19,-7) (32,-4) (20,-10) (31,-7) (21,-11) (30,-10) (22,-14) (29,-12) (23,-15) (28,-14) (24,-16) (27,-16) (25,-17) (26,-17) 
(99,3) (75,22) (74,22) (9,20) (7,19) (6,18) (5,16) (4,14) (3,11) (2,8) (1,5) (0,1) (73,21) (72,21) (71,20) (10,19) (70,17) (43,19) (42,19) (41,19) (40,19) (11,18) (39,18) (12,15) (13,14) (38,16) (14,11) (37,14) (15,8) (36,10) (16,5) (35,8) (17,3) (34,3) (18,-3) (33,0) (19,-7) (32,-4) (20,-10) (31,-7) (21,-11) (30,-10) (22,-14) (29,-12) (23,-15) (28,-14) (24,-16) (27,-16) (25,-17) 
(99,3) (75,22) (74,22) (9,20) (7,19) (6,18) (5,16) (4,14) (3,11) (2,8) (1,5) (0,1) (73,21) (72,21) (71,20) (10,19) (70,17) (43,19) (42,19) (41,19) (40,19) (11,18) (44,18) (69,15) (45,17) (68,12) (46,13) (67,9) (47,10) (66,5) (65,2) (48,6) (64,0) (49,3) (63,-4) (50,2) (62,-7) (51,-2) (61,-9) (52,-5) (60,-11) (53,-8) (59,-11) (54,-11) (58,-13) (55,-12) 
(99,3) (75,22) (74,22) (9,20) (7,19) (6,18) (5,16) (4,14) (3,11) (2,8) (1,5) (0,1) (73,21) (72,21) (71,20) (10,19) (70,17) (43,19) (42,19) (41,19) (40,19) (11,18) (44,18) (69,15) (45,17) (68,12) (46,13) (67,9) (47,10) (66,5) (65,2) (48,6) (64,0) (49,3) (63,-4) (50,2) (62,-7) (51,-2) (61,-9) (52,-5) (60,-11) (53,-8) (59,-11) (54,-11) (58,-13) (55,-12) (56,-13) (57,-14) 
TD 19 :
(99,3) (75,22) (74,22) (9,20) (7,19) (6,18) (5,16) (4,14) (3,11) (2,8) (1,5) (0,1) (73,21) (72,21) (71,20) (10,19) (70,17) (43,19) (42,19) (41,19) (40,19) (11,18) (39,18) (12,15) (13,14) (38,16) (14,11) (37,14) (15,8) (36,10) (16,5) (35,8) (17,3) (34,3) (18,-3) (33,0) (19,-7) (32,-4) (20,-10) (31,-7) (21,-11) (30,-10) (22,-14) (29,-12) (23,-15) (28,-14) (24,-16) (27,-16) (25,-17) (26,-17) 
(99,3) (75,22) (74,22) (9,20) (7,19) (6,18) (5,16) (4,14) (3,11) (2,8) (1,5) (0,1) (73,21) (72,21) (71,20) (10,19) (70,17) (43,19) (42,19) (41,19) (40,19) (11,18) (44,18) (69,15) (45,17) (68,12) (46,13) (67,9) (47,10) (66,5) (65,2) (48,6) (64,0) (49,3) (63,-4) (50,2) (62,-7) (51,-2) (61,-9) (52,-5) (60,-11) (53,-8) (59,-11) (54,-11) (58,-13) (55,-12) (57,-14) (56,-13) 
(99,3) (75,22) (74,22) (9,20) (7,19) (6,18) (5,16) (4,14) (3,11) (2,8) (1,5) (0,1) (73,21) (72,21) (71,20) (10,19) (70,17) (43,19) (42,19) (41,19) (40,19) (11,18) (44,18) (69,15) (45,17) (68,12) (46,13) (67,9) (47,10) (66,5) (65,2) (48,6) (64,0) (49,3) (63,-4) (50,2) (62,-7) (51,-2) (61,-9) (52,-5) (60,-11) (53,-8) (59,-11) (54,-11) (58,-13) (55,-12) (57,-14) (56,-13) 
Pocket 0 :
()
Pocket 1 :
({  (0,1) ,(1,5) } {  (0,1) ,(1,5) } {  (0,1) ,(1,5) } {  (0,1) ,(1,5) } {  (0,1) ,(1,5) } {  (0,1) ,(1,5) } {  (0,1) ,(1,5) } {  (0,1) ,(1,5) } {  (0,1) ,(1,5) } {  (0,1) ,(1,5) } {  (0,1) ,(1,5) } {  (0,1) ,(1,5) } {  (0,1) ,(1,5) } {  (0,1) ,(1,5) } {  (0,1) ,(1,5) } {  (0,1) ,(1,5) } {  (0,1) ,(1,5) } {  (0,1) ,(1,5) } {  (0,1) ,(1,5) } {  (0,1) ,(1,5) } {  (0,1) ,(1,5) } {  (0,1) ,(1,5) } )
Pocket 2 :
({  (8,19) ,(0,1) } {  (73,21) ,(72,21) } {  (73,21) ,(72,21) } {  (73,21) ,(72,21) } {  (77,19) ,(76,21) } {  (77,19) ,(76,21) } )
Pocket 3 :
({  (10,19) ,(72,21) } {  (99,3) ,(71,20) } {  (10,19) ,(72,21) } {  (99,3) ,(71,20) } {  (78,18) ,(77,19) } {  (78,18) ,(77,19) } {  (78,18) ,(77,19) } )
Pocket 4 :
({  (11,18) ,(10,19) } {  (41,19) ,(40,19) } {  (11,18) ,(10,19) } {  (41,19) ,(40,19) } {  (11,18) ,(10,19) } {  (41,19) ,(40,19) } {  (11,18) ,(10,19) } {  (41,19) ,(40,19) } {  (11,18) ,(10,19) } {  (41,19) ,(40,19) } {  (11,18) ,(10,19) } {  (41,19) ,(40,19) } {  (80,14) ,(79,16) } {  (80,14) ,(79,16) } )
Pocket 5 :
({  (12,15) ,(11,18) } {  (99,3) ,(39,18) } {  (12,15) ,(11,18) } {  (99,3) ,(39,18) } {  (45,17) ,(44,18) } {  (45,17) ,(44,18) } {  (81,12) ,(80,14) } {  (81,12) ,(80,14) } )
Pocket 6 :
({  (13,14) ,(12,15) } {  (46,13) ,(45,17) } {  (46,13) ,(45,17) } {  (46,13) ,(45,17) } {  (82,9) ,(81,12) } {  (82,9) ,(81,12) } )
Pocket 7 :
({  (14,11) ,(13,14) } {  (99,3) ,(38,16) } {  (14,11) ,(13,14) } {  (99,3) ,(38,16) } {  (99,3) ,(68,12) } {  (99,3) ,(68,12) } {  (83,7) ,(82,9) } {  (83,7) ,(82,9) } )
Pocket 8 :
({  (15,8) ,(14,11) } {  (99,3) ,(37,14) } {  (15,8) ,(14,11) } {  (99,3) ,(37,14) } {  (47,10) ,(46,13) } {  (47,10) ,(46,13) } {  (84,4) ,(83,7) } {  (84,4) ,(83,7) } )
Pocket 9 :
({  (16,5) ,(15,8) } {  (99,3) ,(36,10) } {  (16,5) ,(15,8) } {  (99,3) ,(36,10) } {  (48,6) ,(47,10) } {  (48,6) ,(47,10) } {  (48,6) ,(47,10) } {  (85,0) ,(84,4) } {  (85,0) ,(84,4) } )
Pocket 10 :
({  (17,3) ,(16,5) } {  (99,3) ,(35,8) } {  (17,3) ,(16,5) } {  (99,3) ,(35,8) } {  (99,3) ,(66,5) } {  (99,3) ,(66,5) } {  (86,-4) ,(85,0) } {  (86,-4) ,(85,0) } )
Pocket 11 :
({  (18,-3) ,(17,3) } {  (99,3) ,(34,3) } {  (18,-3) ,(17,3) } {  (99,3) ,(34,3) } {  (49,3) ,(48,6) } {  (49,3) ,(48,6) } {  (49,3) ,(48,6) } {  (87,-6) ,(86,-4) } {  (87,-6) ,(86,-4) } {  (87,-6) ,(86,-4) } )
Pocket 12 :
({  (19,-7) ,(18,-3) } {  (99,3) ,(33,0) } {  (19,-7) ,(18,-3) } {  (99,3) ,(33,0) } {  (50,2) ,(49,3) } {  (50,2) ,(49,3) } {  (50,2) ,(49,3) } {  (99,3) ,(88,-9) } )
Pocket 13 :
({  (20,-10) ,(19,-7) } {  (99,3) ,(32,-4) } {  (20,-10) ,(19,-7) } {  (99,3) ,(32,-4) } {  (51,-2) ,(50,2) } {  (51,-2) ,(50,2) } )
Pocket 14 :
({  (21,-11) ,(20,-10) } {  (99,3) ,(31,-7) } {  (21,-11) ,(20,-10) } {  (99,3) ,(31,-7) } {  (52,-5) ,(51,-2) } {  (52,-5) ,(51,-2) } )
Pocket 15 :
({  (22,-14) ,(21,-11) } {  (99,3) ,(30,-10) } {  (22,-14) ,(21,-11) } {  (99,3) ,(30,-10) } {  (53,-8) ,(52,-5) } {  (53,-8) ,(52,-5) } )
Pocket 16 :
({  (23,-15) ,(22,-14) } {  (99,3) ,(29,-12) } {  (23,-15) ,(22,-14) } {  (99,3) ,(29,-12) } {  (54,-11) ,(53,-8) } {  (54,-11) ,(53,-8) } )
Pocket 17 :
({  (24,-16) ,(23,-15) } {  (99,3) ,(28,-14) } {  (24,-16) ,(23,-15) } {  (99,3) ,(28,-14) } {  (55,-12) ,(54,-11) } {  (55,-12) ,(54,-11) } )
Pocket 18 :
({  (25,-17) ,(24,-16) } {  (99,3) ,(27,-16) } {  (25,-17) ,(24,-16) } {  (99,3) ,(27,-16) } {  (56,-13) ,(55,-12) } {  (56,-13) ,(55,-12) } )
