18 layers in onion peeling: 
Layer 1
(99,-2) (78,10) (76,11) (74,12) (10,13) (9,13) (8,13) (7,13) (6,12) (5,11) (4,10) (1,3) (0,-1) 
Layer 2
(98,-6) (77,10) (75,11) (11,10) (3,7) (2,5) 
Layer 3
(97,-9) (79,8) (73,9) (42,10) (41,10) (40,10) (39,10) (12,8) 
Layer 4
(96,-12) (80,6) (72,8) (43,9) (13,5) 
Layer 5
(95,-15) (81,2) (71,6) (44,8) (38,8) (14,2) 
Layer 6
(94,-16) (82,-2) (70,2) (45,6) (37,7) (15,0) 
Layer 7
(93,-18) (83,-5) (69,2) (36,4) (16,-2) 
Layer 8
(92,-19) (84,-7) (68,-2) (46,3) (35,2) (17,-4) 
Layer 9
(91,-18) (85,-9) (67,-5) (47,-1) (34,-1) (18,-8) 
Layer 10
(90,-17) (87,-13) (86,-12) (48,-4) (33,-5) (19,-10) 
Layer 11
(89,-16) (88,-15) (66,-9) (49,-8) (32,-7) (20,-14) 
Layer 12
(65,-12) (50,-10) (31,-12) (21,-17) 
Layer 13
(64,-16) (51,-14) (30,-14) (23,-19) (22,-20) 
Layer 14
(63,-19) (52,-17) (29,-16) (24,-21) 
Layer 15
(62,-21) (53,-20) (28,-18) (27,-19) (26,-20) (25,-22) 
Layer 16
(61,-23) (54,-22) 
Layer 17
(60,-25) (59,-24) (55,-23) 
Layer 18
(58,-25) (56,-24) 
---------------------------------------------------------------------------------------
TD 0 :
(99,-2) (98,-6) (97,-9) (96,-12) (95,-15) (94,-16) (93,-18) (92,-19) (91,-18) (90,-17) (89,-16) (88,-15) (87,-13) (86,-12) (85,-9) (84,-7) (83,-5) (82,-2) (81,2) (80,6) (79,8) (78,10) (77,10) (76,11) (75,11) (74,12) (73,9) (72,8) (71,6) (70,2) (69,2) (68,-2) (67,-5) (66,-9) (65,-12) (64,-16) (63,-19) (62,-21) (61,-23) (60,-25) (59,-24) (58,-25) (57,-25) (56,-24) (55,-23) (54,-22) (53,-20) (52,-17) (51,-14) (50,-10) (49,-8) (48,-4) (47,-1) (46,3) (45,6) (44,8) (43,9) (42,10) (41,10) (40,10) (39,10) (38,8) (37,7) (36,4) (35,2) (34,-1) (33,-5) (32,-7) (31,-12) (30,-14) (29,-16) (28,-18) (27,-19) (26,-20) (25,-22) (24,-21) (23,-19) (22,-20) (21,-17) (20,-14) (19,-10) (18,-8) (17,-4) (16,-2) (15,0) (14,2) (13,5) (12,8) (11,10) (10,13) (9,13) (8,13) (7,13) (6,12) (5,11) (4,10) (3,7) (2,5) (1,3) (0,-1) 
TD 1 :
(99,-2) (78,10) (76,11) (74,12) (10,13) (9,13) (8,13) (7,13) (6,12) (5,11) (4,10) (1,3) (0,-1) 
(99,-2) (78,10) (76,11) (74,12) (10,13) (9,13) (8,13) (7,13) (6,12) (5,11) (4,10) (1,3) (0,-1) (2,5) (3,7) 
(99,-2) (78,10) (76,11) (74,12) (10,13) (9,13) (8,13) (7,13) (6,12) (5,11) (4,10) (1,3) (0,-1) 
(99,-2) (78,10) (76,11) (74,12) (10,13) (9,13) (8,13) (7,13) (6,12) (5,11) (4,10) (1,3) (0,-1) 
(99,-2) (78,10) (76,11) (74,12) (10,13) (9,13) (8,13) (7,13) (6,12) (5,11) (4,10) (1,3) (0,-1) 
(99,-2) (78,10) (76,11) (74,12) (10,13) (9,13) (8,13) (7,13) (6,12) (5,11) (4,10) (1,3) (0,-1) 
(99,-2) (78,10) (76,11) (74,12) (10,13) (9,13) (8,13) (7,13) (6,12) (5,11) (4,10) (1,3) (0,-1) 
(99,-2) (78,10) (76,11) (74,12) (10,13) (9,13) (8,13) (7,13) (6,12) (5,11) (4,10) (1,3) (0,-1) 
(99,-2) (78,10) (76,11) (74,12) (10,13) (9,13) (8,13) (7,13) (6,12) (5,11) (4,10) (1,3) (0,-1) (11,10) (12,8) (13,5) (14,2) (15,0) (16,-2) (17,-4) (18,-8) (19,-10) (20,-14) (21,-17) (22,-20) (23,-19) (24,-21) (25,-22) (26,-20) (27,-19) (28,-18) (29,-16) (30,-14) (31,-12) (32,-7) (33,-5) (34,-1) (35,2) (36,4) (37,7) (38,8) (39,10) (40,10) (41,10) (42,10) (43,9) (44,8) (45,6) (46,3) (47,-1) (48,-4) (49,-8) (50,-10) (51,-14) (52,-17) (53,-20) (54,-22) (55,-23) (56,-24) (57,-25) (58,-25) (59,-24) (60,-25) (61,-23) (62,-21) (63,-19) (64,-16) (65,-12) (66,-9) (67,-5) (68,-2) (69,2) (70,2) (71,6) (72,8) (73,9) 
(99,-2) (78,10) (76,11) (74,12) (10,13) (9,13) (8,13) (7,13) (6,12) (5,11) (4,10) (1,3) (0,-1) (75,11) 
(99,-2) (78,10) (76,11) (74,12) (10,13) (9,13) (8,13) (7,13) (6,12) (5,11) (4,10) (1,3) (0,-1) (77,10) 
(99,-2) (78,10) (76,11) (74,12) (10,13) (9,13) (8,13) (7,13) (6,12) (5,11) (4,10) (1,3) (0,-1) (79,8) (80,6) (81,2) (82,-2) (83,-5) (84,-7) (85,-9) (86,-12) (87,-13) (88,-15) (89,-16) (90,-17) (91,-18) (92,-19) (93,-18) (94,-16) (95,-15) (96,-12) (97,-9) (98,-6) 
TD 2 :
(99,-2) (78,10) (76,11) (74,12) (10,13) (9,13) (8,13) (7,13) (6,12) (5,11) (4,10) (1,3) (0,-1) (3,7) (2,5) 
(99,-2) (78,10) (76,11) (74,12) (10,13) (9,13) (8,13) (7,13) (6,12) (5,11) (4,10) (1,3) (0,-1) (3,7) (2,5) 
(99,-2) (78,10) (76,11) (74,12) (10,13) (9,13) (8,13) (7,13) (6,12) (5,11) (4,10) (1,3) (0,-1) (11,10) 
(99,-2) (78,10) (76,11) (74,12) (10,13) (9,13) (8,13) (7,13) (6,12) (5,11) (4,10) (1,3) (0,-1) (11,10) (12,8) (13,5) (14,2) (15,0) (16,-2) (17,-4) (18,-8) (19,-10) (20,-14) (21,-17) (22,-20) (23,-19) (24,-21) (25,-22) (26,-20) (27,-19) (28,-18) (29,-16) (30,-14) (31,-12) (32,-7) (33,-5) (34,-1) (35,2) (36,4) (37,7) (38,8) (39,10) (40,10) (41,10) (42,10) (43,9) (44,8) (45,6) (46,3) (47,-1) (48,-4) (49,-8) (50,-10) (51,-14) (52,-17) (53,-20) (54,-22) (55,-23) (56,-24) (57,-25) (58,-25) (59,-24) (60,-25) (61,-23) (62,-21) (63,-19) (64,-16) (65,-12) (66,-9) (67,-5) (68,-2) (69,2) (70,2) (71,6) (72,8) (73,9) 
(99,-2) (78,10) (76,11) (74,12) (10,13) (9,13) (8,13) (7,13) (6,12) (5,11) (4,10) (1,3) (0,-1) (75,11) 
(99,-2) (78,10) (76,11) (74,12) (10,13) (9,13) (8,13) (7,13) (6,12) (5,11) (4,10) (1,3) (0,-1) (75,11) 
(99,-2) (78,10) (76,11) (74,12) (10,13) (9,13) (8,13) (7,13) (6,12) (5,11) (4,10) (1,3) (0,-1) (77,10) 
(99,-2) (78,10) (76,11) (74,12) (10,13) (9,13) (8,13) (7,13) (6,12) (5,11) (4,10) (1,3) (0,-1) (77,10) 
(99,-2) (78,10) (76,11) (74,12) (10,13) (9,13) (8,13) (7,13) (6,12) (5,11) (4,10) (1,3) (0,-1) (98,-6) (79,8) (80,6) (81,2) (82,-2) (83,-5) (84,-7) (85,-9) (86,-12) (87,-13) (88,-15) (89,-16) (90,-17) (91,-18) (92,-19) (93,-18) (94,-16) (95,-15) (96,-12) (97,-9) 
TD 3 :
(99,-2) (78,10) (76,11) (74,12) (10,13) (9,13) (8,13) (7,13) (6,12) (5,11) (4,10) (1,3) (0,-1) (11,10) (73,9) (42,10) (41,10) (40,10) (39,10) (12,8) (13,5) (14,2) (15,0) (16,-2) (17,-4) (18,-8) (19,-10) (20,-14) (21,-17) (22,-20) (23,-19) (24,-21) (25,-22) (26,-20) (27,-19) (28,-18) (29,-16) (30,-14) (31,-12) (32,-7) (33,-5) (34,-1) (35,2) (36,4) (37,7) (38,8) 
(99,-2) (78,10) (76,11) (74,12) (10,13) (9,13) (8,13) (7,13) (6,12) (5,11) (4,10) (1,3) (0,-1) (11,10) (73,9) (42,10) (41,10) (40,10) (39,10) (12,8) 
(99,-2) (78,10) (76,11) (74,12) (10,13) (9,13) (8,13) (7,13) (6,12) (5,11) (4,10) (1,3) (0,-1) (11,10) (73,9) (42,10) (41,10) (40,10) (39,10) (12,8) 
(99,-2) (78,10) (76,11) (74,12) (10,13) (9,13) (8,13) (7,13) (6,12) (5,11) (4,10) (1,3) (0,-1) (11,10) (73,9) (42,10) (41,10) (40,10) (39,10) (12,8) 
(99,-2) (78,10) (76,11) (74,12) (10,13) (9,13) (8,13) (7,13) (6,12) (5,11) (4,10) (1,3) (0,-1) (11,10) (73,9) (42,10) (41,10) (40,10) (39,10) (12,8) (43,9) (44,8) (45,6) (46,3) (47,-1) (48,-4) (49,-8) (50,-10) (51,-14) (52,-17) (53,-20) (54,-22) (55,-23) (56,-24) (57,-25) (58,-25) (59,-24) (60,-25) (61,-23) (62,-21) (63,-19) (64,-16) (65,-12) (66,-9) (67,-5) (68,-2) (69,2) (70,2) (71,6) (72,8) 
(99,-2) (78,10) (76,11) (74,12) (10,13) (9,13) (8,13) (7,13) (6,12) (5,11) (4,10) (1,3) (0,-1) (11,10) (73,9) (42,10) (41,10) (40,10) (39,10) (12,8) 
(99,-2) (78,10) (76,11) (74,12) (10,13) (9,13) (8,13) (7,13) (6,12) (5,11) (4,10) (1,3) (0,-1) (98,-6) (97,-9) (79,8) 
(99,-2) (78,10) (76,11) (74,12) (10,13) (9,13) (8,13) (7,13) (6,12) (5,11) (4,10) (1,3) (0,-1) (98,-6) (97,-9) (79,8) (80,6) (81,2) (82,-2) (83,-5) (84,-7) (85,-9) (86,-12) (87,-13) (88,-15) (89,-16) (90,-17) (91,-18) (92,-19) (93,-18) (94,-16) (95,-15) (96,-12) 
TD 4 :
(99,-2) (78,10) (76,11) (74,12) (10,13) (9,13) (8,13) (7,13) (6,12) (5,11) (4,10) (1,3) (0,-1) (11,10) (73,9) (42,10) (41,10) (40,10) (39,10) (12,8) (13,5) (14,2) (15,0) (16,-2) (17,-4) (18,-8) (19,-10) (20,-14) (21,-17) (22,-20) (23,-19) (24,-21) (25,-22) (26,-20) (27,-19) (28,-18) (29,-16) (30,-14) (31,-12) (32,-7) (33,-5) (34,-1) (35,2) (36,4) (37,7) (38,8) 
(99,-2) (78,10) (76,11) (74,12) (10,13) (9,13) (8,13) (7,13) (6,12) (5,11) (4,10) (1,3) (0,-1) (11,10) (73,9) (42,10) (41,10) (40,10) (39,10) (12,8) (72,8) (43,9) 
(99,-2) (78,10) (76,11) (74,12) (10,13) (9,13) (8,13) (7,13) (6,12) (5,11) (4,10) (1,3) (0,-1) (11,10) (73,9) (42,10) (41,10) (40,10) (39,10) (12,8) (72,8) (43,9) (44,8) (45,6) (46,3) (47,-1) (48,-4) (49,-8) (50,-10) (51,-14) (52,-17) (53,-20) (54,-22) (55,-23) (56,-24) (57,-25) (58,-25) (59,-24) (60,-25) (61,-23) (62,-21) (63,-19) (64,-16) (65,-12) (66,-9) (67,-5) (68,-2) (69,2) (70,2) (71,6) 
(99,-2) (78,10) (76,11) (74,12) (10,13) (9,13) (8,13) (7,13) (6,12) (5,11) (4,10) (1,3) (0,-1) (11,10) (73,9) (42,10) (41,10) (40,10) (39,10) (12,8) (72,8) (43,9) 
(99,-2) (78,10) (76,11) (74,12) (10,13) (9,13) (8,13) (7,13) (6,12) (5,11) (4,10) (1,3) (0,-1) (98,-6) (97,-9) (79,8) (96,-12) (80,6) 
(99,-2) (78,10) (76,11) (74,12) (10,13) (9,13) (8,13) (7,13) (6,12) (5,11) (4,10) (1,3) (0,-1) (98,-6) (97,-9) (79,8) (96,-12) (80,6) (81,2) (82,-2) (83,-5) (84,-7) (85,-9) (86,-12) (87,-13) (88,-15) (89,-16) (90,-17) (91,-18) (92,-19) (93,-18) (94,-16) (95,-15) 
TD 5 :
(99,-2) (78,10) (76,11) (74,12) (10,13) (9,13) (8,13) (7,13) (6,12) (5,11) (4,10) (1,3) (0,-1) (11,10) (73,9) (42,10) (41,10) (40,10) (39,10) (12,8) (13,5) (38,8) (14,2) (15,0) (16,-2) (17,-4) (18,-8) (19,-10) (20,-14) (21,-17) (22,-20) (23,-19) (24,-21) (25,-22) (26,-20) (27,-19) (28,-18) (29,-16) (30,-14) (31,-12) (32,-7) (33,-5) (34,-1) (35,2) (36,4) (37,7) 
(99,-2) (78,10) (76,11) (74,12) (10,13) (9,13) (8,13) (7,13) (6,12) (5,11) (4,10) (1,3) (0,-1) (11,10) (73,9) (42,10) (41,10) (40,10) (39,10) (12,8) (13,5) (38,8) (14,2) 
(99,-2) (78,10) (76,11) (74,12) (10,13) (9,13) (8,13) (7,13) (6,12) (5,11) (4,10) (1,3) (0,-1) (11,10) (73,9) (42,10) (41,10) (40,10) (39,10) (12,8) (72,8) (43,9) (71,6) (44,8) 
(99,-2) (78,10) (76,11) (74,12) (10,13) (9,13) (8,13) (7,13) (6,12) (5,11) (4,10) (1,3) (0,-1) (11,10) (73,9) (42,10) (41,10) (40,10) (39,10) (12,8) (72,8) (43,9) (71,6) (44,8) (45,6) (46,3) (47,-1) (48,-4) (49,-8) (50,-10) (51,-14) (52,-17) (53,-20) (54,-22) (55,-23) (56,-24) (57,-25) (58,-25) (59,-24) (60,-25) (61,-23) (62,-21) (63,-19) (64,-16) (65,-12) (66,-9) (67,-5) (68,-2) (69,2) (70,2) 
(99,-2) (78,10) (76,11) (74,12) (10,13) (9,13) (8,13) (7,13) (6,12) (5,11) (4,10) (1,3) (0,-1) (11,10) (73,9) (42,10) (41,10) (40,10) (39,10) (12,8) (72,8) (43,9) (71,6) (44,8) 
(99,-2) (78,10) (76,11) (74,12) (10,13) (9,13) (8,13) (7,13) (6,12) (5,11) (4,10) (1,3) (0,-1) (98,-6) (97,-9) (79,8) (96,-12) (80,6) (95,-15) (81,2) 
(99,-2) (78,10) (76,11) (74,12) (10,13) (9,13) (8,13) (7,13) (6,12) (5,11) (4,10) (1,3) (0,-1) (98,-6) (97,-9) (79,8) (96,-12) (80,6) (95,-15) (81,2) (82,-2) (83,-5) (84,-7) (85,-9) (86,-12) (87,-13) (88,-15) (89,-16) (90,-17) (91,-18) (92,-19) (93,-18) (94,-16) 
TD 6 :
(99,-2) (78,10) (76,11) (74,12) (10,13) (9,13) (8,13) (7,13) (6,12) (5,11) (4,10) (1,3) (0,-1) (11,10) (73,9) (42,10) (41,10) (40,10) (39,10) (12,8) (13,5) (38,8) (14,2) (37,7) (15,0) (16,-2) (17,-4) (18,-8) (19,-10) (20,-14) (21,-17) (22,-20) (23,-19) (24,-21) (25,-22) (26,-20) (27,-19) (28,-18) (29,-16) (30,-14) (31,-12) (32,-7) (33,-5) (34,-1) (35,2) (36,4) 
(99,-2) (78,10) (76,11) (74,12) (10,13) (9,13) (8,13) (7,13) (6,12) (5,11) (4,10) (1,3) (0,-1) (11,10) (73,9) (42,10) (41,10) (40,10) (39,10) (12,8) (13,5) (38,8) (14,2) (37,7) (15,0) 
(99,-2) (78,10) (76,11) (74,12) (10,13) (9,13) (8,13) (7,13) (6,12) (5,11) (4,10) (1,3) (0,-1) (11,10) (73,9) (42,10) (41,10) (40,10) (39,10) (12,8) (72,8) (43,9) (71,6) (44,8) (70,2) (45,6) 
(99,-2) (78,10) (76,11) (74,12) (10,13) (9,13) (8,13) (7,13) (6,12) (5,11) (4,10) (1,3) (0,-1) (11,10) (73,9) (42,10) (41,10) (40,10) (39,10) (12,8) (72,8) (43,9) (71,6) (44,8) (70,2) (45,6) (46,3) (47,-1) (48,-4) (49,-8) (50,-10) (51,-14) (52,-17) (53,-20) (54,-22) (55,-23) (56,-24) (57,-25) (58,-25) (59,-24) (60,-25) (61,-23) (62,-21) (63,-19) (64,-16) (65,-12) (66,-9) (67,-5) (68,-2) (69,2) 
(99,-2) (78,10) (76,11) (74,12) (10,13) (9,13) (8,13) (7,13) (6,12) (5,11) (4,10) (1,3) (0,-1) (11,10) (73,9) (42,10) (41,10) (40,10) (39,10) (12,8) (72,8) (43,9) (71,6) (44,8) (70,2) (45,6) 
(99,-2) (78,10) (76,11) (74,12) (10,13) (9,13) (8,13) (7,13) (6,12) (5,11) (4,10) (1,3) (0,-1) (98,-6) (97,-9) (79,8) (96,-12) (80,6) (95,-15) (81,2) (94,-16) (82,-2) 
(99,-2) (78,10) (76,11) (74,12) (10,13) (9,13) (8,13) (7,13) (6,12) (5,11) (4,10) (1,3) (0,-1) (98,-6) (97,-9) (79,8) (96,-12) (80,6) (95,-15) (81,2) (94,-16) (82,-2) (83,-5) (84,-7) (85,-9) (86,-12) (87,-13) (88,-15) (89,-16) (90,-17) (91,-18) (92,-19) (93,-18) 
TD 7 :
(99,-2) (78,10) (76,11) (74,12) (10,13) (9,13) (8,13) (7,13) (6,12) (5,11) (4,10) (1,3) (0,-1) (11,10) (73,9) (42,10) (41,10) (40,10) (39,10) (12,8) (13,5) (38,8) (14,2) (37,7) (15,0) (36,4) (16,-2) (17,-4) (18,-8) (19,-10) (20,-14) (21,-17) (22,-20) (23,-19) (24,-21) (25,-22) (26,-20) (27,-19) (28,-18) (29,-16) (30,-14) (31,-12) (32,-7) (33,-5) (34,-1) (35,2) 
(99,-2) (78,10) (76,11) (74,12) (10,13) (9,13) (8,13) (7,13) (6,12) (5,11) (4,10) (1,3) (0,-1) (11,10) (73,9) (42,10) (41,10) (40,10) (39,10) (12,8) (13,5) (38,8) (14,2) (37,7) (15,0) (36,4) (16,-2) 
(99,-2) (78,10) (76,11) (74,12) (10,13) (9,13) (8,13) (7,13) (6,12) (5,11) (4,10) (1,3) (0,-1) (11,10) (73,9) (42,10) (41,10) (40,10) (39,10) (12,8) (72,8) (43,9) (71,6) (44,8) (70,2) (45,6) (69,2) (46,3) (47,-1) (48,-4) (49,-8) (50,-10) (51,-14) (52,-17) (53,-20) (54,-22) (55,-23) (56,-24) (57,-25) (58,-25) (59,-24) (60,-25) (61,-23) (62,-21) (63,-19) (64,-16) (65,-12) (66,-9) (67,-5) (68,-2) 
(99,-2) (78,10) (76,11) (74,12) (10,13) (9,13) (8,13) (7,13) (6,12) (5,11) (4,10) (1,3) (0,-1) (11,10) (73,9) (42,10) (41,10) (40,10) (39,10) (12,8) (72,8) (43,9) (71,6) (44,8) (70,2) (45,6) (69,2) 
(99,-2) (78,10) (76,11) (74,12) (10,13) (9,13) (8,13) (7,13) (6,12) (5,11) (4,10) (1,3) (0,-1) (98,-6) (97,-9) (79,8) (96,-12) (80,6) (95,-15) (81,2) (94,-16) (82,-2) (93,-18) (83,-5) 
(99,-2) (78,10) (76,11) (74,12) (10,13) (9,13) (8,13) (7,13) (6,12) (5,11) (4,10) (1,3) (0,-1) (98,-6) (97,-9) (79,8) (96,-12) (80,6) (95,-15) (81,2) (94,-16) (82,-2) (93,-18) (83,-5) (84,-7) (85,-9) (86,-12) (87,-13) (88,-15) (89,-16) (90,-17) (91,-18) (92,-19) 
TD 8 :
(99,-2) (78,10) (76,11) (74,12) (10,13) (9,13) (8,13) (7,13) (6,12) (5,11) (4,10) (1,3) (0,-1) (11,10) (73,9) (42,10) (41,10) (40,10) (39,10) (12,8) (13,5) (38,8) (14,2) (37,7) (15,0) (36,4) (16,-2) (35,2) (17,-4) (18,-8) (19,-10) (20,-14) (21,-17) (22,-20) (23,-19) (24,-21) (25,-22) (26,-20) (27,-19) (28,-18) (29,-16) (30,-14) (31,-12) (32,-7) (33,-5) (34,-1) 
(99,-2) (78,10) (76,11) (74,12) (10,13) (9,13) (8,13) (7,13) (6,12) (5,11) (4,10) (1,3) (0,-1) (11,10) (73,9) (42,10) (41,10) (40,10) (39,10) (12,8) (13,5) (38,8) (14,2) (37,7) (15,0) (36,4) (16,-2) (35,2) (17,-4) 
(99,-2) (78,10) (76,11) (74,12) (10,13) (9,13) (8,13) (7,13) (6,12) (5,11) (4,10) (1,3) (0,-1) (11,10) (73,9) (42,10) (41,10) (40,10) (39,10) (12,8) (72,8) (43,9) (71,6) (44,8) (70,2) (45,6) (69,2) (68,-2) (46,3) 
(99,-2) (78,10) (76,11) (74,12) (10,13) (9,13) (8,13) (7,13) (6,12) (5,11) (4,10) (1,3) (0,-1) (11,10) (73,9) (42,10) (41,10) (40,10) (39,10) (12,8) (72,8) (43,9) (71,6) (44,8) (70,2) (45,6) (69,2) (68,-2) (46,3) (47,-1) (48,-4) (49,-8) (50,-10) (51,-14) (52,-17) (53,-20) (54,-22) (55,-23) (56,-24) (57,-25) (58,-25) (59,-24) (60,-25) (61,-23) (62,-21) (63,-19) (64,-16) (65,-12) (66,-9) (67,-5) 
(99,-2) (78,10) (76,11) (74,12) (10,13) (9,13) (8,13) (7,13) (6,12) (5,11) (4,10) (1,3) (0,-1) (11,10) (73,9) (42,10) (41,10) (40,10) (39,10) (12,8) (72,8) (43,9) (71,6) (44,8) (70,2) (45,6) (69,2) (68,-2) (46,3) 
(99,-2) (78,10) (76,11) (74,12) (10,13) (9,13) (8,13) (7,13) (6,12) (5,11) (4,10) (1,3) (0,-1) (98,-6) (97,-9) (79,8) (96,-12) (80,6) (95,-15) (81,2) (94,-16) (82,-2) (93,-18) (83,-5) (92,-19) (84,-7) 
(99,-2) (78,10) (76,11) (74,12) (10,13) (9,13) (8,13) (7,13) (6,12) (5,11) (4,10) (1,3) (0,-1) (98,-6) (97,-9) (79,8) (96,-12) (80,6) (95,-15) (81,2) (94,-16) (82,-2) (93,-18) (83,-5) (92,-19) (84,-7) (85,-9) (86,-12) (87,-13) (88,-15) (89,-16) (90,-17) (91,-18) 
TD 9 :
(99,-2) (78,10) (76,11) (74,12) (10,13) (9,13) (8,13) (7,13) (6,12) (5,11) (4,10) (1,3) (0,-1) (11,10) (73,9) (42,10) (41,10) (40,10) (39,10) (12,8) (13,5) (38,8) (14,2) (37,7) (15,0) (36,4) (16,-2) (35,2) (17,-4) (34,-1) (18,-8) (19,-10) (20,-14) (21,-17) (22,-20) (23,-19) (24,-21) (25,-22) (26,-20) (27,-19) (28,-18) (29,-16) (30,-14) (31,-12) (32,-7) (33,-5) 
(99,-2) (78,10) (76,11) (74,12) (10,13) (9,13) (8,13) (7,13) (6,12) (5,11) (4,10) (1,3) (0,-1) (11,10) (73,9) (42,10) (41,10) (40,10) (39,10) (12,8) (13,5) (38,8) (14,2) (37,7) (15,0) (36,4) (16,-2) (35,2) (17,-4) (34,-1) (18,-8) 
(99,-2) (78,10) (76,11) (74,12) (10,13) (9,13) (8,13) (7,13) (6,12) (5,11) (4,10) (1,3) (0,-1) (11,10) (73,9) (42,10) (41,10) (40,10) (39,10) (12,8) (72,8) (43,9) (71,6) (44,8) (70,2) (45,6) (69,2) (68,-2) (46,3) (67,-5) (47,-1) 
(99,-2) (78,10) (76,11) (74,12) (10,13) (9,13) (8,13) (7,13) (6,12) (5,11) (4,10) (1,3) (0,-1) (11,10) (73,9) (42,10) (41,10) (40,10) (39,10) (12,8) (72,8) (43,9) (71,6) (44,8) (70,2) (45,6) (69,2) (68,-2) (46,3) (67,-5) (47,-1) (48,-4) (49,-8) (50,-10) (51,-14) (52,-17) (53,-20) (54,-22) (55,-23) (56,-24) (57,-25) (58,-25) (59,-24) (60,-25) (61,-23) (62,-21) (63,-19) (64,-16) (65,-12) (66,-9) 
(99,-2) (78,10) (76,11) (74,12) (10,13) (9,13) (8,13) (7,13) (6,12) (5,11) (4,10) (1,3) (0,-1) (11,10) (73,9) (42,10) (41,10) (40,10) (39,10) (12,8) (72,8) (43,9) (71,6) (44,8) (70,2) (45,6) (69,2) (68,-2) (46,3) (67,-5) (47,-1) 
(99,-2) (78,10) (76,11) (74,12) (10,13) (9,13) (8,13) (7,13) (6,12) (5,11) (4,10) (1,3) (0,-1) (98,-6) (97,-9) (79,8) (96,-12) (80,6) (95,-15) (81,2) (94,-16) (82,-2) (93,-18) (83,-5) (92,-19) (84,-7) (91,-18) (85,-9) 
(99,-2) (78,10) (76,11) (74,12) (10,13) (9,13) (8,13) (7,13) (6,12) (5,11) (4,10) (1,3) (0,-1) (98,-6) (97,-9) (79,8) (96,-12) (80,6) (95,-15) (81,2) (94,-16) (82,-2) (93,-18) (83,-5) (92,-19) (84,-7) (91,-18) (85,-9) (86,-12) (87,-13) (88,-15) (89,-16) (90,-17) 
TD 10 :
(99,-2) (78,10) (76,11) (74,12) (10,13) (9,13) (8,13) (7,13) (6,12) (5,11) (4,10) (1,3) (0,-1) (11,10) (73,9) (42,10) (41,10) (40,10) (39,10) (12,8) (13,5) (38,8) (14,2) (37,7) (15,0) (36,4) (16,-2) (35,2) (17,-4) (34,-1) (18,-8) (33,-5) (19,-10) (20,-14) (21,-17) (22,-20) (23,-19) (24,-21) (25,-22) (26,-20) (27,-19) (28,-18) (29,-16) (30,-14) (31,-12) (32,-7) 
(99,-2) (78,10) (76,11) (74,12) (10,13) (9,13) (8,13) (7,13) (6,12) (5,11) (4,10) (1,3) (0,-1) (11,10) (73,9) (42,10) (41,10) (40,10) (39,10) (12,8) (13,5) (38,8) (14,2) (37,7) (15,0) (36,4) (16,-2) (35,2) (17,-4) (34,-1) (18,-8) (33,-5) (19,-10) 
(99,-2) (78,10) (76,11) (74,12) (10,13) (9,13) (8,13) (7,13) (6,12) (5,11) (4,10) (1,3) (0,-1) (11,10) (73,9) (42,10) (41,10) (40,10) (39,10) (12,8) (72,8) (43,9) (71,6) (44,8) (70,2) (45,6) (69,2) (68,-2) (46,3) (67,-5) (47,-1) (48,-4) 
(99,-2) (78,10) (76,11) (74,12) (10,13) (9,13) (8,13) (7,13) (6,12) (5,11) (4,10) (1,3) (0,-1) (11,10) (73,9) (42,10) (41,10) (40,10) (39,10) (12,8) (72,8) (43,9) (71,6) (44,8) (70,2) (45,6) (69,2) (68,-2) (46,3) (67,-5) (47,-1) (48,-4) (49,-8) (50,-10) (51,-14) (52,-17) (53,-20) (54,-22) (55,-23) (56,-24) (57,-25) (58,-25) (59,-24) (60,-25) (61,-23) (62,-21) (63,-19) (64,-16) (65,-12) (66,-9) 
(99,-2) (78,10) (76,11) (74,12) (10,13) (9,13) (8,13) (7,13) (6,12) (5,11) (4,10) (1,3) (0,-1) (98,-6) (97,-9) (79,8) (96,-12) (80,6) (95,-15) (81,2) (94,-16) (82,-2) (93,-18) (83,-5) (92,-19) (84,-7) (91,-18) (85,-9) (90,-17) (87,-13) (86,-12) 
(99,-2) (78,10) (76,11) (74,12) (10,13) (9,13) (8,13) (7,13) (6,12) (5,11) (4,10) (1,3) (0,-1) (98,-6) (97,-9) (79,8) (96,-12) (80,6) (95,-15) (81,2) (94,-16) (82,-2) (93,-18) (83,-5) (92,-19) (84,-7) (91,-18) (85,-9) (90,-17) (87,-13) (86,-12) 
(99,-2) (78,10) (76,11) (74,12) (10,13) (9,13) (8,13) (7,13) (6,12) (5,11) (4,10) (1,3) (0,-1) (98,-6) (97,-9) (79,8) (96,-12) (80,6) (95,-15) (81,2) (94,-16) (82,-2) (93,-18) (83,-5) (92,-19) (84,-7) (91,-18) (85,-9) (90,-17) (87,-13) (86,-12) (88,-15) (89,-16) 
TD 11 :
(99,-2) (78,10) (76,11) (74,12) (10,13) (9,13) (8,13) (7,13) (6,12) (5,11) (4,10) (1,3) (0,-1) (11,10) (73,9) (42,10) (41,10) (40,10) (39,10) (12,8) (13,5) (38,8) (14,2) (37,7) (15,0) (36,4) (16,-2) (35,2) (17,-4) (34,-1) (18,-8) (33,-5) (19,-10) (32,-7) (20,-14) (21,-17) (22,-20) (23,-19) (24,-21) (25,-22) (26,-20) (27,-19) (28,-18) (29,-16) (30,-14) (31,-12) 
(99,-2) (78,10) (76,11) (74,12) (10,13) (9,13) (8,13) (7,13) (6,12) (5,11) (4,10) (1,3) (0,-1) (11,10) (73,9) (42,10) (41,10) (40,10) (39,10) (12,8) (13,5) (38,8) (14,2) (37,7) (15,0) (36,4) (16,-2) (35,2) (17,-4) (34,-1) (18,-8) (33,-5) (19,-10) (32,-7) (20,-14) 
(99,-2) (78,10) (76,11) (74,12) (10,13) (9,13) (8,13) (7,13) (6,12) (5,11) (4,10) (1,3) (0,-1) (11,10) (73,9) (42,10) (41,10) (40,10) (39,10) (12,8) (72,8) (43,9) (71,6) (44,8) (70,2) (45,6) (69,2) (68,-2) (46,3) (67,-5) (47,-1) (48,-4) (66,-9) (49,-8) 
(99,-2) (78,10) (76,11) (74,12) (10,13) (9,13) (8,13) (7,13) (6,12) (5,11) (4,10) (1,3) (0,-1) (11,10) (73,9) (42,10) (41,10) (40,10) (39,10) (12,8) (72,8) (43,9) (71,6) (44,8) (70,2) (45,6) (69,2) (68,-2) (46,3) (67,-5) (47,-1) (48,-4) (66,-9) (49,-8) (50,-10) (51,-14) (52,-17) (53,-20) (54,-22) (55,-23) (56,-24) (57,-25) (58,-25) (59,-24) (60,-25) (61,-23) (62,-21) (63,-19) (64,-16) (65,-12) 
(99,-2) (78,10) (76,11) (74,12) (10,13) (9,13) (8,13) (7,13) (6,12) (5,11) (4,10) (1,3) (0,-1) (11,10) (73,9) (42,10) (41,10) (40,10) (39,10) (12,8) (72,8) (43,9) (71,6) (44,8) (70,2) (45,6) (69,2) (68,-2) (46,3) (67,-5) (47,-1) (48,-4) (66,-9) (49,-8) 
(99,-2) (78,10) (76,11) (74,12) (10,13) (9,13) (8,13) (7,13) (6,12) (5,11) (4,10) (1,3) (0,-1) (98,-6) (97,-9) (79,8) (96,-12) (80,6) (95,-15) (81,2) (94,-16) (82,-2) (93,-18) (83,-5) (92,-19) (84,-7) (91,-18) (85,-9) (90,-17) (87,-13) (86,-12) (89,-16) (88,-15) 
(99,-2) (78,10) (76,11) (74,12) (10,13) (9,13) (8,13) (7,13) (6,12) (5,11) (4,10) (1,3) (0,-1) (98,-6) (97,-9) (79,8) (96,-12) (80,6) (95,-15) (81,2) (94,-16) (82,-2) (93,-18) (83,-5) (92,-19) (84,-7) (91,-18) (85,-9) (90,-17) (87,-13) (86,-12) (89,-16) (88,-15) 
TD 12 :
(99,-2) (78,10) (76,11) (74,12) (10,13) (9,13) (8,13) (7,13) (6,12) (5,11) (4,10) (1,3) (0,-1) (11,10) (73,9) (42,10) (41,10) (40,10) (39,10) (12,8) (13,5) (38,8) (14,2) (37,7) (15,0) (36,4) (16,-2) (35,2) (17,-4) (34,-1) (18,-8) (33,-5) (19,-10) (32,-7) (20,-14) (31,-12) (21,-17) (22,-20) (23,-19) (24,-21) (25,-22) (26,-20) (27,-19) (28,-18) (29,-16) (30,-14) 
(99,-2) (78,10) (76,11) (74,12) (10,13) (9,13) (8,13) (7,13) (6,12) (5,11) (4,10) (1,3) (0,-1) (11,10) (73,9) (42,10) (41,10) (40,10) (39,10) (12,8) (13,5) (38,8) (14,2) (37,7) (15,0) (36,4) (16,-2) (35,2) (17,-4) (34,-1) (18,-8) (33,-5) (19,-10) (32,-7) (20,-14) (31,-12) (21,-17) 
(99,-2) (78,10) (76,11) (74,12) (10,13) (9,13) (8,13) (7,13) (6,12) (5,11) (4,10) (1,3) (0,-1) (11,10) (73,9) (42,10) (41,10) (40,10) (39,10) (12,8) (72,8) (43,9) (71,6) (44,8) (70,2) (45,6) (69,2) (68,-2) (46,3) (67,-5) (47,-1) (48,-4) (66,-9) (49,-8) (65,-12) (50,-10) 
(99,-2) (78,10) (76,11) (74,12) (10,13) (9,13) (8,13) (7,13) (6,12) (5,11) (4,10) (1,3) (0,-1) (11,10) (73,9) (42,10) (41,10) (40,10) (39,10) (12,8) (72,8) (43,9) (71,6) (44,8) (70,2) (45,6) (69,2) (68,-2) (46,3) (67,-5) (47,-1) (48,-4) (66,-9) (49,-8) (65,-12) (50,-10) (51,-14) (52,-17) (53,-20) (54,-22) (55,-23) (56,-24) (57,-25) (58,-25) (59,-24) (60,-25) (61,-23) (62,-21) (63,-19) (64,-16) 
TD 13 :
(99,-2) (78,10) (76,11) (74,12) (10,13) (9,13) (8,13) (7,13) (6,12) (5,11) (4,10) (1,3) (0,-1) (11,10) (73,9) (42,10) (41,10) (40,10) (39,10) (12,8) (13,5) (38,8) (14,2) (37,7) (15,0) (36,4) (16,-2) (35,2) (17,-4) (34,-1) (18,-8) (33,-5) (19,-10) (32,-7) (20,-14) (31,-12) (21,-17) (30,-14) (23,-19) (22,-20) 
(99,-2) (78,10) (76,11) (74,12) (10,13) (9,13) (8,13) (7,13) (6,12) (5,11) (4,10) (1,3) (0,-1) (11,10) (73,9) (42,10) (41,10) (40,10) (39,10) (12,8) (13,5) (38,8) (14,2) (37,7) (15,0) (36,4) (16,-2) (35,2) (17,-4) (34,-1) (18,-8) (33,-5) (19,-10) (32,-7) (20,-14) (31,-12) (21,-17) (30,-14) (23,-19) (22,-20) (24,-21) (25,-22) (26,-20) (27,-19) (28,-18) (29,-16) 
(99,-2) (78,10) (76,11) (74,12) (10,13) (9,13) (8,13) (7,13) (6,12) (5,11) (4,10) (1,3) (0,-1) (11,10) (73,9) (42,10) (41,10) (40,10) (39,10) (12,8) (13,5) (38,8) (14,2) (37,7) (15,0) (36,4) (16,-2) (35,2) (17,-4) (34,-1) (18,-8) (33,-5) (19,-10) (32,-7) (20,-14) (31,-12) (21,-17) (30,-14) (23,-19) (22,-20) 
(99,-2) (78,10) (76,11) (74,12) (10,13) (9,13) (8,13) (7,13) (6,12) (5,11) (4,10) (1,3) (0,-1) (11,10) (73,9) (42,10) (41,10) (40,10) (39,10) (12,8) (72,8) (43,9) (71,6) (44,8) (70,2) (45,6) (69,2) (68,-2) (46,3) (67,-5) (47,-1) (48,-4) (66,-9) (49,-8) (65,-12) (50,-10) (64,-16) (51,-14) 
(99,-2) (78,10) (76,11) (74,12) (10,13) (9,13) (8,13) (7,13) (6,12) (5,11) (4,10) (1,3) (0,-1) (11,10) (73,9) (42,10) (41,10) (40,10) (39,10) (12,8) (72,8) (43,9) (71,6) (44,8) (70,2) (45,6) (69,2) (68,-2) (46,3) (67,-5) (47,-1) (48,-4) (66,-9) (49,-8) (65,-12) (50,-10) (64,-16) (51,-14) (52,-17) (53,-20) (54,-22) (55,-23) (56,-24) (57,-25) (58,-25) (59,-24) (60,-25) (61,-23) (62,-21) (63,-19) 
TD 14 :
(99,-2) (78,10) (76,11) (74,12) (10,13) (9,13) (8,13) (7,13) (6,12) (5,11) (4,10) (1,3) (0,-1) (11,10) (73,9) (42,10) (41,10) (40,10) (39,10) (12,8) (13,5) (38,8) (14,2) (37,7) (15,0) (36,4) (16,-2) (35,2) (17,-4) (34,-1) (18,-8) (33,-5) (19,-10) (32,-7) (20,-14) (31,-12) (21,-17) (30,-14) (23,-19) (22,-20) (29,-16) (24,-21) (25,-22) (26,-20) (27,-19) (28,-18) 
(99,-2) (78,10) (76,11) (74,12) (10,13) (9,13) (8,13) (7,13) (6,12) (5,11) (4,10) (1,3) (0,-1) (11,10) (73,9) (42,10) (41,10) (40,10) (39,10) (12,8) (13,5) (38,8) (14,2) (37,7) (15,0) (36,4) (16,-2) (35,2) (17,-4) (34,-1) (18,-8) (33,-5) (19,-10) (32,-7) (20,-14) (31,-12) (21,-17) (30,-14) (23,-19) (22,-20) (29,-16) (24,-21) 
(99,-2) (78,10) (76,11) (74,12) (10,13) (9,13) (8,13) (7,13) (6,12) (5,11) (4,10) (1,3) (0,-1) (11,10) (73,9) (42,10) (41,10) (40,10) (39,10) (12,8) (72,8) (43,9) (71,6) (44,8) (70,2) (45,6) (69,2) (68,-2) (46,3) (67,-5) (47,-1) (48,-4) (66,-9) (49,-8) (65,-12) (50,-10) (64,-16) (51,-14) (63,-19) (52,-17) 
(99,-2) (78,10) (76,11) (74,12) (10,13) (9,13) (8,13) (7,13) (6,12) (5,11) (4,10) (1,3) (0,-1) (11,10) (73,9) (42,10) (41,10) (40,10) (39,10) (12,8) (72,8) (43,9) (71,6) (44,8) (70,2) (45,6) (69,2) (68,-2) (46,3) (67,-5) (47,-1) (48,-4) (66,-9) (49,-8) (65,-12) (50,-10) (64,-16) (51,-14) (63,-19) (52,-17) (53,-20) (54,-22) (55,-23) (56,-24) (57,-25) (58,-25) (59,-24) (60,-25) (61,-23) (62,-21) 
TD 15 :
(99,-2) (78,10) (76,11) (74,12) (10,13) (9,13) (8,13) (7,13) (6,12) (5,11) (4,10) (1,3) (0,-1) (11,10) (73,9) (42,10) (41,10) (40,10) (39,10) (12,8) (13,5) (38,8) (14,2) (37,7) (15,0) (36,4) (16,-2) (35,2) (17,-4) (34,-1) (18,-8) (33,-5) (19,-10) (32,-7) (20,-14) (31,-12) (21,-17) (30,-14) (23,-19) (22,-20) (29,-16) (24,-21) (28,-18) (27,-19) (26,-20) (25,-22) 
(99,-2) (78,10) (76,11) (74,12) (10,13) (9,13) (8,13) (7,13) (6,12) (5,11) (4,10) (1,3) (0,-1) (11,10) (73,9) (42,10) (41,10) (40,10) (39,10) (12,8) (13,5) (38,8) (14,2) (37,7) (15,0) (36,4) (16,-2) (35,2) (17,-4) (34,-1) (18,-8) (33,-5) (19,-10) (32,-7) (20,-14) (31,-12) (21,-17) (30,-14) (23,-19) (22,-20) (29,-16) (24,-21) (28,-18) (27,-19) (26,-20) (25,-22) 
(99,-2) (78,10) (76,11) (74,12) (10,13) (9,13) (8,13) (7,13) (6,12) (5,11) (4,10) (1,3) (0,-1) (11,10) (73,9) (42,10) (41,10) (40,10) (39,10) (12,8) (13,5) (38,8) (14,2) (37,7) (15,0) (36,4) (16,-2) (35,2) (17,-4) (34,-1) (18,-8) (33,-5) (19,-10) (32,-7) (20,-14) (31,-12) (21,-17) (30,-14) (23,-19) (22,-20) (29,-16) (24,-21) (28,-18) (27,-19) (26,-20) (25,-22) 
(99,-2) (78,10) (76,11) (74,12) (10,13) (9,13) (8,13) (7,13) (6,12) (5,11) (4,10) (1,3) (0,-1) (11,10) (73,9) (42,10) (41,10) (40,10) (39,10) (12,8) (13,5) (38,8) (14,2) (37,7) (15,0) (36,4) (16,-2) (35,2) (17,-4) (34,-1) (18,-8) (33,-5) (19,-10) (32,-7) (20,-14) (31,-12) (21,-17) (30,-14) (23,-19) (22,-20) (29,-16) (24,-21) (28,-18) (27,-19) (26,-20) (25,-22) 
(99,-2) (78,10) (76,11) (74,12) (10,13) (9,13) (8,13) (7,13) (6,12) (5,11) (4,10) (1,3) (0,-1) (11,10) (73,9) (42,10) (41,10) (40,10) (39,10) (12,8) (72,8) (43,9) (71,6) (44,8) (70,2) (45,6) (69,2) (68,-2) (46,3) (67,-5) (47,-1) (48,-4) (66,-9) (49,-8) (65,-12) (50,-10) (64,-16) (51,-14) (63,-19) (52,-17) (62,-21) (53,-20) 
(99,-2) (78,10) (76,11) (74,12) (10,13) (9,13) (8,13) (7,13) (6,12) (5,11) (4,10) (1,3) (0,-1) (11,10) (73,9) (42,10) (41,10) (40,10) (39,10) (12,8) (72,8) (43,9) (71,6) (44,8) (70,2) (45,6) (69,2) (68,-2) (46,3) (67,-5) (47,-1) (48,-4) (66,-9) (49,-8) (65,-12) (50,-10) (64,-16) (51,-14) (63,-19) (52,-17) (62,-21) (53,-20) (54,-22) (55,-23) (56,-24) (57,-25) (58,-25) (59,-24) (60,-25) (61,-23) 
TD 16 :
(99,-2) (78,10) (76,11) (74,12) (10,13) (9,13) (8,13) (7,13) (6,12) (5,11) (4,10) (1,3) (0,-1) (11,10) (73,9) (42,10) (41,10) (40,10) (39,10) (12,8) (72,8) (43,9) (71,6) (44,8) (70,2) (45,6) (69,2) (68,-2) (46,3) (67,-5) (47,-1) (48,-4) (66,-9) (49,-8) (65,-12) (50,-10) (64,-16) (51,-14) (63,-19) (52,-17) (62,-21) (53,-20) (61,-23) (54,-22) (55,-23) (56,-24) (57,-25) (58,-25) (59,-24) (60,-25) 
TD 17 :
(99,-2) (78,10) (76,11) (74,12) (10,13) (9,13) (8,13) (7,13) (6,12) (5,11) (4,10) (1,3) (0,-1) (11,10) (73,9) (42,10) (41,10) (40,10) (39,10) (12,8) (72,8) (43,9) (71,6) (44,8) (70,2) (45,6) (69,2) (68,-2) (46,3) (67,-5) (47,-1) (48,-4) (66,-9) (49,-8) (65,-12) (50,-10) (64,-16) (51,-14) (63,-19) (52,-17) (62,-21) (53,-20) (61,-23) (54,-22) (60,-25) (59,-24) (55,-23) (56,-24) (57,-25) (58,-25) 
(99,-2) (78,10) (76,11) (74,12) (10,13) (9,13) (8,13) (7,13) (6,12) (5,11) (4,10) (1,3) (0,-1) (11,10) (73,9) (42,10) (41,10) (40,10) (39,10) (12,8) (72,8) (43,9) (71,6) (44,8) (70,2) (45,6) (69,2) (68,-2) (46,3) (67,-5) (47,-1) (48,-4) (66,-9) (49,-8) (65,-12) (50,-10) (64,-16) (51,-14) (63,-19) (52,-17) (62,-21) (53,-20) (61,-23) (54,-22) (60,-25) (59,-24) (55,-23) 
TD 18 :
(99,-2) (78,10) (76,11) (74,12) (10,13) (9,13) (8,13) (7,13) (6,12) (5,11) (4,10) (1,3) (0,-1) (11,10) (73,9) (42,10) (41,10) (40,10) (39,10) (12,8) (72,8) (43,9) (71,6) (44,8) (70,2) (45,6) (69,2) (68,-2) (46,3) (67,-5) (47,-1) (48,-4) (66,-9) (49,-8) (65,-12) (50,-10) (64,-16) (51,-14) (63,-19) (52,-17) (62,-21) (53,-20) (61,-23) (54,-22) (60,-25) (59,-24) (55,-23) (58,-25) (56,-24) (57,-25) 
Pocket 0 :
()
Pocket 1 :
({  (0,-1) ,(1,3) } {  (0,-1) ,(1,3) } {  (0,-1) ,(1,3) } {  (0,-1) ,(1,3) } {  (0,-1) ,(1,3) } {  (0,-1) ,(1,3) } {  (0,-1) ,(1,3) } {  (0,-1) ,(1,3) } {  (0,-1) ,(1,3) } {  (0,-1) ,(1,3) } {  (0,-1) ,(1,3) } {  (0,-1) ,(1,3) } {  (0,-1) ,(1,3) } {  (0,-1) ,(1,3) } {  (0,-1) ,(1,3) } {  (0,-1) ,(1,3) } {  (0,-1) ,(1,3) } {  (0,-1) ,(1,3) } {  (0,-1) ,(1,3) } {  (0,-1) ,(1,3) } {  (0,-1) ,(1,3) } {  (0,-1) ,(1,3) } {  (0,-1) ,(1,3) } {  (0,-1) ,(1,3) } )
Pocket 2 :
({  (2,5) ,(0,-1) } {  (99,-2) ,(3,7) } {  (2,5) ,(0,-1) } {  (99,-2) ,(3,7) } {  (12,8) ,(11,10) } {  (12,8) ,(11,10) } {  (99,-2) ,(75,11) } {  (99,-2) ,(75,11) } {  (99,-2) ,(77,10) } {  (99,-2) ,(77,10) } {  (99,-2) ,(98,-6) } )
Pocket 3 :
({  (12,8) ,(11,10) } {  (40,10) ,(39,10) } {  (12,8) ,(11,10) } {  (40,10) ,(39,10) } {  (12,8) ,(11,10) } {  (40,10) ,(39,10) } {  (12,8) ,(11,10) } {  (40,10) ,(39,10) } {  (12,8) ,(11,10) } {  (40,10) ,(39,10) } {  (12,8) ,(11,10) } {  (40,10) ,(39,10) } {  (80,6) ,(79,8) } {  (80,6) ,(79,8) } )
Pocket 4 :
({  (13,5) ,(12,8) } {  (44,8) ,(43,9) } {  (44,8) ,(43,9) } {  (44,8) ,(43,9) } {  (81,2) ,(80,6) } {  (81,2) ,(80,6) } )
Pocket 5 :
({  (14,2) ,(13,5) } {  (99,-2) ,(38,8) } {  (14,2) ,(13,5) } {  (99,-2) ,(38,8) } {  (45,6) ,(44,8) } {  (45,6) ,(44,8) } {  (45,6) ,(44,8) } {  (82,-2) ,(81,2) } {  (82,-2) ,(81,2) } )
Pocket 6 :
({  (15,0) ,(14,2) } {  (99,-2) ,(37,7) } {  (15,0) ,(14,2) } {  (99,-2) ,(37,7) } {  (46,3) ,(45,6) } {  (46,3) ,(45,6) } {  (46,3) ,(45,6) } {  (83,-5) ,(82,-2) } {  (83,-5) ,(82,-2) } )
Pocket 7 :
({  (16,-2) ,(15,0) } {  (99,-2) ,(36,4) } {  (16,-2) ,(15,0) } {  (99,-2) ,(36,4) } {  (99,-2) ,(69,2) } {  (99,-2) ,(69,2) } {  (84,-7) ,(83,-5) } {  (84,-7) ,(83,-5) } )
Pocket 8 :
({  (17,-4) ,(16,-2) } {  (99,-2) ,(35,2) } {  (17,-4) ,(16,-2) } {  (99,-2) ,(35,2) } {  (47,-1) ,(46,3) } {  (47,-1) ,(46,3) } {  (47,-1) ,(46,3) } {  (85,-9) ,(84,-7) } {  (85,-9) ,(84,-7) } )
Pocket 9 :
({  (18,-8) ,(17,-4) } {  (99,-2) ,(34,-1) } {  (18,-8) ,(17,-4) } {  (99,-2) ,(34,-1) } {  (48,-4) ,(47,-1) } {  (48,-4) ,(47,-1) } {  (48,-4) ,(47,-1) } {  (86,-12) ,(85,-9) } {  (86,-12) ,(85,-9) } )
Pocket 10 :
({  (19,-10) ,(18,-8) } {  (99,-2) ,(33,-5) } {  (19,-10) ,(18,-8) } {  (99,-2) ,(33,-5) } {  (49,-8) ,(48,-4) } {  (49,-8) ,(48,-4) } {  (87,-13) ,(86,-12) } {  (87,-13) ,(86,-12) } {  (87,-13) ,(86,-12) } )
Pocket 11 :
({  (20,-14) ,(19,-10) } {  (99,-2) ,(32,-7) } {  (20,-14) ,(19,-10) } {  (99,-2) ,(32,-7) } {  (50,-10) ,(49,-8) } {  (50,-10) ,(49,-8) } {  (50,-10) ,(49,-8) } {  (89,-16) ,(88,-15) } {  (89,-16) ,(88,-15) } )
Pocket 12 :
({  (21,-17) ,(20,-14) } {  (99,-2) ,(31,-12) } {  (21,-17) ,(20,-14) } {  (99,-2) ,(31,-12) } {  (51,-14) ,(50,-10) } {  (51,-14) ,(50,-10) } )
Pocket 13 :
({  (22,-20) ,(21,-17) } {  (24,-21) ,(23,-19) } {  (22,-20) ,(21,-17) } {  (24,-21) ,(23,-19) } {  (22,-20) ,(21,-17) } {  (24,-21) ,(23,-19) } {  (52,-17) ,(51,-14) } {  (52,-17) ,(51,-14) } )
Pocket 14 :
({  (24,-21) ,(22,-20) } {  (99,-2) ,(29,-16) } {  (24,-21) ,(22,-20) } {  (99,-2) ,(29,-16) } {  (53,-20) ,(52,-17) } {  (53,-20) ,(52,-17) } )
Pocket 15 :
({  (25,-22) ,(24,-21) } {  (27,-19) ,(26,-20) } {  (25,-22) ,(24,-21) } {  (27,-19) ,(26,-20) } {  (25,-22) ,(24,-21) } {  (27,-19) ,(26,-20) } {  (25,-22) ,(24,-21) } {  (27,-19) ,(26,-20) } {  (54,-22) ,(53,-20) } {  (54,-22) ,(53,-20) } )
Pocket 16 :
({  (54,-22) ,(53,-20) } {  (99,-2) ,(61,-23) } )
Pocket 17 :
({  (55,-23) ,(54,-22) } {  (60,-25) ,(59,-24) } {  (55,-23) ,(54,-22) } {  (60,-25) ,(59,-24) } )
