20 layers in onion peeling: 
Layer 1
(99,10) (75,21) (8,16) (7,15) (6,14) (4,11) (3,9) (1,3) (0,0) 
Layer 2
(98,5) (77,20) (76,20) (74,20) (40,18) (9,16) (5,12) (2,5) 
Layer 3
(97,1) (78,18) (73,19) (41,18) (10,15) 
Layer 4
(96,-1) (79,14) (72,16) (43,17) (42,17) (39,17) (11,14) 
Layer 5
(95,-4) (80,12) (71,14) (38,16) (12,10) 
Layer 6
(94,-7) (81,10) (44,15) (13,7) 
Layer 7
(93,-8) (82,7) (70,11) (45,13) (37,13) (14,5) 
Layer 8
(92,-8) (83,4) (69,7) (46,10) (36,11) (15,2) 
Layer 9
(91,-8) (84,2) (68,6) (47,8) (35,7) (16,-1) 
Layer 10
(90,-7) (85,-1) (48,7) (34,4) (17,-4) 
Layer 11
(89,-8) (86,-3) (67,2) (33,3) (18,-6) 
Layer 12
(88,-7) (87,-5) (49,2) (32,1) (19,-8) 
Layer 13
(66,-2) (50,-1) (31,-2) (20,-11) 
Layer 14
(65,-6) (51,-4) (30,-5) (21,-14) 
Layer 15
(64,-9) (52,-7) (29,-9) (23,-15) (22,-16) 
Layer 16
(63,-12) (53,-10) (28,-11) (24,-15) 
Layer 17
(62,-16) (54,-12) (27,-13) (25,-15) 
Layer 18
(61,-17) (55,-15) (26,-16) 
Layer 19
(60,-17) (56,-17) 
Layer 20
(59,-18) (58,-18) (57,-18) 
---------------------------------------------------------------------------------------
TD 0 :
(99,10) (98,5) (97,1) (96,-1) (95,-4) (94,-7) (93,-8) (92,-8) (91,-8) (90,-7) (89,-8) (88,-7) (87,-5) (86,-3) (85,-1) (84,2) (83,4) (82,7) (81,10) (80,12) (79,14) (78,18) (77,20) (76,20) (75,21) (74,20) (73,19) (72,16) (71,14) (70,11) (69,7) (68,6) (67,2) (66,-2) (65,-6) (64,-9) (63,-12) (62,-16) (61,-17) (60,-17) (59,-18) (58,-18) (57,-18) (56,-17) (55,-15) (54,-12) (53,-10) (52,-7) (51,-4) (50,-1) (49,2) (48,7) (47,8) (46,10) (45,13) (44,15) (43,17) (42,17) (41,18) (40,18) (39,17) (38,16) (37,13) (36,11) (35,7) (34,4) (33,3) (32,1) (31,-2) (30,-5) (29,-9) (28,-11) (27,-13) (26,-16) (25,-15) (24,-15) (23,-15) (22,-16) (21,-14) (20,-11) (19,-8) (18,-6) (17,-4) (16,-1) (15,2) (14,5) (13,7) (12,10) (11,14) (10,15) (9,16) (8,16) (7,15) (6,14) (5,12) (4,11) (3,9) (2,5) (1,3) (0,0) 
TD 1 :
(99,10) (75,21) (8,16) (7,15) (6,14) (4,11) (3,9) (1,3) (0,0) 
(99,10) (75,21) (8,16) (7,15) (6,14) (4,11) (3,9) (1,3) (0,0) (2,5) 
(99,10) (75,21) (8,16) (7,15) (6,14) (4,11) (3,9) (1,3) (0,0) 
(99,10) (75,21) (8,16) (7,15) (6,14) (4,11) (3,9) (1,3) (0,0) (5,12) 
(99,10) (75,21) (8,16) (7,15) (6,14) (4,11) (3,9) (1,3) (0,0) 
(99,10) (75,21) (8,16) (7,15) (6,14) (4,11) (3,9) (1,3) (0,0) 
(99,10) (75,21) (8,16) (7,15) (6,14) (4,11) (3,9) (1,3) (0,0) (9,16) (10,15) (11,14) (12,10) (13,7) (14,5) (15,2) (16,-1) (17,-4) (18,-6) (19,-8) (20,-11) (21,-14) (22,-16) (23,-15) (24,-15) (25,-15) (26,-16) (27,-13) (28,-11) (29,-9) (30,-5) (31,-2) (32,1) (33,3) (34,4) (35,7) (36,11) (37,13) (38,16) (39,17) (40,18) (41,18) (42,17) (43,17) (44,15) (45,13) (46,10) (47,8) (48,7) (49,2) (50,-1) (51,-4) (52,-7) (53,-10) (54,-12) (55,-15) (56,-17) (57,-18) (58,-18) (59,-18) (60,-17) (61,-17) (62,-16) (63,-12) (64,-9) (65,-6) (66,-2) (67,2) (68,6) (69,7) (70,11) (71,14) (72,16) (73,19) (74,20) 
(99,10) (75,21) (8,16) (7,15) (6,14) (4,11) (3,9) (1,3) (0,0) (76,20) (77,20) (78,18) (79,14) (80,12) (81,10) (82,7) (83,4) (84,2) (85,-1) (86,-3) (87,-5) (88,-7) (89,-8) (90,-7) (91,-8) (92,-8) (93,-8) (94,-7) (95,-4) (96,-1) (97,1) (98,5) 
TD 2 :
(99,10) (75,21) (8,16) (7,15) (6,14) (4,11) (3,9) (1,3) (0,0) (2,5) 
(99,10) (75,21) (8,16) (7,15) (6,14) (4,11) (3,9) (1,3) (0,0) (5,12) 
(99,10) (75,21) (8,16) (7,15) (6,14) (4,11) (3,9) (1,3) (0,0) (5,12) 
(99,10) (75,21) (8,16) (7,15) (6,14) (4,11) (3,9) (1,3) (0,0) (74,20) (40,18) (9,16) 
(99,10) (75,21) (8,16) (7,15) (6,14) (4,11) (3,9) (1,3) (0,0) (74,20) (40,18) (9,16) (10,15) (11,14) (12,10) (13,7) (14,5) (15,2) (16,-1) (17,-4) (18,-6) (19,-8) (20,-11) (21,-14) (22,-16) (23,-15) (24,-15) (25,-15) (26,-16) (27,-13) (28,-11) (29,-9) (30,-5) (31,-2) (32,1) (33,3) (34,4) (35,7) (36,11) (37,13) (38,16) (39,17) 
(99,10) (75,21) (8,16) (7,15) (6,14) (4,11) (3,9) (1,3) (0,0) (74,20) (40,18) (9,16) (41,18) (42,17) (43,17) (44,15) (45,13) (46,10) (47,8) (48,7) (49,2) (50,-1) (51,-4) (52,-7) (53,-10) (54,-12) (55,-15) (56,-17) (57,-18) (58,-18) (59,-18) (60,-17) (61,-17) (62,-16) (63,-12) (64,-9) (65,-6) (66,-2) (67,2) (68,6) (69,7) (70,11) (71,14) (72,16) (73,19) 
(99,10) (75,21) (8,16) (7,15) (6,14) (4,11) (3,9) (1,3) (0,0) (74,20) (40,18) (9,16) 
(99,10) (75,21) (8,16) (7,15) (6,14) (4,11) (3,9) (1,3) (0,0) (98,5) (77,20) (76,20) 
(99,10) (75,21) (8,16) (7,15) (6,14) (4,11) (3,9) (1,3) (0,0) (98,5) (77,20) (76,20) 
(99,10) (75,21) (8,16) (7,15) (6,14) (4,11) (3,9) (1,3) (0,0) (98,5) (77,20) (76,20) (78,18) (79,14) (80,12) (81,10) (82,7) (83,4) (84,2) (85,-1) (86,-3) (87,-5) (88,-7) (89,-8) (90,-7) (91,-8) (92,-8) (93,-8) (94,-7) (95,-4) (96,-1) (97,1) 
TD 3 :
(99,10) (75,21) (8,16) (7,15) (6,14) (4,11) (3,9) (1,3) (0,0) (74,20) (40,18) (9,16) (10,15) (11,14) (12,10) (13,7) (14,5) (15,2) (16,-1) (17,-4) (18,-6) (19,-8) (20,-11) (21,-14) (22,-16) (23,-15) (24,-15) (25,-15) (26,-16) (27,-13) (28,-11) (29,-9) (30,-5) (31,-2) (32,1) (33,3) (34,4) (35,7) (36,11) (37,13) (38,16) (39,17) 
(99,10) (75,21) (8,16) (7,15) (6,14) (4,11) (3,9) (1,3) (0,0) (74,20) (40,18) (9,16) (73,19) (41,18) 
(99,10) (75,21) (8,16) (7,15) (6,14) (4,11) (3,9) (1,3) (0,0) (74,20) (40,18) (9,16) (73,19) (41,18) (42,17) (43,17) (44,15) (45,13) (46,10) (47,8) (48,7) (49,2) (50,-1) (51,-4) (52,-7) (53,-10) (54,-12) (55,-15) (56,-17) (57,-18) (58,-18) (59,-18) (60,-17) (61,-17) (62,-16) (63,-12) (64,-9) (65,-6) (66,-2) (67,2) (68,6) (69,7) (70,11) (71,14) (72,16) 
(99,10) (75,21) (8,16) (7,15) (6,14) (4,11) (3,9) (1,3) (0,0) (74,20) (40,18) (9,16) (73,19) (41,18) 
(99,10) (75,21) (8,16) (7,15) (6,14) (4,11) (3,9) (1,3) (0,0) (98,5) (77,20) (76,20) (97,1) (78,18) 
(99,10) (75,21) (8,16) (7,15) (6,14) (4,11) (3,9) (1,3) (0,0) (98,5) (77,20) (76,20) (97,1) (78,18) (79,14) (80,12) (81,10) (82,7) (83,4) (84,2) (85,-1) (86,-3) (87,-5) (88,-7) (89,-8) (90,-7) (91,-8) (92,-8) (93,-8) (94,-7) (95,-4) (96,-1) 
TD 4 :
(99,10) (75,21) (8,16) (7,15) (6,14) (4,11) (3,9) (1,3) (0,0) (74,20) (40,18) (9,16) (10,15) (39,17) (11,14) (12,10) (13,7) (14,5) (15,2) (16,-1) (17,-4) (18,-6) (19,-8) (20,-11) (21,-14) (22,-16) (23,-15) (24,-15) (25,-15) (26,-16) (27,-13) (28,-11) (29,-9) (30,-5) (31,-2) (32,1) (33,3) (34,4) (35,7) (36,11) (37,13) (38,16) 
(99,10) (75,21) (8,16) (7,15) (6,14) (4,11) (3,9) (1,3) (0,0) (74,20) (40,18) (9,16) (10,15) (39,17) (11,14) 
(99,10) (75,21) (8,16) (7,15) (6,14) (4,11) (3,9) (1,3) (0,0) (74,20) (40,18) (9,16) (73,19) (41,18) (72,16) (43,17) (42,17) 
(99,10) (75,21) (8,16) (7,15) (6,14) (4,11) (3,9) (1,3) (0,0) (74,20) (40,18) (9,16) (73,19) (41,18) (72,16) (43,17) (42,17) 
(99,10) (75,21) (8,16) (7,15) (6,14) (4,11) (3,9) (1,3) (0,0) (74,20) (40,18) (9,16) (73,19) (41,18) (72,16) (43,17) (42,17) (44,15) (45,13) (46,10) (47,8) (48,7) (49,2) (50,-1) (51,-4) (52,-7) (53,-10) (54,-12) (55,-15) (56,-17) (57,-18) (58,-18) (59,-18) (60,-17) (61,-17) (62,-16) (63,-12) (64,-9) (65,-6) (66,-2) (67,2) (68,6) (69,7) (70,11) (71,14) 
(99,10) (75,21) (8,16) (7,15) (6,14) (4,11) (3,9) (1,3) (0,0) (74,20) (40,18) (9,16) (73,19) (41,18) (72,16) (43,17) (42,17) 
(99,10) (75,21) (8,16) (7,15) (6,14) (4,11) (3,9) (1,3) (0,0) (98,5) (77,20) (76,20) (97,1) (78,18) (96,-1) (79,14) 
(99,10) (75,21) (8,16) (7,15) (6,14) (4,11) (3,9) (1,3) (0,0) (98,5) (77,20) (76,20) (97,1) (78,18) (96,-1) (79,14) (80,12) (81,10) (82,7) (83,4) (84,2) (85,-1) (86,-3) (87,-5) (88,-7) (89,-8) (90,-7) (91,-8) (92,-8) (93,-8) (94,-7) (95,-4) 
TD 5 :
(99,10) (75,21) (8,16) (7,15) (6,14) (4,11) (3,9) (1,3) (0,0) (74,20) (40,18) (9,16) (10,15) (39,17) (11,14) (38,16) (12,10) (13,7) (14,5) (15,2) (16,-1) (17,-4) (18,-6) (19,-8) (20,-11) (21,-14) (22,-16) (23,-15) (24,-15) (25,-15) (26,-16) (27,-13) (28,-11) (29,-9) (30,-5) (31,-2) (32,1) (33,3) (34,4) (35,7) (36,11) (37,13) 
(99,10) (75,21) (8,16) (7,15) (6,14) (4,11) (3,9) (1,3) (0,0) (74,20) (40,18) (9,16) (10,15) (39,17) (11,14) (38,16) (12,10) 
(99,10) (75,21) (8,16) (7,15) (6,14) (4,11) (3,9) (1,3) (0,0) (74,20) (40,18) (9,16) (73,19) (41,18) (72,16) (43,17) (42,17) (71,14) (44,15) (45,13) (46,10) (47,8) (48,7) (49,2) (50,-1) (51,-4) (52,-7) (53,-10) (54,-12) (55,-15) (56,-17) (57,-18) (58,-18) (59,-18) (60,-17) (61,-17) (62,-16) (63,-12) (64,-9) (65,-6) (66,-2) (67,2) (68,6) (69,7) (70,11) 
(99,10) (75,21) (8,16) (7,15) (6,14) (4,11) (3,9) (1,3) (0,0) (74,20) (40,18) (9,16) (73,19) (41,18) (72,16) (43,17) (42,17) (71,14) 
(99,10) (75,21) (8,16) (7,15) (6,14) (4,11) (3,9) (1,3) (0,0) (98,5) (77,20) (76,20) (97,1) (78,18) (96,-1) (79,14) (95,-4) (80,12) 
(99,10) (75,21) (8,16) (7,15) (6,14) (4,11) (3,9) (1,3) (0,0) (98,5) (77,20) (76,20) (97,1) (78,18) (96,-1) (79,14) (95,-4) (80,12) (81,10) (82,7) (83,4) (84,2) (85,-1) (86,-3) (87,-5) (88,-7) (89,-8) (90,-7) (91,-8) (92,-8) (93,-8) (94,-7) 
TD 6 :
(99,10) (75,21) (8,16) (7,15) (6,14) (4,11) (3,9) (1,3) (0,0) (74,20) (40,18) (9,16) (10,15) (39,17) (11,14) (38,16) (12,10) (13,7) (14,5) (15,2) (16,-1) (17,-4) (18,-6) (19,-8) (20,-11) (21,-14) (22,-16) (23,-15) (24,-15) (25,-15) (26,-16) (27,-13) (28,-11) (29,-9) (30,-5) (31,-2) (32,1) (33,3) (34,4) (35,7) (36,11) (37,13) 
(99,10) (75,21) (8,16) (7,15) (6,14) (4,11) (3,9) (1,3) (0,0) (74,20) (40,18) (9,16) (73,19) (41,18) (72,16) (43,17) (42,17) (71,14) (44,15) 
(99,10) (75,21) (8,16) (7,15) (6,14) (4,11) (3,9) (1,3) (0,0) (74,20) (40,18) (9,16) (73,19) (41,18) (72,16) (43,17) (42,17) (71,14) (44,15) (45,13) (46,10) (47,8) (48,7) (49,2) (50,-1) (51,-4) (52,-7) (53,-10) (54,-12) (55,-15) (56,-17) (57,-18) (58,-18) (59,-18) (60,-17) (61,-17) (62,-16) (63,-12) (64,-9) (65,-6) (66,-2) (67,2) (68,6) (69,7) (70,11) 
(99,10) (75,21) (8,16) (7,15) (6,14) (4,11) (3,9) (1,3) (0,0) (98,5) (77,20) (76,20) (97,1) (78,18) (96,-1) (79,14) (95,-4) (80,12) (94,-7) (81,10) 
(99,10) (75,21) (8,16) (7,15) (6,14) (4,11) (3,9) (1,3) (0,0) (98,5) (77,20) (76,20) (97,1) (78,18) (96,-1) (79,14) (95,-4) (80,12) (94,-7) (81,10) (82,7) (83,4) (84,2) (85,-1) (86,-3) (87,-5) (88,-7) (89,-8) (90,-7) (91,-8) (92,-8) (93,-8) 
TD 7 :
(99,10) (75,21) (8,16) (7,15) (6,14) (4,11) (3,9) (1,3) (0,0) (74,20) (40,18) (9,16) (10,15) (39,17) (11,14) (38,16) (12,10) (13,7) (37,13) (14,5) (15,2) (16,-1) (17,-4) (18,-6) (19,-8) (20,-11) (21,-14) (22,-16) (23,-15) (24,-15) (25,-15) (26,-16) (27,-13) (28,-11) (29,-9) (30,-5) (31,-2) (32,1) (33,3) (34,4) (35,7) (36,11) 
(99,10) (75,21) (8,16) (7,15) (6,14) (4,11) (3,9) (1,3) (0,0) (74,20) (40,18) (9,16) (10,15) (39,17) (11,14) (38,16) (12,10) (13,7) (37,13) (14,5) 
(99,10) (75,21) (8,16) (7,15) (6,14) (4,11) (3,9) (1,3) (0,0) (74,20) (40,18) (9,16) (73,19) (41,18) (72,16) (43,17) (42,17) (71,14) (44,15) (70,11) (45,13) 
(99,10) (75,21) (8,16) (7,15) (6,14) (4,11) (3,9) (1,3) (0,0) (74,20) (40,18) (9,16) (73,19) (41,18) (72,16) (43,17) (42,17) (71,14) (44,15) (70,11) (45,13) (46,10) (47,8) (48,7) (49,2) (50,-1) (51,-4) (52,-7) (53,-10) (54,-12) (55,-15) (56,-17) (57,-18) (58,-18) (59,-18) (60,-17) (61,-17) (62,-16) (63,-12) (64,-9) (65,-6) (66,-2) (67,2) (68,6) (69,7) 
(99,10) (75,21) (8,16) (7,15) (6,14) (4,11) (3,9) (1,3) (0,0) (74,20) (40,18) (9,16) (73,19) (41,18) (72,16) (43,17) (42,17) (71,14) (44,15) (70,11) (45,13) 
(99,10) (75,21) (8,16) (7,15) (6,14) (4,11) (3,9) (1,3) (0,0) (98,5) (77,20) (76,20) (97,1) (78,18) (96,-1) (79,14) (95,-4) (80,12) (94,-7) (81,10) (93,-8) (82,7) 
(99,10) (75,21) (8,16) (7,15) (6,14) (4,11) (3,9) (1,3) (0,0) (98,5) (77,20) (76,20) (97,1) (78,18) (96,-1) (79,14) (95,-4) (80,12) (94,-7) (81,10) (93,-8) (82,7) (83,4) (84,2) (85,-1) (86,-3) (87,-5) (88,-7) (89,-8) (90,-7) (91,-8) (92,-8) 
TD 8 :
(99,10) (75,21) (8,16) (7,15) (6,14) (4,11) (3,9) (1,3) (0,0) (74,20) (40,18) (9,16) (10,15) (39,17) (11,14) (38,16) (12,10) (13,7) (37,13) (14,5) (36,11) (15,2) (16,-1) (17,-4) (18,-6) (19,-8) (20,-11) (21,-14) (22,-16) (23,-15) (24,-15) (25,-15) (26,-16) (27,-13) (28,-11) (29,-9) (30,-5) (31,-2) (32,1) (33,3) (34,4) (35,7) 
(99,10) (75,21) (8,16) (7,15) (6,14) (4,11) (3,9) (1,3) (0,0) (74,20) (40,18) (9,16) (10,15) (39,17) (11,14) (38,16) (12,10) (13,7) (37,13) (14,5) (36,11) (15,2) 
(99,10) (75,21) (8,16) (7,15) (6,14) (4,11) (3,9) (1,3) (0,0) (74,20) (40,18) (9,16) (73,19) (41,18) (72,16) (43,17) (42,17) (71,14) (44,15) (70,11) (45,13) (69,7) (46,10) 
(99,10) (75,21) (8,16) (7,15) (6,14) (4,11) (3,9) (1,3) (0,0) (74,20) (40,18) (9,16) (73,19) (41,18) (72,16) (43,17) (42,17) (71,14) (44,15) (70,11) (45,13) (69,7) (46,10) (47,8) (48,7) (49,2) (50,-1) (51,-4) (52,-7) (53,-10) (54,-12) (55,-15) (56,-17) (57,-18) (58,-18) (59,-18) (60,-17) (61,-17) (62,-16) (63,-12) (64,-9) (65,-6) (66,-2) (67,2) (68,6) 
(99,10) (75,21) (8,16) (7,15) (6,14) (4,11) (3,9) (1,3) (0,0) (74,20) (40,18) (9,16) (73,19) (41,18) (72,16) (43,17) (42,17) (71,14) (44,15) (70,11) (45,13) (69,7) (46,10) 
(99,10) (75,21) (8,16) (7,15) (6,14) (4,11) (3,9) (1,3) (0,0) (98,5) (77,20) (76,20) (97,1) (78,18) (96,-1) (79,14) (95,-4) (80,12) (94,-7) (81,10) (93,-8) (82,7) (92,-8) (83,4) 
(99,10) (75,21) (8,16) (7,15) (6,14) (4,11) (3,9) (1,3) (0,0) (98,5) (77,20) (76,20) (97,1) (78,18) (96,-1) (79,14) (95,-4) (80,12) (94,-7) (81,10) (93,-8) (82,7) (92,-8) (83,4) (84,2) (85,-1) (86,-3) (87,-5) (88,-7) (89,-8) (90,-7) (91,-8) 
TD 9 :
(99,10) (75,21) (8,16) (7,15) (6,14) (4,11) (3,9) (1,3) (0,0) (74,20) (40,18) (9,16) (10,15) (39,17) (11,14) (38,16) (12,10) (13,7) (37,13) (14,5) (36,11) (15,2) (35,7) (16,-1) (17,-4) (18,-6) (19,-8) (20,-11) (21,-14) (22,-16) (23,-15) (24,-15) (25,-15) (26,-16) (27,-13) (28,-11) (29,-9) (30,-5) (31,-2) (32,1) (33,3) (34,4) 
(99,10) (75,21) (8,16) (7,15) (6,14) (4,11) (3,9) (1,3) (0,0) (74,20) (40,18) (9,16) (10,15) (39,17) (11,14) (38,16) (12,10) (13,7) (37,13) (14,5) (36,11) (15,2) (35,7) (16,-1) 
(99,10) (75,21) (8,16) (7,15) (6,14) (4,11) (3,9) (1,3) (0,0) (74,20) (40,18) (9,16) (73,19) (41,18) (72,16) (43,17) (42,17) (71,14) (44,15) (70,11) (45,13) (69,7) (46,10) (68,6) (47,8) 
(99,10) (75,21) (8,16) (7,15) (6,14) (4,11) (3,9) (1,3) (0,0) (74,20) (40,18) (9,16) (73,19) (41,18) (72,16) (43,17) (42,17) (71,14) (44,15) (70,11) (45,13) (69,7) (46,10) (68,6) (47,8) (48,7) (49,2) (50,-1) (51,-4) (52,-7) (53,-10) (54,-12) (55,-15) (56,-17) (57,-18) (58,-18) (59,-18) (60,-17) (61,-17) (62,-16) (63,-12) (64,-9) (65,-6) (66,-2) (67,2) 
(99,10) (75,21) (8,16) (7,15) (6,14) (4,11) (3,9) (1,3) (0,0) (74,20) (40,18) (9,16) (73,19) (41,18) (72,16) (43,17) (42,17) (71,14) (44,15) (70,11) (45,13) (69,7) (46,10) (68,6) (47,8) 
(99,10) (75,21) (8,16) (7,15) (6,14) (4,11) (3,9) (1,3) (0,0) (98,5) (77,20) (76,20) (97,1) (78,18) (96,-1) (79,14) (95,-4) (80,12) (94,-7) (81,10) (93,-8) (82,7) (92,-8) (83,4) (91,-8) (84,2) 
(99,10) (75,21) (8,16) (7,15) (6,14) (4,11) (3,9) (1,3) (0,0) (98,5) (77,20) (76,20) (97,1) (78,18) (96,-1) (79,14) (95,-4) (80,12) (94,-7) (81,10) (93,-8) (82,7) (92,-8) (83,4) (91,-8) (84,2) (85,-1) (86,-3) (87,-5) (88,-7) (89,-8) (90,-7) 
TD 10 :
(99,10) (75,21) (8,16) (7,15) (6,14) (4,11) (3,9) (1,3) (0,0) (74,20) (40,18) (9,16) (10,15) (39,17) (11,14) (38,16) (12,10) (13,7) (37,13) (14,5) (36,11) (15,2) (35,7) (16,-1) (34,4) (17,-4) (18,-6) (19,-8) (20,-11) (21,-14) (22,-16) (23,-15) (24,-15) (25,-15) (26,-16) (27,-13) (28,-11) (29,-9) (30,-5) (31,-2) (32,1) (33,3) 
(99,10) (75,21) (8,16) (7,15) (6,14) (4,11) (3,9) (1,3) (0,0) (74,20) (40,18) (9,16) (10,15) (39,17) (11,14) (38,16) (12,10) (13,7) (37,13) (14,5) (36,11) (15,2) (35,7) (16,-1) (34,4) (17,-4) 
(99,10) (75,21) (8,16) (7,15) (6,14) (4,11) (3,9) (1,3) (0,0) (74,20) (40,18) (9,16) (73,19) (41,18) (72,16) (43,17) (42,17) (71,14) (44,15) (70,11) (45,13) (69,7) (46,10) (68,6) (47,8) (48,7) 
(99,10) (75,21) (8,16) (7,15) (6,14) (4,11) (3,9) (1,3) (0,0) (74,20) (40,18) (9,16) (73,19) (41,18) (72,16) (43,17) (42,17) (71,14) (44,15) (70,11) (45,13) (69,7) (46,10) (68,6) (47,8) (48,7) (49,2) (50,-1) (51,-4) (52,-7) (53,-10) (54,-12) (55,-15) (56,-17) (57,-18) (58,-18) (59,-18) (60,-17) (61,-17) (62,-16) (63,-12) (64,-9) (65,-6) (66,-2) (67,2) 
(99,10) (75,21) (8,16) (7,15) (6,14) (4,11) (3,9) (1,3) (0,0) (98,5) (77,20) (76,20) (97,1) (78,18) (96,-1) (79,14) (95,-4) (80,12) (94,-7) (81,10) (93,-8) (82,7) (92,-8) (83,4) (91,-8) (84,2) (90,-7) (85,-1) 
(99,10) (75,21) (8,16) (7,15) (6,14) (4,11) (3,9) (1,3) (0,0) (98,5) (77,20) (76,20) (97,1) (78,18) (96,-1) (79,14) (95,-4) (80,12) (94,-7) (81,10) (93,-8) (82,7) (92,-8) (83,4) (91,-8) (84,2) (90,-7) (85,-1) (86,-3) (87,-5) (88,-7) (89,-8) 
TD 11 :
(99,10) (75,21) (8,16) (7,15) (6,14) (4,11) (3,9) (1,3) (0,0) (74,20) (40,18) (9,16) (10,15) (39,17) (11,14) (38,16) (12,10) (13,7) (37,13) (14,5) (36,11) (15,2) (35,7) (16,-1) (34,4) (17,-4) (33,3) (18,-6) (19,-8) (20,-11) (21,-14) (22,-16) (23,-15) (24,-15) (25,-15) (26,-16) (27,-13) (28,-11) (29,-9) (30,-5) (31,-2) (32,1) 
(99,10) (75,21) (8,16) (7,15) (6,14) (4,11) (3,9) (1,3) (0,0) (74,20) (40,18) (9,16) (10,15) (39,17) (11,14) (38,16) (12,10) (13,7) (37,13) (14,5) (36,11) (15,2) (35,7) (16,-1) (34,4) (17,-4) (33,3) (18,-6) 
(99,10) (75,21) (8,16) (7,15) (6,14) (4,11) (3,9) (1,3) (0,0) (74,20) (40,18) (9,16) (73,19) (41,18) (72,16) (43,17) (42,17) (71,14) (44,15) (70,11) (45,13) (69,7) (46,10) (68,6) (47,8) (48,7) (67,2) (49,2) (50,-1) (51,-4) (52,-7) (53,-10) (54,-12) (55,-15) (56,-17) (57,-18) (58,-18) (59,-18) (60,-17) (61,-17) (62,-16) (63,-12) (64,-9) (65,-6) (66,-2) 
(99,10) (75,21) (8,16) (7,15) (6,14) (4,11) (3,9) (1,3) (0,0) (74,20) (40,18) (9,16) (73,19) (41,18) (72,16) (43,17) (42,17) (71,14) (44,15) (70,11) (45,13) (69,7) (46,10) (68,6) (47,8) (48,7) (67,2) 
(99,10) (75,21) (8,16) (7,15) (6,14) (4,11) (3,9) (1,3) (0,0) (98,5) (77,20) (76,20) (97,1) (78,18) (96,-1) (79,14) (95,-4) (80,12) (94,-7) (81,10) (93,-8) (82,7) (92,-8) (83,4) (91,-8) (84,2) (90,-7) (85,-1) (89,-8) (86,-3) 
(99,10) (75,21) (8,16) (7,15) (6,14) (4,11) (3,9) (1,3) (0,0) (98,5) (77,20) (76,20) (97,1) (78,18) (96,-1) (79,14) (95,-4) (80,12) (94,-7) (81,10) (93,-8) (82,7) (92,-8) (83,4) (91,-8) (84,2) (90,-7) (85,-1) (89,-8) (86,-3) (87,-5) (88,-7) 
TD 12 :
(99,10) (75,21) (8,16) (7,15) (6,14) (4,11) (3,9) (1,3) (0,0) (74,20) (40,18) (9,16) (10,15) (39,17) (11,14) (38,16) (12,10) (13,7) (37,13) (14,5) (36,11) (15,2) (35,7) (16,-1) (34,4) (17,-4) (33,3) (18,-6) (32,1) (19,-8) (20,-11) (21,-14) (22,-16) (23,-15) (24,-15) (25,-15) (26,-16) (27,-13) (28,-11) (29,-9) (30,-5) (31,-2) 
(99,10) (75,21) (8,16) (7,15) (6,14) (4,11) (3,9) (1,3) (0,0) (74,20) (40,18) (9,16) (10,15) (39,17) (11,14) (38,16) (12,10) (13,7) (37,13) (14,5) (36,11) (15,2) (35,7) (16,-1) (34,4) (17,-4) (33,3) (18,-6) (32,1) (19,-8) 
(99,10) (75,21) (8,16) (7,15) (6,14) (4,11) (3,9) (1,3) (0,0) (74,20) (40,18) (9,16) (73,19) (41,18) (72,16) (43,17) (42,17) (71,14) (44,15) (70,11) (45,13) (69,7) (46,10) (68,6) (47,8) (48,7) (67,2) (49,2) 
(99,10) (75,21) (8,16) (7,15) (6,14) (4,11) (3,9) (1,3) (0,0) (74,20) (40,18) (9,16) (73,19) (41,18) (72,16) (43,17) (42,17) (71,14) (44,15) (70,11) (45,13) (69,7) (46,10) (68,6) (47,8) (48,7) (67,2) (49,2) (50,-1) (51,-4) (52,-7) (53,-10) (54,-12) (55,-15) (56,-17) (57,-18) (58,-18) (59,-18) (60,-17) (61,-17) (62,-16) (63,-12) (64,-9) (65,-6) (66,-2) 
(99,10) (75,21) (8,16) (7,15) (6,14) (4,11) (3,9) (1,3) (0,0) (98,5) (77,20) (76,20) (97,1) (78,18) (96,-1) (79,14) (95,-4) (80,12) (94,-7) (81,10) (93,-8) (82,7) (92,-8) (83,4) (91,-8) (84,2) (90,-7) (85,-1) (89,-8) (86,-3) (88,-7) (87,-5) 
(99,10) (75,21) (8,16) (7,15) (6,14) (4,11) (3,9) (1,3) (0,0) (98,5) (77,20) (76,20) (97,1) (78,18) (96,-1) (79,14) (95,-4) (80,12) (94,-7) (81,10) (93,-8) (82,7) (92,-8) (83,4) (91,-8) (84,2) (90,-7) (85,-1) (89,-8) (86,-3) (88,-7) (87,-5) 
TD 13 :
(99,10) (75,21) (8,16) (7,15) (6,14) (4,11) (3,9) (1,3) (0,0) (74,20) (40,18) (9,16) (10,15) (39,17) (11,14) (38,16) (12,10) (13,7) (37,13) (14,5) (36,11) (15,2) (35,7) (16,-1) (34,4) (17,-4) (33,3) (18,-6) (32,1) (19,-8) (31,-2) (20,-11) (21,-14) (22,-16) (23,-15) (24,-15) (25,-15) (26,-16) (27,-13) (28,-11) (29,-9) (30,-5) 
(99,10) (75,21) (8,16) (7,15) (6,14) (4,11) (3,9) (1,3) (0,0) (74,20) (40,18) (9,16) (10,15) (39,17) (11,14) (38,16) (12,10) (13,7) (37,13) (14,5) (36,11) (15,2) (35,7) (16,-1) (34,4) (17,-4) (33,3) (18,-6) (32,1) (19,-8) (31,-2) (20,-11) 
(99,10) (75,21) (8,16) (7,15) (6,14) (4,11) (3,9) (1,3) (0,0) (74,20) (40,18) (9,16) (73,19) (41,18) (72,16) (43,17) (42,17) (71,14) (44,15) (70,11) (45,13) (69,7) (46,10) (68,6) (47,8) (48,7) (67,2) (49,2) (66,-2) (50,-1) 
(99,10) (75,21) (8,16) (7,15) (6,14) (4,11) (3,9) (1,3) (0,0) (74,20) (40,18) (9,16) (73,19) (41,18) (72,16) (43,17) (42,17) (71,14) (44,15) (70,11) (45,13) (69,7) (46,10) (68,6) (47,8) (48,7) (67,2) (49,2) (66,-2) (50,-1) (51,-4) (52,-7) (53,-10) (54,-12) (55,-15) (56,-17) (57,-18) (58,-18) (59,-18) (60,-17) (61,-17) (62,-16) (63,-12) (64,-9) (65,-6) 
TD 14 :
(99,10) (75,21) (8,16) (7,15) (6,14) (4,11) (3,9) (1,3) (0,0) (74,20) (40,18) (9,16) (10,15) (39,17) (11,14) (38,16) (12,10) (13,7) (37,13) (14,5) (36,11) (15,2) (35,7) (16,-1) (34,4) (17,-4) (33,3) (18,-6) (32,1) (19,-8) (31,-2) (20,-11) (30,-5) (21,-14) (22,-16) (23,-15) (24,-15) (25,-15) (26,-16) (27,-13) (28,-11) (29,-9) 
(99,10) (75,21) (8,16) (7,15) (6,14) (4,11) (3,9) (1,3) (0,0) (74,20) (40,18) (9,16) (10,15) (39,17) (11,14) (38,16) (12,10) (13,7) (37,13) (14,5) (36,11) (15,2) (35,7) (16,-1) (34,4) (17,-4) (33,3) (18,-6) (32,1) (19,-8) (31,-2) (20,-11) (30,-5) (21,-14) 
(99,10) (75,21) (8,16) (7,15) (6,14) (4,11) (3,9) (1,3) (0,0) (74,20) (40,18) (9,16) (73,19) (41,18) (72,16) (43,17) (42,17) (71,14) (44,15) (70,11) (45,13) (69,7) (46,10) (68,6) (47,8) (48,7) (67,2) (49,2) (66,-2) (50,-1) (65,-6) (51,-4) 
(99,10) (75,21) (8,16) (7,15) (6,14) (4,11) (3,9) (1,3) (0,0) (74,20) (40,18) (9,16) (73,19) (41,18) (72,16) (43,17) (42,17) (71,14) (44,15) (70,11) (45,13) (69,7) (46,10) (68,6) (47,8) (48,7) (67,2) (49,2) (66,-2) (50,-1) (65,-6) (51,-4) (52,-7) (53,-10) (54,-12) (55,-15) (56,-17) (57,-18) (58,-18) (59,-18) (60,-17) (61,-17) (62,-16) (63,-12) (64,-9) 
TD 15 :
(99,10) (75,21) (8,16) (7,15) (6,14) (4,11) (3,9) (1,3) (0,0) (74,20) (40,18) (9,16) (10,15) (39,17) (11,14) (38,16) (12,10) (13,7) (37,13) (14,5) (36,11) (15,2) (35,7) (16,-1) (34,4) (17,-4) (33,3) (18,-6) (32,1) (19,-8) (31,-2) (20,-11) (30,-5) (21,-14) (29,-9) (23,-15) (22,-16) 
(99,10) (75,21) (8,16) (7,15) (6,14) (4,11) (3,9) (1,3) (0,0) (74,20) (40,18) (9,16) (10,15) (39,17) (11,14) (38,16) (12,10) (13,7) (37,13) (14,5) (36,11) (15,2) (35,7) (16,-1) (34,4) (17,-4) (33,3) (18,-6) (32,1) (19,-8) (31,-2) (20,-11) (30,-5) (21,-14) (29,-9) (23,-15) (22,-16) (24,-15) (25,-15) (26,-16) (27,-13) (28,-11) 
(99,10) (75,21) (8,16) (7,15) (6,14) (4,11) (3,9) (1,3) (0,0) (74,20) (40,18) (9,16) (10,15) (39,17) (11,14) (38,16) (12,10) (13,7) (37,13) (14,5) (36,11) (15,2) (35,7) (16,-1) (34,4) (17,-4) (33,3) (18,-6) (32,1) (19,-8) (31,-2) (20,-11) (30,-5) (21,-14) (29,-9) (23,-15) (22,-16) 
(99,10) (75,21) (8,16) (7,15) (6,14) (4,11) (3,9) (1,3) (0,0) (74,20) (40,18) (9,16) (73,19) (41,18) (72,16) (43,17) (42,17) (71,14) (44,15) (70,11) (45,13) (69,7) (46,10) (68,6) (47,8) (48,7) (67,2) (49,2) (66,-2) (50,-1) (65,-6) (51,-4) (64,-9) (52,-7) 
(99,10) (75,21) (8,16) (7,15) (6,14) (4,11) (3,9) (1,3) (0,0) (74,20) (40,18) (9,16) (73,19) (41,18) (72,16) (43,17) (42,17) (71,14) (44,15) (70,11) (45,13) (69,7) (46,10) (68,6) (47,8) (48,7) (67,2) (49,2) (66,-2) (50,-1) (65,-6) (51,-4) (64,-9) (52,-7) (53,-10) (54,-12) (55,-15) (56,-17) (57,-18) (58,-18) (59,-18) (60,-17) (61,-17) (62,-16) (63,-12) 
TD 16 :
(99,10) (75,21) (8,16) (7,15) (6,14) (4,11) (3,9) (1,3) (0,0) (74,20) (40,18) (9,16) (10,15) (39,17) (11,14) (38,16) (12,10) (13,7) (37,13) (14,5) (36,11) (15,2) (35,7) (16,-1) (34,4) (17,-4) (33,3) (18,-6) (32,1) (19,-8) (31,-2) (20,-11) (30,-5) (21,-14) (29,-9) (23,-15) (22,-16) (28,-11) (24,-15) (25,-15) (26,-16) (27,-13) 
(99,10) (75,21) (8,16) (7,15) (6,14) (4,11) (3,9) (1,3) (0,0) (74,20) (40,18) (9,16) (10,15) (39,17) (11,14) (38,16) (12,10) (13,7) (37,13) (14,5) (36,11) (15,2) (35,7) (16,-1) (34,4) (17,-4) (33,3) (18,-6) (32,1) (19,-8) (31,-2) (20,-11) (30,-5) (21,-14) (29,-9) (23,-15) (22,-16) (28,-11) (24,-15) 
(99,10) (75,21) (8,16) (7,15) (6,14) (4,11) (3,9) (1,3) (0,0) (74,20) (40,18) (9,16) (73,19) (41,18) (72,16) (43,17) (42,17) (71,14) (44,15) (70,11) (45,13) (69,7) (46,10) (68,6) (47,8) (48,7) (67,2) (49,2) (66,-2) (50,-1) (65,-6) (51,-4) (64,-9) (52,-7) (63,-12) (53,-10) 
(99,10) (75,21) (8,16) (7,15) (6,14) (4,11) (3,9) (1,3) (0,0) (74,20) (40,18) (9,16) (73,19) (41,18) (72,16) (43,17) (42,17) (71,14) (44,15) (70,11) (45,13) (69,7) (46,10) (68,6) (47,8) (48,7) (67,2) (49,2) (66,-2) (50,-1) (65,-6) (51,-4) (64,-9) (52,-7) (63,-12) (53,-10) (54,-12) (55,-15) (56,-17) (57,-18) (58,-18) (59,-18) (60,-17) (61,-17) (62,-16) 
TD 17 :
(99,10) (75,21) (8,16) (7,15) (6,14) (4,11) (3,9) (1,3) (0,0) (74,20) (40,18) (9,16) (10,15) (39,17) (11,14) (38,16) (12,10) (13,7) (37,13) (14,5) (36,11) (15,2) (35,7) (16,-1) (34,4) (17,-4) (33,3) (18,-6) (32,1) (19,-8) (31,-2) (20,-11) (30,-5) (21,-14) (29,-9) (23,-15) (22,-16) (28,-11) (24,-15) (27,-13) (25,-15) (26,-16) 
(99,10) (75,21) (8,16) (7,15) (6,14) (4,11) (3,9) (1,3) (0,0) (74,20) (40,18) (9,16) (10,15) (39,17) (11,14) (38,16) (12,10) (13,7) (37,13) (14,5) (36,11) (15,2) (35,7) (16,-1) (34,4) (17,-4) (33,3) (18,-6) (32,1) (19,-8) (31,-2) (20,-11) (30,-5) (21,-14) (29,-9) (23,-15) (22,-16) (28,-11) (24,-15) (27,-13) (25,-15) 
(99,10) (75,21) (8,16) (7,15) (6,14) (4,11) (3,9) (1,3) (0,0) (74,20) (40,18) (9,16) (73,19) (41,18) (72,16) (43,17) (42,17) (71,14) (44,15) (70,11) (45,13) (69,7) (46,10) (68,6) (47,8) (48,7) (67,2) (49,2) (66,-2) (50,-1) (65,-6) (51,-4) (64,-9) (52,-7) (63,-12) (53,-10) (62,-16) (54,-12) 
(99,10) (75,21) (8,16) (7,15) (6,14) (4,11) (3,9) (1,3) (0,0) (74,20) (40,18) (9,16) (73,19) (41,18) (72,16) (43,17) (42,17) (71,14) (44,15) (70,11) (45,13) (69,7) (46,10) (68,6) (47,8) (48,7) (67,2) (49,2) (66,-2) (50,-1) (65,-6) (51,-4) (64,-9) (52,-7) (63,-12) (53,-10) (62,-16) (54,-12) (55,-15) (56,-17) (57,-18) (58,-18) (59,-18) (60,-17) (61,-17) 
TD 18 :
(99,10) (75,21) (8,16) (7,15) (6,14) (4,11) (3,9) (1,3) (0,0) (74,20) (40,18) (9,16) (10,15) (39,17) (11,14) (38,16) (12,10) (13,7) (37,13) (14,5) (36,11) (15,2) (35,7) (16,-1) (34,4) (17,-4) (33,3) (18,-6) (32,1) (19,-8) (31,-2) (20,-11) (30,-5) (21,-14) (29,-9) (23,-15) (22,-16) (28,-11) (24,-15) (27,-13) (25,-15) (26,-16) 
(99,10) (75,21) (8,16) (7,15) (6,14) (4,11) (3,9) (1,3) (0,0) (74,20) (40,18) (9,16) (73,19) (41,18) (72,16) (43,17) (42,17) (71,14) (44,15) (70,11) (45,13) (69,7) (46,10) (68,6) (47,8) (48,7) (67,2) (49,2) (66,-2) (50,-1) (65,-6) (51,-4) (64,-9) (52,-7) (63,-12) (53,-10) (62,-16) (54,-12) (61,-17) (55,-15) 
(99,10) (75,21) (8,16) (7,15) (6,14) (4,11) (3,9) (1,3) (0,0) (74,20) (40,18) (9,16) (73,19) (41,18) (72,16) (43,17) (42,17) (71,14) (44,15) (70,11) (45,13) (69,7) (46,10) (68,6) (47,8) (48,7) (67,2) (49,2) (66,-2) (50,-1) (65,-6) (51,-4) (64,-9) (52,-7) (63,-12) (53,-10) (62,-16) (54,-12) (61,-17) (55,-15) (56,-17) (57,-18) (58,-18) (59,-18) (60,-17) 
TD 19 :
(99,10) (75,21) (8,16) (7,15) (6,14) (4,11) (3,9) (1,3) (0,0) (74,20) (40,18) (9,16) (73,19) (41,18) (72,16) (43,17) (42,17) (71,14) (44,15) (70,11) (45,13) (69,7) (46,10) (68,6) (47,8) (48,7) (67,2) (49,2) (66,-2) (50,-1) (65,-6) (51,-4) (64,-9) (52,-7) (63,-12) (53,-10) (62,-16) (54,-12) (61,-17) (55,-15) (60,-17) (56,-17) (57,-18) (58,-18) (59,-18) 
TD 20 :
(99,10) (75,21) (8,16) (7,15) (6,14) (4,11) (3,9) (1,3) (0,0) (74,20) (40,18) (9,16) (73,19) (41,18) (72,16) (43,17) (42,17) (71,14) (44,15) (70,11) (45,13) (69,7) (46,10) (68,6) (47,8) (48,7) (67,2) (49,2) (66,-2) (50,-1) (65,-6) (51,-4) (64,-9) (52,-7) (63,-12) (53,-10) (62,-16) (54,-12) (61,-17) (55,-15) (60,-17) (56,-17) (59,-18) (58,-18) (57,-18) 
(99,10) (75,21) (8,16) (7,15) (6,14) (4,11) (3,9) (1,3) (0,0) (74,20) (40,18) (9,16) (73,19) (41,18) (72,16) (43,17) (42,17) (71,14) (44,15) (70,11) (45,13) (69,7) (46,10) (68,6) (47,8) (48,7) (67,2) (49,2) (66,-2) (50,-1) (65,-6) (51,-4) (64,-9) (52,-7) (63,-12) (53,-10) (62,-16) (54,-12) (61,-17) (55,-15) (60,-17) (56,-17) (59,-18) (58,-18) (57,-18) 
Pocket 0 :
()
Pocket 1 :
({  (0,0) ,(1,3) } {  (0,0) ,(1,3) } {  (0,0) ,(1,3) } {  (0,0) ,(1,3) } {  (0,0) ,(1,3) } {  (0,0) ,(1,3) } {  (0,0) ,(1,3) } {  (0,0) ,(1,3) } {  (0,0) ,(1,3) } {  (0,0) ,(1,3) } {  (0,0) ,(1,3) } {  (0,0) ,(1,3) } {  (0,0) ,(1,3) } {  (0,0) ,(1,3) } {  (0,0) ,(1,3) } {  (0,0) ,(1,3) } )
Pocket 2 :
({  (2,5) ,(0,0) } {  (99,10) ,(5,12) } {  (99,10) ,(5,12) } {  (10,15) ,(9,16) } {  (10,15) ,(9,16) } {  (10,15) ,(9,16) } {  (10,15) ,(9,16) } {  (77,20) ,(76,20) } {  (77,20) ,(76,20) } {  (77,20) ,(76,20) } )
Pocket 3 :
({  (10,15) ,(9,16) } {  (42,17) ,(41,18) } {  (42,17) ,(41,18) } {  (42,17) ,(41,18) } {  (79,14) ,(78,18) } {  (79,14) ,(78,18) } )
Pocket 4 :
({  (11,14) ,(10,15) } {  (99,10) ,(39,17) } {  (11,14) ,(10,15) } {  (99,10) ,(39,17) } {  (43,17) ,(42,17) } {  (43,17) ,(42,17) } {  (43,17) ,(42,17) } {  (43,17) ,(42,17) } {  (80,12) ,(79,14) } {  (80,12) ,(79,14) } )
Pocket 5 :
({  (12,10) ,(11,14) } {  (99,10) ,(38,16) } {  (12,10) ,(11,14) } {  (99,10) ,(38,16) } {  (99,10) ,(71,14) } {  (99,10) ,(71,14) } {  (81,10) ,(80,12) } {  (81,10) ,(80,12) } )
Pocket 6 :
({  (13,7) ,(12,10) } {  (45,13) ,(44,15) } {  (45,13) ,(44,15) } {  (82,7) ,(81,10) } {  (82,7) ,(81,10) } )
Pocket 7 :
({  (14,5) ,(13,7) } {  (99,10) ,(37,13) } {  (14,5) ,(13,7) } {  (99,10) ,(37,13) } {  (46,10) ,(45,13) } {  (46,10) ,(45,13) } {  (46,10) ,(45,13) } {  (83,4) ,(82,7) } {  (83,4) ,(82,7) } )
Pocket 8 :
({  (15,2) ,(14,5) } {  (99,10) ,(36,11) } {  (15,2) ,(14,5) } {  (99,10) ,(36,11) } {  (47,8) ,(46,10) } {  (47,8) ,(46,10) } {  (47,8) ,(46,10) } {  (84,2) ,(83,4) } {  (84,2) ,(83,4) } )
Pocket 9 :
({  (16,-1) ,(15,2) } {  (99,10) ,(35,7) } {  (16,-1) ,(15,2) } {  (99,10) ,(35,7) } {  (48,7) ,(47,8) } {  (48,7) ,(47,8) } {  (48,7) ,(47,8) } {  (85,-1) ,(84,2) } {  (85,-1) ,(84,2) } )
Pocket 10 :
({  (17,-4) ,(16,-1) } {  (99,10) ,(34,4) } {  (17,-4) ,(16,-1) } {  (99,10) ,(34,4) } {  (49,2) ,(48,7) } {  (49,2) ,(48,7) } {  (86,-3) ,(85,-1) } {  (86,-3) ,(85,-1) } )
Pocket 11 :
({  (18,-6) ,(17,-4) } {  (99,10) ,(33,3) } {  (18,-6) ,(17,-4) } {  (99,10) ,(33,3) } {  (99,10) ,(67,2) } {  (99,10) ,(67,2) } {  (87,-5) ,(86,-3) } {  (87,-5) ,(86,-3) } )
Pocket 12 :
({  (19,-8) ,(18,-6) } {  (99,10) ,(32,1) } {  (19,-8) ,(18,-6) } {  (99,10) ,(32,1) } {  (50,-1) ,(49,2) } {  (50,-1) ,(49,2) } {  (88,-7) ,(87,-5) } {  (88,-7) ,(87,-5) } )
Pocket 13 :
({  (20,-11) ,(19,-8) } {  (99,10) ,(31,-2) } {  (20,-11) ,(19,-8) } {  (99,10) ,(31,-2) } {  (51,-4) ,(50,-1) } {  (51,-4) ,(50,-1) } )
Pocket 14 :
({  (21,-14) ,(20,-11) } {  (99,10) ,(30,-5) } {  (21,-14) ,(20,-11) } {  (99,10) ,(30,-5) } {  (52,-7) ,(51,-4) } {  (52,-7) ,(51,-4) } )
Pocket 15 :
({  (22,-16) ,(21,-14) } {  (24,-15) ,(23,-15) } {  (22,-16) ,(21,-14) } {  (24,-15) ,(23,-15) } {  (22,-16) ,(21,-14) } {  (24,-15) ,(23,-15) } {  (53,-10) ,(52,-7) } {  (53,-10) ,(52,-7) } )
Pocket 16 :
({  (24,-15) ,(22,-16) } {  (99,10) ,(28,-11) } {  (24,-15) ,(22,-16) } {  (99,10) ,(28,-11) } {  (54,-12) ,(53,-10) } {  (54,-12) ,(53,-10) } )
Pocket 17 :
({  (25,-15) ,(24,-15) } {  (99,10) ,(27,-13) } {  (25,-15) ,(24,-15) } {  (99,10) ,(27,-13) } {  (55,-15) ,(54,-12) } {  (55,-15) ,(54,-12) } )
Pocket 18 :
({  (26,-16) ,(25,-15) } {  (56,-17) ,(55,-15) } {  (56,-17) ,(55,-15) } )
Pocket 19 :
({  (56,-17) ,(55,-15) } {  (99,10) ,(60,-17) } )
