18 layers in onion peeling: 
Layer 1
(99,2) (75,21) (39,19) (8,14) (7,13) (6,12) (5,11) (3,8) (0,0) 
Layer 2
(98,-1) (76,19) (74,20) (40,19) (9,14) (4,9) (2,5) (1,1) 
Layer 3
(97,-4) (77,18) (43,19) (41,19) (10,11) 
Layer 4
(96,-7) (78,16) (73,18) (44,18) (42,18) (38,18) (11,9) 
Layer 5
(95,-10) (80,11) (79,12) (72,17) (71,17) (37,15) (12,7) 
Layer 6
(94,-11) (81,7) (70,15) (45,15) (13,5) 
Layer 7
(93,-13) (82,2) (69,12) (46,12) (36,12) (14,2) 
Layer 8
(92,-14) (83,-1) (68,9) (47,10) (35,8) (15,0) 
Layer 9
(91,-14) (90,-12) (84,-4) (67,7) (48,8) (34,6) (16,-3) 
Layer 10
(89,-11) (86,-7) (66,2) (49,6) (33,3) (17,-5) 
Layer 11
(88,-10) (85,-7) (65,0) (50,3) (32,-1) (18,-8) 
Layer 12
(87,-11) (51,1) (31,-4) (19,-11) 
Layer 13
(64,-4) (52,-3) (30,-7) (20,-12) 
Layer 14
(63,-7) (53,-5) (29,-9) (21,-14) 
Layer 15
(62,-10) (54,-9) (28,-11) (22,-14) 
Layer 16
(61,-11) (27,-13) (23,-16) 
Layer 17
(60,-14) (55,-12) (26,-15) (24,-18) 
Layer 18
(59,-14) (56,-13) (25,-17) 
---------------------------------------------------------------------------------------
TD 0 :
(99,2) (98,-1) (97,-4) (96,-7) (95,-10) (94,-11) (93,-13) (92,-14) (91,-14) (90,-12) (89,-11) (88,-10) (87,-11) (86,-7) (85,-7) (84,-4) (83,-1) (82,2) (81,7) (80,11) (79,12) (78,16) (77,18) (76,19) (75,21) (74,20) (73,18) (72,17) (71,17) (70,15) (69,12) (68,9) (67,7) (66,2) (65,0) (64,-4) (63,-7) (62,-10) (61,-11) (60,-14) (59,-14) (58,-14) (57,-14) (56,-13) (55,-12) (54,-9) (53,-5) (52,-3) (51,1) (50,3) (49,6) (48,8) (47,10) (46,12) (45,15) (44,18) (43,19) (42,18) (41,19) (40,19) (39,19) (38,18) (37,15) (36,12) (35,8) (34,6) (33,3) (32,-1) (31,-4) (30,-7) (29,-9) (28,-11) (27,-13) (26,-15) (25,-17) (24,-18) (23,-16) (22,-14) (21,-14) (20,-12) (19,-11) (18,-8) (17,-5) (16,-3) (15,0) (14,2) (13,5) (12,7) (11,9) (10,11) (9,14) (8,14) (7,13) (6,12) (5,11) (4,9) (3,8) (2,5) (1,1) (0,0) 
TD 1 :
(99,2) (75,21) (39,19) (8,14) (7,13) (6,12) (5,11) (3,8) (0,0) (1,1) (2,5) 
(99,2) (75,21) (39,19) (8,14) (7,13) (6,12) (5,11) (3,8) (0,0) (4,9) 
(99,2) (75,21) (39,19) (8,14) (7,13) (6,12) (5,11) (3,8) (0,0) 
(99,2) (75,21) (39,19) (8,14) (7,13) (6,12) (5,11) (3,8) (0,0) 
(99,2) (75,21) (39,19) (8,14) (7,13) (6,12) (5,11) (3,8) (0,0) 
(99,2) (75,21) (39,19) (8,14) (7,13) (6,12) (5,11) (3,8) (0,0) (9,14) (10,11) (11,9) (12,7) (13,5) (14,2) (15,0) (16,-3) (17,-5) (18,-8) (19,-11) (20,-12) (21,-14) (22,-14) (23,-16) (24,-18) (25,-17) (26,-15) (27,-13) (28,-11) (29,-9) (30,-7) (31,-4) (32,-1) (33,3) (34,6) (35,8) (36,12) (37,15) (38,18) 
(99,2) (75,21) (39,19) (8,14) (7,13) (6,12) (5,11) (3,8) (0,0) (40,19) (41,19) (42,18) (43,19) (44,18) (45,15) (46,12) (47,10) (48,8) (49,6) (50,3) (51,1) (52,-3) (53,-5) (54,-9) (55,-12) (56,-13) (57,-14) (58,-14) (59,-14) (60,-14) (61,-11) (62,-10) (63,-7) (64,-4) (65,0) (66,2) (67,7) (68,9) (69,12) (70,15) (71,17) (72,17) (73,18) (74,20) 
(99,2) (75,21) (39,19) (8,14) (7,13) (6,12) (5,11) (3,8) (0,0) (76,19) (77,18) (78,16) (79,12) (80,11) (81,7) (82,2) (83,-1) (84,-4) (85,-7) (86,-7) (87,-11) (88,-10) (89,-11) (90,-12) (91,-14) (92,-14) (93,-13) (94,-11) (95,-10) (96,-7) (97,-4) (98,-1) 
TD 2 :
(99,2) (75,21) (39,19) (8,14) (7,13) (6,12) (5,11) (3,8) (0,0) (2,5) (1,1) 
(99,2) (75,21) (39,19) (8,14) (7,13) (6,12) (5,11) (3,8) (0,0) (2,5) (1,1) 
(99,2) (75,21) (39,19) (8,14) (7,13) (6,12) (5,11) (3,8) (0,0) (4,9) 
(99,2) (75,21) (39,19) (8,14) (7,13) (6,12) (5,11) (3,8) (0,0) (4,9) 
(99,2) (75,21) (39,19) (8,14) (7,13) (6,12) (5,11) (3,8) (0,0) (9,14) 
(99,2) (75,21) (39,19) (8,14) (7,13) (6,12) (5,11) (3,8) (0,0) (9,14) (10,11) (11,9) (12,7) (13,5) (14,2) (15,0) (16,-3) (17,-5) (18,-8) (19,-11) (20,-12) (21,-14) (22,-14) (23,-16) (24,-18) (25,-17) (26,-15) (27,-13) (28,-11) (29,-9) (30,-7) (31,-4) (32,-1) (33,3) (34,6) (35,8) (36,12) (37,15) (38,18) 
(99,2) (75,21) (39,19) (8,14) (7,13) (6,12) (5,11) (3,8) (0,0) (74,20) (40,19) 
(99,2) (75,21) (39,19) (8,14) (7,13) (6,12) (5,11) (3,8) (0,0) (74,20) (40,19) (41,19) (42,18) (43,19) (44,18) (45,15) (46,12) (47,10) (48,8) (49,6) (50,3) (51,1) (52,-3) (53,-5) (54,-9) (55,-12) (56,-13) (57,-14) (58,-14) (59,-14) (60,-14) (61,-11) (62,-10) (63,-7) (64,-4) (65,0) (66,2) (67,7) (68,9) (69,12) (70,15) (71,17) (72,17) (73,18) 
(99,2) (75,21) (39,19) (8,14) (7,13) (6,12) (5,11) (3,8) (0,0) (74,20) (40,19) 
(99,2) (75,21) (39,19) (8,14) (7,13) (6,12) (5,11) (3,8) (0,0) (98,-1) (76,19) 
(99,2) (75,21) (39,19) (8,14) (7,13) (6,12) (5,11) (3,8) (0,0) (98,-1) (76,19) (77,18) (78,16) (79,12) (80,11) (81,7) (82,2) (83,-1) (84,-4) (85,-7) (86,-7) (87,-11) (88,-10) (89,-11) (90,-12) (91,-14) (92,-14) (93,-13) (94,-11) (95,-10) (96,-7) (97,-4) 
TD 3 :
(99,2) (75,21) (39,19) (8,14) (7,13) (6,12) (5,11) (3,8) (0,0) (9,14) (10,11) (11,9) (12,7) (13,5) (14,2) (15,0) (16,-3) (17,-5) (18,-8) (19,-11) (20,-12) (21,-14) (22,-14) (23,-16) (24,-18) (25,-17) (26,-15) (27,-13) (28,-11) (29,-9) (30,-7) (31,-4) (32,-1) (33,3) (34,6) (35,8) (36,12) (37,15) (38,18) 
(99,2) (75,21) (39,19) (8,14) (7,13) (6,12) (5,11) (3,8) (0,0) (74,20) (40,19) (43,19) (41,19) 
(99,2) (75,21) (39,19) (8,14) (7,13) (6,12) (5,11) (3,8) (0,0) (74,20) (40,19) (43,19) (41,19) (42,18) 
(99,2) (75,21) (39,19) (8,14) (7,13) (6,12) (5,11) (3,8) (0,0) (74,20) (40,19) (43,19) (41,19) (44,18) (45,15) (46,12) (47,10) (48,8) (49,6) (50,3) (51,1) (52,-3) (53,-5) (54,-9) (55,-12) (56,-13) (57,-14) (58,-14) (59,-14) (60,-14) (61,-11) (62,-10) (63,-7) (64,-4) (65,0) (66,2) (67,7) (68,9) (69,12) (70,15) (71,17) (72,17) (73,18) 
(99,2) (75,21) (39,19) (8,14) (7,13) (6,12) (5,11) (3,8) (0,0) (98,-1) (76,19) (97,-4) (77,18) 
(99,2) (75,21) (39,19) (8,14) (7,13) (6,12) (5,11) (3,8) (0,0) (98,-1) (76,19) (97,-4) (77,18) (78,16) (79,12) (80,11) (81,7) (82,2) (83,-1) (84,-4) (85,-7) (86,-7) (87,-11) (88,-10) (89,-11) (90,-12) (91,-14) (92,-14) (93,-13) (94,-11) (95,-10) (96,-7) 
TD 4 :
(99,2) (75,21) (39,19) (8,14) (7,13) (6,12) (5,11) (3,8) (0,0) (9,14) (10,11) (38,18) (11,9) (12,7) (13,5) (14,2) (15,0) (16,-3) (17,-5) (18,-8) (19,-11) (20,-12) (21,-14) (22,-14) (23,-16) (24,-18) (25,-17) (26,-15) (27,-13) (28,-11) (29,-9) (30,-7) (31,-4) (32,-1) (33,3) (34,6) (35,8) (36,12) (37,15) 
(99,2) (75,21) (39,19) (8,14) (7,13) (6,12) (5,11) (3,8) (0,0) (9,14) (10,11) (38,18) (11,9) 
(99,2) (75,21) (39,19) (8,14) (7,13) (6,12) (5,11) (3,8) (0,0) (74,20) (40,19) (43,19) (41,19) (42,18) 
(99,2) (75,21) (39,19) (8,14) (7,13) (6,12) (5,11) (3,8) (0,0) (74,20) (40,19) (43,19) (41,19) (42,18) 
(99,2) (75,21) (39,19) (8,14) (7,13) (6,12) (5,11) (3,8) (0,0) (74,20) (40,19) (43,19) (41,19) (73,18) (44,18) 
(99,2) (75,21) (39,19) (8,14) (7,13) (6,12) (5,11) (3,8) (0,0) (74,20) (40,19) (43,19) (41,19) (73,18) (44,18) (45,15) (46,12) (47,10) (48,8) (49,6) (50,3) (51,1) (52,-3) (53,-5) (54,-9) (55,-12) (56,-13) (57,-14) (58,-14) (59,-14) (60,-14) (61,-11) (62,-10) (63,-7) (64,-4) (65,0) (66,2) (67,7) (68,9) (69,12) (70,15) (71,17) (72,17) 
(99,2) (75,21) (39,19) (8,14) (7,13) (6,12) (5,11) (3,8) (0,0) (74,20) (40,19) (43,19) (41,19) (73,18) (44,18) 
(99,2) (75,21) (39,19) (8,14) (7,13) (6,12) (5,11) (3,8) (0,0) (98,-1) (76,19) (97,-4) (77,18) (96,-7) (78,16) 
(99,2) (75,21) (39,19) (8,14) (7,13) (6,12) (5,11) (3,8) (0,0) (98,-1) (76,19) (97,-4) (77,18) (96,-7) (78,16) (79,12) (80,11) (81,7) (82,2) (83,-1) (84,-4) (85,-7) (86,-7) (87,-11) (88,-10) (89,-11) (90,-12) (91,-14) (92,-14) (93,-13) (94,-11) (95,-10) 
TD 5 :
(99,2) (75,21) (39,19) (8,14) (7,13) (6,12) (5,11) (3,8) (0,0) (9,14) (10,11) (38,18) (11,9) (37,15) (12,7) (13,5) (14,2) (15,0) (16,-3) (17,-5) (18,-8) (19,-11) (20,-12) (21,-14) (22,-14) (23,-16) (24,-18) (25,-17) (26,-15) (27,-13) (28,-11) (29,-9) (30,-7) (31,-4) (32,-1) (33,3) (34,6) (35,8) (36,12) 
(99,2) (75,21) (39,19) (8,14) (7,13) (6,12) (5,11) (3,8) (0,0) (9,14) (10,11) (38,18) (11,9) (37,15) (12,7) 
(99,2) (75,21) (39,19) (8,14) (7,13) (6,12) (5,11) (3,8) (0,0) (74,20) (40,19) (43,19) (41,19) (73,18) (44,18) (72,17) (71,17) (45,15) (46,12) (47,10) (48,8) (49,6) (50,3) (51,1) (52,-3) (53,-5) (54,-9) (55,-12) (56,-13) (57,-14) (58,-14) (59,-14) (60,-14) (61,-11) (62,-10) (63,-7) (64,-4) (65,0) (66,2) (67,7) (68,9) (69,12) (70,15) 
(99,2) (75,21) (39,19) (8,14) (7,13) (6,12) (5,11) (3,8) (0,0) (74,20) (40,19) (43,19) (41,19) (73,18) (44,18) (72,17) (71,17) 
(99,2) (75,21) (39,19) (8,14) (7,13) (6,12) (5,11) (3,8) (0,0) (74,20) (40,19) (43,19) (41,19) (73,18) (44,18) (72,17) (71,17) 
(99,2) (75,21) (39,19) (8,14) (7,13) (6,12) (5,11) (3,8) (0,0) (98,-1) (76,19) (97,-4) (77,18) (96,-7) (78,16) (95,-10) (80,11) (79,12) 
(99,2) (75,21) (39,19) (8,14) (7,13) (6,12) (5,11) (3,8) (0,0) (98,-1) (76,19) (97,-4) (77,18) (96,-7) (78,16) (95,-10) (80,11) (79,12) 
(99,2) (75,21) (39,19) (8,14) (7,13) (6,12) (5,11) (3,8) (0,0) (98,-1) (76,19) (97,-4) (77,18) (96,-7) (78,16) (95,-10) (80,11) (79,12) (81,7) (82,2) (83,-1) (84,-4) (85,-7) (86,-7) (87,-11) (88,-10) (89,-11) (90,-12) (91,-14) (92,-14) (93,-13) (94,-11) 
TD 6 :
(99,2) (75,21) (39,19) (8,14) (7,13) (6,12) (5,11) (3,8) (0,0) (9,14) (10,11) (38,18) (11,9) (37,15) (12,7) (13,5) (14,2) (15,0) (16,-3) (17,-5) (18,-8) (19,-11) (20,-12) (21,-14) (22,-14) (23,-16) (24,-18) (25,-17) (26,-15) (27,-13) (28,-11) (29,-9) (30,-7) (31,-4) (32,-1) (33,3) (34,6) (35,8) (36,12) 
(99,2) (75,21) (39,19) (8,14) (7,13) (6,12) (5,11) (3,8) (0,0) (74,20) (40,19) (43,19) (41,19) (73,18) (44,18) (72,17) (71,17) (70,15) (45,15) 
(99,2) (75,21) (39,19) (8,14) (7,13) (6,12) (5,11) (3,8) (0,0) (74,20) (40,19) (43,19) (41,19) (73,18) (44,18) (72,17) (71,17) (70,15) (45,15) (46,12) (47,10) (48,8) (49,6) (50,3) (51,1) (52,-3) (53,-5) (54,-9) (55,-12) (56,-13) (57,-14) (58,-14) (59,-14) (60,-14) (61,-11) (62,-10) (63,-7) (64,-4) (65,0) (66,2) (67,7) (68,9) (69,12) 
(99,2) (75,21) (39,19) (8,14) (7,13) (6,12) (5,11) (3,8) (0,0) (74,20) (40,19) (43,19) (41,19) (73,18) (44,18) (72,17) (71,17) (70,15) (45,15) 
(99,2) (75,21) (39,19) (8,14) (7,13) (6,12) (5,11) (3,8) (0,0) (98,-1) (76,19) (97,-4) (77,18) (96,-7) (78,16) (95,-10) (80,11) (79,12) (94,-11) (81,7) 
(99,2) (75,21) (39,19) (8,14) (7,13) (6,12) (5,11) (3,8) (0,0) (98,-1) (76,19) (97,-4) (77,18) (96,-7) (78,16) (95,-10) (80,11) (79,12) (94,-11) (81,7) (82,2) (83,-1) (84,-4) (85,-7) (86,-7) (87,-11) (88,-10) (89,-11) (90,-12) (91,-14) (92,-14) (93,-13) 
TD 7 :
(99,2) (75,21) (39,19) (8,14) (7,13) (6,12) (5,11) (3,8) (0,0) (9,14) (10,11) (38,18) (11,9) (37,15) (12,7) (13,5) (36,12) (14,2) (15,0) (16,-3) (17,-5) (18,-8) (19,-11) (20,-12) (21,-14) (22,-14) (23,-16) (24,-18) (25,-17) (26,-15) (27,-13) (28,-11) (29,-9) (30,-7) (31,-4) (32,-1) (33,3) (34,6) (35,8) 
(99,2) (75,21) (39,19) (8,14) (7,13) (6,12) (5,11) (3,8) (0,0) (9,14) (10,11) (38,18) (11,9) (37,15) (12,7) (13,5) (36,12) (14,2) 
(99,2) (75,21) (39,19) (8,14) (7,13) (6,12) (5,11) (3,8) (0,0) (74,20) (40,19) (43,19) (41,19) (73,18) (44,18) (72,17) (71,17) (70,15) (45,15) (69,12) (46,12) 
(99,2) (75,21) (39,19) (8,14) (7,13) (6,12) (5,11) (3,8) (0,0) (74,20) (40,19) (43,19) (41,19) (73,18) (44,18) (72,17) (71,17) (70,15) (45,15) (69,12) (46,12) (47,10) (48,8) (49,6) (50,3) (51,1) (52,-3) (53,-5) (54,-9) (55,-12) (56,-13) (57,-14) (58,-14) (59,-14) (60,-14) (61,-11) (62,-10) (63,-7) (64,-4) (65,0) (66,2) (67,7) (68,9) 
(99,2) (75,21) (39,19) (8,14) (7,13) (6,12) (5,11) (3,8) (0,0) (74,20) (40,19) (43,19) (41,19) (73,18) (44,18) (72,17) (71,17) (70,15) (45,15) (69,12) (46,12) 
(99,2) (75,21) (39,19) (8,14) (7,13) (6,12) (5,11) (3,8) (0,0) (98,-1) (76,19) (97,-4) (77,18) (96,-7) (78,16) (95,-10) (80,11) (79,12) (94,-11) (81,7) (93,-13) (82,2) 
(99,2) (75,21) (39,19) (8,14) (7,13) (6,12) (5,11) (3,8) (0,0) (98,-1) (76,19) (97,-4) (77,18) (96,-7) (78,16) (95,-10) (80,11) (79,12) (94,-11) (81,7) (93,-13) (82,2) (83,-1) (84,-4) (85,-7) (86,-7) (87,-11) (88,-10) (89,-11) (90,-12) (91,-14) (92,-14) 
TD 8 :
(99,2) (75,21) (39,19) (8,14) (7,13) (6,12) (5,11) (3,8) (0,0) (9,14) (10,11) (38,18) (11,9) (37,15) (12,7) (13,5) (36,12) (14,2) (35,8) (15,0) (16,-3) (17,-5) (18,-8) (19,-11) (20,-12) (21,-14) (22,-14) (23,-16) (24,-18) (25,-17) (26,-15) (27,-13) (28,-11) (29,-9) (30,-7) (31,-4) (32,-1) (33,3) (34,6) 
(99,2) (75,21) (39,19) (8,14) (7,13) (6,12) (5,11) (3,8) (0,0) (9,14) (10,11) (38,18) (11,9) (37,15) (12,7) (13,5) (36,12) (14,2) (35,8) (15,0) 
(99,2) (75,21) (39,19) (8,14) (7,13) (6,12) (5,11) (3,8) (0,0) (74,20) (40,19) (43,19) (41,19) (73,18) (44,18) (72,17) (71,17) (70,15) (45,15) (69,12) (46,12) (68,9) (47,10) 
(99,2) (75,21) (39,19) (8,14) (7,13) (6,12) (5,11) (3,8) (0,0) (74,20) (40,19) (43,19) (41,19) (73,18) (44,18) (72,17) (71,17) (70,15) (45,15) (69,12) (46,12) (68,9) (47,10) (48,8) (49,6) (50,3) (51,1) (52,-3) (53,-5) (54,-9) (55,-12) (56,-13) (57,-14) (58,-14) (59,-14) (60,-14) (61,-11) (62,-10) (63,-7) (64,-4) (65,0) (66,2) (67,7) 
(99,2) (75,21) (39,19) (8,14) (7,13) (6,12) (5,11) (3,8) (0,0) (74,20) (40,19) (43,19) (41,19) (73,18) (44,18) (72,17) (71,17) (70,15) (45,15) (69,12) (46,12) (68,9) (47,10) 
(99,2) (75,21) (39,19) (8,14) (7,13) (6,12) (5,11) (3,8) (0,0) (98,-1) (76,19) (97,-4) (77,18) (96,-7) (78,16) (95,-10) (80,11) (79,12) (94,-11) (81,7) (93,-13) (82,2) (92,-14) (83,-1) 
(99,2) (75,21) (39,19) (8,14) (7,13) (6,12) (5,11) (3,8) (0,0) (98,-1) (76,19) (97,-4) (77,18) (96,-7) (78,16) (95,-10) (80,11) (79,12) (94,-11) (81,7) (93,-13) (82,2) (92,-14) (83,-1) (84,-4) (85,-7) (86,-7) (87,-11) (88,-10) (89,-11) (90,-12) (91,-14) 
TD 9 :
(99,2) (75,21) (39,19) (8,14) (7,13) (6,12) (5,11) (3,8) (0,0) (9,14) (10,11) (38,18) (11,9) (37,15) (12,7) (13,5) (36,12) (14,2) (35,8) (15,0) (34,6) (16,-3) (17,-5) (18,-8) (19,-11) (20,-12) (21,-14) (22,-14) (23,-16) (24,-18) (25,-17) (26,-15) (27,-13) (28,-11) (29,-9) (30,-7) (31,-4) (32,-1) (33,3) 
(99,2) (75,21) (39,19) (8,14) (7,13) (6,12) (5,11) (3,8) (0,0) (9,14) (10,11) (38,18) (11,9) (37,15) (12,7) (13,5) (36,12) (14,2) (35,8) (15,0) (34,6) (16,-3) 
(99,2) (75,21) (39,19) (8,14) (7,13) (6,12) (5,11) (3,8) (0,0) (74,20) (40,19) (43,19) (41,19) (73,18) (44,18) (72,17) (71,17) (70,15) (45,15) (69,12) (46,12) (68,9) (47,10) (67,7) (48,8) 
(99,2) (75,21) (39,19) (8,14) (7,13) (6,12) (5,11) (3,8) (0,0) (74,20) (40,19) (43,19) (41,19) (73,18) (44,18) (72,17) (71,17) (70,15) (45,15) (69,12) (46,12) (68,9) (47,10) (67,7) (48,8) (49,6) (50,3) (51,1) (52,-3) (53,-5) (54,-9) (55,-12) (56,-13) (57,-14) (58,-14) (59,-14) (60,-14) (61,-11) (62,-10) (63,-7) (64,-4) (65,0) (66,2) 
(99,2) (75,21) (39,19) (8,14) (7,13) (6,12) (5,11) (3,8) (0,0) (74,20) (40,19) (43,19) (41,19) (73,18) (44,18) (72,17) (71,17) (70,15) (45,15) (69,12) (46,12) (68,9) (47,10) (67,7) (48,8) 
(99,2) (75,21) (39,19) (8,14) (7,13) (6,12) (5,11) (3,8) (0,0) (98,-1) (76,19) (97,-4) (77,18) (96,-7) (78,16) (95,-10) (80,11) (79,12) (94,-11) (81,7) (93,-13) (82,2) (92,-14) (83,-1) (91,-14) (90,-12) (84,-4) 
(99,2) (75,21) (39,19) (8,14) (7,13) (6,12) (5,11) (3,8) (0,0) (98,-1) (76,19) (97,-4) (77,18) (96,-7) (78,16) (95,-10) (80,11) (79,12) (94,-11) (81,7) (93,-13) (82,2) (92,-14) (83,-1) (91,-14) (90,-12) (84,-4) (85,-7) (86,-7) (87,-11) (88,-10) (89,-11) 
(99,2) (75,21) (39,19) (8,14) (7,13) (6,12) (5,11) (3,8) (0,0) (98,-1) (76,19) (97,-4) (77,18) (96,-7) (78,16) (95,-10) (80,11) (79,12) (94,-11) (81,7) (93,-13) (82,2) (92,-14) (83,-1) (91,-14) (90,-12) (84,-4) 
TD 10 :
(99,2) (75,21) (39,19) (8,14) (7,13) (6,12) (5,11) (3,8) (0,0) (9,14) (10,11) (38,18) (11,9) (37,15) (12,7) (13,5) (36,12) (14,2) (35,8) (15,0) (34,6) (16,-3) (33,3) (17,-5) (18,-8) (19,-11) (20,-12) (21,-14) (22,-14) (23,-16) (24,-18) (25,-17) (26,-15) (27,-13) (28,-11) (29,-9) (30,-7) (31,-4) (32,-1) 
(99,2) (75,21) (39,19) (8,14) (7,13) (6,12) (5,11) (3,8) (0,0) (9,14) (10,11) (38,18) (11,9) (37,15) (12,7) (13,5) (36,12) (14,2) (35,8) (15,0) (34,6) (16,-3) (33,3) (17,-5) 
(99,2) (75,21) (39,19) (8,14) (7,13) (6,12) (5,11) (3,8) (0,0) (74,20) (40,19) (43,19) (41,19) (73,18) (44,18) (72,17) (71,17) (70,15) (45,15) (69,12) (46,12) (68,9) (47,10) (67,7) (48,8) (66,2) (49,6) 
(99,2) (75,21) (39,19) (8,14) (7,13) (6,12) (5,11) (3,8) (0,0) (74,20) (40,19) (43,19) (41,19) (73,18) (44,18) (72,17) (71,17) (70,15) (45,15) (69,12) (46,12) (68,9) (47,10) (67,7) (48,8) (66,2) (49,6) (50,3) (51,1) (52,-3) (53,-5) (54,-9) (55,-12) (56,-13) (57,-14) (58,-14) (59,-14) (60,-14) (61,-11) (62,-10) (63,-7) (64,-4) (65,0) 
(99,2) (75,21) (39,19) (8,14) (7,13) (6,12) (5,11) (3,8) (0,0) (74,20) (40,19) (43,19) (41,19) (73,18) (44,18) (72,17) (71,17) (70,15) (45,15) (69,12) (46,12) (68,9) (47,10) (67,7) (48,8) (66,2) (49,6) 
(99,2) (75,21) (39,19) (8,14) (7,13) (6,12) (5,11) (3,8) (0,0) (98,-1) (76,19) (97,-4) (77,18) (96,-7) (78,16) (95,-10) (80,11) (79,12) (94,-11) (81,7) (93,-13) (82,2) (92,-14) (83,-1) (91,-14) (90,-12) (84,-4) (89,-11) (86,-7) (85,-7) 
(99,2) (75,21) (39,19) (8,14) (7,13) (6,12) (5,11) (3,8) (0,0) (98,-1) (76,19) (97,-4) (77,18) (96,-7) (78,16) (95,-10) (80,11) (79,12) (94,-11) (81,7) (93,-13) (82,2) (92,-14) (83,-1) (91,-14) (90,-12) (84,-4) (89,-11) (86,-7) (87,-11) (88,-10) 
TD 11 :
(99,2) (75,21) (39,19) (8,14) (7,13) (6,12) (5,11) (3,8) (0,0) (9,14) (10,11) (38,18) (11,9) (37,15) (12,7) (13,5) (36,12) (14,2) (35,8) (15,0) (34,6) (16,-3) (33,3) (17,-5) (32,-1) (18,-8) (19,-11) (20,-12) (21,-14) (22,-14) (23,-16) (24,-18) (25,-17) (26,-15) (27,-13) (28,-11) (29,-9) (30,-7) (31,-4) 
(99,2) (75,21) (39,19) (8,14) (7,13) (6,12) (5,11) (3,8) (0,0) (9,14) (10,11) (38,18) (11,9) (37,15) (12,7) (13,5) (36,12) (14,2) (35,8) (15,0) (34,6) (16,-3) (33,3) (17,-5) (32,-1) (18,-8) 
(99,2) (75,21) (39,19) (8,14) (7,13) (6,12) (5,11) (3,8) (0,0) (74,20) (40,19) (43,19) (41,19) (73,18) (44,18) (72,17) (71,17) (70,15) (45,15) (69,12) (46,12) (68,9) (47,10) (67,7) (48,8) (66,2) (49,6) (65,0) (50,3) 
(99,2) (75,21) (39,19) (8,14) (7,13) (6,12) (5,11) (3,8) (0,0) (74,20) (40,19) (43,19) (41,19) (73,18) (44,18) (72,17) (71,17) (70,15) (45,15) (69,12) (46,12) (68,9) (47,10) (67,7) (48,8) (66,2) (49,6) (65,0) (50,3) (51,1) (52,-3) (53,-5) (54,-9) (55,-12) (56,-13) (57,-14) (58,-14) (59,-14) (60,-14) (61,-11) (62,-10) (63,-7) (64,-4) 
(99,2) (75,21) (39,19) (8,14) (7,13) (6,12) (5,11) (3,8) (0,0) (74,20) (40,19) (43,19) (41,19) (73,18) (44,18) (72,17) (71,17) (70,15) (45,15) (69,12) (46,12) (68,9) (47,10) (67,7) (48,8) (66,2) (49,6) (65,0) (50,3) 
(99,2) (75,21) (39,19) (8,14) (7,13) (6,12) (5,11) (3,8) (0,0) (98,-1) (76,19) (97,-4) (77,18) (96,-7) (78,16) (95,-10) (80,11) (79,12) (94,-11) (81,7) (93,-13) (82,2) (92,-14) (83,-1) (91,-14) (90,-12) (84,-4) (89,-11) (86,-7) (85,-7) 
(99,2) (75,21) (39,19) (8,14) (7,13) (6,12) (5,11) (3,8) (0,0) (98,-1) (76,19) (97,-4) (77,18) (96,-7) (78,16) (95,-10) (80,11) (79,12) (94,-11) (81,7) (93,-13) (82,2) (92,-14) (83,-1) (91,-14) (90,-12) (84,-4) (89,-11) (86,-7) (85,-7) 
(99,2) (75,21) (39,19) (8,14) (7,13) (6,12) (5,11) (3,8) (0,0) (98,-1) (76,19) (97,-4) (77,18) (96,-7) (78,16) (95,-10) (80,11) (79,12) (94,-11) (81,7) (93,-13) (82,2) (92,-14) (83,-1) (91,-14) (90,-12) (84,-4) (89,-11) (86,-7) (88,-10) (87,-11) 
TD 12 :
(99,2) (75,21) (39,19) (8,14) (7,13) (6,12) (5,11) (3,8) (0,0) (9,14) (10,11) (38,18) (11,9) (37,15) (12,7) (13,5) (36,12) (14,2) (35,8) (15,0) (34,6) (16,-3) (33,3) (17,-5) (32,-1) (18,-8) (31,-4) (19,-11) (20,-12) (21,-14) (22,-14) (23,-16) (24,-18) (25,-17) (26,-15) (27,-13) (28,-11) (29,-9) (30,-7) 
(99,2) (75,21) (39,19) (8,14) (7,13) (6,12) (5,11) (3,8) (0,0) (9,14) (10,11) (38,18) (11,9) (37,15) (12,7) (13,5) (36,12) (14,2) (35,8) (15,0) (34,6) (16,-3) (33,3) (17,-5) (32,-1) (18,-8) (31,-4) (19,-11) 
(99,2) (75,21) (39,19) (8,14) (7,13) (6,12) (5,11) (3,8) (0,0) (74,20) (40,19) (43,19) (41,19) (73,18) (44,18) (72,17) (71,17) (70,15) (45,15) (69,12) (46,12) (68,9) (47,10) (67,7) (48,8) (66,2) (49,6) (65,0) (50,3) (51,1) 
(99,2) (75,21) (39,19) (8,14) (7,13) (6,12) (5,11) (3,8) (0,0) (74,20) (40,19) (43,19) (41,19) (73,18) (44,18) (72,17) (71,17) (70,15) (45,15) (69,12) (46,12) (68,9) (47,10) (67,7) (48,8) (66,2) (49,6) (65,0) (50,3) (51,1) (52,-3) (53,-5) (54,-9) (55,-12) (56,-13) (57,-14) (58,-14) (59,-14) (60,-14) (61,-11) (62,-10) (63,-7) (64,-4) 
(99,2) (75,21) (39,19) (8,14) (7,13) (6,12) (5,11) (3,8) (0,0) (98,-1) (76,19) (97,-4) (77,18) (96,-7) (78,16) (95,-10) (80,11) (79,12) (94,-11) (81,7) (93,-13) (82,2) (92,-14) (83,-1) (91,-14) (90,-12) (84,-4) (89,-11) (86,-7) (88,-10) (87,-11) 
TD 13 :
(99,2) (75,21) (39,19) (8,14) (7,13) (6,12) (5,11) (3,8) (0,0) (9,14) (10,11) (38,18) (11,9) (37,15) (12,7) (13,5) (36,12) (14,2) (35,8) (15,0) (34,6) (16,-3) (33,3) (17,-5) (32,-1) (18,-8) (31,-4) (19,-11) (30,-7) (20,-12) (21,-14) (22,-14) (23,-16) (24,-18) (25,-17) (26,-15) (27,-13) (28,-11) (29,-9) 
(99,2) (75,21) (39,19) (8,14) (7,13) (6,12) (5,11) (3,8) (0,0) (9,14) (10,11) (38,18) (11,9) (37,15) (12,7) (13,5) (36,12) (14,2) (35,8) (15,0) (34,6) (16,-3) (33,3) (17,-5) (32,-1) (18,-8) (31,-4) (19,-11) (30,-7) (20,-12) 
(99,2) (75,21) (39,19) (8,14) (7,13) (6,12) (5,11) (3,8) (0,0) (74,20) (40,19) (43,19) (41,19) (73,18) (44,18) (72,17) (71,17) (70,15) (45,15) (69,12) (46,12) (68,9) (47,10) (67,7) (48,8) (66,2) (49,6) (65,0) (50,3) (51,1) (64,-4) (52,-3) 
(99,2) (75,21) (39,19) (8,14) (7,13) (6,12) (5,11) (3,8) (0,0) (74,20) (40,19) (43,19) (41,19) (73,18) (44,18) (72,17) (71,17) (70,15) (45,15) (69,12) (46,12) (68,9) (47,10) (67,7) (48,8) (66,2) (49,6) (65,0) (50,3) (51,1) (64,-4) (52,-3) (53,-5) (54,-9) (55,-12) (56,-13) (57,-14) (58,-14) (59,-14) (60,-14) (61,-11) (62,-10) (63,-7) 
TD 14 :
(99,2) (75,21) (39,19) (8,14) (7,13) (6,12) (5,11) (3,8) (0,0) (9,14) (10,11) (38,18) (11,9) (37,15) (12,7) (13,5) (36,12) (14,2) (35,8) (15,0) (34,6) (16,-3) (33,3) (17,-5) (32,-1) (18,-8) (31,-4) (19,-11) (30,-7) (20,-12) (29,-9) (21,-14) (22,-14) (23,-16) (24,-18) (25,-17) (26,-15) (27,-13) (28,-11) 
(99,2) (75,21) (39,19) (8,14) (7,13) (6,12) (5,11) (3,8) (0,0) (9,14) (10,11) (38,18) (11,9) (37,15) (12,7) (13,5) (36,12) (14,2) (35,8) (15,0) (34,6) (16,-3) (33,3) (17,-5) (32,-1) (18,-8) (31,-4) (19,-11) (30,-7) (20,-12) (29,-9) (21,-14) 
(99,2) (75,21) (39,19) (8,14) (7,13) (6,12) (5,11) (3,8) (0,0) (74,20) (40,19) (43,19) (41,19) (73,18) (44,18) (72,17) (71,17) (70,15) (45,15) (69,12) (46,12) (68,9) (47,10) (67,7) (48,8) (66,2) (49,6) (65,0) (50,3) (51,1) (64,-4) (52,-3) (63,-7) (53,-5) 
(99,2) (75,21) (39,19) (8,14) (7,13) (6,12) (5,11) (3,8) (0,0) (74,20) (40,19) (43,19) (41,19) (73,18) (44,18) (72,17) (71,17) (70,15) (45,15) (69,12) (46,12) (68,9) (47,10) (67,7) (48,8) (66,2) (49,6) (65,0) (50,3) (51,1) (64,-4) (52,-3) (63,-7) (53,-5) (54,-9) (55,-12) (56,-13) (57,-14) (58,-14) (59,-14) (60,-14) (61,-11) (62,-10) 
TD 15 :
(99,2) (75,21) (39,19) (8,14) (7,13) (6,12) (5,11) (3,8) (0,0) (9,14) (10,11) (38,18) (11,9) (37,15) (12,7) (13,5) (36,12) (14,2) (35,8) (15,0) (34,6) (16,-3) (33,3) (17,-5) (32,-1) (18,-8) (31,-4) (19,-11) (30,-7) (20,-12) (29,-9) (21,-14) (28,-11) (22,-14) (23,-16) (24,-18) (25,-17) (26,-15) (27,-13) 
(99,2) (75,21) (39,19) (8,14) (7,13) (6,12) (5,11) (3,8) (0,0) (9,14) (10,11) (38,18) (11,9) (37,15) (12,7) (13,5) (36,12) (14,2) (35,8) (15,0) (34,6) (16,-3) (33,3) (17,-5) (32,-1) (18,-8) (31,-4) (19,-11) (30,-7) (20,-12) (29,-9) (21,-14) (28,-11) (22,-14) 
(99,2) (75,21) (39,19) (8,14) (7,13) (6,12) (5,11) (3,8) (0,0) (74,20) (40,19) (43,19) (41,19) (73,18) (44,18) (72,17) (71,17) (70,15) (45,15) (69,12) (46,12) (68,9) (47,10) (67,7) (48,8) (66,2) (49,6) (65,0) (50,3) (51,1) (64,-4) (52,-3) (63,-7) (53,-5) (62,-10) (54,-9) 
(99,2) (75,21) (39,19) (8,14) (7,13) (6,12) (5,11) (3,8) (0,0) (74,20) (40,19) (43,19) (41,19) (73,18) (44,18) (72,17) (71,17) (70,15) (45,15) (69,12) (46,12) (68,9) (47,10) (67,7) (48,8) (66,2) (49,6) (65,0) (50,3) (51,1) (64,-4) (52,-3) (63,-7) (53,-5) (62,-10) (54,-9) (55,-12) (56,-13) (57,-14) (58,-14) (59,-14) (60,-14) (61,-11) 
TD 16 :
(99,2) (75,21) (39,19) (8,14) (7,13) (6,12) (5,11) (3,8) (0,0) (9,14) (10,11) (38,18) (11,9) (37,15) (12,7) (13,5) (36,12) (14,2) (35,8) (15,0) (34,6) (16,-3) (33,3) (17,-5) (32,-1) (18,-8) (31,-4) (19,-11) (30,-7) (20,-12) (29,-9) (21,-14) (28,-11) (22,-14) (27,-13) (23,-16) (24,-18) (25,-17) (26,-15) 
(99,2) (75,21) (39,19) (8,14) (7,13) (6,12) (5,11) (3,8) (0,0) (9,14) (10,11) (38,18) (11,9) (37,15) (12,7) (13,5) (36,12) (14,2) (35,8) (15,0) (34,6) (16,-3) (33,3) (17,-5) (32,-1) (18,-8) (31,-4) (19,-11) (30,-7) (20,-12) (29,-9) (21,-14) (28,-11) (22,-14) (27,-13) (23,-16) 
(99,2) (75,21) (39,19) (8,14) (7,13) (6,12) (5,11) (3,8) (0,0) (74,20) (40,19) (43,19) (41,19) (73,18) (44,18) (72,17) (71,17) (70,15) (45,15) (69,12) (46,12) (68,9) (47,10) (67,7) (48,8) (66,2) (49,6) (65,0) (50,3) (51,1) (64,-4) (52,-3) (63,-7) (53,-5) (62,-10) (54,-9) (61,-11) (55,-12) (56,-13) (57,-14) (58,-14) (59,-14) (60,-14) 
TD 17 :
(99,2) (75,21) (39,19) (8,14) (7,13) (6,12) (5,11) (3,8) (0,0) (9,14) (10,11) (38,18) (11,9) (37,15) (12,7) (13,5) (36,12) (14,2) (35,8) (15,0) (34,6) (16,-3) (33,3) (17,-5) (32,-1) (18,-8) (31,-4) (19,-11) (30,-7) (20,-12) (29,-9) (21,-14) (28,-11) (22,-14) (27,-13) (23,-16) (26,-15) (24,-18) (25,-17) 
(99,2) (75,21) (39,19) (8,14) (7,13) (6,12) (5,11) (3,8) (0,0) (9,14) (10,11) (38,18) (11,9) (37,15) (12,7) (13,5) (36,12) (14,2) (35,8) (15,0) (34,6) (16,-3) (33,3) (17,-5) (32,-1) (18,-8) (31,-4) (19,-11) (30,-7) (20,-12) (29,-9) (21,-14) (28,-11) (22,-14) (27,-13) (23,-16) (26,-15) (24,-18) 
(99,2) (75,21) (39,19) (8,14) (7,13) (6,12) (5,11) (3,8) (0,0) (74,20) (40,19) (43,19) (41,19) (73,18) (44,18) (72,17) (71,17) (70,15) (45,15) (69,12) (46,12) (68,9) (47,10) (67,7) (48,8) (66,2) (49,6) (65,0) (50,3) (51,1) (64,-4) (52,-3) (63,-7) (53,-5) (62,-10) (54,-9) (61,-11) (60,-14) (55,-12) 
(99,2) (75,21) (39,19) (8,14) (7,13) (6,12) (5,11) (3,8) (0,0) (74,20) (40,19) (43,19) (41,19) (73,18) (44,18) (72,17) (71,17) (70,15) (45,15) (69,12) (46,12) (68,9) (47,10) (67,7) (48,8) (66,2) (49,6) (65,0) (50,3) (51,1) (64,-4) (52,-3) (63,-7) (53,-5) (62,-10) (54,-9) (61,-11) (60,-14) (55,-12) (56,-13) (57,-14) (58,-14) (59,-14) 
TD 18 :
(99,2) (75,21) (39,19) (8,14) (7,13) (6,12) (5,11) (3,8) (0,0) (9,14) (10,11) (38,18) (11,9) (37,15) (12,7) (13,5) (36,12) (14,2) (35,8) (15,0) (34,6) (16,-3) (33,3) (17,-5) (32,-1) (18,-8) (31,-4) (19,-11) (30,-7) (20,-12) (29,-9) (21,-14) (28,-11) (22,-14) (27,-13) (23,-16) (26,-15) (24,-18) (25,-17) 
(99,2) (75,21) (39,19) (8,14) (7,13) (6,12) (5,11) (3,8) (0,0) (74,20) (40,19) (43,19) (41,19) (73,18) (44,18) (72,17) (71,17) (70,15) (45,15) (69,12) (46,12) (68,9) (47,10) (67,7) (48,8) (66,2) (49,6) (65,0) (50,3) (51,1) (64,-4) (52,-3) (63,-7) (53,-5) (62,-10) (54,-9) (61,-11) (60,-14) (55,-12) (59,-14) (56,-13) 
(99,2) (75,21) (39,19) (8,14) (7,13) (6,12) (5,11) (3,8) (0,0) (74,20) (40,19) (43,19) (41,19) (73,18) (44,18) (72,17) (71,17) (70,15) (45,15) (69,12) (46,12) (68,9) (47,10) (67,7) (48,8) (66,2) (49,6) (65,0) (50,3) (51,1) (64,-4) (52,-3) (63,-7) (53,-5) (62,-10) (54,-9) (61,-11) (60,-14) (55,-12) (59,-14) (56,-13) (57,-14) (58,-14) 
Pocket 0 :
()
Pocket 1 :
({  (0,0) ,(1,1) } {  (2,5) ,(3,8) } {  (0,0) ,(1,1) } {  (2,5) ,(3,8) } {  (0,0) ,(1,1) } {  (2,5) ,(3,8) } {  (0,0) ,(1,1) } {  (2,5) ,(3,8) } {  (0,0) ,(1,1) } {  (2,5) ,(3,8) } {  (0,0) ,(1,1) } {  (2,5) ,(3,8) } {  (0,0) ,(1,1) } {  (2,5) ,(3,8) } {  (0,0) ,(1,1) } {  (2,5) ,(3,8) } )
Pocket 2 :
({  (1,1) ,(0,0) } {  (99,2) ,(2,5) } {  (1,1) ,(0,0) } {  (99,2) ,(2,5) } {  (99,2) ,(4,9) } {  (99,2) ,(4,9) } {  (10,11) ,(9,14) } {  (10,11) ,(9,14) } {  (41,19) ,(40,19) } {  (41,19) ,(40,19) } {  (41,19) ,(40,19) } {  (77,18) ,(76,19) } {  (77,18) ,(76,19) } )
Pocket 3 :
({  (10,11) ,(9,14) } {  (42,18) ,(41,19) } {  (42,18) ,(41,19) } {  (42,18) ,(41,19) } {  (78,16) ,(77,18) } {  (78,16) ,(77,18) } )
Pocket 4 :
({  (11,9) ,(10,11) } {  (99,2) ,(38,18) } {  (11,9) ,(10,11) } {  (99,2) ,(38,18) } {  (99,2) ,(42,18) } {  (99,2) ,(42,18) } {  (45,15) ,(44,18) } {  (45,15) ,(44,18) } {  (45,15) ,(44,18) } {  (79,12) ,(78,16) } {  (79,12) ,(78,16) } )
Pocket 5 :
({  (12,7) ,(11,9) } {  (99,2) ,(37,15) } {  (12,7) ,(11,9) } {  (99,2) ,(37,15) } {  (72,17) ,(71,17) } {  (72,17) ,(71,17) } {  (72,17) ,(71,17) } {  (80,11) ,(79,12) } {  (80,11) ,(79,12) } {  (80,11) ,(79,12) } )
Pocket 6 :
({  (13,5) ,(12,7) } {  (46,12) ,(45,15) } {  (46,12) ,(45,15) } {  (46,12) ,(45,15) } {  (82,2) ,(81,7) } {  (82,2) ,(81,7) } )
Pocket 7 :
({  (14,2) ,(13,5) } {  (99,2) ,(36,12) } {  (14,2) ,(13,5) } {  (99,2) ,(36,12) } {  (47,10) ,(46,12) } {  (47,10) ,(46,12) } {  (47,10) ,(46,12) } {  (83,-1) ,(82,2) } {  (83,-1) ,(82,2) } )
Pocket 8 :
({  (15,0) ,(14,2) } {  (99,2) ,(35,8) } {  (15,0) ,(14,2) } {  (99,2) ,(35,8) } {  (48,8) ,(47,10) } {  (48,8) ,(47,10) } {  (48,8) ,(47,10) } {  (84,-4) ,(83,-1) } {  (84,-4) ,(83,-1) } )
Pocket 9 :
({  (16,-3) ,(15,0) } {  (99,2) ,(34,6) } {  (16,-3) ,(15,0) } {  (99,2) ,(34,6) } {  (49,6) ,(48,8) } {  (49,6) ,(48,8) } {  (49,6) ,(48,8) } {  (85,-7) ,(84,-4) } {  (85,-7) ,(84,-4) } {  (85,-7) ,(84,-4) } )
Pocket 10 :
({  (17,-5) ,(16,-3) } {  (99,2) ,(33,3) } {  (17,-5) ,(16,-3) } {  (99,2) ,(33,3) } {  (50,3) ,(49,6) } {  (50,3) ,(49,6) } {  (50,3) ,(49,6) } {  (87,-11) ,(86,-7) } {  (87,-11) ,(86,-7) } )
Pocket 11 :
({  (18,-8) ,(17,-5) } {  (99,2) ,(32,-1) } {  (18,-8) ,(17,-5) } {  (99,2) ,(32,-1) } {  (51,1) ,(50,3) } {  (51,1) ,(50,3) } {  (51,1) ,(50,3) } {  (99,2) ,(85,-7) } {  (99,2) ,(85,-7) } {  (99,2) ,(88,-10) } )
Pocket 12 :
({  (19,-11) ,(18,-8) } {  (99,2) ,(31,-4) } {  (19,-11) ,(18,-8) } {  (99,2) ,(31,-4) } {  (52,-3) ,(51,1) } {  (52,-3) ,(51,1) } {  (99,2) ,(87,-11) } )
Pocket 13 :
({  (20,-12) ,(19,-11) } {  (99,2) ,(30,-7) } {  (20,-12) ,(19,-11) } {  (99,2) ,(30,-7) } {  (53,-5) ,(52,-3) } {  (53,-5) ,(52,-3) } )
Pocket 14 :
({  (21,-14) ,(20,-12) } {  (99,2) ,(29,-9) } {  (21,-14) ,(20,-12) } {  (99,2) ,(29,-9) } {  (54,-9) ,(53,-5) } {  (54,-9) ,(53,-5) } )
Pocket 15 :
({  (22,-14) ,(21,-14) } {  (99,2) ,(28,-11) } {  (22,-14) ,(21,-14) } {  (99,2) ,(28,-11) } {  (55,-12) ,(54,-9) } {  (55,-12) ,(54,-9) } )
Pocket 16 :
({  (23,-16) ,(22,-14) } {  (99,2) ,(27,-13) } {  (23,-16) ,(22,-14) } {  (99,2) ,(27,-13) } {  (99,2) ,(61,-11) } )
Pocket 17 :
({  (24,-18) ,(23,-16) } {  (99,2) ,(26,-15) } {  (24,-18) ,(23,-16) } {  (99,2) ,(26,-15) } {  (56,-13) ,(55,-12) } {  (56,-13) ,(55,-12) } )
