18 layers in onion peeling: 
Layer 1
(99,0) (75,19) (72,20) (8,19) (7,18) (6,17) (5,16) (4,14) (3,11) (2,8) (1,5) (0,1) 
Layer 2
(98,-3) (76,18) (74,19) (73,19) (9,19) 
Layer 3
(97,-7) (77,17) (71,18) (10,18) 
Layer 4
(96,-11) (78,15) (11,16) 
Layer 5
(95,-12) (79,12) (70,14) (12,15) 
Layer 6
(94,-15) (80,8) (69,11) (41,12) (40,12) (39,12) (13,12) 
Layer 7
(93,-16) (81,5) (68,8) (43,11) (42,11) (14,9) 
Layer 8
(92,-18) (82,1) (67,6) (44,9) (38,9) (15,5) 
Layer 9
(91,-18) (83,-1) (45,8) (37,8) (16,1) 
Layer 10
(90,-17) (84,-4) (66,2) (46,5) (36,4) (17,-2) 
Layer 11
(89,-17) (88,-15) (87,-13) (86,-11) (85,-9) (65,1) (47,3) (35,1) (18,-6) 
Layer 12
(64,-3) (48,2) (34,-1) (19,-8) 
Layer 13
(63,-7) (49,-1) (33,-4) (20,-11) 
Layer 14
(62,-10) (50,-4) (32,-8) (21,-13) 
Layer 15
(61,-11) (51,-6) (31,-11) (22,-15) 
Layer 16
(60,-13) (52,-7) (30,-14) (23,-17) 
Layer 17
(59,-14) (53,-10) (29,-16) (24,-18) 
Layer 18
(58,-17) (57,-15) (56,-14) (55,-13) (54,-12) (28,-19) (25,-20) 
---------------------------------------------------------------------------------------
TD 0 :
(99,0) (98,-3) (97,-7) (96,-11) (95,-12) (94,-15) (93,-16) (92,-18) (91,-18) (90,-17) (89,-17) (88,-15) (87,-13) (86,-11) (85,-9) (84,-4) (83,-1) (82,1) (81,5) (80,8) (79,12) (78,15) (77,17) (76,18) (75,19) (74,19) (73,19) (72,20) (71,18) (70,14) (69,11) (68,8) (67,6) (66,2) (65,1) (64,-3) (63,-7) (62,-10) (61,-11) (60,-13) (59,-14) (58,-17) (57,-15) (56,-14) (55,-13) (54,-12) (53,-10) (52,-7) (51,-6) (50,-4) (49,-1) (48,2) (47,3) (46,5) (45,8) (44,9) (43,11) (42,11) (41,12) (40,12) (39,12) (38,9) (37,8) (36,4) (35,1) (34,-1) (33,-4) (32,-8) (31,-11) (30,-14) (29,-16) (28,-19) (27,-20) (26,-21) (25,-20) (24,-18) (23,-17) (22,-15) (21,-13) (20,-11) (19,-8) (18,-6) (17,-2) (16,1) (15,5) (14,9) (13,12) (12,15) (11,16) (10,18) (9,19) (8,19) (7,18) (6,17) (5,16) (4,14) (3,11) (2,8) (1,5) (0,1) 
TD 1 :
(99,0) (75,19) (72,20) (8,19) (7,18) (6,17) (5,16) (4,14) (3,11) (2,8) (1,5) (0,1) 
(99,0) (75,19) (72,20) (8,19) (7,18) (6,17) (5,16) (4,14) (3,11) (2,8) (1,5) (0,1) 
(99,0) (75,19) (72,20) (8,19) (7,18) (6,17) (5,16) (4,14) (3,11) (2,8) (1,5) (0,1) 
(99,0) (75,19) (72,20) (8,19) (7,18) (6,17) (5,16) (4,14) (3,11) (2,8) (1,5) (0,1) 
(99,0) (75,19) (72,20) (8,19) (7,18) (6,17) (5,16) (4,14) (3,11) (2,8) (1,5) (0,1) 
(99,0) (75,19) (72,20) (8,19) (7,18) (6,17) (5,16) (4,14) (3,11) (2,8) (1,5) (0,1) 
(99,0) (75,19) (72,20) (8,19) (7,18) (6,17) (5,16) (4,14) (3,11) (2,8) (1,5) (0,1) 
(99,0) (75,19) (72,20) (8,19) (7,18) (6,17) (5,16) (4,14) (3,11) (2,8) (1,5) (0,1) 
(99,0) (75,19) (72,20) (8,19) (7,18) (6,17) (5,16) (4,14) (3,11) (2,8) (1,5) (0,1) (9,19) (10,18) (11,16) (12,15) (13,12) (14,9) (15,5) (16,1) (17,-2) (18,-6) (19,-8) (20,-11) (21,-13) (22,-15) (23,-17) (24,-18) (25,-20) (26,-21) (27,-20) (28,-19) (29,-16) (30,-14) (31,-11) (32,-8) (33,-4) (34,-1) (35,1) (36,4) (37,8) (38,9) (39,12) (40,12) (41,12) (42,11) (43,11) (44,9) (45,8) (46,5) (47,3) (48,2) (49,-1) (50,-4) (51,-6) (52,-7) (53,-10) (54,-12) (55,-13) (56,-14) (57,-15) (58,-17) (59,-14) (60,-13) (61,-11) (62,-10) (63,-7) (64,-3) (65,1) (66,2) (67,6) (68,8) (69,11) (70,14) (71,18) 
(99,0) (75,19) (72,20) (8,19) (7,18) (6,17) (5,16) (4,14) (3,11) (2,8) (1,5) (0,1) (73,19) (74,19) 
(99,0) (75,19) (72,20) (8,19) (7,18) (6,17) (5,16) (4,14) (3,11) (2,8) (1,5) (0,1) (76,18) (77,17) (78,15) (79,12) (80,8) (81,5) (82,1) (83,-1) (84,-4) (85,-9) (86,-11) (87,-13) (88,-15) (89,-17) (90,-17) (91,-18) (92,-18) (93,-16) (94,-15) (95,-12) (96,-11) (97,-7) (98,-3) 
TD 2 :
(99,0) (75,19) (72,20) (8,19) (7,18) (6,17) (5,16) (4,14) (3,11) (2,8) (1,5) (0,1) (9,19) (10,18) (11,16) (12,15) (13,12) (14,9) (15,5) (16,1) (17,-2) (18,-6) (19,-8) (20,-11) (21,-13) (22,-15) (23,-17) (24,-18) (25,-20) (26,-21) (27,-20) (28,-19) (29,-16) (30,-14) (31,-11) (32,-8) (33,-4) (34,-1) (35,1) (36,4) (37,8) (38,9) (39,12) (40,12) (41,12) (42,11) (43,11) (44,9) (45,8) (46,5) (47,3) (48,2) (49,-1) (50,-4) (51,-6) (52,-7) (53,-10) (54,-12) (55,-13) (56,-14) (57,-15) (58,-17) (59,-14) (60,-13) (61,-11) (62,-10) (63,-7) (64,-3) (65,1) (66,2) (67,6) (68,8) (69,11) (70,14) (71,18) 
(99,0) (75,19) (72,20) (8,19) (7,18) (6,17) (5,16) (4,14) (3,11) (2,8) (1,5) (0,1) (74,19) (73,19) 
(99,0) (75,19) (72,20) (8,19) (7,18) (6,17) (5,16) (4,14) (3,11) (2,8) (1,5) (0,1) (74,19) (73,19) 
(99,0) (75,19) (72,20) (8,19) (7,18) (6,17) (5,16) (4,14) (3,11) (2,8) (1,5) (0,1) (74,19) (73,19) 
(99,0) (75,19) (72,20) (8,19) (7,18) (6,17) (5,16) (4,14) (3,11) (2,8) (1,5) (0,1) (98,-3) (76,18) 
(99,0) (75,19) (72,20) (8,19) (7,18) (6,17) (5,16) (4,14) (3,11) (2,8) (1,5) (0,1) (98,-3) (76,18) (77,17) (78,15) (79,12) (80,8) (81,5) (82,1) (83,-1) (84,-4) (85,-9) (86,-11) (87,-13) (88,-15) (89,-17) (90,-17) (91,-18) (92,-18) (93,-16) (94,-15) (95,-12) (96,-11) (97,-7) 
TD 3 :
(99,0) (75,19) (72,20) (8,19) (7,18) (6,17) (5,16) (4,14) (3,11) (2,8) (1,5) (0,1) (9,19) (71,18) (10,18) (11,16) (12,15) (13,12) (14,9) (15,5) (16,1) (17,-2) (18,-6) (19,-8) (20,-11) (21,-13) (22,-15) (23,-17) (24,-18) (25,-20) (26,-21) (27,-20) (28,-19) (29,-16) (30,-14) (31,-11) (32,-8) (33,-4) (34,-1) (35,1) (36,4) (37,8) (38,9) (39,12) (40,12) (41,12) (42,11) (43,11) (44,9) (45,8) (46,5) (47,3) (48,2) (49,-1) (50,-4) (51,-6) (52,-7) (53,-10) (54,-12) (55,-13) (56,-14) (57,-15) (58,-17) (59,-14) (60,-13) (61,-11) (62,-10) (63,-7) (64,-3) (65,1) (66,2) (67,6) (68,8) (69,11) (70,14) 
(99,0) (75,19) (72,20) (8,19) (7,18) (6,17) (5,16) (4,14) (3,11) (2,8) (1,5) (0,1) (9,19) (71,18) (10,18) 
(99,0) (75,19) (72,20) (8,19) (7,18) (6,17) (5,16) (4,14) (3,11) (2,8) (1,5) (0,1) (98,-3) (76,18) (97,-7) (77,17) 
(99,0) (75,19) (72,20) (8,19) (7,18) (6,17) (5,16) (4,14) (3,11) (2,8) (1,5) (0,1) (98,-3) (76,18) (97,-7) (77,17) (78,15) (79,12) (80,8) (81,5) (82,1) (83,-1) (84,-4) (85,-9) (86,-11) (87,-13) (88,-15) (89,-17) (90,-17) (91,-18) (92,-18) (93,-16) (94,-15) (95,-12) (96,-11) 
TD 4 :
(99,0) (75,19) (72,20) (8,19) (7,18) (6,17) (5,16) (4,14) (3,11) (2,8) (1,5) (0,1) (9,19) (71,18) (10,18) (11,16) (12,15) (13,12) (14,9) (15,5) (16,1) (17,-2) (18,-6) (19,-8) (20,-11) (21,-13) (22,-15) (23,-17) (24,-18) (25,-20) (26,-21) (27,-20) (28,-19) (29,-16) (30,-14) (31,-11) (32,-8) (33,-4) (34,-1) (35,1) (36,4) (37,8) (38,9) (39,12) (40,12) (41,12) (42,11) (43,11) (44,9) (45,8) (46,5) (47,3) (48,2) (49,-1) (50,-4) (51,-6) (52,-7) (53,-10) (54,-12) (55,-13) (56,-14) (57,-15) (58,-17) (59,-14) (60,-13) (61,-11) (62,-10) (63,-7) (64,-3) (65,1) (66,2) (67,6) (68,8) (69,11) (70,14) 
(99,0) (75,19) (72,20) (8,19) (7,18) (6,17) (5,16) (4,14) (3,11) (2,8) (1,5) (0,1) (98,-3) (76,18) (97,-7) (77,17) (96,-11) (78,15) 
(99,0) (75,19) (72,20) (8,19) (7,18) (6,17) (5,16) (4,14) (3,11) (2,8) (1,5) (0,1) (98,-3) (76,18) (97,-7) (77,17) (96,-11) (78,15) (79,12) (80,8) (81,5) (82,1) (83,-1) (84,-4) (85,-9) (86,-11) (87,-13) (88,-15) (89,-17) (90,-17) (91,-18) (92,-18) (93,-16) (94,-15) (95,-12) 
TD 5 :
(99,0) (75,19) (72,20) (8,19) (7,18) (6,17) (5,16) (4,14) (3,11) (2,8) (1,5) (0,1) (9,19) (71,18) (10,18) (11,16) (70,14) (12,15) (13,12) (14,9) (15,5) (16,1) (17,-2) (18,-6) (19,-8) (20,-11) (21,-13) (22,-15) (23,-17) (24,-18) (25,-20) (26,-21) (27,-20) (28,-19) (29,-16) (30,-14) (31,-11) (32,-8) (33,-4) (34,-1) (35,1) (36,4) (37,8) (38,9) (39,12) (40,12) (41,12) (42,11) (43,11) (44,9) (45,8) (46,5) (47,3) (48,2) (49,-1) (50,-4) (51,-6) (52,-7) (53,-10) (54,-12) (55,-13) (56,-14) (57,-15) (58,-17) (59,-14) (60,-13) (61,-11) (62,-10) (63,-7) (64,-3) (65,1) (66,2) (67,6) (68,8) (69,11) 
(99,0) (75,19) (72,20) (8,19) (7,18) (6,17) (5,16) (4,14) (3,11) (2,8) (1,5) (0,1) (9,19) (71,18) (10,18) (11,16) (70,14) (12,15) 
(99,0) (75,19) (72,20) (8,19) (7,18) (6,17) (5,16) (4,14) (3,11) (2,8) (1,5) (0,1) (98,-3) (76,18) (97,-7) (77,17) (96,-11) (78,15) (95,-12) (79,12) 
(99,0) (75,19) (72,20) (8,19) (7,18) (6,17) (5,16) (4,14) (3,11) (2,8) (1,5) (0,1) (98,-3) (76,18) (97,-7) (77,17) (96,-11) (78,15) (95,-12) (79,12) (80,8) (81,5) (82,1) (83,-1) (84,-4) (85,-9) (86,-11) (87,-13) (88,-15) (89,-17) (90,-17) (91,-18) (92,-18) (93,-16) (94,-15) 
TD 6 :
(99,0) (75,19) (72,20) (8,19) (7,18) (6,17) (5,16) (4,14) (3,11) (2,8) (1,5) (0,1) (9,19) (71,18) (10,18) (11,16) (70,14) (12,15) (69,11) (41,12) (40,12) (39,12) (13,12) (14,9) (15,5) (16,1) (17,-2) (18,-6) (19,-8) (20,-11) (21,-13) (22,-15) (23,-17) (24,-18) (25,-20) (26,-21) (27,-20) (28,-19) (29,-16) (30,-14) (31,-11) (32,-8) (33,-4) (34,-1) (35,1) (36,4) (37,8) (38,9) 
(99,0) (75,19) (72,20) (8,19) (7,18) (6,17) (5,16) (4,14) (3,11) (2,8) (1,5) (0,1) (9,19) (71,18) (10,18) (11,16) (70,14) (12,15) (69,11) (41,12) (40,12) (39,12) (13,12) 
(99,0) (75,19) (72,20) (8,19) (7,18) (6,17) (5,16) (4,14) (3,11) (2,8) (1,5) (0,1) (9,19) (71,18) (10,18) (11,16) (70,14) (12,15) (69,11) (41,12) (40,12) (39,12) (13,12) 
(99,0) (75,19) (72,20) (8,19) (7,18) (6,17) (5,16) (4,14) (3,11) (2,8) (1,5) (0,1) (9,19) (71,18) (10,18) (11,16) (70,14) (12,15) (69,11) (41,12) (40,12) (39,12) (13,12) (42,11) (43,11) (44,9) (45,8) (46,5) (47,3) (48,2) (49,-1) (50,-4) (51,-6) (52,-7) (53,-10) (54,-12) (55,-13) (56,-14) (57,-15) (58,-17) (59,-14) (60,-13) (61,-11) (62,-10) (63,-7) (64,-3) (65,1) (66,2) (67,6) (68,8) 
(99,0) (75,19) (72,20) (8,19) (7,18) (6,17) (5,16) (4,14) (3,11) (2,8) (1,5) (0,1) (9,19) (71,18) (10,18) (11,16) (70,14) (12,15) (69,11) (41,12) (40,12) (39,12) (13,12) 
(99,0) (75,19) (72,20) (8,19) (7,18) (6,17) (5,16) (4,14) (3,11) (2,8) (1,5) (0,1) (98,-3) (76,18) (97,-7) (77,17) (96,-11) (78,15) (95,-12) (79,12) (94,-15) (80,8) 
(99,0) (75,19) (72,20) (8,19) (7,18) (6,17) (5,16) (4,14) (3,11) (2,8) (1,5) (0,1) (98,-3) (76,18) (97,-7) (77,17) (96,-11) (78,15) (95,-12) (79,12) (94,-15) (80,8) (81,5) (82,1) (83,-1) (84,-4) (85,-9) (86,-11) (87,-13) (88,-15) (89,-17) (90,-17) (91,-18) (92,-18) (93,-16) 
TD 7 :
(99,0) (75,19) (72,20) (8,19) (7,18) (6,17) (5,16) (4,14) (3,11) (2,8) (1,5) (0,1) (9,19) (71,18) (10,18) (11,16) (70,14) (12,15) (69,11) (41,12) (40,12) (39,12) (13,12) (14,9) (15,5) (16,1) (17,-2) (18,-6) (19,-8) (20,-11) (21,-13) (22,-15) (23,-17) (24,-18) (25,-20) (26,-21) (27,-20) (28,-19) (29,-16) (30,-14) (31,-11) (32,-8) (33,-4) (34,-1) (35,1) (36,4) (37,8) (38,9) 
(99,0) (75,19) (72,20) (8,19) (7,18) (6,17) (5,16) (4,14) (3,11) (2,8) (1,5) (0,1) (9,19) (71,18) (10,18) (11,16) (70,14) (12,15) (69,11) (41,12) (40,12) (39,12) (13,12) (68,8) (43,11) (42,11) 
(99,0) (75,19) (72,20) (8,19) (7,18) (6,17) (5,16) (4,14) (3,11) (2,8) (1,5) (0,1) (9,19) (71,18) (10,18) (11,16) (70,14) (12,15) (69,11) (41,12) (40,12) (39,12) (13,12) (68,8) (43,11) (42,11) 
(99,0) (75,19) (72,20) (8,19) (7,18) (6,17) (5,16) (4,14) (3,11) (2,8) (1,5) (0,1) (9,19) (71,18) (10,18) (11,16) (70,14) (12,15) (69,11) (41,12) (40,12) (39,12) (13,12) (68,8) (43,11) (42,11) (44,9) (45,8) (46,5) (47,3) (48,2) (49,-1) (50,-4) (51,-6) (52,-7) (53,-10) (54,-12) (55,-13) (56,-14) (57,-15) (58,-17) (59,-14) (60,-13) (61,-11) (62,-10) (63,-7) (64,-3) (65,1) (66,2) (67,6) 
(99,0) (75,19) (72,20) (8,19) (7,18) (6,17) (5,16) (4,14) (3,11) (2,8) (1,5) (0,1) (9,19) (71,18) (10,18) (11,16) (70,14) (12,15) (69,11) (41,12) (40,12) (39,12) (13,12) (68,8) (43,11) (42,11) 
(99,0) (75,19) (72,20) (8,19) (7,18) (6,17) (5,16) (4,14) (3,11) (2,8) (1,5) (0,1) (98,-3) (76,18) (97,-7) (77,17) (96,-11) (78,15) (95,-12) (79,12) (94,-15) (80,8) (93,-16) (81,5) 
(99,0) (75,19) (72,20) (8,19) (7,18) (6,17) (5,16) (4,14) (3,11) (2,8) (1,5) (0,1) (98,-3) (76,18) (97,-7) (77,17) (96,-11) (78,15) (95,-12) (79,12) (94,-15) (80,8) (93,-16) (81,5) (82,1) (83,-1) (84,-4) (85,-9) (86,-11) (87,-13) (88,-15) (89,-17) (90,-17) (91,-18) (92,-18) 
TD 8 :
(99,0) (75,19) (72,20) (8,19) (7,18) (6,17) (5,16) (4,14) (3,11) (2,8) (1,5) (0,1) (9,19) (71,18) (10,18) (11,16) (70,14) (12,15) (69,11) (41,12) (40,12) (39,12) (13,12) (14,9) (38,9) (15,5) (16,1) (17,-2) (18,-6) (19,-8) (20,-11) (21,-13) (22,-15) (23,-17) (24,-18) (25,-20) (26,-21) (27,-20) (28,-19) (29,-16) (30,-14) (31,-11) (32,-8) (33,-4) (34,-1) (35,1) (36,4) (37,8) 
(99,0) (75,19) (72,20) (8,19) (7,18) (6,17) (5,16) (4,14) (3,11) (2,8) (1,5) (0,1) (9,19) (71,18) (10,18) (11,16) (70,14) (12,15) (69,11) (41,12) (40,12) (39,12) (13,12) (14,9) (38,9) (15,5) 
(99,0) (75,19) (72,20) (8,19) (7,18) (6,17) (5,16) (4,14) (3,11) (2,8) (1,5) (0,1) (9,19) (71,18) (10,18) (11,16) (70,14) (12,15) (69,11) (41,12) (40,12) (39,12) (13,12) (68,8) (43,11) (42,11) (67,6) (44,9) 
(99,0) (75,19) (72,20) (8,19) (7,18) (6,17) (5,16) (4,14) (3,11) (2,8) (1,5) (0,1) (9,19) (71,18) (10,18) (11,16) (70,14) (12,15) (69,11) (41,12) (40,12) (39,12) (13,12) (68,8) (43,11) (42,11) (67,6) (44,9) (45,8) (46,5) (47,3) (48,2) (49,-1) (50,-4) (51,-6) (52,-7) (53,-10) (54,-12) (55,-13) (56,-14) (57,-15) (58,-17) (59,-14) (60,-13) (61,-11) (62,-10) (63,-7) (64,-3) (65,1) (66,2) 
(99,0) (75,19) (72,20) (8,19) (7,18) (6,17) (5,16) (4,14) (3,11) (2,8) (1,5) (0,1) (9,19) (71,18) (10,18) (11,16) (70,14) (12,15) (69,11) (41,12) (40,12) (39,12) (13,12) (68,8) (43,11) (42,11) (67,6) (44,9) 
(99,0) (75,19) (72,20) (8,19) (7,18) (6,17) (5,16) (4,14) (3,11) (2,8) (1,5) (0,1) (98,-3) (76,18) (97,-7) (77,17) (96,-11) (78,15) (95,-12) (79,12) (94,-15) (80,8) (93,-16) (81,5) (92,-18) (82,1) 
(99,0) (75,19) (72,20) (8,19) (7,18) (6,17) (5,16) (4,14) (3,11) (2,8) (1,5) (0,1) (98,-3) (76,18) (97,-7) (77,17) (96,-11) (78,15) (95,-12) (79,12) (94,-15) (80,8) (93,-16) (81,5) (92,-18) (82,1) (83,-1) (84,-4) (85,-9) (86,-11) (87,-13) (88,-15) (89,-17) (90,-17) (91,-18) 
TD 9 :
(99,0) (75,19) (72,20) (8,19) (7,18) (6,17) (5,16) (4,14) (3,11) (2,8) (1,5) (0,1) (9,19) (71,18) (10,18) (11,16) (70,14) (12,15) (69,11) (41,12) (40,12) (39,12) (13,12) (14,9) (38,9) (15,5) (37,8) (16,1) (17,-2) (18,-6) (19,-8) (20,-11) (21,-13) (22,-15) (23,-17) (24,-18) (25,-20) (26,-21) (27,-20) (28,-19) (29,-16) (30,-14) (31,-11) (32,-8) (33,-4) (34,-1) (35,1) (36,4) 
(99,0) (75,19) (72,20) (8,19) (7,18) (6,17) (5,16) (4,14) (3,11) (2,8) (1,5) (0,1) (9,19) (71,18) (10,18) (11,16) (70,14) (12,15) (69,11) (41,12) (40,12) (39,12) (13,12) (14,9) (38,9) (15,5) (37,8) (16,1) 
(99,0) (75,19) (72,20) (8,19) (7,18) (6,17) (5,16) (4,14) (3,11) (2,8) (1,5) (0,1) (9,19) (71,18) (10,18) (11,16) (70,14) (12,15) (69,11) (41,12) (40,12) (39,12) (13,12) (68,8) (43,11) (42,11) (67,6) (44,9) (45,8) 
(99,0) (75,19) (72,20) (8,19) (7,18) (6,17) (5,16) (4,14) (3,11) (2,8) (1,5) (0,1) (9,19) (71,18) (10,18) (11,16) (70,14) (12,15) (69,11) (41,12) (40,12) (39,12) (13,12) (68,8) (43,11) (42,11) (67,6) (44,9) (45,8) (46,5) (47,3) (48,2) (49,-1) (50,-4) (51,-6) (52,-7) (53,-10) (54,-12) (55,-13) (56,-14) (57,-15) (58,-17) (59,-14) (60,-13) (61,-11) (62,-10) (63,-7) (64,-3) (65,1) (66,2) 
(99,0) (75,19) (72,20) (8,19) (7,18) (6,17) (5,16) (4,14) (3,11) (2,8) (1,5) (0,1) (98,-3) (76,18) (97,-7) (77,17) (96,-11) (78,15) (95,-12) (79,12) (94,-15) (80,8) (93,-16) (81,5) (92,-18) (82,1) (91,-18) (83,-1) 
(99,0) (75,19) (72,20) (8,19) (7,18) (6,17) (5,16) (4,14) (3,11) (2,8) (1,5) (0,1) (98,-3) (76,18) (97,-7) (77,17) (96,-11) (78,15) (95,-12) (79,12) (94,-15) (80,8) (93,-16) (81,5) (92,-18) (82,1) (91,-18) (83,-1) (84,-4) (85,-9) (86,-11) (87,-13) (88,-15) (89,-17) (90,-17) 
TD 10 :
(99,0) (75,19) (72,20) (8,19) (7,18) (6,17) (5,16) (4,14) (3,11) (2,8) (1,5) (0,1) (9,19) (71,18) (10,18) (11,16) (70,14) (12,15) (69,11) (41,12) (40,12) (39,12) (13,12) (14,9) (38,9) (15,5) (37,8) (16,1) (36,4) (17,-2) (18,-6) (19,-8) (20,-11) (21,-13) (22,-15) (23,-17) (24,-18) (25,-20) (26,-21) (27,-20) (28,-19) (29,-16) (30,-14) (31,-11) (32,-8) (33,-4) (34,-1) (35,1) 
(99,0) (75,19) (72,20) (8,19) (7,18) (6,17) (5,16) (4,14) (3,11) (2,8) (1,5) (0,1) (9,19) (71,18) (10,18) (11,16) (70,14) (12,15) (69,11) (41,12) (40,12) (39,12) (13,12) (14,9) (38,9) (15,5) (37,8) (16,1) (36,4) (17,-2) 
(99,0) (75,19) (72,20) (8,19) (7,18) (6,17) (5,16) (4,14) (3,11) (2,8) (1,5) (0,1) (9,19) (71,18) (10,18) (11,16) (70,14) (12,15) (69,11) (41,12) (40,12) (39,12) (13,12) (68,8) (43,11) (42,11) (67,6) (44,9) (45,8) (66,2) (46,5) 
(99,0) (75,19) (72,20) (8,19) (7,18) (6,17) (5,16) (4,14) (3,11) (2,8) (1,5) (0,1) (9,19) (71,18) (10,18) (11,16) (70,14) (12,15) (69,11) (41,12) (40,12) (39,12) (13,12) (68,8) (43,11) (42,11) (67,6) (44,9) (45,8) (66,2) (46,5) (47,3) (48,2) (49,-1) (50,-4) (51,-6) (52,-7) (53,-10) (54,-12) (55,-13) (56,-14) (57,-15) (58,-17) (59,-14) (60,-13) (61,-11) (62,-10) (63,-7) (64,-3) (65,1) 
(99,0) (75,19) (72,20) (8,19) (7,18) (6,17) (5,16) (4,14) (3,11) (2,8) (1,5) (0,1) (9,19) (71,18) (10,18) (11,16) (70,14) (12,15) (69,11) (41,12) (40,12) (39,12) (13,12) (68,8) (43,11) (42,11) (67,6) (44,9) (45,8) (66,2) (46,5) 
(99,0) (75,19) (72,20) (8,19) (7,18) (6,17) (5,16) (4,14) (3,11) (2,8) (1,5) (0,1) (98,-3) (76,18) (97,-7) (77,17) (96,-11) (78,15) (95,-12) (79,12) (94,-15) (80,8) (93,-16) (81,5) (92,-18) (82,1) (91,-18) (83,-1) (90,-17) (84,-4) 
(99,0) (75,19) (72,20) (8,19) (7,18) (6,17) (5,16) (4,14) (3,11) (2,8) (1,5) (0,1) (98,-3) (76,18) (97,-7) (77,17) (96,-11) (78,15) (95,-12) (79,12) (94,-15) (80,8) (93,-16) (81,5) (92,-18) (82,1) (91,-18) (83,-1) (90,-17) (84,-4) (85,-9) (86,-11) (87,-13) (88,-15) (89,-17) 
TD 11 :
(99,0) (75,19) (72,20) (8,19) (7,18) (6,17) (5,16) (4,14) (3,11) (2,8) (1,5) (0,1) (9,19) (71,18) (10,18) (11,16) (70,14) (12,15) (69,11) (41,12) (40,12) (39,12) (13,12) (14,9) (38,9) (15,5) (37,8) (16,1) (36,4) (17,-2) (35,1) (18,-6) (19,-8) (20,-11) (21,-13) (22,-15) (23,-17) (24,-18) (25,-20) (26,-21) (27,-20) (28,-19) (29,-16) (30,-14) (31,-11) (32,-8) (33,-4) (34,-1) 
(99,0) (75,19) (72,20) (8,19) (7,18) (6,17) (5,16) (4,14) (3,11) (2,8) (1,5) (0,1) (9,19) (71,18) (10,18) (11,16) (70,14) (12,15) (69,11) (41,12) (40,12) (39,12) (13,12) (14,9) (38,9) (15,5) (37,8) (16,1) (36,4) (17,-2) (35,1) (18,-6) 
(99,0) (75,19) (72,20) (8,19) (7,18) (6,17) (5,16) (4,14) (3,11) (2,8) (1,5) (0,1) (9,19) (71,18) (10,18) (11,16) (70,14) (12,15) (69,11) (41,12) (40,12) (39,12) (13,12) (68,8) (43,11) (42,11) (67,6) (44,9) (45,8) (66,2) (46,5) (65,1) (47,3) 
(99,0) (75,19) (72,20) (8,19) (7,18) (6,17) (5,16) (4,14) (3,11) (2,8) (1,5) (0,1) (9,19) (71,18) (10,18) (11,16) (70,14) (12,15) (69,11) (41,12) (40,12) (39,12) (13,12) (68,8) (43,11) (42,11) (67,6) (44,9) (45,8) (66,2) (46,5) (65,1) (47,3) (48,2) (49,-1) (50,-4) (51,-6) (52,-7) (53,-10) (54,-12) (55,-13) (56,-14) (57,-15) (58,-17) (59,-14) (60,-13) (61,-11) (62,-10) (63,-7) (64,-3) 
(99,0) (75,19) (72,20) (8,19) (7,18) (6,17) (5,16) (4,14) (3,11) (2,8) (1,5) (0,1) (9,19) (71,18) (10,18) (11,16) (70,14) (12,15) (69,11) (41,12) (40,12) (39,12) (13,12) (68,8) (43,11) (42,11) (67,6) (44,9) (45,8) (66,2) (46,5) (65,1) (47,3) 
(99,0) (75,19) (72,20) (8,19) (7,18) (6,17) (5,16) (4,14) (3,11) (2,8) (1,5) (0,1) (98,-3) (76,18) (97,-7) (77,17) (96,-11) (78,15) (95,-12) (79,12) (94,-15) (80,8) (93,-16) (81,5) (92,-18) (82,1) (91,-18) (83,-1) (90,-17) (84,-4) (89,-17) (88,-15) (87,-13) (86,-11) (85,-9) 
(99,0) (75,19) (72,20) (8,19) (7,18) (6,17) (5,16) (4,14) (3,11) (2,8) (1,5) (0,1) (98,-3) (76,18) (97,-7) (77,17) (96,-11) (78,15) (95,-12) (79,12) (94,-15) (80,8) (93,-16) (81,5) (92,-18) (82,1) (91,-18) (83,-1) (90,-17) (84,-4) (89,-17) (88,-15) (87,-13) (86,-11) (85,-9) 
(99,0) (75,19) (72,20) (8,19) (7,18) (6,17) (5,16) (4,14) (3,11) (2,8) (1,5) (0,1) (98,-3) (76,18) (97,-7) (77,17) (96,-11) (78,15) (95,-12) (79,12) (94,-15) (80,8) (93,-16) (81,5) (92,-18) (82,1) (91,-18) (83,-1) (90,-17) (84,-4) (89,-17) (88,-15) (87,-13) (86,-11) (85,-9) 
(99,0) (75,19) (72,20) (8,19) (7,18) (6,17) (5,16) (4,14) (3,11) (2,8) (1,5) (0,1) (98,-3) (76,18) (97,-7) (77,17) (96,-11) (78,15) (95,-12) (79,12) (94,-15) (80,8) (93,-16) (81,5) (92,-18) (82,1) (91,-18) (83,-1) (90,-17) (84,-4) (89,-17) (88,-15) (87,-13) (86,-11) (85,-9) 
(99,0) (75,19) (72,20) (8,19) (7,18) (6,17) (5,16) (4,14) (3,11) (2,8) (1,5) (0,1) (98,-3) (76,18) (97,-7) (77,17) (96,-11) (78,15) (95,-12) (79,12) (94,-15) (80,8) (93,-16) (81,5) (92,-18) (82,1) (91,-18) (83,-1) (90,-17) (84,-4) (89,-17) (88,-15) (87,-13) (86,-11) (85,-9) 
TD 12 :
(99,0) (75,19) (72,20) (8,19) (7,18) (6,17) (5,16) (4,14) (3,11) (2,8) (1,5) (0,1) (9,19) (71,18) (10,18) (11,16) (70,14) (12,15) (69,11) (41,12) (40,12) (39,12) (13,12) (14,9) (38,9) (15,5) (37,8) (16,1) (36,4) (17,-2) (35,1) (18,-6) (34,-1) (19,-8) (20,-11) (21,-13) (22,-15) (23,-17) (24,-18) (25,-20) (26,-21) (27,-20) (28,-19) (29,-16) (30,-14) (31,-11) (32,-8) (33,-4) 
(99,0) (75,19) (72,20) (8,19) (7,18) (6,17) (5,16) (4,14) (3,11) (2,8) (1,5) (0,1) (9,19) (71,18) (10,18) (11,16) (70,14) (12,15) (69,11) (41,12) (40,12) (39,12) (13,12) (14,9) (38,9) (15,5) (37,8) (16,1) (36,4) (17,-2) (35,1) (18,-6) (34,-1) (19,-8) 
(99,0) (75,19) (72,20) (8,19) (7,18) (6,17) (5,16) (4,14) (3,11) (2,8) (1,5) (0,1) (9,19) (71,18) (10,18) (11,16) (70,14) (12,15) (69,11) (41,12) (40,12) (39,12) (13,12) (68,8) (43,11) (42,11) (67,6) (44,9) (45,8) (66,2) (46,5) (65,1) (47,3) (64,-3) (48,2) 
(99,0) (75,19) (72,20) (8,19) (7,18) (6,17) (5,16) (4,14) (3,11) (2,8) (1,5) (0,1) (9,19) (71,18) (10,18) (11,16) (70,14) (12,15) (69,11) (41,12) (40,12) (39,12) (13,12) (68,8) (43,11) (42,11) (67,6) (44,9) (45,8) (66,2) (46,5) (65,1) (47,3) (64,-3) (48,2) (49,-1) (50,-4) (51,-6) (52,-7) (53,-10) (54,-12) (55,-13) (56,-14) (57,-15) (58,-17) (59,-14) (60,-13) (61,-11) (62,-10) (63,-7) 
TD 13 :
(99,0) (75,19) (72,20) (8,19) (7,18) (6,17) (5,16) (4,14) (3,11) (2,8) (1,5) (0,1) (9,19) (71,18) (10,18) (11,16) (70,14) (12,15) (69,11) (41,12) (40,12) (39,12) (13,12) (14,9) (38,9) (15,5) (37,8) (16,1) (36,4) (17,-2) (35,1) (18,-6) (34,-1) (19,-8) (33,-4) (20,-11) (21,-13) (22,-15) (23,-17) (24,-18) (25,-20) (26,-21) (27,-20) (28,-19) (29,-16) (30,-14) (31,-11) (32,-8) 
(99,0) (75,19) (72,20) (8,19) (7,18) (6,17) (5,16) (4,14) (3,11) (2,8) (1,5) (0,1) (9,19) (71,18) (10,18) (11,16) (70,14) (12,15) (69,11) (41,12) (40,12) (39,12) (13,12) (14,9) (38,9) (15,5) (37,8) (16,1) (36,4) (17,-2) (35,1) (18,-6) (34,-1) (19,-8) (33,-4) (20,-11) 
(99,0) (75,19) (72,20) (8,19) (7,18) (6,17) (5,16) (4,14) (3,11) (2,8) (1,5) (0,1) (9,19) (71,18) (10,18) (11,16) (70,14) (12,15) (69,11) (41,12) (40,12) (39,12) (13,12) (68,8) (43,11) (42,11) (67,6) (44,9) (45,8) (66,2) (46,5) (65,1) (47,3) (64,-3) (48,2) (63,-7) (49,-1) 
(99,0) (75,19) (72,20) (8,19) (7,18) (6,17) (5,16) (4,14) (3,11) (2,8) (1,5) (0,1) (9,19) (71,18) (10,18) (11,16) (70,14) (12,15) (69,11) (41,12) (40,12) (39,12) (13,12) (68,8) (43,11) (42,11) (67,6) (44,9) (45,8) (66,2) (46,5) (65,1) (47,3) (64,-3) (48,2) (63,-7) (49,-1) (50,-4) (51,-6) (52,-7) (53,-10) (54,-12) (55,-13) (56,-14) (57,-15) (58,-17) (59,-14) (60,-13) (61,-11) (62,-10) 
TD 14 :
(99,0) (75,19) (72,20) (8,19) (7,18) (6,17) (5,16) (4,14) (3,11) (2,8) (1,5) (0,1) (9,19) (71,18) (10,18) (11,16) (70,14) (12,15) (69,11) (41,12) (40,12) (39,12) (13,12) (14,9) (38,9) (15,5) (37,8) (16,1) (36,4) (17,-2) (35,1) (18,-6) (34,-1) (19,-8) (33,-4) (20,-11) (32,-8) (21,-13) (22,-15) (23,-17) (24,-18) (25,-20) (26,-21) (27,-20) (28,-19) (29,-16) (30,-14) (31,-11) 
(99,0) (75,19) (72,20) (8,19) (7,18) (6,17) (5,16) (4,14) (3,11) (2,8) (1,5) (0,1) (9,19) (71,18) (10,18) (11,16) (70,14) (12,15) (69,11) (41,12) (40,12) (39,12) (13,12) (14,9) (38,9) (15,5) (37,8) (16,1) (36,4) (17,-2) (35,1) (18,-6) (34,-1) (19,-8) (33,-4) (20,-11) (32,-8) (21,-13) 
(99,0) (75,19) (72,20) (8,19) (7,18) (6,17) (5,16) (4,14) (3,11) (2,8) (1,5) (0,1) (9,19) (71,18) (10,18) (11,16) (70,14) (12,15) (69,11) (41,12) (40,12) (39,12) (13,12) (68,8) (43,11) (42,11) (67,6) (44,9) (45,8) (66,2) (46,5) (65,1) (47,3) (64,-3) (48,2) (63,-7) (49,-1) (62,-10) (50,-4) 
(99,0) (75,19) (72,20) (8,19) (7,18) (6,17) (5,16) (4,14) (3,11) (2,8) (1,5) (0,1) (9,19) (71,18) (10,18) (11,16) (70,14) (12,15) (69,11) (41,12) (40,12) (39,12) (13,12) (68,8) (43,11) (42,11) (67,6) (44,9) (45,8) (66,2) (46,5) (65,1) (47,3) (64,-3) (48,2) (63,-7) (49,-1) (62,-10) (50,-4) (51,-6) (52,-7) (53,-10) (54,-12) (55,-13) (56,-14) (57,-15) (58,-17) (59,-14) (60,-13) (61,-11) 
TD 15 :
(99,0) (75,19) (72,20) (8,19) (7,18) (6,17) (5,16) (4,14) (3,11) (2,8) (1,5) (0,1) (9,19) (71,18) (10,18) (11,16) (70,14) (12,15) (69,11) (41,12) (40,12) (39,12) (13,12) (14,9) (38,9) (15,5) (37,8) (16,1) (36,4) (17,-2) (35,1) (18,-6) (34,-1) (19,-8) (33,-4) (20,-11) (32,-8) (21,-13) (31,-11) (22,-15) (23,-17) (24,-18) (25,-20) (26,-21) (27,-20) (28,-19) (29,-16) (30,-14) 
(99,0) (75,19) (72,20) (8,19) (7,18) (6,17) (5,16) (4,14) (3,11) (2,8) (1,5) (0,1) (9,19) (71,18) (10,18) (11,16) (70,14) (12,15) (69,11) (41,12) (40,12) (39,12) (13,12) (14,9) (38,9) (15,5) (37,8) (16,1) (36,4) (17,-2) (35,1) (18,-6) (34,-1) (19,-8) (33,-4) (20,-11) (32,-8) (21,-13) (31,-11) (22,-15) 
(99,0) (75,19) (72,20) (8,19) (7,18) (6,17) (5,16) (4,14) (3,11) (2,8) (1,5) (0,1) (9,19) (71,18) (10,18) (11,16) (70,14) (12,15) (69,11) (41,12) (40,12) (39,12) (13,12) (68,8) (43,11) (42,11) (67,6) (44,9) (45,8) (66,2) (46,5) (65,1) (47,3) (64,-3) (48,2) (63,-7) (49,-1) (62,-10) (50,-4) (61,-11) (51,-6) 
(99,0) (75,19) (72,20) (8,19) (7,18) (6,17) (5,16) (4,14) (3,11) (2,8) (1,5) (0,1) (9,19) (71,18) (10,18) (11,16) (70,14) (12,15) (69,11) (41,12) (40,12) (39,12) (13,12) (68,8) (43,11) (42,11) (67,6) (44,9) (45,8) (66,2) (46,5) (65,1) (47,3) (64,-3) (48,2) (63,-7) (49,-1) (62,-10) (50,-4) (61,-11) (51,-6) (52,-7) (53,-10) (54,-12) (55,-13) (56,-14) (57,-15) (58,-17) (59,-14) (60,-13) 
TD 16 :
(99,0) (75,19) (72,20) (8,19) (7,18) (6,17) (5,16) (4,14) (3,11) (2,8) (1,5) (0,1) (9,19) (71,18) (10,18) (11,16) (70,14) (12,15) (69,11) (41,12) (40,12) (39,12) (13,12) (14,9) (38,9) (15,5) (37,8) (16,1) (36,4) (17,-2) (35,1) (18,-6) (34,-1) (19,-8) (33,-4) (20,-11) (32,-8) (21,-13) (31,-11) (22,-15) (30,-14) (23,-17) (24,-18) (25,-20) (26,-21) (27,-20) (28,-19) (29,-16) 
(99,0) (75,19) (72,20) (8,19) (7,18) (6,17) (5,16) (4,14) (3,11) (2,8) (1,5) (0,1) (9,19) (71,18) (10,18) (11,16) (70,14) (12,15) (69,11) (41,12) (40,12) (39,12) (13,12) (14,9) (38,9) (15,5) (37,8) (16,1) (36,4) (17,-2) (35,1) (18,-6) (34,-1) (19,-8) (33,-4) (20,-11) (32,-8) (21,-13) (31,-11) (22,-15) (30,-14) (23,-17) 
(99,0) (75,19) (72,20) (8,19) (7,18) (6,17) (5,16) (4,14) (3,11) (2,8) (1,5) (0,1) (9,19) (71,18) (10,18) (11,16) (70,14) (12,15) (69,11) (41,12) (40,12) (39,12) (13,12) (68,8) (43,11) (42,11) (67,6) (44,9) (45,8) (66,2) (46,5) (65,1) (47,3) (64,-3) (48,2) (63,-7) (49,-1) (62,-10) (50,-4) (61,-11) (51,-6) (60,-13) (52,-7) 
(99,0) (75,19) (72,20) (8,19) (7,18) (6,17) (5,16) (4,14) (3,11) (2,8) (1,5) (0,1) (9,19) (71,18) (10,18) (11,16) (70,14) (12,15) (69,11) (41,12) (40,12) (39,12) (13,12) (68,8) (43,11) (42,11) (67,6) (44,9) (45,8) (66,2) (46,5) (65,1) (47,3) (64,-3) (48,2) (63,-7) (49,-1) (62,-10) (50,-4) (61,-11) (51,-6) (60,-13) (52,-7) (53,-10) (54,-12) (55,-13) (56,-14) (57,-15) (58,-17) (59,-14) 
TD 17 :
(99,0) (75,19) (72,20) (8,19) (7,18) (6,17) (5,16) (4,14) (3,11) (2,8) (1,5) (0,1) (9,19) (71,18) (10,18) (11,16) (70,14) (12,15) (69,11) (41,12) (40,12) (39,12) (13,12) (14,9) (38,9) (15,5) (37,8) (16,1) (36,4) (17,-2) (35,1) (18,-6) (34,-1) (19,-8) (33,-4) (20,-11) (32,-8) (21,-13) (31,-11) (22,-15) (30,-14) (23,-17) (29,-16) (24,-18) (25,-20) (26,-21) (27,-20) (28,-19) 
(99,0) (75,19) (72,20) (8,19) (7,18) (6,17) (5,16) (4,14) (3,11) (2,8) (1,5) (0,1) (9,19) (71,18) (10,18) (11,16) (70,14) (12,15) (69,11) (41,12) (40,12) (39,12) (13,12) (14,9) (38,9) (15,5) (37,8) (16,1) (36,4) (17,-2) (35,1) (18,-6) (34,-1) (19,-8) (33,-4) (20,-11) (32,-8) (21,-13) (31,-11) (22,-15) (30,-14) (23,-17) (29,-16) (24,-18) 
(99,0) (75,19) (72,20) (8,19) (7,18) (6,17) (5,16) (4,14) (3,11) (2,8) (1,5) (0,1) (9,19) (71,18) (10,18) (11,16) (70,14) (12,15) (69,11) (41,12) (40,12) (39,12) (13,12) (68,8) (43,11) (42,11) (67,6) (44,9) (45,8) (66,2) (46,5) (65,1) (47,3) (64,-3) (48,2) (63,-7) (49,-1) (62,-10) (50,-4) (61,-11) (51,-6) (60,-13) (52,-7) (59,-14) (53,-10) 
(99,0) (75,19) (72,20) (8,19) (7,18) (6,17) (5,16) (4,14) (3,11) (2,8) (1,5) (0,1) (9,19) (71,18) (10,18) (11,16) (70,14) (12,15) (69,11) (41,12) (40,12) (39,12) (13,12) (68,8) (43,11) (42,11) (67,6) (44,9) (45,8) (66,2) (46,5) (65,1) (47,3) (64,-3) (48,2) (63,-7) (49,-1) (62,-10) (50,-4) (61,-11) (51,-6) (60,-13) (52,-7) (59,-14) (53,-10) (54,-12) (55,-13) (56,-14) (57,-15) (58,-17) 
TD 18 :
(99,0) (75,19) (72,20) (8,19) (7,18) (6,17) (5,16) (4,14) (3,11) (2,8) (1,5) (0,1) (9,19) (71,18) (10,18) (11,16) (70,14) (12,15) (69,11) (41,12) (40,12) (39,12) (13,12) (14,9) (38,9) (15,5) (37,8) (16,1) (36,4) (17,-2) (35,1) (18,-6) (34,-1) (19,-8) (33,-4) (20,-11) (32,-8) (21,-13) (31,-11) (22,-15) (30,-14) (23,-17) (29,-16) (24,-18) (28,-19) (25,-20) (26,-21) (27,-20) 
(99,0) (75,19) (72,20) (8,19) (7,18) (6,17) (5,16) (4,14) (3,11) (2,8) (1,5) (0,1) (9,19) (71,18) (10,18) (11,16) (70,14) (12,15) (69,11) (41,12) (40,12) (39,12) (13,12) (14,9) (38,9) (15,5) (37,8) (16,1) (36,4) (17,-2) (35,1) (18,-6) (34,-1) (19,-8) (33,-4) (20,-11) (32,-8) (21,-13) (31,-11) (22,-15) (30,-14) (23,-17) (29,-16) (24,-18) (28,-19) (25,-20) 
(99,0) (75,19) (72,20) (8,19) (7,18) (6,17) (5,16) (4,14) (3,11) (2,8) (1,5) (0,1) (9,19) (71,18) (10,18) (11,16) (70,14) (12,15) (69,11) (41,12) (40,12) (39,12) (13,12) (68,8) (43,11) (42,11) (67,6) (44,9) (45,8) (66,2) (46,5) (65,1) (47,3) (64,-3) (48,2) (63,-7) (49,-1) (62,-10) (50,-4) (61,-11) (51,-6) (60,-13) (52,-7) (59,-14) (53,-10) (58,-17) (57,-15) (56,-14) (55,-13) (54,-12) 
(99,0) (75,19) (72,20) (8,19) (7,18) (6,17) (5,16) (4,14) (3,11) (2,8) (1,5) (0,1) (9,19) (71,18) (10,18) (11,16) (70,14) (12,15) (69,11) (41,12) (40,12) (39,12) (13,12) (68,8) (43,11) (42,11) (67,6) (44,9) (45,8) (66,2) (46,5) (65,1) (47,3) (64,-3) (48,2) (63,-7) (49,-1) (62,-10) (50,-4) (61,-11) (51,-6) (60,-13) (52,-7) (59,-14) (53,-10) (58,-17) (57,-15) (56,-14) (55,-13) (54,-12) 
(99,0) (75,19) (72,20) (8,19) (7,18) (6,17) (5,16) (4,14) (3,11) (2,8) (1,5) (0,1) (9,19) (71,18) (10,18) (11,16) (70,14) (12,15) (69,11) (41,12) (40,12) (39,12) (13,12) (68,8) (43,11) (42,11) (67,6) (44,9) (45,8) (66,2) (46,5) (65,1) (47,3) (64,-3) (48,2) (63,-7) (49,-1) (62,-10) (50,-4) (61,-11) (51,-6) (60,-13) (52,-7) (59,-14) (53,-10) (58,-17) (57,-15) (56,-14) (55,-13) (54,-12) 
(99,0) (75,19) (72,20) (8,19) (7,18) (6,17) (5,16) (4,14) (3,11) (2,8) (1,5) (0,1) (9,19) (71,18) (10,18) (11,16) (70,14) (12,15) (69,11) (41,12) (40,12) (39,12) (13,12) (68,8) (43,11) (42,11) (67,6) (44,9) (45,8) (66,2) (46,5) (65,1) (47,3) (64,-3) (48,2) (63,-7) (49,-1) (62,-10) (50,-4) (61,-11) (51,-6) (60,-13) (52,-7) (59,-14) (53,-10) (58,-17) (57,-15) (56,-14) (55,-13) (54,-12) 
(99,0) (75,19) (72,20) (8,19) (7,18) (6,17) (5,16) (4,14) (3,11) (2,8) (1,5) (0,1) (9,19) (71,18) (10,18) (11,16) (70,14) (12,15) (69,11) (41,12) (40,12) (39,12) (13,12) (68,8) (43,11) (42,11) (67,6) (44,9) (45,8) (66,2) (46,5) (65,1) (47,3) (64,-3) (48,2) (63,-7) (49,-1) (62,-10) (50,-4) (61,-11) (51,-6) (60,-13) (52,-7) (59,-14) (53,-10) (58,-17) (57,-15) (56,-14) (55,-13) (54,-12) 
Pocket 0 :
()
Pocket 1 :
({  (0,1) ,(1,5) } {  (0,1) ,(1,5) } {  (0,1) ,(1,5) } {  (0,1) ,(1,5) } {  (0,1) ,(1,5) } {  (0,1) ,(1,5) } {  (0,1) ,(1,5) } {  (0,1) ,(1,5) } {  (0,1) ,(1,5) } {  (0,1) ,(1,5) } {  (0,1) ,(1,5) } {  (0,1) ,(1,5) } {  (0,1) ,(1,5) } {  (0,1) ,(1,5) } {  (0,1) ,(1,5) } {  (0,1) ,(1,5) } {  (0,1) ,(1,5) } {  (0,1) ,(1,5) } {  (0,1) ,(1,5) } {  (0,1) ,(1,5) } {  (0,1) ,(1,5) } {  (0,1) ,(1,5) } )
Pocket 2 :
({  (9,19) ,(0,1) } {  (74,19) ,(73,19) } {  (74,19) ,(73,19) } {  (74,19) ,(73,19) } {  (77,17) ,(76,18) } {  (77,17) ,(76,18) } )
Pocket 3 :
({  (10,18) ,(9,19) } {  (99,0) ,(71,18) } {  (10,18) ,(9,19) } {  (99,0) ,(71,18) } {  (78,15) ,(77,17) } {  (78,15) ,(77,17) } )
Pocket 4 :
({  (11,16) ,(10,18) } {  (79,12) ,(78,15) } {  (79,12) ,(78,15) } )
Pocket 5 :
({  (12,15) ,(11,16) } {  (99,0) ,(70,14) } {  (12,15) ,(11,16) } {  (99,0) ,(70,14) } {  (80,8) ,(79,12) } {  (80,8) ,(79,12) } )
Pocket 6 :
({  (13,12) ,(12,15) } {  (40,12) ,(39,12) } {  (13,12) ,(12,15) } {  (40,12) ,(39,12) } {  (13,12) ,(12,15) } {  (40,12) ,(39,12) } {  (13,12) ,(12,15) } {  (40,12) ,(39,12) } {  (13,12) ,(12,15) } {  (40,12) ,(39,12) } {  (81,5) ,(80,8) } {  (81,5) ,(80,8) } )
Pocket 7 :
({  (14,9) ,(13,12) } {  (43,11) ,(42,11) } {  (43,11) ,(42,11) } {  (43,11) ,(42,11) } {  (43,11) ,(42,11) } {  (82,1) ,(81,5) } {  (82,1) ,(81,5) } )
Pocket 8 :
({  (15,5) ,(14,9) } {  (99,0) ,(38,9) } {  (15,5) ,(14,9) } {  (99,0) ,(38,9) } {  (45,8) ,(44,9) } {  (45,8) ,(44,9) } {  (45,8) ,(44,9) } {  (83,-1) ,(82,1) } {  (83,-1) ,(82,1) } )
Pocket 9 :
({  (16,1) ,(15,5) } {  (99,0) ,(37,8) } {  (16,1) ,(15,5) } {  (99,0) ,(37,8) } {  (46,5) ,(45,8) } {  (46,5) ,(45,8) } {  (84,-4) ,(83,-1) } {  (84,-4) ,(83,-1) } )
Pocket 10 :
({  (17,-2) ,(16,1) } {  (99,0) ,(36,4) } {  (17,-2) ,(16,1) } {  (99,0) ,(36,4) } {  (47,3) ,(46,5) } {  (47,3) ,(46,5) } {  (47,3) ,(46,5) } {  (85,-9) ,(84,-4) } {  (85,-9) ,(84,-4) } )
Pocket 11 :
({  (18,-6) ,(17,-2) } {  (99,0) ,(35,1) } {  (18,-6) ,(17,-2) } {  (99,0) ,(35,1) } {  (48,2) ,(47,3) } {  (48,2) ,(47,3) } {  (48,2) ,(47,3) } {  (86,-11) ,(85,-9) } {  (86,-11) ,(85,-9) } {  (86,-11) ,(85,-9) } {  (86,-11) ,(85,-9) } {  (86,-11) ,(85,-9) } )
Pocket 12 :
({  (19,-8) ,(18,-6) } {  (99,0) ,(34,-1) } {  (19,-8) ,(18,-6) } {  (99,0) ,(34,-1) } {  (49,-1) ,(48,2) } {  (49,-1) ,(48,2) } )
Pocket 13 :
({  (20,-11) ,(19,-8) } {  (99,0) ,(33,-4) } {  (20,-11) ,(19,-8) } {  (99,0) ,(33,-4) } {  (50,-4) ,(49,-1) } {  (50,-4) ,(49,-1) } )
Pocket 14 :
({  (21,-13) ,(20,-11) } {  (99,0) ,(32,-8) } {  (21,-13) ,(20,-11) } {  (99,0) ,(32,-8) } {  (51,-6) ,(50,-4) } {  (51,-6) ,(50,-4) } )
Pocket 15 :
({  (22,-15) ,(21,-13) } {  (99,0) ,(31,-11) } {  (22,-15) ,(21,-13) } {  (99,0) ,(31,-11) } {  (52,-7) ,(51,-6) } {  (52,-7) ,(51,-6) } )
Pocket 16 :
({  (23,-17) ,(22,-15) } {  (99,0) ,(30,-14) } {  (23,-17) ,(22,-15) } {  (99,0) ,(30,-14) } {  (53,-10) ,(52,-7) } {  (53,-10) ,(52,-7) } )
Pocket 17 :
({  (24,-18) ,(23,-17) } {  (99,0) ,(29,-16) } {  (24,-18) ,(23,-17) } {  (99,0) ,(29,-16) } {  (54,-12) ,(53,-10) } {  (54,-12) ,(53,-10) } )
