18 layers in onion peeling: 
Layer 1
(99,-10) (76,8) (74,9) (8,12) (4,9) (0,0) 
Layer 2
(98,-15) (77,7) (75,8) (43,10) (9,11) (7,11) (6,10) (5,9) (2,4) (1,2) 
Layer 3
(97,-18) (78,3) (73,8) (42,10) (40,10) (10,9) (3,5) 
Layer 4
(96,-19) (79,0) (72,7) (44,9) (41,9) (39,9) (11,9) 
Layer 5
(95,-21) (80,-2) (71,5) (45,7) (38,7) (12,7) 
Layer 6
(94,-25) (81,-5) (70,3) (46,6) (13,5) 
Layer 7
(93,-27) (82,-10) (69,1) (37,5) (14,3) 
Layer 8
(92,-28) (83,-13) (68,0) (47,3) (36,2) (15,0) 
Layer 9
(91,-28) (84,-17) (67,-3) (48,0) (35,-1) (16,-3) 
Layer 10
(90,-28) (86,-21) (85,-20) (66,-7) (49,-4) (34,-4) (17,-7) 
Layer 11
(89,-27) (88,-25) (87,-24) (65,-9) (50,-8) (33,-7) (18,-10) 
Layer 12
(64,-12) (51,-10) (19,-12) 
Layer 13
(63,-14) (52,-13) (32,-12) (20,-15) 
Layer 14
(62,-17) (31,-15) (30,-15) (21,-18) 
Layer 15
(61,-18) (53,-17) (29,-17) (22,-21) 
Layer 16
(60,-19) (28,-18) (23,-22) 
Layer 17
(59,-21) (54,-19) (27,-21) (24,-23) 
Layer 18
(58,-22) (56,-21) (55,-21) (26,-23) (25,-24) 
---------------------------------------------------------------------------------------
TD 0 :
(99,-10) (98,-15) (97,-18) (96,-19) (95,-21) (94,-25) (93,-27) (92,-28) (91,-28) (90,-28) (89,-27) (88,-25) (87,-24) (86,-21) (85,-20) (84,-17) (83,-13) (82,-10) (81,-5) (80,-2) (79,0) (78,3) (77,7) (76,8) (75,8) (74,9) (73,8) (72,7) (71,5) (70,3) (69,1) (68,0) (67,-3) (66,-7) (65,-9) (64,-12) (63,-14) (62,-17) (61,-18) (60,-19) (59,-21) (58,-22) (57,-22) (56,-21) (55,-21) (54,-19) (53,-17) (52,-13) (51,-10) (50,-8) (49,-4) (48,0) (47,3) (46,6) (45,7) (44,9) (43,10) (42,10) (41,9) (40,10) (39,9) (38,7) (37,5) (36,2) (35,-1) (34,-4) (33,-7) (32,-12) (31,-15) (30,-15) (29,-17) (28,-18) (27,-21) (26,-23) (25,-24) (24,-23) (23,-22) (22,-21) (21,-18) (20,-15) (19,-12) (18,-10) (17,-7) (16,-3) (15,0) (14,3) (13,5) (12,7) (11,9) (10,9) (9,11) (8,12) (7,11) (6,10) (5,9) (4,9) (3,5) (2,4) (1,2) (0,0) 
TD 1 :
(99,-10) (76,8) (74,9) (8,12) (4,9) (0,0) (1,2) (2,4) (3,5) 
(99,-10) (76,8) (74,9) (8,12) (4,9) (0,0) (5,9) (6,10) (7,11) 
(99,-10) (76,8) (74,9) (8,12) (4,9) (0,0) (9,11) (10,9) (11,9) (12,7) (13,5) (14,3) (15,0) (16,-3) (17,-7) (18,-10) (19,-12) (20,-15) (21,-18) (22,-21) (23,-22) (24,-23) (25,-24) (26,-23) (27,-21) (28,-18) (29,-17) (30,-15) (31,-15) (32,-12) (33,-7) (34,-4) (35,-1) (36,2) (37,5) (38,7) (39,9) (40,10) (41,9) (42,10) (43,10) (44,9) (45,7) (46,6) (47,3) (48,0) (49,-4) (50,-8) (51,-10) (52,-13) (53,-17) (54,-19) (55,-21) (56,-21) (57,-22) (58,-22) (59,-21) (60,-19) (61,-18) (62,-17) (63,-14) (64,-12) (65,-9) (66,-7) (67,-3) (68,0) (69,1) (70,3) (71,5) (72,7) (73,8) 
(99,-10) (76,8) (74,9) (8,12) (4,9) (0,0) (75,8) 
(99,-10) (76,8) (74,9) (8,12) (4,9) (0,0) (77,7) (78,3) (79,0) (80,-2) (81,-5) (82,-10) (83,-13) (84,-17) (85,-20) (86,-21) (87,-24) (88,-25) (89,-27) (90,-28) (91,-28) (92,-28) (93,-27) (94,-25) (95,-21) (96,-19) (97,-18) (98,-15) 
TD 2 :
(99,-10) (76,8) (74,9) (8,12) (4,9) (0,0) (2,4) (1,2) 
(99,-10) (76,8) (74,9) (8,12) (4,9) (0,0) (2,4) (1,2) (3,5) 
(99,-10) (76,8) (74,9) (8,12) (4,9) (0,0) (7,11) (6,10) (5,9) 
(99,-10) (76,8) (74,9) (8,12) (4,9) (0,0) (7,11) (6,10) (5,9) 
(99,-10) (76,8) (74,9) (8,12) (4,9) (0,0) (7,11) (6,10) (5,9) 
(99,-10) (76,8) (74,9) (8,12) (4,9) (0,0) (7,11) (6,10) (5,9) 
(99,-10) (76,8) (74,9) (8,12) (4,9) (0,0) (43,10) (9,11) 
(99,-10) (76,8) (74,9) (8,12) (4,9) (0,0) (43,10) (9,11) (10,9) (11,9) (12,7) (13,5) (14,3) (15,0) (16,-3) (17,-7) (18,-10) (19,-12) (20,-15) (21,-18) (22,-21) (23,-22) (24,-23) (25,-24) (26,-23) (27,-21) (28,-18) (29,-17) (30,-15) (31,-15) (32,-12) (33,-7) (34,-4) (35,-1) (36,2) (37,5) (38,7) (39,9) (40,10) (41,9) (42,10) 
(99,-10) (76,8) (74,9) (8,12) (4,9) (0,0) (43,10) (9,11) (44,9) (45,7) (46,6) (47,3) (48,0) (49,-4) (50,-8) (51,-10) (52,-13) (53,-17) (54,-19) (55,-21) (56,-21) (57,-22) (58,-22) (59,-21) (60,-19) (61,-18) (62,-17) (63,-14) (64,-12) (65,-9) (66,-7) (67,-3) (68,0) (69,1) (70,3) (71,5) (72,7) (73,8) 
(99,-10) (76,8) (74,9) (8,12) (4,9) (0,0) (75,8) 
(99,-10) (76,8) (74,9) (8,12) (4,9) (0,0) (75,8) 
(99,-10) (76,8) (74,9) (8,12) (4,9) (0,0) (98,-15) (77,7) 
(99,-10) (76,8) (74,9) (8,12) (4,9) (0,0) (98,-15) (77,7) (78,3) (79,0) (80,-2) (81,-5) (82,-10) (83,-13) (84,-17) (85,-20) (86,-21) (87,-24) (88,-25) (89,-27) (90,-28) (91,-28) (92,-28) (93,-27) (94,-25) (95,-21) (96,-19) (97,-18) 
TD 3 :
(99,-10) (76,8) (74,9) (8,12) (4,9) (0,0) (2,4) (1,2) (3,5) 
(99,-10) (76,8) (74,9) (8,12) (4,9) (0,0) (43,10) (9,11) (42,10) (40,10) (10,9) 
(99,-10) (76,8) (74,9) (8,12) (4,9) (0,0) (43,10) (9,11) (42,10) (40,10) (10,9) (11,9) (12,7) (13,5) (14,3) (15,0) (16,-3) (17,-7) (18,-10) (19,-12) (20,-15) (21,-18) (22,-21) (23,-22) (24,-23) (25,-24) (26,-23) (27,-21) (28,-18) (29,-17) (30,-15) (31,-15) (32,-12) (33,-7) (34,-4) (35,-1) (36,2) (37,5) (38,7) (39,9) 
(99,-10) (76,8) (74,9) (8,12) (4,9) (0,0) (43,10) (9,11) (42,10) (40,10) (10,9) (41,9) 
(99,-10) (76,8) (74,9) (8,12) (4,9) (0,0) (43,10) (9,11) (42,10) (40,10) (10,9) 
(99,-10) (76,8) (74,9) (8,12) (4,9) (0,0) (43,10) (9,11) (73,8) (44,9) (45,7) (46,6) (47,3) (48,0) (49,-4) (50,-8) (51,-10) (52,-13) (53,-17) (54,-19) (55,-21) (56,-21) (57,-22) (58,-22) (59,-21) (60,-19) (61,-18) (62,-17) (63,-14) (64,-12) (65,-9) (66,-7) (67,-3) (68,0) (69,1) (70,3) (71,5) (72,7) 
(99,-10) (76,8) (74,9) (8,12) (4,9) (0,0) (43,10) (9,11) (73,8) 
(99,-10) (76,8) (74,9) (8,12) (4,9) (0,0) (98,-15) (77,7) (97,-18) (78,3) 
(99,-10) (76,8) (74,9) (8,12) (4,9) (0,0) (98,-15) (77,7) (97,-18) (78,3) (79,0) (80,-2) (81,-5) (82,-10) (83,-13) (84,-17) (85,-20) (86,-21) (87,-24) (88,-25) (89,-27) (90,-28) (91,-28) (92,-28) (93,-27) (94,-25) (95,-21) (96,-19) 
TD 4 :
(99,-10) (76,8) (74,9) (8,12) (4,9) (0,0) (43,10) (9,11) (42,10) (40,10) (10,9) (39,9) (11,9) (12,7) (13,5) (14,3) (15,0) (16,-3) (17,-7) (18,-10) (19,-12) (20,-15) (21,-18) (22,-21) (23,-22) (24,-23) (25,-24) (26,-23) (27,-21) (28,-18) (29,-17) (30,-15) (31,-15) (32,-12) (33,-7) (34,-4) (35,-1) (36,2) (37,5) (38,7) 
(99,-10) (76,8) (74,9) (8,12) (4,9) (0,0) (43,10) (9,11) (42,10) (40,10) (10,9) (39,9) (11,9) 
(99,-10) (76,8) (74,9) (8,12) (4,9) (0,0) (43,10) (9,11) (42,10) (40,10) (10,9) (41,9) 
(99,-10) (76,8) (74,9) (8,12) (4,9) (0,0) (43,10) (9,11) (42,10) (40,10) (10,9) (41,9) 
(99,-10) (76,8) (74,9) (8,12) (4,9) (0,0) (43,10) (9,11) (73,8) (72,7) (44,9) 
(99,-10) (76,8) (74,9) (8,12) (4,9) (0,0) (43,10) (9,11) (73,8) (72,7) (44,9) (45,7) (46,6) (47,3) (48,0) (49,-4) (50,-8) (51,-10) (52,-13) (53,-17) (54,-19) (55,-21) (56,-21) (57,-22) (58,-22) (59,-21) (60,-19) (61,-18) (62,-17) (63,-14) (64,-12) (65,-9) (66,-7) (67,-3) (68,0) (69,1) (70,3) (71,5) 
(99,-10) (76,8) (74,9) (8,12) (4,9) (0,0) (43,10) (9,11) (73,8) (72,7) (44,9) 
(99,-10) (76,8) (74,9) (8,12) (4,9) (0,0) (98,-15) (77,7) (97,-18) (78,3) (96,-19) (79,0) 
(99,-10) (76,8) (74,9) (8,12) (4,9) (0,0) (98,-15) (77,7) (97,-18) (78,3) (96,-19) (79,0) (80,-2) (81,-5) (82,-10) (83,-13) (84,-17) (85,-20) (86,-21) (87,-24) (88,-25) (89,-27) (90,-28) (91,-28) (92,-28) (93,-27) (94,-25) (95,-21) 
TD 5 :
(99,-10) (76,8) (74,9) (8,12) (4,9) (0,0) (43,10) (9,11) (42,10) (40,10) (10,9) (39,9) (11,9) (38,7) (12,7) (13,5) (14,3) (15,0) (16,-3) (17,-7) (18,-10) (19,-12) (20,-15) (21,-18) (22,-21) (23,-22) (24,-23) (25,-24) (26,-23) (27,-21) (28,-18) (29,-17) (30,-15) (31,-15) (32,-12) (33,-7) (34,-4) (35,-1) (36,2) (37,5) 
(99,-10) (76,8) (74,9) (8,12) (4,9) (0,0) (43,10) (9,11) (42,10) (40,10) (10,9) (39,9) (11,9) (38,7) (12,7) 
(99,-10) (76,8) (74,9) (8,12) (4,9) (0,0) (43,10) (9,11) (73,8) (72,7) (44,9) (71,5) (45,7) 
(99,-10) (76,8) (74,9) (8,12) (4,9) (0,0) (43,10) (9,11) (73,8) (72,7) (44,9) (71,5) (45,7) (46,6) (47,3) (48,0) (49,-4) (50,-8) (51,-10) (52,-13) (53,-17) (54,-19) (55,-21) (56,-21) (57,-22) (58,-22) (59,-21) (60,-19) (61,-18) (62,-17) (63,-14) (64,-12) (65,-9) (66,-7) (67,-3) (68,0) (69,1) (70,3) 
(99,-10) (76,8) (74,9) (8,12) (4,9) (0,0) (43,10) (9,11) (73,8) (72,7) (44,9) (71,5) (45,7) 
(99,-10) (76,8) (74,9) (8,12) (4,9) (0,0) (98,-15) (77,7) (97,-18) (78,3) (96,-19) (79,0) (95,-21) (80,-2) 
(99,-10) (76,8) (74,9) (8,12) (4,9) (0,0) (98,-15) (77,7) (97,-18) (78,3) (96,-19) (79,0) (95,-21) (80,-2) (81,-5) (82,-10) (83,-13) (84,-17) (85,-20) (86,-21) (87,-24) (88,-25) (89,-27) (90,-28) (91,-28) (92,-28) (93,-27) (94,-25) 
TD 6 :
(99,-10) (76,8) (74,9) (8,12) (4,9) (0,0) (43,10) (9,11) (42,10) (40,10) (10,9) (39,9) (11,9) (38,7) (12,7) (13,5) (14,3) (15,0) (16,-3) (17,-7) (18,-10) (19,-12) (20,-15) (21,-18) (22,-21) (23,-22) (24,-23) (25,-24) (26,-23) (27,-21) (28,-18) (29,-17) (30,-15) (31,-15) (32,-12) (33,-7) (34,-4) (35,-1) (36,2) (37,5) 
(99,-10) (76,8) (74,9) (8,12) (4,9) (0,0) (43,10) (9,11) (73,8) (72,7) (44,9) (71,5) (45,7) (70,3) (46,6) 
(99,-10) (76,8) (74,9) (8,12) (4,9) (0,0) (43,10) (9,11) (73,8) (72,7) (44,9) (71,5) (45,7) (70,3) (46,6) (47,3) (48,0) (49,-4) (50,-8) (51,-10) (52,-13) (53,-17) (54,-19) (55,-21) (56,-21) (57,-22) (58,-22) (59,-21) (60,-19) (61,-18) (62,-17) (63,-14) (64,-12) (65,-9) (66,-7) (67,-3) (68,0) (69,1) 
(99,-10) (76,8) (74,9) (8,12) (4,9) (0,0) (43,10) (9,11) (73,8) (72,7) (44,9) (71,5) (45,7) (70,3) (46,6) 
(99,-10) (76,8) (74,9) (8,12) (4,9) (0,0) (98,-15) (77,7) (97,-18) (78,3) (96,-19) (79,0) (95,-21) (80,-2) (94,-25) (81,-5) 
(99,-10) (76,8) (74,9) (8,12) (4,9) (0,0) (98,-15) (77,7) (97,-18) (78,3) (96,-19) (79,0) (95,-21) (80,-2) (94,-25) (81,-5) (82,-10) (83,-13) (84,-17) (85,-20) (86,-21) (87,-24) (88,-25) (89,-27) (90,-28) (91,-28) (92,-28) (93,-27) 
TD 7 :
(99,-10) (76,8) (74,9) (8,12) (4,9) (0,0) (43,10) (9,11) (42,10) (40,10) (10,9) (39,9) (11,9) (38,7) (12,7) (13,5) (37,5) (14,3) (15,0) (16,-3) (17,-7) (18,-10) (19,-12) (20,-15) (21,-18) (22,-21) (23,-22) (24,-23) (25,-24) (26,-23) (27,-21) (28,-18) (29,-17) (30,-15) (31,-15) (32,-12) (33,-7) (34,-4) (35,-1) (36,2) 
(99,-10) (76,8) (74,9) (8,12) (4,9) (0,0) (43,10) (9,11) (42,10) (40,10) (10,9) (39,9) (11,9) (38,7) (12,7) (13,5) (37,5) (14,3) 
(99,-10) (76,8) (74,9) (8,12) (4,9) (0,0) (43,10) (9,11) (73,8) (72,7) (44,9) (71,5) (45,7) (70,3) (46,6) (69,1) (47,3) (48,0) (49,-4) (50,-8) (51,-10) (52,-13) (53,-17) (54,-19) (55,-21) (56,-21) (57,-22) (58,-22) (59,-21) (60,-19) (61,-18) (62,-17) (63,-14) (64,-12) (65,-9) (66,-7) (67,-3) (68,0) 
(99,-10) (76,8) (74,9) (8,12) (4,9) (0,0) (43,10) (9,11) (73,8) (72,7) (44,9) (71,5) (45,7) (70,3) (46,6) (69,1) 
(99,-10) (76,8) (74,9) (8,12) (4,9) (0,0) (98,-15) (77,7) (97,-18) (78,3) (96,-19) (79,0) (95,-21) (80,-2) (94,-25) (81,-5) (93,-27) (82,-10) 
(99,-10) (76,8) (74,9) (8,12) (4,9) (0,0) (98,-15) (77,7) (97,-18) (78,3) (96,-19) (79,0) (95,-21) (80,-2) (94,-25) (81,-5) (93,-27) (82,-10) (83,-13) (84,-17) (85,-20) (86,-21) (87,-24) (88,-25) (89,-27) (90,-28) (91,-28) (92,-28) 
TD 8 :
(99,-10) (76,8) (74,9) (8,12) (4,9) (0,0) (43,10) (9,11) (42,10) (40,10) (10,9) (39,9) (11,9) (38,7) (12,7) (13,5) (37,5) (14,3) (36,2) (15,0) (16,-3) (17,-7) (18,-10) (19,-12) (20,-15) (21,-18) (22,-21) (23,-22) (24,-23) (25,-24) (26,-23) (27,-21) (28,-18) (29,-17) (30,-15) (31,-15) (32,-12) (33,-7) (34,-4) (35,-1) 
(99,-10) (76,8) (74,9) (8,12) (4,9) (0,0) (43,10) (9,11) (42,10) (40,10) (10,9) (39,9) (11,9) (38,7) (12,7) (13,5) (37,5) (14,3) (36,2) (15,0) 
(99,-10) (76,8) (74,9) (8,12) (4,9) (0,0) (43,10) (9,11) (73,8) (72,7) (44,9) (71,5) (45,7) (70,3) (46,6) (69,1) (68,0) (47,3) 
(99,-10) (76,8) (74,9) (8,12) (4,9) (0,0) (43,10) (9,11) (73,8) (72,7) (44,9) (71,5) (45,7) (70,3) (46,6) (69,1) (68,0) (47,3) (48,0) (49,-4) (50,-8) (51,-10) (52,-13) (53,-17) (54,-19) (55,-21) (56,-21) (57,-22) (58,-22) (59,-21) (60,-19) (61,-18) (62,-17) (63,-14) (64,-12) (65,-9) (66,-7) (67,-3) 
(99,-10) (76,8) (74,9) (8,12) (4,9) (0,0) (43,10) (9,11) (73,8) (72,7) (44,9) (71,5) (45,7) (70,3) (46,6) (69,1) (68,0) (47,3) 
(99,-10) (76,8) (74,9) (8,12) (4,9) (0,0) (98,-15) (77,7) (97,-18) (78,3) (96,-19) (79,0) (95,-21) (80,-2) (94,-25) (81,-5) (93,-27) (82,-10) (92,-28) (83,-13) 
(99,-10) (76,8) (74,9) (8,12) (4,9) (0,0) (98,-15) (77,7) (97,-18) (78,3) (96,-19) (79,0) (95,-21) (80,-2) (94,-25) (81,-5) (93,-27) (82,-10) (92,-28) (83,-13) (84,-17) (85,-20) (86,-21) (87,-24) (88,-25) (89,-27) (90,-28) (91,-28) 
TD 9 :
(99,-10) (76,8) (74,9) (8,12) (4,9) (0,0) (43,10) (9,11) (42,10) (40,10) (10,9) (39,9) (11,9) (38,7) (12,7) (13,5) (37,5) (14,3) (36,2) (15,0) (35,-1) (16,-3) (17,-7) (18,-10) (19,-12) (20,-15) (21,-18) (22,-21) (23,-22) (24,-23) (25,-24) (26,-23) (27,-21) (28,-18) (29,-17) (30,-15) (31,-15) (32,-12) (33,-7) (34,-4) 
(99,-10) (76,8) (74,9) (8,12) (4,9) (0,0) (43,10) (9,11) (42,10) (40,10) (10,9) (39,9) (11,9) (38,7) (12,7) (13,5) (37,5) (14,3) (36,2) (15,0) (35,-1) (16,-3) 
(99,-10) (76,8) (74,9) (8,12) (4,9) (0,0) (43,10) (9,11) (73,8) (72,7) (44,9) (71,5) (45,7) (70,3) (46,6) (69,1) (68,0) (47,3) (67,-3) (48,0) 
(99,-10) (76,8) (74,9) (8,12) (4,9) (0,0) (43,10) (9,11) (73,8) (72,7) (44,9) (71,5) (45,7) (70,3) (46,6) (69,1) (68,0) (47,3) (67,-3) (48,0) (49,-4) (50,-8) (51,-10) (52,-13) (53,-17) (54,-19) (55,-21) (56,-21) (57,-22) (58,-22) (59,-21) (60,-19) (61,-18) (62,-17) (63,-14) (64,-12) (65,-9) (66,-7) 
(99,-10) (76,8) (74,9) (8,12) (4,9) (0,0) (43,10) (9,11) (73,8) (72,7) (44,9) (71,5) (45,7) (70,3) (46,6) (69,1) (68,0) (47,3) (67,-3) (48,0) 
(99,-10) (76,8) (74,9) (8,12) (4,9) (0,0) (98,-15) (77,7) (97,-18) (78,3) (96,-19) (79,0) (95,-21) (80,-2) (94,-25) (81,-5) (93,-27) (82,-10) (92,-28) (83,-13) (91,-28) (84,-17) 
(99,-10) (76,8) (74,9) (8,12) (4,9) (0,0) (98,-15) (77,7) (97,-18) (78,3) (96,-19) (79,0) (95,-21) (80,-2) (94,-25) (81,-5) (93,-27) (82,-10) (92,-28) (83,-13) (91,-28) (84,-17) (85,-20) (86,-21) (87,-24) (88,-25) (89,-27) (90,-28) 
TD 10 :
(99,-10) (76,8) (74,9) (8,12) (4,9) (0,0) (43,10) (9,11) (42,10) (40,10) (10,9) (39,9) (11,9) (38,7) (12,7) (13,5) (37,5) (14,3) (36,2) (15,0) (35,-1) (16,-3) (34,-4) (17,-7) (18,-10) (19,-12) (20,-15) (21,-18) (22,-21) (23,-22) (24,-23) (25,-24) (26,-23) (27,-21) (28,-18) (29,-17) (30,-15) (31,-15) (32,-12) (33,-7) 
(99,-10) (76,8) (74,9) (8,12) (4,9) (0,0) (43,10) (9,11) (42,10) (40,10) (10,9) (39,9) (11,9) (38,7) (12,7) (13,5) (37,5) (14,3) (36,2) (15,0) (35,-1) (16,-3) (34,-4) (17,-7) 
(99,-10) (76,8) (74,9) (8,12) (4,9) (0,0) (43,10) (9,11) (73,8) (72,7) (44,9) (71,5) (45,7) (70,3) (46,6) (69,1) (68,0) (47,3) (67,-3) (48,0) (66,-7) (49,-4) 
(99,-10) (76,8) (74,9) (8,12) (4,9) (0,0) (43,10) (9,11) (73,8) (72,7) (44,9) (71,5) (45,7) (70,3) (46,6) (69,1) (68,0) (47,3) (67,-3) (48,0) (66,-7) (49,-4) (50,-8) (51,-10) (52,-13) (53,-17) (54,-19) (55,-21) (56,-21) (57,-22) (58,-22) (59,-21) (60,-19) (61,-18) (62,-17) (63,-14) (64,-12) (65,-9) 
(99,-10) (76,8) (74,9) (8,12) (4,9) (0,0) (43,10) (9,11) (73,8) (72,7) (44,9) (71,5) (45,7) (70,3) (46,6) (69,1) (68,0) (47,3) (67,-3) (48,0) (66,-7) (49,-4) 
(99,-10) (76,8) (74,9) (8,12) (4,9) (0,0) (98,-15) (77,7) (97,-18) (78,3) (96,-19) (79,0) (95,-21) (80,-2) (94,-25) (81,-5) (93,-27) (82,-10) (92,-28) (83,-13) (91,-28) (84,-17) (90,-28) (86,-21) (85,-20) 
(99,-10) (76,8) (74,9) (8,12) (4,9) (0,0) (98,-15) (77,7) (97,-18) (78,3) (96,-19) (79,0) (95,-21) (80,-2) (94,-25) (81,-5) (93,-27) (82,-10) (92,-28) (83,-13) (91,-28) (84,-17) (90,-28) (86,-21) (85,-20) 
(99,-10) (76,8) (74,9) (8,12) (4,9) (0,0) (98,-15) (77,7) (97,-18) (78,3) (96,-19) (79,0) (95,-21) (80,-2) (94,-25) (81,-5) (93,-27) (82,-10) (92,-28) (83,-13) (91,-28) (84,-17) (90,-28) (86,-21) (85,-20) (87,-24) (88,-25) (89,-27) 
TD 11 :
(99,-10) (76,8) (74,9) (8,12) (4,9) (0,0) (43,10) (9,11) (42,10) (40,10) (10,9) (39,9) (11,9) (38,7) (12,7) (13,5) (37,5) (14,3) (36,2) (15,0) (35,-1) (16,-3) (34,-4) (17,-7) (33,-7) (18,-10) (19,-12) (20,-15) (21,-18) (22,-21) (23,-22) (24,-23) (25,-24) (26,-23) (27,-21) (28,-18) (29,-17) (30,-15) (31,-15) (32,-12) 
(99,-10) (76,8) (74,9) (8,12) (4,9) (0,0) (43,10) (9,11) (42,10) (40,10) (10,9) (39,9) (11,9) (38,7) (12,7) (13,5) (37,5) (14,3) (36,2) (15,0) (35,-1) (16,-3) (34,-4) (17,-7) (33,-7) (18,-10) 
(99,-10) (76,8) (74,9) (8,12) (4,9) (0,0) (43,10) (9,11) (73,8) (72,7) (44,9) (71,5) (45,7) (70,3) (46,6) (69,1) (68,0) (47,3) (67,-3) (48,0) (66,-7) (49,-4) (65,-9) (50,-8) 
(99,-10) (76,8) (74,9) (8,12) (4,9) (0,0) (43,10) (9,11) (73,8) (72,7) (44,9) (71,5) (45,7) (70,3) (46,6) (69,1) (68,0) (47,3) (67,-3) (48,0) (66,-7) (49,-4) (65,-9) (50,-8) (51,-10) (52,-13) (53,-17) (54,-19) (55,-21) (56,-21) (57,-22) (58,-22) (59,-21) (60,-19) (61,-18) (62,-17) (63,-14) (64,-12) 
(99,-10) (76,8) (74,9) (8,12) (4,9) (0,0) (43,10) (9,11) (73,8) (72,7) (44,9) (71,5) (45,7) (70,3) (46,6) (69,1) (68,0) (47,3) (67,-3) (48,0) (66,-7) (49,-4) (65,-9) (50,-8) 
(99,-10) (76,8) (74,9) (8,12) (4,9) (0,0) (98,-15) (77,7) (97,-18) (78,3) (96,-19) (79,0) (95,-21) (80,-2) (94,-25) (81,-5) (93,-27) (82,-10) (92,-28) (83,-13) (91,-28) (84,-17) (90,-28) (86,-21) (85,-20) (89,-27) (88,-25) (87,-24) 
(99,-10) (76,8) (74,9) (8,12) (4,9) (0,0) (98,-15) (77,7) (97,-18) (78,3) (96,-19) (79,0) (95,-21) (80,-2) (94,-25) (81,-5) (93,-27) (82,-10) (92,-28) (83,-13) (91,-28) (84,-17) (90,-28) (86,-21) (85,-20) (89,-27) (88,-25) (87,-24) 
(99,-10) (76,8) (74,9) (8,12) (4,9) (0,0) (98,-15) (77,7) (97,-18) (78,3) (96,-19) (79,0) (95,-21) (80,-2) (94,-25) (81,-5) (93,-27) (82,-10) (92,-28) (83,-13) (91,-28) (84,-17) (90,-28) (86,-21) (85,-20) (89,-27) (88,-25) (87,-24) 
TD 12 :
(99,-10) (76,8) (74,9) (8,12) (4,9) (0,0) (43,10) (9,11) (42,10) (40,10) (10,9) (39,9) (11,9) (38,7) (12,7) (13,5) (37,5) (14,3) (36,2) (15,0) (35,-1) (16,-3) (34,-4) (17,-7) (33,-7) (18,-10) (19,-12) (20,-15) (21,-18) (22,-21) (23,-22) (24,-23) (25,-24) (26,-23) (27,-21) (28,-18) (29,-17) (30,-15) (31,-15) (32,-12) 
(99,-10) (76,8) (74,9) (8,12) (4,9) (0,0) (43,10) (9,11) (73,8) (72,7) (44,9) (71,5) (45,7) (70,3) (46,6) (69,1) (68,0) (47,3) (67,-3) (48,0) (66,-7) (49,-4) (65,-9) (50,-8) (64,-12) (51,-10) 
(99,-10) (76,8) (74,9) (8,12) (4,9) (0,0) (43,10) (9,11) (73,8) (72,7) (44,9) (71,5) (45,7) (70,3) (46,6) (69,1) (68,0) (47,3) (67,-3) (48,0) (66,-7) (49,-4) (65,-9) (50,-8) (64,-12) (51,-10) (52,-13) (53,-17) (54,-19) (55,-21) (56,-21) (57,-22) (58,-22) (59,-21) (60,-19) (61,-18) (62,-17) (63,-14) 
TD 13 :
(99,-10) (76,8) (74,9) (8,12) (4,9) (0,0) (43,10) (9,11) (42,10) (40,10) (10,9) (39,9) (11,9) (38,7) (12,7) (13,5) (37,5) (14,3) (36,2) (15,0) (35,-1) (16,-3) (34,-4) (17,-7) (33,-7) (18,-10) (19,-12) (32,-12) (20,-15) (21,-18) (22,-21) (23,-22) (24,-23) (25,-24) (26,-23) (27,-21) (28,-18) (29,-17) (30,-15) (31,-15) 
(99,-10) (76,8) (74,9) (8,12) (4,9) (0,0) (43,10) (9,11) (42,10) (40,10) (10,9) (39,9) (11,9) (38,7) (12,7) (13,5) (37,5) (14,3) (36,2) (15,0) (35,-1) (16,-3) (34,-4) (17,-7) (33,-7) (18,-10) (19,-12) (32,-12) (20,-15) 
(99,-10) (76,8) (74,9) (8,12) (4,9) (0,0) (43,10) (9,11) (73,8) (72,7) (44,9) (71,5) (45,7) (70,3) (46,6) (69,1) (68,0) (47,3) (67,-3) (48,0) (66,-7) (49,-4) (65,-9) (50,-8) (64,-12) (51,-10) (63,-14) (52,-13) 
(99,-10) (76,8) (74,9) (8,12) (4,9) (0,0) (43,10) (9,11) (73,8) (72,7) (44,9) (71,5) (45,7) (70,3) (46,6) (69,1) (68,0) (47,3) (67,-3) (48,0) (66,-7) (49,-4) (65,-9) (50,-8) (64,-12) (51,-10) (63,-14) (52,-13) (53,-17) (54,-19) (55,-21) (56,-21) (57,-22) (58,-22) (59,-21) (60,-19) (61,-18) (62,-17) 
TD 14 :
(99,-10) (76,8) (74,9) (8,12) (4,9) (0,0) (43,10) (9,11) (42,10) (40,10) (10,9) (39,9) (11,9) (38,7) (12,7) (13,5) (37,5) (14,3) (36,2) (15,0) (35,-1) (16,-3) (34,-4) (17,-7) (33,-7) (18,-10) (19,-12) (32,-12) (20,-15) (31,-15) (30,-15) (21,-18) (22,-21) (23,-22) (24,-23) (25,-24) (26,-23) (27,-21) (28,-18) (29,-17) 
(99,-10) (76,8) (74,9) (8,12) (4,9) (0,0) (43,10) (9,11) (42,10) (40,10) (10,9) (39,9) (11,9) (38,7) (12,7) (13,5) (37,5) (14,3) (36,2) (15,0) (35,-1) (16,-3) (34,-4) (17,-7) (33,-7) (18,-10) (19,-12) (32,-12) (20,-15) (31,-15) (30,-15) (21,-18) 
(99,-10) (76,8) (74,9) (8,12) (4,9) (0,0) (43,10) (9,11) (42,10) (40,10) (10,9) (39,9) (11,9) (38,7) (12,7) (13,5) (37,5) (14,3) (36,2) (15,0) (35,-1) (16,-3) (34,-4) (17,-7) (33,-7) (18,-10) (19,-12) (32,-12) (20,-15) (31,-15) (30,-15) (21,-18) 
(99,-10) (76,8) (74,9) (8,12) (4,9) (0,0) (43,10) (9,11) (73,8) (72,7) (44,9) (71,5) (45,7) (70,3) (46,6) (69,1) (68,0) (47,3) (67,-3) (48,0) (66,-7) (49,-4) (65,-9) (50,-8) (64,-12) (51,-10) (63,-14) (52,-13) (62,-17) (53,-17) (54,-19) (55,-21) (56,-21) (57,-22) (58,-22) (59,-21) (60,-19) (61,-18) 
TD 15 :
(99,-10) (76,8) (74,9) (8,12) (4,9) (0,0) (43,10) (9,11) (42,10) (40,10) (10,9) (39,9) (11,9) (38,7) (12,7) (13,5) (37,5) (14,3) (36,2) (15,0) (35,-1) (16,-3) (34,-4) (17,-7) (33,-7) (18,-10) (19,-12) (32,-12) (20,-15) (31,-15) (30,-15) (21,-18) (29,-17) (22,-21) (23,-22) (24,-23) (25,-24) (26,-23) (27,-21) (28,-18) 
(99,-10) (76,8) (74,9) (8,12) (4,9) (0,0) (43,10) (9,11) (42,10) (40,10) (10,9) (39,9) (11,9) (38,7) (12,7) (13,5) (37,5) (14,3) (36,2) (15,0) (35,-1) (16,-3) (34,-4) (17,-7) (33,-7) (18,-10) (19,-12) (32,-12) (20,-15) (31,-15) (30,-15) (21,-18) (29,-17) (22,-21) 
(99,-10) (76,8) (74,9) (8,12) (4,9) (0,0) (43,10) (9,11) (73,8) (72,7) (44,9) (71,5) (45,7) (70,3) (46,6) (69,1) (68,0) (47,3) (67,-3) (48,0) (66,-7) (49,-4) (65,-9) (50,-8) (64,-12) (51,-10) (63,-14) (52,-13) (62,-17) (61,-18) (53,-17) 
(99,-10) (76,8) (74,9) (8,12) (4,9) (0,0) (43,10) (9,11) (73,8) (72,7) (44,9) (71,5) (45,7) (70,3) (46,6) (69,1) (68,0) (47,3) (67,-3) (48,0) (66,-7) (49,-4) (65,-9) (50,-8) (64,-12) (51,-10) (63,-14) (52,-13) (62,-17) (61,-18) (53,-17) (54,-19) (55,-21) (56,-21) (57,-22) (58,-22) (59,-21) (60,-19) 
TD 16 :
(99,-10) (76,8) (74,9) (8,12) (4,9) (0,0) (43,10) (9,11) (42,10) (40,10) (10,9) (39,9) (11,9) (38,7) (12,7) (13,5) (37,5) (14,3) (36,2) (15,0) (35,-1) (16,-3) (34,-4) (17,-7) (33,-7) (18,-10) (19,-12) (32,-12) (20,-15) (31,-15) (30,-15) (21,-18) (29,-17) (22,-21) (28,-18) (23,-22) (24,-23) (25,-24) (26,-23) (27,-21) 
(99,-10) (76,8) (74,9) (8,12) (4,9) (0,0) (43,10) (9,11) (42,10) (40,10) (10,9) (39,9) (11,9) (38,7) (12,7) (13,5) (37,5) (14,3) (36,2) (15,0) (35,-1) (16,-3) (34,-4) (17,-7) (33,-7) (18,-10) (19,-12) (32,-12) (20,-15) (31,-15) (30,-15) (21,-18) (29,-17) (22,-21) (28,-18) (23,-22) 
(99,-10) (76,8) (74,9) (8,12) (4,9) (0,0) (43,10) (9,11) (73,8) (72,7) (44,9) (71,5) (45,7) (70,3) (46,6) (69,1) (68,0) (47,3) (67,-3) (48,0) (66,-7) (49,-4) (65,-9) (50,-8) (64,-12) (51,-10) (63,-14) (52,-13) (62,-17) (61,-18) (53,-17) (60,-19) (54,-19) (55,-21) (56,-21) (57,-22) (58,-22) (59,-21) 
TD 17 :
(99,-10) (76,8) (74,9) (8,12) (4,9) (0,0) (43,10) (9,11) (42,10) (40,10) (10,9) (39,9) (11,9) (38,7) (12,7) (13,5) (37,5) (14,3) (36,2) (15,0) (35,-1) (16,-3) (34,-4) (17,-7) (33,-7) (18,-10) (19,-12) (32,-12) (20,-15) (31,-15) (30,-15) (21,-18) (29,-17) (22,-21) (28,-18) (23,-22) (27,-21) (24,-23) (25,-24) (26,-23) 
(99,-10) (76,8) (74,9) (8,12) (4,9) (0,0) (43,10) (9,11) (42,10) (40,10) (10,9) (39,9) (11,9) (38,7) (12,7) (13,5) (37,5) (14,3) (36,2) (15,0) (35,-1) (16,-3) (34,-4) (17,-7) (33,-7) (18,-10) (19,-12) (32,-12) (20,-15) (31,-15) (30,-15) (21,-18) (29,-17) (22,-21) (28,-18) (23,-22) (27,-21) (24,-23) 
(99,-10) (76,8) (74,9) (8,12) (4,9) (0,0) (43,10) (9,11) (73,8) (72,7) (44,9) (71,5) (45,7) (70,3) (46,6) (69,1) (68,0) (47,3) (67,-3) (48,0) (66,-7) (49,-4) (65,-9) (50,-8) (64,-12) (51,-10) (63,-14) (52,-13) (62,-17) (61,-18) (53,-17) (60,-19) (59,-21) (54,-19) 
(99,-10) (76,8) (74,9) (8,12) (4,9) (0,0) (43,10) (9,11) (73,8) (72,7) (44,9) (71,5) (45,7) (70,3) (46,6) (69,1) (68,0) (47,3) (67,-3) (48,0) (66,-7) (49,-4) (65,-9) (50,-8) (64,-12) (51,-10) (63,-14) (52,-13) (62,-17) (61,-18) (53,-17) (60,-19) (59,-21) (54,-19) (55,-21) (56,-21) (57,-22) (58,-22) 
TD 18 :
(99,-10) (76,8) (74,9) (8,12) (4,9) (0,0) (43,10) (9,11) (42,10) (40,10) (10,9) (39,9) (11,9) (38,7) (12,7) (13,5) (37,5) (14,3) (36,2) (15,0) (35,-1) (16,-3) (34,-4) (17,-7) (33,-7) (18,-10) (19,-12) (32,-12) (20,-15) (31,-15) (30,-15) (21,-18) (29,-17) (22,-21) (28,-18) (23,-22) (27,-21) (24,-23) (26,-23) (25,-24) 
(99,-10) (76,8) (74,9) (8,12) (4,9) (0,0) (43,10) (9,11) (42,10) (40,10) (10,9) (39,9) (11,9) (38,7) (12,7) (13,5) (37,5) (14,3) (36,2) (15,0) (35,-1) (16,-3) (34,-4) (17,-7) (33,-7) (18,-10) (19,-12) (32,-12) (20,-15) (31,-15) (30,-15) (21,-18) (29,-17) (22,-21) (28,-18) (23,-22) (27,-21) (24,-23) (26,-23) (25,-24) 
(99,-10) (76,8) (74,9) (8,12) (4,9) (0,0) (43,10) (9,11) (73,8) (72,7) (44,9) (71,5) (45,7) (70,3) (46,6) (69,1) (68,0) (47,3) (67,-3) (48,0) (66,-7) (49,-4) (65,-9) (50,-8) (64,-12) (51,-10) (63,-14) (52,-13) (62,-17) (61,-18) (53,-17) (60,-19) (59,-21) (54,-19) (58,-22) (56,-21) (55,-21) 
(99,-10) (76,8) (74,9) (8,12) (4,9) (0,0) (43,10) (9,11) (73,8) (72,7) (44,9) (71,5) (45,7) (70,3) (46,6) (69,1) (68,0) (47,3) (67,-3) (48,0) (66,-7) (49,-4) (65,-9) (50,-8) (64,-12) (51,-10) (63,-14) (52,-13) (62,-17) (61,-18) (53,-17) (60,-19) (59,-21) (54,-19) (58,-22) (56,-21) (55,-21) 
(99,-10) (76,8) (74,9) (8,12) (4,9) (0,0) (43,10) (9,11) (73,8) (72,7) (44,9) (71,5) (45,7) (70,3) (46,6) (69,1) (68,0) (47,3) (67,-3) (48,0) (66,-7) (49,-4) (65,-9) (50,-8) (64,-12) (51,-10) (63,-14) (52,-13) (62,-17) (61,-18) (53,-17) (60,-19) (59,-21) (54,-19) (58,-22) (56,-21) (55,-21) (57,-22) 
Pocket 0 :
()
Pocket 1 :
({  (0,0) ,(1,2) } {  (3,5) ,(4,9) } {  (0,0) ,(1,2) } {  (3,5) ,(4,9) } {  (0,0) ,(1,2) } {  (3,5) ,(4,9) } {  (0,0) ,(1,2) } {  (3,5) ,(4,9) } {  (0,0) ,(1,2) } {  (3,5) ,(4,9) } )
Pocket 2 :
({  (1,2) ,(0,0) } {  (3,5) ,(2,4) } {  (1,2) ,(0,0) } {  (3,5) ,(2,4) } {  (6,10) ,(5,9) } {  (6,10) ,(5,9) } {  (6,10) ,(5,9) } {  (6,10) ,(5,9) } {  (10,9) ,(9,11) } {  (10,9) ,(9,11) } {  (10,9) ,(9,11) } {  (99,-10) ,(75,8) } {  (99,-10) ,(75,8) } {  (78,3) ,(77,7) } {  (78,3) ,(77,7) } )
Pocket 3 :
({  (3,5) ,(1,2) } {  (11,9) ,(10,9) } {  (11,9) ,(10,9) } {  (11,9) ,(10,9) } {  (11,9) ,(10,9) } {  (99,-10) ,(73,8) } {  (99,-10) ,(73,8) } {  (79,0) ,(78,3) } {  (79,0) ,(78,3) } )
Pocket 4 :
({  (11,9) ,(10,9) } {  (99,-10) ,(39,9) } {  (11,9) ,(10,9) } {  (99,-10) ,(39,9) } {  (99,-10) ,(41,9) } {  (99,-10) ,(41,9) } {  (45,7) ,(44,9) } {  (45,7) ,(44,9) } {  (45,7) ,(44,9) } {  (80,-2) ,(79,0) } {  (80,-2) ,(79,0) } )
Pocket 5 :
({  (12,7) ,(11,9) } {  (99,-10) ,(38,7) } {  (12,7) ,(11,9) } {  (99,-10) ,(38,7) } {  (46,6) ,(45,7) } {  (46,6) ,(45,7) } {  (46,6) ,(45,7) } {  (81,-5) ,(80,-2) } {  (81,-5) ,(80,-2) } )
Pocket 6 :
({  (13,5) ,(12,7) } {  (47,3) ,(46,6) } {  (47,3) ,(46,6) } {  (47,3) ,(46,6) } {  (82,-10) ,(81,-5) } {  (82,-10) ,(81,-5) } )
Pocket 7 :
({  (14,3) ,(13,5) } {  (99,-10) ,(37,5) } {  (14,3) ,(13,5) } {  (99,-10) ,(37,5) } {  (99,-10) ,(69,1) } {  (99,-10) ,(69,1) } {  (83,-13) ,(82,-10) } {  (83,-13) ,(82,-10) } )
Pocket 8 :
({  (15,0) ,(14,3) } {  (99,-10) ,(36,2) } {  (15,0) ,(14,3) } {  (99,-10) ,(36,2) } {  (48,0) ,(47,3) } {  (48,0) ,(47,3) } {  (48,0) ,(47,3) } {  (84,-17) ,(83,-13) } {  (84,-17) ,(83,-13) } )
Pocket 9 :
({  (16,-3) ,(15,0) } {  (99,-10) ,(35,-1) } {  (16,-3) ,(15,0) } {  (99,-10) ,(35,-1) } {  (49,-4) ,(48,0) } {  (49,-4) ,(48,0) } {  (49,-4) ,(48,0) } {  (85,-20) ,(84,-17) } {  (85,-20) ,(84,-17) } )
Pocket 10 :
({  (17,-7) ,(16,-3) } {  (99,-10) ,(34,-4) } {  (17,-7) ,(16,-3) } {  (99,-10) ,(34,-4) } {  (50,-8) ,(49,-4) } {  (50,-8) ,(49,-4) } {  (50,-8) ,(49,-4) } {  (86,-21) ,(85,-20) } {  (86,-21) ,(85,-20) } {  (86,-21) ,(85,-20) } )
Pocket 11 :
({  (18,-10) ,(17,-7) } {  (99,-10) ,(33,-7) } {  (18,-10) ,(17,-7) } {  (99,-10) ,(33,-7) } {  (51,-10) ,(50,-8) } {  (51,-10) ,(50,-8) } {  (51,-10) ,(50,-8) } {  (88,-25) ,(87,-24) } {  (88,-25) ,(87,-24) } {  (88,-25) ,(87,-24) } )
Pocket 12 :
({  (19,-12) ,(18,-10) } {  (52,-13) ,(51,-10) } {  (52,-13) ,(51,-10) } )
Pocket 13 :
({  (20,-15) ,(19,-12) } {  (99,-10) ,(32,-12) } {  (20,-15) ,(19,-12) } {  (99,-10) ,(32,-12) } {  (53,-17) ,(52,-13) } {  (53,-17) ,(52,-13) } )
Pocket 14 :
({  (21,-18) ,(20,-15) } {  (31,-15) ,(30,-15) } {  (21,-18) ,(20,-15) } {  (31,-15) ,(30,-15) } {  (21,-18) ,(20,-15) } {  (31,-15) ,(30,-15) } {  (99,-10) ,(62,-17) } )
Pocket 15 :
({  (22,-21) ,(21,-18) } {  (99,-10) ,(29,-17) } {  (22,-21) ,(21,-18) } {  (99,-10) ,(29,-17) } {  (54,-19) ,(53,-17) } {  (54,-19) ,(53,-17) } )
Pocket 16 :
({  (23,-22) ,(22,-21) } {  (99,-10) ,(28,-18) } {  (23,-22) ,(22,-21) } {  (99,-10) ,(28,-18) } {  (99,-10) ,(60,-19) } )
Pocket 17 :
({  (24,-23) ,(23,-22) } {  (99,-10) ,(27,-21) } {  (24,-23) ,(23,-22) } {  (99,-10) ,(27,-21) } {  (55,-21) ,(54,-19) } {  (55,-21) ,(54,-19) } )
