20 layers in onion peeling: 
Layer 1
(99,12) (75,21) (7,18) (5,15) (4,13) (3,11) (2,8) (1,5) (0,1) 
Layer 2
(98,9) (76,20) (74,20) (42,19) (8,17) (6,16) 
Layer 3
(97,6) (77,19) (73,19) (43,19) (9,16) 
Layer 4
(96,3) (78,17) (72,18) (41,18) (10,16) 
Layer 5
(95,1) (79,15) (71,16) (44,17) (40,17) (11,14) 
Layer 6
(94,-1) (80,14) (45,16) (39,16) (12,13) 
Layer 7
(93,-3) (81,12) (70,13) (38,15) (13,10) 
Layer 8
(92,-6) (82,9) (46,13) (37,12) (14,7) 
Layer 9
(91,-7) (83,7) (69,10) (47,10) (36,9) (15,3) 
Layer 10
(90,-7) (84,5) (68,7) (48,7) (35,6) (16,0) 
Layer 11
(89,-6) (88,-4) (87,-2) (85,2) (67,6) (34,3) (17,-2) 
Layer 12
(86,-1) (66,2) (49,3) (33,-1) (18,-5) 
Layer 13
(65,-1) (50,1) (32,-3) (19,-7) 
Layer 14
(64,-2) (31,-4) (20,-10) 
Layer 15
(63,-4) (51,-3) (30,-6) (21,-13) 
Layer 16
(62,-6) (52,-5) (29,-9) (22,-14) 
Layer 17
(61,-9) (53,-7) (28,-12) (23,-16) 
Layer 18
(60,-11) (54,-10) (27,-14) (25,-16) (24,-17) 
Layer 19
(59,-11) (55,-11) (26,-16) 
Layer 20
(58,-12) (56,-13) 
---------------------------------------------------------------------------------------
TD 0 :
(99,12) (98,9) (97,6) (96,3) (95,1) (94,-1) (93,-3) (92,-6) (91,-7) (90,-7) (89,-6) (88,-4) (87,-2) (86,-1) (85,2) (84,5) (83,7) (82,9) (81,12) (80,14) (79,15) (78,17) (77,19) (76,20) (75,21) (74,20) (73,19) (72,18) (71,16) (70,13) (69,10) (68,7) (67,6) (66,2) (65,-1) (64,-2) (63,-4) (62,-6) (61,-9) (60,-11) (59,-11) (58,-12) (57,-13) (56,-13) (55,-11) (54,-10) (53,-7) (52,-5) (51,-3) (50,1) (49,3) (48,7) (47,10) (46,13) (45,16) (44,17) (43,19) (42,19) (41,18) (40,17) (39,16) (38,15) (37,12) (36,9) (35,6) (34,3) (33,-1) (32,-3) (31,-4) (30,-6) (29,-9) (28,-12) (27,-14) (26,-16) (25,-16) (24,-17) (23,-16) (22,-14) (21,-13) (20,-10) (19,-7) (18,-5) (17,-2) (16,0) (15,3) (14,7) (13,10) (12,13) (11,14) (10,16) (9,16) (8,17) (7,18) (6,16) (5,15) (4,13) (3,11) (2,8) (1,5) (0,1) 
TD 1 :
(99,12) (75,21) (7,18) (5,15) (4,13) (3,11) (2,8) (1,5) (0,1) 
(99,12) (75,21) (7,18) (5,15) (4,13) (3,11) (2,8) (1,5) (0,1) 
(99,12) (75,21) (7,18) (5,15) (4,13) (3,11) (2,8) (1,5) (0,1) 
(99,12) (75,21) (7,18) (5,15) (4,13) (3,11) (2,8) (1,5) (0,1) 
(99,12) (75,21) (7,18) (5,15) (4,13) (3,11) (2,8) (1,5) (0,1) 
(99,12) (75,21) (7,18) (5,15) (4,13) (3,11) (2,8) (1,5) (0,1) (6,16) 
(99,12) (75,21) (7,18) (5,15) (4,13) (3,11) (2,8) (1,5) (0,1) (8,17) (9,16) (10,16) (11,14) (12,13) (13,10) (14,7) (15,3) (16,0) (17,-2) (18,-5) (19,-7) (20,-10) (21,-13) (22,-14) (23,-16) (24,-17) (25,-16) (26,-16) (27,-14) (28,-12) (29,-9) (30,-6) (31,-4) (32,-3) (33,-1) (34,3) (35,6) (36,9) (37,12) (38,15) (39,16) (40,17) (41,18) (42,19) (43,19) (44,17) (45,16) (46,13) (47,10) (48,7) (49,3) (50,1) (51,-3) (52,-5) (53,-7) (54,-10) (55,-11) (56,-13) (57,-13) (58,-12) (59,-11) (60,-11) (61,-9) (62,-6) (63,-4) (64,-2) (65,-1) (66,2) (67,6) (68,7) (69,10) (70,13) (71,16) (72,18) (73,19) (74,20) 
(99,12) (75,21) (7,18) (5,15) (4,13) (3,11) (2,8) (1,5) (0,1) (76,20) (77,19) (78,17) (79,15) (80,14) (81,12) (82,9) (83,7) (84,5) (85,2) (86,-1) (87,-2) (88,-4) (89,-6) (90,-7) (91,-7) (92,-6) (93,-3) (94,-1) (95,1) (96,3) (97,6) (98,9) 
TD 2 :
(99,12) (75,21) (7,18) (5,15) (4,13) (3,11) (2,8) (1,5) (0,1) (6,16) 
(99,12) (75,21) (7,18) (5,15) (4,13) (3,11) (2,8) (1,5) (0,1) (74,20) (42,19) (8,17) 
(99,12) (75,21) (7,18) (5,15) (4,13) (3,11) (2,8) (1,5) (0,1) (74,20) (42,19) (8,17) (9,16) (10,16) (11,14) (12,13) (13,10) (14,7) (15,3) (16,0) (17,-2) (18,-5) (19,-7) (20,-10) (21,-13) (22,-14) (23,-16) (24,-17) (25,-16) (26,-16) (27,-14) (28,-12) (29,-9) (30,-6) (31,-4) (32,-3) (33,-1) (34,3) (35,6) (36,9) (37,12) (38,15) (39,16) (40,17) (41,18) 
(99,12) (75,21) (7,18) (5,15) (4,13) (3,11) (2,8) (1,5) (0,1) (74,20) (42,19) (8,17) (43,19) (44,17) (45,16) (46,13) (47,10) (48,7) (49,3) (50,1) (51,-3) (52,-5) (53,-7) (54,-10) (55,-11) (56,-13) (57,-13) (58,-12) (59,-11) (60,-11) (61,-9) (62,-6) (63,-4) (64,-2) (65,-1) (66,2) (67,6) (68,7) (69,10) (70,13) (71,16) (72,18) (73,19) 
(99,12) (75,21) (7,18) (5,15) (4,13) (3,11) (2,8) (1,5) (0,1) (74,20) (42,19) (8,17) 
(99,12) (75,21) (7,18) (5,15) (4,13) (3,11) (2,8) (1,5) (0,1) (98,9) (76,20) 
(99,12) (75,21) (7,18) (5,15) (4,13) (3,11) (2,8) (1,5) (0,1) (98,9) (76,20) (77,19) (78,17) (79,15) (80,14) (81,12) (82,9) (83,7) (84,5) (85,2) (86,-1) (87,-2) (88,-4) (89,-6) (90,-7) (91,-7) (92,-6) (93,-3) (94,-1) (95,1) (96,3) (97,6) 
TD 3 :
(99,12) (75,21) (7,18) (5,15) (4,13) (3,11) (2,8) (1,5) (0,1) (74,20) (42,19) (8,17) (9,16) (10,16) (11,14) (12,13) (13,10) (14,7) (15,3) (16,0) (17,-2) (18,-5) (19,-7) (20,-10) (21,-13) (22,-14) (23,-16) (24,-17) (25,-16) (26,-16) (27,-14) (28,-12) (29,-9) (30,-6) (31,-4) (32,-3) (33,-1) (34,3) (35,6) (36,9) (37,12) (38,15) (39,16) (40,17) (41,18) 
(99,12) (75,21) (7,18) (5,15) (4,13) (3,11) (2,8) (1,5) (0,1) (74,20) (42,19) (8,17) (73,19) (43,19) 
(99,12) (75,21) (7,18) (5,15) (4,13) (3,11) (2,8) (1,5) (0,1) (74,20) (42,19) (8,17) (73,19) (43,19) (44,17) (45,16) (46,13) (47,10) (48,7) (49,3) (50,1) (51,-3) (52,-5) (53,-7) (54,-10) (55,-11) (56,-13) (57,-13) (58,-12) (59,-11) (60,-11) (61,-9) (62,-6) (63,-4) (64,-2) (65,-1) (66,2) (67,6) (68,7) (69,10) (70,13) (71,16) (72,18) 
(99,12) (75,21) (7,18) (5,15) (4,13) (3,11) (2,8) (1,5) (0,1) (74,20) (42,19) (8,17) (73,19) (43,19) 
(99,12) (75,21) (7,18) (5,15) (4,13) (3,11) (2,8) (1,5) (0,1) (98,9) (76,20) (97,6) (77,19) 
(99,12) (75,21) (7,18) (5,15) (4,13) (3,11) (2,8) (1,5) (0,1) (98,9) (76,20) (97,6) (77,19) (78,17) (79,15) (80,14) (81,12) (82,9) (83,7) (84,5) (85,2) (86,-1) (87,-2) (88,-4) (89,-6) (90,-7) (91,-7) (92,-6) (93,-3) (94,-1) (95,1) (96,3) 
TD 4 :
(99,12) (75,21) (7,18) (5,15) (4,13) (3,11) (2,8) (1,5) (0,1) (74,20) (42,19) (8,17) (9,16) (41,18) (10,16) (11,14) (12,13) (13,10) (14,7) (15,3) (16,0) (17,-2) (18,-5) (19,-7) (20,-10) (21,-13) (22,-14) (23,-16) (24,-17) (25,-16) (26,-16) (27,-14) (28,-12) (29,-9) (30,-6) (31,-4) (32,-3) (33,-1) (34,3) (35,6) (36,9) (37,12) (38,15) (39,16) (40,17) 
(99,12) (75,21) (7,18) (5,15) (4,13) (3,11) (2,8) (1,5) (0,1) (74,20) (42,19) (8,17) (9,16) (41,18) (10,16) 
(99,12) (75,21) (7,18) (5,15) (4,13) (3,11) (2,8) (1,5) (0,1) (74,20) (42,19) (8,17) (73,19) (43,19) (72,18) (44,17) (45,16) (46,13) (47,10) (48,7) (49,3) (50,1) (51,-3) (52,-5) (53,-7) (54,-10) (55,-11) (56,-13) (57,-13) (58,-12) (59,-11) (60,-11) (61,-9) (62,-6) (63,-4) (64,-2) (65,-1) (66,2) (67,6) (68,7) (69,10) (70,13) (71,16) 
(99,12) (75,21) (7,18) (5,15) (4,13) (3,11) (2,8) (1,5) (0,1) (74,20) (42,19) (8,17) (73,19) (43,19) (72,18) 
(99,12) (75,21) (7,18) (5,15) (4,13) (3,11) (2,8) (1,5) (0,1) (98,9) (76,20) (97,6) (77,19) (96,3) (78,17) 
(99,12) (75,21) (7,18) (5,15) (4,13) (3,11) (2,8) (1,5) (0,1) (98,9) (76,20) (97,6) (77,19) (96,3) (78,17) (79,15) (80,14) (81,12) (82,9) (83,7) (84,5) (85,2) (86,-1) (87,-2) (88,-4) (89,-6) (90,-7) (91,-7) (92,-6) (93,-3) (94,-1) (95,1) 
TD 5 :
(99,12) (75,21) (7,18) (5,15) (4,13) (3,11) (2,8) (1,5) (0,1) (74,20) (42,19) (8,17) (9,16) (41,18) (10,16) (40,17) (11,14) (12,13) (13,10) (14,7) (15,3) (16,0) (17,-2) (18,-5) (19,-7) (20,-10) (21,-13) (22,-14) (23,-16) (24,-17) (25,-16) (26,-16) (27,-14) (28,-12) (29,-9) (30,-6) (31,-4) (32,-3) (33,-1) (34,3) (35,6) (36,9) (37,12) (38,15) (39,16) 
(99,12) (75,21) (7,18) (5,15) (4,13) (3,11) (2,8) (1,5) (0,1) (74,20) (42,19) (8,17) (9,16) (41,18) (10,16) (40,17) (11,14) 
(99,12) (75,21) (7,18) (5,15) (4,13) (3,11) (2,8) (1,5) (0,1) (74,20) (42,19) (8,17) (73,19) (43,19) (72,18) (71,16) (44,17) 
(99,12) (75,21) (7,18) (5,15) (4,13) (3,11) (2,8) (1,5) (0,1) (74,20) (42,19) (8,17) (73,19) (43,19) (72,18) (71,16) (44,17) (45,16) (46,13) (47,10) (48,7) (49,3) (50,1) (51,-3) (52,-5) (53,-7) (54,-10) (55,-11) (56,-13) (57,-13) (58,-12) (59,-11) (60,-11) (61,-9) (62,-6) (63,-4) (64,-2) (65,-1) (66,2) (67,6) (68,7) (69,10) (70,13) 
(99,12) (75,21) (7,18) (5,15) (4,13) (3,11) (2,8) (1,5) (0,1) (74,20) (42,19) (8,17) (73,19) (43,19) (72,18) (71,16) (44,17) 
(99,12) (75,21) (7,18) (5,15) (4,13) (3,11) (2,8) (1,5) (0,1) (98,9) (76,20) (97,6) (77,19) (96,3) (78,17) (95,1) (79,15) 
(99,12) (75,21) (7,18) (5,15) (4,13) (3,11) (2,8) (1,5) (0,1) (98,9) (76,20) (97,6) (77,19) (96,3) (78,17) (95,1) (79,15) (80,14) (81,12) (82,9) (83,7) (84,5) (85,2) (86,-1) (87,-2) (88,-4) (89,-6) (90,-7) (91,-7) (92,-6) (93,-3) (94,-1) 
TD 6 :
(99,12) (75,21) (7,18) (5,15) (4,13) (3,11) (2,8) (1,5) (0,1) (74,20) (42,19) (8,17) (9,16) (41,18) (10,16) (40,17) (11,14) (39,16) (12,13) (13,10) (14,7) (15,3) (16,0) (17,-2) (18,-5) (19,-7) (20,-10) (21,-13) (22,-14) (23,-16) (24,-17) (25,-16) (26,-16) (27,-14) (28,-12) (29,-9) (30,-6) (31,-4) (32,-3) (33,-1) (34,3) (35,6) (36,9) (37,12) (38,15) 
(99,12) (75,21) (7,18) (5,15) (4,13) (3,11) (2,8) (1,5) (0,1) (74,20) (42,19) (8,17) (9,16) (41,18) (10,16) (40,17) (11,14) (39,16) (12,13) 
(99,12) (75,21) (7,18) (5,15) (4,13) (3,11) (2,8) (1,5) (0,1) (74,20) (42,19) (8,17) (73,19) (43,19) (72,18) (71,16) (44,17) (45,16) 
(99,12) (75,21) (7,18) (5,15) (4,13) (3,11) (2,8) (1,5) (0,1) (74,20) (42,19) (8,17) (73,19) (43,19) (72,18) (71,16) (44,17) (45,16) (46,13) (47,10) (48,7) (49,3) (50,1) (51,-3) (52,-5) (53,-7) (54,-10) (55,-11) (56,-13) (57,-13) (58,-12) (59,-11) (60,-11) (61,-9) (62,-6) (63,-4) (64,-2) (65,-1) (66,2) (67,6) (68,7) (69,10) (70,13) 
(99,12) (75,21) (7,18) (5,15) (4,13) (3,11) (2,8) (1,5) (0,1) (98,9) (76,20) (97,6) (77,19) (96,3) (78,17) (95,1) (79,15) (94,-1) (80,14) 
(99,12) (75,21) (7,18) (5,15) (4,13) (3,11) (2,8) (1,5) (0,1) (98,9) (76,20) (97,6) (77,19) (96,3) (78,17) (95,1) (79,15) (94,-1) (80,14) (81,12) (82,9) (83,7) (84,5) (85,2) (86,-1) (87,-2) (88,-4) (89,-6) (90,-7) (91,-7) (92,-6) (93,-3) 
TD 7 :
(99,12) (75,21) (7,18) (5,15) (4,13) (3,11) (2,8) (1,5) (0,1) (74,20) (42,19) (8,17) (9,16) (41,18) (10,16) (40,17) (11,14) (39,16) (12,13) (38,15) (13,10) (14,7) (15,3) (16,0) (17,-2) (18,-5) (19,-7) (20,-10) (21,-13) (22,-14) (23,-16) (24,-17) (25,-16) (26,-16) (27,-14) (28,-12) (29,-9) (30,-6) (31,-4) (32,-3) (33,-1) (34,3) (35,6) (36,9) (37,12) 
(99,12) (75,21) (7,18) (5,15) (4,13) (3,11) (2,8) (1,5) (0,1) (74,20) (42,19) (8,17) (9,16) (41,18) (10,16) (40,17) (11,14) (39,16) (12,13) (38,15) (13,10) 
(99,12) (75,21) (7,18) (5,15) (4,13) (3,11) (2,8) (1,5) (0,1) (74,20) (42,19) (8,17) (73,19) (43,19) (72,18) (71,16) (44,17) (45,16) (70,13) (46,13) (47,10) (48,7) (49,3) (50,1) (51,-3) (52,-5) (53,-7) (54,-10) (55,-11) (56,-13) (57,-13) (58,-12) (59,-11) (60,-11) (61,-9) (62,-6) (63,-4) (64,-2) (65,-1) (66,2) (67,6) (68,7) (69,10) 
(99,12) (75,21) (7,18) (5,15) (4,13) (3,11) (2,8) (1,5) (0,1) (74,20) (42,19) (8,17) (73,19) (43,19) (72,18) (71,16) (44,17) (45,16) (70,13) 
(99,12) (75,21) (7,18) (5,15) (4,13) (3,11) (2,8) (1,5) (0,1) (98,9) (76,20) (97,6) (77,19) (96,3) (78,17) (95,1) (79,15) (94,-1) (80,14) (93,-3) (81,12) 
(99,12) (75,21) (7,18) (5,15) (4,13) (3,11) (2,8) (1,5) (0,1) (98,9) (76,20) (97,6) (77,19) (96,3) (78,17) (95,1) (79,15) (94,-1) (80,14) (93,-3) (81,12) (82,9) (83,7) (84,5) (85,2) (86,-1) (87,-2) (88,-4) (89,-6) (90,-7) (91,-7) (92,-6) 
TD 8 :
(99,12) (75,21) (7,18) (5,15) (4,13) (3,11) (2,8) (1,5) (0,1) (74,20) (42,19) (8,17) (9,16) (41,18) (10,16) (40,17) (11,14) (39,16) (12,13) (38,15) (13,10) (37,12) (14,7) (15,3) (16,0) (17,-2) (18,-5) (19,-7) (20,-10) (21,-13) (22,-14) (23,-16) (24,-17) (25,-16) (26,-16) (27,-14) (28,-12) (29,-9) (30,-6) (31,-4) (32,-3) (33,-1) (34,3) (35,6) (36,9) 
(99,12) (75,21) (7,18) (5,15) (4,13) (3,11) (2,8) (1,5) (0,1) (74,20) (42,19) (8,17) (9,16) (41,18) (10,16) (40,17) (11,14) (39,16) (12,13) (38,15) (13,10) (37,12) (14,7) 
(99,12) (75,21) (7,18) (5,15) (4,13) (3,11) (2,8) (1,5) (0,1) (74,20) (42,19) (8,17) (73,19) (43,19) (72,18) (71,16) (44,17) (45,16) (70,13) (46,13) 
(99,12) (75,21) (7,18) (5,15) (4,13) (3,11) (2,8) (1,5) (0,1) (74,20) (42,19) (8,17) (73,19) (43,19) (72,18) (71,16) (44,17) (45,16) (70,13) (46,13) (47,10) (48,7) (49,3) (50,1) (51,-3) (52,-5) (53,-7) (54,-10) (55,-11) (56,-13) (57,-13) (58,-12) (59,-11) (60,-11) (61,-9) (62,-6) (63,-4) (64,-2) (65,-1) (66,2) (67,6) (68,7) (69,10) 
(99,12) (75,21) (7,18) (5,15) (4,13) (3,11) (2,8) (1,5) (0,1) (98,9) (76,20) (97,6) (77,19) (96,3) (78,17) (95,1) (79,15) (94,-1) (80,14) (93,-3) (81,12) (92,-6) (82,9) 
(99,12) (75,21) (7,18) (5,15) (4,13) (3,11) (2,8) (1,5) (0,1) (98,9) (76,20) (97,6) (77,19) (96,3) (78,17) (95,1) (79,15) (94,-1) (80,14) (93,-3) (81,12) (92,-6) (82,9) (83,7) (84,5) (85,2) (86,-1) (87,-2) (88,-4) (89,-6) (90,-7) (91,-7) 
TD 9 :
(99,12) (75,21) (7,18) (5,15) (4,13) (3,11) (2,8) (1,5) (0,1) (74,20) (42,19) (8,17) (9,16) (41,18) (10,16) (40,17) (11,14) (39,16) (12,13) (38,15) (13,10) (37,12) (14,7) (36,9) (15,3) (16,0) (17,-2) (18,-5) (19,-7) (20,-10) (21,-13) (22,-14) (23,-16) (24,-17) (25,-16) (26,-16) (27,-14) (28,-12) (29,-9) (30,-6) (31,-4) (32,-3) (33,-1) (34,3) (35,6) 
(99,12) (75,21) (7,18) (5,15) (4,13) (3,11) (2,8) (1,5) (0,1) (74,20) (42,19) (8,17) (9,16) (41,18) (10,16) (40,17) (11,14) (39,16) (12,13) (38,15) (13,10) (37,12) (14,7) (36,9) (15,3) 
(99,12) (75,21) (7,18) (5,15) (4,13) (3,11) (2,8) (1,5) (0,1) (74,20) (42,19) (8,17) (73,19) (43,19) (72,18) (71,16) (44,17) (45,16) (70,13) (46,13) (69,10) (47,10) 
(99,12) (75,21) (7,18) (5,15) (4,13) (3,11) (2,8) (1,5) (0,1) (74,20) (42,19) (8,17) (73,19) (43,19) (72,18) (71,16) (44,17) (45,16) (70,13) (46,13) (69,10) (47,10) (48,7) (49,3) (50,1) (51,-3) (52,-5) (53,-7) (54,-10) (55,-11) (56,-13) (57,-13) (58,-12) (59,-11) (60,-11) (61,-9) (62,-6) (63,-4) (64,-2) (65,-1) (66,2) (67,6) (68,7) 
(99,12) (75,21) (7,18) (5,15) (4,13) (3,11) (2,8) (1,5) (0,1) (74,20) (42,19) (8,17) (73,19) (43,19) (72,18) (71,16) (44,17) (45,16) (70,13) (46,13) (69,10) (47,10) 
(99,12) (75,21) (7,18) (5,15) (4,13) (3,11) (2,8) (1,5) (0,1) (98,9) (76,20) (97,6) (77,19) (96,3) (78,17) (95,1) (79,15) (94,-1) (80,14) (93,-3) (81,12) (92,-6) (82,9) (91,-7) (83,7) 
(99,12) (75,21) (7,18) (5,15) (4,13) (3,11) (2,8) (1,5) (0,1) (98,9) (76,20) (97,6) (77,19) (96,3) (78,17) (95,1) (79,15) (94,-1) (80,14) (93,-3) (81,12) (92,-6) (82,9) (91,-7) (83,7) (84,5) (85,2) (86,-1) (87,-2) (88,-4) (89,-6) (90,-7) 
TD 10 :
(99,12) (75,21) (7,18) (5,15) (4,13) (3,11) (2,8) (1,5) (0,1) (74,20) (42,19) (8,17) (9,16) (41,18) (10,16) (40,17) (11,14) (39,16) (12,13) (38,15) (13,10) (37,12) (14,7) (36,9) (15,3) (35,6) (16,0) (17,-2) (18,-5) (19,-7) (20,-10) (21,-13) (22,-14) (23,-16) (24,-17) (25,-16) (26,-16) (27,-14) (28,-12) (29,-9) (30,-6) (31,-4) (32,-3) (33,-1) (34,3) 
(99,12) (75,21) (7,18) (5,15) (4,13) (3,11) (2,8) (1,5) (0,1) (74,20) (42,19) (8,17) (9,16) (41,18) (10,16) (40,17) (11,14) (39,16) (12,13) (38,15) (13,10) (37,12) (14,7) (36,9) (15,3) (35,6) (16,0) 
(99,12) (75,21) (7,18) (5,15) (4,13) (3,11) (2,8) (1,5) (0,1) (74,20) (42,19) (8,17) (73,19) (43,19) (72,18) (71,16) (44,17) (45,16) (70,13) (46,13) (69,10) (47,10) (68,7) (48,7) 
(99,12) (75,21) (7,18) (5,15) (4,13) (3,11) (2,8) (1,5) (0,1) (74,20) (42,19) (8,17) (73,19) (43,19) (72,18) (71,16) (44,17) (45,16) (70,13) (46,13) (69,10) (47,10) (68,7) (48,7) (49,3) (50,1) (51,-3) (52,-5) (53,-7) (54,-10) (55,-11) (56,-13) (57,-13) (58,-12) (59,-11) (60,-11) (61,-9) (62,-6) (63,-4) (64,-2) (65,-1) (66,2) (67,6) 
(99,12) (75,21) (7,18) (5,15) (4,13) (3,11) (2,8) (1,5) (0,1) (74,20) (42,19) (8,17) (73,19) (43,19) (72,18) (71,16) (44,17) (45,16) (70,13) (46,13) (69,10) (47,10) (68,7) (48,7) 
(99,12) (75,21) (7,18) (5,15) (4,13) (3,11) (2,8) (1,5) (0,1) (98,9) (76,20) (97,6) (77,19) (96,3) (78,17) (95,1) (79,15) (94,-1) (80,14) (93,-3) (81,12) (92,-6) (82,9) (91,-7) (83,7) (90,-7) (84,5) 
(99,12) (75,21) (7,18) (5,15) (4,13) (3,11) (2,8) (1,5) (0,1) (98,9) (76,20) (97,6) (77,19) (96,3) (78,17) (95,1) (79,15) (94,-1) (80,14) (93,-3) (81,12) (92,-6) (82,9) (91,-7) (83,7) (90,-7) (84,5) (85,2) (86,-1) (87,-2) (88,-4) (89,-6) 
TD 11 :
(99,12) (75,21) (7,18) (5,15) (4,13) (3,11) (2,8) (1,5) (0,1) (74,20) (42,19) (8,17) (9,16) (41,18) (10,16) (40,17) (11,14) (39,16) (12,13) (38,15) (13,10) (37,12) (14,7) (36,9) (15,3) (35,6) (16,0) (34,3) (17,-2) (18,-5) (19,-7) (20,-10) (21,-13) (22,-14) (23,-16) (24,-17) (25,-16) (26,-16) (27,-14) (28,-12) (29,-9) (30,-6) (31,-4) (32,-3) (33,-1) 
(99,12) (75,21) (7,18) (5,15) (4,13) (3,11) (2,8) (1,5) (0,1) (74,20) (42,19) (8,17) (9,16) (41,18) (10,16) (40,17) (11,14) (39,16) (12,13) (38,15) (13,10) (37,12) (14,7) (36,9) (15,3) (35,6) (16,0) (34,3) (17,-2) 
(99,12) (75,21) (7,18) (5,15) (4,13) (3,11) (2,8) (1,5) (0,1) (74,20) (42,19) (8,17) (73,19) (43,19) (72,18) (71,16) (44,17) (45,16) (70,13) (46,13) (69,10) (47,10) (68,7) (48,7) (67,6) (49,3) (50,1) (51,-3) (52,-5) (53,-7) (54,-10) (55,-11) (56,-13) (57,-13) (58,-12) (59,-11) (60,-11) (61,-9) (62,-6) (63,-4) (64,-2) (65,-1) (66,2) 
(99,12) (75,21) (7,18) (5,15) (4,13) (3,11) (2,8) (1,5) (0,1) (74,20) (42,19) (8,17) (73,19) (43,19) (72,18) (71,16) (44,17) (45,16) (70,13) (46,13) (69,10) (47,10) (68,7) (48,7) (67,6) 
(99,12) (75,21) (7,18) (5,15) (4,13) (3,11) (2,8) (1,5) (0,1) (98,9) (76,20) (97,6) (77,19) (96,3) (78,17) (95,1) (79,15) (94,-1) (80,14) (93,-3) (81,12) (92,-6) (82,9) (91,-7) (83,7) (90,-7) (84,5) (89,-6) (88,-4) (87,-2) (85,2) 
(99,12) (75,21) (7,18) (5,15) (4,13) (3,11) (2,8) (1,5) (0,1) (98,9) (76,20) (97,6) (77,19) (96,3) (78,17) (95,1) (79,15) (94,-1) (80,14) (93,-3) (81,12) (92,-6) (82,9) (91,-7) (83,7) (90,-7) (84,5) (89,-6) (88,-4) (87,-2) (85,2) (86,-1) 
(99,12) (75,21) (7,18) (5,15) (4,13) (3,11) (2,8) (1,5) (0,1) (98,9) (76,20) (97,6) (77,19) (96,3) (78,17) (95,1) (79,15) (94,-1) (80,14) (93,-3) (81,12) (92,-6) (82,9) (91,-7) (83,7) (90,-7) (84,5) (89,-6) (88,-4) (87,-2) (85,2) 
(99,12) (75,21) (7,18) (5,15) (4,13) (3,11) (2,8) (1,5) (0,1) (98,9) (76,20) (97,6) (77,19) (96,3) (78,17) (95,1) (79,15) (94,-1) (80,14) (93,-3) (81,12) (92,-6) (82,9) (91,-7) (83,7) (90,-7) (84,5) (89,-6) (88,-4) (87,-2) (85,2) 
TD 12 :
(99,12) (75,21) (7,18) (5,15) (4,13) (3,11) (2,8) (1,5) (0,1) (74,20) (42,19) (8,17) (9,16) (41,18) (10,16) (40,17) (11,14) (39,16) (12,13) (38,15) (13,10) (37,12) (14,7) (36,9) (15,3) (35,6) (16,0) (34,3) (17,-2) (33,-1) (18,-5) (19,-7) (20,-10) (21,-13) (22,-14) (23,-16) (24,-17) (25,-16) (26,-16) (27,-14) (28,-12) (29,-9) (30,-6) (31,-4) (32,-3) 
(99,12) (75,21) (7,18) (5,15) (4,13) (3,11) (2,8) (1,5) (0,1) (74,20) (42,19) (8,17) (9,16) (41,18) (10,16) (40,17) (11,14) (39,16) (12,13) (38,15) (13,10) (37,12) (14,7) (36,9) (15,3) (35,6) (16,0) (34,3) (17,-2) (33,-1) (18,-5) 
(99,12) (75,21) (7,18) (5,15) (4,13) (3,11) (2,8) (1,5) (0,1) (74,20) (42,19) (8,17) (73,19) (43,19) (72,18) (71,16) (44,17) (45,16) (70,13) (46,13) (69,10) (47,10) (68,7) (48,7) (67,6) (66,2) (49,3) 
(99,12) (75,21) (7,18) (5,15) (4,13) (3,11) (2,8) (1,5) (0,1) (74,20) (42,19) (8,17) (73,19) (43,19) (72,18) (71,16) (44,17) (45,16) (70,13) (46,13) (69,10) (47,10) (68,7) (48,7) (67,6) (66,2) (49,3) (50,1) (51,-3) (52,-5) (53,-7) (54,-10) (55,-11) (56,-13) (57,-13) (58,-12) (59,-11) (60,-11) (61,-9) (62,-6) (63,-4) (64,-2) (65,-1) 
(99,12) (75,21) (7,18) (5,15) (4,13) (3,11) (2,8) (1,5) (0,1) (74,20) (42,19) (8,17) (73,19) (43,19) (72,18) (71,16) (44,17) (45,16) (70,13) (46,13) (69,10) (47,10) (68,7) (48,7) (67,6) (66,2) (49,3) 
(99,12) (75,21) (7,18) (5,15) (4,13) (3,11) (2,8) (1,5) (0,1) (98,9) (76,20) (97,6) (77,19) (96,3) (78,17) (95,1) (79,15) (94,-1) (80,14) (93,-3) (81,12) (92,-6) (82,9) (91,-7) (83,7) (90,-7) (84,5) (89,-6) (88,-4) (87,-2) (85,2) (86,-1) 
TD 13 :
(99,12) (75,21) (7,18) (5,15) (4,13) (3,11) (2,8) (1,5) (0,1) (74,20) (42,19) (8,17) (9,16) (41,18) (10,16) (40,17) (11,14) (39,16) (12,13) (38,15) (13,10) (37,12) (14,7) (36,9) (15,3) (35,6) (16,0) (34,3) (17,-2) (33,-1) (18,-5) (32,-3) (19,-7) (20,-10) (21,-13) (22,-14) (23,-16) (24,-17) (25,-16) (26,-16) (27,-14) (28,-12) (29,-9) (30,-6) (31,-4) 
(99,12) (75,21) (7,18) (5,15) (4,13) (3,11) (2,8) (1,5) (0,1) (74,20) (42,19) (8,17) (9,16) (41,18) (10,16) (40,17) (11,14) (39,16) (12,13) (38,15) (13,10) (37,12) (14,7) (36,9) (15,3) (35,6) (16,0) (34,3) (17,-2) (33,-1) (18,-5) (32,-3) (19,-7) 
(99,12) (75,21) (7,18) (5,15) (4,13) (3,11) (2,8) (1,5) (0,1) (74,20) (42,19) (8,17) (73,19) (43,19) (72,18) (71,16) (44,17) (45,16) (70,13) (46,13) (69,10) (47,10) (68,7) (48,7) (67,6) (66,2) (49,3) (65,-1) (50,1) 
(99,12) (75,21) (7,18) (5,15) (4,13) (3,11) (2,8) (1,5) (0,1) (74,20) (42,19) (8,17) (73,19) (43,19) (72,18) (71,16) (44,17) (45,16) (70,13) (46,13) (69,10) (47,10) (68,7) (48,7) (67,6) (66,2) (49,3) (65,-1) (50,1) (51,-3) (52,-5) (53,-7) (54,-10) (55,-11) (56,-13) (57,-13) (58,-12) (59,-11) (60,-11) (61,-9) (62,-6) (63,-4) (64,-2) 
TD 14 :
(99,12) (75,21) (7,18) (5,15) (4,13) (3,11) (2,8) (1,5) (0,1) (74,20) (42,19) (8,17) (9,16) (41,18) (10,16) (40,17) (11,14) (39,16) (12,13) (38,15) (13,10) (37,12) (14,7) (36,9) (15,3) (35,6) (16,0) (34,3) (17,-2) (33,-1) (18,-5) (32,-3) (19,-7) (31,-4) (20,-10) (21,-13) (22,-14) (23,-16) (24,-17) (25,-16) (26,-16) (27,-14) (28,-12) (29,-9) (30,-6) 
(99,12) (75,21) (7,18) (5,15) (4,13) (3,11) (2,8) (1,5) (0,1) (74,20) (42,19) (8,17) (9,16) (41,18) (10,16) (40,17) (11,14) (39,16) (12,13) (38,15) (13,10) (37,12) (14,7) (36,9) (15,3) (35,6) (16,0) (34,3) (17,-2) (33,-1) (18,-5) (32,-3) (19,-7) (31,-4) (20,-10) 
(99,12) (75,21) (7,18) (5,15) (4,13) (3,11) (2,8) (1,5) (0,1) (74,20) (42,19) (8,17) (73,19) (43,19) (72,18) (71,16) (44,17) (45,16) (70,13) (46,13) (69,10) (47,10) (68,7) (48,7) (67,6) (66,2) (49,3) (65,-1) (50,1) (64,-2) (51,-3) (52,-5) (53,-7) (54,-10) (55,-11) (56,-13) (57,-13) (58,-12) (59,-11) (60,-11) (61,-9) (62,-6) (63,-4) 
TD 15 :
(99,12) (75,21) (7,18) (5,15) (4,13) (3,11) (2,8) (1,5) (0,1) (74,20) (42,19) (8,17) (9,16) (41,18) (10,16) (40,17) (11,14) (39,16) (12,13) (38,15) (13,10) (37,12) (14,7) (36,9) (15,3) (35,6) (16,0) (34,3) (17,-2) (33,-1) (18,-5) (32,-3) (19,-7) (31,-4) (20,-10) (30,-6) (21,-13) (22,-14) (23,-16) (24,-17) (25,-16) (26,-16) (27,-14) (28,-12) (29,-9) 
(99,12) (75,21) (7,18) (5,15) (4,13) (3,11) (2,8) (1,5) (0,1) (74,20) (42,19) (8,17) (9,16) (41,18) (10,16) (40,17) (11,14) (39,16) (12,13) (38,15) (13,10) (37,12) (14,7) (36,9) (15,3) (35,6) (16,0) (34,3) (17,-2) (33,-1) (18,-5) (32,-3) (19,-7) (31,-4) (20,-10) (30,-6) (21,-13) 
(99,12) (75,21) (7,18) (5,15) (4,13) (3,11) (2,8) (1,5) (0,1) (74,20) (42,19) (8,17) (73,19) (43,19) (72,18) (71,16) (44,17) (45,16) (70,13) (46,13) (69,10) (47,10) (68,7) (48,7) (67,6) (66,2) (49,3) (65,-1) (50,1) (64,-2) (63,-4) (51,-3) 
(99,12) (75,21) (7,18) (5,15) (4,13) (3,11) (2,8) (1,5) (0,1) (74,20) (42,19) (8,17) (73,19) (43,19) (72,18) (71,16) (44,17) (45,16) (70,13) (46,13) (69,10) (47,10) (68,7) (48,7) (67,6) (66,2) (49,3) (65,-1) (50,1) (64,-2) (63,-4) (51,-3) (52,-5) (53,-7) (54,-10) (55,-11) (56,-13) (57,-13) (58,-12) (59,-11) (60,-11) (61,-9) (62,-6) 
TD 16 :
(99,12) (75,21) (7,18) (5,15) (4,13) (3,11) (2,8) (1,5) (0,1) (74,20) (42,19) (8,17) (9,16) (41,18) (10,16) (40,17) (11,14) (39,16) (12,13) (38,15) (13,10) (37,12) (14,7) (36,9) (15,3) (35,6) (16,0) (34,3) (17,-2) (33,-1) (18,-5) (32,-3) (19,-7) (31,-4) (20,-10) (30,-6) (21,-13) (29,-9) (22,-14) (23,-16) (24,-17) (25,-16) (26,-16) (27,-14) (28,-12) 
(99,12) (75,21) (7,18) (5,15) (4,13) (3,11) (2,8) (1,5) (0,1) (74,20) (42,19) (8,17) (9,16) (41,18) (10,16) (40,17) (11,14) (39,16) (12,13) (38,15) (13,10) (37,12) (14,7) (36,9) (15,3) (35,6) (16,0) (34,3) (17,-2) (33,-1) (18,-5) (32,-3) (19,-7) (31,-4) (20,-10) (30,-6) (21,-13) (29,-9) (22,-14) 
(99,12) (75,21) (7,18) (5,15) (4,13) (3,11) (2,8) (1,5) (0,1) (74,20) (42,19) (8,17) (73,19) (43,19) (72,18) (71,16) (44,17) (45,16) (70,13) (46,13) (69,10) (47,10) (68,7) (48,7) (67,6) (66,2) (49,3) (65,-1) (50,1) (64,-2) (63,-4) (51,-3) (62,-6) (52,-5) 
(99,12) (75,21) (7,18) (5,15) (4,13) (3,11) (2,8) (1,5) (0,1) (74,20) (42,19) (8,17) (73,19) (43,19) (72,18) (71,16) (44,17) (45,16) (70,13) (46,13) (69,10) (47,10) (68,7) (48,7) (67,6) (66,2) (49,3) (65,-1) (50,1) (64,-2) (63,-4) (51,-3) (62,-6) (52,-5) (53,-7) (54,-10) (55,-11) (56,-13) (57,-13) (58,-12) (59,-11) (60,-11) (61,-9) 
TD 17 :
(99,12) (75,21) (7,18) (5,15) (4,13) (3,11) (2,8) (1,5) (0,1) (74,20) (42,19) (8,17) (9,16) (41,18) (10,16) (40,17) (11,14) (39,16) (12,13) (38,15) (13,10) (37,12) (14,7) (36,9) (15,3) (35,6) (16,0) (34,3) (17,-2) (33,-1) (18,-5) (32,-3) (19,-7) (31,-4) (20,-10) (30,-6) (21,-13) (29,-9) (22,-14) (28,-12) (23,-16) (24,-17) (25,-16) (26,-16) (27,-14) 
(99,12) (75,21) (7,18) (5,15) (4,13) (3,11) (2,8) (1,5) (0,1) (74,20) (42,19) (8,17) (9,16) (41,18) (10,16) (40,17) (11,14) (39,16) (12,13) (38,15) (13,10) (37,12) (14,7) (36,9) (15,3) (35,6) (16,0) (34,3) (17,-2) (33,-1) (18,-5) (32,-3) (19,-7) (31,-4) (20,-10) (30,-6) (21,-13) (29,-9) (22,-14) (28,-12) (23,-16) 
(99,12) (75,21) (7,18) (5,15) (4,13) (3,11) (2,8) (1,5) (0,1) (74,20) (42,19) (8,17) (73,19) (43,19) (72,18) (71,16) (44,17) (45,16) (70,13) (46,13) (69,10) (47,10) (68,7) (48,7) (67,6) (66,2) (49,3) (65,-1) (50,1) (64,-2) (63,-4) (51,-3) (62,-6) (52,-5) (61,-9) (53,-7) 
(99,12) (75,21) (7,18) (5,15) (4,13) (3,11) (2,8) (1,5) (0,1) (74,20) (42,19) (8,17) (73,19) (43,19) (72,18) (71,16) (44,17) (45,16) (70,13) (46,13) (69,10) (47,10) (68,7) (48,7) (67,6) (66,2) (49,3) (65,-1) (50,1) (64,-2) (63,-4) (51,-3) (62,-6) (52,-5) (61,-9) (53,-7) (54,-10) (55,-11) (56,-13) (57,-13) (58,-12) (59,-11) (60,-11) 
TD 18 :
(99,12) (75,21) (7,18) (5,15) (4,13) (3,11) (2,8) (1,5) (0,1) (74,20) (42,19) (8,17) (9,16) (41,18) (10,16) (40,17) (11,14) (39,16) (12,13) (38,15) (13,10) (37,12) (14,7) (36,9) (15,3) (35,6) (16,0) (34,3) (17,-2) (33,-1) (18,-5) (32,-3) (19,-7) (31,-4) (20,-10) (30,-6) (21,-13) (29,-9) (22,-14) (28,-12) (23,-16) (27,-14) (25,-16) (24,-17) 
(99,12) (75,21) (7,18) (5,15) (4,13) (3,11) (2,8) (1,5) (0,1) (74,20) (42,19) (8,17) (9,16) (41,18) (10,16) (40,17) (11,14) (39,16) (12,13) (38,15) (13,10) (37,12) (14,7) (36,9) (15,3) (35,6) (16,0) (34,3) (17,-2) (33,-1) (18,-5) (32,-3) (19,-7) (31,-4) (20,-10) (30,-6) (21,-13) (29,-9) (22,-14) (28,-12) (23,-16) (27,-14) (25,-16) (24,-17) (26,-16) 
(99,12) (75,21) (7,18) (5,15) (4,13) (3,11) (2,8) (1,5) (0,1) (74,20) (42,19) (8,17) (9,16) (41,18) (10,16) (40,17) (11,14) (39,16) (12,13) (38,15) (13,10) (37,12) (14,7) (36,9) (15,3) (35,6) (16,0) (34,3) (17,-2) (33,-1) (18,-5) (32,-3) (19,-7) (31,-4) (20,-10) (30,-6) (21,-13) (29,-9) (22,-14) (28,-12) (23,-16) (27,-14) (25,-16) (24,-17) 
(99,12) (75,21) (7,18) (5,15) (4,13) (3,11) (2,8) (1,5) (0,1) (74,20) (42,19) (8,17) (73,19) (43,19) (72,18) (71,16) (44,17) (45,16) (70,13) (46,13) (69,10) (47,10) (68,7) (48,7) (67,6) (66,2) (49,3) (65,-1) (50,1) (64,-2) (63,-4) (51,-3) (62,-6) (52,-5) (61,-9) (53,-7) (60,-11) (54,-10) 
(99,12) (75,21) (7,18) (5,15) (4,13) (3,11) (2,8) (1,5) (0,1) (74,20) (42,19) (8,17) (73,19) (43,19) (72,18) (71,16) (44,17) (45,16) (70,13) (46,13) (69,10) (47,10) (68,7) (48,7) (67,6) (66,2) (49,3) (65,-1) (50,1) (64,-2) (63,-4) (51,-3) (62,-6) (52,-5) (61,-9) (53,-7) (60,-11) (54,-10) (55,-11) (56,-13) (57,-13) (58,-12) (59,-11) 
TD 19 :
(99,12) (75,21) (7,18) (5,15) (4,13) (3,11) (2,8) (1,5) (0,1) (74,20) (42,19) (8,17) (9,16) (41,18) (10,16) (40,17) (11,14) (39,16) (12,13) (38,15) (13,10) (37,12) (14,7) (36,9) (15,3) (35,6) (16,0) (34,3) (17,-2) (33,-1) (18,-5) (32,-3) (19,-7) (31,-4) (20,-10) (30,-6) (21,-13) (29,-9) (22,-14) (28,-12) (23,-16) (27,-14) (25,-16) (24,-17) (26,-16) 
(99,12) (75,21) (7,18) (5,15) (4,13) (3,11) (2,8) (1,5) (0,1) (74,20) (42,19) (8,17) (73,19) (43,19) (72,18) (71,16) (44,17) (45,16) (70,13) (46,13) (69,10) (47,10) (68,7) (48,7) (67,6) (66,2) (49,3) (65,-1) (50,1) (64,-2) (63,-4) (51,-3) (62,-6) (52,-5) (61,-9) (53,-7) (60,-11) (54,-10) (59,-11) (55,-11) 
(99,12) (75,21) (7,18) (5,15) (4,13) (3,11) (2,8) (1,5) (0,1) (74,20) (42,19) (8,17) (73,19) (43,19) (72,18) (71,16) (44,17) (45,16) (70,13) (46,13) (69,10) (47,10) (68,7) (48,7) (67,6) (66,2) (49,3) (65,-1) (50,1) (64,-2) (63,-4) (51,-3) (62,-6) (52,-5) (61,-9) (53,-7) (60,-11) (54,-10) (59,-11) (55,-11) (56,-13) (57,-13) (58,-12) 
TD 20 :
(99,12) (75,21) (7,18) (5,15) (4,13) (3,11) (2,8) (1,5) (0,1) (74,20) (42,19) (8,17) (73,19) (43,19) (72,18) (71,16) (44,17) (45,16) (70,13) (46,13) (69,10) (47,10) (68,7) (48,7) (67,6) (66,2) (49,3) (65,-1) (50,1) (64,-2) (63,-4) (51,-3) (62,-6) (52,-5) (61,-9) (53,-7) (60,-11) (54,-10) (59,-11) (55,-11) (58,-12) (56,-13) (57,-13) 
Pocket 0 :
()
Pocket 1 :
({  (0,1) ,(1,5) } {  (0,1) ,(1,5) } {  (0,1) ,(1,5) } {  (0,1) ,(1,5) } {  (0,1) ,(1,5) } {  (0,1) ,(1,5) } {  (0,1) ,(1,5) } {  (0,1) ,(1,5) } {  (0,1) ,(1,5) } {  (0,1) ,(1,5) } {  (0,1) ,(1,5) } {  (0,1) ,(1,5) } {  (0,1) ,(1,5) } {  (0,1) ,(1,5) } {  (0,1) ,(1,5) } {  (0,1) ,(1,5) } )
Pocket 2 :
({  (6,16) ,(0,1) } {  (9,16) ,(8,17) } {  (9,16) ,(8,17) } {  (9,16) ,(8,17) } {  (9,16) ,(8,17) } {  (77,19) ,(76,20) } {  (77,19) ,(76,20) } )
Pocket 3 :
({  (9,16) ,(8,17) } {  (44,17) ,(43,19) } {  (44,17) ,(43,19) } {  (44,17) ,(43,19) } {  (78,17) ,(77,19) } {  (78,17) ,(77,19) } )
Pocket 4 :
({  (10,16) ,(9,16) } {  (99,12) ,(41,18) } {  (10,16) ,(9,16) } {  (99,12) ,(41,18) } {  (99,12) ,(72,18) } {  (99,12) ,(72,18) } {  (79,15) ,(78,17) } {  (79,15) ,(78,17) } )
Pocket 5 :
({  (11,14) ,(10,16) } {  (99,12) ,(40,17) } {  (11,14) ,(10,16) } {  (99,12) ,(40,17) } {  (45,16) ,(44,17) } {  (45,16) ,(44,17) } {  (45,16) ,(44,17) } {  (80,14) ,(79,15) } {  (80,14) ,(79,15) } )
Pocket 6 :
({  (12,13) ,(11,14) } {  (99,12) ,(39,16) } {  (12,13) ,(11,14) } {  (99,12) ,(39,16) } {  (46,13) ,(45,16) } {  (46,13) ,(45,16) } {  (81,12) ,(80,14) } {  (81,12) ,(80,14) } )
Pocket 7 :
({  (13,10) ,(12,13) } {  (99,12) ,(38,15) } {  (13,10) ,(12,13) } {  (99,12) ,(38,15) } {  (99,12) ,(70,13) } {  (99,12) ,(70,13) } {  (82,9) ,(81,12) } {  (82,9) ,(81,12) } )
Pocket 8 :
({  (14,7) ,(13,10) } {  (99,12) ,(37,12) } {  (14,7) ,(13,10) } {  (99,12) ,(37,12) } {  (47,10) ,(46,13) } {  (47,10) ,(46,13) } {  (83,7) ,(82,9) } {  (83,7) ,(82,9) } )
Pocket 9 :
({  (15,3) ,(14,7) } {  (99,12) ,(36,9) } {  (15,3) ,(14,7) } {  (99,12) ,(36,9) } {  (48,7) ,(47,10) } {  (48,7) ,(47,10) } {  (48,7) ,(47,10) } {  (84,5) ,(83,7) } {  (84,5) ,(83,7) } )
Pocket 10 :
({  (16,0) ,(15,3) } {  (99,12) ,(35,6) } {  (16,0) ,(15,3) } {  (99,12) ,(35,6) } {  (49,3) ,(48,7) } {  (49,3) ,(48,7) } {  (49,3) ,(48,7) } {  (85,2) ,(84,5) } {  (85,2) ,(84,5) } )
Pocket 11 :
({  (17,-2) ,(16,0) } {  (99,12) ,(34,3) } {  (17,-2) ,(16,0) } {  (99,12) ,(34,3) } {  (99,12) ,(67,6) } {  (99,12) ,(67,6) } {  (86,-1) ,(85,2) } {  (86,-1) ,(85,2) } {  (86,-1) ,(85,2) } {  (86,-1) ,(85,2) } )
Pocket 12 :
({  (18,-5) ,(17,-2) } {  (99,12) ,(33,-1) } {  (18,-5) ,(17,-2) } {  (99,12) ,(33,-1) } {  (50,1) ,(49,3) } {  (50,1) ,(49,3) } {  (50,1) ,(49,3) } {  (99,12) ,(86,-1) } )
Pocket 13 :
({  (19,-7) ,(18,-5) } {  (99,12) ,(32,-3) } {  (19,-7) ,(18,-5) } {  (99,12) ,(32,-3) } {  (51,-3) ,(50,1) } {  (51,-3) ,(50,1) } )
Pocket 14 :
({  (20,-10) ,(19,-7) } {  (99,12) ,(31,-4) } {  (20,-10) ,(19,-7) } {  (99,12) ,(31,-4) } {  (99,12) ,(64,-2) } )
Pocket 15 :
({  (21,-13) ,(20,-10) } {  (99,12) ,(30,-6) } {  (21,-13) ,(20,-10) } {  (99,12) ,(30,-6) } {  (52,-5) ,(51,-3) } {  (52,-5) ,(51,-3) } )
Pocket 16 :
({  (22,-14) ,(21,-13) } {  (99,12) ,(29,-9) } {  (22,-14) ,(21,-13) } {  (99,12) ,(29,-9) } {  (53,-7) ,(52,-5) } {  (53,-7) ,(52,-5) } )
Pocket 17 :
({  (23,-16) ,(22,-14) } {  (99,12) ,(28,-12) } {  (23,-16) ,(22,-14) } {  (99,12) ,(28,-12) } {  (54,-10) ,(53,-7) } {  (54,-10) ,(53,-7) } )
Pocket 18 :
({  (24,-17) ,(23,-16) } {  (26,-16) ,(25,-16) } {  (24,-17) ,(23,-16) } {  (26,-16) ,(25,-16) } {  (24,-17) ,(23,-16) } {  (26,-16) ,(25,-16) } {  (55,-11) ,(54,-10) } {  (55,-11) ,(54,-10) } )
Pocket 19 :
({  (26,-16) ,(24,-17) } {  (56,-13) ,(55,-11) } {  (56,-13) ,(55,-11) } )
