18 layers in onion peeling: 
Layer 1
(99,-4) (76,12) (10,18) (9,18) (8,18) (7,18) (5,16) (4,14) (3,11) (0,1) 
Layer 2
(98,-7) (77,10) (74,12) (42,15) (11,17) (6,16) (2,7) (1,3) 
Layer 3
(97,-10) (78,9) (75,11) (41,15) (40,15) (12,15) 
Layer 4
(96,-11) (79,7) (73,11) (44,14) (43,14) (39,14) (13,12) 
Layer 5
(95,-13) (80,3) (72,10) (38,13) (14,9) 
Layer 6
(94,-16) (81,1) (71,8) (45,12) (37,11) (15,6) 
Layer 7
(93,-17) (82,-3) (70,6) (46,10) (36,9) (16,1) 
Layer 8
(92,-17) (83,-6) (69,5) (47,7) (35,7) (17,-2) 
Layer 9
(91,-18) (85,-10) (84,-9) (68,3) (34,5) (18,-4) 
Layer 10
(90,-18) (86,-12) (67,0) (48,4) (33,2) (19,-7) 
Layer 11
(89,-18) (88,-16) (87,-15) (66,-3) (49,2) (32,0) (20,-11) 
Layer 12
(65,-6) (50,0) (31,-3) (21,-11) 
Layer 13
(64,-8) (51,-3) (30,-6) (22,-13) 
Layer 14
(63,-10) (52,-6) (29,-9) (23,-15) 
Layer 15
(62,-13) (53,-8) (28,-12) (24,-15) 
Layer 16
(61,-15) (54,-12) (27,-14) (25,-15) 
Layer 17
(60,-15) (55,-14) (26,-15) 
Layer 18
(59,-15) (56,-15) 
---------------------------------------------------------------------------------------
TD 0 :
(99,-4) (98,-7) (97,-10) (96,-11) (95,-13) (94,-16) (93,-17) (92,-17) (91,-18) (90,-18) (89,-18) (88,-16) (87,-15) (86,-12) (85,-10) (84,-9) (83,-6) (82,-3) (81,1) (80,3) (79,7) (78,9) (77,10) (76,12) (75,11) (74,12) (73,11) (72,10) (71,8) (70,6) (69,5) (68,3) (67,0) (66,-3) (65,-6) (64,-8) (63,-10) (62,-13) (61,-15) (60,-15) (59,-15) (58,-16) (57,-16) (56,-15) (55,-14) (54,-12) (53,-8) (52,-6) (51,-3) (50,0) (49,2) (48,4) (47,7) (46,10) (45,12) (44,14) (43,14) (42,15) (41,15) (40,15) (39,14) (38,13) (37,11) (36,9) (35,7) (34,5) (33,2) (32,0) (31,-3) (30,-6) (29,-9) (28,-12) (27,-14) (26,-15) (25,-15) (24,-15) (23,-15) (22,-13) (21,-11) (20,-11) (19,-7) (18,-4) (17,-2) (16,1) (15,6) (14,9) (13,12) (12,15) (11,17) (10,18) (9,18) (8,18) (7,18) (6,16) (5,16) (4,14) (3,11) (2,7) (1,3) (0,1) 
TD 1 :
(99,-4) (76,12) (10,18) (9,18) (8,18) (7,18) (5,16) (4,14) (3,11) (0,1) (1,3) (2,7) 
(99,-4) (76,12) (10,18) (9,18) (8,18) (7,18) (5,16) (4,14) (3,11) (0,1) 
(99,-4) (76,12) (10,18) (9,18) (8,18) (7,18) (5,16) (4,14) (3,11) (0,1) 
(99,-4) (76,12) (10,18) (9,18) (8,18) (7,18) (5,16) (4,14) (3,11) (0,1) (6,16) 
(99,-4) (76,12) (10,18) (9,18) (8,18) (7,18) (5,16) (4,14) (3,11) (0,1) 
(99,-4) (76,12) (10,18) (9,18) (8,18) (7,18) (5,16) (4,14) (3,11) (0,1) 
(99,-4) (76,12) (10,18) (9,18) (8,18) (7,18) (5,16) (4,14) (3,11) (0,1) 
(99,-4) (76,12) (10,18) (9,18) (8,18) (7,18) (5,16) (4,14) (3,11) (0,1) (11,17) (12,15) (13,12) (14,9) (15,6) (16,1) (17,-2) (18,-4) (19,-7) (20,-11) (21,-11) (22,-13) (23,-15) (24,-15) (25,-15) (26,-15) (27,-14) (28,-12) (29,-9) (30,-6) (31,-3) (32,0) (33,2) (34,5) (35,7) (36,9) (37,11) (38,13) (39,14) (40,15) (41,15) (42,15) (43,14) (44,14) (45,12) (46,10) (47,7) (48,4) (49,2) (50,0) (51,-3) (52,-6) (53,-8) (54,-12) (55,-14) (56,-15) (57,-16) (58,-16) (59,-15) (60,-15) (61,-15) (62,-13) (63,-10) (64,-8) (65,-6) (66,-3) (67,0) (68,3) (69,5) (70,6) (71,8) (72,10) (73,11) (74,12) (75,11) 
(99,-4) (76,12) (10,18) (9,18) (8,18) (7,18) (5,16) (4,14) (3,11) (0,1) (77,10) (78,9) (79,7) (80,3) (81,1) (82,-3) (83,-6) (84,-9) (85,-10) (86,-12) (87,-15) (88,-16) (89,-18) (90,-18) (91,-18) (92,-17) (93,-17) (94,-16) (95,-13) (96,-11) (97,-10) (98,-7) 
TD 2 :
(99,-4) (76,12) (10,18) (9,18) (8,18) (7,18) (5,16) (4,14) (3,11) (0,1) (2,7) (1,3) 
(99,-4) (76,12) (10,18) (9,18) (8,18) (7,18) (5,16) (4,14) (3,11) (0,1) (2,7) (1,3) 
(99,-4) (76,12) (10,18) (9,18) (8,18) (7,18) (5,16) (4,14) (3,11) (0,1) (6,16) 
(99,-4) (76,12) (10,18) (9,18) (8,18) (7,18) (5,16) (4,14) (3,11) (0,1) (6,16) 
(99,-4) (76,12) (10,18) (9,18) (8,18) (7,18) (5,16) (4,14) (3,11) (0,1) (74,12) (42,15) (11,17) 
(99,-4) (76,12) (10,18) (9,18) (8,18) (7,18) (5,16) (4,14) (3,11) (0,1) (74,12) (42,15) (11,17) (12,15) (13,12) (14,9) (15,6) (16,1) (17,-2) (18,-4) (19,-7) (20,-11) (21,-11) (22,-13) (23,-15) (24,-15) (25,-15) (26,-15) (27,-14) (28,-12) (29,-9) (30,-6) (31,-3) (32,0) (33,2) (34,5) (35,7) (36,9) (37,11) (38,13) (39,14) (40,15) (41,15) 
(99,-4) (76,12) (10,18) (9,18) (8,18) (7,18) (5,16) (4,14) (3,11) (0,1) (74,12) (42,15) (11,17) (43,14) (44,14) (45,12) (46,10) (47,7) (48,4) (49,2) (50,0) (51,-3) (52,-6) (53,-8) (54,-12) (55,-14) (56,-15) (57,-16) (58,-16) (59,-15) (60,-15) (61,-15) (62,-13) (63,-10) (64,-8) (65,-6) (66,-3) (67,0) (68,3) (69,5) (70,6) (71,8) (72,10) (73,11) 
(99,-4) (76,12) (10,18) (9,18) (8,18) (7,18) (5,16) (4,14) (3,11) (0,1) (74,12) (42,15) (11,17) (75,11) 
(99,-4) (76,12) (10,18) (9,18) (8,18) (7,18) (5,16) (4,14) (3,11) (0,1) (98,-7) (77,10) 
(99,-4) (76,12) (10,18) (9,18) (8,18) (7,18) (5,16) (4,14) (3,11) (0,1) (98,-7) (77,10) (78,9) (79,7) (80,3) (81,1) (82,-3) (83,-6) (84,-9) (85,-10) (86,-12) (87,-15) (88,-16) (89,-18) (90,-18) (91,-18) (92,-17) (93,-17) (94,-16) (95,-13) (96,-11) (97,-10) 
TD 3 :
(99,-4) (76,12) (10,18) (9,18) (8,18) (7,18) (5,16) (4,14) (3,11) (0,1) (74,12) (42,15) (11,17) (41,15) (40,15) (12,15) (13,12) (14,9) (15,6) (16,1) (17,-2) (18,-4) (19,-7) (20,-11) (21,-11) (22,-13) (23,-15) (24,-15) (25,-15) (26,-15) (27,-14) (28,-12) (29,-9) (30,-6) (31,-3) (32,0) (33,2) (34,5) (35,7) (36,9) (37,11) (38,13) (39,14) 
(99,-4) (76,12) (10,18) (9,18) (8,18) (7,18) (5,16) (4,14) (3,11) (0,1) (74,12) (42,15) (11,17) (41,15) (40,15) (12,15) 
(99,-4) (76,12) (10,18) (9,18) (8,18) (7,18) (5,16) (4,14) (3,11) (0,1) (74,12) (42,15) (11,17) (41,15) (40,15) (12,15) 
(99,-4) (76,12) (10,18) (9,18) (8,18) (7,18) (5,16) (4,14) (3,11) (0,1) (74,12) (42,15) (11,17) (75,11) 
(99,-4) (76,12) (10,18) (9,18) (8,18) (7,18) (5,16) (4,14) (3,11) (0,1) (74,12) (42,15) (11,17) (75,11) 
(99,-4) (76,12) (10,18) (9,18) (8,18) (7,18) (5,16) (4,14) (3,11) (0,1) (98,-7) (77,10) (97,-10) (78,9) 
(99,-4) (76,12) (10,18) (9,18) (8,18) (7,18) (5,16) (4,14) (3,11) (0,1) (98,-7) (77,10) (97,-10) (78,9) (79,7) (80,3) (81,1) (82,-3) (83,-6) (84,-9) (85,-10) (86,-12) (87,-15) (88,-16) (89,-18) (90,-18) (91,-18) (92,-17) (93,-17) (94,-16) (95,-13) (96,-11) 
TD 4 :
(99,-4) (76,12) (10,18) (9,18) (8,18) (7,18) (5,16) (4,14) (3,11) (0,1) (74,12) (42,15) (11,17) (41,15) (40,15) (12,15) (39,14) (13,12) (14,9) (15,6) (16,1) (17,-2) (18,-4) (19,-7) (20,-11) (21,-11) (22,-13) (23,-15) (24,-15) (25,-15) (26,-15) (27,-14) (28,-12) (29,-9) (30,-6) (31,-3) (32,0) (33,2) (34,5) (35,7) (36,9) (37,11) (38,13) 
(99,-4) (76,12) (10,18) (9,18) (8,18) (7,18) (5,16) (4,14) (3,11) (0,1) (74,12) (42,15) (11,17) (41,15) (40,15) (12,15) (39,14) (13,12) 
(99,-4) (76,12) (10,18) (9,18) (8,18) (7,18) (5,16) (4,14) (3,11) (0,1) (98,-7) (77,10) (97,-10) (78,9) (96,-11) (79,7) 
(99,-4) (76,12) (10,18) (9,18) (8,18) (7,18) (5,16) (4,14) (3,11) (0,1) (98,-7) (77,10) (97,-10) (78,9) (96,-11) (79,7) (80,3) (81,1) (82,-3) (83,-6) (84,-9) (85,-10) (86,-12) (87,-15) (88,-16) (89,-18) (90,-18) (91,-18) (92,-17) (93,-17) (94,-16) (95,-13) 
TD 5 :
(99,-4) (76,12) (10,18) (9,18) (8,18) (7,18) (5,16) (4,14) (3,11) (0,1) (74,12) (42,15) (11,17) (41,15) (40,15) (12,15) (39,14) (13,12) (38,13) (14,9) (15,6) (16,1) (17,-2) (18,-4) (19,-7) (20,-11) (21,-11) (22,-13) (23,-15) (24,-15) (25,-15) (26,-15) (27,-14) (28,-12) (29,-9) (30,-6) (31,-3) (32,0) (33,2) (34,5) (35,7) (36,9) (37,11) 
(99,-4) (76,12) (10,18) (9,18) (8,18) (7,18) (5,16) (4,14) (3,11) (0,1) (74,12) (42,15) (11,17) (41,15) (40,15) (12,15) (39,14) (13,12) (38,13) (14,9) 
(99,-4) (76,12) (10,18) (9,18) (8,18) (7,18) (5,16) (4,14) (3,11) (0,1) (98,-7) (77,10) (97,-10) (78,9) (96,-11) (79,7) (95,-13) (80,3) 
(99,-4) (76,12) (10,18) (9,18) (8,18) (7,18) (5,16) (4,14) (3,11) (0,1) (98,-7) (77,10) (97,-10) (78,9) (96,-11) (79,7) (95,-13) (80,3) (81,1) (82,-3) (83,-6) (84,-9) (85,-10) (86,-12) (87,-15) (88,-16) (89,-18) (90,-18) (91,-18) (92,-17) (93,-17) (94,-16) 
TD 6 :
(99,-4) (76,12) (10,18) (9,18) (8,18) (7,18) (5,16) (4,14) (3,11) (0,1) (74,12) (42,15) (11,17) (41,15) (40,15) (12,15) (39,14) (13,12) (38,13) (14,9) (37,11) (15,6) (16,1) (17,-2) (18,-4) (19,-7) (20,-11) (21,-11) (22,-13) (23,-15) (24,-15) (25,-15) (26,-15) (27,-14) (28,-12) (29,-9) (30,-6) (31,-3) (32,0) (33,2) (34,5) (35,7) (36,9) 
(99,-4) (76,12) (10,18) (9,18) (8,18) (7,18) (5,16) (4,14) (3,11) (0,1) (74,12) (42,15) (11,17) (41,15) (40,15) (12,15) (39,14) (13,12) (38,13) (14,9) (37,11) (15,6) 
(99,-4) (76,12) (10,18) (9,18) (8,18) (7,18) (5,16) (4,14) (3,11) (0,1) (98,-7) (77,10) (97,-10) (78,9) (96,-11) (79,7) (95,-13) (80,3) (94,-16) (81,1) 
(99,-4) (76,12) (10,18) (9,18) (8,18) (7,18) (5,16) (4,14) (3,11) (0,1) (98,-7) (77,10) (97,-10) (78,9) (96,-11) (79,7) (95,-13) (80,3) (94,-16) (81,1) (82,-3) (83,-6) (84,-9) (85,-10) (86,-12) (87,-15) (88,-16) (89,-18) (90,-18) (91,-18) (92,-17) (93,-17) 
TD 7 :
(99,-4) (76,12) (10,18) (9,18) (8,18) (7,18) (5,16) (4,14) (3,11) (0,1) (74,12) (42,15) (11,17) (41,15) (40,15) (12,15) (39,14) (13,12) (38,13) (14,9) (37,11) (15,6) (36,9) (16,1) (17,-2) (18,-4) (19,-7) (20,-11) (21,-11) (22,-13) (23,-15) (24,-15) (25,-15) (26,-15) (27,-14) (28,-12) (29,-9) (30,-6) (31,-3) (32,0) (33,2) (34,5) (35,7) 
(99,-4) (76,12) (10,18) (9,18) (8,18) (7,18) (5,16) (4,14) (3,11) (0,1) (74,12) (42,15) (11,17) (41,15) (40,15) (12,15) (39,14) (13,12) (38,13) (14,9) (37,11) (15,6) (36,9) (16,1) 
(99,-4) (76,12) (10,18) (9,18) (8,18) (7,18) (5,16) (4,14) (3,11) (0,1) (98,-7) (77,10) (97,-10) (78,9) (96,-11) (79,7) (95,-13) (80,3) (94,-16) (81,1) (93,-17) (82,-3) 
(99,-4) (76,12) (10,18) (9,18) (8,18) (7,18) (5,16) (4,14) (3,11) (0,1) (98,-7) (77,10) (97,-10) (78,9) (96,-11) (79,7) (95,-13) (80,3) (94,-16) (81,1) (93,-17) (82,-3) (83,-6) (84,-9) (85,-10) (86,-12) (87,-15) (88,-16) (89,-18) (90,-18) (91,-18) (92,-17) 
TD 8 :
(99,-4) (76,12) (10,18) (9,18) (8,18) (7,18) (5,16) (4,14) (3,11) (0,1) (74,12) (42,15) (11,17) (41,15) (40,15) (12,15) (39,14) (13,12) (38,13) (14,9) (37,11) (15,6) (36,9) (16,1) (35,7) (17,-2) (18,-4) (19,-7) (20,-11) (21,-11) (22,-13) (23,-15) (24,-15) (25,-15) (26,-15) (27,-14) (28,-12) (29,-9) (30,-6) (31,-3) (32,0) (33,2) (34,5) 
(99,-4) (76,12) (10,18) (9,18) (8,18) (7,18) (5,16) (4,14) (3,11) (0,1) (74,12) (42,15) (11,17) (41,15) (40,15) (12,15) (39,14) (13,12) (38,13) (14,9) (37,11) (15,6) (36,9) (16,1) (35,7) (17,-2) 
(99,-4) (76,12) (10,18) (9,18) (8,18) (7,18) (5,16) (4,14) (3,11) (0,1) (98,-7) (77,10) (97,-10) (78,9) (96,-11) (79,7) (95,-13) (80,3) (94,-16) (81,1) (93,-17) (82,-3) (92,-17) (83,-6) 
(99,-4) (76,12) (10,18) (9,18) (8,18) (7,18) (5,16) (4,14) (3,11) (0,1) (98,-7) (77,10) (97,-10) (78,9) (96,-11) (79,7) (95,-13) (80,3) (94,-16) (81,1) (93,-17) (82,-3) (92,-17) (83,-6) (84,-9) (85,-10) (86,-12) (87,-15) (88,-16) (89,-18) (90,-18) (91,-18) 
TD 9 :
(99,-4) (76,12) (10,18) (9,18) (8,18) (7,18) (5,16) (4,14) (3,11) (0,1) (74,12) (42,15) (11,17) (41,15) (40,15) (12,15) (39,14) (13,12) (38,13) (14,9) (37,11) (15,6) (36,9) (16,1) (35,7) (17,-2) (34,5) (18,-4) (19,-7) (20,-11) (21,-11) (22,-13) (23,-15) (24,-15) (25,-15) (26,-15) (27,-14) (28,-12) (29,-9) (30,-6) (31,-3) (32,0) (33,2) 
(99,-4) (76,12) (10,18) (9,18) (8,18) (7,18) (5,16) (4,14) (3,11) (0,1) (74,12) (42,15) (11,17) (41,15) (40,15) (12,15) (39,14) (13,12) (38,13) (14,9) (37,11) (15,6) (36,9) (16,1) (35,7) (17,-2) (34,5) (18,-4) 
(99,-4) (76,12) (10,18) (9,18) (8,18) (7,18) (5,16) (4,14) (3,11) (0,1) (98,-7) (77,10) (97,-10) (78,9) (96,-11) (79,7) (95,-13) (80,3) (94,-16) (81,1) (93,-17) (82,-3) (92,-17) (83,-6) (91,-18) (85,-10) (84,-9) 
(99,-4) (76,12) (10,18) (9,18) (8,18) (7,18) (5,16) (4,14) (3,11) (0,1) (98,-7) (77,10) (97,-10) (78,9) (96,-11) (79,7) (95,-13) (80,3) (94,-16) (81,1) (93,-17) (82,-3) (92,-17) (83,-6) (91,-18) (85,-10) (84,-9) 
(99,-4) (76,12) (10,18) (9,18) (8,18) (7,18) (5,16) (4,14) (3,11) (0,1) (98,-7) (77,10) (97,-10) (78,9) (96,-11) (79,7) (95,-13) (80,3) (94,-16) (81,1) (93,-17) (82,-3) (92,-17) (83,-6) (91,-18) (85,-10) (84,-9) (86,-12) (87,-15) (88,-16) (89,-18) (90,-18) 
TD 10 :
(99,-4) (76,12) (10,18) (9,18) (8,18) (7,18) (5,16) (4,14) (3,11) (0,1) (74,12) (42,15) (11,17) (41,15) (40,15) (12,15) (39,14) (13,12) (38,13) (14,9) (37,11) (15,6) (36,9) (16,1) (35,7) (17,-2) (34,5) (18,-4) (33,2) (19,-7) (20,-11) (21,-11) (22,-13) (23,-15) (24,-15) (25,-15) (26,-15) (27,-14) (28,-12) (29,-9) (30,-6) (31,-3) (32,0) 
(99,-4) (76,12) (10,18) (9,18) (8,18) (7,18) (5,16) (4,14) (3,11) (0,1) (74,12) (42,15) (11,17) (41,15) (40,15) (12,15) (39,14) (13,12) (38,13) (14,9) (37,11) (15,6) (36,9) (16,1) (35,7) (17,-2) (34,5) (18,-4) (33,2) (19,-7) 
(99,-4) (76,12) (10,18) (9,18) (8,18) (7,18) (5,16) (4,14) (3,11) (0,1) (98,-7) (77,10) (97,-10) (78,9) (96,-11) (79,7) (95,-13) (80,3) (94,-16) (81,1) (93,-17) (82,-3) (92,-17) (83,-6) (91,-18) (85,-10) (84,-9) (90,-18) (86,-12) 
(99,-4) (76,12) (10,18) (9,18) (8,18) (7,18) (5,16) (4,14) (3,11) (0,1) (98,-7) (77,10) (97,-10) (78,9) (96,-11) (79,7) (95,-13) (80,3) (94,-16) (81,1) (93,-17) (82,-3) (92,-17) (83,-6) (91,-18) (85,-10) (84,-9) (90,-18) (86,-12) (87,-15) (88,-16) (89,-18) 
TD 11 :
(99,-4) (76,12) (10,18) (9,18) (8,18) (7,18) (5,16) (4,14) (3,11) (0,1) (74,12) (42,15) (11,17) (41,15) (40,15) (12,15) (39,14) (13,12) (38,13) (14,9) (37,11) (15,6) (36,9) (16,1) (35,7) (17,-2) (34,5) (18,-4) (33,2) (19,-7) (32,0) (20,-11) (21,-11) (22,-13) (23,-15) (24,-15) (25,-15) (26,-15) (27,-14) (28,-12) (29,-9) (30,-6) (31,-3) 
(99,-4) (76,12) (10,18) (9,18) (8,18) (7,18) (5,16) (4,14) (3,11) (0,1) (74,12) (42,15) (11,17) (41,15) (40,15) (12,15) (39,14) (13,12) (38,13) (14,9) (37,11) (15,6) (36,9) (16,1) (35,7) (17,-2) (34,5) (18,-4) (33,2) (19,-7) (32,0) (20,-11) 
(99,-4) (76,12) (10,18) (9,18) (8,18) (7,18) (5,16) (4,14) (3,11) (0,1) (98,-7) (77,10) (97,-10) (78,9) (96,-11) (79,7) (95,-13) (80,3) (94,-16) (81,1) (93,-17) (82,-3) (92,-17) (83,-6) (91,-18) (85,-10) (84,-9) (90,-18) (86,-12) (89,-18) (88,-16) (87,-15) 
(99,-4) (76,12) (10,18) (9,18) (8,18) (7,18) (5,16) (4,14) (3,11) (0,1) (98,-7) (77,10) (97,-10) (78,9) (96,-11) (79,7) (95,-13) (80,3) (94,-16) (81,1) (93,-17) (82,-3) (92,-17) (83,-6) (91,-18) (85,-10) (84,-9) (90,-18) (86,-12) (89,-18) (88,-16) (87,-15) 
(99,-4) (76,12) (10,18) (9,18) (8,18) (7,18) (5,16) (4,14) (3,11) (0,1) (98,-7) (77,10) (97,-10) (78,9) (96,-11) (79,7) (95,-13) (80,3) (94,-16) (81,1) (93,-17) (82,-3) (92,-17) (83,-6) (91,-18) (85,-10) (84,-9) (90,-18) (86,-12) (89,-18) (88,-16) (87,-15) 
TD 12 :
(99,-4) (76,12) (10,18) (9,18) (8,18) (7,18) (5,16) (4,14) (3,11) (0,1) (74,12) (42,15) (11,17) (41,15) (40,15) (12,15) (39,14) (13,12) (38,13) (14,9) (37,11) (15,6) (36,9) (16,1) (35,7) (17,-2) (34,5) (18,-4) (33,2) (19,-7) (32,0) (20,-11) (31,-3) (21,-11) (22,-13) (23,-15) (24,-15) (25,-15) (26,-15) (27,-14) (28,-12) (29,-9) (30,-6) 
(99,-4) (76,12) (10,18) (9,18) (8,18) (7,18) (5,16) (4,14) (3,11) (0,1) (74,12) (42,15) (11,17) (41,15) (40,15) (12,15) (39,14) (13,12) (38,13) (14,9) (37,11) (15,6) (36,9) (16,1) (35,7) (17,-2) (34,5) (18,-4) (33,2) (19,-7) (32,0) (20,-11) (31,-3) (21,-11) 
TD 13 :
(99,-4) (76,12) (10,18) (9,18) (8,18) (7,18) (5,16) (4,14) (3,11) (0,1) (74,12) (42,15) (11,17) (41,15) (40,15) (12,15) (39,14) (13,12) (38,13) (14,9) (37,11) (15,6) (36,9) (16,1) (35,7) (17,-2) (34,5) (18,-4) (33,2) (19,-7) (32,0) (20,-11) (31,-3) (21,-11) (30,-6) (22,-13) (23,-15) (24,-15) (25,-15) (26,-15) (27,-14) (28,-12) (29,-9) 
(99,-4) (76,12) (10,18) (9,18) (8,18) (7,18) (5,16) (4,14) (3,11) (0,1) (74,12) (42,15) (11,17) (41,15) (40,15) (12,15) (39,14) (13,12) (38,13) (14,9) (37,11) (15,6) (36,9) (16,1) (35,7) (17,-2) (34,5) (18,-4) (33,2) (19,-7) (32,0) (20,-11) (31,-3) (21,-11) (30,-6) (22,-13) 
TD 14 :
(99,-4) (76,12) (10,18) (9,18) (8,18) (7,18) (5,16) (4,14) (3,11) (0,1) (74,12) (42,15) (11,17) (41,15) (40,15) (12,15) (39,14) (13,12) (38,13) (14,9) (37,11) (15,6) (36,9) (16,1) (35,7) (17,-2) (34,5) (18,-4) (33,2) (19,-7) (32,0) (20,-11) (31,-3) (21,-11) (30,-6) (22,-13) (29,-9) (23,-15) (24,-15) (25,-15) (26,-15) (27,-14) (28,-12) 
(99,-4) (76,12) (10,18) (9,18) (8,18) (7,18) (5,16) (4,14) (3,11) (0,1) (74,12) (42,15) (11,17) (41,15) (40,15) (12,15) (39,14) (13,12) (38,13) (14,9) (37,11) (15,6) (36,9) (16,1) (35,7) (17,-2) (34,5) (18,-4) (33,2) (19,-7) (32,0) (20,-11) (31,-3) (21,-11) (30,-6) (22,-13) (29,-9) (23,-15) 
TD 15 :
(99,-4) (76,12) (10,18) (9,18) (8,18) (7,18) (5,16) (4,14) (3,11) (0,1) (74,12) (42,15) (11,17) (41,15) (40,15) (12,15) (39,14) (13,12) (38,13) (14,9) (37,11) (15,6) (36,9) (16,1) (35,7) (17,-2) (34,5) (18,-4) (33,2) (19,-7) (32,0) (20,-11) (31,-3) (21,-11) (30,-6) (22,-13) (29,-9) (23,-15) (28,-12) (24,-15) (25,-15) (26,-15) (27,-14) 
(99,-4) (76,12) (10,18) (9,18) (8,18) (7,18) (5,16) (4,14) (3,11) (0,1) (74,12) (42,15) (11,17) (41,15) (40,15) (12,15) (39,14) (13,12) (38,13) (14,9) (37,11) (15,6) (36,9) (16,1) (35,7) (17,-2) (34,5) (18,-4) (33,2) (19,-7) (32,0) (20,-11) (31,-3) (21,-11) (30,-6) (22,-13) (29,-9) (23,-15) (28,-12) (24,-15) 
TD 16 :
(99,-4) (76,12) (10,18) (9,18) (8,18) (7,18) (5,16) (4,14) (3,11) (0,1) (74,12) (42,15) (11,17) (41,15) (40,15) (12,15) (39,14) (13,12) (38,13) (14,9) (37,11) (15,6) (36,9) (16,1) (35,7) (17,-2) (34,5) (18,-4) (33,2) (19,-7) (32,0) (20,-11) (31,-3) (21,-11) (30,-6) (22,-13) (29,-9) (23,-15) (28,-12) (24,-15) (27,-14) (25,-15) (26,-15) 
(99,-4) (76,12) (10,18) (9,18) (8,18) (7,18) (5,16) (4,14) (3,11) (0,1) (74,12) (42,15) (11,17) (41,15) (40,15) (12,15) (39,14) (13,12) (38,13) (14,9) (37,11) (15,6) (36,9) (16,1) (35,7) (17,-2) (34,5) (18,-4) (33,2) (19,-7) (32,0) (20,-11) (31,-3) (21,-11) (30,-6) (22,-13) (29,-9) (23,-15) (28,-12) (24,-15) (27,-14) (25,-15) 
TD 17 :
(99,-4) (76,12) (10,18) (9,18) (8,18) (7,18) (5,16) (4,14) (3,11) (0,1) (74,12) (42,15) (11,17) (41,15) (40,15) (12,15) (39,14) (13,12) (38,13) (14,9) (37,11) (15,6) (36,9) (16,1) (35,7) (17,-2) (34,5) (18,-4) (33,2) (19,-7) (32,0) (20,-11) (31,-3) (21,-11) (30,-6) (22,-13) (29,-9) (23,-15) (28,-12) (24,-15) (27,-14) (25,-15) (26,-15) 
TD 18 :
Pocket 0 :
()
Pocket 1 :
({  (0,1) ,(1,3) } {  (2,7) ,(3,11) } {  (0,1) ,(1,3) } {  (2,7) ,(3,11) } {  (0,1) ,(1,3) } {  (2,7) ,(3,11) } {  (0,1) ,(1,3) } {  (2,7) ,(3,11) } {  (0,1) ,(1,3) } {  (2,7) ,(3,11) } {  (0,1) ,(1,3) } {  (2,7) ,(3,11) } {  (0,1) ,(1,3) } {  (2,7) ,(3,11) } {  (0,1) ,(1,3) } {  (2,7) ,(3,11) } {  (0,1) ,(1,3) } {  (2,7) ,(3,11) } )
Pocket 2 :
({  (1,3) ,(0,1) } {  (99,-4) ,(2,7) } {  (1,3) ,(0,1) } {  (99,-4) ,(2,7) } {  (99,-4) ,(6,16) } {  (99,-4) ,(6,16) } {  (12,15) ,(11,17) } {  (12,15) ,(11,17) } {  (12,15) ,(11,17) } {  (12,15) ,(11,17) } {  (78,9) ,(77,10) } {  (78,9) ,(77,10) } )
Pocket 3 :
({  (12,15) ,(11,17) } {  (41,15) ,(40,15) } {  (12,15) ,(11,17) } {  (41,15) ,(40,15) } {  (12,15) ,(11,17) } {  (41,15) ,(40,15) } {  (99,-4) ,(75,11) } {  (99,-4) ,(75,11) } {  (79,7) ,(78,9) } {  (79,7) ,(78,9) } )
Pocket 4 :
({  (13,12) ,(12,15) } {  (99,-4) ,(39,14) } {  (13,12) ,(12,15) } {  (99,-4) ,(39,14) } {  (80,3) ,(79,7) } {  (80,3) ,(79,7) } )
Pocket 5 :
({  (14,9) ,(13,12) } {  (99,-4) ,(38,13) } {  (14,9) ,(13,12) } {  (99,-4) ,(38,13) } {  (81,1) ,(80,3) } {  (81,1) ,(80,3) } )
Pocket 6 :
({  (15,6) ,(14,9) } {  (99,-4) ,(37,11) } {  (15,6) ,(14,9) } {  (99,-4) ,(37,11) } {  (82,-3) ,(81,1) } {  (82,-3) ,(81,1) } )
Pocket 7 :
({  (16,1) ,(15,6) } {  (99,-4) ,(36,9) } {  (16,1) ,(15,6) } {  (99,-4) ,(36,9) } {  (83,-6) ,(82,-3) } {  (83,-6) ,(82,-3) } )
Pocket 8 :
({  (17,-2) ,(16,1) } {  (99,-4) ,(35,7) } {  (17,-2) ,(16,1) } {  (99,-4) ,(35,7) } {  (84,-9) ,(83,-6) } {  (84,-9) ,(83,-6) } )
Pocket 9 :
({  (18,-4) ,(17,-2) } {  (99,-4) ,(34,5) } {  (18,-4) ,(17,-2) } {  (99,-4) ,(34,5) } {  (85,-10) ,(84,-9) } {  (85,-10) ,(84,-9) } {  (85,-10) ,(84,-9) } )
Pocket 10 :
({  (19,-7) ,(18,-4) } {  (99,-4) ,(33,2) } {  (19,-7) ,(18,-4) } {  (99,-4) ,(33,2) } {  (87,-15) ,(86,-12) } {  (87,-15) ,(86,-12) } )
Pocket 11 :
({  (20,-11) ,(19,-7) } {  (99,-4) ,(32,0) } {  (20,-11) ,(19,-7) } {  (99,-4) ,(32,0) } {  (88,-16) ,(87,-15) } {  (88,-16) ,(87,-15) } {  (88,-16) ,(87,-15) } )
Pocket 12 :
({  (21,-11) ,(20,-11) } {  (99,-4) ,(31,-3) } {  (21,-11) ,(20,-11) } {  (99,-4) ,(31,-3) } )
Pocket 13 :
({  (22,-13) ,(21,-11) } {  (99,-4) ,(30,-6) } {  (22,-13) ,(21,-11) } {  (99,-4) ,(30,-6) } )
Pocket 14 :
({  (23,-15) ,(22,-13) } {  (99,-4) ,(29,-9) } {  (23,-15) ,(22,-13) } {  (99,-4) ,(29,-9) } )
Pocket 15 :
({  (24,-15) ,(23,-15) } {  (99,-4) ,(28,-12) } {  (24,-15) ,(23,-15) } {  (99,-4) ,(28,-12) } )
Pocket 16 :
({  (25,-15) ,(24,-15) } {  (99,-4) ,(27,-14) } {  (25,-15) ,(24,-15) } {  (99,-4) ,(27,-14) } )
Pocket 17 :
({  (26,-15) ,(25,-15) } )
