19 layers in onion peeling: 
Layer 1
(99,-1) (75,13) (74,13) (73,13) (43,13) (42,13) (8,13) (7,13) (6,12) (5,11) (3,8) (1,2) (0,-1) 
Layer 2
(98,-6) (76,12) (41,12) (10,12) (9,12) (4,9) (2,4) 
Layer 3
(97,-9) (79,9) (78,10) (77,11) (44,11) (40,11) (11,10) 
Layer 4
(96,-11) (80,6) (72,10) (45,10) (39,10) (12,8) 
Layer 5
(95,-14) (81,4) (71,7) (38,9) (13,5) 
Layer 6
(94,-15) (82,2) (70,4) (46,7) (37,7) (14,4) 
Layer 7
(93,-17) (83,-2) (69,2) (47,5) (15,2) 
Layer 8
(92,-18) (84,-4) (68,-1) (36,3) (16,-1) 
Layer 9
(91,-17) (85,-7) (48,1) (35,1) (17,-4) 
Layer 10
(90,-17) (86,-10) (67,-4) (49,-1) (34,-3) (18,-6) 
Layer 11
(89,-16) (87,-13) (66,-5) (50,-4) (33,-5) (19,-8) 
Layer 12
(88,-15) (65,-9) (32,-8) (20,-10) 
Layer 13
(64,-12) (51,-9) (31,-10) (21,-12) 
Layer 14
(63,-15) (52,-11) (22,-13) 
Layer 15
(62,-18) (53,-14) (30,-13) (23,-14) 
Layer 16
(61,-19) (54,-15) (24,-16) 
Layer 17
(60,-20) (55,-18) (29,-16) (25,-18) 
Layer 18
(59,-21) (56,-19) (28,-17) (26,-19) 
Layer 19
(58,-21) (27,-19) 
---------------------------------------------------------------------------------------
TD 0 :
(99,-1) (98,-6) (97,-9) (96,-11) (95,-14) (94,-15) (93,-17) (92,-18) (91,-17) (90,-17) (89,-16) (88,-15) (87,-13) (86,-10) (85,-7) (84,-4) (83,-2) (82,2) (81,4) (80,6) (79,9) (78,10) (77,11) (76,12) (75,13) (74,13) (73,13) (72,10) (71,7) (70,4) (69,2) (68,-1) (67,-4) (66,-5) (65,-9) (64,-12) (63,-15) (62,-18) (61,-19) (60,-20) (59,-21) (58,-21) (57,-21) (56,-19) (55,-18) (54,-15) (53,-14) (52,-11) (51,-9) (50,-4) (49,-1) (48,1) (47,5) (46,7) (45,10) (44,11) (43,13) (42,13) (41,12) (40,11) (39,10) (38,9) (37,7) (36,3) (35,1) (34,-3) (33,-5) (32,-8) (31,-10) (30,-13) (29,-16) (28,-17) (27,-19) (26,-19) (25,-18) (24,-16) (23,-14) (22,-13) (21,-12) (20,-10) (19,-8) (18,-6) (17,-4) (16,-1) (15,2) (14,4) (13,5) (12,8) (11,10) (10,12) (9,12) (8,13) (7,13) (6,12) (5,11) (4,9) (3,8) (2,4) (1,2) (0,-1) 
TD 1 :
(99,-1) (75,13) (74,13) (73,13) (43,13) (42,13) (8,13) (7,13) (6,12) (5,11) (3,8) (1,2) (0,-1) 
(99,-1) (75,13) (74,13) (73,13) (43,13) (42,13) (8,13) (7,13) (6,12) (5,11) (3,8) (1,2) (0,-1) (2,4) 
(99,-1) (75,13) (74,13) (73,13) (43,13) (42,13) (8,13) (7,13) (6,12) (5,11) (3,8) (1,2) (0,-1) (4,9) 
(99,-1) (75,13) (74,13) (73,13) (43,13) (42,13) (8,13) (7,13) (6,12) (5,11) (3,8) (1,2) (0,-1) 
(99,-1) (75,13) (74,13) (73,13) (43,13) (42,13) (8,13) (7,13) (6,12) (5,11) (3,8) (1,2) (0,-1) 
(99,-1) (75,13) (74,13) (73,13) (43,13) (42,13) (8,13) (7,13) (6,12) (5,11) (3,8) (1,2) (0,-1) 
(99,-1) (75,13) (74,13) (73,13) (43,13) (42,13) (8,13) (7,13) (6,12) (5,11) (3,8) (1,2) (0,-1) (9,12) (10,12) (11,10) (12,8) (13,5) (14,4) (15,2) (16,-1) (17,-4) (18,-6) (19,-8) (20,-10) (21,-12) (22,-13) (23,-14) (24,-16) (25,-18) (26,-19) (27,-19) (28,-17) (29,-16) (30,-13) (31,-10) (32,-8) (33,-5) (34,-3) (35,1) (36,3) (37,7) (38,9) (39,10) (40,11) (41,12) 
(99,-1) (75,13) (74,13) (73,13) (43,13) (42,13) (8,13) (7,13) (6,12) (5,11) (3,8) (1,2) (0,-1) 
(99,-1) (75,13) (74,13) (73,13) (43,13) (42,13) (8,13) (7,13) (6,12) (5,11) (3,8) (1,2) (0,-1) (44,11) (45,10) (46,7) (47,5) (48,1) (49,-1) (50,-4) (51,-9) (52,-11) (53,-14) (54,-15) (55,-18) (56,-19) (57,-21) (58,-21) (59,-21) (60,-20) (61,-19) (62,-18) (63,-15) (64,-12) (65,-9) (66,-5) (67,-4) (68,-1) (69,2) (70,4) (71,7) (72,10) 
(99,-1) (75,13) (74,13) (73,13) (43,13) (42,13) (8,13) (7,13) (6,12) (5,11) (3,8) (1,2) (0,-1) 
(99,-1) (75,13) (74,13) (73,13) (43,13) (42,13) (8,13) (7,13) (6,12) (5,11) (3,8) (1,2) (0,-1) 
(99,-1) (75,13) (74,13) (73,13) (43,13) (42,13) (8,13) (7,13) (6,12) (5,11) (3,8) (1,2) (0,-1) (76,12) (77,11) (78,10) (79,9) (80,6) (81,4) (82,2) (83,-2) (84,-4) (85,-7) (86,-10) (87,-13) (88,-15) (89,-16) (90,-17) (91,-17) (92,-18) (93,-17) (94,-15) (95,-14) (96,-11) (97,-9) (98,-6) 
TD 2 :
(99,-1) (75,13) (74,13) (73,13) (43,13) (42,13) (8,13) (7,13) (6,12) (5,11) (3,8) (1,2) (0,-1) (2,4) 
(99,-1) (75,13) (74,13) (73,13) (43,13) (42,13) (8,13) (7,13) (6,12) (5,11) (3,8) (1,2) (0,-1) (4,9) 
(99,-1) (75,13) (74,13) (73,13) (43,13) (42,13) (8,13) (7,13) (6,12) (5,11) (3,8) (1,2) (0,-1) (4,9) 
(99,-1) (75,13) (74,13) (73,13) (43,13) (42,13) (8,13) (7,13) (6,12) (5,11) (3,8) (1,2) (0,-1) (41,12) (10,12) (9,12) 
(99,-1) (75,13) (74,13) (73,13) (43,13) (42,13) (8,13) (7,13) (6,12) (5,11) (3,8) (1,2) (0,-1) (41,12) (10,12) (9,12) 
(99,-1) (75,13) (74,13) (73,13) (43,13) (42,13) (8,13) (7,13) (6,12) (5,11) (3,8) (1,2) (0,-1) (41,12) (10,12) (9,12) (11,10) (12,8) (13,5) (14,4) (15,2) (16,-1) (17,-4) (18,-6) (19,-8) (20,-10) (21,-12) (22,-13) (23,-14) (24,-16) (25,-18) (26,-19) (27,-19) (28,-17) (29,-16) (30,-13) (31,-10) (32,-8) (33,-5) (34,-3) (35,1) (36,3) (37,7) (38,9) (39,10) (40,11) 
(99,-1) (75,13) (74,13) (73,13) (43,13) (42,13) (8,13) (7,13) (6,12) (5,11) (3,8) (1,2) (0,-1) (41,12) (10,12) (9,12) 
(99,-1) (75,13) (74,13) (73,13) (43,13) (42,13) (8,13) (7,13) (6,12) (5,11) (3,8) (1,2) (0,-1) (98,-6) (76,12) 
(99,-1) (75,13) (74,13) (73,13) (43,13) (42,13) (8,13) (7,13) (6,12) (5,11) (3,8) (1,2) (0,-1) (98,-6) (76,12) (77,11) (78,10) (79,9) (80,6) (81,4) (82,2) (83,-2) (84,-4) (85,-7) (86,-10) (87,-13) (88,-15) (89,-16) (90,-17) (91,-17) (92,-18) (93,-17) (94,-15) (95,-14) (96,-11) (97,-9) 
TD 3 :
(99,-1) (75,13) (74,13) (73,13) (43,13) (42,13) (8,13) (7,13) (6,12) (5,11) (3,8) (1,2) (0,-1) (41,12) (10,12) (9,12) (40,11) (11,10) (12,8) (13,5) (14,4) (15,2) (16,-1) (17,-4) (18,-6) (19,-8) (20,-10) (21,-12) (22,-13) (23,-14) (24,-16) (25,-18) (26,-19) (27,-19) (28,-17) (29,-16) (30,-13) (31,-10) (32,-8) (33,-5) (34,-3) (35,1) (36,3) (37,7) (38,9) (39,10) 
(99,-1) (75,13) (74,13) (73,13) (43,13) (42,13) (8,13) (7,13) (6,12) (5,11) (3,8) (1,2) (0,-1) (41,12) (10,12) (9,12) (40,11) (11,10) 
(99,-1) (75,13) (74,13) (73,13) (43,13) (42,13) (8,13) (7,13) (6,12) (5,11) (3,8) (1,2) (0,-1) (98,-6) (76,12) (97,-9) (79,9) (78,10) (77,11) 
(99,-1) (75,13) (74,13) (73,13) (43,13) (42,13) (8,13) (7,13) (6,12) (5,11) (3,8) (1,2) (0,-1) (98,-6) (76,12) (97,-9) (79,9) (78,10) (77,11) 
(99,-1) (75,13) (74,13) (73,13) (43,13) (42,13) (8,13) (7,13) (6,12) (5,11) (3,8) (1,2) (0,-1) (98,-6) (76,12) (97,-9) (79,9) (78,10) (77,11) 
(99,-1) (75,13) (74,13) (73,13) (43,13) (42,13) (8,13) (7,13) (6,12) (5,11) (3,8) (1,2) (0,-1) (98,-6) (76,12) (97,-9) (79,9) (78,10) (77,11) (80,6) (81,4) (82,2) (83,-2) (84,-4) (85,-7) (86,-10) (87,-13) (88,-15) (89,-16) (90,-17) (91,-17) (92,-18) (93,-17) (94,-15) (95,-14) (96,-11) 
TD 4 :
(99,-1) (75,13) (74,13) (73,13) (43,13) (42,13) (8,13) (7,13) (6,12) (5,11) (3,8) (1,2) (0,-1) (41,12) (10,12) (9,12) (40,11) (11,10) (39,10) (12,8) (13,5) (14,4) (15,2) (16,-1) (17,-4) (18,-6) (19,-8) (20,-10) (21,-12) (22,-13) (23,-14) (24,-16) (25,-18) (26,-19) (27,-19) (28,-17) (29,-16) (30,-13) (31,-10) (32,-8) (33,-5) (34,-3) (35,1) (36,3) (37,7) (38,9) 
(99,-1) (75,13) (74,13) (73,13) (43,13) (42,13) (8,13) (7,13) (6,12) (5,11) (3,8) (1,2) (0,-1) (41,12) (10,12) (9,12) (40,11) (11,10) (39,10) (12,8) 
(99,-1) (75,13) (74,13) (73,13) (43,13) (42,13) (8,13) (7,13) (6,12) (5,11) (3,8) (1,2) (0,-1) (98,-6) (76,12) (97,-9) (79,9) (78,10) (77,11) (96,-11) (80,6) 
(99,-1) (75,13) (74,13) (73,13) (43,13) (42,13) (8,13) (7,13) (6,12) (5,11) (3,8) (1,2) (0,-1) (98,-6) (76,12) (97,-9) (79,9) (78,10) (77,11) (96,-11) (80,6) (81,4) (82,2) (83,-2) (84,-4) (85,-7) (86,-10) (87,-13) (88,-15) (89,-16) (90,-17) (91,-17) (92,-18) (93,-17) (94,-15) (95,-14) 
TD 5 :
(99,-1) (75,13) (74,13) (73,13) (43,13) (42,13) (8,13) (7,13) (6,12) (5,11) (3,8) (1,2) (0,-1) (41,12) (10,12) (9,12) (40,11) (11,10) (39,10) (12,8) (38,9) (13,5) (14,4) (15,2) (16,-1) (17,-4) (18,-6) (19,-8) (20,-10) (21,-12) (22,-13) (23,-14) (24,-16) (25,-18) (26,-19) (27,-19) (28,-17) (29,-16) (30,-13) (31,-10) (32,-8) (33,-5) (34,-3) (35,1) (36,3) (37,7) 
(99,-1) (75,13) (74,13) (73,13) (43,13) (42,13) (8,13) (7,13) (6,12) (5,11) (3,8) (1,2) (0,-1) (41,12) (10,12) (9,12) (40,11) (11,10) (39,10) (12,8) (38,9) (13,5) 
(99,-1) (75,13) (74,13) (73,13) (43,13) (42,13) (8,13) (7,13) (6,12) (5,11) (3,8) (1,2) (0,-1) (98,-6) (76,12) (97,-9) (79,9) (78,10) (77,11) (96,-11) (80,6) (95,-14) (81,4) 
(99,-1) (75,13) (74,13) (73,13) (43,13) (42,13) (8,13) (7,13) (6,12) (5,11) (3,8) (1,2) (0,-1) (98,-6) (76,12) (97,-9) (79,9) (78,10) (77,11) (96,-11) (80,6) (95,-14) (81,4) (82,2) (83,-2) (84,-4) (85,-7) (86,-10) (87,-13) (88,-15) (89,-16) (90,-17) (91,-17) (92,-18) (93,-17) (94,-15) 
TD 6 :
(99,-1) (75,13) (74,13) (73,13) (43,13) (42,13) (8,13) (7,13) (6,12) (5,11) (3,8) (1,2) (0,-1) (41,12) (10,12) (9,12) (40,11) (11,10) (39,10) (12,8) (38,9) (13,5) (37,7) (14,4) (15,2) (16,-1) (17,-4) (18,-6) (19,-8) (20,-10) (21,-12) (22,-13) (23,-14) (24,-16) (25,-18) (26,-19) (27,-19) (28,-17) (29,-16) (30,-13) (31,-10) (32,-8) (33,-5) (34,-3) (35,1) (36,3) 
(99,-1) (75,13) (74,13) (73,13) (43,13) (42,13) (8,13) (7,13) (6,12) (5,11) (3,8) (1,2) (0,-1) (41,12) (10,12) (9,12) (40,11) (11,10) (39,10) (12,8) (38,9) (13,5) (37,7) (14,4) 
(99,-1) (75,13) (74,13) (73,13) (43,13) (42,13) (8,13) (7,13) (6,12) (5,11) (3,8) (1,2) (0,-1) (98,-6) (76,12) (97,-9) (79,9) (78,10) (77,11) (96,-11) (80,6) (95,-14) (81,4) (94,-15) (82,2) 
(99,-1) (75,13) (74,13) (73,13) (43,13) (42,13) (8,13) (7,13) (6,12) (5,11) (3,8) (1,2) (0,-1) (98,-6) (76,12) (97,-9) (79,9) (78,10) (77,11) (96,-11) (80,6) (95,-14) (81,4) (94,-15) (82,2) (83,-2) (84,-4) (85,-7) (86,-10) (87,-13) (88,-15) (89,-16) (90,-17) (91,-17) (92,-18) (93,-17) 
TD 7 :
(99,-1) (75,13) (74,13) (73,13) (43,13) (42,13) (8,13) (7,13) (6,12) (5,11) (3,8) (1,2) (0,-1) (41,12) (10,12) (9,12) (40,11) (11,10) (39,10) (12,8) (38,9) (13,5) (37,7) (14,4) (15,2) (16,-1) (17,-4) (18,-6) (19,-8) (20,-10) (21,-12) (22,-13) (23,-14) (24,-16) (25,-18) (26,-19) (27,-19) (28,-17) (29,-16) (30,-13) (31,-10) (32,-8) (33,-5) (34,-3) (35,1) (36,3) 
(99,-1) (75,13) (74,13) (73,13) (43,13) (42,13) (8,13) (7,13) (6,12) (5,11) (3,8) (1,2) (0,-1) (98,-6) (76,12) (97,-9) (79,9) (78,10) (77,11) (96,-11) (80,6) (95,-14) (81,4) (94,-15) (82,2) (93,-17) (83,-2) 
(99,-1) (75,13) (74,13) (73,13) (43,13) (42,13) (8,13) (7,13) (6,12) (5,11) (3,8) (1,2) (0,-1) (98,-6) (76,12) (97,-9) (79,9) (78,10) (77,11) (96,-11) (80,6) (95,-14) (81,4) (94,-15) (82,2) (93,-17) (83,-2) (84,-4) (85,-7) (86,-10) (87,-13) (88,-15) (89,-16) (90,-17) (91,-17) (92,-18) 
TD 8 :
(99,-1) (75,13) (74,13) (73,13) (43,13) (42,13) (8,13) (7,13) (6,12) (5,11) (3,8) (1,2) (0,-1) (41,12) (10,12) (9,12) (40,11) (11,10) (39,10) (12,8) (38,9) (13,5) (37,7) (14,4) (15,2) (36,3) (16,-1) (17,-4) (18,-6) (19,-8) (20,-10) (21,-12) (22,-13) (23,-14) (24,-16) (25,-18) (26,-19) (27,-19) (28,-17) (29,-16) (30,-13) (31,-10) (32,-8) (33,-5) (34,-3) (35,1) 
(99,-1) (75,13) (74,13) (73,13) (43,13) (42,13) (8,13) (7,13) (6,12) (5,11) (3,8) (1,2) (0,-1) (41,12) (10,12) (9,12) (40,11) (11,10) (39,10) (12,8) (38,9) (13,5) (37,7) (14,4) (15,2) (36,3) (16,-1) 
(99,-1) (75,13) (74,13) (73,13) (43,13) (42,13) (8,13) (7,13) (6,12) (5,11) (3,8) (1,2) (0,-1) (98,-6) (76,12) (97,-9) (79,9) (78,10) (77,11) (96,-11) (80,6) (95,-14) (81,4) (94,-15) (82,2) (93,-17) (83,-2) (92,-18) (84,-4) 
(99,-1) (75,13) (74,13) (73,13) (43,13) (42,13) (8,13) (7,13) (6,12) (5,11) (3,8) (1,2) (0,-1) (98,-6) (76,12) (97,-9) (79,9) (78,10) (77,11) (96,-11) (80,6) (95,-14) (81,4) (94,-15) (82,2) (93,-17) (83,-2) (92,-18) (84,-4) (85,-7) (86,-10) (87,-13) (88,-15) (89,-16) (90,-17) (91,-17) 
TD 9 :
(99,-1) (75,13) (74,13) (73,13) (43,13) (42,13) (8,13) (7,13) (6,12) (5,11) (3,8) (1,2) (0,-1) (41,12) (10,12) (9,12) (40,11) (11,10) (39,10) (12,8) (38,9) (13,5) (37,7) (14,4) (15,2) (36,3) (16,-1) (35,1) (17,-4) (18,-6) (19,-8) (20,-10) (21,-12) (22,-13) (23,-14) (24,-16) (25,-18) (26,-19) (27,-19) (28,-17) (29,-16) (30,-13) (31,-10) (32,-8) (33,-5) (34,-3) 
(99,-1) (75,13) (74,13) (73,13) (43,13) (42,13) (8,13) (7,13) (6,12) (5,11) (3,8) (1,2) (0,-1) (41,12) (10,12) (9,12) (40,11) (11,10) (39,10) (12,8) (38,9) (13,5) (37,7) (14,4) (15,2) (36,3) (16,-1) (35,1) (17,-4) 
(99,-1) (75,13) (74,13) (73,13) (43,13) (42,13) (8,13) (7,13) (6,12) (5,11) (3,8) (1,2) (0,-1) (98,-6) (76,12) (97,-9) (79,9) (78,10) (77,11) (96,-11) (80,6) (95,-14) (81,4) (94,-15) (82,2) (93,-17) (83,-2) (92,-18) (84,-4) (91,-17) (85,-7) 
(99,-1) (75,13) (74,13) (73,13) (43,13) (42,13) (8,13) (7,13) (6,12) (5,11) (3,8) (1,2) (0,-1) (98,-6) (76,12) (97,-9) (79,9) (78,10) (77,11) (96,-11) (80,6) (95,-14) (81,4) (94,-15) (82,2) (93,-17) (83,-2) (92,-18) (84,-4) (91,-17) (85,-7) (86,-10) (87,-13) (88,-15) (89,-16) (90,-17) 
TD 10 :
(99,-1) (75,13) (74,13) (73,13) (43,13) (42,13) (8,13) (7,13) (6,12) (5,11) (3,8) (1,2) (0,-1) (41,12) (10,12) (9,12) (40,11) (11,10) (39,10) (12,8) (38,9) (13,5) (37,7) (14,4) (15,2) (36,3) (16,-1) (35,1) (17,-4) (34,-3) (18,-6) (19,-8) (20,-10) (21,-12) (22,-13) (23,-14) (24,-16) (25,-18) (26,-19) (27,-19) (28,-17) (29,-16) (30,-13) (31,-10) (32,-8) (33,-5) 
(99,-1) (75,13) (74,13) (73,13) (43,13) (42,13) (8,13) (7,13) (6,12) (5,11) (3,8) (1,2) (0,-1) (41,12) (10,12) (9,12) (40,11) (11,10) (39,10) (12,8) (38,9) (13,5) (37,7) (14,4) (15,2) (36,3) (16,-1) (35,1) (17,-4) (34,-3) (18,-6) 
(99,-1) (75,13) (74,13) (73,13) (43,13) (42,13) (8,13) (7,13) (6,12) (5,11) (3,8) (1,2) (0,-1) (98,-6) (76,12) (97,-9) (79,9) (78,10) (77,11) (96,-11) (80,6) (95,-14) (81,4) (94,-15) (82,2) (93,-17) (83,-2) (92,-18) (84,-4) (91,-17) (85,-7) (90,-17) (86,-10) 
(99,-1) (75,13) (74,13) (73,13) (43,13) (42,13) (8,13) (7,13) (6,12) (5,11) (3,8) (1,2) (0,-1) (98,-6) (76,12) (97,-9) (79,9) (78,10) (77,11) (96,-11) (80,6) (95,-14) (81,4) (94,-15) (82,2) (93,-17) (83,-2) (92,-18) (84,-4) (91,-17) (85,-7) (90,-17) (86,-10) (87,-13) (88,-15) (89,-16) 
TD 11 :
(99,-1) (75,13) (74,13) (73,13) (43,13) (42,13) (8,13) (7,13) (6,12) (5,11) (3,8) (1,2) (0,-1) (41,12) (10,12) (9,12) (40,11) (11,10) (39,10) (12,8) (38,9) (13,5) (37,7) (14,4) (15,2) (36,3) (16,-1) (35,1) (17,-4) (34,-3) (18,-6) (33,-5) (19,-8) (20,-10) (21,-12) (22,-13) (23,-14) (24,-16) (25,-18) (26,-19) (27,-19) (28,-17) (29,-16) (30,-13) (31,-10) (32,-8) 
(99,-1) (75,13) (74,13) (73,13) (43,13) (42,13) (8,13) (7,13) (6,12) (5,11) (3,8) (1,2) (0,-1) (41,12) (10,12) (9,12) (40,11) (11,10) (39,10) (12,8) (38,9) (13,5) (37,7) (14,4) (15,2) (36,3) (16,-1) (35,1) (17,-4) (34,-3) (18,-6) (33,-5) (19,-8) 
(99,-1) (75,13) (74,13) (73,13) (43,13) (42,13) (8,13) (7,13) (6,12) (5,11) (3,8) (1,2) (0,-1) (98,-6) (76,12) (97,-9) (79,9) (78,10) (77,11) (96,-11) (80,6) (95,-14) (81,4) (94,-15) (82,2) (93,-17) (83,-2) (92,-18) (84,-4) (91,-17) (85,-7) (90,-17) (86,-10) (89,-16) (87,-13) 
(99,-1) (75,13) (74,13) (73,13) (43,13) (42,13) (8,13) (7,13) (6,12) (5,11) (3,8) (1,2) (0,-1) (98,-6) (76,12) (97,-9) (79,9) (78,10) (77,11) (96,-11) (80,6) (95,-14) (81,4) (94,-15) (82,2) (93,-17) (83,-2) (92,-18) (84,-4) (91,-17) (85,-7) (90,-17) (86,-10) (89,-16) (87,-13) (88,-15) 
TD 12 :
(99,-1) (75,13) (74,13) (73,13) (43,13) (42,13) (8,13) (7,13) (6,12) (5,11) (3,8) (1,2) (0,-1) (41,12) (10,12) (9,12) (40,11) (11,10) (39,10) (12,8) (38,9) (13,5) (37,7) (14,4) (15,2) (36,3) (16,-1) (35,1) (17,-4) (34,-3) (18,-6) (33,-5) (19,-8) (32,-8) (20,-10) (21,-12) (22,-13) (23,-14) (24,-16) (25,-18) (26,-19) (27,-19) (28,-17) (29,-16) (30,-13) (31,-10) 
(99,-1) (75,13) (74,13) (73,13) (43,13) (42,13) (8,13) (7,13) (6,12) (5,11) (3,8) (1,2) (0,-1) (41,12) (10,12) (9,12) (40,11) (11,10) (39,10) (12,8) (38,9) (13,5) (37,7) (14,4) (15,2) (36,3) (16,-1) (35,1) (17,-4) (34,-3) (18,-6) (33,-5) (19,-8) (32,-8) (20,-10) 
(99,-1) (75,13) (74,13) (73,13) (43,13) (42,13) (8,13) (7,13) (6,12) (5,11) (3,8) (1,2) (0,-1) (98,-6) (76,12) (97,-9) (79,9) (78,10) (77,11) (96,-11) (80,6) (95,-14) (81,4) (94,-15) (82,2) (93,-17) (83,-2) (92,-18) (84,-4) (91,-17) (85,-7) (90,-17) (86,-10) (89,-16) (87,-13) (88,-15) 
TD 13 :
(99,-1) (75,13) (74,13) (73,13) (43,13) (42,13) (8,13) (7,13) (6,12) (5,11) (3,8) (1,2) (0,-1) (41,12) (10,12) (9,12) (40,11) (11,10) (39,10) (12,8) (38,9) (13,5) (37,7) (14,4) (15,2) (36,3) (16,-1) (35,1) (17,-4) (34,-3) (18,-6) (33,-5) (19,-8) (32,-8) (20,-10) (31,-10) (21,-12) (22,-13) (23,-14) (24,-16) (25,-18) (26,-19) (27,-19) (28,-17) (29,-16) (30,-13) 
(99,-1) (75,13) (74,13) (73,13) (43,13) (42,13) (8,13) (7,13) (6,12) (5,11) (3,8) (1,2) (0,-1) (41,12) (10,12) (9,12) (40,11) (11,10) (39,10) (12,8) (38,9) (13,5) (37,7) (14,4) (15,2) (36,3) (16,-1) (35,1) (17,-4) (34,-3) (18,-6) (33,-5) (19,-8) (32,-8) (20,-10) (31,-10) (21,-12) 
TD 14 :
(99,-1) (75,13) (74,13) (73,13) (43,13) (42,13) (8,13) (7,13) (6,12) (5,11) (3,8) (1,2) (0,-1) (41,12) (10,12) (9,12) (40,11) (11,10) (39,10) (12,8) (38,9) (13,5) (37,7) (14,4) (15,2) (36,3) (16,-1) (35,1) (17,-4) (34,-3) (18,-6) (33,-5) (19,-8) (32,-8) (20,-10) (31,-10) (21,-12) (22,-13) (23,-14) (24,-16) (25,-18) (26,-19) (27,-19) (28,-17) (29,-16) (30,-13) 
TD 15 :
(99,-1) (75,13) (74,13) (73,13) (43,13) (42,13) (8,13) (7,13) (6,12) (5,11) (3,8) (1,2) (0,-1) (41,12) (10,12) (9,12) (40,11) (11,10) (39,10) (12,8) (38,9) (13,5) (37,7) (14,4) (15,2) (36,3) (16,-1) (35,1) (17,-4) (34,-3) (18,-6) (33,-5) (19,-8) (32,-8) (20,-10) (31,-10) (21,-12) (22,-13) (30,-13) (23,-14) (24,-16) (25,-18) (26,-19) (27,-19) (28,-17) (29,-16) 
(99,-1) (75,13) (74,13) (73,13) (43,13) (42,13) (8,13) (7,13) (6,12) (5,11) (3,8) (1,2) (0,-1) (41,12) (10,12) (9,12) (40,11) (11,10) (39,10) (12,8) (38,9) (13,5) (37,7) (14,4) (15,2) (36,3) (16,-1) (35,1) (17,-4) (34,-3) (18,-6) (33,-5) (19,-8) (32,-8) (20,-10) (31,-10) (21,-12) (22,-13) (30,-13) (23,-14) 
TD 16 :
(99,-1) (75,13) (74,13) (73,13) (43,13) (42,13) (8,13) (7,13) (6,12) (5,11) (3,8) (1,2) (0,-1) (41,12) (10,12) (9,12) (40,11) (11,10) (39,10) (12,8) (38,9) (13,5) (37,7) (14,4) (15,2) (36,3) (16,-1) (35,1) (17,-4) (34,-3) (18,-6) (33,-5) (19,-8) (32,-8) (20,-10) (31,-10) (21,-12) (22,-13) (30,-13) (23,-14) (24,-16) (25,-18) (26,-19) (27,-19) (28,-17) (29,-16) 
TD 17 :
(99,-1) (75,13) (74,13) (73,13) (43,13) (42,13) (8,13) (7,13) (6,12) (5,11) (3,8) (1,2) (0,-1) (41,12) (10,12) (9,12) (40,11) (11,10) (39,10) (12,8) (38,9) (13,5) (37,7) (14,4) (15,2) (36,3) (16,-1) (35,1) (17,-4) (34,-3) (18,-6) (33,-5) (19,-8) (32,-8) (20,-10) (31,-10) (21,-12) (22,-13) (30,-13) (23,-14) (24,-16) (29,-16) (25,-18) (26,-19) (27,-19) (28,-17) 
(99,-1) (75,13) (74,13) (73,13) (43,13) (42,13) (8,13) (7,13) (6,12) (5,11) (3,8) (1,2) (0,-1) (41,12) (10,12) (9,12) (40,11) (11,10) (39,10) (12,8) (38,9) (13,5) (37,7) (14,4) (15,2) (36,3) (16,-1) (35,1) (17,-4) (34,-3) (18,-6) (33,-5) (19,-8) (32,-8) (20,-10) (31,-10) (21,-12) (22,-13) (30,-13) (23,-14) (24,-16) (29,-16) (25,-18) 
TD 18 :
(99,-1) (75,13) (74,13) (73,13) (43,13) (42,13) (8,13) (7,13) (6,12) (5,11) (3,8) (1,2) (0,-1) (41,12) (10,12) (9,12) (40,11) (11,10) (39,10) (12,8) (38,9) (13,5) (37,7) (14,4) (15,2) (36,3) (16,-1) (35,1) (17,-4) (34,-3) (18,-6) (33,-5) (19,-8) (32,-8) (20,-10) (31,-10) (21,-12) (22,-13) (30,-13) (23,-14) (24,-16) (29,-16) (25,-18) (28,-17) (26,-19) (27,-19) 
(99,-1) (75,13) (74,13) (73,13) (43,13) (42,13) (8,13) (7,13) (6,12) (5,11) (3,8) (1,2) (0,-1) (41,12) (10,12) (9,12) (40,11) (11,10) (39,10) (12,8) (38,9) (13,5) (37,7) (14,4) (15,2) (36,3) (16,-1) (35,1) (17,-4) (34,-3) (18,-6) (33,-5) (19,-8) (32,-8) (20,-10) (31,-10) (21,-12) (22,-13) (30,-13) (23,-14) (24,-16) (29,-16) (25,-18) (28,-17) (26,-19) 
TD 19 :
(99,-1) (75,13) (74,13) (73,13) (43,13) (42,13) (8,13) (7,13) (6,12) (5,11) (3,8) (1,2) (0,-1) (41,12) (10,12) (9,12) (40,11) (11,10) (39,10) (12,8) (38,9) (13,5) (37,7) (14,4) (15,2) (36,3) (16,-1) (35,1) (17,-4) (34,-3) (18,-6) (33,-5) (19,-8) (32,-8) (20,-10) (31,-10) (21,-12) (22,-13) (30,-13) (23,-14) (24,-16) (29,-16) (25,-18) (28,-17) (26,-19) (27,-19) 
Pocket 0 :
()
Pocket 1 :
({  (0,-1) ,(1,2) } {  (0,-1) ,(1,2) } {  (0,-1) ,(1,2) } {  (0,-1) ,(1,2) } {  (0,-1) ,(1,2) } {  (0,-1) ,(1,2) } {  (0,-1) ,(1,2) } {  (0,-1) ,(1,2) } {  (0,-1) ,(1,2) } {  (0,-1) ,(1,2) } {  (0,-1) ,(1,2) } {  (0,-1) ,(1,2) } {  (0,-1) ,(1,2) } {  (0,-1) ,(1,2) } {  (0,-1) ,(1,2) } {  (0,-1) ,(1,2) } {  (0,-1) ,(1,2) } {  (0,-1) ,(1,2) } {  (0,-1) ,(1,2) } {  (0,-1) ,(1,2) } {  (0,-1) ,(1,2) } {  (0,-1) ,(1,2) } {  (0,-1) ,(1,2) } {  (0,-1) ,(1,2) } )
Pocket 2 :
({  (2,4) ,(0,-1) } {  (99,-1) ,(4,9) } {  (99,-1) ,(4,9) } {  (10,12) ,(9,12) } {  (10,12) ,(9,12) } {  (10,12) ,(9,12) } {  (10,12) ,(9,12) } {  (77,11) ,(76,12) } {  (77,11) ,(76,12) } )
Pocket 3 :
({  (11,10) ,(9,12) } {  (99,-1) ,(40,11) } {  (11,10) ,(9,12) } {  (99,-1) ,(40,11) } {  (78,10) ,(77,11) } {  (78,10) ,(77,11) } {  (78,10) ,(77,11) } {  (78,10) ,(77,11) } )
Pocket 4 :
({  (12,8) ,(11,10) } {  (99,-1) ,(39,10) } {  (12,8) ,(11,10) } {  (99,-1) ,(39,10) } {  (81,4) ,(80,6) } {  (81,4) ,(80,6) } )
Pocket 5 :
({  (13,5) ,(12,8) } {  (99,-1) ,(38,9) } {  (13,5) ,(12,8) } {  (99,-1) ,(38,9) } {  (82,2) ,(81,4) } {  (82,2) ,(81,4) } )
Pocket 6 :
({  (14,4) ,(13,5) } {  (99,-1) ,(37,7) } {  (14,4) ,(13,5) } {  (99,-1) ,(37,7) } {  (83,-2) ,(82,2) } {  (83,-2) ,(82,2) } )
Pocket 7 :
({  (15,2) ,(14,4) } {  (84,-4) ,(83,-2) } {  (84,-4) ,(83,-2) } )
Pocket 8 :
({  (16,-1) ,(15,2) } {  (99,-1) ,(36,3) } {  (16,-1) ,(15,2) } {  (99,-1) ,(36,3) } {  (85,-7) ,(84,-4) } {  (85,-7) ,(84,-4) } )
Pocket 9 :
({  (17,-4) ,(16,-1) } {  (99,-1) ,(35,1) } {  (17,-4) ,(16,-1) } {  (99,-1) ,(35,1) } {  (86,-10) ,(85,-7) } {  (86,-10) ,(85,-7) } )
Pocket 10 :
({  (18,-6) ,(17,-4) } {  (99,-1) ,(34,-3) } {  (18,-6) ,(17,-4) } {  (99,-1) ,(34,-3) } {  (87,-13) ,(86,-10) } {  (87,-13) ,(86,-10) } )
Pocket 11 :
({  (19,-8) ,(18,-6) } {  (99,-1) ,(33,-5) } {  (19,-8) ,(18,-6) } {  (99,-1) ,(33,-5) } {  (88,-15) ,(87,-13) } {  (88,-15) ,(87,-13) } )
Pocket 12 :
({  (20,-10) ,(19,-8) } {  (99,-1) ,(32,-8) } {  (20,-10) ,(19,-8) } {  (99,-1) ,(32,-8) } {  (99,-1) ,(88,-15) } )
Pocket 13 :
({  (21,-12) ,(20,-10) } {  (99,-1) ,(31,-10) } {  (21,-12) ,(20,-10) } {  (99,-1) ,(31,-10) } )
Pocket 14 :
({  (22,-13) ,(21,-12) } )
Pocket 15 :
({  (23,-14) ,(22,-13) } {  (99,-1) ,(30,-13) } {  (23,-14) ,(22,-13) } {  (99,-1) ,(30,-13) } )
Pocket 16 :
({  (24,-16) ,(23,-14) } )
Pocket 17 :
({  (25,-18) ,(24,-16) } {  (99,-1) ,(29,-16) } {  (25,-18) ,(24,-16) } {  (99,-1) ,(29,-16) } )
Pocket 18 :
({  (26,-19) ,(25,-18) } {  (99,-1) ,(28,-17) } {  (26,-19) ,(25,-18) } {  (99,-1) ,(28,-17) } )
