18 layers in onion peeling: 
Layer 1
(99,-13) (75,4) (43,14) (10,16) (9,16) (8,16) (7,16) (6,15) (4,12) (3,10) (1,5) (0,1) 
Layer 2
(98,-17) (76,3) (74,4) (42,14) (11,14) (5,13) (2,7) 
Layer 3
(97,-21) (77,2) (73,4) (44,13) (41,13) (12,13) 
Layer 4
(96,-24) (78,-1) (72,3) (45,11) (40,12) (39,12) (13,11) 
Layer 5
(95,-24) (79,-5) (71,1) (38,11) (14,9) 
Layer 6
(94,-27) (80,-7) (70,-1) (46,8) (37,9) (15,5) 
Layer 7
(93,-27) (81,-10) (69,-3) (47,5) (36,7) (16,1) 
Layer 8
(92,-29) (82,-14) (68,-5) (48,2) (35,4) (17,-2) 
Layer 9
(91,-29) (83,-16) (67,-6) (49,-2) (34,1) (18,-4) 
Layer 10
(90,-29) (87,-24) (84,-19) (66,-9) (33,-1) (19,-9) 
Layer 11
(89,-28) (86,-23) (85,-22) (65,-12) (50,-6) (32,-4) (20,-9) 
Layer 12
(88,-27) (51,-10) (31,-7) (21,-12) 
Layer 13
(64,-16) (52,-13) (30,-9) (22,-13) 
Layer 14
(63,-20) (53,-16) (29,-10) (23,-15) 
Layer 15
(62,-23) (54,-20) (28,-13) (24,-15) 
Layer 16
(61,-25) (55,-23) (27,-15) (25,-16) 
Layer 17
(60,-28) (59,-27) (26,-16) 
Layer 18
(58,-27) (56,-27) 
---------------------------------------------------------------------------------------
TD 0 :
(99,-13) (98,-17) (97,-21) (96,-24) (95,-24) (94,-27) (93,-27) (92,-29) (91,-29) (90,-29) (89,-28) (88,-27) (87,-24) (86,-23) (85,-22) (84,-19) (83,-16) (82,-14) (81,-10) (80,-7) (79,-5) (78,-1) (77,2) (76,3) (75,4) (74,4) (73,4) (72,3) (71,1) (70,-1) (69,-3) (68,-5) (67,-6) (66,-9) (65,-12) (64,-16) (63,-20) (62,-23) (61,-25) (60,-28) (59,-27) (58,-27) (57,-28) (56,-27) (55,-23) (54,-20) (53,-16) (52,-13) (51,-10) (50,-6) (49,-2) (48,2) (47,5) (46,8) (45,11) (44,13) (43,14) (42,14) (41,13) (40,12) (39,12) (38,11) (37,9) (36,7) (35,4) (34,1) (33,-1) (32,-4) (31,-7) (30,-9) (29,-10) (28,-13) (27,-15) (26,-16) (25,-16) (24,-15) (23,-15) (22,-13) (21,-12) (20,-9) (19,-9) (18,-4) (17,-2) (16,1) (15,5) (14,9) (13,11) (12,13) (11,14) (10,16) (9,16) (8,16) (7,16) (6,15) (5,13) (4,12) (3,10) (2,7) (1,5) (0,1) 
TD 1 :
(99,-13) (75,4) (43,14) (10,16) (9,16) (8,16) (7,16) (6,15) (4,12) (3,10) (1,5) (0,1) 
(99,-13) (75,4) (43,14) (10,16) (9,16) (8,16) (7,16) (6,15) (4,12) (3,10) (1,5) (0,1) (2,7) 
(99,-13) (75,4) (43,14) (10,16) (9,16) (8,16) (7,16) (6,15) (4,12) (3,10) (1,5) (0,1) 
(99,-13) (75,4) (43,14) (10,16) (9,16) (8,16) (7,16) (6,15) (4,12) (3,10) (1,5) (0,1) (5,13) 
(99,-13) (75,4) (43,14) (10,16) (9,16) (8,16) (7,16) (6,15) (4,12) (3,10) (1,5) (0,1) 
(99,-13) (75,4) (43,14) (10,16) (9,16) (8,16) (7,16) (6,15) (4,12) (3,10) (1,5) (0,1) 
(99,-13) (75,4) (43,14) (10,16) (9,16) (8,16) (7,16) (6,15) (4,12) (3,10) (1,5) (0,1) 
(99,-13) (75,4) (43,14) (10,16) (9,16) (8,16) (7,16) (6,15) (4,12) (3,10) (1,5) (0,1) 
(99,-13) (75,4) (43,14) (10,16) (9,16) (8,16) (7,16) (6,15) (4,12) (3,10) (1,5) (0,1) (11,14) (12,13) (13,11) (14,9) (15,5) (16,1) (17,-2) (18,-4) (19,-9) (20,-9) (21,-12) (22,-13) (23,-15) (24,-15) (25,-16) (26,-16) (27,-15) (28,-13) (29,-10) (30,-9) (31,-7) (32,-4) (33,-1) (34,1) (35,4) (36,7) (37,9) (38,11) (39,12) (40,12) (41,13) (42,14) 
(99,-13) (75,4) (43,14) (10,16) (9,16) (8,16) (7,16) (6,15) (4,12) (3,10) (1,5) (0,1) (44,13) (45,11) (46,8) (47,5) (48,2) (49,-2) (50,-6) (51,-10) (52,-13) (53,-16) (54,-20) (55,-23) (56,-27) (57,-28) (58,-27) (59,-27) (60,-28) (61,-25) (62,-23) (63,-20) (64,-16) (65,-12) (66,-9) (67,-6) (68,-5) (69,-3) (70,-1) (71,1) (72,3) (73,4) (74,4) 
(99,-13) (75,4) (43,14) (10,16) (9,16) (8,16) (7,16) (6,15) (4,12) (3,10) (1,5) (0,1) (76,3) (77,2) (78,-1) (79,-5) (80,-7) (81,-10) (82,-14) (83,-16) (84,-19) (85,-22) (86,-23) (87,-24) (88,-27) (89,-28) (90,-29) (91,-29) (92,-29) (93,-27) (94,-27) (95,-24) (96,-24) (97,-21) (98,-17) 
TD 2 :
(99,-13) (75,4) (43,14) (10,16) (9,16) (8,16) (7,16) (6,15) (4,12) (3,10) (1,5) (0,1) (2,7) 
(99,-13) (75,4) (43,14) (10,16) (9,16) (8,16) (7,16) (6,15) (4,12) (3,10) (1,5) (0,1) (5,13) 
(99,-13) (75,4) (43,14) (10,16) (9,16) (8,16) (7,16) (6,15) (4,12) (3,10) (1,5) (0,1) (5,13) 
(99,-13) (75,4) (43,14) (10,16) (9,16) (8,16) (7,16) (6,15) (4,12) (3,10) (1,5) (0,1) (42,14) (11,14) 
(99,-13) (75,4) (43,14) (10,16) (9,16) (8,16) (7,16) (6,15) (4,12) (3,10) (1,5) (0,1) (42,14) (11,14) (12,13) (13,11) (14,9) (15,5) (16,1) (17,-2) (18,-4) (19,-9) (20,-9) (21,-12) (22,-13) (23,-15) (24,-15) (25,-16) (26,-16) (27,-15) (28,-13) (29,-10) (30,-9) (31,-7) (32,-4) (33,-1) (34,1) (35,4) (36,7) (37,9) (38,11) (39,12) (40,12) (41,13) 
(99,-13) (75,4) (43,14) (10,16) (9,16) (8,16) (7,16) (6,15) (4,12) (3,10) (1,5) (0,1) (42,14) (11,14) 
(99,-13) (75,4) (43,14) (10,16) (9,16) (8,16) (7,16) (6,15) (4,12) (3,10) (1,5) (0,1) (74,4) (44,13) (45,11) (46,8) (47,5) (48,2) (49,-2) (50,-6) (51,-10) (52,-13) (53,-16) (54,-20) (55,-23) (56,-27) (57,-28) (58,-27) (59,-27) (60,-28) (61,-25) (62,-23) (63,-20) (64,-16) (65,-12) (66,-9) (67,-6) (68,-5) (69,-3) (70,-1) (71,1) (72,3) (73,4) 
(99,-13) (75,4) (43,14) (10,16) (9,16) (8,16) (7,16) (6,15) (4,12) (3,10) (1,5) (0,1) (74,4) 
(99,-13) (75,4) (43,14) (10,16) (9,16) (8,16) (7,16) (6,15) (4,12) (3,10) (1,5) (0,1) (98,-17) (76,3) 
(99,-13) (75,4) (43,14) (10,16) (9,16) (8,16) (7,16) (6,15) (4,12) (3,10) (1,5) (0,1) (98,-17) (76,3) (77,2) (78,-1) (79,-5) (80,-7) (81,-10) (82,-14) (83,-16) (84,-19) (85,-22) (86,-23) (87,-24) (88,-27) (89,-28) (90,-29) (91,-29) (92,-29) (93,-27) (94,-27) (95,-24) (96,-24) (97,-21) 
TD 3 :
(99,-13) (75,4) (43,14) (10,16) (9,16) (8,16) (7,16) (6,15) (4,12) (3,10) (1,5) (0,1) (42,14) (11,14) (41,13) (12,13) (13,11) (14,9) (15,5) (16,1) (17,-2) (18,-4) (19,-9) (20,-9) (21,-12) (22,-13) (23,-15) (24,-15) (25,-16) (26,-16) (27,-15) (28,-13) (29,-10) (30,-9) (31,-7) (32,-4) (33,-1) (34,1) (35,4) (36,7) (37,9) (38,11) (39,12) (40,12) 
(99,-13) (75,4) (43,14) (10,16) (9,16) (8,16) (7,16) (6,15) (4,12) (3,10) (1,5) (0,1) (42,14) (11,14) (41,13) (12,13) 
(99,-13) (75,4) (43,14) (10,16) (9,16) (8,16) (7,16) (6,15) (4,12) (3,10) (1,5) (0,1) (74,4) (73,4) (44,13) 
(99,-13) (75,4) (43,14) (10,16) (9,16) (8,16) (7,16) (6,15) (4,12) (3,10) (1,5) (0,1) (74,4) (73,4) (44,13) (45,11) (46,8) (47,5) (48,2) (49,-2) (50,-6) (51,-10) (52,-13) (53,-16) (54,-20) (55,-23) (56,-27) (57,-28) (58,-27) (59,-27) (60,-28) (61,-25) (62,-23) (63,-20) (64,-16) (65,-12) (66,-9) (67,-6) (68,-5) (69,-3) (70,-1) (71,1) (72,3) 
(99,-13) (75,4) (43,14) (10,16) (9,16) (8,16) (7,16) (6,15) (4,12) (3,10) (1,5) (0,1) (74,4) (73,4) (44,13) 
(99,-13) (75,4) (43,14) (10,16) (9,16) (8,16) (7,16) (6,15) (4,12) (3,10) (1,5) (0,1) (98,-17) (76,3) (97,-21) (77,2) 
(99,-13) (75,4) (43,14) (10,16) (9,16) (8,16) (7,16) (6,15) (4,12) (3,10) (1,5) (0,1) (98,-17) (76,3) (97,-21) (77,2) (78,-1) (79,-5) (80,-7) (81,-10) (82,-14) (83,-16) (84,-19) (85,-22) (86,-23) (87,-24) (88,-27) (89,-28) (90,-29) (91,-29) (92,-29) (93,-27) (94,-27) (95,-24) (96,-24) 
TD 4 :
(99,-13) (75,4) (43,14) (10,16) (9,16) (8,16) (7,16) (6,15) (4,12) (3,10) (1,5) (0,1) (42,14) (11,14) (41,13) (12,13) (40,12) (39,12) (13,11) (14,9) (15,5) (16,1) (17,-2) (18,-4) (19,-9) (20,-9) (21,-12) (22,-13) (23,-15) (24,-15) (25,-16) (26,-16) (27,-15) (28,-13) (29,-10) (30,-9) (31,-7) (32,-4) (33,-1) (34,1) (35,4) (36,7) (37,9) (38,11) 
(99,-13) (75,4) (43,14) (10,16) (9,16) (8,16) (7,16) (6,15) (4,12) (3,10) (1,5) (0,1) (42,14) (11,14) (41,13) (12,13) (40,12) (39,12) (13,11) 
(99,-13) (75,4) (43,14) (10,16) (9,16) (8,16) (7,16) (6,15) (4,12) (3,10) (1,5) (0,1) (42,14) (11,14) (41,13) (12,13) (40,12) (39,12) (13,11) 
(99,-13) (75,4) (43,14) (10,16) (9,16) (8,16) (7,16) (6,15) (4,12) (3,10) (1,5) (0,1) (74,4) (73,4) (44,13) (72,3) (45,11) 
(99,-13) (75,4) (43,14) (10,16) (9,16) (8,16) (7,16) (6,15) (4,12) (3,10) (1,5) (0,1) (74,4) (73,4) (44,13) (72,3) (45,11) (46,8) (47,5) (48,2) (49,-2) (50,-6) (51,-10) (52,-13) (53,-16) (54,-20) (55,-23) (56,-27) (57,-28) (58,-27) (59,-27) (60,-28) (61,-25) (62,-23) (63,-20) (64,-16) (65,-12) (66,-9) (67,-6) (68,-5) (69,-3) (70,-1) (71,1) 
(99,-13) (75,4) (43,14) (10,16) (9,16) (8,16) (7,16) (6,15) (4,12) (3,10) (1,5) (0,1) (74,4) (73,4) (44,13) (72,3) (45,11) 
(99,-13) (75,4) (43,14) (10,16) (9,16) (8,16) (7,16) (6,15) (4,12) (3,10) (1,5) (0,1) (98,-17) (76,3) (97,-21) (77,2) (96,-24) (78,-1) 
(99,-13) (75,4) (43,14) (10,16) (9,16) (8,16) (7,16) (6,15) (4,12) (3,10) (1,5) (0,1) (98,-17) (76,3) (97,-21) (77,2) (96,-24) (78,-1) (79,-5) (80,-7) (81,-10) (82,-14) (83,-16) (84,-19) (85,-22) (86,-23) (87,-24) (88,-27) (89,-28) (90,-29) (91,-29) (92,-29) (93,-27) (94,-27) (95,-24) 
TD 5 :
(99,-13) (75,4) (43,14) (10,16) (9,16) (8,16) (7,16) (6,15) (4,12) (3,10) (1,5) (0,1) (42,14) (11,14) (41,13) (12,13) (40,12) (39,12) (13,11) (38,11) (14,9) (15,5) (16,1) (17,-2) (18,-4) (19,-9) (20,-9) (21,-12) (22,-13) (23,-15) (24,-15) (25,-16) (26,-16) (27,-15) (28,-13) (29,-10) (30,-9) (31,-7) (32,-4) (33,-1) (34,1) (35,4) (36,7) (37,9) 
(99,-13) (75,4) (43,14) (10,16) (9,16) (8,16) (7,16) (6,15) (4,12) (3,10) (1,5) (0,1) (42,14) (11,14) (41,13) (12,13) (40,12) (39,12) (13,11) (38,11) (14,9) 
(99,-13) (75,4) (43,14) (10,16) (9,16) (8,16) (7,16) (6,15) (4,12) (3,10) (1,5) (0,1) (74,4) (73,4) (44,13) (72,3) (45,11) (71,1) (46,8) (47,5) (48,2) (49,-2) (50,-6) (51,-10) (52,-13) (53,-16) (54,-20) (55,-23) (56,-27) (57,-28) (58,-27) (59,-27) (60,-28) (61,-25) (62,-23) (63,-20) (64,-16) (65,-12) (66,-9) (67,-6) (68,-5) (69,-3) (70,-1) 
(99,-13) (75,4) (43,14) (10,16) (9,16) (8,16) (7,16) (6,15) (4,12) (3,10) (1,5) (0,1) (74,4) (73,4) (44,13) (72,3) (45,11) (71,1) 
(99,-13) (75,4) (43,14) (10,16) (9,16) (8,16) (7,16) (6,15) (4,12) (3,10) (1,5) (0,1) (98,-17) (76,3) (97,-21) (77,2) (96,-24) (78,-1) (95,-24) (79,-5) 
(99,-13) (75,4) (43,14) (10,16) (9,16) (8,16) (7,16) (6,15) (4,12) (3,10) (1,5) (0,1) (98,-17) (76,3) (97,-21) (77,2) (96,-24) (78,-1) (95,-24) (79,-5) (80,-7) (81,-10) (82,-14) (83,-16) (84,-19) (85,-22) (86,-23) (87,-24) (88,-27) (89,-28) (90,-29) (91,-29) (92,-29) (93,-27) (94,-27) 
TD 6 :
(99,-13) (75,4) (43,14) (10,16) (9,16) (8,16) (7,16) (6,15) (4,12) (3,10) (1,5) (0,1) (42,14) (11,14) (41,13) (12,13) (40,12) (39,12) (13,11) (38,11) (14,9) (37,9) (15,5) (16,1) (17,-2) (18,-4) (19,-9) (20,-9) (21,-12) (22,-13) (23,-15) (24,-15) (25,-16) (26,-16) (27,-15) (28,-13) (29,-10) (30,-9) (31,-7) (32,-4) (33,-1) (34,1) (35,4) (36,7) 
(99,-13) (75,4) (43,14) (10,16) (9,16) (8,16) (7,16) (6,15) (4,12) (3,10) (1,5) (0,1) (42,14) (11,14) (41,13) (12,13) (40,12) (39,12) (13,11) (38,11) (14,9) (37,9) (15,5) 
(99,-13) (75,4) (43,14) (10,16) (9,16) (8,16) (7,16) (6,15) (4,12) (3,10) (1,5) (0,1) (74,4) (73,4) (44,13) (72,3) (45,11) (71,1) (70,-1) (46,8) 
(99,-13) (75,4) (43,14) (10,16) (9,16) (8,16) (7,16) (6,15) (4,12) (3,10) (1,5) (0,1) (74,4) (73,4) (44,13) (72,3) (45,11) (71,1) (70,-1) (46,8) (47,5) (48,2) (49,-2) (50,-6) (51,-10) (52,-13) (53,-16) (54,-20) (55,-23) (56,-27) (57,-28) (58,-27) (59,-27) (60,-28) (61,-25) (62,-23) (63,-20) (64,-16) (65,-12) (66,-9) (67,-6) (68,-5) (69,-3) 
(99,-13) (75,4) (43,14) (10,16) (9,16) (8,16) (7,16) (6,15) (4,12) (3,10) (1,5) (0,1) (74,4) (73,4) (44,13) (72,3) (45,11) (71,1) (70,-1) (46,8) 
(99,-13) (75,4) (43,14) (10,16) (9,16) (8,16) (7,16) (6,15) (4,12) (3,10) (1,5) (0,1) (98,-17) (76,3) (97,-21) (77,2) (96,-24) (78,-1) (95,-24) (79,-5) (94,-27) (80,-7) 
(99,-13) (75,4) (43,14) (10,16) (9,16) (8,16) (7,16) (6,15) (4,12) (3,10) (1,5) (0,1) (98,-17) (76,3) (97,-21) (77,2) (96,-24) (78,-1) (95,-24) (79,-5) (94,-27) (80,-7) (81,-10) (82,-14) (83,-16) (84,-19) (85,-22) (86,-23) (87,-24) (88,-27) (89,-28) (90,-29) (91,-29) (92,-29) (93,-27) 
TD 7 :
(99,-13) (75,4) (43,14) (10,16) (9,16) (8,16) (7,16) (6,15) (4,12) (3,10) (1,5) (0,1) (42,14) (11,14) (41,13) (12,13) (40,12) (39,12) (13,11) (38,11) (14,9) (37,9) (15,5) (36,7) (16,1) (17,-2) (18,-4) (19,-9) (20,-9) (21,-12) (22,-13) (23,-15) (24,-15) (25,-16) (26,-16) (27,-15) (28,-13) (29,-10) (30,-9) (31,-7) (32,-4) (33,-1) (34,1) (35,4) 
(99,-13) (75,4) (43,14) (10,16) (9,16) (8,16) (7,16) (6,15) (4,12) (3,10) (1,5) (0,1) (42,14) (11,14) (41,13) (12,13) (40,12) (39,12) (13,11) (38,11) (14,9) (37,9) (15,5) (36,7) (16,1) 
(99,-13) (75,4) (43,14) (10,16) (9,16) (8,16) (7,16) (6,15) (4,12) (3,10) (1,5) (0,1) (74,4) (73,4) (44,13) (72,3) (45,11) (71,1) (70,-1) (46,8) (69,-3) (47,5) 
(99,-13) (75,4) (43,14) (10,16) (9,16) (8,16) (7,16) (6,15) (4,12) (3,10) (1,5) (0,1) (74,4) (73,4) (44,13) (72,3) (45,11) (71,1) (70,-1) (46,8) (69,-3) (47,5) (48,2) (49,-2) (50,-6) (51,-10) (52,-13) (53,-16) (54,-20) (55,-23) (56,-27) (57,-28) (58,-27) (59,-27) (60,-28) (61,-25) (62,-23) (63,-20) (64,-16) (65,-12) (66,-9) (67,-6) (68,-5) 
(99,-13) (75,4) (43,14) (10,16) (9,16) (8,16) (7,16) (6,15) (4,12) (3,10) (1,5) (0,1) (74,4) (73,4) (44,13) (72,3) (45,11) (71,1) (70,-1) (46,8) (69,-3) (47,5) 
(99,-13) (75,4) (43,14) (10,16) (9,16) (8,16) (7,16) (6,15) (4,12) (3,10) (1,5) (0,1) (98,-17) (76,3) (97,-21) (77,2) (96,-24) (78,-1) (95,-24) (79,-5) (94,-27) (80,-7) (93,-27) (81,-10) 
(99,-13) (75,4) (43,14) (10,16) (9,16) (8,16) (7,16) (6,15) (4,12) (3,10) (1,5) (0,1) (98,-17) (76,3) (97,-21) (77,2) (96,-24) (78,-1) (95,-24) (79,-5) (94,-27) (80,-7) (93,-27) (81,-10) (82,-14) (83,-16) (84,-19) (85,-22) (86,-23) (87,-24) (88,-27) (89,-28) (90,-29) (91,-29) (92,-29) 
TD 8 :
(99,-13) (75,4) (43,14) (10,16) (9,16) (8,16) (7,16) (6,15) (4,12) (3,10) (1,5) (0,1) (42,14) (11,14) (41,13) (12,13) (40,12) (39,12) (13,11) (38,11) (14,9) (37,9) (15,5) (36,7) (16,1) (35,4) (17,-2) (18,-4) (19,-9) (20,-9) (21,-12) (22,-13) (23,-15) (24,-15) (25,-16) (26,-16) (27,-15) (28,-13) (29,-10) (30,-9) (31,-7) (32,-4) (33,-1) (34,1) 
(99,-13) (75,4) (43,14) (10,16) (9,16) (8,16) (7,16) (6,15) (4,12) (3,10) (1,5) (0,1) (42,14) (11,14) (41,13) (12,13) (40,12) (39,12) (13,11) (38,11) (14,9) (37,9) (15,5) (36,7) (16,1) (35,4) (17,-2) 
(99,-13) (75,4) (43,14) (10,16) (9,16) (8,16) (7,16) (6,15) (4,12) (3,10) (1,5) (0,1) (74,4) (73,4) (44,13) (72,3) (45,11) (71,1) (70,-1) (46,8) (69,-3) (47,5) (68,-5) (48,2) 
(99,-13) (75,4) (43,14) (10,16) (9,16) (8,16) (7,16) (6,15) (4,12) (3,10) (1,5) (0,1) (74,4) (73,4) (44,13) (72,3) (45,11) (71,1) (70,-1) (46,8) (69,-3) (47,5) (68,-5) (48,2) (49,-2) (50,-6) (51,-10) (52,-13) (53,-16) (54,-20) (55,-23) (56,-27) (57,-28) (58,-27) (59,-27) (60,-28) (61,-25) (62,-23) (63,-20) (64,-16) (65,-12) (66,-9) (67,-6) 
(99,-13) (75,4) (43,14) (10,16) (9,16) (8,16) (7,16) (6,15) (4,12) (3,10) (1,5) (0,1) (74,4) (73,4) (44,13) (72,3) (45,11) (71,1) (70,-1) (46,8) (69,-3) (47,5) (68,-5) (48,2) 
(99,-13) (75,4) (43,14) (10,16) (9,16) (8,16) (7,16) (6,15) (4,12) (3,10) (1,5) (0,1) (98,-17) (76,3) (97,-21) (77,2) (96,-24) (78,-1) (95,-24) (79,-5) (94,-27) (80,-7) (93,-27) (81,-10) (92,-29) (82,-14) 
(99,-13) (75,4) (43,14) (10,16) (9,16) (8,16) (7,16) (6,15) (4,12) (3,10) (1,5) (0,1) (98,-17) (76,3) (97,-21) (77,2) (96,-24) (78,-1) (95,-24) (79,-5) (94,-27) (80,-7) (93,-27) (81,-10) (92,-29) (82,-14) (83,-16) (84,-19) (85,-22) (86,-23) (87,-24) (88,-27) (89,-28) (90,-29) (91,-29) 
TD 9 :
(99,-13) (75,4) (43,14) (10,16) (9,16) (8,16) (7,16) (6,15) (4,12) (3,10) (1,5) (0,1) (42,14) (11,14) (41,13) (12,13) (40,12) (39,12) (13,11) (38,11) (14,9) (37,9) (15,5) (36,7) (16,1) (35,4) (17,-2) (34,1) (18,-4) (19,-9) (20,-9) (21,-12) (22,-13) (23,-15) (24,-15) (25,-16) (26,-16) (27,-15) (28,-13) (29,-10) (30,-9) (31,-7) (32,-4) (33,-1) 
(99,-13) (75,4) (43,14) (10,16) (9,16) (8,16) (7,16) (6,15) (4,12) (3,10) (1,5) (0,1) (42,14) (11,14) (41,13) (12,13) (40,12) (39,12) (13,11) (38,11) (14,9) (37,9) (15,5) (36,7) (16,1) (35,4) (17,-2) (34,1) (18,-4) 
(99,-13) (75,4) (43,14) (10,16) (9,16) (8,16) (7,16) (6,15) (4,12) (3,10) (1,5) (0,1) (74,4) (73,4) (44,13) (72,3) (45,11) (71,1) (70,-1) (46,8) (69,-3) (47,5) (68,-5) (48,2) (67,-6) (49,-2) 
(99,-13) (75,4) (43,14) (10,16) (9,16) (8,16) (7,16) (6,15) (4,12) (3,10) (1,5) (0,1) (74,4) (73,4) (44,13) (72,3) (45,11) (71,1) (70,-1) (46,8) (69,-3) (47,5) (68,-5) (48,2) (67,-6) (49,-2) (50,-6) (51,-10) (52,-13) (53,-16) (54,-20) (55,-23) (56,-27) (57,-28) (58,-27) (59,-27) (60,-28) (61,-25) (62,-23) (63,-20) (64,-16) (65,-12) (66,-9) 
(99,-13) (75,4) (43,14) (10,16) (9,16) (8,16) (7,16) (6,15) (4,12) (3,10) (1,5) (0,1) (74,4) (73,4) (44,13) (72,3) (45,11) (71,1) (70,-1) (46,8) (69,-3) (47,5) (68,-5) (48,2) (67,-6) (49,-2) 
(99,-13) (75,4) (43,14) (10,16) (9,16) (8,16) (7,16) (6,15) (4,12) (3,10) (1,5) (0,1) (98,-17) (76,3) (97,-21) (77,2) (96,-24) (78,-1) (95,-24) (79,-5) (94,-27) (80,-7) (93,-27) (81,-10) (92,-29) (82,-14) (91,-29) (83,-16) 
(99,-13) (75,4) (43,14) (10,16) (9,16) (8,16) (7,16) (6,15) (4,12) (3,10) (1,5) (0,1) (98,-17) (76,3) (97,-21) (77,2) (96,-24) (78,-1) (95,-24) (79,-5) (94,-27) (80,-7) (93,-27) (81,-10) (92,-29) (82,-14) (91,-29) (83,-16) (84,-19) (85,-22) (86,-23) (87,-24) (88,-27) (89,-28) (90,-29) 
TD 10 :
(99,-13) (75,4) (43,14) (10,16) (9,16) (8,16) (7,16) (6,15) (4,12) (3,10) (1,5) (0,1) (42,14) (11,14) (41,13) (12,13) (40,12) (39,12) (13,11) (38,11) (14,9) (37,9) (15,5) (36,7) (16,1) (35,4) (17,-2) (34,1) (18,-4) (33,-1) (19,-9) (20,-9) (21,-12) (22,-13) (23,-15) (24,-15) (25,-16) (26,-16) (27,-15) (28,-13) (29,-10) (30,-9) (31,-7) (32,-4) 
(99,-13) (75,4) (43,14) (10,16) (9,16) (8,16) (7,16) (6,15) (4,12) (3,10) (1,5) (0,1) (42,14) (11,14) (41,13) (12,13) (40,12) (39,12) (13,11) (38,11) (14,9) (37,9) (15,5) (36,7) (16,1) (35,4) (17,-2) (34,1) (18,-4) (33,-1) (19,-9) 
(99,-13) (75,4) (43,14) (10,16) (9,16) (8,16) (7,16) (6,15) (4,12) (3,10) (1,5) (0,1) (74,4) (73,4) (44,13) (72,3) (45,11) (71,1) (70,-1) (46,8) (69,-3) (47,5) (68,-5) (48,2) (67,-6) (49,-2) (66,-9) (50,-6) (51,-10) (52,-13) (53,-16) (54,-20) (55,-23) (56,-27) (57,-28) (58,-27) (59,-27) (60,-28) (61,-25) (62,-23) (63,-20) (64,-16) (65,-12) 
(99,-13) (75,4) (43,14) (10,16) (9,16) (8,16) (7,16) (6,15) (4,12) (3,10) (1,5) (0,1) (74,4) (73,4) (44,13) (72,3) (45,11) (71,1) (70,-1) (46,8) (69,-3) (47,5) (68,-5) (48,2) (67,-6) (49,-2) (66,-9) 
(99,-13) (75,4) (43,14) (10,16) (9,16) (8,16) (7,16) (6,15) (4,12) (3,10) (1,5) (0,1) (98,-17) (76,3) (97,-21) (77,2) (96,-24) (78,-1) (95,-24) (79,-5) (94,-27) (80,-7) (93,-27) (81,-10) (92,-29) (82,-14) (91,-29) (83,-16) (90,-29) (87,-24) (84,-19) 
(99,-13) (75,4) (43,14) (10,16) (9,16) (8,16) (7,16) (6,15) (4,12) (3,10) (1,5) (0,1) (98,-17) (76,3) (97,-21) (77,2) (96,-24) (78,-1) (95,-24) (79,-5) (94,-27) (80,-7) (93,-27) (81,-10) (92,-29) (82,-14) (91,-29) (83,-16) (90,-29) (87,-24) (84,-19) (85,-22) (86,-23) 
(99,-13) (75,4) (43,14) (10,16) (9,16) (8,16) (7,16) (6,15) (4,12) (3,10) (1,5) (0,1) (98,-17) (76,3) (97,-21) (77,2) (96,-24) (78,-1) (95,-24) (79,-5) (94,-27) (80,-7) (93,-27) (81,-10) (92,-29) (82,-14) (91,-29) (83,-16) (90,-29) (87,-24) (84,-19) (88,-27) (89,-28) 
TD 11 :
(99,-13) (75,4) (43,14) (10,16) (9,16) (8,16) (7,16) (6,15) (4,12) (3,10) (1,5) (0,1) (42,14) (11,14) (41,13) (12,13) (40,12) (39,12) (13,11) (38,11) (14,9) (37,9) (15,5) (36,7) (16,1) (35,4) (17,-2) (34,1) (18,-4) (33,-1) (19,-9) (32,-4) (20,-9) (21,-12) (22,-13) (23,-15) (24,-15) (25,-16) (26,-16) (27,-15) (28,-13) (29,-10) (30,-9) (31,-7) 
(99,-13) (75,4) (43,14) (10,16) (9,16) (8,16) (7,16) (6,15) (4,12) (3,10) (1,5) (0,1) (42,14) (11,14) (41,13) (12,13) (40,12) (39,12) (13,11) (38,11) (14,9) (37,9) (15,5) (36,7) (16,1) (35,4) (17,-2) (34,1) (18,-4) (33,-1) (19,-9) (32,-4) (20,-9) 
(99,-13) (75,4) (43,14) (10,16) (9,16) (8,16) (7,16) (6,15) (4,12) (3,10) (1,5) (0,1) (74,4) (73,4) (44,13) (72,3) (45,11) (71,1) (70,-1) (46,8) (69,-3) (47,5) (68,-5) (48,2) (67,-6) (49,-2) (66,-9) (65,-12) (50,-6) 
(99,-13) (75,4) (43,14) (10,16) (9,16) (8,16) (7,16) (6,15) (4,12) (3,10) (1,5) (0,1) (74,4) (73,4) (44,13) (72,3) (45,11) (71,1) (70,-1) (46,8) (69,-3) (47,5) (68,-5) (48,2) (67,-6) (49,-2) (66,-9) (65,-12) (50,-6) (51,-10) (52,-13) (53,-16) (54,-20) (55,-23) (56,-27) (57,-28) (58,-27) (59,-27) (60,-28) (61,-25) (62,-23) (63,-20) (64,-16) 
(99,-13) (75,4) (43,14) (10,16) (9,16) (8,16) (7,16) (6,15) (4,12) (3,10) (1,5) (0,1) (74,4) (73,4) (44,13) (72,3) (45,11) (71,1) (70,-1) (46,8) (69,-3) (47,5) (68,-5) (48,2) (67,-6) (49,-2) (66,-9) (65,-12) (50,-6) 
(99,-13) (75,4) (43,14) (10,16) (9,16) (8,16) (7,16) (6,15) (4,12) (3,10) (1,5) (0,1) (98,-17) (76,3) (97,-21) (77,2) (96,-24) (78,-1) (95,-24) (79,-5) (94,-27) (80,-7) (93,-27) (81,-10) (92,-29) (82,-14) (91,-29) (83,-16) (90,-29) (87,-24) (84,-19) (86,-23) (85,-22) 
(99,-13) (75,4) (43,14) (10,16) (9,16) (8,16) (7,16) (6,15) (4,12) (3,10) (1,5) (0,1) (98,-17) (76,3) (97,-21) (77,2) (96,-24) (78,-1) (95,-24) (79,-5) (94,-27) (80,-7) (93,-27) (81,-10) (92,-29) (82,-14) (91,-29) (83,-16) (90,-29) (87,-24) (84,-19) (86,-23) (85,-22) 
(99,-13) (75,4) (43,14) (10,16) (9,16) (8,16) (7,16) (6,15) (4,12) (3,10) (1,5) (0,1) (98,-17) (76,3) (97,-21) (77,2) (96,-24) (78,-1) (95,-24) (79,-5) (94,-27) (80,-7) (93,-27) (81,-10) (92,-29) (82,-14) (91,-29) (83,-16) (90,-29) (87,-24) (84,-19) (86,-23) (85,-22) 
(99,-13) (75,4) (43,14) (10,16) (9,16) (8,16) (7,16) (6,15) (4,12) (3,10) (1,5) (0,1) (98,-17) (76,3) (97,-21) (77,2) (96,-24) (78,-1) (95,-24) (79,-5) (94,-27) (80,-7) (93,-27) (81,-10) (92,-29) (82,-14) (91,-29) (83,-16) (90,-29) (87,-24) (84,-19) (89,-28) (88,-27) 
TD 12 :
(99,-13) (75,4) (43,14) (10,16) (9,16) (8,16) (7,16) (6,15) (4,12) (3,10) (1,5) (0,1) (42,14) (11,14) (41,13) (12,13) (40,12) (39,12) (13,11) (38,11) (14,9) (37,9) (15,5) (36,7) (16,1) (35,4) (17,-2) (34,1) (18,-4) (33,-1) (19,-9) (32,-4) (20,-9) (31,-7) (21,-12) (22,-13) (23,-15) (24,-15) (25,-16) (26,-16) (27,-15) (28,-13) (29,-10) (30,-9) 
(99,-13) (75,4) (43,14) (10,16) (9,16) (8,16) (7,16) (6,15) (4,12) (3,10) (1,5) (0,1) (42,14) (11,14) (41,13) (12,13) (40,12) (39,12) (13,11) (38,11) (14,9) (37,9) (15,5) (36,7) (16,1) (35,4) (17,-2) (34,1) (18,-4) (33,-1) (19,-9) (32,-4) (20,-9) (31,-7) (21,-12) 
(99,-13) (75,4) (43,14) (10,16) (9,16) (8,16) (7,16) (6,15) (4,12) (3,10) (1,5) (0,1) (74,4) (73,4) (44,13) (72,3) (45,11) (71,1) (70,-1) (46,8) (69,-3) (47,5) (68,-5) (48,2) (67,-6) (49,-2) (66,-9) (65,-12) (50,-6) (51,-10) 
(99,-13) (75,4) (43,14) (10,16) (9,16) (8,16) (7,16) (6,15) (4,12) (3,10) (1,5) (0,1) (74,4) (73,4) (44,13) (72,3) (45,11) (71,1) (70,-1) (46,8) (69,-3) (47,5) (68,-5) (48,2) (67,-6) (49,-2) (66,-9) (65,-12) (50,-6) (51,-10) (52,-13) (53,-16) (54,-20) (55,-23) (56,-27) (57,-28) (58,-27) (59,-27) (60,-28) (61,-25) (62,-23) (63,-20) (64,-16) 
(99,-13) (75,4) (43,14) (10,16) (9,16) (8,16) (7,16) (6,15) (4,12) (3,10) (1,5) (0,1) (98,-17) (76,3) (97,-21) (77,2) (96,-24) (78,-1) (95,-24) (79,-5) (94,-27) (80,-7) (93,-27) (81,-10) (92,-29) (82,-14) (91,-29) (83,-16) (90,-29) (87,-24) (84,-19) (89,-28) (88,-27) 
TD 13 :
(99,-13) (75,4) (43,14) (10,16) (9,16) (8,16) (7,16) (6,15) (4,12) (3,10) (1,5) (0,1) (42,14) (11,14) (41,13) (12,13) (40,12) (39,12) (13,11) (38,11) (14,9) (37,9) (15,5) (36,7) (16,1) (35,4) (17,-2) (34,1) (18,-4) (33,-1) (19,-9) (32,-4) (20,-9) (31,-7) (21,-12) (30,-9) (22,-13) (23,-15) (24,-15) (25,-16) (26,-16) (27,-15) (28,-13) (29,-10) 
(99,-13) (75,4) (43,14) (10,16) (9,16) (8,16) (7,16) (6,15) (4,12) (3,10) (1,5) (0,1) (42,14) (11,14) (41,13) (12,13) (40,12) (39,12) (13,11) (38,11) (14,9) (37,9) (15,5) (36,7) (16,1) (35,4) (17,-2) (34,1) (18,-4) (33,-1) (19,-9) (32,-4) (20,-9) (31,-7) (21,-12) (30,-9) (22,-13) 
(99,-13) (75,4) (43,14) (10,16) (9,16) (8,16) (7,16) (6,15) (4,12) (3,10) (1,5) (0,1) (74,4) (73,4) (44,13) (72,3) (45,11) (71,1) (70,-1) (46,8) (69,-3) (47,5) (68,-5) (48,2) (67,-6) (49,-2) (66,-9) (65,-12) (50,-6) (51,-10) (64,-16) (52,-13) 
(99,-13) (75,4) (43,14) (10,16) (9,16) (8,16) (7,16) (6,15) (4,12) (3,10) (1,5) (0,1) (74,4) (73,4) (44,13) (72,3) (45,11) (71,1) (70,-1) (46,8) (69,-3) (47,5) (68,-5) (48,2) (67,-6) (49,-2) (66,-9) (65,-12) (50,-6) (51,-10) (64,-16) (52,-13) (53,-16) (54,-20) (55,-23) (56,-27) (57,-28) (58,-27) (59,-27) (60,-28) (61,-25) (62,-23) (63,-20) 
TD 14 :
(99,-13) (75,4) (43,14) (10,16) (9,16) (8,16) (7,16) (6,15) (4,12) (3,10) (1,5) (0,1) (42,14) (11,14) (41,13) (12,13) (40,12) (39,12) (13,11) (38,11) (14,9) (37,9) (15,5) (36,7) (16,1) (35,4) (17,-2) (34,1) (18,-4) (33,-1) (19,-9) (32,-4) (20,-9) (31,-7) (21,-12) (30,-9) (22,-13) (29,-10) (23,-15) (24,-15) (25,-16) (26,-16) (27,-15) (28,-13) 
(99,-13) (75,4) (43,14) (10,16) (9,16) (8,16) (7,16) (6,15) (4,12) (3,10) (1,5) (0,1) (42,14) (11,14) (41,13) (12,13) (40,12) (39,12) (13,11) (38,11) (14,9) (37,9) (15,5) (36,7) (16,1) (35,4) (17,-2) (34,1) (18,-4) (33,-1) (19,-9) (32,-4) (20,-9) (31,-7) (21,-12) (30,-9) (22,-13) (29,-10) (23,-15) 
(99,-13) (75,4) (43,14) (10,16) (9,16) (8,16) (7,16) (6,15) (4,12) (3,10) (1,5) (0,1) (74,4) (73,4) (44,13) (72,3) (45,11) (71,1) (70,-1) (46,8) (69,-3) (47,5) (68,-5) (48,2) (67,-6) (49,-2) (66,-9) (65,-12) (50,-6) (51,-10) (64,-16) (52,-13) (63,-20) (53,-16) 
(99,-13) (75,4) (43,14) (10,16) (9,16) (8,16) (7,16) (6,15) (4,12) (3,10) (1,5) (0,1) (74,4) (73,4) (44,13) (72,3) (45,11) (71,1) (70,-1) (46,8) (69,-3) (47,5) (68,-5) (48,2) (67,-6) (49,-2) (66,-9) (65,-12) (50,-6) (51,-10) (64,-16) (52,-13) (63,-20) (53,-16) (54,-20) (55,-23) (56,-27) (57,-28) (58,-27) (59,-27) (60,-28) (61,-25) (62,-23) 
TD 15 :
(99,-13) (75,4) (43,14) (10,16) (9,16) (8,16) (7,16) (6,15) (4,12) (3,10) (1,5) (0,1) (42,14) (11,14) (41,13) (12,13) (40,12) (39,12) (13,11) (38,11) (14,9) (37,9) (15,5) (36,7) (16,1) (35,4) (17,-2) (34,1) (18,-4) (33,-1) (19,-9) (32,-4) (20,-9) (31,-7) (21,-12) (30,-9) (22,-13) (29,-10) (23,-15) (28,-13) (24,-15) (25,-16) (26,-16) (27,-15) 
(99,-13) (75,4) (43,14) (10,16) (9,16) (8,16) (7,16) (6,15) (4,12) (3,10) (1,5) (0,1) (42,14) (11,14) (41,13) (12,13) (40,12) (39,12) (13,11) (38,11) (14,9) (37,9) (15,5) (36,7) (16,1) (35,4) (17,-2) (34,1) (18,-4) (33,-1) (19,-9) (32,-4) (20,-9) (31,-7) (21,-12) (30,-9) (22,-13) (29,-10) (23,-15) (28,-13) (24,-15) 
(99,-13) (75,4) (43,14) (10,16) (9,16) (8,16) (7,16) (6,15) (4,12) (3,10) (1,5) (0,1) (74,4) (73,4) (44,13) (72,3) (45,11) (71,1) (70,-1) (46,8) (69,-3) (47,5) (68,-5) (48,2) (67,-6) (49,-2) (66,-9) (65,-12) (50,-6) (51,-10) (64,-16) (52,-13) (63,-20) (53,-16) (62,-23) (54,-20) 
(99,-13) (75,4) (43,14) (10,16) (9,16) (8,16) (7,16) (6,15) (4,12) (3,10) (1,5) (0,1) (74,4) (73,4) (44,13) (72,3) (45,11) (71,1) (70,-1) (46,8) (69,-3) (47,5) (68,-5) (48,2) (67,-6) (49,-2) (66,-9) (65,-12) (50,-6) (51,-10) (64,-16) (52,-13) (63,-20) (53,-16) (62,-23) (54,-20) (55,-23) (56,-27) (57,-28) (58,-27) (59,-27) (60,-28) (61,-25) 
TD 16 :
(99,-13) (75,4) (43,14) (10,16) (9,16) (8,16) (7,16) (6,15) (4,12) (3,10) (1,5) (0,1) (42,14) (11,14) (41,13) (12,13) (40,12) (39,12) (13,11) (38,11) (14,9) (37,9) (15,5) (36,7) (16,1) (35,4) (17,-2) (34,1) (18,-4) (33,-1) (19,-9) (32,-4) (20,-9) (31,-7) (21,-12) (30,-9) (22,-13) (29,-10) (23,-15) (28,-13) (24,-15) (27,-15) (25,-16) (26,-16) 
(99,-13) (75,4) (43,14) (10,16) (9,16) (8,16) (7,16) (6,15) (4,12) (3,10) (1,5) (0,1) (42,14) (11,14) (41,13) (12,13) (40,12) (39,12) (13,11) (38,11) (14,9) (37,9) (15,5) (36,7) (16,1) (35,4) (17,-2) (34,1) (18,-4) (33,-1) (19,-9) (32,-4) (20,-9) (31,-7) (21,-12) (30,-9) (22,-13) (29,-10) (23,-15) (28,-13) (24,-15) (27,-15) (25,-16) 
(99,-13) (75,4) (43,14) (10,16) (9,16) (8,16) (7,16) (6,15) (4,12) (3,10) (1,5) (0,1) (74,4) (73,4) (44,13) (72,3) (45,11) (71,1) (70,-1) (46,8) (69,-3) (47,5) (68,-5) (48,2) (67,-6) (49,-2) (66,-9) (65,-12) (50,-6) (51,-10) (64,-16) (52,-13) (63,-20) (53,-16) (62,-23) (54,-20) (61,-25) (55,-23) 
(99,-13) (75,4) (43,14) (10,16) (9,16) (8,16) (7,16) (6,15) (4,12) (3,10) (1,5) (0,1) (74,4) (73,4) (44,13) (72,3) (45,11) (71,1) (70,-1) (46,8) (69,-3) (47,5) (68,-5) (48,2) (67,-6) (49,-2) (66,-9) (65,-12) (50,-6) (51,-10) (64,-16) (52,-13) (63,-20) (53,-16) (62,-23) (54,-20) (61,-25) (55,-23) (56,-27) (57,-28) (58,-27) (59,-27) (60,-28) 
TD 17 :
(99,-13) (75,4) (43,14) (10,16) (9,16) (8,16) (7,16) (6,15) (4,12) (3,10) (1,5) (0,1) (42,14) (11,14) (41,13) (12,13) (40,12) (39,12) (13,11) (38,11) (14,9) (37,9) (15,5) (36,7) (16,1) (35,4) (17,-2) (34,1) (18,-4) (33,-1) (19,-9) (32,-4) (20,-9) (31,-7) (21,-12) (30,-9) (22,-13) (29,-10) (23,-15) (28,-13) (24,-15) (27,-15) (25,-16) (26,-16) 
(99,-13) (75,4) (43,14) (10,16) (9,16) (8,16) (7,16) (6,15) (4,12) (3,10) (1,5) (0,1) (74,4) (73,4) (44,13) (72,3) (45,11) (71,1) (70,-1) (46,8) (69,-3) (47,5) (68,-5) (48,2) (67,-6) (49,-2) (66,-9) (65,-12) (50,-6) (51,-10) (64,-16) (52,-13) (63,-20) (53,-16) (62,-23) (54,-20) (61,-25) (55,-23) (60,-28) (59,-27) (56,-27) (57,-28) (58,-27) 
(99,-13) (75,4) (43,14) (10,16) (9,16) (8,16) (7,16) (6,15) (4,12) (3,10) (1,5) (0,1) (74,4) (73,4) (44,13) (72,3) (45,11) (71,1) (70,-1) (46,8) (69,-3) (47,5) (68,-5) (48,2) (67,-6) (49,-2) (66,-9) (65,-12) (50,-6) (51,-10) (64,-16) (52,-13) (63,-20) (53,-16) (62,-23) (54,-20) (61,-25) (55,-23) (60,-28) (59,-27) 
TD 18 :
(99,-13) (75,4) (43,14) (10,16) (9,16) (8,16) (7,16) (6,15) (4,12) (3,10) (1,5) (0,1) (74,4) (73,4) (44,13) (72,3) (45,11) (71,1) (70,-1) (46,8) (69,-3) (47,5) (68,-5) (48,2) (67,-6) (49,-2) (66,-9) (65,-12) (50,-6) (51,-10) (64,-16) (52,-13) (63,-20) (53,-16) (62,-23) (54,-20) (61,-25) (55,-23) (60,-28) (59,-27) (58,-27) (56,-27) (57,-28) 
Pocket 0 :
()
Pocket 1 :
({  (0,1) ,(1,5) } {  (0,1) ,(1,5) } {  (0,1) ,(1,5) } {  (0,1) ,(1,5) } {  (0,1) ,(1,5) } {  (0,1) ,(1,5) } {  (0,1) ,(1,5) } {  (0,1) ,(1,5) } {  (0,1) ,(1,5) } {  (0,1) ,(1,5) } {  (0,1) ,(1,5) } {  (0,1) ,(1,5) } {  (0,1) ,(1,5) } {  (0,1) ,(1,5) } {  (0,1) ,(1,5) } {  (0,1) ,(1,5) } {  (0,1) ,(1,5) } {  (0,1) ,(1,5) } {  (0,1) ,(1,5) } {  (0,1) ,(1,5) } {  (0,1) ,(1,5) } {  (0,1) ,(1,5) } )
Pocket 2 :
({  (2,7) ,(0,1) } {  (99,-13) ,(5,13) } {  (99,-13) ,(5,13) } {  (12,13) ,(11,14) } {  (12,13) ,(11,14) } {  (12,13) ,(11,14) } {  (99,-13) ,(74,4) } {  (99,-13) ,(74,4) } {  (77,2) ,(76,3) } {  (77,2) ,(76,3) } )
Pocket 3 :
({  (12,13) ,(11,14) } {  (99,-13) ,(41,13) } {  (12,13) ,(11,14) } {  (99,-13) ,(41,13) } {  (45,11) ,(44,13) } {  (45,11) ,(44,13) } {  (45,11) ,(44,13) } {  (78,-1) ,(77,2) } {  (78,-1) ,(77,2) } )
Pocket 4 :
({  (13,11) ,(12,13) } {  (40,12) ,(39,12) } {  (13,11) ,(12,13) } {  (40,12) ,(39,12) } {  (13,11) ,(12,13) } {  (40,12) ,(39,12) } {  (46,8) ,(45,11) } {  (46,8) ,(45,11) } {  (46,8) ,(45,11) } {  (79,-5) ,(78,-1) } {  (79,-5) ,(78,-1) } )
Pocket 5 :
({  (14,9) ,(13,11) } {  (99,-13) ,(38,11) } {  (14,9) ,(13,11) } {  (99,-13) ,(38,11) } {  (99,-13) ,(71,1) } {  (99,-13) ,(71,1) } {  (80,-7) ,(79,-5) } {  (80,-7) ,(79,-5) } )
Pocket 6 :
({  (15,5) ,(14,9) } {  (99,-13) ,(37,9) } {  (15,5) ,(14,9) } {  (99,-13) ,(37,9) } {  (47,5) ,(46,8) } {  (47,5) ,(46,8) } {  (47,5) ,(46,8) } {  (81,-10) ,(80,-7) } {  (81,-10) ,(80,-7) } )
Pocket 7 :
({  (16,1) ,(15,5) } {  (99,-13) ,(36,7) } {  (16,1) ,(15,5) } {  (99,-13) ,(36,7) } {  (48,2) ,(47,5) } {  (48,2) ,(47,5) } {  (48,2) ,(47,5) } {  (82,-14) ,(81,-10) } {  (82,-14) ,(81,-10) } )
Pocket 8 :
({  (17,-2) ,(16,1) } {  (99,-13) ,(35,4) } {  (17,-2) ,(16,1) } {  (99,-13) ,(35,4) } {  (49,-2) ,(48,2) } {  (49,-2) ,(48,2) } {  (49,-2) ,(48,2) } {  (83,-16) ,(82,-14) } {  (83,-16) ,(82,-14) } )
Pocket 9 :
({  (18,-4) ,(17,-2) } {  (99,-13) ,(34,1) } {  (18,-4) ,(17,-2) } {  (99,-13) ,(34,1) } {  (50,-6) ,(49,-2) } {  (50,-6) ,(49,-2) } {  (50,-6) ,(49,-2) } {  (84,-19) ,(83,-16) } {  (84,-19) ,(83,-16) } )
Pocket 10 :
({  (19,-9) ,(18,-4) } {  (99,-13) ,(33,-1) } {  (19,-9) ,(18,-4) } {  (99,-13) ,(33,-1) } {  (99,-13) ,(66,-9) } {  (99,-13) ,(66,-9) } {  (85,-22) ,(84,-19) } {  (85,-22) ,(84,-19) } {  (85,-22) ,(84,-19) } )
Pocket 11 :
({  (20,-9) ,(19,-9) } {  (99,-13) ,(32,-4) } {  (20,-9) ,(19,-9) } {  (99,-13) ,(32,-4) } {  (51,-10) ,(50,-6) } {  (51,-10) ,(50,-6) } {  (51,-10) ,(50,-6) } {  (86,-23) ,(85,-22) } {  (86,-23) ,(85,-22) } {  (86,-23) ,(85,-22) } {  (99,-13) ,(89,-28) } )
Pocket 12 :
({  (21,-12) ,(20,-9) } {  (99,-13) ,(31,-7) } {  (21,-12) ,(20,-9) } {  (99,-13) ,(31,-7) } {  (52,-13) ,(51,-10) } {  (52,-13) ,(51,-10) } {  (99,-13) ,(88,-27) } )
Pocket 13 :
({  (22,-13) ,(21,-12) } {  (99,-13) ,(30,-9) } {  (22,-13) ,(21,-12) } {  (99,-13) ,(30,-9) } {  (53,-16) ,(52,-13) } {  (53,-16) ,(52,-13) } )
Pocket 14 :
({  (23,-15) ,(22,-13) } {  (99,-13) ,(29,-10) } {  (23,-15) ,(22,-13) } {  (99,-13) ,(29,-10) } {  (54,-20) ,(53,-16) } {  (54,-20) ,(53,-16) } )
Pocket 15 :
({  (24,-15) ,(23,-15) } {  (99,-13) ,(28,-13) } {  (24,-15) ,(23,-15) } {  (99,-13) ,(28,-13) } {  (55,-23) ,(54,-20) } {  (55,-23) ,(54,-20) } )
Pocket 16 :
({  (25,-16) ,(24,-15) } {  (99,-13) ,(27,-15) } {  (25,-16) ,(24,-15) } {  (99,-13) ,(27,-15) } {  (56,-27) ,(55,-23) } {  (56,-27) ,(55,-23) } )
Pocket 17 :
({  (26,-16) ,(25,-16) } {  (60,-28) ,(59,-27) } {  (60,-28) ,(59,-27) } )
