17 layers in onion peeling: 
Layer 1
(99,7) (77,25) (75,26) (74,26) (41,21) (9,13) (7,12) (6,11) (4,9) (3,7) (2,4) (1,1) (0,-2) 
Layer 2
(98,3) (76,25) (72,25) (40,20) (11,13) (8,12) (5,9) 
Layer 3
(97,1) (78,21) (73,24) (71,24) (42,20) (10,12) 
Layer 4
(96,-2) (79,18) (70,22) (39,19) (12,11) 
Layer 5
(95,-6) (80,15) (69,20) (43,19) (38,17) (13,7) 
Layer 6
(94,-9) (81,12) (68,17) (44,18) (37,15) (14,5) 
Layer 7
(93,-9) (82,9) (67,13) (45,16) (15,2) 
Layer 8
(92,-9) (83,6) (46,13) (36,11) (16,-1) 
Layer 9
(91,-8) (84,3) (66,9) (47,10) (35,7) (17,-1) 
Layer 10
(90,-7) (85,0) (65,5) (48,8) (34,3) (18,-3) 
Layer 11
(89,-7) (88,-6) (86,-4) (49,5) (33,0) (19,-6) 
Layer 12
(87,-6) (64,1) (50,1) (32,-5) (20,-9) 
Layer 13
(63,-1) (51,-1) (31,-6) (21,-12) 
Layer 14
(62,-2) (52,-4) (30,-9) (22,-14) 
Layer 15
(61,-5) (53,-6) (29,-12) (23,-15) 
Layer 16
(60,-8) (54,-8) (26,-14) (24,-16) 
Layer 17
(59,-9) (58,-9) (56,-9) (55,-9) (27,-14) (25,-16) 
---------------------------------------------------------------------------------------
TD 0 :
(99,7) (98,3) (97,1) (96,-2) (95,-6) (94,-9) (93,-9) (92,-9) (91,-8) (90,-7) (89,-7) (88,-6) (87,-6) (86,-4) (85,0) (84,3) (83,6) (82,9) (81,12) (80,15) (79,18) (78,21) (77,25) (76,25) (75,26) (74,26) (73,24) (72,25) (71,24) (70,22) (69,20) (68,17) (67,13) (66,9) (65,5) (64,1) (63,-1) (62,-2) (61,-5) (60,-8) (59,-9) (58,-9) (57,-10) (56,-9) (55,-9) (54,-8) (53,-6) (52,-4) (51,-1) (50,1) (49,5) (48,8) (47,10) (46,13) (45,16) (44,18) (43,19) (42,20) (41,21) (40,20) (39,19) (38,17) (37,15) (36,11) (35,7) (34,3) (33,0) (32,-5) (31,-6) (30,-9) (29,-12) (28,-14) (27,-14) (26,-14) (25,-16) (24,-16) (23,-15) (22,-14) (21,-12) (20,-9) (19,-6) (18,-3) (17,-1) (16,-1) (15,2) (14,5) (13,7) (12,11) (11,13) (10,12) (9,13) (8,12) (7,12) (6,11) (5,9) (4,9) (3,7) (2,4) (1,1) (0,-2) 
TD 1 :
(99,7) (77,25) (75,26) (74,26) (41,21) (9,13) (7,12) (6,11) (4,9) (3,7) (2,4) (1,1) (0,-2) 
(99,7) (77,25) (75,26) (74,26) (41,21) (9,13) (7,12) (6,11) (4,9) (3,7) (2,4) (1,1) (0,-2) 
(99,7) (77,25) (75,26) (74,26) (41,21) (9,13) (7,12) (6,11) (4,9) (3,7) (2,4) (1,1) (0,-2) 
(99,7) (77,25) (75,26) (74,26) (41,21) (9,13) (7,12) (6,11) (4,9) (3,7) (2,4) (1,1) (0,-2) 
(99,7) (77,25) (75,26) (74,26) (41,21) (9,13) (7,12) (6,11) (4,9) (3,7) (2,4) (1,1) (0,-2) (5,9) 
(99,7) (77,25) (75,26) (74,26) (41,21) (9,13) (7,12) (6,11) (4,9) (3,7) (2,4) (1,1) (0,-2) 
(99,7) (77,25) (75,26) (74,26) (41,21) (9,13) (7,12) (6,11) (4,9) (3,7) (2,4) (1,1) (0,-2) (8,12) 
(99,7) (77,25) (75,26) (74,26) (41,21) (9,13) (7,12) (6,11) (4,9) (3,7) (2,4) (1,1) (0,-2) (10,12) (11,13) (12,11) (13,7) (14,5) (15,2) (16,-1) (17,-1) (18,-3) (19,-6) (20,-9) (21,-12) (22,-14) (23,-15) (24,-16) (25,-16) (26,-14) (27,-14) (28,-14) (29,-12) (30,-9) (31,-6) (32,-5) (33,0) (34,3) (35,7) (36,11) (37,15) (38,17) (39,19) (40,20) 
(99,7) (77,25) (75,26) (74,26) (41,21) (9,13) (7,12) (6,11) (4,9) (3,7) (2,4) (1,1) (0,-2) (42,20) (43,19) (44,18) (45,16) (46,13) (47,10) (48,8) (49,5) (50,1) (51,-1) (52,-4) (53,-6) (54,-8) (55,-9) (56,-9) (57,-10) (58,-9) (59,-9) (60,-8) (61,-5) (62,-2) (63,-1) (64,1) (65,5) (66,9) (67,13) (68,17) (69,20) (70,22) (71,24) (72,25) (73,24) 
(99,7) (77,25) (75,26) (74,26) (41,21) (9,13) (7,12) (6,11) (4,9) (3,7) (2,4) (1,1) (0,-2) 
(99,7) (77,25) (75,26) (74,26) (41,21) (9,13) (7,12) (6,11) (4,9) (3,7) (2,4) (1,1) (0,-2) (76,25) 
(99,7) (77,25) (75,26) (74,26) (41,21) (9,13) (7,12) (6,11) (4,9) (3,7) (2,4) (1,1) (0,-2) (78,21) (79,18) (80,15) (81,12) (82,9) (83,6) (84,3) (85,0) (86,-4) (87,-6) (88,-6) (89,-7) (90,-7) (91,-8) (92,-9) (93,-9) (94,-9) (95,-6) (96,-2) (97,1) (98,3) 
TD 2 :
(99,7) (77,25) (75,26) (74,26) (41,21) (9,13) (7,12) (6,11) (4,9) (3,7) (2,4) (1,1) (0,-2) (5,9) 
(99,7) (77,25) (75,26) (74,26) (41,21) (9,13) (7,12) (6,11) (4,9) (3,7) (2,4) (1,1) (0,-2) (8,12) 
(99,7) (77,25) (75,26) (74,26) (41,21) (9,13) (7,12) (6,11) (4,9) (3,7) (2,4) (1,1) (0,-2) (8,12) 
(99,7) (77,25) (75,26) (74,26) (41,21) (9,13) (7,12) (6,11) (4,9) (3,7) (2,4) (1,1) (0,-2) (40,20) (11,13) (10,12) 
(99,7) (77,25) (75,26) (74,26) (41,21) (9,13) (7,12) (6,11) (4,9) (3,7) (2,4) (1,1) (0,-2) (40,20) (11,13) (12,11) (13,7) (14,5) (15,2) (16,-1) (17,-1) (18,-3) (19,-6) (20,-9) (21,-12) (22,-14) (23,-15) (24,-16) (25,-16) (26,-14) (27,-14) (28,-14) (29,-12) (30,-9) (31,-6) (32,-5) (33,0) (34,3) (35,7) (36,11) (37,15) (38,17) (39,19) 
(99,7) (77,25) (75,26) (74,26) (41,21) (9,13) (7,12) (6,11) (4,9) (3,7) (2,4) (1,1) (0,-2) (40,20) (11,13) 
(99,7) (77,25) (75,26) (74,26) (41,21) (9,13) (7,12) (6,11) (4,9) (3,7) (2,4) (1,1) (0,-2) (72,25) (42,20) (43,19) (44,18) (45,16) (46,13) (47,10) (48,8) (49,5) (50,1) (51,-1) (52,-4) (53,-6) (54,-8) (55,-9) (56,-9) (57,-10) (58,-9) (59,-9) (60,-8) (61,-5) (62,-2) (63,-1) (64,1) (65,5) (66,9) (67,13) (68,17) (69,20) (70,22) (71,24) 
(99,7) (77,25) (75,26) (74,26) (41,21) (9,13) (7,12) (6,11) (4,9) (3,7) (2,4) (1,1) (0,-2) (72,25) (73,24) 
(99,7) (77,25) (75,26) (74,26) (41,21) (9,13) (7,12) (6,11) (4,9) (3,7) (2,4) (1,1) (0,-2) (76,25) 
(99,7) (77,25) (75,26) (74,26) (41,21) (9,13) (7,12) (6,11) (4,9) (3,7) (2,4) (1,1) (0,-2) (76,25) 
(99,7) (77,25) (75,26) (74,26) (41,21) (9,13) (7,12) (6,11) (4,9) (3,7) (2,4) (1,1) (0,-2) (98,3) (78,21) (79,18) (80,15) (81,12) (82,9) (83,6) (84,3) (85,0) (86,-4) (87,-6) (88,-6) (89,-7) (90,-7) (91,-8) (92,-9) (93,-9) (94,-9) (95,-6) (96,-2) (97,1) 
TD 3 :
(99,7) (77,25) (75,26) (74,26) (41,21) (9,13) (7,12) (6,11) (4,9) (3,7) (2,4) (1,1) (0,-2) (40,20) (11,13) (10,12) 
(99,7) (77,25) (75,26) (74,26) (41,21) (9,13) (7,12) (6,11) (4,9) (3,7) (2,4) (1,1) (0,-2) (72,25) (71,24) (42,20) 
(99,7) (77,25) (75,26) (74,26) (41,21) (9,13) (7,12) (6,11) (4,9) (3,7) (2,4) (1,1) (0,-2) (72,25) (71,24) (42,20) (43,19) (44,18) (45,16) (46,13) (47,10) (48,8) (49,5) (50,1) (51,-1) (52,-4) (53,-6) (54,-8) (55,-9) (56,-9) (57,-10) (58,-9) (59,-9) (60,-8) (61,-5) (62,-2) (63,-1) (64,1) (65,5) (66,9) (67,13) (68,17) (69,20) (70,22) 
(99,7) (77,25) (75,26) (74,26) (41,21) (9,13) (7,12) (6,11) (4,9) (3,7) (2,4) (1,1) (0,-2) (72,25) (71,24) (42,20) 
(99,7) (77,25) (75,26) (74,26) (41,21) (9,13) (7,12) (6,11) (4,9) (3,7) (2,4) (1,1) (0,-2) (72,25) (73,24) 
(99,7) (77,25) (75,26) (74,26) (41,21) (9,13) (7,12) (6,11) (4,9) (3,7) (2,4) (1,1) (0,-2) (72,25) (73,24) 
(99,7) (77,25) (75,26) (74,26) (41,21) (9,13) (7,12) (6,11) (4,9) (3,7) (2,4) (1,1) (0,-2) (98,3) (97,1) (78,21) 
(99,7) (77,25) (75,26) (74,26) (41,21) (9,13) (7,12) (6,11) (4,9) (3,7) (2,4) (1,1) (0,-2) (98,3) (97,1) (78,21) (79,18) (80,15) (81,12) (82,9) (83,6) (84,3) (85,0) (86,-4) (87,-6) (88,-6) (89,-7) (90,-7) (91,-8) (92,-9) (93,-9) (94,-9) (95,-6) (96,-2) 
TD 4 :
(99,7) (77,25) (75,26) (74,26) (41,21) (9,13) (7,12) (6,11) (4,9) (3,7) (2,4) (1,1) (0,-2) (72,25) (71,24) (42,20) (70,22) (43,19) (44,18) (45,16) (46,13) (47,10) (48,8) (49,5) (50,1) (51,-1) (52,-4) (53,-6) (54,-8) (55,-9) (56,-9) (57,-10) (58,-9) (59,-9) (60,-8) (61,-5) (62,-2) (63,-1) (64,1) (65,5) (66,9) (67,13) (68,17) (69,20) 
(99,7) (77,25) (75,26) (74,26) (41,21) (9,13) (7,12) (6,11) (4,9) (3,7) (2,4) (1,1) (0,-2) (72,25) (71,24) (42,20) (70,22) 
(99,7) (77,25) (75,26) (74,26) (41,21) (9,13) (7,12) (6,11) (4,9) (3,7) (2,4) (1,1) (0,-2) (98,3) (97,1) (78,21) (96,-2) (79,18) 
(99,7) (77,25) (75,26) (74,26) (41,21) (9,13) (7,12) (6,11) (4,9) (3,7) (2,4) (1,1) (0,-2) (98,3) (97,1) (78,21) (96,-2) (79,18) (80,15) (81,12) (82,9) (83,6) (84,3) (85,0) (86,-4) (87,-6) (88,-6) (89,-7) (90,-7) (91,-8) (92,-9) (93,-9) (94,-9) (95,-6) 
TD 5 :
(99,7) (77,25) (75,26) (74,26) (41,21) (9,13) (7,12) (6,11) (4,9) (3,7) (2,4) (1,1) (0,-2) (72,25) (71,24) (42,20) (70,22) (69,20) (43,19) 
(99,7) (77,25) (75,26) (74,26) (41,21) (9,13) (7,12) (6,11) (4,9) (3,7) (2,4) (1,1) (0,-2) (72,25) (71,24) (42,20) (70,22) (69,20) (43,19) (44,18) (45,16) (46,13) (47,10) (48,8) (49,5) (50,1) (51,-1) (52,-4) (53,-6) (54,-8) (55,-9) (56,-9) (57,-10) (58,-9) (59,-9) (60,-8) (61,-5) (62,-2) (63,-1) (64,1) (65,5) (66,9) (67,13) (68,17) 
(99,7) (77,25) (75,26) (74,26) (41,21) (9,13) (7,12) (6,11) (4,9) (3,7) (2,4) (1,1) (0,-2) (72,25) (71,24) (42,20) (70,22) (69,20) (43,19) 
(99,7) (77,25) (75,26) (74,26) (41,21) (9,13) (7,12) (6,11) (4,9) (3,7) (2,4) (1,1) (0,-2) (98,3) (97,1) (78,21) (96,-2) (79,18) (95,-6) (80,15) 
(99,7) (77,25) (75,26) (74,26) (41,21) (9,13) (7,12) (6,11) (4,9) (3,7) (2,4) (1,1) (0,-2) (98,3) (97,1) (78,21) (96,-2) (79,18) (95,-6) (80,15) (81,12) (82,9) (83,6) (84,3) (85,0) (86,-4) (87,-6) (88,-6) (89,-7) (90,-7) (91,-8) (92,-9) (93,-9) (94,-9) 
TD 6 :
(99,7) (77,25) (75,26) (74,26) (41,21) (9,13) (7,12) (6,11) (4,9) (3,7) (2,4) (1,1) (0,-2) (72,25) (71,24) (42,20) (70,22) (69,20) (43,19) (68,17) (44,18) 
(99,7) (77,25) (75,26) (74,26) (41,21) (9,13) (7,12) (6,11) (4,9) (3,7) (2,4) (1,1) (0,-2) (72,25) (71,24) (42,20) (70,22) (69,20) (43,19) (68,17) (44,18) (45,16) (46,13) (47,10) (48,8) (49,5) (50,1) (51,-1) (52,-4) (53,-6) (54,-8) (55,-9) (56,-9) (57,-10) (58,-9) (59,-9) (60,-8) (61,-5) (62,-2) (63,-1) (64,1) (65,5) (66,9) (67,13) 
(99,7) (77,25) (75,26) (74,26) (41,21) (9,13) (7,12) (6,11) (4,9) (3,7) (2,4) (1,1) (0,-2) (72,25) (71,24) (42,20) (70,22) (69,20) (43,19) (68,17) (44,18) 
(99,7) (77,25) (75,26) (74,26) (41,21) (9,13) (7,12) (6,11) (4,9) (3,7) (2,4) (1,1) (0,-2) (98,3) (97,1) (78,21) (96,-2) (79,18) (95,-6) (80,15) (94,-9) (81,12) 
(99,7) (77,25) (75,26) (74,26) (41,21) (9,13) (7,12) (6,11) (4,9) (3,7) (2,4) (1,1) (0,-2) (98,3) (97,1) (78,21) (96,-2) (79,18) (95,-6) (80,15) (94,-9) (81,12) (82,9) (83,6) (84,3) (85,0) (86,-4) (87,-6) (88,-6) (89,-7) (90,-7) (91,-8) (92,-9) (93,-9) 
TD 7 :
(99,7) (77,25) (75,26) (74,26) (41,21) (9,13) (7,12) (6,11) (4,9) (3,7) (2,4) (1,1) (0,-2) (72,25) (71,24) (42,20) (70,22) (69,20) (43,19) (68,17) (44,18) (67,13) (45,16) 
(99,7) (77,25) (75,26) (74,26) (41,21) (9,13) (7,12) (6,11) (4,9) (3,7) (2,4) (1,1) (0,-2) (72,25) (71,24) (42,20) (70,22) (69,20) (43,19) (68,17) (44,18) (67,13) (45,16) (46,13) (47,10) (48,8) (49,5) (50,1) (51,-1) (52,-4) (53,-6) (54,-8) (55,-9) (56,-9) (57,-10) (58,-9) (59,-9) (60,-8) (61,-5) (62,-2) (63,-1) (64,1) (65,5) (66,9) 
(99,7) (77,25) (75,26) (74,26) (41,21) (9,13) (7,12) (6,11) (4,9) (3,7) (2,4) (1,1) (0,-2) (72,25) (71,24) (42,20) (70,22) (69,20) (43,19) (68,17) (44,18) (67,13) (45,16) 
(99,7) (77,25) (75,26) (74,26) (41,21) (9,13) (7,12) (6,11) (4,9) (3,7) (2,4) (1,1) (0,-2) (98,3) (97,1) (78,21) (96,-2) (79,18) (95,-6) (80,15) (94,-9) (81,12) (93,-9) (82,9) 
(99,7) (77,25) (75,26) (74,26) (41,21) (9,13) (7,12) (6,11) (4,9) (3,7) (2,4) (1,1) (0,-2) (98,3) (97,1) (78,21) (96,-2) (79,18) (95,-6) (80,15) (94,-9) (81,12) (93,-9) (82,9) (83,6) (84,3) (85,0) (86,-4) (87,-6) (88,-6) (89,-7) (90,-7) (91,-8) (92,-9) 
TD 8 :
(99,7) (77,25) (75,26) (74,26) (41,21) (9,13) (7,12) (6,11) (4,9) (3,7) (2,4) (1,1) (0,-2) (72,25) (71,24) (42,20) (70,22) (69,20) (43,19) (68,17) (44,18) (67,13) (45,16) (46,13) 
(99,7) (77,25) (75,26) (74,26) (41,21) (9,13) (7,12) (6,11) (4,9) (3,7) (2,4) (1,1) (0,-2) (72,25) (71,24) (42,20) (70,22) (69,20) (43,19) (68,17) (44,18) (67,13) (45,16) (46,13) (47,10) (48,8) (49,5) (50,1) (51,-1) (52,-4) (53,-6) (54,-8) (55,-9) (56,-9) (57,-10) (58,-9) (59,-9) (60,-8) (61,-5) (62,-2) (63,-1) (64,1) (65,5) (66,9) 
(99,7) (77,25) (75,26) (74,26) (41,21) (9,13) (7,12) (6,11) (4,9) (3,7) (2,4) (1,1) (0,-2) (98,3) (97,1) (78,21) (96,-2) (79,18) (95,-6) (80,15) (94,-9) (81,12) (93,-9) (82,9) (92,-9) (83,6) 
(99,7) (77,25) (75,26) (74,26) (41,21) (9,13) (7,12) (6,11) (4,9) (3,7) (2,4) (1,1) (0,-2) (98,3) (97,1) (78,21) (96,-2) (79,18) (95,-6) (80,15) (94,-9) (81,12) (93,-9) (82,9) (92,-9) (83,6) (84,3) (85,0) (86,-4) (87,-6) (88,-6) (89,-7) (90,-7) (91,-8) 
TD 9 :
(99,7) (77,25) (75,26) (74,26) (41,21) (9,13) (7,12) (6,11) (4,9) (3,7) (2,4) (1,1) (0,-2) (72,25) (71,24) (42,20) (70,22) (69,20) (43,19) (68,17) (44,18) (67,13) (45,16) (46,13) (66,9) (47,10) 
(99,7) (77,25) (75,26) (74,26) (41,21) (9,13) (7,12) (6,11) (4,9) (3,7) (2,4) (1,1) (0,-2) (72,25) (71,24) (42,20) (70,22) (69,20) (43,19) (68,17) (44,18) (67,13) (45,16) (46,13) (66,9) (47,10) (48,8) (49,5) (50,1) (51,-1) (52,-4) (53,-6) (54,-8) (55,-9) (56,-9) (57,-10) (58,-9) (59,-9) (60,-8) (61,-5) (62,-2) (63,-1) (64,1) (65,5) 
(99,7) (77,25) (75,26) (74,26) (41,21) (9,13) (7,12) (6,11) (4,9) (3,7) (2,4) (1,1) (0,-2) (72,25) (71,24) (42,20) (70,22) (69,20) (43,19) (68,17) (44,18) (67,13) (45,16) (46,13) (66,9) (47,10) 
(99,7) (77,25) (75,26) (74,26) (41,21) (9,13) (7,12) (6,11) (4,9) (3,7) (2,4) (1,1) (0,-2) (98,3) (97,1) (78,21) (96,-2) (79,18) (95,-6) (80,15) (94,-9) (81,12) (93,-9) (82,9) (92,-9) (83,6) (91,-8) (84,3) 
(99,7) (77,25) (75,26) (74,26) (41,21) (9,13) (7,12) (6,11) (4,9) (3,7) (2,4) (1,1) (0,-2) (98,3) (97,1) (78,21) (96,-2) (79,18) (95,-6) (80,15) (94,-9) (81,12) (93,-9) (82,9) (92,-9) (83,6) (91,-8) (84,3) (85,0) (86,-4) (87,-6) (88,-6) (89,-7) (90,-7) 
TD 10 :
(99,7) (77,25) (75,26) (74,26) (41,21) (9,13) (7,12) (6,11) (4,9) (3,7) (2,4) (1,1) (0,-2) (72,25) (71,24) (42,20) (70,22) (69,20) (43,19) (68,17) (44,18) (67,13) (45,16) (46,13) (66,9) (47,10) (65,5) (48,8) 
(99,7) (77,25) (75,26) (74,26) (41,21) (9,13) (7,12) (6,11) (4,9) (3,7) (2,4) (1,1) (0,-2) (72,25) (71,24) (42,20) (70,22) (69,20) (43,19) (68,17) (44,18) (67,13) (45,16) (46,13) (66,9) (47,10) (65,5) (48,8) (49,5) (50,1) (51,-1) (52,-4) (53,-6) (54,-8) (55,-9) (56,-9) (57,-10) (58,-9) (59,-9) (60,-8) (61,-5) (62,-2) (63,-1) (64,1) 
(99,7) (77,25) (75,26) (74,26) (41,21) (9,13) (7,12) (6,11) (4,9) (3,7) (2,4) (1,1) (0,-2) (72,25) (71,24) (42,20) (70,22) (69,20) (43,19) (68,17) (44,18) (67,13) (45,16) (46,13) (66,9) (47,10) (65,5) (48,8) 
(99,7) (77,25) (75,26) (74,26) (41,21) (9,13) (7,12) (6,11) (4,9) (3,7) (2,4) (1,1) (0,-2) (98,3) (97,1) (78,21) (96,-2) (79,18) (95,-6) (80,15) (94,-9) (81,12) (93,-9) (82,9) (92,-9) (83,6) (91,-8) (84,3) (90,-7) (85,0) 
(99,7) (77,25) (75,26) (74,26) (41,21) (9,13) (7,12) (6,11) (4,9) (3,7) (2,4) (1,1) (0,-2) (98,3) (97,1) (78,21) (96,-2) (79,18) (95,-6) (80,15) (94,-9) (81,12) (93,-9) (82,9) (92,-9) (83,6) (91,-8) (84,3) (90,-7) (85,0) (86,-4) (87,-6) (88,-6) (89,-7) 
TD 11 :
(99,7) (77,25) (75,26) (74,26) (41,21) (9,13) (7,12) (6,11) (4,9) (3,7) (2,4) (1,1) (0,-2) (72,25) (71,24) (42,20) (70,22) (69,20) (43,19) (68,17) (44,18) (67,13) (45,16) (46,13) (66,9) (47,10) (65,5) (48,8) (49,5) 
(99,7) (77,25) (75,26) (74,26) (41,21) (9,13) (7,12) (6,11) (4,9) (3,7) (2,4) (1,1) (0,-2) (72,25) (71,24) (42,20) (70,22) (69,20) (43,19) (68,17) (44,18) (67,13) (45,16) (46,13) (66,9) (47,10) (65,5) (48,8) (49,5) (50,1) (51,-1) (52,-4) (53,-6) (54,-8) (55,-9) (56,-9) (57,-10) (58,-9) (59,-9) (60,-8) (61,-5) (62,-2) (63,-1) (64,1) 
(99,7) (77,25) (75,26) (74,26) (41,21) (9,13) (7,12) (6,11) (4,9) (3,7) (2,4) (1,1) (0,-2) (98,3) (97,1) (78,21) (96,-2) (79,18) (95,-6) (80,15) (94,-9) (81,12) (93,-9) (82,9) (92,-9) (83,6) (91,-8) (84,3) (90,-7) (85,0) (89,-7) (88,-6) (86,-4) 
(99,7) (77,25) (75,26) (74,26) (41,21) (9,13) (7,12) (6,11) (4,9) (3,7) (2,4) (1,1) (0,-2) (98,3) (97,1) (78,21) (96,-2) (79,18) (95,-6) (80,15) (94,-9) (81,12) (93,-9) (82,9) (92,-9) (83,6) (91,-8) (84,3) (90,-7) (85,0) (89,-7) (88,-6) (86,-4) (87,-6) 
(99,7) (77,25) (75,26) (74,26) (41,21) (9,13) (7,12) (6,11) (4,9) (3,7) (2,4) (1,1) (0,-2) (98,3) (97,1) (78,21) (96,-2) (79,18) (95,-6) (80,15) (94,-9) (81,12) (93,-9) (82,9) (92,-9) (83,6) (91,-8) (84,3) (90,-7) (85,0) (89,-7) (88,-6) (86,-4) 
TD 12 :
(99,7) (77,25) (75,26) (74,26) (41,21) (9,13) (7,12) (6,11) (4,9) (3,7) (2,4) (1,1) (0,-2) (72,25) (71,24) (42,20) (70,22) (69,20) (43,19) (68,17) (44,18) (67,13) (45,16) (46,13) (66,9) (47,10) (65,5) (48,8) (49,5) (64,1) (50,1) 
(99,7) (77,25) (75,26) (74,26) (41,21) (9,13) (7,12) (6,11) (4,9) (3,7) (2,4) (1,1) (0,-2) (72,25) (71,24) (42,20) (70,22) (69,20) (43,19) (68,17) (44,18) (67,13) (45,16) (46,13) (66,9) (47,10) (65,5) (48,8) (49,5) (64,1) (50,1) (51,-1) (52,-4) (53,-6) (54,-8) (55,-9) (56,-9) (57,-10) (58,-9) (59,-9) (60,-8) (61,-5) (62,-2) (63,-1) 
(99,7) (77,25) (75,26) (74,26) (41,21) (9,13) (7,12) (6,11) (4,9) (3,7) (2,4) (1,1) (0,-2) (72,25) (71,24) (42,20) (70,22) (69,20) (43,19) (68,17) (44,18) (67,13) (45,16) (46,13) (66,9) (47,10) (65,5) (48,8) (49,5) (64,1) (50,1) 
(99,7) (77,25) (75,26) (74,26) (41,21) (9,13) (7,12) (6,11) (4,9) (3,7) (2,4) (1,1) (0,-2) (98,3) (97,1) (78,21) (96,-2) (79,18) (95,-6) (80,15) (94,-9) (81,12) (93,-9) (82,9) (92,-9) (83,6) (91,-8) (84,3) (90,-7) (85,0) (89,-7) (88,-6) (86,-4) (87,-6) 
TD 13 :
(99,7) (77,25) (75,26) (74,26) (41,21) (9,13) (7,12) (6,11) (4,9) (3,7) (2,4) (1,1) (0,-2) (72,25) (71,24) (42,20) (70,22) (69,20) (43,19) (68,17) (44,18) (67,13) (45,16) (46,13) (66,9) (47,10) (65,5) (48,8) (49,5) (64,1) (50,1) (63,-1) (51,-1) 
(99,7) (77,25) (75,26) (74,26) (41,21) (9,13) (7,12) (6,11) (4,9) (3,7) (2,4) (1,1) (0,-2) (72,25) (71,24) (42,20) (70,22) (69,20) (43,19) (68,17) (44,18) (67,13) (45,16) (46,13) (66,9) (47,10) (65,5) (48,8) (49,5) (64,1) (50,1) (63,-1) (51,-1) (52,-4) (53,-6) (54,-8) (55,-9) (56,-9) (57,-10) (58,-9) (59,-9) (60,-8) (61,-5) (62,-2) 
TD 14 :
(99,7) (77,25) (75,26) (74,26) (41,21) (9,13) (7,12) (6,11) (4,9) (3,7) (2,4) (1,1) (0,-2) (72,25) (71,24) (42,20) (70,22) (69,20) (43,19) (68,17) (44,18) (67,13) (45,16) (46,13) (66,9) (47,10) (65,5) (48,8) (49,5) (64,1) (50,1) (63,-1) (51,-1) (62,-2) (52,-4) 
(99,7) (77,25) (75,26) (74,26) (41,21) (9,13) (7,12) (6,11) (4,9) (3,7) (2,4) (1,1) (0,-2) (72,25) (71,24) (42,20) (70,22) (69,20) (43,19) (68,17) (44,18) (67,13) (45,16) (46,13) (66,9) (47,10) (65,5) (48,8) (49,5) (64,1) (50,1) (63,-1) (51,-1) (62,-2) (52,-4) (53,-6) (54,-8) (55,-9) (56,-9) (57,-10) (58,-9) (59,-9) (60,-8) (61,-5) 
TD 15 :
(99,7) (77,25) (75,26) (74,26) (41,21) (9,13) (7,12) (6,11) (4,9) (3,7) (2,4) (1,1) (0,-2) (72,25) (71,24) (42,20) (70,22) (69,20) (43,19) (68,17) (44,18) (67,13) (45,16) (46,13) (66,9) (47,10) (65,5) (48,8) (49,5) (64,1) (50,1) (63,-1) (51,-1) (62,-2) (52,-4) (61,-5) (53,-6) 
(99,7) (77,25) (75,26) (74,26) (41,21) (9,13) (7,12) (6,11) (4,9) (3,7) (2,4) (1,1) (0,-2) (72,25) (71,24) (42,20) (70,22) (69,20) (43,19) (68,17) (44,18) (67,13) (45,16) (46,13) (66,9) (47,10) (65,5) (48,8) (49,5) (64,1) (50,1) (63,-1) (51,-1) (62,-2) (52,-4) (61,-5) (53,-6) (54,-8) (55,-9) (56,-9) (57,-10) (58,-9) (59,-9) (60,-8) 
TD 16 :
(99,7) (77,25) (75,26) (74,26) (41,21) (9,13) (7,12) (6,11) (4,9) (3,7) (2,4) (1,1) (0,-2) (72,25) (71,24) (42,20) (70,22) (69,20) (43,19) (68,17) (44,18) (67,13) (45,16) (46,13) (66,9) (47,10) (65,5) (48,8) (49,5) (64,1) (50,1) (63,-1) (51,-1) (62,-2) (52,-4) (61,-5) (53,-6) (60,-8) (54,-8) 
(99,7) (77,25) (75,26) (74,26) (41,21) (9,13) (7,12) (6,11) (4,9) (3,7) (2,4) (1,1) (0,-2) (72,25) (71,24) (42,20) (70,22) (69,20) (43,19) (68,17) (44,18) (67,13) (45,16) (46,13) (66,9) (47,10) (65,5) (48,8) (49,5) (64,1) (50,1) (63,-1) (51,-1) (62,-2) (52,-4) (61,-5) (53,-6) (60,-8) (54,-8) (55,-9) (56,-9) (57,-10) (58,-9) (59,-9) 
TD 17 :
(99,7) (77,25) (75,26) (74,26) (41,21) (9,13) (7,12) (6,11) (4,9) (3,7) (2,4) (1,1) (0,-2) (72,25) (71,24) (42,20) (70,22) (69,20) (43,19) (68,17) (44,18) (67,13) (45,16) (46,13) (66,9) (47,10) (65,5) (48,8) (49,5) (64,1) (50,1) (63,-1) (51,-1) (62,-2) (52,-4) (61,-5) (53,-6) (60,-8) (54,-8) (59,-9) (58,-9) (56,-9) (55,-9) 
(99,7) (77,25) (75,26) (74,26) (41,21) (9,13) (7,12) (6,11) (4,9) (3,7) (2,4) (1,1) (0,-2) (72,25) (71,24) (42,20) (70,22) (69,20) (43,19) (68,17) (44,18) (67,13) (45,16) (46,13) (66,9) (47,10) (65,5) (48,8) (49,5) (64,1) (50,1) (63,-1) (51,-1) (62,-2) (52,-4) (61,-5) (53,-6) (60,-8) (54,-8) (59,-9) (58,-9) (56,-9) (55,-9) 
(99,7) (77,25) (75,26) (74,26) (41,21) (9,13) (7,12) (6,11) (4,9) (3,7) (2,4) (1,1) (0,-2) (72,25) (71,24) (42,20) (70,22) (69,20) (43,19) (68,17) (44,18) (67,13) (45,16) (46,13) (66,9) (47,10) (65,5) (48,8) (49,5) (64,1) (50,1) (63,-1) (51,-1) (62,-2) (52,-4) (61,-5) (53,-6) (60,-8) (54,-8) (59,-9) (58,-9) (56,-9) (55,-9) (57,-10) 
(99,7) (77,25) (75,26) (74,26) (41,21) (9,13) (7,12) (6,11) (4,9) (3,7) (2,4) (1,1) (0,-2) (72,25) (71,24) (42,20) (70,22) (69,20) (43,19) (68,17) (44,18) (67,13) (45,16) (46,13) (66,9) (47,10) (65,5) (48,8) (49,5) (64,1) (50,1) (63,-1) (51,-1) (62,-2) (52,-4) (61,-5) (53,-6) (60,-8) (54,-8) (59,-9) (58,-9) (56,-9) (55,-9) 
Pocket 0 :
()
Pocket 1 :
({  (0,-2) ,(1,1) } {  (0,-2) ,(1,1) } {  (0,-2) ,(1,1) } {  (0,-2) ,(1,1) } {  (0,-2) ,(1,1) } {  (0,-2) ,(1,1) } {  (0,-2) ,(1,1) } {  (0,-2) ,(1,1) } {  (0,-2) ,(1,1) } {  (0,-2) ,(1,1) } {  (0,-2) ,(1,1) } {  (0,-2) ,(1,1) } {  (0,-2) ,(1,1) } {  (0,-2) ,(1,1) } {  (0,-2) ,(1,1) } {  (0,-2) ,(1,1) } {  (0,-2) ,(1,1) } {  (0,-2) ,(1,1) } {  (0,-2) ,(1,1) } {  (0,-2) ,(1,1) } {  (0,-2) ,(1,1) } {  (0,-2) ,(1,1) } {  (0,-2) ,(1,1) } {  (0,-2) ,(1,1) } )
Pocket 2 :
({  (5,9) ,(0,-2) } {  (99,7) ,(8,12) } {  (99,7) ,(8,12) } {  (12,11) ,(11,13) } {  (12,11) ,(11,13) } {  (12,11) ,(11,13) } {  (73,24) ,(72,25) } {  (73,24) ,(72,25) } {  (99,7) ,(76,25) } {  (99,7) ,(76,25) } {  (99,7) ,(98,3) } )
Pocket 3 :
({  (10,12) ,(11,13) } {  (43,19) ,(42,20) } {  (43,19) ,(42,20) } {  (43,19) ,(42,20) } {  (99,7) ,(73,24) } {  (99,7) ,(73,24) } {  (79,18) ,(78,21) } {  (79,18) ,(78,21) } )
Pocket 4 :
({  (99,7) ,(70,22) } {  (99,7) ,(70,22) } {  (80,15) ,(79,18) } {  (80,15) ,(79,18) } )
Pocket 5 :
({  (44,18) ,(43,19) } {  (44,18) ,(43,19) } {  (44,18) ,(43,19) } {  (81,12) ,(80,15) } {  (81,12) ,(80,15) } )
Pocket 6 :
({  (45,16) ,(44,18) } {  (45,16) ,(44,18) } {  (45,16) ,(44,18) } {  (82,9) ,(81,12) } {  (82,9) ,(81,12) } )
Pocket 7 :
({  (46,13) ,(45,16) } {  (46,13) ,(45,16) } {  (46,13) ,(45,16) } {  (83,6) ,(82,9) } {  (83,6) ,(82,9) } )
Pocket 8 :
({  (47,10) ,(46,13) } {  (47,10) ,(46,13) } {  (84,3) ,(83,6) } {  (84,3) ,(83,6) } )
Pocket 9 :
({  (48,8) ,(47,10) } {  (48,8) ,(47,10) } {  (48,8) ,(47,10) } {  (85,0) ,(84,3) } {  (85,0) ,(84,3) } )
Pocket 10 :
({  (49,5) ,(48,8) } {  (49,5) ,(48,8) } {  (49,5) ,(48,8) } {  (86,-4) ,(85,0) } {  (86,-4) ,(85,0) } )
Pocket 11 :
({  (50,1) ,(49,5) } {  (50,1) ,(49,5) } {  (87,-6) ,(86,-4) } {  (87,-6) ,(86,-4) } {  (87,-6) ,(86,-4) } )
Pocket 12 :
({  (51,-1) ,(50,1) } {  (51,-1) ,(50,1) } {  (51,-1) ,(50,1) } {  (99,7) ,(87,-6) } )
Pocket 13 :
({  (52,-4) ,(51,-1) } {  (52,-4) ,(51,-1) } )
Pocket 14 :
({  (53,-6) ,(52,-4) } {  (53,-6) ,(52,-4) } )
Pocket 15 :
({  (54,-8) ,(53,-6) } {  (54,-8) ,(53,-6) } )
Pocket 16 :
({  (55,-9) ,(54,-8) } {  (55,-9) ,(54,-8) } )
