19 layers in onion peeling: 
Layer 1
(99,24) (73,36) (9,20) (7,19) (6,18) (5,16) (2,8) (1,5) (0,1) 
Layer 2
(98,22) (76,34) (75,34) (74,34) (72,34) (10,20) (8,19) (4,13) (3,9) 
Layer 3
(97,20) (77,33) (71,33) (40,26) (11,19) 
Layer 4
(96,17) (78,32) (70,31) (39,25) (12,18) 
Layer 5
(95,14) (79,30) (41,25) (13,17) 
Layer 6
(94,11) (80,28) (42,25) (38,24) (14,16) 
Layer 7
(93,8) (81,23) (69,26) (43,24) (15,13) 
Layer 8
(92,7) (82,21) (44,24) (37,21) (16,10) 
Layer 9
(91,6) (83,19) (68,22) (45,22) (36,19) (17,8) 
Layer 10
(90,5) (84,15) (67,18) (47,20) (46,20) (35,16) (18,4) 
Layer 11
(89,5) (88,7) (86,11) (85,13) (66,16) (48,18) (34,13) (19,2) 
Layer 12
(87,8) (65,14) (49,16) (33,9) (20,-2) 
Layer 13
(64,11) (50,13) (32,6) (21,-6) 
Layer 14
(63,9) (51,9) (31,3) (22,-8) 
Layer 15
(62,6) (52,7) (30,1) (23,-8) 
Layer 16
(61,4) (53,5) (29,-3) (24,-9) 
Layer 17
(60,2) (54,3) (28,-6) (25,-10) 
Layer 18
(59,0) (55,2) (27,-8) (26,-9) 
Layer 19
(58,0) (56,1) 
---------------------------------------------------------------------------------------
TD 0 :
(99,24) (98,22) (97,20) (96,17) (95,14) (94,11) (93,8) (92,7) (91,6) (90,5) (89,5) (88,7) (87,8) (86,11) (85,13) (84,15) (83,19) (82,21) (81,23) (80,28) (79,30) (78,32) (77,33) (76,34) (75,34) (74,34) (73,36) (72,34) (71,33) (70,31) (69,26) (68,22) (67,18) (66,16) (65,14) (64,11) (63,9) (62,6) (61,4) (60,2) (59,0) (58,0) (57,0) (56,1) (55,2) (54,3) (53,5) (52,7) (51,9) (50,13) (49,16) (48,18) (47,20) (46,20) (45,22) (44,24) (43,24) (42,25) (41,25) (40,26) (39,25) (38,24) (37,21) (36,19) (35,16) (34,13) (33,9) (32,6) (31,3) (30,1) (29,-3) (28,-6) (27,-8) (26,-9) (25,-10) (24,-9) (23,-8) (22,-8) (21,-6) (20,-2) (19,2) (18,4) (17,8) (16,10) (15,13) (14,16) (13,17) (12,18) (11,19) (10,20) (9,20) (8,19) (7,19) (6,18) (5,16) (4,13) (3,9) (2,8) (1,5) (0,1) 
TD 1 :
(99,24) (73,36) (9,20) (7,19) (6,18) (5,16) (2,8) (1,5) (0,1) 
(99,24) (73,36) (9,20) (7,19) (6,18) (5,16) (2,8) (1,5) (0,1) 
(99,24) (73,36) (9,20) (7,19) (6,18) (5,16) (2,8) (1,5) (0,1) (3,9) (4,13) 
(99,24) (73,36) (9,20) (7,19) (6,18) (5,16) (2,8) (1,5) (0,1) 
(99,24) (73,36) (9,20) (7,19) (6,18) (5,16) (2,8) (1,5) (0,1) 
(99,24) (73,36) (9,20) (7,19) (6,18) (5,16) (2,8) (1,5) (0,1) (8,19) 
(99,24) (73,36) (9,20) (7,19) (6,18) (5,16) (2,8) (1,5) (0,1) (10,20) (11,19) (12,18) (13,17) (14,16) (15,13) (16,10) (17,8) (18,4) (19,2) (20,-2) (21,-6) (22,-8) (23,-8) (24,-9) (25,-10) (26,-9) (27,-8) (28,-6) (29,-3) (30,1) (31,3) (32,6) (33,9) (34,13) (35,16) (36,19) (37,21) (38,24) (39,25) (40,26) (41,25) (42,25) (43,24) (44,24) (45,22) (46,20) (47,20) (48,18) (49,16) (50,13) (51,9) (52,7) (53,5) (54,3) (55,2) (56,1) (57,0) (58,0) (59,0) (60,2) (61,4) (62,6) (63,9) (64,11) (65,14) (66,16) (67,18) (68,22) (69,26) (70,31) (71,33) (72,34) 
(99,24) (73,36) (9,20) (7,19) (6,18) (5,16) (2,8) (1,5) (0,1) (74,34) (75,34) (76,34) (77,33) (78,32) (79,30) (80,28) (81,23) (82,21) (83,19) (84,15) (85,13) (86,11) (87,8) (88,7) (89,5) (90,5) (91,6) (92,7) (93,8) (94,11) (95,14) (96,17) (97,20) (98,22) 
TD 2 :
(99,24) (73,36) (9,20) (7,19) (6,18) (5,16) (2,8) (1,5) (0,1) (4,13) (3,9) 
(99,24) (73,36) (9,20) (7,19) (6,18) (5,16) (2,8) (1,5) (0,1) (4,13) (3,9) 
(99,24) (73,36) (9,20) (7,19) (6,18) (5,16) (2,8) (1,5) (0,1) (8,19) 
(99,24) (73,36) (9,20) (7,19) (6,18) (5,16) (2,8) (1,5) (0,1) (8,19) 
(99,24) (73,36) (9,20) (7,19) (6,18) (5,16) (2,8) (1,5) (0,1) (72,34) (10,20) 
(99,24) (73,36) (9,20) (7,19) (6,18) (5,16) (2,8) (1,5) (0,1) (72,34) (10,20) (11,19) (12,18) (13,17) (14,16) (15,13) (16,10) (17,8) (18,4) (19,2) (20,-2) (21,-6) (22,-8) (23,-8) (24,-9) (25,-10) (26,-9) (27,-8) (28,-6) (29,-3) (30,1) (31,3) (32,6) (33,9) (34,13) (35,16) (36,19) (37,21) (38,24) (39,25) (40,26) (41,25) (42,25) (43,24) (44,24) (45,22) (46,20) (47,20) (48,18) (49,16) (50,13) (51,9) (52,7) (53,5) (54,3) (55,2) (56,1) (57,0) (58,0) (59,0) (60,2) (61,4) (62,6) (63,9) (64,11) (65,14) (66,16) (67,18) (68,22) (69,26) (70,31) (71,33) 
(99,24) (73,36) (9,20) (7,19) (6,18) (5,16) (2,8) (1,5) (0,1) (72,34) (10,20) 
(99,24) (73,36) (9,20) (7,19) (6,18) (5,16) (2,8) (1,5) (0,1) (98,22) (76,34) (75,34) (74,34) 
(99,24) (73,36) (9,20) (7,19) (6,18) (5,16) (2,8) (1,5) (0,1) (98,22) (76,34) (75,34) (74,34) 
(99,24) (73,36) (9,20) (7,19) (6,18) (5,16) (2,8) (1,5) (0,1) (98,22) (76,34) (75,34) (74,34) 
(99,24) (73,36) (9,20) (7,19) (6,18) (5,16) (2,8) (1,5) (0,1) (98,22) (76,34) (75,34) (74,34) (77,33) (78,32) (79,30) (80,28) (81,23) (82,21) (83,19) (84,15) (85,13) (86,11) (87,8) (88,7) (89,5) (90,5) (91,6) (92,7) (93,8) (94,11) (95,14) (96,17) (97,20) 
TD 3 :
(99,24) (73,36) (9,20) (7,19) (6,18) (5,16) (2,8) (1,5) (0,1) (72,34) (10,20) (71,33) (40,26) (11,19) (12,18) (13,17) (14,16) (15,13) (16,10) (17,8) (18,4) (19,2) (20,-2) (21,-6) (22,-8) (23,-8) (24,-9) (25,-10) (26,-9) (27,-8) (28,-6) (29,-3) (30,1) (31,3) (32,6) (33,9) (34,13) (35,16) (36,19) (37,21) (38,24) (39,25) 
(99,24) (73,36) (9,20) (7,19) (6,18) (5,16) (2,8) (1,5) (0,1) (72,34) (10,20) (71,33) (40,26) (11,19) (41,25) (42,25) (43,24) (44,24) (45,22) (46,20) (47,20) (48,18) (49,16) (50,13) (51,9) (52,7) (53,5) (54,3) (55,2) (56,1) (57,0) (58,0) (59,0) (60,2) (61,4) (62,6) (63,9) (64,11) (65,14) (66,16) (67,18) (68,22) (69,26) (70,31) 
(99,24) (73,36) (9,20) (7,19) (6,18) (5,16) (2,8) (1,5) (0,1) (72,34) (10,20) (71,33) (40,26) (11,19) 
(99,24) (73,36) (9,20) (7,19) (6,18) (5,16) (2,8) (1,5) (0,1) (98,22) (76,34) (75,34) (74,34) (97,20) (77,33) 
(99,24) (73,36) (9,20) (7,19) (6,18) (5,16) (2,8) (1,5) (0,1) (98,22) (76,34) (75,34) (74,34) (97,20) (77,33) (78,32) (79,30) (80,28) (81,23) (82,21) (83,19) (84,15) (85,13) (86,11) (87,8) (88,7) (89,5) (90,5) (91,6) (92,7) (93,8) (94,11) (95,14) (96,17) 
TD 4 :
(99,24) (73,36) (9,20) (7,19) (6,18) (5,16) (2,8) (1,5) (0,1) (72,34) (10,20) (71,33) (40,26) (11,19) (39,25) (12,18) (13,17) (14,16) (15,13) (16,10) (17,8) (18,4) (19,2) (20,-2) (21,-6) (22,-8) (23,-8) (24,-9) (25,-10) (26,-9) (27,-8) (28,-6) (29,-3) (30,1) (31,3) (32,6) (33,9) (34,13) (35,16) (36,19) (37,21) (38,24) 
(99,24) (73,36) (9,20) (7,19) (6,18) (5,16) (2,8) (1,5) (0,1) (72,34) (10,20) (71,33) (40,26) (11,19) (39,25) (12,18) 
(99,24) (73,36) (9,20) (7,19) (6,18) (5,16) (2,8) (1,5) (0,1) (72,34) (10,20) (71,33) (40,26) (11,19) (70,31) (41,25) (42,25) (43,24) (44,24) (45,22) (46,20) (47,20) (48,18) (49,16) (50,13) (51,9) (52,7) (53,5) (54,3) (55,2) (56,1) (57,0) (58,0) (59,0) (60,2) (61,4) (62,6) (63,9) (64,11) (65,14) (66,16) (67,18) (68,22) (69,26) 
(99,24) (73,36) (9,20) (7,19) (6,18) (5,16) (2,8) (1,5) (0,1) (72,34) (10,20) (71,33) (40,26) (11,19) (70,31) 
(99,24) (73,36) (9,20) (7,19) (6,18) (5,16) (2,8) (1,5) (0,1) (98,22) (76,34) (75,34) (74,34) (97,20) (77,33) (96,17) (78,32) 
(99,24) (73,36) (9,20) (7,19) (6,18) (5,16) (2,8) (1,5) (0,1) (98,22) (76,34) (75,34) (74,34) (97,20) (77,33) (96,17) (78,32) (79,30) (80,28) (81,23) (82,21) (83,19) (84,15) (85,13) (86,11) (87,8) (88,7) (89,5) (90,5) (91,6) (92,7) (93,8) (94,11) (95,14) 
TD 5 :
(99,24) (73,36) (9,20) (7,19) (6,18) (5,16) (2,8) (1,5) (0,1) (72,34) (10,20) (71,33) (40,26) (11,19) (39,25) (12,18) (13,17) (14,16) (15,13) (16,10) (17,8) (18,4) (19,2) (20,-2) (21,-6) (22,-8) (23,-8) (24,-9) (25,-10) (26,-9) (27,-8) (28,-6) (29,-3) (30,1) (31,3) (32,6) (33,9) (34,13) (35,16) (36,19) (37,21) (38,24) 
(99,24) (73,36) (9,20) (7,19) (6,18) (5,16) (2,8) (1,5) (0,1) (72,34) (10,20) (71,33) (40,26) (11,19) (70,31) (41,25) 
(99,24) (73,36) (9,20) (7,19) (6,18) (5,16) (2,8) (1,5) (0,1) (72,34) (10,20) (71,33) (40,26) (11,19) (70,31) (41,25) (42,25) (43,24) (44,24) (45,22) (46,20) (47,20) (48,18) (49,16) (50,13) (51,9) (52,7) (53,5) (54,3) (55,2) (56,1) (57,0) (58,0) (59,0) (60,2) (61,4) (62,6) (63,9) (64,11) (65,14) (66,16) (67,18) (68,22) (69,26) 
(99,24) (73,36) (9,20) (7,19) (6,18) (5,16) (2,8) (1,5) (0,1) (98,22) (76,34) (75,34) (74,34) (97,20) (77,33) (96,17) (78,32) (95,14) (79,30) 
(99,24) (73,36) (9,20) (7,19) (6,18) (5,16) (2,8) (1,5) (0,1) (98,22) (76,34) (75,34) (74,34) (97,20) (77,33) (96,17) (78,32) (95,14) (79,30) (80,28) (81,23) (82,21) (83,19) (84,15) (85,13) (86,11) (87,8) (88,7) (89,5) (90,5) (91,6) (92,7) (93,8) (94,11) 
TD 6 :
(99,24) (73,36) (9,20) (7,19) (6,18) (5,16) (2,8) (1,5) (0,1) (72,34) (10,20) (71,33) (40,26) (11,19) (39,25) (12,18) (13,17) (38,24) (14,16) (15,13) (16,10) (17,8) (18,4) (19,2) (20,-2) (21,-6) (22,-8) (23,-8) (24,-9) (25,-10) (26,-9) (27,-8) (28,-6) (29,-3) (30,1) (31,3) (32,6) (33,9) (34,13) (35,16) (36,19) (37,21) 
(99,24) (73,36) (9,20) (7,19) (6,18) (5,16) (2,8) (1,5) (0,1) (72,34) (10,20) (71,33) (40,26) (11,19) (39,25) (12,18) (13,17) (38,24) (14,16) 
(99,24) (73,36) (9,20) (7,19) (6,18) (5,16) (2,8) (1,5) (0,1) (72,34) (10,20) (71,33) (40,26) (11,19) (70,31) (41,25) (42,25) 
(99,24) (73,36) (9,20) (7,19) (6,18) (5,16) (2,8) (1,5) (0,1) (72,34) (10,20) (71,33) (40,26) (11,19) (70,31) (41,25) (42,25) (43,24) (44,24) (45,22) (46,20) (47,20) (48,18) (49,16) (50,13) (51,9) (52,7) (53,5) (54,3) (55,2) (56,1) (57,0) (58,0) (59,0) (60,2) (61,4) (62,6) (63,9) (64,11) (65,14) (66,16) (67,18) (68,22) (69,26) 
(99,24) (73,36) (9,20) (7,19) (6,18) (5,16) (2,8) (1,5) (0,1) (98,22) (76,34) (75,34) (74,34) (97,20) (77,33) (96,17) (78,32) (95,14) (79,30) (94,11) (80,28) 
(99,24) (73,36) (9,20) (7,19) (6,18) (5,16) (2,8) (1,5) (0,1) (98,22) (76,34) (75,34) (74,34) (97,20) (77,33) (96,17) (78,32) (95,14) (79,30) (94,11) (80,28) (81,23) (82,21) (83,19) (84,15) (85,13) (86,11) (87,8) (88,7) (89,5) (90,5) (91,6) (92,7) (93,8) 
TD 7 :
(99,24) (73,36) (9,20) (7,19) (6,18) (5,16) (2,8) (1,5) (0,1) (72,34) (10,20) (71,33) (40,26) (11,19) (39,25) (12,18) (13,17) (38,24) (14,16) (15,13) (16,10) (17,8) (18,4) (19,2) (20,-2) (21,-6) (22,-8) (23,-8) (24,-9) (25,-10) (26,-9) (27,-8) (28,-6) (29,-3) (30,1) (31,3) (32,6) (33,9) (34,13) (35,16) (36,19) (37,21) 
(99,24) (73,36) (9,20) (7,19) (6,18) (5,16) (2,8) (1,5) (0,1) (72,34) (10,20) (71,33) (40,26) (11,19) (70,31) (41,25) (42,25) (69,26) (43,24) 
(99,24) (73,36) (9,20) (7,19) (6,18) (5,16) (2,8) (1,5) (0,1) (72,34) (10,20) (71,33) (40,26) (11,19) (70,31) (41,25) (42,25) (69,26) (43,24) (44,24) (45,22) (46,20) (47,20) (48,18) (49,16) (50,13) (51,9) (52,7) (53,5) (54,3) (55,2) (56,1) (57,0) (58,0) (59,0) (60,2) (61,4) (62,6) (63,9) (64,11) (65,14) (66,16) (67,18) (68,22) 
(99,24) (73,36) (9,20) (7,19) (6,18) (5,16) (2,8) (1,5) (0,1) (72,34) (10,20) (71,33) (40,26) (11,19) (70,31) (41,25) (42,25) (69,26) (43,24) 
(99,24) (73,36) (9,20) (7,19) (6,18) (5,16) (2,8) (1,5) (0,1) (98,22) (76,34) (75,34) (74,34) (97,20) (77,33) (96,17) (78,32) (95,14) (79,30) (94,11) (80,28) (93,8) (81,23) 
(99,24) (73,36) (9,20) (7,19) (6,18) (5,16) (2,8) (1,5) (0,1) (98,22) (76,34) (75,34) (74,34) (97,20) (77,33) (96,17) (78,32) (95,14) (79,30) (94,11) (80,28) (93,8) (81,23) (82,21) (83,19) (84,15) (85,13) (86,11) (87,8) (88,7) (89,5) (90,5) (91,6) (92,7) 
TD 8 :
(99,24) (73,36) (9,20) (7,19) (6,18) (5,16) (2,8) (1,5) (0,1) (72,34) (10,20) (71,33) (40,26) (11,19) (39,25) (12,18) (13,17) (38,24) (14,16) (15,13) (37,21) (16,10) (17,8) (18,4) (19,2) (20,-2) (21,-6) (22,-8) (23,-8) (24,-9) (25,-10) (26,-9) (27,-8) (28,-6) (29,-3) (30,1) (31,3) (32,6) (33,9) (34,13) (35,16) (36,19) 
(99,24) (73,36) (9,20) (7,19) (6,18) (5,16) (2,8) (1,5) (0,1) (72,34) (10,20) (71,33) (40,26) (11,19) (39,25) (12,18) (13,17) (38,24) (14,16) (15,13) (37,21) (16,10) 
(99,24) (73,36) (9,20) (7,19) (6,18) (5,16) (2,8) (1,5) (0,1) (72,34) (10,20) (71,33) (40,26) (11,19) (70,31) (41,25) (42,25) (69,26) (43,24) (44,24) 
(99,24) (73,36) (9,20) (7,19) (6,18) (5,16) (2,8) (1,5) (0,1) (72,34) (10,20) (71,33) (40,26) (11,19) (70,31) (41,25) (42,25) (69,26) (43,24) (44,24) (45,22) (46,20) (47,20) (48,18) (49,16) (50,13) (51,9) (52,7) (53,5) (54,3) (55,2) (56,1) (57,0) (58,0) (59,0) (60,2) (61,4) (62,6) (63,9) (64,11) (65,14) (66,16) (67,18) (68,22) 
(99,24) (73,36) (9,20) (7,19) (6,18) (5,16) (2,8) (1,5) (0,1) (98,22) (76,34) (75,34) (74,34) (97,20) (77,33) (96,17) (78,32) (95,14) (79,30) (94,11) (80,28) (93,8) (81,23) (92,7) (82,21) 
(99,24) (73,36) (9,20) (7,19) (6,18) (5,16) (2,8) (1,5) (0,1) (98,22) (76,34) (75,34) (74,34) (97,20) (77,33) (96,17) (78,32) (95,14) (79,30) (94,11) (80,28) (93,8) (81,23) (92,7) (82,21) (83,19) (84,15) (85,13) (86,11) (87,8) (88,7) (89,5) (90,5) (91,6) 
TD 9 :
(99,24) (73,36) (9,20) (7,19) (6,18) (5,16) (2,8) (1,5) (0,1) (72,34) (10,20) (71,33) (40,26) (11,19) (39,25) (12,18) (13,17) (38,24) (14,16) (15,13) (37,21) (16,10) (36,19) (17,8) (18,4) (19,2) (20,-2) (21,-6) (22,-8) (23,-8) (24,-9) (25,-10) (26,-9) (27,-8) (28,-6) (29,-3) (30,1) (31,3) (32,6) (33,9) (34,13) (35,16) 
(99,24) (73,36) (9,20) (7,19) (6,18) (5,16) (2,8) (1,5) (0,1) (72,34) (10,20) (71,33) (40,26) (11,19) (39,25) (12,18) (13,17) (38,24) (14,16) (15,13) (37,21) (16,10) (36,19) (17,8) 
(99,24) (73,36) (9,20) (7,19) (6,18) (5,16) (2,8) (1,5) (0,1) (72,34) (10,20) (71,33) (40,26) (11,19) (70,31) (41,25) (42,25) (69,26) (43,24) (44,24) (68,22) (45,22) 
(99,24) (73,36) (9,20) (7,19) (6,18) (5,16) (2,8) (1,5) (0,1) (72,34) (10,20) (71,33) (40,26) (11,19) (70,31) (41,25) (42,25) (69,26) (43,24) (44,24) (68,22) (45,22) (46,20) (47,20) (48,18) (49,16) (50,13) (51,9) (52,7) (53,5) (54,3) (55,2) (56,1) (57,0) (58,0) (59,0) (60,2) (61,4) (62,6) (63,9) (64,11) (65,14) (66,16) (67,18) 
(99,24) (73,36) (9,20) (7,19) (6,18) (5,16) (2,8) (1,5) (0,1) (72,34) (10,20) (71,33) (40,26) (11,19) (70,31) (41,25) (42,25) (69,26) (43,24) (44,24) (68,22) (45,22) 
(99,24) (73,36) (9,20) (7,19) (6,18) (5,16) (2,8) (1,5) (0,1) (98,22) (76,34) (75,34) (74,34) (97,20) (77,33) (96,17) (78,32) (95,14) (79,30) (94,11) (80,28) (93,8) (81,23) (92,7) (82,21) (91,6) (83,19) 
(99,24) (73,36) (9,20) (7,19) (6,18) (5,16) (2,8) (1,5) (0,1) (98,22) (76,34) (75,34) (74,34) (97,20) (77,33) (96,17) (78,32) (95,14) (79,30) (94,11) (80,28) (93,8) (81,23) (92,7) (82,21) (91,6) (83,19) (84,15) (85,13) (86,11) (87,8) (88,7) (89,5) (90,5) 
TD 10 :
(99,24) (73,36) (9,20) (7,19) (6,18) (5,16) (2,8) (1,5) (0,1) (72,34) (10,20) (71,33) (40,26) (11,19) (39,25) (12,18) (13,17) (38,24) (14,16) (15,13) (37,21) (16,10) (36,19) (17,8) (35,16) (18,4) (19,2) (20,-2) (21,-6) (22,-8) (23,-8) (24,-9) (25,-10) (26,-9) (27,-8) (28,-6) (29,-3) (30,1) (31,3) (32,6) (33,9) (34,13) 
(99,24) (73,36) (9,20) (7,19) (6,18) (5,16) (2,8) (1,5) (0,1) (72,34) (10,20) (71,33) (40,26) (11,19) (39,25) (12,18) (13,17) (38,24) (14,16) (15,13) (37,21) (16,10) (36,19) (17,8) (35,16) (18,4) 
(99,24) (73,36) (9,20) (7,19) (6,18) (5,16) (2,8) (1,5) (0,1) (72,34) (10,20) (71,33) (40,26) (11,19) (70,31) (41,25) (42,25) (69,26) (43,24) (44,24) (68,22) (45,22) (67,18) (47,20) (46,20) 
(99,24) (73,36) (9,20) (7,19) (6,18) (5,16) (2,8) (1,5) (0,1) (72,34) (10,20) (71,33) (40,26) (11,19) (70,31) (41,25) (42,25) (69,26) (43,24) (44,24) (68,22) (45,22) (67,18) (47,20) (46,20) 
(99,24) (73,36) (9,20) (7,19) (6,18) (5,16) (2,8) (1,5) (0,1) (72,34) (10,20) (71,33) (40,26) (11,19) (70,31) (41,25) (42,25) (69,26) (43,24) (44,24) (68,22) (45,22) (67,18) (47,20) (46,20) (48,18) (49,16) (50,13) (51,9) (52,7) (53,5) (54,3) (55,2) (56,1) (57,0) (58,0) (59,0) (60,2) (61,4) (62,6) (63,9) (64,11) (65,14) (66,16) 
(99,24) (73,36) (9,20) (7,19) (6,18) (5,16) (2,8) (1,5) (0,1) (72,34) (10,20) (71,33) (40,26) (11,19) (70,31) (41,25) (42,25) (69,26) (43,24) (44,24) (68,22) (45,22) (67,18) (47,20) (46,20) 
(99,24) (73,36) (9,20) (7,19) (6,18) (5,16) (2,8) (1,5) (0,1) (98,22) (76,34) (75,34) (74,34) (97,20) (77,33) (96,17) (78,32) (95,14) (79,30) (94,11) (80,28) (93,8) (81,23) (92,7) (82,21) (91,6) (83,19) (90,5) (84,15) 
(99,24) (73,36) (9,20) (7,19) (6,18) (5,16) (2,8) (1,5) (0,1) (98,22) (76,34) (75,34) (74,34) (97,20) (77,33) (96,17) (78,32) (95,14) (79,30) (94,11) (80,28) (93,8) (81,23) (92,7) (82,21) (91,6) (83,19) (90,5) (84,15) (85,13) (86,11) (87,8) (88,7) (89,5) 
TD 11 :
(99,24) (73,36) (9,20) (7,19) (6,18) (5,16) (2,8) (1,5) (0,1) (72,34) (10,20) (71,33) (40,26) (11,19) (39,25) (12,18) (13,17) (38,24) (14,16) (15,13) (37,21) (16,10) (36,19) (17,8) (35,16) (18,4) (34,13) (19,2) (20,-2) (21,-6) (22,-8) (23,-8) (24,-9) (25,-10) (26,-9) (27,-8) (28,-6) (29,-3) (30,1) (31,3) (32,6) (33,9) 
(99,24) (73,36) (9,20) (7,19) (6,18) (5,16) (2,8) (1,5) (0,1) (72,34) (10,20) (71,33) (40,26) (11,19) (39,25) (12,18) (13,17) (38,24) (14,16) (15,13) (37,21) (16,10) (36,19) (17,8) (35,16) (18,4) (34,13) (19,2) 
(99,24) (73,36) (9,20) (7,19) (6,18) (5,16) (2,8) (1,5) (0,1) (72,34) (10,20) (71,33) (40,26) (11,19) (70,31) (41,25) (42,25) (69,26) (43,24) (44,24) (68,22) (45,22) (67,18) (47,20) (46,20) (66,16) (48,18) 
(99,24) (73,36) (9,20) (7,19) (6,18) (5,16) (2,8) (1,5) (0,1) (72,34) (10,20) (71,33) (40,26) (11,19) (70,31) (41,25) (42,25) (69,26) (43,24) (44,24) (68,22) (45,22) (67,18) (47,20) (46,20) (66,16) (48,18) (49,16) (50,13) (51,9) (52,7) (53,5) (54,3) (55,2) (56,1) (57,0) (58,0) (59,0) (60,2) (61,4) (62,6) (63,9) (64,11) (65,14) 
(99,24) (73,36) (9,20) (7,19) (6,18) (5,16) (2,8) (1,5) (0,1) (72,34) (10,20) (71,33) (40,26) (11,19) (70,31) (41,25) (42,25) (69,26) (43,24) (44,24) (68,22) (45,22) (67,18) (47,20) (46,20) (66,16) (48,18) 
(99,24) (73,36) (9,20) (7,19) (6,18) (5,16) (2,8) (1,5) (0,1) (98,22) (76,34) (75,34) (74,34) (97,20) (77,33) (96,17) (78,32) (95,14) (79,30) (94,11) (80,28) (93,8) (81,23) (92,7) (82,21) (91,6) (83,19) (90,5) (84,15) (89,5) (88,7) (86,11) (85,13) 
(99,24) (73,36) (9,20) (7,19) (6,18) (5,16) (2,8) (1,5) (0,1) (98,22) (76,34) (75,34) (74,34) (97,20) (77,33) (96,17) (78,32) (95,14) (79,30) (94,11) (80,28) (93,8) (81,23) (92,7) (82,21) (91,6) (83,19) (90,5) (84,15) (89,5) (88,7) (86,11) (85,13) 
(99,24) (73,36) (9,20) (7,19) (6,18) (5,16) (2,8) (1,5) (0,1) (98,22) (76,34) (75,34) (74,34) (97,20) (77,33) (96,17) (78,32) (95,14) (79,30) (94,11) (80,28) (93,8) (81,23) (92,7) (82,21) (91,6) (83,19) (90,5) (84,15) (89,5) (88,7) (86,11) (85,13) (87,8) 
(99,24) (73,36) (9,20) (7,19) (6,18) (5,16) (2,8) (1,5) (0,1) (98,22) (76,34) (75,34) (74,34) (97,20) (77,33) (96,17) (78,32) (95,14) (79,30) (94,11) (80,28) (93,8) (81,23) (92,7) (82,21) (91,6) (83,19) (90,5) (84,15) (89,5) (88,7) (86,11) (85,13) 
TD 12 :
(99,24) (73,36) (9,20) (7,19) (6,18) (5,16) (2,8) (1,5) (0,1) (72,34) (10,20) (71,33) (40,26) (11,19) (39,25) (12,18) (13,17) (38,24) (14,16) (15,13) (37,21) (16,10) (36,19) (17,8) (35,16) (18,4) (34,13) (19,2) (33,9) (20,-2) (21,-6) (22,-8) (23,-8) (24,-9) (25,-10) (26,-9) (27,-8) (28,-6) (29,-3) (30,1) (31,3) (32,6) 
(99,24) (73,36) (9,20) (7,19) (6,18) (5,16) (2,8) (1,5) (0,1) (72,34) (10,20) (71,33) (40,26) (11,19) (39,25) (12,18) (13,17) (38,24) (14,16) (15,13) (37,21) (16,10) (36,19) (17,8) (35,16) (18,4) (34,13) (19,2) (33,9) (20,-2) 
(99,24) (73,36) (9,20) (7,19) (6,18) (5,16) (2,8) (1,5) (0,1) (72,34) (10,20) (71,33) (40,26) (11,19) (70,31) (41,25) (42,25) (69,26) (43,24) (44,24) (68,22) (45,22) (67,18) (47,20) (46,20) (66,16) (48,18) (65,14) (49,16) 
(99,24) (73,36) (9,20) (7,19) (6,18) (5,16) (2,8) (1,5) (0,1) (72,34) (10,20) (71,33) (40,26) (11,19) (70,31) (41,25) (42,25) (69,26) (43,24) (44,24) (68,22) (45,22) (67,18) (47,20) (46,20) (66,16) (48,18) (65,14) (49,16) (50,13) (51,9) (52,7) (53,5) (54,3) (55,2) (56,1) (57,0) (58,0) (59,0) (60,2) (61,4) (62,6) (63,9) (64,11) 
(99,24) (73,36) (9,20) (7,19) (6,18) (5,16) (2,8) (1,5) (0,1) (72,34) (10,20) (71,33) (40,26) (11,19) (70,31) (41,25) (42,25) (69,26) (43,24) (44,24) (68,22) (45,22) (67,18) (47,20) (46,20) (66,16) (48,18) (65,14) (49,16) 
(99,24) (73,36) (9,20) (7,19) (6,18) (5,16) (2,8) (1,5) (0,1) (98,22) (76,34) (75,34) (74,34) (97,20) (77,33) (96,17) (78,32) (95,14) (79,30) (94,11) (80,28) (93,8) (81,23) (92,7) (82,21) (91,6) (83,19) (90,5) (84,15) (89,5) (88,7) (86,11) (85,13) (87,8) 
TD 13 :
(99,24) (73,36) (9,20) (7,19) (6,18) (5,16) (2,8) (1,5) (0,1) (72,34) (10,20) (71,33) (40,26) (11,19) (39,25) (12,18) (13,17) (38,24) (14,16) (15,13) (37,21) (16,10) (36,19) (17,8) (35,16) (18,4) (34,13) (19,2) (33,9) (20,-2) (32,6) (21,-6) (22,-8) (23,-8) (24,-9) (25,-10) (26,-9) (27,-8) (28,-6) (29,-3) (30,1) (31,3) 
(99,24) (73,36) (9,20) (7,19) (6,18) (5,16) (2,8) (1,5) (0,1) (72,34) (10,20) (71,33) (40,26) (11,19) (39,25) (12,18) (13,17) (38,24) (14,16) (15,13) (37,21) (16,10) (36,19) (17,8) (35,16) (18,4) (34,13) (19,2) (33,9) (20,-2) (32,6) (21,-6) 
(99,24) (73,36) (9,20) (7,19) (6,18) (5,16) (2,8) (1,5) (0,1) (72,34) (10,20) (71,33) (40,26) (11,19) (70,31) (41,25) (42,25) (69,26) (43,24) (44,24) (68,22) (45,22) (67,18) (47,20) (46,20) (66,16) (48,18) (65,14) (49,16) (64,11) (50,13) 
(99,24) (73,36) (9,20) (7,19) (6,18) (5,16) (2,8) (1,5) (0,1) (72,34) (10,20) (71,33) (40,26) (11,19) (70,31) (41,25) (42,25) (69,26) (43,24) (44,24) (68,22) (45,22) (67,18) (47,20) (46,20) (66,16) (48,18) (65,14) (49,16) (64,11) (50,13) (51,9) (52,7) (53,5) (54,3) (55,2) (56,1) (57,0) (58,0) (59,0) (60,2) (61,4) (62,6) (63,9) 
TD 14 :
(99,24) (73,36) (9,20) (7,19) (6,18) (5,16) (2,8) (1,5) (0,1) (72,34) (10,20) (71,33) (40,26) (11,19) (39,25) (12,18) (13,17) (38,24) (14,16) (15,13) (37,21) (16,10) (36,19) (17,8) (35,16) (18,4) (34,13) (19,2) (33,9) (20,-2) (32,6) (21,-6) (31,3) (22,-8) (23,-8) (24,-9) (25,-10) (26,-9) (27,-8) (28,-6) (29,-3) (30,1) 
(99,24) (73,36) (9,20) (7,19) (6,18) (5,16) (2,8) (1,5) (0,1) (72,34) (10,20) (71,33) (40,26) (11,19) (39,25) (12,18) (13,17) (38,24) (14,16) (15,13) (37,21) (16,10) (36,19) (17,8) (35,16) (18,4) (34,13) (19,2) (33,9) (20,-2) (32,6) (21,-6) (31,3) (22,-8) 
(99,24) (73,36) (9,20) (7,19) (6,18) (5,16) (2,8) (1,5) (0,1) (72,34) (10,20) (71,33) (40,26) (11,19) (70,31) (41,25) (42,25) (69,26) (43,24) (44,24) (68,22) (45,22) (67,18) (47,20) (46,20) (66,16) (48,18) (65,14) (49,16) (64,11) (50,13) (63,9) (51,9) 
(99,24) (73,36) (9,20) (7,19) (6,18) (5,16) (2,8) (1,5) (0,1) (72,34) (10,20) (71,33) (40,26) (11,19) (70,31) (41,25) (42,25) (69,26) (43,24) (44,24) (68,22) (45,22) (67,18) (47,20) (46,20) (66,16) (48,18) (65,14) (49,16) (64,11) (50,13) (63,9) (51,9) (52,7) (53,5) (54,3) (55,2) (56,1) (57,0) (58,0) (59,0) (60,2) (61,4) (62,6) 
TD 15 :
(99,24) (73,36) (9,20) (7,19) (6,18) (5,16) (2,8) (1,5) (0,1) (72,34) (10,20) (71,33) (40,26) (11,19) (39,25) (12,18) (13,17) (38,24) (14,16) (15,13) (37,21) (16,10) (36,19) (17,8) (35,16) (18,4) (34,13) (19,2) (33,9) (20,-2) (32,6) (21,-6) (31,3) (22,-8) (30,1) (23,-8) (24,-9) (25,-10) (26,-9) (27,-8) (28,-6) (29,-3) 
(99,24) (73,36) (9,20) (7,19) (6,18) (5,16) (2,8) (1,5) (0,1) (72,34) (10,20) (71,33) (40,26) (11,19) (39,25) (12,18) (13,17) (38,24) (14,16) (15,13) (37,21) (16,10) (36,19) (17,8) (35,16) (18,4) (34,13) (19,2) (33,9) (20,-2) (32,6) (21,-6) (31,3) (22,-8) (30,1) (23,-8) 
(99,24) (73,36) (9,20) (7,19) (6,18) (5,16) (2,8) (1,5) (0,1) (72,34) (10,20) (71,33) (40,26) (11,19) (70,31) (41,25) (42,25) (69,26) (43,24) (44,24) (68,22) (45,22) (67,18) (47,20) (46,20) (66,16) (48,18) (65,14) (49,16) (64,11) (50,13) (63,9) (51,9) (62,6) (52,7) 
(99,24) (73,36) (9,20) (7,19) (6,18) (5,16) (2,8) (1,5) (0,1) (72,34) (10,20) (71,33) (40,26) (11,19) (70,31) (41,25) (42,25) (69,26) (43,24) (44,24) (68,22) (45,22) (67,18) (47,20) (46,20) (66,16) (48,18) (65,14) (49,16) (64,11) (50,13) (63,9) (51,9) (62,6) (52,7) (53,5) (54,3) (55,2) (56,1) (57,0) (58,0) (59,0) (60,2) (61,4) 
TD 16 :
(99,24) (73,36) (9,20) (7,19) (6,18) (5,16) (2,8) (1,5) (0,1) (72,34) (10,20) (71,33) (40,26) (11,19) (39,25) (12,18) (13,17) (38,24) (14,16) (15,13) (37,21) (16,10) (36,19) (17,8) (35,16) (18,4) (34,13) (19,2) (33,9) (20,-2) (32,6) (21,-6) (31,3) (22,-8) (30,1) (23,-8) (29,-3) (24,-9) (25,-10) (26,-9) (27,-8) (28,-6) 
(99,24) (73,36) (9,20) (7,19) (6,18) (5,16) (2,8) (1,5) (0,1) (72,34) (10,20) (71,33) (40,26) (11,19) (39,25) (12,18) (13,17) (38,24) (14,16) (15,13) (37,21) (16,10) (36,19) (17,8) (35,16) (18,4) (34,13) (19,2) (33,9) (20,-2) (32,6) (21,-6) (31,3) (22,-8) (30,1) (23,-8) (29,-3) (24,-9) 
(99,24) (73,36) (9,20) (7,19) (6,18) (5,16) (2,8) (1,5) (0,1) (72,34) (10,20) (71,33) (40,26) (11,19) (70,31) (41,25) (42,25) (69,26) (43,24) (44,24) (68,22) (45,22) (67,18) (47,20) (46,20) (66,16) (48,18) (65,14) (49,16) (64,11) (50,13) (63,9) (51,9) (62,6) (52,7) (61,4) (53,5) 
(99,24) (73,36) (9,20) (7,19) (6,18) (5,16) (2,8) (1,5) (0,1) (72,34) (10,20) (71,33) (40,26) (11,19) (70,31) (41,25) (42,25) (69,26) (43,24) (44,24) (68,22) (45,22) (67,18) (47,20) (46,20) (66,16) (48,18) (65,14) (49,16) (64,11) (50,13) (63,9) (51,9) (62,6) (52,7) (61,4) (53,5) (54,3) (55,2) (56,1) (57,0) (58,0) (59,0) (60,2) 
TD 17 :
(99,24) (73,36) (9,20) (7,19) (6,18) (5,16) (2,8) (1,5) (0,1) (72,34) (10,20) (71,33) (40,26) (11,19) (39,25) (12,18) (13,17) (38,24) (14,16) (15,13) (37,21) (16,10) (36,19) (17,8) (35,16) (18,4) (34,13) (19,2) (33,9) (20,-2) (32,6) (21,-6) (31,3) (22,-8) (30,1) (23,-8) (29,-3) (24,-9) (28,-6) (25,-10) (26,-9) (27,-8) 
(99,24) (73,36) (9,20) (7,19) (6,18) (5,16) (2,8) (1,5) (0,1) (72,34) (10,20) (71,33) (40,26) (11,19) (39,25) (12,18) (13,17) (38,24) (14,16) (15,13) (37,21) (16,10) (36,19) (17,8) (35,16) (18,4) (34,13) (19,2) (33,9) (20,-2) (32,6) (21,-6) (31,3) (22,-8) (30,1) (23,-8) (29,-3) (24,-9) (28,-6) (25,-10) 
(99,24) (73,36) (9,20) (7,19) (6,18) (5,16) (2,8) (1,5) (0,1) (72,34) (10,20) (71,33) (40,26) (11,19) (70,31) (41,25) (42,25) (69,26) (43,24) (44,24) (68,22) (45,22) (67,18) (47,20) (46,20) (66,16) (48,18) (65,14) (49,16) (64,11) (50,13) (63,9) (51,9) (62,6) (52,7) (61,4) (53,5) (60,2) (54,3) 
(99,24) (73,36) (9,20) (7,19) (6,18) (5,16) (2,8) (1,5) (0,1) (72,34) (10,20) (71,33) (40,26) (11,19) (70,31) (41,25) (42,25) (69,26) (43,24) (44,24) (68,22) (45,22) (67,18) (47,20) (46,20) (66,16) (48,18) (65,14) (49,16) (64,11) (50,13) (63,9) (51,9) (62,6) (52,7) (61,4) (53,5) (60,2) (54,3) (55,2) (56,1) (57,0) (58,0) (59,0) 
TD 18 :
(99,24) (73,36) (9,20) (7,19) (6,18) (5,16) (2,8) (1,5) (0,1) (72,34) (10,20) (71,33) (40,26) (11,19) (39,25) (12,18) (13,17) (38,24) (14,16) (15,13) (37,21) (16,10) (36,19) (17,8) (35,16) (18,4) (34,13) (19,2) (33,9) (20,-2) (32,6) (21,-6) (31,3) (22,-8) (30,1) (23,-8) (29,-3) (24,-9) (28,-6) (25,-10) (27,-8) (26,-9) 
(99,24) (73,36) (9,20) (7,19) (6,18) (5,16) (2,8) (1,5) (0,1) (72,34) (10,20) (71,33) (40,26) (11,19) (39,25) (12,18) (13,17) (38,24) (14,16) (15,13) (37,21) (16,10) (36,19) (17,8) (35,16) (18,4) (34,13) (19,2) (33,9) (20,-2) (32,6) (21,-6) (31,3) (22,-8) (30,1) (23,-8) (29,-3) (24,-9) (28,-6) (25,-10) (27,-8) (26,-9) 
(99,24) (73,36) (9,20) (7,19) (6,18) (5,16) (2,8) (1,5) (0,1) (72,34) (10,20) (71,33) (40,26) (11,19) (70,31) (41,25) (42,25) (69,26) (43,24) (44,24) (68,22) (45,22) (67,18) (47,20) (46,20) (66,16) (48,18) (65,14) (49,16) (64,11) (50,13) (63,9) (51,9) (62,6) (52,7) (61,4) (53,5) (60,2) (54,3) (59,0) (55,2) 
(99,24) (73,36) (9,20) (7,19) (6,18) (5,16) (2,8) (1,5) (0,1) (72,34) (10,20) (71,33) (40,26) (11,19) (70,31) (41,25) (42,25) (69,26) (43,24) (44,24) (68,22) (45,22) (67,18) (47,20) (46,20) (66,16) (48,18) (65,14) (49,16) (64,11) (50,13) (63,9) (51,9) (62,6) (52,7) (61,4) (53,5) (60,2) (54,3) (59,0) (55,2) (56,1) (57,0) (58,0) 
TD 19 :
(99,24) (73,36) (9,20) (7,19) (6,18) (5,16) (2,8) (1,5) (0,1) (72,34) (10,20) (71,33) (40,26) (11,19) (70,31) (41,25) (42,25) (69,26) (43,24) (44,24) (68,22) (45,22) (67,18) (47,20) (46,20) (66,16) (48,18) (65,14) (49,16) (64,11) (50,13) (63,9) (51,9) (62,6) (52,7) (61,4) (53,5) (60,2) (54,3) (59,0) (55,2) (58,0) (56,1) (57,0) 
Pocket 0 :
()
Pocket 1 :
({  (0,1) ,(1,5) } {  (0,1) ,(1,5) } {  (0,1) ,(1,5) } {  (0,1) ,(1,5) } {  (0,1) ,(1,5) } {  (0,1) ,(1,5) } {  (0,1) ,(1,5) } {  (0,1) ,(1,5) } {  (0,1) ,(1,5) } {  (0,1) ,(1,5) } {  (0,1) ,(1,5) } {  (0,1) ,(1,5) } {  (0,1) ,(1,5) } {  (0,1) ,(1,5) } {  (0,1) ,(1,5) } {  (0,1) ,(1,5) } )
Pocket 2 :
({  (3,9) ,(0,1) } {  (99,24) ,(4,13) } {  (3,9) ,(0,1) } {  (99,24) ,(4,13) } {  (99,24) ,(8,19) } {  (99,24) ,(8,19) } {  (11,19) ,(10,20) } {  (11,19) ,(10,20) } {  (11,19) ,(10,20) } {  (75,34) ,(74,34) } {  (75,34) ,(74,34) } {  (75,34) ,(74,34) } {  (75,34) ,(74,34) } )
Pocket 3 :
({  (11,19) ,(10,20) } {  (41,25) ,(40,26) } {  (11,19) ,(10,20) } {  (41,25) ,(40,26) } {  (11,19) ,(10,20) } {  (41,25) ,(40,26) } {  (78,32) ,(77,33) } {  (78,32) ,(77,33) } )
Pocket 4 :
({  (12,18) ,(11,19) } {  (99,24) ,(39,25) } {  (12,18) ,(11,19) } {  (99,24) ,(39,25) } {  (99,24) ,(70,31) } {  (99,24) ,(70,31) } {  (79,30) ,(78,32) } {  (79,30) ,(78,32) } )
Pocket 5 :
({  (13,17) ,(12,18) } {  (42,25) ,(41,25) } {  (42,25) ,(41,25) } {  (80,28) ,(79,30) } {  (80,28) ,(79,30) } )
Pocket 6 :
({  (14,16) ,(13,17) } {  (99,24) ,(38,24) } {  (14,16) ,(13,17) } {  (99,24) ,(38,24) } {  (43,24) ,(42,25) } {  (43,24) ,(42,25) } {  (81,23) ,(80,28) } {  (81,23) ,(80,28) } )
Pocket 7 :
({  (15,13) ,(14,16) } {  (44,24) ,(43,24) } {  (44,24) ,(43,24) } {  (44,24) ,(43,24) } {  (82,21) ,(81,23) } {  (82,21) ,(81,23) } )
Pocket 8 :
({  (16,10) ,(15,13) } {  (99,24) ,(37,21) } {  (16,10) ,(15,13) } {  (99,24) ,(37,21) } {  (45,22) ,(44,24) } {  (45,22) ,(44,24) } {  (83,19) ,(82,21) } {  (83,19) ,(82,21) } )
Pocket 9 :
({  (17,8) ,(16,10) } {  (99,24) ,(36,19) } {  (17,8) ,(16,10) } {  (99,24) ,(36,19) } {  (46,20) ,(45,22) } {  (46,20) ,(45,22) } {  (46,20) ,(45,22) } {  (84,15) ,(83,19) } {  (84,15) ,(83,19) } )
Pocket 10 :
({  (18,4) ,(17,8) } {  (99,24) ,(35,16) } {  (18,4) ,(17,8) } {  (99,24) ,(35,16) } {  (47,20) ,(46,20) } {  (47,20) ,(46,20) } {  (47,20) ,(46,20) } {  (47,20) ,(46,20) } {  (85,13) ,(84,15) } {  (85,13) ,(84,15) } )
Pocket 11 :
({  (19,2) ,(18,4) } {  (99,24) ,(34,13) } {  (19,2) ,(18,4) } {  (99,24) ,(34,13) } {  (49,16) ,(48,18) } {  (49,16) ,(48,18) } {  (49,16) ,(48,18) } {  (86,11) ,(85,13) } {  (86,11) ,(85,13) } {  (86,11) ,(85,13) } {  (86,11) ,(85,13) } )
Pocket 12 :
({  (20,-2) ,(19,2) } {  (99,24) ,(33,9) } {  (20,-2) ,(19,2) } {  (99,24) ,(33,9) } {  (50,13) ,(49,16) } {  (50,13) ,(49,16) } {  (50,13) ,(49,16) } {  (99,24) ,(87,8) } )
Pocket 13 :
({  (21,-6) ,(20,-2) } {  (99,24) ,(32,6) } {  (21,-6) ,(20,-2) } {  (99,24) ,(32,6) } {  (51,9) ,(50,13) } {  (51,9) ,(50,13) } )
Pocket 14 :
({  (22,-8) ,(21,-6) } {  (99,24) ,(31,3) } {  (22,-8) ,(21,-6) } {  (99,24) ,(31,3) } {  (52,7) ,(51,9) } {  (52,7) ,(51,9) } )
Pocket 15 :
({  (23,-8) ,(22,-8) } {  (99,24) ,(30,1) } {  (23,-8) ,(22,-8) } {  (99,24) ,(30,1) } {  (53,5) ,(52,7) } {  (53,5) ,(52,7) } )
Pocket 16 :
({  (24,-9) ,(23,-8) } {  (99,24) ,(29,-3) } {  (24,-9) ,(23,-8) } {  (99,24) ,(29,-3) } {  (54,3) ,(53,5) } {  (54,3) ,(53,5) } )
Pocket 17 :
({  (25,-10) ,(24,-9) } {  (99,24) ,(28,-6) } {  (25,-10) ,(24,-9) } {  (99,24) ,(28,-6) } {  (55,2) ,(54,3) } {  (55,2) ,(54,3) } )
Pocket 18 :
({  (26,-9) ,(25,-10) } {  (99,24) ,(27,-8) } {  (26,-9) ,(25,-10) } {  (99,24) ,(27,-8) } {  (56,1) ,(55,2) } {  (56,1) ,(55,2) } )
