147 layers in onion peeling: 
Layer 1
(999,1) (760,167) (753,168) (84,148) (58,140) (47,118) (46,116) (36,94) (16,42) (6,16) (0,-1) 
Layer 2
(998,0) (996,3) (762,163) (754,166) (88,148) (59,139) (45,113) (43,109) (37,94) (15,38) (5,12) (1,-1) 
Layer 3
(997,1) (761,163) (758,164) (755,165) (752,165) (85,146) (82,145) (60,137) (57,135) (48,118) (44,110) (41,103) (38,96) (19,48) (12,30) (4,8) (2,1) 
Layer 4
(995,-1) (759,163) (757,163) (87,145) (83,144) (56,133) (52,125) (50,121) (42,105) (39,98) (14,35) (3,4) 
Layer 5
(994,-1) (767,156) (763,158) (756,160) (81,142) (61,134) (55,129) (51,121) (40,99) (34,85) (13,31) (8,18) (7,15) 
Layer 6
(993,-3) (766,156) (765,156) (86,142) (63,134) (62,133) (54,124) (49,116) (35,87) (18,43) (9,19) 
Layer 7
(992,-9) (780,144) (764,155) (748,155) (91,140) (80,139) (70,134) (64,131) (53,122) (31,75) (22,53) (20,48) (11,24) (10,19) 
Layer 8
(991,-11) (774,147) (768,151) (751,154) (750,154) (89,139) (79,138) (72,133) (71,132) (68,128) (65,124) (32,77) (29,70) (21,50) (17,36) 
Layer 9
(990,-13) (779,143) (776,145) (769,149) (749,152) (736,152) (90,139) (78,134) (69,129) (33,78) (30,72) (28,67) (26,62) (24,57) (23,51) 
Layer 10
(989,-15) (796,130) (771,147) (747,151) (746,151) (739,151) (92,138) (77,132) (67,125) (66,124) (27,63) (25,59) 
Layer 11
(988,-20) (787,136) (770,147) (740,150) (93,137) (76,131) (74,129) (73,128) 
Layer 12
(987,-20) (788,135) (777,142) (775,143) (772,144) (745,148) (738,149) (95,137) (75,127) 
Layer 13
(986,-26) (794,130) (778,141) (773,143) (737,148) (735,148) (100,137) (96,136) (94,133) 
Layer 14
(985,-32) (795,128) (781,138) (734,147) (97,136) 
Layer 15
(984,-38) (797,126) (782,137) (744,145) (99,136) (98,135) 
Layer 16
(983,-40) (798,124) (789,131) (786,133) (743,143) (742,143) (102,136) (101,134) 
Layer 17
(982,-43) (799,122) (790,129) (785,132) (741,142) (733,142) (105,133) (103,131) 
Layer 18
(981,-47) (792,126) (783,132) (732,140) (104,130) 
Layer 19
(980,-49) (979,-46) (793,125) (791,126) (784,128) (731,137) (106,128) 
Layer 20
(978,-47) (802,116) (730,136) (729,136) (109,127) (107,124) 
Layer 21
(977,-49) (803,115) (800,116) (728,134) (108,125) 
Layer 22
(976,-55) (804,113) (801,115) (727,133) (110,123) 
Layer 23
(975,-56) (809,103) (805,106) (725,128) (722,128) (111,122) 
Layer 24
(974,-57) (806,105) (726,127) (112,116) 
Layer 25
(973,-65) (972,-62) (810,101) (808,103) (723,125) (114,114) (113,112) 
Layer 26
(971,-70) (807,100) (724,124) (721,124) (119,114) (115,112) 
Layer 27
(970,-69) (815,89) (812,92) (811,93) (720,119) (719,119) (117,112) (116,110) 
Layer 28
(969,-74) (816,85) (814,87) (813,88) (718,116) (118,110) 
Layer 29
(968,-78) (817,80) (715,114) (714,114) (120,108) 
Layer 30
(967,-78) (821,75) (818,78) (717,113) (716,113) (121,107) 
Layer 31
(966,-78) (820,75) (713,110) (122,103) 
Layer 32
(965,-79) (819,75) (712,106) (126,103) (123,102) 
Layer 33
(964,-80) (822,71) (711,101) (125,99) (124,98) 
Layer 34
(963,-85) (831,59) (825,65) (710,98) (128,98) (127,97) 
Layer 35
(962,-87) (832,57) (823,65) (709,93) (129,96) 
Layer 36
(961,-88) (960,-86) (826,62) (824,63) (705,92) (130,94) 
Layer 37
(959,-89) (833,54) (827,57) (704,92) (131,86) 
Layer 38
(958,-89) (834,50) (830,53) (708,87) (132,83) 
Layer 39
(957,-90) (835,46) (828,52) (706,86) (133,81) 
Layer 40
(956,-96) (841,36) (829,49) (707,84) (703,84) (134,81) 
Layer 41
(955,-98) (843,33) (836,41) (702,78) (424,82) (421,82) (135,78) 
Layer 42
(954,-101) (953,-99) (837,38) (701,75) (425,81) (422,81) (136,69) 
Layer 43
(952,-102) (846,27) (840,33) (839,34) (838,35) (700,73) (427,80) (426,80) (423,80) (137,63) 
Layer 44
(951,-102) (844,27) (842,29) (699,72) (428,78) (420,78) (138,57) 
Layer 45
(950,-107) (847,23) (845,25) (697,68) (419,77) (140,55) (139,54) 
Layer 46
(949,-110) (848,17) (698,63) (429,74) (418,74) (141,50) 
Layer 47
(948,-111) (849,14) (696,63) (430,71) (417,71) (416,71) (142,48) 
Layer 48
(947,-112) (851,11) (695,60) (415,69) (143,45) 
Layer 49
(946,-116) (945,-112) (850,11) (693,52) (431,68) (144,36) 
Layer 50
(944,-117) (852,6) (694,51) (432,66) (414,65) (145,26) 
Layer 51
(943,-119) (853,-1) (692,47) (435,63) (413,63) (397,62) (146,22) 
Layer 52
(942,-124) (856,-8) (854,-6) (691,44) (440,61) (396,61) (395,61) (147,16) 
Layer 53
(941,-124) (855,-8) (690,41) (436,60) (434,60) (412,60) (402,59) (391,57) (148,12) 
Layer 54
(940,-124) (857,-11) (689,36) (441,59) (439,59) (438,59) (433,59) (410,58) (392,57) (149,9) 
Layer 55
(939,-125) (938,-122) (858,-15) (688,33) (445,58) (443,58) (411,58) (393,57) (150,1) 
Layer 56
(937,-123) (859,-20) (687,29) (447,57) (446,57) (401,57) (394,56) (151,-3) 
Layer 57
(936,-123) (935,-121) (860,-23) (686,28) (444,56) (405,56) (403,56) (399,56) (152,-8) 
Layer 58
(934,-126) (861,-26) (685,25) (442,55) (406,55) (404,55) (398,55) (390,53) (153,-9) 
Layer 59
(933,-128) (932,-126) (864,-31) (862,-29) (683,21) (437,54) (400,53) (385,51) (154,-15) 
Layer 60
(931,-125) (863,-34) (684,20) (448,52) (407,53) (384,50) (156,-17) (155,-18) 
Layer 61
(930,-130) (928,-127) (865,-37) (682,13) (449,49) (408,51) (386,50) (158,-18) (157,-19) 
Layer 62
(929,-129) (927,-126) (867,-40) (681,11) (452,45) (409,50) (381,48) (159,-18) 
Layer 63
(926,-127) (925,-124) (866,-40) (680,10) (451,44) (387,48) (383,47) (160,-21) 
Layer 64
(924,-129) (923,-127) (918,-118) (868,-44) (679,8) (450,44) (388,47) (380,46) (161,-21) 
Layer 65
(922,-126) (919,-120) (869,-47) (678,6) (454,40) (389,45) (382,44) (378,43) (162,-26) 
Layer 66
(921,-127) (920,-124) (870,-50) (677,5) (455,39) (379,43) (163,-34) 
Layer 67
(917,-121) (871,-52) (676,4) (453,38) (377,41) (376,41) (164,-34) 
Layer 68
(916,-122) (878,-63) (872,-57) (675,3) (456,37) (375,36) (165,-34) 
Layer 69
(915,-130) (875,-61) (873,-60) (672,1) (458,30) (374,27) (166,-34) 
Layer 70
(914,-129) (876,-63) (874,-61) (671,1) (457,29) (373,24) (167,-37) 
Layer 71
(913,-129) (880,-70) (877,-65) (674,-1) (459,28) (372,21) (168,-37) 
Layer 72
(912,-132) (907,-121) (881,-73) (879,-70) (670,-1) (460,21) (370,18) (169,-42) 
Layer 73
(911,-132) (910,-130) (908,-126) (883,-77) (882,-76) (673,-2) (461,20) (371,18) (171,-48) (170,-50) 
Layer 74
(909,-130) (906,-123) (884,-79) (669,-7) (462,16) (369,17) (172,-54) 
Layer 75
(905,-124) (904,-121) (888,-89) (886,-85) (885,-83) (668,-9) (463,13) (368,12) (173,-60) 
Layer 76
(903,-127) (892,-100) (887,-91) (667,-10) (464,10) (367,9) (174,-61) 
Layer 77
(902,-128) (891,-99) (889,-95) (666,-13) (467,9) (366,4) (175,-63) 
Layer 78
(901,-127) (899,-121) (890,-98) (665,-18) (465,6) (365,-4) (176,-67) 
Layer 79
(900,-126) (898,-120) (895,-111) (893,-108) (664,-28) (468,4) (364,-10) (177,-67) 
Layer 80
(897,-123) (896,-118) (894,-110) (663,-36) (466,3) (363,-16) (178,-72) 
Layer 81
(662,-46) (469,1) (362,-20) (179,-79) 
Layer 82
(661,-52) (659,-51) (473,0) (361,-22) (180,-82) 
Layer 83
(660,-53) (475,-2) (359,-24) (181,-85) 
Layer 84
(658,-57) (476,-4) (472,-4) (471,-4) (470,-4) (360,-25) (182,-94) 
Layer 85
(657,-63) (474,-6) (358,-31) (183,-101) 
Layer 86
(656,-68) (655,-66) (481,-10) (477,-9) (357,-32) (184,-107) 
Layer 87
(654,-69) (478,-10) (356,-36) (185,-110) 
Layer 88
(653,-70) (480,-11) (355,-38) (187,-118) (186,-119) 
Layer 89
(652,-73) (479,-13) (354,-40) (188,-119) 
Layer 90
(651,-80) (482,-18) (353,-44) (189,-121) 
Layer 91
(650,-85) (483,-24) (351,-47) (190,-126) 
Layer 92
(649,-85) (487,-26) (352,-49) (191,-126) 
Layer 93
(648,-86) (490,-29) (486,-28) (350,-50) (192,-135) 
Layer 94
(647,-90) (489,-30) (485,-29) (348,-52) (193,-137) 
Layer 95
(646,-96) (491,-32) (484,-30) (349,-53) (194,-142) 
Layer 96
(645,-98) (488,-32) (345,-60) (195,-143) 
Layer 97
(644,-102) (492,-34) (346,-60) (198,-145) (197,-146) (196,-148) 
Layer 98
(643,-103) (493,-36) (347,-61) (342,-63) (199,-150) 
Layer 99
(642,-109) (641,-106) (496,-39) (494,-39) (343,-63) (203,-149) (200,-153) 
Layer 100
(640,-112) (495,-41) (344,-63) (202,-151) (201,-154) 
Layer 101
(639,-118) (497,-46) (340,-69) (204,-155) 
Layer 102
(638,-119) (498,-48) (341,-69) (206,-156) (205,-159) 
Layer 103
(637,-120) (499,-56) (339,-71) (207,-163) 
Layer 104
(636,-122) (635,-121) (501,-62) (500,-62) (338,-84) (208,-171) 
Layer 105
(634,-123) (502,-66) (337,-88) (209,-178) 
Layer 106
(633,-127) (507,-72) (335,-91) (210,-181) 
Layer 107
(632,-130) (506,-73) (503,-73) (336,-93) (333,-95) (211,-185) 
Layer 108
(631,-134) (630,-133) (508,-77) (505,-76) (504,-76) (334,-95) (212,-188) 
Layer 109
(629,-137) (509,-83) (332,-102) (214,-189) (213,-194) 
Layer 110
(628,-145) (510,-84) (331,-103) (216,-189) (215,-190) 
Layer 111
(627,-149) (511,-85) (330,-106) (219,-195) (218,-196) (217,-197) 
Layer 112
(626,-153) (512,-91) (329,-109) (221,-197) (220,-198) 
Layer 113
(625,-154) (513,-92) (328,-111) (222,-200) 
Layer 114
(624,-156) (515,-94) (327,-113) (223,-206) 
Layer 115
(623,-165) (514,-95) (326,-114) (224,-210) 
Layer 116
(622,-170) (516,-98) (325,-115) (225,-213) 
Layer 117
(621,-172) (617,-168) (517,-100) (323,-121) (226,-214) 
Layer 118
(620,-173) (619,-172) (618,-171) (518,-103) (324,-121) (230,-212) (229,-213) (228,-214) (227,-220) 
Layer 119
(616,-172) (523,-107) (521,-107) (519,-107) (322,-123) (231,-215) 
Layer 120
(615,-175) (522,-109) (520,-108) (321,-125) (320,-126) (232,-221) 
Layer 121
(614,-176) (527,-113) (524,-111) (319,-132) (235,-222) (234,-224) (233,-228) 
Layer 122
(613,-182) (528,-114) (525,-112) (318,-136) (237,-220) (236,-224) 
Layer 123
(612,-183) (526,-116) (317,-140) (239,-222) (238,-224) 
Layer 124
(611,-184) (529,-119) (316,-147) (240,-224) 
Layer 125
(610,-186) (530,-122) (314,-150) (242,-225) (241,-228) 
Layer 126
(609,-186) (531,-126) (315,-150) (312,-153) (310,-155) (308,-157) (307,-158) (243,-227) 
Layer 127
(608,-192) (532,-128) (313,-153) (311,-155) (245,-228) (244,-232) 
Layer 128
(607,-196) (606,-195) (534,-130) (533,-130) (309,-158) (246,-228) 
Layer 129
(605,-198) (535,-134) (306,-163) (305,-164) (250,-226) (249,-228) (247,-232) 
Layer 130
(604,-202) (536,-142) (304,-166) (251,-229) (248,-233) 
Layer 131
(603,-205) (540,-147) (537,-145) (303,-169) (252,-232) 
Layer 132
(602,-206) (538,-146) (302,-175) (253,-233) 
Layer 133
(601,-209) (542,-151) (539,-150) (301,-178) (255,-233) (254,-236) 
Layer 134
(600,-211) (599,-209) (541,-151) (300,-182) (259,-231) (257,-235) (256,-238) 
Layer 135
(598,-211) (594,-205) (544,-158) (299,-184) (258,-235) 
Layer 136
(597,-214) (596,-211) (593,-207) (545,-159) (543,-159) (298,-189) (260,-234) 
Layer 137
(595,-211) (546,-163) (297,-194) (261,-235) 
Layer 138
(592,-209) (591,-208) (590,-207) (547,-166) (296,-200) (278,-217) (262,-234) 
Layer 139
(589,-207) (548,-167) (295,-207) (287,-211) (269,-227) (263,-235) 
Layer 140
(588,-215) (587,-211) (581,-201) (549,-170) (290,-213) (277,-220) (270,-227) (267,-231) (264,-236) 
Layer 141
(586,-211) (582,-206) (574,-196) (570,-191) (550,-176) (291,-213) (284,-217) (279,-220) (268,-230) (266,-234) (265,-237) 
Layer 142
(585,-212) (584,-209) (573,-196) (571,-194) (551,-177) (289,-215) (286,-216) (283,-218) (275,-225) (271,-231) 
Layer 143
(583,-209) (580,-205) (575,-199) (567,-191) (552,-179) (292,-216) (285,-217) (276,-225) (274,-227) (272,-231) 
Layer 144
(579,-210) (578,-206) (577,-204) (576,-202) (572,-197) (554,-184) (553,-184) (288,-217) (282,-220) (273,-230) 
Layer 145
(569,-196) (566,-193) (555,-189) (294,-218) (281,-225) (280,-226) 
Layer 146
(568,-198) (565,-195) (562,-192) (561,-192) (556,-192) (293,-221) 
Layer 147
(564,-198) (563,-197) (560,-195) (557,-196) 
---------------------------------------------------------------------------------------
TD 0 :
(999,1) (998,0) (997,1) (996,3) (995,-1) (994,-1) (993,-3) (992,-9) (991,-11) (990,-13) (989,-15) (988,-20) (987,-20) (986,-26) (985,-32) (984,-38) (983,-40) (982,-43) (981,-47) (980,-49) (979,-46) (978,-47) (977,-49) (976,-55) (975,-56) (974,-57) (973,-65) (972,-62) (971,-70) (970,-69) (969,-74) (968,-78) (967,-78) (966,-78) (965,-79) (964,-80) (963,-85) (962,-87) (961,-88) (960,-86) (959,-89) (958,-89) (957,-90) (956,-96) (955,-98) (954,-101) (953,-99) (952,-102) (951,-102) (950,-107) (949,-110) (948,-111) (947,-112) (946,-116) (945,-112) (944,-117) (943,-119) (942,-124) (941,-124) (940,-124) (939,-125) (938,-122) (937,-123) (936,-123) (935,-121) (934,-126) (933,-128) (932,-126) (931,-125) (930,-130) (929,-129) (928,-127) (927,-126) (926,-127) (925,-124) (924,-129) (923,-127) (922,-126) (921,-127) (920,-124) (919,-120) (918,-118) (917,-121) (916,-122) (915,-130) (914,-129) (913,-129) (912,-132) (911,-132) (910,-130) (909,-130) (908,-126) (907,-121) (906,-123) (905,-124) (904,-121) (903,-127) (902,-128) (901,-127) (900,-126) (899,-121) (898,-120) (897,-123) (896,-118) (895,-111) (894,-110) (893,-108) (892,-100) (891,-99) (890,-98) (889,-95) (888,-89) (887,-91) (886,-85) (885,-83) (884,-79) (883,-77) (882,-76) (881,-73) (880,-70) (879,-70) (878,-63) (877,-65) (876,-63) (875,-61) (874,-61) (873,-60) (872,-57) (871,-52) (870,-50) (869,-47) (868,-44) (867,-40) (866,-40) (865,-37) (864,-31) (863,-34) (862,-29) (861,-26) (860,-23) (859,-20) (858,-15) (857,-11) (856,-8) (855,-8) (854,-6) (853,-1) (852,6) (851,11) (850,11) (849,14) (848,17) (847,23) (846,27) (845,25) (844,27) (843,33) (842,29) (841,36) (840,33) (839,34) (838,35) (837,38) (836,41) (835,46) (834,50) (833,54) (832,57) (831,59) (830,53) (829,49) (828,52) (827,57) (826,62) (825,65) (824,63) (823,65) (822,71) (821,75) (820,75) (819,75) (818,78) (817,80) (816,85) (815,89) (814,87) (813,88) (812,92) (811,93) (810,101) (809,103) (808,103) (807,100) (806,105) (805,106) (804,113) (803,115) (802,116) (801,115) (800,116) (799,122) (798,124) (797,126) (796,130) (795,128) (794,130) (793,125) (792,126) (791,126) (790,129) (789,131) (788,135) (787,136) (786,133) (785,132) (784,128) (783,132) (782,137) (781,138) (780,144) (779,143) (778,141) (777,142) (776,145) (775,143) (774,147) (773,143) (772,144) (771,147) (770,147) (769,149) (768,151) (767,156) (766,156) (765,156) (764,155) (763,158) (762,163) (761,163) (760,167) (759,163) (758,164) (757,163) (756,160) (755,165) (754,166) (753,168) (752,165) (751,154) (750,154) (749,152) (748,155) (747,151) (746,151) (745,148) (744,145) (743,143) (742,143) (741,142) (740,150) (739,151) (738,149) (737,148) (736,152) (735,148) (734,147) (733,142) (732,140) (731,137) (730,136) (729,136) (728,134) (727,133) (726,127) (725,128) (724,124) (723,125) (722,128) (721,124) (720,119) (719,119) (718,116) (717,113) (716,113) (715,114) (714,114) (713,110) (712,106) (711,101) (710,98) (709,93) (708,87) (707,84) (706,86) (705,92) (704,92) (703,84) (702,78) (701,75) (700,73) (699,72) (698,63) (697,68) (696,63) (695,60) (694,51) (693,52) (692,47) (691,44) (690,41) (689,36) (688,33) (687,29) (686,28) (685,25) (684,20) (683,21) (682,13) (681,11) (680,10) (679,8) (678,6) (677,5) (676,4) (675,3) (674,-1) (673,-2) (672,1) (671,1) (670,-1) (669,-7) (668,-9) (667,-10) (666,-13) (665,-18) (664,-28) (663,-36) (662,-46) (661,-52) (660,-53) (659,-51) (658,-57) (657,-63) (656,-68) (655,-66) (654,-69) (653,-70) (652,-73) (651,-80) (650,-85) (649,-85) (648,-86) (647,-90) (646,-96) (645,-98) (644,-102) (643,-103) (642,-109) (641,-106) (640,-112) (639,-118) (638,-119) (637,-120) (636,-122) (635,-121) (634,-123) (633,-127) (632,-130) (631,-134) (630,-133) (629,-137) (628,-145) (627,-149) (626,-153) (625,-154) (624,-156) (623,-165) (622,-170) (621,-172) (620,-173) (619,-172) (618,-171) (617,-168) (616,-172) (615,-175) (614,-176) (613,-182) (612,-183) (611,-184) (610,-186) (609,-186) (608,-192) (607,-196) (606,-195) (605,-198) (604,-202) (603,-205) (602,-206) (601,-209) (600,-211) (599,-209) (598,-211) (597,-214) (596,-211) (595,-211) (594,-205) (593,-207) (592,-209) (591,-208) (590,-207) (589,-207) (588,-215) (587,-211) (586,-211) (585,-212) (584,-209) (583,-209) (582,-206) (581,-201) (580,-205) (579,-210) (578,-206) (577,-204) (576,-202) (575,-199) (574,-196) (573,-196) (572,-197) (571,-194) (570,-191) (569,-196) (568,-198) (567,-191) (566,-193) (565,-195) (564,-198) (563,-197) (562,-192) (561,-192) (560,-195) (559,-198) (558,-196) (557,-196) (556,-192) (555,-189) (554,-184) (553,-184) (552,-179) (551,-177) (550,-176) (549,-170) (548,-167) (547,-166) (546,-163) (545,-159) (544,-158) (543,-159) (542,-151) (541,-151) (540,-147) (539,-150) (538,-146) (537,-145) (536,-142) (535,-134) (534,-130) (533,-130) (532,-128) (531,-126) (530,-122) (529,-119) (528,-114) (527,-113) (526,-116) (525,-112) (524,-111) (523,-107) (522,-109) (521,-107) (520,-108) (519,-107) (518,-103) (517,-100) (516,-98) (515,-94) (514,-95) (513,-92) (512,-91) (511,-85) (510,-84) (509,-83) (508,-77) (507,-72) (506,-73) (505,-76) (504,-76) (503,-73) (502,-66) (501,-62) (500,-62) (499,-56) (498,-48) (497,-46) (496,-39) (495,-41) (494,-39) (493,-36) (492,-34) (491,-32) (490,-29) (489,-30) (488,-32) (487,-26) (486,-28) (485,-29) (484,-30) (483,-24) (482,-18) (481,-10) (480,-11) (479,-13) (478,-10) (477,-9) (476,-4) (475,-2) (474,-6) (473,0) (472,-4) (471,-4) (470,-4) (469,1) (468,4) (467,9) (466,3) (465,6) (464,10) (463,13) (462,16) (461,20) (460,21) (459,28) (458,30) (457,29) (456,37) (455,39) (454,40) (453,38) (452,45) (451,44) (450,44) (449,49) (448,52) (447,57) (446,57) (445,58) (444,56) (443,58) (442,55) (441,59) (440,61) (439,59) (438,59) (437,54) (436,60) (435,63) (434,60) (433,59) (432,66) (431,68) (430,71) (429,74) (428,78) (427,80) (426,80) (425,81) (424,82) (423,80) (422,81) (421,82) (420,78) (419,77) (418,74) (417,71) (416,71) (415,69) (414,65) (413,63) (412,60) (411,58) (410,58) (409,50) (408,51) (407,53) (406,55) (405,56) (404,55) (403,56) (402,59) (401,57) (400,53) (399,56) (398,55) (397,62) (396,61) (395,61) (394,56) (393,57) (392,57) (391,57) (390,53) (389,45) (388,47) (387,48) (386,50) (385,51) (384,50) (383,47) (382,44) (381,48) (380,46) (379,43) (378,43) (377,41) (376,41) (375,36) (374,27) (373,24) (372,21) (371,18) (370,18) (369,17) (368,12) (367,9) (366,4) (365,-4) (364,-10) (363,-16) (362,-20) (361,-22) (360,-25) (359,-24) (358,-31) (357,-32) (356,-36) (355,-38) (354,-40) (353,-44) (352,-49) (351,-47) (350,-50) (349,-53) (348,-52) (347,-61) (346,-60) (345,-60) (344,-63) (343,-63) (342,-63) (341,-69) (340,-69) (339,-71) (338,-84) (337,-88) (336,-93) (335,-91) (334,-95) (333,-95) (332,-102) (331,-103) (330,-106) (329,-109) (328,-111) (327,-113) (326,-114) (325,-115) (324,-121) (323,-121) (322,-123) (321,-125) (320,-126) (319,-132) (318,-136) (317,-140) (316,-147) (315,-150) (314,-150) (313,-153) (312,-153) (311,-155) (310,-155) (309,-158) (308,-157) (307,-158) (306,-163) (305,-164) (304,-166) (303,-169) (302,-175) (301,-178) (300,-182) (299,-184) (298,-189) (297,-194) (296,-200) (295,-207) (294,-218) (293,-221) (292,-216) (291,-213) (290,-213) (289,-215) (288,-217) (287,-211) (286,-216) (285,-217) (284,-217) (283,-218) (282,-220) (281,-225) (280,-226) (279,-220) (278,-217) (277,-220) (276,-225) (275,-225) (274,-227) (273,-230) (272,-231) (271,-231) (270,-227) (269,-227) (268,-230) (267,-231) (266,-234) (265,-237) (264,-236) (263,-235) (262,-234) (261,-235) (260,-234) (259,-231) (258,-235) (257,-235) (256,-238) (255,-233) (254,-236) (253,-233) (252,-232) (251,-229) (250,-226) (249,-228) (248,-233) (247,-232) (246,-228) (245,-228) (244,-232) (243,-227) (242,-225) (241,-228) (240,-224) (239,-222) (238,-224) (237,-220) (236,-224) (235,-222) (234,-224) (233,-228) (232,-221) (231,-215) (230,-212) (229,-213) (228,-214) (227,-220) (226,-214) (225,-213) (224,-210) (223,-206) (222,-200) (221,-197) (220,-198) (219,-195) (218,-196) (217,-197) (216,-189) (215,-190) (214,-189) (213,-194) (212,-188) (211,-185) (210,-181) (209,-178) (208,-171) (207,-163) (206,-156) (205,-159) (204,-155) (203,-149) (202,-151) (201,-154) (200,-153) (199,-150) (198,-145) (197,-146) (196,-148) (195,-143) (194,-142) (193,-137) (192,-135) (191,-126) (190,-126) (189,-121) (188,-119) (187,-118) (186,-119) (185,-110) (184,-107) (183,-101) (182,-94) (181,-85) (180,-82) (179,-79) (178,-72) (177,-67) (176,-67) (175,-63) (174,-61) (173,-60) (172,-54) (171,-48) (170,-50) (169,-42) (168,-37) (167,-37) (166,-34) (165,-34) (164,-34) (163,-34) (162,-26) (161,-21) (160,-21) (159,-18) (158,-18) (157,-19) (156,-17) (155,-18) (154,-15) (153,-9) (152,-8) (151,-3) (150,1) (149,9) (148,12) (147,16) (146,22) (145,26) (144,36) (143,45) (142,48) (141,50) (140,55) (139,54) (138,57) (137,63) (136,69) (135,78) (134,81) (133,81) (132,83) (131,86) (130,94) (129,96) (128,98) (127,97) (126,103) (125,99) (124,98) (123,102) (122,103) (121,107) (120,108) (119,114) (118,110) (117,112) (116,110) (115,112) (114,114) (113,112) (112,116) (111,122) (110,123) (109,127) (108,125) (107,124) (106,128) (105,133) (104,130) (103,131) (102,136) (101,134) (100,137) (99,136) (98,135) (97,136) (96,136) (95,137) (94,133) (93,137) (92,138) (91,140) (90,139) (89,139) (88,148) (87,145) (86,142) (85,146) (84,148) (83,144) (82,145) (81,142) (80,139) (79,138) (78,134) (77,132) (76,131) (75,127) (74,129) (73,128) (72,133) (71,132) (70,134) (69,129) (68,128) (67,125) (66,124) (65,124) (64,131) (63,134) (62,133) (61,134) (60,137) (59,139) (58,140) (57,135) (56,133) (55,129) (54,124) (53,122) (52,125) (51,121) (50,121) (49,116) (48,118) (47,118) (46,116) (45,113) (44,110) (43,109) (42,105) (41,103) (40,99) (39,98) (38,96) (37,94) (36,94) (35,87) (34,85) (33,78) (32,77) (31,75) (30,72) (29,70) (28,67) (27,63) (26,62) (25,59) (24,57) (23,51) (22,53) (21,50) (20,48) (19,48) (18,43) (17,36) (16,42) (15,38) (14,35) (13,31) (12,30) (11,24) (10,19) (9,19) (8,18) (7,15) (6,16) (5,12) (4,8) (3,4) (2,1) (1,-1) (0,-1) 
TD 1 :
(999,1) (760,167) (753,168) (84,148) (58,140) (47,118) (46,116) (36,94) (16,42) (6,16) (0,-1) (1,-1) (2,1) (3,4) (4,8) (5,12) 
(999,1) (760,167) (753,168) (84,148) (58,140) (47,118) (46,116) (36,94) (16,42) (6,16) (0,-1) (7,15) (8,18) (9,19) (10,19) (11,24) (12,30) (13,31) (14,35) (15,38) 
(999,1) (760,167) (753,168) (84,148) (58,140) (47,118) (46,116) (36,94) (16,42) (6,16) (0,-1) (17,36) (18,43) (19,48) (20,48) (21,50) (22,53) (23,51) (24,57) (25,59) (26,62) (27,63) (28,67) (29,70) (30,72) (31,75) (32,77) (33,78) (34,85) (35,87) 
(999,1) (760,167) (753,168) (84,148) (58,140) (47,118) (46,116) (36,94) (16,42) (6,16) (0,-1) (37,94) (38,96) (39,98) (40,99) (41,103) (42,105) (43,109) (44,110) (45,113) 
(999,1) (760,167) (753,168) (84,148) (58,140) (47,118) (46,116) (36,94) (16,42) (6,16) (0,-1) 
(999,1) (760,167) (753,168) (84,148) (58,140) (47,118) (46,116) (36,94) (16,42) (6,16) (0,-1) (48,118) (49,116) (50,121) (51,121) (52,125) (53,122) (54,124) (55,129) (56,133) (57,135) 
(999,1) (760,167) (753,168) (84,148) (58,140) (47,118) (46,116) (36,94) (16,42) (6,16) (0,-1) (59,139) (60,137) (61,134) (62,133) (63,134) (64,131) (65,124) (66,124) (67,125) (68,128) (69,129) (70,134) (71,132) (72,133) (73,128) (74,129) (75,127) (76,131) (77,132) (78,134) (79,138) (80,139) (81,142) (82,145) (83,144) 
(999,1) (760,167) (753,168) (84,148) (58,140) (47,118) (46,116) (36,94) (16,42) (6,16) (0,-1) (85,146) (86,142) (87,145) (88,148) (89,139) (90,139) (91,140) (92,138) (93,137) (94,133) (95,137) (96,136) (97,136) (98,135) (99,136) (100,137) (101,134) (102,136) (103,131) (104,130) (105,133) (106,128) (107,124) (108,125) (109,127) (110,123) (111,122) (112,116) (113,112) (114,114) (115,112) (116,110) (117,112) (118,110) (119,114) (120,108) (121,107) (122,103) (123,102) (124,98) (125,99) (126,103) (127,97) (128,98) (129,96) (130,94) (131,86) (132,83) (133,81) (134,81) (135,78) (136,69) (137,63) (138,57) (139,54) (140,55) (141,50) (142,48) (143,45) (144,36) (145,26) (146,22) (147,16) (148,12) (149,9) (150,1) (151,-3) (152,-8) (153,-9) (154,-15) (155,-18) (156,-17) (157,-19) (158,-18) (159,-18) (160,-21) (161,-21) (162,-26) (163,-34) (164,-34) (165,-34) (166,-34) (167,-37) (168,-37) (169,-42) (170,-50) (171,-48) (172,-54) (173,-60) (174,-61) (175,-63) (176,-67) (177,-67) (178,-72) (179,-79) (180,-82) (181,-85) (182,-94) (183,-101) (184,-107) (185,-110) (186,-119) (187,-118) (188,-119) (189,-121) (190,-126) (191,-126) (192,-135) (193,-137) (194,-142) (195,-143) (196,-148) (197,-146) (198,-145) (199,-150) (200,-153) (201,-154) (202,-151) (203,-149) (204,-155) (205,-159) (206,-156) (207,-163) (208,-171) (209,-178) (210,-181) (211,-185) (212,-188) (213,-194) (214,-189) (215,-190) (216,-189) (217,-197) (218,-196) (219,-195) (220,-198) (221,-197) (222,-200) (223,-206) (224,-210) (225,-213) (226,-214) (227,-220) (228,-214) (229,-213) (230,-212) (231,-215) (232,-221) (233,-228) (234,-224) (235,-222) (236,-224) (237,-220) (238,-224) (239,-222) (240,-224) (241,-228) (242,-225) (243,-227) (244,-232) (245,-228) (246,-228) (247,-232) (248,-233) (249,-228) (250,-226) (251,-229) (252,-232) (253,-233) (254,-236) (255,-233) (256,-238) (257,-235) (258,-235) (259,-231) (260,-234) (261,-235) (262,-234) (263,-235) (264,-236) (265,-237) (266,-234) (267,-231) (268,-230) (269,-227) (270,-227) (271,-231) (272,-231) (273,-230) (274,-227) (275,-225) (276,-225) (277,-220) (278,-217) (279,-220) (280,-226) (281,-225) (282,-220) (283,-218) (284,-217) (285,-217) (286,-216) (287,-211) (288,-217) (289,-215) (290,-213) (291,-213) (292,-216) (293,-221) (294,-218) (295,-207) (296,-200) (297,-194) (298,-189) (299,-184) (300,-182) (301,-178) (302,-175) (303,-169) (304,-166) (305,-164) (306,-163) (307,-158) (308,-157) (309,-158) (310,-155) (311,-155) (312,-153) (313,-153) (314,-150) (315,-150) (316,-147) (317,-140) (318,-136) (319,-132) (320,-126) (321,-125) (322,-123) (323,-121) (324,-121) (325,-115) (326,-114) (327,-113) (328,-111) (329,-109) (330,-106) (331,-103) (332,-102) (333,-95) (334,-95) (335,-91) (336,-93) (337,-88) (338,-84) (339,-71) (340,-69) (341,-69) (342,-63) (343,-63) (344,-63) (345,-60) (346,-60) (347,-61) (348,-52) (349,-53) (350,-50) (351,-47) (352,-49) (353,-44) (354,-40) (355,-38) (356,-36) (357,-32) (358,-31) (359,-24) (360,-25) (361,-22) (362,-20) (363,-16) (364,-10) (365,-4) (366,4) (367,9) (368,12) (369,17) (370,18) (371,18) (372,21) (373,24) (374,27) (375,36) (376,41) (377,41) (378,43) (379,43) (380,46) (381,48) (382,44) (383,47) (384,50) (385,51) (386,50) (387,48) (388,47) (389,45) (390,53) (391,57) (392,57) (393,57) (394,56) (395,61) (396,61) (397,62) (398,55) (399,56) (400,53) (401,57) (402,59) (403,56) (404,55) (405,56) (406,55) (407,53) (408,51) (409,50) (410,58) (411,58) (412,60) (413,63) (414,65) (415,69) (416,71) (417,71) (418,74) (419,77) (420,78) (421,82) (422,81) (423,80) (424,82) (425,81) (426,80) (427,80) (428,78) (429,74) (430,71) (431,68) (432,66) (433,59) (434,60) (435,63) (436,60) (437,54) (438,59) (439,59) (440,61) (441,59) (442,55) (443,58) (444,56) (445,58) (446,57) (447,57) (448,52) (449,49) (450,44) (451,44) (452,45) (453,38) (454,40) (455,39) (456,37) (457,29) (458,30) (459,28) (460,21) (461,20) (462,16) (463,13) (464,10) (465,6) (466,3) (467,9) (468,4) (469,1) (470,-4) (471,-4) (472,-4) (473,0) (474,-6) (475,-2) (476,-4) (477,-9) (478,-10) (479,-13) (480,-11) (481,-10) (482,-18) (483,-24) (484,-30) (485,-29) (486,-28) (487,-26) (488,-32) (489,-30) (490,-29) (491,-32) (492,-34) (493,-36) (494,-39) (495,-41) (496,-39) (497,-46) (498,-48) (499,-56) (500,-62) (501,-62) (502,-66) (503,-73) (504,-76) (505,-76) (506,-73) (507,-72) (508,-77) (509,-83) (510,-84) (511,-85) (512,-91) (513,-92) (514,-95) (515,-94) (516,-98) (517,-100) (518,-103) (519,-107) (520,-108) (521,-107) (522,-109) (523,-107) (524,-111) (525,-112) (526,-116) (527,-113) (528,-114) (529,-119) (530,-122) (531,-126) (532,-128) (533,-130) (534,-130) (535,-134) (536,-142) (537,-145) (538,-146) (539,-150) (540,-147) (541,-151) (542,-151) (543,-159) (544,-158) (545,-159) (546,-163) (547,-166) (548,-167) (549,-170) (550,-176) (551,-177) (552,-179) (553,-184) (554,-184) (555,-189) (556,-192) (557,-196) (558,-196) (559,-198) (560,-195) (561,-192) (562,-192) (563,-197) (564,-198) (565,-195) (566,-193) (567,-191) (568,-198) (569,-196) (570,-191) (571,-194) (572,-197) (573,-196) (574,-196) (575,-199) (576,-202) (577,-204) (578,-206) (579,-210) (580,-205) (581,-201) (582,-206) (583,-209) (584,-209) (585,-212) (586,-211) (587,-211) (588,-215) (589,-207) (590,-207) (591,-208) (592,-209) (593,-207) (594,-205) (595,-211) (596,-211) (597,-214) (598,-211) (599,-209) (600,-211) (601,-209) (602,-206) (603,-205) (604,-202) (605,-198) (606,-195) (607,-196) (608,-192) (609,-186) (610,-186) (611,-184) (612,-183) (613,-182) (614,-176) (615,-175) (616,-172) (617,-168) (618,-171) (619,-172) (620,-173) (621,-172) (622,-170) (623,-165) (624,-156) (625,-154) (626,-153) (627,-149) (628,-145) (629,-137) (630,-133) (631,-134) (632,-130) (633,-127) (634,-123) (635,-121) (636,-122) (637,-120) (638,-119) (639,-118) (640,-112) (641,-106) (642,-109) (643,-103) (644,-102) (645,-98) (646,-96) (647,-90) (648,-86) (649,-85) (650,-85) (651,-80) (652,-73) (653,-70) (654,-69) (655,-66) (656,-68) (657,-63) (658,-57) (659,-51) (660,-53) (661,-52) (662,-46) (663,-36) (664,-28) (665,-18) (666,-13) (667,-10) (668,-9) (669,-7) (670,-1) (671,1) (672,1) (673,-2) (674,-1) (675,3) (676,4) (677,5) (678,6) (679,8) (680,10) (681,11) (682,13) (683,21) (684,20) (685,25) (686,28) (687,29) (688,33) (689,36) (690,41) (691,44) (692,47) (693,52) (694,51) (695,60) (696,63) (697,68) (698,63) (699,72) (700,73) (701,75) (702,78) (703,84) (704,92) (705,92) (706,86) (707,84) (708,87) (709,93) (710,98) (711,101) (712,106) (713,110) (714,114) (715,114) (716,113) (717,113) (718,116) (719,119) (720,119) (721,124) (722,128) (723,125) (724,124) (725,128) (726,127) (727,133) (728,134) (729,136) (730,136) (731,137) (732,140) (733,142) (734,147) (735,148) (736,152) (737,148) (738,149) (739,151) (740,150) (741,142) (742,143) (743,143) (744,145) (745,148) (746,151) (747,151) (748,155) (749,152) (750,154) (751,154) (752,165) 
(999,1) (760,167) (753,168) (84,148) (58,140) (47,118) (46,116) (36,94) (16,42) (6,16) (0,-1) (754,166) (755,165) (756,160) (757,163) (758,164) (759,163) 
(999,1) (760,167) (753,168) (84,148) (58,140) (47,118) (46,116) (36,94) (16,42) (6,16) (0,-1) (761,163) (762,163) (763,158) (764,155) (765,156) (766,156) (767,156) (768,151) (769,149) (770,147) (771,147) (772,144) (773,143) (774,147) (775,143) (776,145) (777,142) (778,141) (779,143) (780,144) (781,138) (782,137) (783,132) (784,128) (785,132) (786,133) (787,136) (788,135) (789,131) (790,129) (791,126) (792,126) (793,125) (794,130) (795,128) (796,130) (797,126) (798,124) (799,122) (800,116) (801,115) (802,116) (803,115) (804,113) (805,106) (806,105) (807,100) (808,103) (809,103) (810,101) (811,93) (812,92) (813,88) (814,87) (815,89) (816,85) (817,80) (818,78) (819,75) (820,75) (821,75) (822,71) (823,65) (824,63) (825,65) (826,62) (827,57) (828,52) (829,49) (830,53) (831,59) (832,57) (833,54) (834,50) (835,46) (836,41) (837,38) (838,35) (839,34) (840,33) (841,36) (842,29) (843,33) (844,27) (845,25) (846,27) (847,23) (848,17) (849,14) (850,11) (851,11) (852,6) (853,-1) (854,-6) (855,-8) (856,-8) (857,-11) (858,-15) (859,-20) (860,-23) (861,-26) (862,-29) (863,-34) (864,-31) (865,-37) (866,-40) (867,-40) (868,-44) (869,-47) (870,-50) (871,-52) (872,-57) (873,-60) (874,-61) (875,-61) (876,-63) (877,-65) (878,-63) (879,-70) (880,-70) (881,-73) (882,-76) (883,-77) (884,-79) (885,-83) (886,-85) (887,-91) (888,-89) (889,-95) (890,-98) (891,-99) (892,-100) (893,-108) (894,-110) (895,-111) (896,-118) (897,-123) (898,-120) (899,-121) (900,-126) (901,-127) (902,-128) (903,-127) (904,-121) (905,-124) (906,-123) (907,-121) (908,-126) (909,-130) (910,-130) (911,-132) (912,-132) (913,-129) (914,-129) (915,-130) (916,-122) (917,-121) (918,-118) (919,-120) (920,-124) (921,-127) (922,-126) (923,-127) (924,-129) (925,-124) (926,-127) (927,-126) (928,-127) (929,-129) (930,-130) (931,-125) (932,-126) (933,-128) (934,-126) (935,-121) (936,-123) (937,-123) (938,-122) (939,-125) (940,-124) (941,-124) (942,-124) (943,-119) (944,-117) (945,-112) (946,-116) (947,-112) (948,-111) (949,-110) (950,-107) (951,-102) (952,-102) (953,-99) (954,-101) (955,-98) (956,-96) (957,-90) (958,-89) (959,-89) (960,-86) (961,-88) (962,-87) (963,-85) (964,-80) (965,-79) (966,-78) (967,-78) (968,-78) (969,-74) (970,-69) (971,-70) (972,-62) (973,-65) (974,-57) (975,-56) (976,-55) (977,-49) (978,-47) (979,-46) (980,-49) (981,-47) (982,-43) (983,-40) (984,-38) (985,-32) (986,-26) (987,-20) (988,-20) (989,-15) (990,-13) (991,-11) (992,-9) (993,-3) (994,-1) (995,-1) (996,3) (997,1) (998,0) 
TD 2 :
(999,1) (760,167) (753,168) (84,148) (58,140) (47,118) (46,116) (36,94) (16,42) (6,16) (0,-1) (5,12) (1,-1) (2,1) (3,4) (4,8) 
(999,1) (760,167) (753,168) (84,148) (58,140) (47,118) (46,116) (36,94) (16,42) (6,16) (0,-1) (5,12) (1,-1) 
(999,1) (760,167) (753,168) (84,148) (58,140) (47,118) (46,116) (36,94) (16,42) (6,16) (0,-1) (15,38) (7,15) (8,18) (9,19) (10,19) (11,24) (12,30) (13,31) (14,35) 
(999,1) (760,167) (753,168) (84,148) (58,140) (47,118) (46,116) (36,94) (16,42) (6,16) (0,-1) (15,38) 
(999,1) (760,167) (753,168) (84,148) (58,140) (47,118) (46,116) (36,94) (16,42) (6,16) (0,-1) (45,113) (43,109) (37,94) 
(999,1) (760,167) (753,168) (84,148) (58,140) (47,118) (46,116) (36,94) (16,42) (6,16) (0,-1) (45,113) (43,109) (37,94) (38,96) (39,98) (40,99) (41,103) (42,105) 
(999,1) (760,167) (753,168) (84,148) (58,140) (47,118) (46,116) (36,94) (16,42) (6,16) (0,-1) (45,113) (43,109) (37,94) (44,110) 
(999,1) (760,167) (753,168) (84,148) (58,140) (47,118) (46,116) (36,94) (16,42) (6,16) (0,-1) (45,113) (43,109) (37,94) 
(999,1) (760,167) (753,168) (84,148) (58,140) (47,118) (46,116) (36,94) (16,42) (6,16) (0,-1) (59,139) 
(999,1) (760,167) (753,168) (84,148) (58,140) (47,118) (46,116) (36,94) (16,42) (6,16) (0,-1) (59,139) (60,137) (61,134) (62,133) (63,134) (64,131) (65,124) (66,124) (67,125) (68,128) (69,129) (70,134) (71,132) (72,133) (73,128) (74,129) (75,127) (76,131) (77,132) (78,134) (79,138) (80,139) (81,142) (82,145) (83,144) 
(999,1) (760,167) (753,168) (84,148) (58,140) (47,118) (46,116) (36,94) (16,42) (6,16) (0,-1) (88,148) (85,146) (86,142) (87,145) 
(999,1) (760,167) (753,168) (84,148) (58,140) (47,118) (46,116) (36,94) (16,42) (6,16) (0,-1) (88,148) (89,139) (90,139) (91,140) (92,138) (93,137) (94,133) (95,137) (96,136) (97,136) (98,135) (99,136) (100,137) (101,134) (102,136) (103,131) (104,130) (105,133) (106,128) (107,124) (108,125) (109,127) (110,123) (111,122) (112,116) (113,112) (114,114) (115,112) (116,110) (117,112) (118,110) (119,114) (120,108) (121,107) (122,103) (123,102) (124,98) (125,99) (126,103) (127,97) (128,98) (129,96) (130,94) (131,86) (132,83) (133,81) (134,81) (135,78) (136,69) (137,63) (138,57) (139,54) (140,55) (141,50) (142,48) (143,45) (144,36) (145,26) (146,22) (147,16) (148,12) (149,9) (150,1) (151,-3) (152,-8) (153,-9) (154,-15) (155,-18) (156,-17) (157,-19) (158,-18) (159,-18) (160,-21) (161,-21) (162,-26) (163,-34) (164,-34) (165,-34) (166,-34) (167,-37) (168,-37) (169,-42) (170,-50) (171,-48) (172,-54) (173,-60) (174,-61) (175,-63) (176,-67) (177,-67) (178,-72) (179,-79) (180,-82) (181,-85) (182,-94) (183,-101) (184,-107) (185,-110) (186,-119) (187,-118) (188,-119) (189,-121) (190,-126) (191,-126) (192,-135) (193,-137) (194,-142) (195,-143) (196,-148) (197,-146) (198,-145) (199,-150) (200,-153) (201,-154) (202,-151) (203,-149) (204,-155) (205,-159) (206,-156) (207,-163) (208,-171) (209,-178) (210,-181) (211,-185) (212,-188) (213,-194) (214,-189) (215,-190) (216,-189) (217,-197) (218,-196) (219,-195) (220,-198) (221,-197) (222,-200) (223,-206) (224,-210) (225,-213) (226,-214) (227,-220) (228,-214) (229,-213) (230,-212) (231,-215) (232,-221) (233,-228) (234,-224) (235,-222) (236,-224) (237,-220) (238,-224) (239,-222) (240,-224) (241,-228) (242,-225) (243,-227) (244,-232) (245,-228) (246,-228) (247,-232) (248,-233) (249,-228) (250,-226) (251,-229) (252,-232) (253,-233) (254,-236) (255,-233) (256,-238) (257,-235) (258,-235) (259,-231) (260,-234) (261,-235) (262,-234) (263,-235) (264,-236) (265,-237) (266,-234) (267,-231) (268,-230) (269,-227) (270,-227) (271,-231) (272,-231) (273,-230) (274,-227) (275,-225) (276,-225) (277,-220) (278,-217) (279,-220) (280,-226) (281,-225) (282,-220) (283,-218) (284,-217) (285,-217) (286,-216) (287,-211) (288,-217) (289,-215) (290,-213) (291,-213) (292,-216) (293,-221) (294,-218) (295,-207) (296,-200) (297,-194) (298,-189) (299,-184) (300,-182) (301,-178) (302,-175) (303,-169) (304,-166) (305,-164) (306,-163) (307,-158) (308,-157) (309,-158) (310,-155) (311,-155) (312,-153) (313,-153) (314,-150) (315,-150) (316,-147) (317,-140) (318,-136) (319,-132) (320,-126) (321,-125) (322,-123) (323,-121) (324,-121) (325,-115) (326,-114) (327,-113) (328,-111) (329,-109) (330,-106) (331,-103) (332,-102) (333,-95) (334,-95) (335,-91) (336,-93) (337,-88) (338,-84) (339,-71) (340,-69) (341,-69) (342,-63) (343,-63) (344,-63) (345,-60) (346,-60) (347,-61) (348,-52) (349,-53) (350,-50) (351,-47) (352,-49) (353,-44) (354,-40) (355,-38) (356,-36) (357,-32) (358,-31) (359,-24) (360,-25) (361,-22) (362,-20) (363,-16) (364,-10) (365,-4) (366,4) (367,9) (368,12) (369,17) (370,18) (371,18) (372,21) (373,24) (374,27) (375,36) (376,41) (377,41) (378,43) (379,43) (380,46) (381,48) (382,44) (383,47) (384,50) (385,51) (386,50) (387,48) (388,47) (389,45) (390,53) (391,57) (392,57) (393,57) (394,56) (395,61) (396,61) (397,62) (398,55) (399,56) (400,53) (401,57) (402,59) (403,56) (404,55) (405,56) (406,55) (407,53) (408,51) (409,50) (410,58) (411,58) (412,60) (413,63) (414,65) (415,69) (416,71) (417,71) (418,74) (419,77) (420,78) (421,82) (422,81) (423,80) (424,82) (425,81) (426,80) (427,80) (428,78) (429,74) (430,71) (431,68) (432,66) (433,59) (434,60) (435,63) (436,60) (437,54) (438,59) (439,59) (440,61) (441,59) (442,55) (443,58) (444,56) (445,58) (446,57) (447,57) (448,52) (449,49) (450,44) (451,44) (452,45) (453,38) (454,40) (455,39) (456,37) (457,29) (458,30) (459,28) (460,21) (461,20) (462,16) (463,13) (464,10) (465,6) (466,3) (467,9) (468,4) (469,1) (470,-4) (471,-4) (472,-4) (473,0) (474,-6) (475,-2) (476,-4) (477,-9) (478,-10) (479,-13) (480,-11) (481,-10) (482,-18) (483,-24) (484,-30) (485,-29) (486,-28) (487,-26) (488,-32) (489,-30) (490,-29) (491,-32) (492,-34) (493,-36) (494,-39) (495,-41) (496,-39) (497,-46) (498,-48) (499,-56) (500,-62) (501,-62) (502,-66) (503,-73) (504,-76) (505,-76) (506,-73) (507,-72) (508,-77) (509,-83) (510,-84) (511,-85) (512,-91) (513,-92) (514,-95) (515,-94) (516,-98) (517,-100) (518,-103) (519,-107) (520,-108) (521,-107) (522,-109) (523,-107) (524,-111) (525,-112) (526,-116) (527,-113) (528,-114) (529,-119) (530,-122) (531,-126) (532,-128) (533,-130) (534,-130) (535,-134) (536,-142) (537,-145) (538,-146) (539,-150) (540,-147) (541,-151) (542,-151) (543,-159) (544,-158) (545,-159) (546,-163) (547,-166) (548,-167) (549,-170) (550,-176) (551,-177) (552,-179) (553,-184) (554,-184) (555,-189) (556,-192) (557,-196) (558,-196) (559,-198) (560,-195) (561,-192) (562,-192) (563,-197) (564,-198) (565,-195) (566,-193) (567,-191) (568,-198) (569,-196) (570,-191) (571,-194) (572,-197) (573,-196) (574,-196) (575,-199) (576,-202) (577,-204) (578,-206) (579,-210) (580,-205) (581,-201) (582,-206) (583,-209) (584,-209) (585,-212) (586,-211) (587,-211) (588,-215) (589,-207) (590,-207) (591,-208) (592,-209) (593,-207) (594,-205) (595,-211) (596,-211) (597,-214) (598,-211) (599,-209) (600,-211) (601,-209) (602,-206) (603,-205) (604,-202) (605,-198) (606,-195) (607,-196) (608,-192) (609,-186) (610,-186) (611,-184) (612,-183) (613,-182) (614,-176) (615,-175) (616,-172) (617,-168) (618,-171) (619,-172) (620,-173) (621,-172) (622,-170) (623,-165) (624,-156) (625,-154) (626,-153) (627,-149) (628,-145) (629,-137) (630,-133) (631,-134) (632,-130) (633,-127) (634,-123) (635,-121) (636,-122) (637,-120) (638,-119) (639,-118) (640,-112) (641,-106) (642,-109) (643,-103) (644,-102) (645,-98) (646,-96) (647,-90) (648,-86) (649,-85) (650,-85) (651,-80) (652,-73) (653,-70) (654,-69) (655,-66) (656,-68) (657,-63) (658,-57) (659,-51) (660,-53) (661,-52) (662,-46) (663,-36) (664,-28) (665,-18) (666,-13) (667,-10) (668,-9) (669,-7) (670,-1) (671,1) (672,1) (673,-2) (674,-1) (675,3) (676,4) (677,5) (678,6) (679,8) (680,10) (681,11) (682,13) (683,21) (684,20) (685,25) (686,28) (687,29) (688,33) (689,36) (690,41) (691,44) (692,47) (693,52) (694,51) (695,60) (696,63) (697,68) (698,63) (699,72) (700,73) (701,75) (702,78) (703,84) (704,92) (705,92) (706,86) (707,84) (708,87) (709,93) (710,98) (711,101) (712,106) (713,110) (714,114) (715,114) (716,113) (717,113) (718,116) (719,119) (720,119) (721,124) (722,128) (723,125) (724,124) (725,128) (726,127) (727,133) (728,134) (729,136) (730,136) (731,137) (732,140) (733,142) (734,147) (735,148) (736,152) (737,148) (738,149) (739,151) (740,150) (741,142) (742,143) (743,143) (744,145) (745,148) (746,151) (747,151) (748,155) (749,152) (750,154) (751,154) (752,165) 
(999,1) (760,167) (753,168) (84,148) (58,140) (47,118) (46,116) (36,94) (16,42) (6,16) (0,-1) (754,166) 
(999,1) (760,167) (753,168) (84,148) (58,140) (47,118) (46,116) (36,94) (16,42) (6,16) (0,-1) (754,166) (755,165) (756,160) (757,163) (758,164) (759,163) 
(999,1) (760,167) (753,168) (84,148) (58,140) (47,118) (46,116) (36,94) (16,42) (6,16) (0,-1) (998,0) (996,3) (762,163) (761,163) 
(999,1) (760,167) (753,168) (84,148) (58,140) (47,118) (46,116) (36,94) (16,42) (6,16) (0,-1) (998,0) (996,3) (762,163) (763,158) (764,155) (765,156) (766,156) (767,156) (768,151) (769,149) (770,147) (771,147) (772,144) (773,143) (774,147) (775,143) (776,145) (777,142) (778,141) (779,143) (780,144) (781,138) (782,137) (783,132) (784,128) (785,132) (786,133) (787,136) (788,135) (789,131) (790,129) (791,126) (792,126) (793,125) (794,130) (795,128) (796,130) (797,126) (798,124) (799,122) (800,116) (801,115) (802,116) (803,115) (804,113) (805,106) (806,105) (807,100) (808,103) (809,103) (810,101) (811,93) (812,92) (813,88) (814,87) (815,89) (816,85) (817,80) (818,78) (819,75) (820,75) (821,75) (822,71) (823,65) (824,63) (825,65) (826,62) (827,57) (828,52) (829,49) (830,53) (831,59) (832,57) (833,54) (834,50) (835,46) (836,41) (837,38) (838,35) (839,34) (840,33) (841,36) (842,29) (843,33) (844,27) (845,25) (846,27) (847,23) (848,17) (849,14) (850,11) (851,11) (852,6) (853,-1) (854,-6) (855,-8) (856,-8) (857,-11) (858,-15) (859,-20) (860,-23) (861,-26) (862,-29) (863,-34) (864,-31) (865,-37) (866,-40) (867,-40) (868,-44) (869,-47) (870,-50) (871,-52) (872,-57) (873,-60) (874,-61) (875,-61) (876,-63) (877,-65) (878,-63) (879,-70) (880,-70) (881,-73) (882,-76) (883,-77) (884,-79) (885,-83) (886,-85) (887,-91) (888,-89) (889,-95) (890,-98) (891,-99) (892,-100) (893,-108) (894,-110) (895,-111) (896,-118) (897,-123) (898,-120) (899,-121) (900,-126) (901,-127) (902,-128) (903,-127) (904,-121) (905,-124) (906,-123) (907,-121) (908,-126) (909,-130) (910,-130) (911,-132) (912,-132) (913,-129) (914,-129) (915,-130) (916,-122) (917,-121) (918,-118) (919,-120) (920,-124) (921,-127) (922,-126) (923,-127) (924,-129) (925,-124) (926,-127) (927,-126) (928,-127) (929,-129) (930,-130) (931,-125) (932,-126) (933,-128) (934,-126) (935,-121) (936,-123) (937,-123) (938,-122) (939,-125) (940,-124) (941,-124) (942,-124) (943,-119) (944,-117) (945,-112) (946,-116) (947,-112) (948,-111) (949,-110) (950,-107) (951,-102) (952,-102) (953,-99) (954,-101) (955,-98) (956,-96) (957,-90) (958,-89) (959,-89) (960,-86) (961,-88) (962,-87) (963,-85) (964,-80) (965,-79) (966,-78) (967,-78) (968,-78) (969,-74) (970,-69) (971,-70) (972,-62) (973,-65) (974,-57) (975,-56) (976,-55) (977,-49) (978,-47) (979,-46) (980,-49) (981,-47) (982,-43) (983,-40) (984,-38) (985,-32) (986,-26) (987,-20) (988,-20) (989,-15) (990,-13) (991,-11) (992,-9) (993,-3) (994,-1) (995,-1) 
(999,1) (760,167) (753,168) (84,148) (58,140) (47,118) (46,116) (36,94) (16,42) (6,16) (0,-1) (998,0) (996,3) (762,163) (997,1) 
TD 3 :
(999,1) (760,167) (753,168) (84,148) (58,140) (47,118) (46,116) (36,94) (16,42) (6,16) (0,-1) (5,12) (1,-1) (4,8) (2,1) (3,4) 
(999,1) (760,167) (753,168) (84,148) (58,140) (47,118) (46,116) (36,94) (16,42) (6,16) (0,-1) (5,12) (1,-1) (4,8) (2,1) 
(999,1) (760,167) (753,168) (84,148) (58,140) (47,118) (46,116) (36,94) (16,42) (6,16) (0,-1) (15,38) (12,30) (7,15) (8,18) (9,19) (10,19) (11,24) 
(999,1) (760,167) (753,168) (84,148) (58,140) (47,118) (46,116) (36,94) (16,42) (6,16) (0,-1) (15,38) (12,30) (13,31) (14,35) 
(999,1) (760,167) (753,168) (84,148) (58,140) (47,118) (46,116) (36,94) (16,42) (6,16) (0,-1) (45,113) (43,109) (37,94) (41,103) (38,96) 
(999,1) (760,167) (753,168) (84,148) (58,140) (47,118) (46,116) (36,94) (16,42) (6,16) (0,-1) (45,113) (43,109) (37,94) (41,103) (38,96) (39,98) (40,99) 
(999,1) (760,167) (753,168) (84,148) (58,140) (47,118) (46,116) (36,94) (16,42) (6,16) (0,-1) (45,113) (43,109) (37,94) (41,103) (38,96) (42,105) 
(999,1) (760,167) (753,168) (84,148) (58,140) (47,118) (46,116) (36,94) (16,42) (6,16) (0,-1) (45,113) (43,109) (37,94) (44,110) 
(999,1) (760,167) (753,168) (84,148) (58,140) (47,118) (46,116) (36,94) (16,42) (6,16) (0,-1) (45,113) (43,109) (37,94) (44,110) 
(999,1) (760,167) (753,168) (84,148) (58,140) (47,118) (46,116) (36,94) (16,42) (6,16) (0,-1) (59,139) (82,145) (60,137) 
(999,1) (760,167) (753,168) (84,148) (58,140) (47,118) (46,116) (36,94) (16,42) (6,16) (0,-1) (59,139) (82,145) (60,137) (61,134) (62,133) (63,134) (64,131) (65,124) (66,124) (67,125) (68,128) (69,129) (70,134) (71,132) (72,133) (73,128) (74,129) (75,127) (76,131) (77,132) (78,134) (79,138) (80,139) (81,142) 
(999,1) (760,167) (753,168) (84,148) (58,140) (47,118) (46,116) (36,94) (16,42) (6,16) (0,-1) (59,139) (82,145) (60,137) (83,144) 
(999,1) (760,167) (753,168) (84,148) (58,140) (47,118) (46,116) (36,94) (16,42) (6,16) (0,-1) (88,148) (85,146) 
(999,1) (760,167) (753,168) (84,148) (58,140) (47,118) (46,116) (36,94) (16,42) (6,16) (0,-1) (88,148) (85,146) (86,142) (87,145) 
(999,1) (760,167) (753,168) (84,148) (58,140) (47,118) (46,116) (36,94) (16,42) (6,16) (0,-1) (88,148) (752,165) (89,139) (90,139) (91,140) (92,138) (93,137) (94,133) (95,137) (96,136) (97,136) (98,135) (99,136) (100,137) (101,134) (102,136) (103,131) (104,130) (105,133) (106,128) (107,124) (108,125) (109,127) (110,123) (111,122) (112,116) (113,112) (114,114) (115,112) (116,110) (117,112) (118,110) (119,114) (120,108) (121,107) (122,103) (123,102) (124,98) (125,99) (126,103) (127,97) (128,98) (129,96) (130,94) (131,86) (132,83) (133,81) (134,81) (135,78) (136,69) (137,63) (138,57) (139,54) (140,55) (141,50) (142,48) (143,45) (144,36) (145,26) (146,22) (147,16) (148,12) (149,9) (150,1) (151,-3) (152,-8) (153,-9) (154,-15) (155,-18) (156,-17) (157,-19) (158,-18) (159,-18) (160,-21) (161,-21) (162,-26) (163,-34) (164,-34) (165,-34) (166,-34) (167,-37) (168,-37) (169,-42) (170,-50) (171,-48) (172,-54) (173,-60) (174,-61) (175,-63) (176,-67) (177,-67) (178,-72) (179,-79) (180,-82) (181,-85) (182,-94) (183,-101) (184,-107) (185,-110) (186,-119) (187,-118) (188,-119) (189,-121) (190,-126) (191,-126) (192,-135) (193,-137) (194,-142) (195,-143) (196,-148) (197,-146) (198,-145) (199,-150) (200,-153) (201,-154) (202,-151) (203,-149) (204,-155) (205,-159) (206,-156) (207,-163) (208,-171) (209,-178) (210,-181) (211,-185) (212,-188) (213,-194) (214,-189) (215,-190) (216,-189) (217,-197) (218,-196) (219,-195) (220,-198) (221,-197) (222,-200) (223,-206) (224,-210) (225,-213) (226,-214) (227,-220) (228,-214) (229,-213) (230,-212) (231,-215) (232,-221) (233,-228) (234,-224) (235,-222) (236,-224) (237,-220) (238,-224) (239,-222) (240,-224) (241,-228) (242,-225) (243,-227) (244,-232) (245,-228) (246,-228) (247,-232) (248,-233) (249,-228) (250,-226) (251,-229) (252,-232) (253,-233) (254,-236) (255,-233) (256,-238) (257,-235) (258,-235) (259,-231) (260,-234) (261,-235) (262,-234) (263,-235) (264,-236) (265,-237) (266,-234) (267,-231) (268,-230) (269,-227) (270,-227) (271,-231) (272,-231) (273,-230) (274,-227) (275,-225) (276,-225) (277,-220) (278,-217) (279,-220) (280,-226) (281,-225) (282,-220) (283,-218) (284,-217) (285,-217) (286,-216) (287,-211) (288,-217) (289,-215) (290,-213) (291,-213) (292,-216) (293,-221) (294,-218) (295,-207) (296,-200) (297,-194) (298,-189) (299,-184) (300,-182) (301,-178) (302,-175) (303,-169) (304,-166) (305,-164) (306,-163) (307,-158) (308,-157) (309,-158) (310,-155) (311,-155) (312,-153) (313,-153) (314,-150) (315,-150) (316,-147) (317,-140) (318,-136) (319,-132) (320,-126) (321,-125) (322,-123) (323,-121) (324,-121) (325,-115) (326,-114) (327,-113) (328,-111) (329,-109) (330,-106) (331,-103) (332,-102) (333,-95) (334,-95) (335,-91) (336,-93) (337,-88) (338,-84) (339,-71) (340,-69) (341,-69) (342,-63) (343,-63) (344,-63) (345,-60) (346,-60) (347,-61) (348,-52) (349,-53) (350,-50) (351,-47) (352,-49) (353,-44) (354,-40) (355,-38) (356,-36) (357,-32) (358,-31) (359,-24) (360,-25) (361,-22) (362,-20) (363,-16) (364,-10) (365,-4) (366,4) (367,9) (368,12) (369,17) (370,18) (371,18) (372,21) (373,24) (374,27) (375,36) (376,41) (377,41) (378,43) (379,43) (380,46) (381,48) (382,44) (383,47) (384,50) (385,51) (386,50) (387,48) (388,47) (389,45) (390,53) (391,57) (392,57) (393,57) (394,56) (395,61) (396,61) (397,62) (398,55) (399,56) (400,53) (401,57) (402,59) (403,56) (404,55) (405,56) (406,55) (407,53) (408,51) (409,50) (410,58) (411,58) (412,60) (413,63) (414,65) (415,69) (416,71) (417,71) (418,74) (419,77) (420,78) (421,82) (422,81) (423,80) (424,82) (425,81) (426,80) (427,80) (428,78) (429,74) (430,71) (431,68) (432,66) (433,59) (434,60) (435,63) (436,60) (437,54) (438,59) (439,59) (440,61) (441,59) (442,55) (443,58) (444,56) (445,58) (446,57) (447,57) (448,52) (449,49) (450,44) (451,44) (452,45) (453,38) (454,40) (455,39) (456,37) (457,29) (458,30) (459,28) (460,21) (461,20) (462,16) (463,13) (464,10) (465,6) (466,3) (467,9) (468,4) (469,1) (470,-4) (471,-4) (472,-4) (473,0) (474,-6) (475,-2) (476,-4) (477,-9) (478,-10) (479,-13) (480,-11) (481,-10) (482,-18) (483,-24) (484,-30) (485,-29) (486,-28) (487,-26) (488,-32) (489,-30) (490,-29) (491,-32) (492,-34) (493,-36) (494,-39) (495,-41) (496,-39) (497,-46) (498,-48) (499,-56) (500,-62) (501,-62) (502,-66) (503,-73) (504,-76) (505,-76) (506,-73) (507,-72) (508,-77) (509,-83) (510,-84) (511,-85) (512,-91) (513,-92) (514,-95) (515,-94) (516,-98) (517,-100) (518,-103) (519,-107) (520,-108) (521,-107) (522,-109) (523,-107) (524,-111) (525,-112) (526,-116) (527,-113) (528,-114) (529,-119) (530,-122) (531,-126) (532,-128) (533,-130) (534,-130) (535,-134) (536,-142) (537,-145) (538,-146) (539,-150) (540,-147) (541,-151) (542,-151) (543,-159) (544,-158) (545,-159) (546,-163) (547,-166) (548,-167) (549,-170) (550,-176) (551,-177) (552,-179) (553,-184) (554,-184) (555,-189) (556,-192) (557,-196) (558,-196) (559,-198) (560,-195) (561,-192) (562,-192) (563,-197) (564,-198) (565,-195) (566,-193) (567,-191) (568,-198) (569,-196) (570,-191) (571,-194) (572,-197) (573,-196) (574,-196) (575,-199) (576,-202) (577,-204) (578,-206) (579,-210) (580,-205) (581,-201) (582,-206) (583,-209) (584,-209) (585,-212) (586,-211) (587,-211) (588,-215) (589,-207) (590,-207) (591,-208) (592,-209) (593,-207) (594,-205) (595,-211) (596,-211) (597,-214) (598,-211) (599,-209) (600,-211) (601,-209) (602,-206) (603,-205) (604,-202) (605,-198) (606,-195) (607,-196) (608,-192) (609,-186) (610,-186) (611,-184) (612,-183) (613,-182) (614,-176) (615,-175) (616,-172) (617,-168) (618,-171) (619,-172) (620,-173) (621,-172) (622,-170) (623,-165) (624,-156) (625,-154) (626,-153) (627,-149) (628,-145) (629,-137) (630,-133) (631,-134) (632,-130) (633,-127) (634,-123) (635,-121) (636,-122) (637,-120) (638,-119) (639,-118) (640,-112) (641,-106) (642,-109) (643,-103) (644,-102) (645,-98) (646,-96) (647,-90) (648,-86) (649,-85) (650,-85) (651,-80) (652,-73) (653,-70) (654,-69) (655,-66) (656,-68) (657,-63) (658,-57) (659,-51) (660,-53) (661,-52) (662,-46) (663,-36) (664,-28) (665,-18) (666,-13) (667,-10) (668,-9) (669,-7) (670,-1) (671,1) (672,1) (673,-2) (674,-1) (675,3) (676,4) (677,5) (678,6) (679,8) (680,10) (681,11) (682,13) (683,21) (684,20) (685,25) (686,28) (687,29) (688,33) (689,36) (690,41) (691,44) (692,47) (693,52) (694,51) (695,60) (696,63) (697,68) (698,63) (699,72) (700,73) (701,75) (702,78) (703,84) (704,92) (705,92) (706,86) (707,84) (708,87) (709,93) (710,98) (711,101) (712,106) (713,110) (714,114) (715,114) (716,113) (717,113) (718,116) (719,119) (720,119) (721,124) (722,128) (723,125) (724,124) (725,128) (726,127) (727,133) (728,134) (729,136) (730,136) (731,137) (732,140) (733,142) (734,147) (735,148) (736,152) (737,148) (738,149) (739,151) (740,150) (741,142) (742,143) (743,143) (744,145) (745,148) (746,151) (747,151) (748,155) (749,152) (750,154) (751,154) 
(999,1) (760,167) (753,168) (84,148) (58,140) (47,118) (46,116) (36,94) (16,42) (6,16) (0,-1) (88,148) (752,165) 
(999,1) (760,167) (753,168) (84,148) (58,140) (47,118) (46,116) (36,94) (16,42) (6,16) (0,-1) (754,166) (758,164) (755,165) 
(999,1) (760,167) (753,168) (84,148) (58,140) (47,118) (46,116) (36,94) (16,42) (6,16) (0,-1) (754,166) (758,164) (755,165) (756,160) (757,163) 
(999,1) (760,167) (753,168) (84,148) (58,140) (47,118) (46,116) (36,94) (16,42) (6,16) (0,-1) (754,166) (758,164) (755,165) (759,163) 
(999,1) (760,167) (753,168) (84,148) (58,140) (47,118) (46,116) (36,94) (16,42) (6,16) (0,-1) (998,0) (996,3) (762,163) (761,163) 
(999,1) (760,167) (753,168) (84,148) (58,140) (47,118) (46,116) (36,94) (16,42) (6,16) (0,-1) (998,0) (996,3) (762,163) (761,163) 
(999,1) (760,167) (753,168) (84,148) (58,140) (47,118) (46,116) (36,94) (16,42) (6,16) (0,-1) (998,0) (996,3) (762,163) (997,1) 
TD 4 :
(999,1) (760,167) (753,168) (84,148) (58,140) (47,118) (46,116) (36,94) (16,42) (6,16) (0,-1) (5,12) (1,-1) (4,8) (2,1) (3,4) 
(999,1) (760,167) (753,168) (84,148) (58,140) (47,118) (46,116) (36,94) (16,42) (6,16) (0,-1) (15,38) (12,30) (14,35) (13,31) 
(999,1) (760,167) (753,168) (84,148) (58,140) (47,118) (46,116) (36,94) (16,42) (6,16) (0,-1) (15,38) (12,30) (14,35) 
(999,1) (760,167) (753,168) (84,148) (58,140) (47,118) (46,116) (36,94) (16,42) (6,16) (0,-1) (45,113) (43,109) (37,94) (41,103) (38,96) (39,98) 
(999,1) (760,167) (753,168) (84,148) (58,140) (47,118) (46,116) (36,94) (16,42) (6,16) (0,-1) (45,113) (43,109) (37,94) (41,103) (38,96) (39,98) (40,99) 
(999,1) (760,167) (753,168) (84,148) (58,140) (47,118) (46,116) (36,94) (16,42) (6,16) (0,-1) (45,113) (43,109) (37,94) (41,103) (38,96) (42,105) 
(999,1) (760,167) (753,168) (84,148) (58,140) (47,118) (46,116) (36,94) (16,42) (6,16) (0,-1) (45,113) (43,109) (37,94) (41,103) (38,96) (42,105) 
(999,1) (760,167) (753,168) (84,148) (58,140) (47,118) (46,116) (36,94) (16,42) (6,16) (0,-1) (59,139) (82,145) (60,137) (83,144) 
(999,1) (760,167) (753,168) (84,148) (58,140) (47,118) (46,116) (36,94) (16,42) (6,16) (0,-1) (59,139) (82,145) (60,137) (83,144) 
(999,1) (760,167) (753,168) (84,148) (58,140) (47,118) (46,116) (36,94) (16,42) (6,16) (0,-1) (88,148) (85,146) (87,145) (86,142) 
(999,1) (760,167) (753,168) (84,148) (58,140) (47,118) (46,116) (36,94) (16,42) (6,16) (0,-1) (88,148) (85,146) (87,145) 
(999,1) (760,167) (753,168) (84,148) (58,140) (47,118) (46,116) (36,94) (16,42) (6,16) (0,-1) (754,166) (758,164) (755,165) (757,163) (756,160) 
(999,1) (760,167) (753,168) (84,148) (58,140) (47,118) (46,116) (36,94) (16,42) (6,16) (0,-1) (754,166) (758,164) (755,165) (757,163) 
(999,1) (760,167) (753,168) (84,148) (58,140) (47,118) (46,116) (36,94) (16,42) (6,16) (0,-1) (754,166) (758,164) (755,165) (759,163) 
(999,1) (760,167) (753,168) (84,148) (58,140) (47,118) (46,116) (36,94) (16,42) (6,16) (0,-1) (754,166) (758,164) (755,165) (759,163) 
TD 5 :
(999,1) (760,167) (753,168) (84,148) (58,140) (47,118) (46,116) (36,94) (16,42) (6,16) (0,-1) (15,38) (12,30) (14,35) (13,31) 
(999,1) (760,167) (753,168) (84,148) (58,140) (47,118) (46,116) (36,94) (16,42) (6,16) (0,-1) (15,38) (12,30) (14,35) (13,31) 
(999,1) (760,167) (753,168) (84,148) (58,140) (47,118) (46,116) (36,94) (16,42) (6,16) (0,-1) (45,113) (43,109) (37,94) (41,103) (38,96) (39,98) (40,99) 
(999,1) (760,167) (753,168) (84,148) (58,140) (47,118) (46,116) (36,94) (16,42) (6,16) (0,-1) (45,113) (43,109) (37,94) (41,103) (38,96) (39,98) (40,99) 
(999,1) (760,167) (753,168) (84,148) (58,140) (47,118) (46,116) (36,94) (16,42) (6,16) (0,-1) (754,166) (758,164) (755,165) (757,163) (756,160) 
(999,1) (760,167) (753,168) (84,148) (58,140) (47,118) (46,116) (36,94) (16,42) (6,16) (0,-1) (754,166) (758,164) (755,165) (757,163) (756,160) 
TD 6 :
TD 7 :
TD 8 :
TD 9 :
TD 10 :
TD 11 :
TD 12 :
TD 13 :
TD 14 :
TD 15 :
TD 16 :
TD 17 :
TD 18 :
TD 19 :
TD 20 :
TD 21 :
TD 22 :
TD 23 :
TD 24 :
TD 25 :
TD 26 :
TD 27 :
TD 28 :
TD 29 :
TD 30 :
TD 31 :
TD 32 :
TD 33 :
TD 34 :
TD 35 :
TD 36 :
TD 37 :
TD 38 :
TD 39 :
TD 40 :
TD 41 :
TD 42 :
TD 43 :
TD 44 :
TD 45 :
TD 46 :
TD 47 :
TD 48 :
TD 49 :
TD 50 :
TD 51 :
TD 52 :
TD 53 :
TD 54 :
TD 55 :
TD 56 :
TD 57 :
TD 58 :
TD 59 :
TD 60 :
TD 61 :
TD 62 :
TD 63 :
TD 64 :
TD 65 :
TD 66 :
TD 67 :
TD 68 :
TD 69 :
TD 70 :
TD 71 :
TD 72 :
TD 73 :
TD 74 :
TD 75 :
TD 76 :
TD 77 :
TD 78 :
TD 79 :
TD 80 :
TD 81 :
TD 82 :
TD 83 :
TD 84 :
TD 85 :
TD 86 :
TD 87 :
TD 88 :
TD 89 :
TD 90 :
TD 91 :
TD 92 :
TD 93 :
TD 94 :
TD 95 :
TD 96 :
TD 97 :
TD 98 :
TD 99 :
TD 100 :
TD 101 :
TD 102 :
TD 103 :
TD 104 :
TD 105 :
TD 106 :
TD 107 :
TD 108 :
TD 109 :
TD 110 :
TD 111 :
TD 112 :
TD 113 :
TD 114 :
TD 115 :
TD 116 :
TD 117 :
TD 118 :
TD 119 :
TD 120 :
TD 121 :
TD 122 :
TD 123 :
TD 124 :
TD 125 :
TD 126 :
TD 127 :
TD 128 :
TD 129 :
TD 130 :
TD 131 :
TD 132 :
TD 133 :
TD 134 :
TD 135 :
TD 136 :
TD 137 :
TD 138 :
TD 139 :
TD 140 :
TD 141 :
TD 142 :
TD 143 :
TD 144 :
TD 145 :
TD 146 :
TD 147 :
Pocket 0 :
()
Pocket 1 :
({  (0,-1) ,(1,-1) } {  (5,12) ,(6,16) } {  (0,-1) ,(1,-1) } {  (5,12) ,(6,16) } {  (0,-1) ,(1,-1) } {  (5,12) ,(6,16) } {  (0,-1) ,(1,-1) } {  (5,12) ,(6,16) } {  (0,-1) ,(1,-1) } {  (5,12) ,(6,16) } {  (0,-1) ,(1,-1) } {  (5,12) ,(6,16) } {  (0,-1) ,(1,-1) } {  (5,12) ,(6,16) } {  (0,-1) ,(1,-1) } {  (5,12) ,(6,16) } {  (0,-1) ,(1,-1) } {  (5,12) ,(6,16) } {  (0,-1) ,(1,-1) } {  (5,12) ,(6,16) } )
Pocket 2 :
({  (1,-1) ,(0,-1) } {  (999,1) ,(5,12) } {  (1,-1) ,(0,-1) } {  (999,1) ,(5,12) } {  (999,1) ,(15,38) } {  (999,1) ,(15,38) } {  (38,96) ,(37,94) } {  (38,96) ,(37,94) } {  (38,96) ,(37,94) } {  (38,96) ,(37,94) } {  (60,137) ,(59,139) } {  (60,137) ,(59,139) } {  (89,139) ,(88,148) } {  (89,139) ,(88,148) } {  (755,165) ,(754,166) } {  (755,165) ,(754,166) } {  (763,158) ,(762,163) } {  (763,158) ,(762,163) } {  (763,158) ,(762,163) } )
Pocket 3 :
({  (2,1) ,(1,-1) } {  (999,1) ,(4,8) } {  (2,1) ,(1,-1) } {  (999,1) ,(4,8) } {  (13,31) ,(12,30) } {  (13,31) ,(12,30) } {  (39,98) ,(38,96) } {  (39,98) ,(38,96) } {  (39,98) ,(38,96) } {  (999,1) ,(44,110) } {  (999,1) ,(44,110) } {  (61,134) ,(60,137) } {  (61,134) ,(60,137) } {  (61,134) ,(60,137) } {  (86,142) ,(85,146) } {  (86,142) ,(85,146) } {  (999,1) ,(752,165) } {  (999,1) ,(752,165) } {  (756,160) ,(755,165) } {  (756,160) ,(755,165) } {  (756,160) ,(755,165) } {  (999,1) ,(761,163) } {  (999,1) ,(761,163) } {  (999,1) ,(997,1) } )
Pocket 4 :
({  (3,4) ,(2,1) } {  (999,1) ,(14,35) } {  (999,1) ,(14,35) } {  (40,99) ,(39,98) } {  (40,99) ,(39,98) } {  (999,1) ,(42,105) } {  (999,1) ,(42,105) } {  (999,1) ,(83,144) } {  (999,1) ,(83,144) } {  (999,1) ,(87,145) } {  (999,1) ,(87,145) } {  (999,1) ,(757,163) } {  (999,1) ,(757,163) } {  (999,1) ,(759,163) } {  (999,1) ,(759,163) } )
Pocket 5 :
({  (999,1) ,(13,31) } {  (999,1) ,(13,31) } {  (999,1) ,(40,99) } {  (999,1) ,(40,99) } {  (999,1) ,(756,160) } {  (999,1) ,(756,160) } )
Pocket 6 :
()
Pocket 7 :
()
Pocket 8 :
()
Pocket 9 :
()
Pocket 10 :
()
Pocket 11 :
()
Pocket 12 :
()
Pocket 13 :
()
Pocket 14 :
()
Pocket 15 :
()
Pocket 16 :
()
Pocket 17 :
()
Pocket 18 :
()
Pocket 19 :
()
Pocket 20 :
()
Pocket 21 :
()
Pocket 22 :
()
Pocket 23 :
()
Pocket 24 :
()
Pocket 25 :
()
Pocket 26 :
()
Pocket 27 :
()
Pocket 28 :
()
Pocket 29 :
()
Pocket 30 :
()
Pocket 31 :
()
Pocket 32 :
()
Pocket 33 :
()
Pocket 34 :
()
Pocket 35 :
()
Pocket 36 :
()
Pocket 37 :
()
Pocket 38 :
()
Pocket 39 :
()
Pocket 40 :
()
Pocket 41 :
()
Pocket 42 :
()
Pocket 43 :
()
Pocket 44 :
()
Pocket 45 :
()
Pocket 46 :
()
Pocket 47 :
()
Pocket 48 :
()
Pocket 49 :
()
Pocket 50 :
()
Pocket 51 :
()
Pocket 52 :
()
Pocket 53 :
()
Pocket 54 :
()
Pocket 55 :
()
Pocket 56 :
()
Pocket 57 :
()
Pocket 58 :
()
Pocket 59 :
()
Pocket 60 :
()
Pocket 61 :
()
Pocket 62 :
()
Pocket 63 :
()
Pocket 64 :
()
Pocket 65 :
()
Pocket 66 :
()
Pocket 67 :
()
Pocket 68 :
()
Pocket 69 :
()
Pocket 70 :
()
Pocket 71 :
()
Pocket 72 :
()
Pocket 73 :
()
Pocket 74 :
()
Pocket 75 :
()
Pocket 76 :
()
Pocket 77 :
()
Pocket 78 :
()
Pocket 79 :
()
Pocket 80 :
()
Pocket 81 :
()
Pocket 82 :
()
Pocket 83 :
()
Pocket 84 :
()
Pocket 85 :
()
Pocket 86 :
()
Pocket 87 :
()
Pocket 88 :
()
Pocket 89 :
()
Pocket 90 :
()
Pocket 91 :
()
Pocket 92 :
()
Pocket 93 :
()
Pocket 94 :
()
Pocket 95 :
()
Pocket 96 :
()
Pocket 97 :
()
Pocket 98 :
()
Pocket 99 :
()
Pocket 100 :
()
Pocket 101 :
()
Pocket 102 :
()
Pocket 103 :
()
Pocket 104 :
()
Pocket 105 :
()
Pocket 106 :
()
Pocket 107 :
()
Pocket 108 :
()
Pocket 109 :
()
Pocket 110 :
()
Pocket 111 :
()
Pocket 112 :
()
Pocket 113 :
()
Pocket 114 :
()
Pocket 115 :
()
Pocket 116 :
()
Pocket 117 :
()
Pocket 118 :
()
Pocket 119 :
()
Pocket 120 :
()
Pocket 121 :
()
Pocket 122 :
()
Pocket 123 :
()
Pocket 124 :
()
Pocket 125 :
()
Pocket 126 :
()
Pocket 127 :
()
Pocket 128 :
()
Pocket 129 :
()
Pocket 130 :
()
Pocket 131 :
()
Pocket 132 :
()
Pocket 133 :
()
Pocket 134 :
()
Pocket 135 :
()
Pocket 136 :
()
Pocket 137 :
()
Pocket 138 :
()
Pocket 139 :
()
Pocket 140 :
()
Pocket 141 :
()
Pocket 142 :
()
Pocket 143 :
()
Pocket 144 :
()
Pocket 145 :
()
Pocket 146 :
()
