21 layers in onion peeling: 
Layer 1
(99,-3) (74,5) (10,14) (9,14) (8,14) (5,12) (4,10) (0,1) 
Layer 2
(98,-4) (76,4) (73,5) (7,13) (6,12) (3,7) (2,5) (1,2) 
Layer 3
(97,-7) (75,4) (72,5) (11,12) 
Layer 4
(96,-10) (78,2) (71,4) (12,8) 
Layer 5
(95,-12) (77,2) (13,6) 
Layer 6
(94,-16) (80,-1) (79,0) (70,1) (43,2) (14,3) 
Layer 7
(93,-19) (81,-5) (69,-2) (44,1) (42,1) (41,1) (15,0) 
Layer 8
(92,-20) (82,-8) (68,-4) (40,0) (16,-2) 
Layer 9
(91,-19) (83,-11) (45,-1) (39,-1) (17,-7) 
Layer 10
(90,-21) (84,-13) (67,-8) (46,-4) (38,-3) (18,-12) 
Layer 11
(89,-21) (85,-16) (66,-11) (37,-5) (19,-16) 
Layer 12
(88,-21) (86,-19) (48,-8) (36,-7) (20,-18) 
Layer 13
(87,-21) (47,-8) (35,-8) (21,-20) 
Layer 14
(65,-14) (34,-9) (22,-22) 
Layer 15
(64,-16) (49,-12) (33,-13) (23,-24) 
Layer 16
(63,-21) (50,-15) (32,-15) (24,-25) 
Layer 17
(62,-22) (51,-18) (31,-18) (25,-25) 
Layer 18
(61,-26) (52,-22) (30,-21) (29,-22) (26,-27) 
Layer 19
(60,-29) (53,-23) (28,-25) (27,-27) 
Layer 20
(59,-29) (54,-26) 
Layer 21
(58,-29) (55,-28) 
---------------------------------------------------------------------------------------
TD 0 :
(99,-3) (98,-4) (97,-7) (96,-10) (95,-12) (94,-16) (93,-19) (92,-20) (91,-19) (90,-21) (89,-21) (88,-21) (87,-21) (86,-19) (85,-16) (84,-13) (83,-11) (82,-8) (81,-5) (80,-1) (79,0) (78,2) (77,2) (76,4) (75,4) (74,5) (73,5) (72,5) (71,4) (70,1) (69,-2) (68,-4) (67,-8) (66,-11) (65,-14) (64,-16) (63,-21) (62,-22) (61,-26) (60,-29) (59,-29) (58,-29) (57,-29) (56,-29) (55,-28) (54,-26) (53,-23) (52,-22) (51,-18) (50,-15) (49,-12) (48,-8) (47,-8) (46,-4) (45,-1) (44,1) (43,2) (42,1) (41,1) (40,0) (39,-1) (38,-3) (37,-5) (36,-7) (35,-8) (34,-9) (33,-13) (32,-15) (31,-18) (30,-21) (29,-22) (28,-25) (27,-27) (26,-27) (25,-25) (24,-25) (23,-24) (22,-22) (21,-20) (20,-18) (19,-16) (18,-12) (17,-7) (16,-2) (15,0) (14,3) (13,6) (12,8) (11,12) (10,14) (9,14) (8,14) (7,13) (6,12) (5,12) (4,10) (3,7) (2,5) (1,2) (0,1) 
TD 1 :
(99,-3) (74,5) (10,14) (9,14) (8,14) (5,12) (4,10) (0,1) (1,2) (2,5) (3,7) 
(99,-3) (74,5) (10,14) (9,14) (8,14) (5,12) (4,10) (0,1) 
(99,-3) (74,5) (10,14) (9,14) (8,14) (5,12) (4,10) (0,1) (6,12) (7,13) 
(99,-3) (74,5) (10,14) (9,14) (8,14) (5,12) (4,10) (0,1) 
(99,-3) (74,5) (10,14) (9,14) (8,14) (5,12) (4,10) (0,1) 
(99,-3) (74,5) (10,14) (9,14) (8,14) (5,12) (4,10) (0,1) (11,12) (12,8) (13,6) (14,3) (15,0) (16,-2) (17,-7) (18,-12) (19,-16) (20,-18) (21,-20) (22,-22) (23,-24) (24,-25) (25,-25) (26,-27) (27,-27) (28,-25) (29,-22) (30,-21) (31,-18) (32,-15) (33,-13) (34,-9) (35,-8) (36,-7) (37,-5) (38,-3) (39,-1) (40,0) (41,1) (42,1) (43,2) (44,1) (45,-1) (46,-4) (47,-8) (48,-8) (49,-12) (50,-15) (51,-18) (52,-22) (53,-23) (54,-26) (55,-28) (56,-29) (57,-29) (58,-29) (59,-29) (60,-29) (61,-26) (62,-22) (63,-21) (64,-16) (65,-14) (66,-11) (67,-8) (68,-4) (69,-2) (70,1) (71,4) (72,5) (73,5) 
(99,-3) (74,5) (10,14) (9,14) (8,14) (5,12) (4,10) (0,1) (75,4) (76,4) (77,2) (78,2) (79,0) (80,-1) (81,-5) (82,-8) (83,-11) (84,-13) (85,-16) (86,-19) (87,-21) (88,-21) (89,-21) (90,-21) (91,-19) (92,-20) (93,-19) (94,-16) (95,-12) (96,-10) (97,-7) (98,-4) 
TD 2 :
(99,-3) (74,5) (10,14) (9,14) (8,14) (5,12) (4,10) (0,1) (3,7) (2,5) (1,2) 
(99,-3) (74,5) (10,14) (9,14) (8,14) (5,12) (4,10) (0,1) (3,7) (2,5) (1,2) 
(99,-3) (74,5) (10,14) (9,14) (8,14) (5,12) (4,10) (0,1) (3,7) (2,5) (1,2) 
(99,-3) (74,5) (10,14) (9,14) (8,14) (5,12) (4,10) (0,1) (7,13) (6,12) 
(99,-3) (74,5) (10,14) (9,14) (8,14) (5,12) (4,10) (0,1) (7,13) (6,12) 
(99,-3) (74,5) (10,14) (9,14) (8,14) (5,12) (4,10) (0,1) (7,13) (6,12) 
(99,-3) (74,5) (10,14) (9,14) (8,14) (5,12) (4,10) (0,1) (73,5) (11,12) (12,8) (13,6) (14,3) (15,0) (16,-2) (17,-7) (18,-12) (19,-16) (20,-18) (21,-20) (22,-22) (23,-24) (24,-25) (25,-25) (26,-27) (27,-27) (28,-25) (29,-22) (30,-21) (31,-18) (32,-15) (33,-13) (34,-9) (35,-8) (36,-7) (37,-5) (38,-3) (39,-1) (40,0) (41,1) (42,1) (43,2) (44,1) (45,-1) (46,-4) (47,-8) (48,-8) (49,-12) (50,-15) (51,-18) (52,-22) (53,-23) (54,-26) (55,-28) (56,-29) (57,-29) (58,-29) (59,-29) (60,-29) (61,-26) (62,-22) (63,-21) (64,-16) (65,-14) (66,-11) (67,-8) (68,-4) (69,-2) (70,1) (71,4) (72,5) 
(99,-3) (74,5) (10,14) (9,14) (8,14) (5,12) (4,10) (0,1) (73,5) 
(99,-3) (74,5) (10,14) (9,14) (8,14) (5,12) (4,10) (0,1) (98,-4) (76,4) (75,4) 
(99,-3) (74,5) (10,14) (9,14) (8,14) (5,12) (4,10) (0,1) (98,-4) (76,4) (77,2) (78,2) (79,0) (80,-1) (81,-5) (82,-8) (83,-11) (84,-13) (85,-16) (86,-19) (87,-21) (88,-21) (89,-21) (90,-21) (91,-19) (92,-20) (93,-19) (94,-16) (95,-12) (96,-10) (97,-7) 
TD 3 :
(99,-3) (74,5) (10,14) (9,14) (8,14) (5,12) (4,10) (0,1) (73,5) (72,5) (11,12) (12,8) (13,6) (14,3) (15,0) (16,-2) (17,-7) (18,-12) (19,-16) (20,-18) (21,-20) (22,-22) (23,-24) (24,-25) (25,-25) (26,-27) (27,-27) (28,-25) (29,-22) (30,-21) (31,-18) (32,-15) (33,-13) (34,-9) (35,-8) (36,-7) (37,-5) (38,-3) (39,-1) (40,0) (41,1) (42,1) (43,2) (44,1) (45,-1) (46,-4) (47,-8) (48,-8) (49,-12) (50,-15) (51,-18) (52,-22) (53,-23) (54,-26) (55,-28) (56,-29) (57,-29) (58,-29) (59,-29) (60,-29) (61,-26) (62,-22) (63,-21) (64,-16) (65,-14) (66,-11) (67,-8) (68,-4) (69,-2) (70,1) (71,4) 
(99,-3) (74,5) (10,14) (9,14) (8,14) (5,12) (4,10) (0,1) (73,5) (72,5) (11,12) 
(99,-3) (74,5) (10,14) (9,14) (8,14) (5,12) (4,10) (0,1) (98,-4) (76,4) (75,4) 
(99,-3) (74,5) (10,14) (9,14) (8,14) (5,12) (4,10) (0,1) (98,-4) (76,4) (75,4) 
(99,-3) (74,5) (10,14) (9,14) (8,14) (5,12) (4,10) (0,1) (98,-4) (76,4) (97,-7) (77,2) (78,2) (79,0) (80,-1) (81,-5) (82,-8) (83,-11) (84,-13) (85,-16) (86,-19) (87,-21) (88,-21) (89,-21) (90,-21) (91,-19) (92,-20) (93,-19) (94,-16) (95,-12) (96,-10) 
TD 4 :
(99,-3) (74,5) (10,14) (9,14) (8,14) (5,12) (4,10) (0,1) (73,5) (72,5) (11,12) (71,4) (12,8) (13,6) (14,3) (15,0) (16,-2) (17,-7) (18,-12) (19,-16) (20,-18) (21,-20) (22,-22) (23,-24) (24,-25) (25,-25) (26,-27) (27,-27) (28,-25) (29,-22) (30,-21) (31,-18) (32,-15) (33,-13) (34,-9) (35,-8) (36,-7) (37,-5) (38,-3) (39,-1) (40,0) (41,1) (42,1) (43,2) (44,1) (45,-1) (46,-4) (47,-8) (48,-8) (49,-12) (50,-15) (51,-18) (52,-22) (53,-23) (54,-26) (55,-28) (56,-29) (57,-29) (58,-29) (59,-29) (60,-29) (61,-26) (62,-22) (63,-21) (64,-16) (65,-14) (66,-11) (67,-8) (68,-4) (69,-2) (70,1) 
(99,-3) (74,5) (10,14) (9,14) (8,14) (5,12) (4,10) (0,1) (73,5) (72,5) (11,12) (71,4) (12,8) 
(99,-3) (74,5) (10,14) (9,14) (8,14) (5,12) (4,10) (0,1) (98,-4) (76,4) (97,-7) (96,-10) (78,2) (77,2) 
(99,-3) (74,5) (10,14) (9,14) (8,14) (5,12) (4,10) (0,1) (98,-4) (76,4) (97,-7) (96,-10) (78,2) (79,0) (80,-1) (81,-5) (82,-8) (83,-11) (84,-13) (85,-16) (86,-19) (87,-21) (88,-21) (89,-21) (90,-21) (91,-19) (92,-20) (93,-19) (94,-16) (95,-12) 
TD 5 :
(99,-3) (74,5) (10,14) (9,14) (8,14) (5,12) (4,10) (0,1) (73,5) (72,5) (11,12) (71,4) (12,8) (13,6) (14,3) (15,0) (16,-2) (17,-7) (18,-12) (19,-16) (20,-18) (21,-20) (22,-22) (23,-24) (24,-25) (25,-25) (26,-27) (27,-27) (28,-25) (29,-22) (30,-21) (31,-18) (32,-15) (33,-13) (34,-9) (35,-8) (36,-7) (37,-5) (38,-3) (39,-1) (40,0) (41,1) (42,1) (43,2) (44,1) (45,-1) (46,-4) (47,-8) (48,-8) (49,-12) (50,-15) (51,-18) (52,-22) (53,-23) (54,-26) (55,-28) (56,-29) (57,-29) (58,-29) (59,-29) (60,-29) (61,-26) (62,-22) (63,-21) (64,-16) (65,-14) (66,-11) (67,-8) (68,-4) (69,-2) (70,1) 
(99,-3) (74,5) (10,14) (9,14) (8,14) (5,12) (4,10) (0,1) (98,-4) (76,4) (97,-7) (96,-10) (78,2) (77,2) 
(99,-3) (74,5) (10,14) (9,14) (8,14) (5,12) (4,10) (0,1) (98,-4) (76,4) (97,-7) (96,-10) (78,2) (77,2) 
(99,-3) (74,5) (10,14) (9,14) (8,14) (5,12) (4,10) (0,1) (98,-4) (76,4) (97,-7) (96,-10) (78,2) (95,-12) (79,0) (80,-1) (81,-5) (82,-8) (83,-11) (84,-13) (85,-16) (86,-19) (87,-21) (88,-21) (89,-21) (90,-21) (91,-19) (92,-20) (93,-19) (94,-16) 
TD 6 :
(99,-3) (74,5) (10,14) (9,14) (8,14) (5,12) (4,10) (0,1) (73,5) (72,5) (11,12) (71,4) (12,8) (13,6) (70,1) (43,2) (14,3) (15,0) (16,-2) (17,-7) (18,-12) (19,-16) (20,-18) (21,-20) (22,-22) (23,-24) (24,-25) (25,-25) (26,-27) (27,-27) (28,-25) (29,-22) (30,-21) (31,-18) (32,-15) (33,-13) (34,-9) (35,-8) (36,-7) (37,-5) (38,-3) (39,-1) (40,0) (41,1) (42,1) 
(99,-3) (74,5) (10,14) (9,14) (8,14) (5,12) (4,10) (0,1) (73,5) (72,5) (11,12) (71,4) (12,8) (13,6) (70,1) (43,2) (14,3) (44,1) (45,-1) (46,-4) (47,-8) (48,-8) (49,-12) (50,-15) (51,-18) (52,-22) (53,-23) (54,-26) (55,-28) (56,-29) (57,-29) (58,-29) (59,-29) (60,-29) (61,-26) (62,-22) (63,-21) (64,-16) (65,-14) (66,-11) (67,-8) (68,-4) (69,-2) 
(99,-3) (74,5) (10,14) (9,14) (8,14) (5,12) (4,10) (0,1) (73,5) (72,5) (11,12) (71,4) (12,8) (13,6) (70,1) (43,2) (14,3) 
(99,-3) (74,5) (10,14) (9,14) (8,14) (5,12) (4,10) (0,1) (98,-4) (76,4) (97,-7) (96,-10) (78,2) (95,-12) (94,-16) (80,-1) (79,0) 
(99,-3) (74,5) (10,14) (9,14) (8,14) (5,12) (4,10) (0,1) (98,-4) (76,4) (97,-7) (96,-10) (78,2) (95,-12) (94,-16) (80,-1) (79,0) 
(99,-3) (74,5) (10,14) (9,14) (8,14) (5,12) (4,10) (0,1) (98,-4) (76,4) (97,-7) (96,-10) (78,2) (95,-12) (94,-16) (80,-1) (79,0) (81,-5) (82,-8) (83,-11) (84,-13) (85,-16) (86,-19) (87,-21) (88,-21) (89,-21) (90,-21) (91,-19) (92,-20) (93,-19) 
TD 7 :
(99,-3) (74,5) (10,14) (9,14) (8,14) (5,12) (4,10) (0,1) (73,5) (72,5) (11,12) (71,4) (12,8) (13,6) (70,1) (43,2) (14,3) (42,1) (41,1) (15,0) (16,-2) (17,-7) (18,-12) (19,-16) (20,-18) (21,-20) (22,-22) (23,-24) (24,-25) (25,-25) (26,-27) (27,-27) (28,-25) (29,-22) (30,-21) (31,-18) (32,-15) (33,-13) (34,-9) (35,-8) (36,-7) (37,-5) (38,-3) (39,-1) (40,0) 
(99,-3) (74,5) (10,14) (9,14) (8,14) (5,12) (4,10) (0,1) (73,5) (72,5) (11,12) (71,4) (12,8) (13,6) (70,1) (43,2) (14,3) (42,1) (41,1) (15,0) 
(99,-3) (74,5) (10,14) (9,14) (8,14) (5,12) (4,10) (0,1) (73,5) (72,5) (11,12) (71,4) (12,8) (13,6) (70,1) (43,2) (14,3) (42,1) (41,1) (15,0) 
(99,-3) (74,5) (10,14) (9,14) (8,14) (5,12) (4,10) (0,1) (73,5) (72,5) (11,12) (71,4) (12,8) (13,6) (70,1) (43,2) (14,3) (69,-2) (44,1) 
(99,-3) (74,5) (10,14) (9,14) (8,14) (5,12) (4,10) (0,1) (73,5) (72,5) (11,12) (71,4) (12,8) (13,6) (70,1) (43,2) (14,3) (69,-2) (44,1) (45,-1) (46,-4) (47,-8) (48,-8) (49,-12) (50,-15) (51,-18) (52,-22) (53,-23) (54,-26) (55,-28) (56,-29) (57,-29) (58,-29) (59,-29) (60,-29) (61,-26) (62,-22) (63,-21) (64,-16) (65,-14) (66,-11) (67,-8) (68,-4) 
(99,-3) (74,5) (10,14) (9,14) (8,14) (5,12) (4,10) (0,1) (73,5) (72,5) (11,12) (71,4) (12,8) (13,6) (70,1) (43,2) (14,3) (69,-2) (44,1) 
(99,-3) (74,5) (10,14) (9,14) (8,14) (5,12) (4,10) (0,1) (98,-4) (76,4) (97,-7) (96,-10) (78,2) (95,-12) (94,-16) (80,-1) (79,0) (93,-19) (81,-5) 
(99,-3) (74,5) (10,14) (9,14) (8,14) (5,12) (4,10) (0,1) (98,-4) (76,4) (97,-7) (96,-10) (78,2) (95,-12) (94,-16) (80,-1) (79,0) (93,-19) (81,-5) (82,-8) (83,-11) (84,-13) (85,-16) (86,-19) (87,-21) (88,-21) (89,-21) (90,-21) (91,-19) (92,-20) 
TD 8 :
(99,-3) (74,5) (10,14) (9,14) (8,14) (5,12) (4,10) (0,1) (73,5) (72,5) (11,12) (71,4) (12,8) (13,6) (70,1) (43,2) (14,3) (42,1) (41,1) (15,0) (40,0) (16,-2) (17,-7) (18,-12) (19,-16) (20,-18) (21,-20) (22,-22) (23,-24) (24,-25) (25,-25) (26,-27) (27,-27) (28,-25) (29,-22) (30,-21) (31,-18) (32,-15) (33,-13) (34,-9) (35,-8) (36,-7) (37,-5) (38,-3) (39,-1) 
(99,-3) (74,5) (10,14) (9,14) (8,14) (5,12) (4,10) (0,1) (73,5) (72,5) (11,12) (71,4) (12,8) (13,6) (70,1) (43,2) (14,3) (42,1) (41,1) (15,0) (40,0) (16,-2) 
(99,-3) (74,5) (10,14) (9,14) (8,14) (5,12) (4,10) (0,1) (73,5) (72,5) (11,12) (71,4) (12,8) (13,6) (70,1) (43,2) (14,3) (69,-2) (44,1) (68,-4) (45,-1) (46,-4) (47,-8) (48,-8) (49,-12) (50,-15) (51,-18) (52,-22) (53,-23) (54,-26) (55,-28) (56,-29) (57,-29) (58,-29) (59,-29) (60,-29) (61,-26) (62,-22) (63,-21) (64,-16) (65,-14) (66,-11) (67,-8) 
(99,-3) (74,5) (10,14) (9,14) (8,14) (5,12) (4,10) (0,1) (73,5) (72,5) (11,12) (71,4) (12,8) (13,6) (70,1) (43,2) (14,3) (69,-2) (44,1) (68,-4) 
(99,-3) (74,5) (10,14) (9,14) (8,14) (5,12) (4,10) (0,1) (98,-4) (76,4) (97,-7) (96,-10) (78,2) (95,-12) (94,-16) (80,-1) (79,0) (93,-19) (81,-5) (92,-20) (82,-8) 
(99,-3) (74,5) (10,14) (9,14) (8,14) (5,12) (4,10) (0,1) (98,-4) (76,4) (97,-7) (96,-10) (78,2) (95,-12) (94,-16) (80,-1) (79,0) (93,-19) (81,-5) (92,-20) (82,-8) (83,-11) (84,-13) (85,-16) (86,-19) (87,-21) (88,-21) (89,-21) (90,-21) (91,-19) 
TD 9 :
(99,-3) (74,5) (10,14) (9,14) (8,14) (5,12) (4,10) (0,1) (73,5) (72,5) (11,12) (71,4) (12,8) (13,6) (70,1) (43,2) (14,3) (42,1) (41,1) (15,0) (40,0) (16,-2) (39,-1) (17,-7) (18,-12) (19,-16) (20,-18) (21,-20) (22,-22) (23,-24) (24,-25) (25,-25) (26,-27) (27,-27) (28,-25) (29,-22) (30,-21) (31,-18) (32,-15) (33,-13) (34,-9) (35,-8) (36,-7) (37,-5) (38,-3) 
(99,-3) (74,5) (10,14) (9,14) (8,14) (5,12) (4,10) (0,1) (73,5) (72,5) (11,12) (71,4) (12,8) (13,6) (70,1) (43,2) (14,3) (42,1) (41,1) (15,0) (40,0) (16,-2) (39,-1) (17,-7) 
(99,-3) (74,5) (10,14) (9,14) (8,14) (5,12) (4,10) (0,1) (73,5) (72,5) (11,12) (71,4) (12,8) (13,6) (70,1) (43,2) (14,3) (69,-2) (44,1) (68,-4) (45,-1) 
(99,-3) (74,5) (10,14) (9,14) (8,14) (5,12) (4,10) (0,1) (73,5) (72,5) (11,12) (71,4) (12,8) (13,6) (70,1) (43,2) (14,3) (69,-2) (44,1) (68,-4) (45,-1) (46,-4) (47,-8) (48,-8) (49,-12) (50,-15) (51,-18) (52,-22) (53,-23) (54,-26) (55,-28) (56,-29) (57,-29) (58,-29) (59,-29) (60,-29) (61,-26) (62,-22) (63,-21) (64,-16) (65,-14) (66,-11) (67,-8) 
(99,-3) (74,5) (10,14) (9,14) (8,14) (5,12) (4,10) (0,1) (98,-4) (76,4) (97,-7) (96,-10) (78,2) (95,-12) (94,-16) (80,-1) (79,0) (93,-19) (81,-5) (92,-20) (82,-8) (91,-19) (83,-11) 
(99,-3) (74,5) (10,14) (9,14) (8,14) (5,12) (4,10) (0,1) (98,-4) (76,4) (97,-7) (96,-10) (78,2) (95,-12) (94,-16) (80,-1) (79,0) (93,-19) (81,-5) (92,-20) (82,-8) (91,-19) (83,-11) (84,-13) (85,-16) (86,-19) (87,-21) (88,-21) (89,-21) (90,-21) 
TD 10 :
(99,-3) (74,5) (10,14) (9,14) (8,14) (5,12) (4,10) (0,1) (73,5) (72,5) (11,12) (71,4) (12,8) (13,6) (70,1) (43,2) (14,3) (42,1) (41,1) (15,0) (40,0) (16,-2) (39,-1) (17,-7) (38,-3) (18,-12) (19,-16) (20,-18) (21,-20) (22,-22) (23,-24) (24,-25) (25,-25) (26,-27) (27,-27) (28,-25) (29,-22) (30,-21) (31,-18) (32,-15) (33,-13) (34,-9) (35,-8) (36,-7) (37,-5) 
(99,-3) (74,5) (10,14) (9,14) (8,14) (5,12) (4,10) (0,1) (73,5) (72,5) (11,12) (71,4) (12,8) (13,6) (70,1) (43,2) (14,3) (42,1) (41,1) (15,0) (40,0) (16,-2) (39,-1) (17,-7) (38,-3) (18,-12) 
(99,-3) (74,5) (10,14) (9,14) (8,14) (5,12) (4,10) (0,1) (73,5) (72,5) (11,12) (71,4) (12,8) (13,6) (70,1) (43,2) (14,3) (69,-2) (44,1) (68,-4) (45,-1) (67,-8) (46,-4) 
(99,-3) (74,5) (10,14) (9,14) (8,14) (5,12) (4,10) (0,1) (73,5) (72,5) (11,12) (71,4) (12,8) (13,6) (70,1) (43,2) (14,3) (69,-2) (44,1) (68,-4) (45,-1) (67,-8) (46,-4) (47,-8) (48,-8) (49,-12) (50,-15) (51,-18) (52,-22) (53,-23) (54,-26) (55,-28) (56,-29) (57,-29) (58,-29) (59,-29) (60,-29) (61,-26) (62,-22) (63,-21) (64,-16) (65,-14) (66,-11) 
(99,-3) (74,5) (10,14) (9,14) (8,14) (5,12) (4,10) (0,1) (73,5) (72,5) (11,12) (71,4) (12,8) (13,6) (70,1) (43,2) (14,3) (69,-2) (44,1) (68,-4) (45,-1) (67,-8) (46,-4) 
(99,-3) (74,5) (10,14) (9,14) (8,14) (5,12) (4,10) (0,1) (98,-4) (76,4) (97,-7) (96,-10) (78,2) (95,-12) (94,-16) (80,-1) (79,0) (93,-19) (81,-5) (92,-20) (82,-8) (91,-19) (83,-11) (90,-21) (84,-13) 
(99,-3) (74,5) (10,14) (9,14) (8,14) (5,12) (4,10) (0,1) (98,-4) (76,4) (97,-7) (96,-10) (78,2) (95,-12) (94,-16) (80,-1) (79,0) (93,-19) (81,-5) (92,-20) (82,-8) (91,-19) (83,-11) (90,-21) (84,-13) (85,-16) (86,-19) (87,-21) (88,-21) (89,-21) 
TD 11 :
(99,-3) (74,5) (10,14) (9,14) (8,14) (5,12) (4,10) (0,1) (73,5) (72,5) (11,12) (71,4) (12,8) (13,6) (70,1) (43,2) (14,3) (42,1) (41,1) (15,0) (40,0) (16,-2) (39,-1) (17,-7) (38,-3) (18,-12) (37,-5) (19,-16) (20,-18) (21,-20) (22,-22) (23,-24) (24,-25) (25,-25) (26,-27) (27,-27) (28,-25) (29,-22) (30,-21) (31,-18) (32,-15) (33,-13) (34,-9) (35,-8) (36,-7) 
(99,-3) (74,5) (10,14) (9,14) (8,14) (5,12) (4,10) (0,1) (73,5) (72,5) (11,12) (71,4) (12,8) (13,6) (70,1) (43,2) (14,3) (42,1) (41,1) (15,0) (40,0) (16,-2) (39,-1) (17,-7) (38,-3) (18,-12) (37,-5) (19,-16) 
(99,-3) (74,5) (10,14) (9,14) (8,14) (5,12) (4,10) (0,1) (73,5) (72,5) (11,12) (71,4) (12,8) (13,6) (70,1) (43,2) (14,3) (69,-2) (44,1) (68,-4) (45,-1) (67,-8) (46,-4) (66,-11) (47,-8) (48,-8) (49,-12) (50,-15) (51,-18) (52,-22) (53,-23) (54,-26) (55,-28) (56,-29) (57,-29) (58,-29) (59,-29) (60,-29) (61,-26) (62,-22) (63,-21) (64,-16) (65,-14) 
(99,-3) (74,5) (10,14) (9,14) (8,14) (5,12) (4,10) (0,1) (73,5) (72,5) (11,12) (71,4) (12,8) (13,6) (70,1) (43,2) (14,3) (69,-2) (44,1) (68,-4) (45,-1) (67,-8) (46,-4) (66,-11) 
(99,-3) (74,5) (10,14) (9,14) (8,14) (5,12) (4,10) (0,1) (98,-4) (76,4) (97,-7) (96,-10) (78,2) (95,-12) (94,-16) (80,-1) (79,0) (93,-19) (81,-5) (92,-20) (82,-8) (91,-19) (83,-11) (90,-21) (84,-13) (89,-21) (85,-16) 
(99,-3) (74,5) (10,14) (9,14) (8,14) (5,12) (4,10) (0,1) (98,-4) (76,4) (97,-7) (96,-10) (78,2) (95,-12) (94,-16) (80,-1) (79,0) (93,-19) (81,-5) (92,-20) (82,-8) (91,-19) (83,-11) (90,-21) (84,-13) (89,-21) (85,-16) (86,-19) (87,-21) (88,-21) 
TD 12 :
(99,-3) (74,5) (10,14) (9,14) (8,14) (5,12) (4,10) (0,1) (73,5) (72,5) (11,12) (71,4) (12,8) (13,6) (70,1) (43,2) (14,3) (42,1) (41,1) (15,0) (40,0) (16,-2) (39,-1) (17,-7) (38,-3) (18,-12) (37,-5) (19,-16) (36,-7) (20,-18) (21,-20) (22,-22) (23,-24) (24,-25) (25,-25) (26,-27) (27,-27) (28,-25) (29,-22) (30,-21) (31,-18) (32,-15) (33,-13) (34,-9) (35,-8) 
(99,-3) (74,5) (10,14) (9,14) (8,14) (5,12) (4,10) (0,1) (73,5) (72,5) (11,12) (71,4) (12,8) (13,6) (70,1) (43,2) (14,3) (42,1) (41,1) (15,0) (40,0) (16,-2) (39,-1) (17,-7) (38,-3) (18,-12) (37,-5) (19,-16) (36,-7) (20,-18) 
(99,-3) (74,5) (10,14) (9,14) (8,14) (5,12) (4,10) (0,1) (73,5) (72,5) (11,12) (71,4) (12,8) (13,6) (70,1) (43,2) (14,3) (69,-2) (44,1) (68,-4) (45,-1) (67,-8) (46,-4) (66,-11) (48,-8) (47,-8) 
(99,-3) (74,5) (10,14) (9,14) (8,14) (5,12) (4,10) (0,1) (73,5) (72,5) (11,12) (71,4) (12,8) (13,6) (70,1) (43,2) (14,3) (69,-2) (44,1) (68,-4) (45,-1) (67,-8) (46,-4) (66,-11) (48,-8) (49,-12) (50,-15) (51,-18) (52,-22) (53,-23) (54,-26) (55,-28) (56,-29) (57,-29) (58,-29) (59,-29) (60,-29) (61,-26) (62,-22) (63,-21) (64,-16) (65,-14) 
(99,-3) (74,5) (10,14) (9,14) (8,14) (5,12) (4,10) (0,1) (98,-4) (76,4) (97,-7) (96,-10) (78,2) (95,-12) (94,-16) (80,-1) (79,0) (93,-19) (81,-5) (92,-20) (82,-8) (91,-19) (83,-11) (90,-21) (84,-13) (89,-21) (85,-16) (88,-21) (86,-19) 
(99,-3) (74,5) (10,14) (9,14) (8,14) (5,12) (4,10) (0,1) (98,-4) (76,4) (97,-7) (96,-10) (78,2) (95,-12) (94,-16) (80,-1) (79,0) (93,-19) (81,-5) (92,-20) (82,-8) (91,-19) (83,-11) (90,-21) (84,-13) (89,-21) (85,-16) (88,-21) (86,-19) (87,-21) 
TD 13 :
(99,-3) (74,5) (10,14) (9,14) (8,14) (5,12) (4,10) (0,1) (73,5) (72,5) (11,12) (71,4) (12,8) (13,6) (70,1) (43,2) (14,3) (42,1) (41,1) (15,0) (40,0) (16,-2) (39,-1) (17,-7) (38,-3) (18,-12) (37,-5) (19,-16) (36,-7) (20,-18) (35,-8) (21,-20) (22,-22) (23,-24) (24,-25) (25,-25) (26,-27) (27,-27) (28,-25) (29,-22) (30,-21) (31,-18) (32,-15) (33,-13) (34,-9) 
(99,-3) (74,5) (10,14) (9,14) (8,14) (5,12) (4,10) (0,1) (73,5) (72,5) (11,12) (71,4) (12,8) (13,6) (70,1) (43,2) (14,3) (42,1) (41,1) (15,0) (40,0) (16,-2) (39,-1) (17,-7) (38,-3) (18,-12) (37,-5) (19,-16) (36,-7) (20,-18) (35,-8) (21,-20) 
(99,-3) (74,5) (10,14) (9,14) (8,14) (5,12) (4,10) (0,1) (73,5) (72,5) (11,12) (71,4) (12,8) (13,6) (70,1) (43,2) (14,3) (69,-2) (44,1) (68,-4) (45,-1) (67,-8) (46,-4) (66,-11) (48,-8) (47,-8) 
(99,-3) (74,5) (10,14) (9,14) (8,14) (5,12) (4,10) (0,1) (73,5) (72,5) (11,12) (71,4) (12,8) (13,6) (70,1) (43,2) (14,3) (69,-2) (44,1) (68,-4) (45,-1) (67,-8) (46,-4) (66,-11) (48,-8) (47,-8) 
(99,-3) (74,5) (10,14) (9,14) (8,14) (5,12) (4,10) (0,1) (98,-4) (76,4) (97,-7) (96,-10) (78,2) (95,-12) (94,-16) (80,-1) (79,0) (93,-19) (81,-5) (92,-20) (82,-8) (91,-19) (83,-11) (90,-21) (84,-13) (89,-21) (85,-16) (88,-21) (86,-19) (87,-21) 
TD 14 :
(99,-3) (74,5) (10,14) (9,14) (8,14) (5,12) (4,10) (0,1) (73,5) (72,5) (11,12) (71,4) (12,8) (13,6) (70,1) (43,2) (14,3) (42,1) (41,1) (15,0) (40,0) (16,-2) (39,-1) (17,-7) (38,-3) (18,-12) (37,-5) (19,-16) (36,-7) (20,-18) (35,-8) (21,-20) (34,-9) (22,-22) (23,-24) (24,-25) (25,-25) (26,-27) (27,-27) (28,-25) (29,-22) (30,-21) (31,-18) (32,-15) (33,-13) 
(99,-3) (74,5) (10,14) (9,14) (8,14) (5,12) (4,10) (0,1) (73,5) (72,5) (11,12) (71,4) (12,8) (13,6) (70,1) (43,2) (14,3) (42,1) (41,1) (15,0) (40,0) (16,-2) (39,-1) (17,-7) (38,-3) (18,-12) (37,-5) (19,-16) (36,-7) (20,-18) (35,-8) (21,-20) (34,-9) (22,-22) 
TD 15 :
(99,-3) (74,5) (10,14) (9,14) (8,14) (5,12) (4,10) (0,1) (73,5) (72,5) (11,12) (71,4) (12,8) (13,6) (70,1) (43,2) (14,3) (42,1) (41,1) (15,0) (40,0) (16,-2) (39,-1) (17,-7) (38,-3) (18,-12) (37,-5) (19,-16) (36,-7) (20,-18) (35,-8) (21,-20) (34,-9) (22,-22) (33,-13) (23,-24) (24,-25) (25,-25) (26,-27) (27,-27) (28,-25) (29,-22) (30,-21) (31,-18) (32,-15) 
(99,-3) (74,5) (10,14) (9,14) (8,14) (5,12) (4,10) (0,1) (73,5) (72,5) (11,12) (71,4) (12,8) (13,6) (70,1) (43,2) (14,3) (42,1) (41,1) (15,0) (40,0) (16,-2) (39,-1) (17,-7) (38,-3) (18,-12) (37,-5) (19,-16) (36,-7) (20,-18) (35,-8) (21,-20) (34,-9) (22,-22) (33,-13) (23,-24) 
TD 16 :
(99,-3) (74,5) (10,14) (9,14) (8,14) (5,12) (4,10) (0,1) (73,5) (72,5) (11,12) (71,4) (12,8) (13,6) (70,1) (43,2) (14,3) (42,1) (41,1) (15,0) (40,0) (16,-2) (39,-1) (17,-7) (38,-3) (18,-12) (37,-5) (19,-16) (36,-7) (20,-18) (35,-8) (21,-20) (34,-9) (22,-22) (33,-13) (23,-24) (32,-15) (24,-25) (25,-25) (26,-27) (27,-27) (28,-25) (29,-22) (30,-21) (31,-18) 
(99,-3) (74,5) (10,14) (9,14) (8,14) (5,12) (4,10) (0,1) (73,5) (72,5) (11,12) (71,4) (12,8) (13,6) (70,1) (43,2) (14,3) (42,1) (41,1) (15,0) (40,0) (16,-2) (39,-1) (17,-7) (38,-3) (18,-12) (37,-5) (19,-16) (36,-7) (20,-18) (35,-8) (21,-20) (34,-9) (22,-22) (33,-13) (23,-24) (32,-15) (24,-25) 
TD 17 :
(99,-3) (74,5) (10,14) (9,14) (8,14) (5,12) (4,10) (0,1) (73,5) (72,5) (11,12) (71,4) (12,8) (13,6) (70,1) (43,2) (14,3) (42,1) (41,1) (15,0) (40,0) (16,-2) (39,-1) (17,-7) (38,-3) (18,-12) (37,-5) (19,-16) (36,-7) (20,-18) (35,-8) (21,-20) (34,-9) (22,-22) (33,-13) (23,-24) (32,-15) (24,-25) (31,-18) (25,-25) (26,-27) (27,-27) (28,-25) (29,-22) (30,-21) 
(99,-3) (74,5) (10,14) (9,14) (8,14) (5,12) (4,10) (0,1) (73,5) (72,5) (11,12) (71,4) (12,8) (13,6) (70,1) (43,2) (14,3) (42,1) (41,1) (15,0) (40,0) (16,-2) (39,-1) (17,-7) (38,-3) (18,-12) (37,-5) (19,-16) (36,-7) (20,-18) (35,-8) (21,-20) (34,-9) (22,-22) (33,-13) (23,-24) (32,-15) (24,-25) (31,-18) (25,-25) 
TD 18 :
(99,-3) (74,5) (10,14) (9,14) (8,14) (5,12) (4,10) (0,1) (73,5) (72,5) (11,12) (71,4) (12,8) (13,6) (70,1) (43,2) (14,3) (42,1) (41,1) (15,0) (40,0) (16,-2) (39,-1) (17,-7) (38,-3) (18,-12) (37,-5) (19,-16) (36,-7) (20,-18) (35,-8) (21,-20) (34,-9) (22,-22) (33,-13) (23,-24) (32,-15) (24,-25) (31,-18) (25,-25) (30,-21) (29,-22) (26,-27) (27,-27) (28,-25) 
(99,-3) (74,5) (10,14) (9,14) (8,14) (5,12) (4,10) (0,1) (73,5) (72,5) (11,12) (71,4) (12,8) (13,6) (70,1) (43,2) (14,3) (42,1) (41,1) (15,0) (40,0) (16,-2) (39,-1) (17,-7) (38,-3) (18,-12) (37,-5) (19,-16) (36,-7) (20,-18) (35,-8) (21,-20) (34,-9) (22,-22) (33,-13) (23,-24) (32,-15) (24,-25) (31,-18) (25,-25) (30,-21) (29,-22) (26,-27) 
(99,-3) (74,5) (10,14) (9,14) (8,14) (5,12) (4,10) (0,1) (73,5) (72,5) (11,12) (71,4) (12,8) (13,6) (70,1) (43,2) (14,3) (42,1) (41,1) (15,0) (40,0) (16,-2) (39,-1) (17,-7) (38,-3) (18,-12) (37,-5) (19,-16) (36,-7) (20,-18) (35,-8) (21,-20) (34,-9) (22,-22) (33,-13) (23,-24) (32,-15) (24,-25) (31,-18) (25,-25) (30,-21) (29,-22) (26,-27) 
TD 19 :
(99,-3) (74,5) (10,14) (9,14) (8,14) (5,12) (4,10) (0,1) (73,5) (72,5) (11,12) (71,4) (12,8) (13,6) (70,1) (43,2) (14,3) (42,1) (41,1) (15,0) (40,0) (16,-2) (39,-1) (17,-7) (38,-3) (18,-12) (37,-5) (19,-16) (36,-7) (20,-18) (35,-8) (21,-20) (34,-9) (22,-22) (33,-13) (23,-24) (32,-15) (24,-25) (31,-18) (25,-25) (30,-21) (29,-22) (26,-27) (28,-25) (27,-27) 
(99,-3) (74,5) (10,14) (9,14) (8,14) (5,12) (4,10) (0,1) (73,5) (72,5) (11,12) (71,4) (12,8) (13,6) (70,1) (43,2) (14,3) (42,1) (41,1) (15,0) (40,0) (16,-2) (39,-1) (17,-7) (38,-3) (18,-12) (37,-5) (19,-16) (36,-7) (20,-18) (35,-8) (21,-20) (34,-9) (22,-22) (33,-13) (23,-24) (32,-15) (24,-25) (31,-18) (25,-25) (30,-21) (29,-22) (26,-27) (28,-25) (27,-27) 
TD 20 :
TD 21 :
Pocket 0 :
()
Pocket 1 :
({  (0,1) ,(1,2) } {  (3,7) ,(4,10) } {  (0,1) ,(1,2) } {  (3,7) ,(4,10) } {  (0,1) ,(1,2) } {  (3,7) ,(4,10) } {  (0,1) ,(1,2) } {  (3,7) ,(4,10) } {  (0,1) ,(1,2) } {  (3,7) ,(4,10) } {  (0,1) ,(1,2) } {  (3,7) ,(4,10) } {  (0,1) ,(1,2) } {  (3,7) ,(4,10) } )
Pocket 2 :
({  (1,2) ,(0,1) } {  (3,7) ,(2,5) } {  (1,2) ,(0,1) } {  (3,7) ,(2,5) } {  (1,2) ,(0,1) } {  (3,7) ,(2,5) } {  (7,13) ,(6,12) } {  (7,13) ,(6,12) } {  (7,13) ,(6,12) } {  (99,-3) ,(73,5) } {  (99,-3) ,(73,5) } {  (77,2) ,(76,4) } {  (77,2) ,(76,4) } )
Pocket 3 :
({  (11,12) ,(73,5) } {  (99,-3) ,(72,5) } {  (11,12) ,(73,5) } {  (99,-3) ,(72,5) } {  (99,-3) ,(75,4) } {  (99,-3) ,(75,4) } {  (99,-3) ,(97,-7) } )
Pocket 4 :
({  (12,8) ,(11,12) } {  (99,-3) ,(71,4) } {  (12,8) ,(11,12) } {  (99,-3) ,(71,4) } {  (79,0) ,(78,2) } {  (79,0) ,(78,2) } )
Pocket 5 :
({  (13,6) ,(12,8) } {  (99,-3) ,(77,2) } {  (99,-3) ,(77,2) } {  (99,-3) ,(95,-12) } )
Pocket 6 :
({  (14,3) ,(13,6) } {  (44,1) ,(43,2) } {  (14,3) ,(13,6) } {  (44,1) ,(43,2) } {  (14,3) ,(13,6) } {  (44,1) ,(43,2) } {  (80,-1) ,(79,0) } {  (80,-1) ,(79,0) } {  (80,-1) ,(79,0) } )
Pocket 7 :
({  (15,0) ,(14,3) } {  (42,1) ,(41,1) } {  (15,0) ,(14,3) } {  (42,1) ,(41,1) } {  (15,0) ,(14,3) } {  (42,1) ,(41,1) } {  (45,-1) ,(44,1) } {  (45,-1) ,(44,1) } {  (45,-1) ,(44,1) } {  (82,-8) ,(81,-5) } {  (82,-8) ,(81,-5) } )
Pocket 8 :
({  (16,-2) ,(15,0) } {  (99,-3) ,(40,0) } {  (16,-2) ,(15,0) } {  (99,-3) ,(40,0) } {  (99,-3) ,(68,-4) } {  (99,-3) ,(68,-4) } {  (83,-11) ,(82,-8) } {  (83,-11) ,(82,-8) } )
Pocket 9 :
({  (17,-7) ,(16,-2) } {  (99,-3) ,(39,-1) } {  (17,-7) ,(16,-2) } {  (99,-3) ,(39,-1) } {  (46,-4) ,(45,-1) } {  (46,-4) ,(45,-1) } {  (84,-13) ,(83,-11) } {  (84,-13) ,(83,-11) } )
Pocket 10 :
({  (18,-12) ,(17,-7) } {  (99,-3) ,(38,-3) } {  (18,-12) ,(17,-7) } {  (99,-3) ,(38,-3) } {  (47,-8) ,(46,-4) } {  (47,-8) ,(46,-4) } {  (47,-8) ,(46,-4) } {  (85,-16) ,(84,-13) } {  (85,-16) ,(84,-13) } )
Pocket 11 :
({  (19,-16) ,(18,-12) } {  (99,-3) ,(37,-5) } {  (19,-16) ,(18,-12) } {  (99,-3) ,(37,-5) } {  (99,-3) ,(66,-11) } {  (99,-3) ,(66,-11) } {  (86,-19) ,(85,-16) } {  (86,-19) ,(85,-16) } )
Pocket 12 :
({  (20,-18) ,(19,-16) } {  (99,-3) ,(36,-7) } {  (20,-18) ,(19,-16) } {  (99,-3) ,(36,-7) } {  (49,-12) ,(48,-8) } {  (49,-12) ,(48,-8) } {  (87,-21) ,(86,-19) } {  (87,-21) ,(86,-19) } )
Pocket 13 :
({  (21,-20) ,(20,-18) } {  (99,-3) ,(35,-8) } {  (21,-20) ,(20,-18) } {  (99,-3) ,(35,-8) } {  (99,-3) ,(47,-8) } {  (99,-3) ,(47,-8) } {  (99,-3) ,(87,-21) } )
Pocket 14 :
({  (22,-22) ,(21,-20) } {  (99,-3) ,(34,-9) } {  (22,-22) ,(21,-20) } {  (99,-3) ,(34,-9) } )
Pocket 15 :
({  (23,-24) ,(22,-22) } {  (99,-3) ,(33,-13) } {  (23,-24) ,(22,-22) } {  (99,-3) ,(33,-13) } )
Pocket 16 :
({  (24,-25) ,(23,-24) } {  (99,-3) ,(32,-15) } {  (24,-25) ,(23,-24) } {  (99,-3) ,(32,-15) } )
Pocket 17 :
({  (25,-25) ,(24,-25) } {  (99,-3) ,(31,-18) } {  (25,-25) ,(24,-25) } {  (99,-3) ,(31,-18) } )
Pocket 18 :
({  (26,-27) ,(25,-25) } {  (30,-21) ,(29,-22) } {  (26,-27) ,(25,-25) } {  (30,-21) ,(29,-22) } {  (26,-27) ,(25,-25) } {  (30,-21) ,(29,-22) } )
Pocket 19 :
({  (27,-27) ,(26,-27) } {  (99,-3) ,(28,-25) } {  (27,-27) ,(26,-27) } {  (99,-3) ,(28,-25) } )
Pocket 20 :
()
