3 layers in onion peeling: 
Layer 1
(32,0) (31,5) (30,8) (29,11) (27,15) (26,16) (25,17) (23,19) (22,20) (21,21) (19,21) (13,21) (11,21) (10,20) (9,19) (7,17) (6,16) (5,15) (3,11) (2,8) (1,5) (0,0) 
Layer 2
(28,12) (24,16) (20,20) (18,20) (14,20) (12,20) (8,16) (4,12) 
Layer 3
(17,19) (15,19) 
---------------------------------------------------------------------------------------
TD 0 :
(32,0) (31,5) (30,8) (29,11) (28,12) (27,15) (26,16) (25,17) (24,16) (23,19) (22,20) (21,21) (20,20) (19,21) (18,20) (17,19) (16,16) (15,19) (14,20) (13,21) (12,20) (11,21) (10,20) (9,19) (8,16) (7,17) (6,16) (5,15) (4,12) (3,11) (2,8) (1,5) (0,0) 
TD 1 :
(32,0) (31,5) (30,8) (29,11) (27,15) (26,16) (25,17) (23,19) (22,20) (21,21) (19,21) (13,21) (11,21) (10,20) (9,19) (7,17) (6,16) (5,15) (3,11) (2,8) (1,5) (0,0) 
(32,0) (31,5) (30,8) (29,11) (27,15) (26,16) (25,17) (23,19) (22,20) (21,21) (19,21) (13,21) (11,21) (10,20) (9,19) (7,17) (6,16) (5,15) (3,11) (2,8) (1,5) (0,0) 
(32,0) (31,5) (30,8) (29,11) (27,15) (26,16) (25,17) (23,19) (22,20) (21,21) (19,21) (13,21) (11,21) (10,20) (9,19) (7,17) (6,16) (5,15) (3,11) (2,8) (1,5) (0,0) 
(32,0) (31,5) (30,8) (29,11) (27,15) (26,16) (25,17) (23,19) (22,20) (21,21) (19,21) (13,21) (11,21) (10,20) (9,19) (7,17) (6,16) (5,15) (3,11) (2,8) (1,5) (0,0) (4,12) 
(32,0) (31,5) (30,8) (29,11) (27,15) (26,16) (25,17) (23,19) (22,20) (21,21) (19,21) (13,21) (11,21) (10,20) (9,19) (7,17) (6,16) (5,15) (3,11) (2,8) (1,5) (0,0) 
(32,0) (31,5) (30,8) (29,11) (27,15) (26,16) (25,17) (23,19) (22,20) (21,21) (19,21) (13,21) (11,21) (10,20) (9,19) (7,17) (6,16) (5,15) (3,11) (2,8) (1,5) (0,0) 
(32,0) (31,5) (30,8) (29,11) (27,15) (26,16) (25,17) (23,19) (22,20) (21,21) (19,21) (13,21) (11,21) (10,20) (9,19) (7,17) (6,16) (5,15) (3,11) (2,8) (1,5) (0,0) (8,16) 
(32,0) (31,5) (30,8) (29,11) (27,15) (26,16) (25,17) (23,19) (22,20) (21,21) (19,21) (13,21) (11,21) (10,20) (9,19) (7,17) (6,16) (5,15) (3,11) (2,8) (1,5) (0,0) 
(32,0) (31,5) (30,8) (29,11) (27,15) (26,16) (25,17) (23,19) (22,20) (21,21) (19,21) (13,21) (11,21) (10,20) (9,19) (7,17) (6,16) (5,15) (3,11) (2,8) (1,5) (0,0) 
(32,0) (31,5) (30,8) (29,11) (27,15) (26,16) (25,17) (23,19) (22,20) (21,21) (19,21) (13,21) (11,21) (10,20) (9,19) (7,17) (6,16) (5,15) (3,11) (2,8) (1,5) (0,0) (12,20) 
(32,0) (31,5) (30,8) (29,11) (27,15) (26,16) (25,17) (23,19) (22,20) (21,21) (19,21) (13,21) (11,21) (10,20) (9,19) (7,17) (6,16) (5,15) (3,11) (2,8) (1,5) (0,0) (14,20) (15,19) (16,16) (17,19) (18,20) 
(32,0) (31,5) (30,8) (29,11) (27,15) (26,16) (25,17) (23,19) (22,20) (21,21) (19,21) (13,21) (11,21) (10,20) (9,19) (7,17) (6,16) (5,15) (3,11) (2,8) (1,5) (0,0) (20,20) 
(32,0) (31,5) (30,8) (29,11) (27,15) (26,16) (25,17) (23,19) (22,20) (21,21) (19,21) (13,21) (11,21) (10,20) (9,19) (7,17) (6,16) (5,15) (3,11) (2,8) (1,5) (0,0) 
(32,0) (31,5) (30,8) (29,11) (27,15) (26,16) (25,17) (23,19) (22,20) (21,21) (19,21) (13,21) (11,21) (10,20) (9,19) (7,17) (6,16) (5,15) (3,11) (2,8) (1,5) (0,0) 
(32,0) (31,5) (30,8) (29,11) (27,15) (26,16) (25,17) (23,19) (22,20) (21,21) (19,21) (13,21) (11,21) (10,20) (9,19) (7,17) (6,16) (5,15) (3,11) (2,8) (1,5) (0,0) (24,16) 
(32,0) (31,5) (30,8) (29,11) (27,15) (26,16) (25,17) (23,19) (22,20) (21,21) (19,21) (13,21) (11,21) (10,20) (9,19) (7,17) (6,16) (5,15) (3,11) (2,8) (1,5) (0,0) 
(32,0) (31,5) (30,8) (29,11) (27,15) (26,16) (25,17) (23,19) (22,20) (21,21) (19,21) (13,21) (11,21) (10,20) (9,19) (7,17) (6,16) (5,15) (3,11) (2,8) (1,5) (0,0) 
(32,0) (31,5) (30,8) (29,11) (27,15) (26,16) (25,17) (23,19) (22,20) (21,21) (19,21) (13,21) (11,21) (10,20) (9,19) (7,17) (6,16) (5,15) (3,11) (2,8) (1,5) (0,0) (28,12) 
(32,0) (31,5) (30,8) (29,11) (27,15) (26,16) (25,17) (23,19) (22,20) (21,21) (19,21) (13,21) (11,21) (10,20) (9,19) (7,17) (6,16) (5,15) (3,11) (2,8) (1,5) (0,0) 
(32,0) (31,5) (30,8) (29,11) (27,15) (26,16) (25,17) (23,19) (22,20) (21,21) (19,21) (13,21) (11,21) (10,20) (9,19) (7,17) (6,16) (5,15) (3,11) (2,8) (1,5) (0,0) 
(32,0) (31,5) (30,8) (29,11) (27,15) (26,16) (25,17) (23,19) (22,20) (21,21) (19,21) (13,21) (11,21) (10,20) (9,19) (7,17) (6,16) (5,15) (3,11) (2,8) (1,5) (0,0) 
TD 2 :
(32,0) (31,5) (30,8) (29,11) (27,15) (26,16) (25,17) (23,19) (22,20) (21,21) (19,21) (13,21) (11,21) (10,20) (9,19) (7,17) (6,16) (5,15) (3,11) (2,8) (1,5) (0,0) (4,12) 
(32,0) (31,5) (30,8) (29,11) (27,15) (26,16) (25,17) (23,19) (22,20) (21,21) (19,21) (13,21) (11,21) (10,20) (9,19) (7,17) (6,16) (5,15) (3,11) (2,8) (1,5) (0,0) (8,16) 
(32,0) (31,5) (30,8) (29,11) (27,15) (26,16) (25,17) (23,19) (22,20) (21,21) (19,21) (13,21) (11,21) (10,20) (9,19) (7,17) (6,16) (5,15) (3,11) (2,8) (1,5) (0,0) (8,16) 
(32,0) (31,5) (30,8) (29,11) (27,15) (26,16) (25,17) (23,19) (22,20) (21,21) (19,21) (13,21) (11,21) (10,20) (9,19) (7,17) (6,16) (5,15) (3,11) (2,8) (1,5) (0,0) (12,20) 
(32,0) (31,5) (30,8) (29,11) (27,15) (26,16) (25,17) (23,19) (22,20) (21,21) (19,21) (13,21) (11,21) (10,20) (9,19) (7,17) (6,16) (5,15) (3,11) (2,8) (1,5) (0,0) (12,20) 
(32,0) (31,5) (30,8) (29,11) (27,15) (26,16) (25,17) (23,19) (22,20) (21,21) (19,21) (13,21) (11,21) (10,20) (9,19) (7,17) (6,16) (5,15) (3,11) (2,8) (1,5) (0,0) (18,20) (14,20) 
(32,0) (31,5) (30,8) (29,11) (27,15) (26,16) (25,17) (23,19) (22,20) (21,21) (19,21) (13,21) (11,21) (10,20) (9,19) (7,17) (6,16) (5,15) (3,11) (2,8) (1,5) (0,0) (18,20) (14,20) (15,19) (16,16) (17,19) 
(32,0) (31,5) (30,8) (29,11) (27,15) (26,16) (25,17) (23,19) (22,20) (21,21) (19,21) (13,21) (11,21) (10,20) (9,19) (7,17) (6,16) (5,15) (3,11) (2,8) (1,5) (0,0) (18,20) (14,20) 
(32,0) (31,5) (30,8) (29,11) (27,15) (26,16) (25,17) (23,19) (22,20) (21,21) (19,21) (13,21) (11,21) (10,20) (9,19) (7,17) (6,16) (5,15) (3,11) (2,8) (1,5) (0,0) (20,20) 
(32,0) (31,5) (30,8) (29,11) (27,15) (26,16) (25,17) (23,19) (22,20) (21,21) (19,21) (13,21) (11,21) (10,20) (9,19) (7,17) (6,16) (5,15) (3,11) (2,8) (1,5) (0,0) (20,20) 
(32,0) (31,5) (30,8) (29,11) (27,15) (26,16) (25,17) (23,19) (22,20) (21,21) (19,21) (13,21) (11,21) (10,20) (9,19) (7,17) (6,16) (5,15) (3,11) (2,8) (1,5) (0,0) (24,16) 
(32,0) (31,5) (30,8) (29,11) (27,15) (26,16) (25,17) (23,19) (22,20) (21,21) (19,21) (13,21) (11,21) (10,20) (9,19) (7,17) (6,16) (5,15) (3,11) (2,8) (1,5) (0,0) (24,16) 
(32,0) (31,5) (30,8) (29,11) (27,15) (26,16) (25,17) (23,19) (22,20) (21,21) (19,21) (13,21) (11,21) (10,20) (9,19) (7,17) (6,16) (5,15) (3,11) (2,8) (1,5) (0,0) (28,12) 
TD 3 :
(32,0) (31,5) (30,8) (29,11) (27,15) (26,16) (25,17) (23,19) (22,20) (21,21) (19,21) (13,21) (11,21) (10,20) (9,19) (7,17) (6,16) (5,15) (3,11) (2,8) (1,5) (0,0) (18,20) (14,20) (17,19) (15,19) (16,16) 
Pocket 0 :
()
Pocket 1 :
({  (0,0) ,(1,5) } {  (0,0) ,(1,5) } {  (0,0) ,(1,5) } {  (0,0) ,(1,5) } {  (0,0) ,(1,5) } {  (0,0) ,(1,5) } {  (0,0) ,(1,5) } {  (0,0) ,(1,5) } {  (0,0) ,(1,5) } {  (0,0) ,(1,5) } {  (0,0) ,(1,5) } {  (0,0) ,(1,5) } {  (0,0) ,(1,5) } {  (0,0) ,(1,5) } {  (0,0) ,(1,5) } {  (0,0) ,(1,5) } {  (0,0) ,(1,5) } {  (0,0) ,(1,5) } {  (0,0) ,(1,5) } {  (0,0) ,(1,5) } {  (0,0) ,(1,5) } {  (0,0) ,(1,5) } {  (0,0) ,(1,5) } {  (0,0) ,(1,5) } {  (0,0) ,(1,5) } {  (0,0) ,(1,5) } {  (0,0) ,(1,5) } {  (0,0) ,(1,5) } {  (0,0) ,(1,5) } {  (0,0) ,(1,5) } {  (0,0) ,(1,5) } {  (0,0) ,(1,5) } {  (0,0) ,(1,5) } {  (0,0) ,(1,5) } {  (0,0) ,(1,5) } {  (0,0) ,(1,5) } {  (0,0) ,(1,5) } {  (0,0) ,(1,5) } {  (0,0) ,(1,5) } {  (0,0) ,(1,5) } {  (0,0) ,(1,5) } {  (0,0) ,(1,5) } )
Pocket 2 :
({  (4,12) ,(0,0) } {  (32,0) ,(8,16) } {  (32,0) ,(8,16) } {  (32,0) ,(12,20) } {  (32,0) ,(12,20) } {  (15,19) ,(14,20) } {  (15,19) ,(14,20) } {  (15,19) ,(14,20) } {  (32,0) ,(20,20) } {  (32,0) ,(20,20) } {  (32,0) ,(24,16) } {  (32,0) ,(24,16) } {  (32,0) ,(28,12) } )
