2 layers in onion peeling: 
Layer 1
(16,0) (15,4) (14,6) (13,8) (11,10) (10,10) (9,10) (7,10) (6,10) (5,10) (3,8) (2,6) (1,4) (0,0) 
Layer 2
(12,8) (8,8) (4,8) 
---------------------------------------------------------------------------------------
TD 0 :
(16,0) (15,4) (14,6) (13,8) (12,8) (11,10) (10,10) (9,10) (8,8) (7,10) (6,10) (5,10) (4,8) (3,8) (2,6) (1,4) (0,0) 
TD 1 :
(16,0) (15,4) (14,6) (13,8) (11,10) (10,10) (9,10) (7,10) (6,10) (5,10) (3,8) (2,6) (1,4) (0,0) 
(16,0) (15,4) (14,6) (13,8) (11,10) (10,10) (9,10) (7,10) (6,10) (5,10) (3,8) (2,6) (1,4) (0,0) 
(16,0) (15,4) (14,6) (13,8) (11,10) (10,10) (9,10) (7,10) (6,10) (5,10) (3,8) (2,6) (1,4) (0,0) 
(16,0) (15,4) (14,6) (13,8) (11,10) (10,10) (9,10) (7,10) (6,10) (5,10) (3,8) (2,6) (1,4) (0,0) (4,8) 
(16,0) (15,4) (14,6) (13,8) (11,10) (10,10) (9,10) (7,10) (6,10) (5,10) (3,8) (2,6) (1,4) (0,0) 
(16,0) (15,4) (14,6) (13,8) (11,10) (10,10) (9,10) (7,10) (6,10) (5,10) (3,8) (2,6) (1,4) (0,0) 
(16,0) (15,4) (14,6) (13,8) (11,10) (10,10) (9,10) (7,10) (6,10) (5,10) (3,8) (2,6) (1,4) (0,0) (8,8) 
(16,0) (15,4) (14,6) (13,8) (11,10) (10,10) (9,10) (7,10) (6,10) (5,10) (3,8) (2,6) (1,4) (0,0) 
(16,0) (15,4) (14,6) (13,8) (11,10) (10,10) (9,10) (7,10) (6,10) (5,10) (3,8) (2,6) (1,4) (0,0) 
(16,0) (15,4) (14,6) (13,8) (11,10) (10,10) (9,10) (7,10) (6,10) (5,10) (3,8) (2,6) (1,4) (0,0) (12,8) 
(16,0) (15,4) (14,6) (13,8) (11,10) (10,10) (9,10) (7,10) (6,10) (5,10) (3,8) (2,6) (1,4) (0,0) 
(16,0) (15,4) (14,6) (13,8) (11,10) (10,10) (9,10) (7,10) (6,10) (5,10) (3,8) (2,6) (1,4) (0,0) 
(16,0) (15,4) (14,6) (13,8) (11,10) (10,10) (9,10) (7,10) (6,10) (5,10) (3,8) (2,6) (1,4) (0,0) 
TD 2 :
(16,0) (15,4) (14,6) (13,8) (11,10) (10,10) (9,10) (7,10) (6,10) (5,10) (3,8) (2,6) (1,4) (0,0) (4,8) 
(16,0) (15,4) (14,6) (13,8) (11,10) (10,10) (9,10) (7,10) (6,10) (5,10) (3,8) (2,6) (1,4) (0,0) (8,8) 
(16,0) (15,4) (14,6) (13,8) (11,10) (10,10) (9,10) (7,10) (6,10) (5,10) (3,8) (2,6) (1,4) (0,0) (8,8) 
(16,0) (15,4) (14,6) (13,8) (11,10) (10,10) (9,10) (7,10) (6,10) (5,10) (3,8) (2,6) (1,4) (0,0) (12,8) 
Pocket 0 :
()
Pocket 1 :
({  (0,0) ,(1,4) } {  (0,0) ,(1,4) } {  (0,0) ,(1,4) } {  (0,0) ,(1,4) } {  (0,0) ,(1,4) } {  (0,0) ,(1,4) } {  (0,0) ,(1,4) } {  (0,0) ,(1,4) } {  (0,0) ,(1,4) } {  (0,0) ,(1,4) } {  (0,0) ,(1,4) } {  (0,0) ,(1,4) } {  (0,0) ,(1,4) } {  (0,0) ,(1,4) } {  (0,0) ,(1,4) } {  (0,0) ,(1,4) } {  (0,0) ,(1,4) } {  (0,0) ,(1,4) } {  (0,0) ,(1,4) } {  (0,0) ,(1,4) } {  (0,0) ,(1,4) } {  (0,0) ,(1,4) } {  (0,0) ,(1,4) } {  (0,0) ,(1,4) } {  (0,0) ,(1,4) } {  (0,0) ,(1,4) } )
