4 layers in onion peeling: 
Layer 1
(64,0) (63,6) (62,10) (61,14) (59,20) (58,22) (57,24) (55,28) (54,30) (53,32) (51,34) (45,40) (43,42) (42,42) (41,42) (39,42) (38,42) (37,42) (27,42) (26,42) (25,42) (23,42) (22,42) (21,42) (19,40) (13,34) (11,32) (10,30) (9,28) (7,24) (6,22) (5,20) (3,14) (2,10) (1,6) (0,0) 
Layer 2
(60,16) (56,24) (52,32) (50,34) (46,38) (44,40) (40,40) (36,40) (35,40) (29,40) (28,40) (24,40) (20,40) (18,38) (14,34) (12,32) (8,24) (4,16) 
Layer 3
(49,34) (47,36) (34,38) (30,38) (17,36) (15,34) 
Layer 4
(48,32) (33,36) (31,36) (16,32) 
---------------------------------------------------------------------------------------
TD 0 :
(64,0) (63,6) (62,10) (61,14) (60,16) (59,20) (58,22) (57,24) (56,24) (55,28) (54,30) (53,32) (52,32) (51,34) (50,34) (49,34) (48,32) (47,36) (46,38) (45,40) (44,40) (43,42) (42,42) (41,42) (40,40) (39,42) (38,42) (37,42) (36,40) (35,40) (34,38) (33,36) (32,32) (31,36) (30,38) (29,40) (28,40) (27,42) (26,42) (25,42) (24,40) (23,42) (22,42) (21,42) (20,40) (19,40) (18,38) (17,36) (16,32) (15,34) (14,34) (13,34) (12,32) (11,32) (10,30) (9,28) (8,24) (7,24) (6,22) (5,20) (4,16) (3,14) (2,10) (1,6) (0,0) 
TD 1 :
(64,0) (63,6) (62,10) (61,14) (59,20) (58,22) (57,24) (55,28) (54,30) (53,32) (51,34) (45,40) (43,42) (42,42) (41,42) (39,42) (38,42) (37,42) (27,42) (26,42) (25,42) (23,42) (22,42) (21,42) (19,40) (13,34) (11,32) (10,30) (9,28) (7,24) (6,22) (5,20) (3,14) (2,10) (1,6) (0,0) 
(64,0) (63,6) (62,10) (61,14) (59,20) (58,22) (57,24) (55,28) (54,30) (53,32) (51,34) (45,40) (43,42) (42,42) (41,42) (39,42) (38,42) (37,42) (27,42) (26,42) (25,42) (23,42) (22,42) (21,42) (19,40) (13,34) (11,32) (10,30) (9,28) (7,24) (6,22) (5,20) (3,14) (2,10) (1,6) (0,0) 
(64,0) (63,6) (62,10) (61,14) (59,20) (58,22) (57,24) (55,28) (54,30) (53,32) (51,34) (45,40) (43,42) (42,42) (41,42) (39,42) (38,42) (37,42) (27,42) (26,42) (25,42) (23,42) (22,42) (21,42) (19,40) (13,34) (11,32) (10,30) (9,28) (7,24) (6,22) (5,20) (3,14) (2,10) (1,6) (0,0) 
(64,0) (63,6) (62,10) (61,14) (59,20) (58,22) (57,24) (55,28) (54,30) (53,32) (51,34) (45,40) (43,42) (42,42) (41,42) (39,42) (38,42) (37,42) (27,42) (26,42) (25,42) (23,42) (22,42) (21,42) (19,40) (13,34) (11,32) (10,30) (9,28) (7,24) (6,22) (5,20) (3,14) (2,10) (1,6) (0,0) (4,16) 
(64,0) (63,6) (62,10) (61,14) (59,20) (58,22) (57,24) (55,28) (54,30) (53,32) (51,34) (45,40) (43,42) (42,42) (41,42) (39,42) (38,42) (37,42) (27,42) (26,42) (25,42) (23,42) (22,42) (21,42) (19,40) (13,34) (11,32) (10,30) (9,28) (7,24) (6,22) (5,20) (3,14) (2,10) (1,6) (0,0) 
(64,0) (63,6) (62,10) (61,14) (59,20) (58,22) (57,24) (55,28) (54,30) (53,32) (51,34) (45,40) (43,42) (42,42) (41,42) (39,42) (38,42) (37,42) (27,42) (26,42) (25,42) (23,42) (22,42) (21,42) (19,40) (13,34) (11,32) (10,30) (9,28) (7,24) (6,22) (5,20) (3,14) (2,10) (1,6) (0,0) 
(64,0) (63,6) (62,10) (61,14) (59,20) (58,22) (57,24) (55,28) (54,30) (53,32) (51,34) (45,40) (43,42) (42,42) (41,42) (39,42) (38,42) (37,42) (27,42) (26,42) (25,42) (23,42) (22,42) (21,42) (19,40) (13,34) (11,32) (10,30) (9,28) (7,24) (6,22) (5,20) (3,14) (2,10) (1,6) (0,0) (8,24) 
(64,0) (63,6) (62,10) (61,14) (59,20) (58,22) (57,24) (55,28) (54,30) (53,32) (51,34) (45,40) (43,42) (42,42) (41,42) (39,42) (38,42) (37,42) (27,42) (26,42) (25,42) (23,42) (22,42) (21,42) (19,40) (13,34) (11,32) (10,30) (9,28) (7,24) (6,22) (5,20) (3,14) (2,10) (1,6) (0,0) 
(64,0) (63,6) (62,10) (61,14) (59,20) (58,22) (57,24) (55,28) (54,30) (53,32) (51,34) (45,40) (43,42) (42,42) (41,42) (39,42) (38,42) (37,42) (27,42) (26,42) (25,42) (23,42) (22,42) (21,42) (19,40) (13,34) (11,32) (10,30) (9,28) (7,24) (6,22) (5,20) (3,14) (2,10) (1,6) (0,0) 
(64,0) (63,6) (62,10) (61,14) (59,20) (58,22) (57,24) (55,28) (54,30) (53,32) (51,34) (45,40) (43,42) (42,42) (41,42) (39,42) (38,42) (37,42) (27,42) (26,42) (25,42) (23,42) (22,42) (21,42) (19,40) (13,34) (11,32) (10,30) (9,28) (7,24) (6,22) (5,20) (3,14) (2,10) (1,6) (0,0) (12,32) 
(64,0) (63,6) (62,10) (61,14) (59,20) (58,22) (57,24) (55,28) (54,30) (53,32) (51,34) (45,40) (43,42) (42,42) (41,42) (39,42) (38,42) (37,42) (27,42) (26,42) (25,42) (23,42) (22,42) (21,42) (19,40) (13,34) (11,32) (10,30) (9,28) (7,24) (6,22) (5,20) (3,14) (2,10) (1,6) (0,0) (14,34) (15,34) (16,32) (17,36) (18,38) 
(64,0) (63,6) (62,10) (61,14) (59,20) (58,22) (57,24) (55,28) (54,30) (53,32) (51,34) (45,40) (43,42) (42,42) (41,42) (39,42) (38,42) (37,42) (27,42) (26,42) (25,42) (23,42) (22,42) (21,42) (19,40) (13,34) (11,32) (10,30) (9,28) (7,24) (6,22) (5,20) (3,14) (2,10) (1,6) (0,0) (20,40) 
(64,0) (63,6) (62,10) (61,14) (59,20) (58,22) (57,24) (55,28) (54,30) (53,32) (51,34) (45,40) (43,42) (42,42) (41,42) (39,42) (38,42) (37,42) (27,42) (26,42) (25,42) (23,42) (22,42) (21,42) (19,40) (13,34) (11,32) (10,30) (9,28) (7,24) (6,22) (5,20) (3,14) (2,10) (1,6) (0,0) 
(64,0) (63,6) (62,10) (61,14) (59,20) (58,22) (57,24) (55,28) (54,30) (53,32) (51,34) (45,40) (43,42) (42,42) (41,42) (39,42) (38,42) (37,42) (27,42) (26,42) (25,42) (23,42) (22,42) (21,42) (19,40) (13,34) (11,32) (10,30) (9,28) (7,24) (6,22) (5,20) (3,14) (2,10) (1,6) (0,0) 
(64,0) (63,6) (62,10) (61,14) (59,20) (58,22) (57,24) (55,28) (54,30) (53,32) (51,34) (45,40) (43,42) (42,42) (41,42) (39,42) (38,42) (37,42) (27,42) (26,42) (25,42) (23,42) (22,42) (21,42) (19,40) (13,34) (11,32) (10,30) (9,28) (7,24) (6,22) (5,20) (3,14) (2,10) (1,6) (0,0) (24,40) 
(64,0) (63,6) (62,10) (61,14) (59,20) (58,22) (57,24) (55,28) (54,30) (53,32) (51,34) (45,40) (43,42) (42,42) (41,42) (39,42) (38,42) (37,42) (27,42) (26,42) (25,42) (23,42) (22,42) (21,42) (19,40) (13,34) (11,32) (10,30) (9,28) (7,24) (6,22) (5,20) (3,14) (2,10) (1,6) (0,0) 
(64,0) (63,6) (62,10) (61,14) (59,20) (58,22) (57,24) (55,28) (54,30) (53,32) (51,34) (45,40) (43,42) (42,42) (41,42) (39,42) (38,42) (37,42) (27,42) (26,42) (25,42) (23,42) (22,42) (21,42) (19,40) (13,34) (11,32) (10,30) (9,28) (7,24) (6,22) (5,20) (3,14) (2,10) (1,6) (0,0) 
(64,0) (63,6) (62,10) (61,14) (59,20) (58,22) (57,24) (55,28) (54,30) (53,32) (51,34) (45,40) (43,42) (42,42) (41,42) (39,42) (38,42) (37,42) (27,42) (26,42) (25,42) (23,42) (22,42) (21,42) (19,40) (13,34) (11,32) (10,30) (9,28) (7,24) (6,22) (5,20) (3,14) (2,10) (1,6) (0,0) (28,40) (29,40) (30,38) (31,36) (32,32) (33,36) (34,38) (35,40) (36,40) 
(64,0) (63,6) (62,10) (61,14) (59,20) (58,22) (57,24) (55,28) (54,30) (53,32) (51,34) (45,40) (43,42) (42,42) (41,42) (39,42) (38,42) (37,42) (27,42) (26,42) (25,42) (23,42) (22,42) (21,42) (19,40) (13,34) (11,32) (10,30) (9,28) (7,24) (6,22) (5,20) (3,14) (2,10) (1,6) (0,0) 
(64,0) (63,6) (62,10) (61,14) (59,20) (58,22) (57,24) (55,28) (54,30) (53,32) (51,34) (45,40) (43,42) (42,42) (41,42) (39,42) (38,42) (37,42) (27,42) (26,42) (25,42) (23,42) (22,42) (21,42) (19,40) (13,34) (11,32) (10,30) (9,28) (7,24) (6,22) (5,20) (3,14) (2,10) (1,6) (0,0) 
(64,0) (63,6) (62,10) (61,14) (59,20) (58,22) (57,24) (55,28) (54,30) (53,32) (51,34) (45,40) (43,42) (42,42) (41,42) (39,42) (38,42) (37,42) (27,42) (26,42) (25,42) (23,42) (22,42) (21,42) (19,40) (13,34) (11,32) (10,30) (9,28) (7,24) (6,22) (5,20) (3,14) (2,10) (1,6) (0,0) (40,40) 
(64,0) (63,6) (62,10) (61,14) (59,20) (58,22) (57,24) (55,28) (54,30) (53,32) (51,34) (45,40) (43,42) (42,42) (41,42) (39,42) (38,42) (37,42) (27,42) (26,42) (25,42) (23,42) (22,42) (21,42) (19,40) (13,34) (11,32) (10,30) (9,28) (7,24) (6,22) (5,20) (3,14) (2,10) (1,6) (0,0) 
(64,0) (63,6) (62,10) (61,14) (59,20) (58,22) (57,24) (55,28) (54,30) (53,32) (51,34) (45,40) (43,42) (42,42) (41,42) (39,42) (38,42) (37,42) (27,42) (26,42) (25,42) (23,42) (22,42) (21,42) (19,40) (13,34) (11,32) (10,30) (9,28) (7,24) (6,22) (5,20) (3,14) (2,10) (1,6) (0,0) 
(64,0) (63,6) (62,10) (61,14) (59,20) (58,22) (57,24) (55,28) (54,30) (53,32) (51,34) (45,40) (43,42) (42,42) (41,42) (39,42) (38,42) (37,42) (27,42) (26,42) (25,42) (23,42) (22,42) (21,42) (19,40) (13,34) (11,32) (10,30) (9,28) (7,24) (6,22) (5,20) (3,14) (2,10) (1,6) (0,0) (44,40) 
(64,0) (63,6) (62,10) (61,14) (59,20) (58,22) (57,24) (55,28) (54,30) (53,32) (51,34) (45,40) (43,42) (42,42) (41,42) (39,42) (38,42) (37,42) (27,42) (26,42) (25,42) (23,42) (22,42) (21,42) (19,40) (13,34) (11,32) (10,30) (9,28) (7,24) (6,22) (5,20) (3,14) (2,10) (1,6) (0,0) (46,38) (47,36) (48,32) (49,34) (50,34) 
(64,0) (63,6) (62,10) (61,14) (59,20) (58,22) (57,24) (55,28) (54,30) (53,32) (51,34) (45,40) (43,42) (42,42) (41,42) (39,42) (38,42) (37,42) (27,42) (26,42) (25,42) (23,42) (22,42) (21,42) (19,40) (13,34) (11,32) (10,30) (9,28) (7,24) (6,22) (5,20) (3,14) (2,10) (1,6) (0,0) (52,32) 
(64,0) (63,6) (62,10) (61,14) (59,20) (58,22) (57,24) (55,28) (54,30) (53,32) (51,34) (45,40) (43,42) (42,42) (41,42) (39,42) (38,42) (37,42) (27,42) (26,42) (25,42) (23,42) (22,42) (21,42) (19,40) (13,34) (11,32) (10,30) (9,28) (7,24) (6,22) (5,20) (3,14) (2,10) (1,6) (0,0) 
(64,0) (63,6) (62,10) (61,14) (59,20) (58,22) (57,24) (55,28) (54,30) (53,32) (51,34) (45,40) (43,42) (42,42) (41,42) (39,42) (38,42) (37,42) (27,42) (26,42) (25,42) (23,42) (22,42) (21,42) (19,40) (13,34) (11,32) (10,30) (9,28) (7,24) (6,22) (5,20) (3,14) (2,10) (1,6) (0,0) 
(64,0) (63,6) (62,10) (61,14) (59,20) (58,22) (57,24) (55,28) (54,30) (53,32) (51,34) (45,40) (43,42) (42,42) (41,42) (39,42) (38,42) (37,42) (27,42) (26,42) (25,42) (23,42) (22,42) (21,42) (19,40) (13,34) (11,32) (10,30) (9,28) (7,24) (6,22) (5,20) (3,14) (2,10) (1,6) (0,0) (56,24) 
(64,0) (63,6) (62,10) (61,14) (59,20) (58,22) (57,24) (55,28) (54,30) (53,32) (51,34) (45,40) (43,42) (42,42) (41,42) (39,42) (38,42) (37,42) (27,42) (26,42) (25,42) (23,42) (22,42) (21,42) (19,40) (13,34) (11,32) (10,30) (9,28) (7,24) (6,22) (5,20) (3,14) (2,10) (1,6) (0,0) 
(64,0) (63,6) (62,10) (61,14) (59,20) (58,22) (57,24) (55,28) (54,30) (53,32) (51,34) (45,40) (43,42) (42,42) (41,42) (39,42) (38,42) (37,42) (27,42) (26,42) (25,42) (23,42) (22,42) (21,42) (19,40) (13,34) (11,32) (10,30) (9,28) (7,24) (6,22) (5,20) (3,14) (2,10) (1,6) (0,0) 
(64,0) (63,6) (62,10) (61,14) (59,20) (58,22) (57,24) (55,28) (54,30) (53,32) (51,34) (45,40) (43,42) (42,42) (41,42) (39,42) (38,42) (37,42) (27,42) (26,42) (25,42) (23,42) (22,42) (21,42) (19,40) (13,34) (11,32) (10,30) (9,28) (7,24) (6,22) (5,20) (3,14) (2,10) (1,6) (0,0) (60,16) 
(64,0) (63,6) (62,10) (61,14) (59,20) (58,22) (57,24) (55,28) (54,30) (53,32) (51,34) (45,40) (43,42) (42,42) (41,42) (39,42) (38,42) (37,42) (27,42) (26,42) (25,42) (23,42) (22,42) (21,42) (19,40) (13,34) (11,32) (10,30) (9,28) (7,24) (6,22) (5,20) (3,14) (2,10) (1,6) (0,0) 
(64,0) (63,6) (62,10) (61,14) (59,20) (58,22) (57,24) (55,28) (54,30) (53,32) (51,34) (45,40) (43,42) (42,42) (41,42) (39,42) (38,42) (37,42) (27,42) (26,42) (25,42) (23,42) (22,42) (21,42) (19,40) (13,34) (11,32) (10,30) (9,28) (7,24) (6,22) (5,20) (3,14) (2,10) (1,6) (0,0) 
(64,0) (63,6) (62,10) (61,14) (59,20) (58,22) (57,24) (55,28) (54,30) (53,32) (51,34) (45,40) (43,42) (42,42) (41,42) (39,42) (38,42) (37,42) (27,42) (26,42) (25,42) (23,42) (22,42) (21,42) (19,40) (13,34) (11,32) (10,30) (9,28) (7,24) (6,22) (5,20) (3,14) (2,10) (1,6) (0,0) 
TD 2 :
(64,0) (63,6) (62,10) (61,14) (59,20) (58,22) (57,24) (55,28) (54,30) (53,32) (51,34) (45,40) (43,42) (42,42) (41,42) (39,42) (38,42) (37,42) (27,42) (26,42) (25,42) (23,42) (22,42) (21,42) (19,40) (13,34) (11,32) (10,30) (9,28) (7,24) (6,22) (5,20) (3,14) (2,10) (1,6) (0,0) (4,16) 
(64,0) (63,6) (62,10) (61,14) (59,20) (58,22) (57,24) (55,28) (54,30) (53,32) (51,34) (45,40) (43,42) (42,42) (41,42) (39,42) (38,42) (37,42) (27,42) (26,42) (25,42) (23,42) (22,42) (21,42) (19,40) (13,34) (11,32) (10,30) (9,28) (7,24) (6,22) (5,20) (3,14) (2,10) (1,6) (0,0) (8,24) 
(64,0) (63,6) (62,10) (61,14) (59,20) (58,22) (57,24) (55,28) (54,30) (53,32) (51,34) (45,40) (43,42) (42,42) (41,42) (39,42) (38,42) (37,42) (27,42) (26,42) (25,42) (23,42) (22,42) (21,42) (19,40) (13,34) (11,32) (10,30) (9,28) (7,24) (6,22) (5,20) (3,14) (2,10) (1,6) (0,0) (8,24) 
(64,0) (63,6) (62,10) (61,14) (59,20) (58,22) (57,24) (55,28) (54,30) (53,32) (51,34) (45,40) (43,42) (42,42) (41,42) (39,42) (38,42) (37,42) (27,42) (26,42) (25,42) (23,42) (22,42) (21,42) (19,40) (13,34) (11,32) (10,30) (9,28) (7,24) (6,22) (5,20) (3,14) (2,10) (1,6) (0,0) (12,32) 
(64,0) (63,6) (62,10) (61,14) (59,20) (58,22) (57,24) (55,28) (54,30) (53,32) (51,34) (45,40) (43,42) (42,42) (41,42) (39,42) (38,42) (37,42) (27,42) (26,42) (25,42) (23,42) (22,42) (21,42) (19,40) (13,34) (11,32) (10,30) (9,28) (7,24) (6,22) (5,20) (3,14) (2,10) (1,6) (0,0) (12,32) 
(64,0) (63,6) (62,10) (61,14) (59,20) (58,22) (57,24) (55,28) (54,30) (53,32) (51,34) (45,40) (43,42) (42,42) (41,42) (39,42) (38,42) (37,42) (27,42) (26,42) (25,42) (23,42) (22,42) (21,42) (19,40) (13,34) (11,32) (10,30) (9,28) (7,24) (6,22) (5,20) (3,14) (2,10) (1,6) (0,0) (18,38) (14,34) 
(64,0) (63,6) (62,10) (61,14) (59,20) (58,22) (57,24) (55,28) (54,30) (53,32) (51,34) (45,40) (43,42) (42,42) (41,42) (39,42) (38,42) (37,42) (27,42) (26,42) (25,42) (23,42) (22,42) (21,42) (19,40) (13,34) (11,32) (10,30) (9,28) (7,24) (6,22) (5,20) (3,14) (2,10) (1,6) (0,0) (18,38) (14,34) (15,34) (16,32) (17,36) 
(64,0) (63,6) (62,10) (61,14) (59,20) (58,22) (57,24) (55,28) (54,30) (53,32) (51,34) (45,40) (43,42) (42,42) (41,42) (39,42) (38,42) (37,42) (27,42) (26,42) (25,42) (23,42) (22,42) (21,42) (19,40) (13,34) (11,32) (10,30) (9,28) (7,24) (6,22) (5,20) (3,14) (2,10) (1,6) (0,0) (18,38) (14,34) 
(64,0) (63,6) (62,10) (61,14) (59,20) (58,22) (57,24) (55,28) (54,30) (53,32) (51,34) (45,40) (43,42) (42,42) (41,42) (39,42) (38,42) (37,42) (27,42) (26,42) (25,42) (23,42) (22,42) (21,42) (19,40) (13,34) (11,32) (10,30) (9,28) (7,24) (6,22) (5,20) (3,14) (2,10) (1,6) (0,0) (20,40) 
(64,0) (63,6) (62,10) (61,14) (59,20) (58,22) (57,24) (55,28) (54,30) (53,32) (51,34) (45,40) (43,42) (42,42) (41,42) (39,42) (38,42) (37,42) (27,42) (26,42) (25,42) (23,42) (22,42) (21,42) (19,40) (13,34) (11,32) (10,30) (9,28) (7,24) (6,22) (5,20) (3,14) (2,10) (1,6) (0,0) (20,40) 
(64,0) (63,6) (62,10) (61,14) (59,20) (58,22) (57,24) (55,28) (54,30) (53,32) (51,34) (45,40) (43,42) (42,42) (41,42) (39,42) (38,42) (37,42) (27,42) (26,42) (25,42) (23,42) (22,42) (21,42) (19,40) (13,34) (11,32) (10,30) (9,28) (7,24) (6,22) (5,20) (3,14) (2,10) (1,6) (0,0) (24,40) 
(64,0) (63,6) (62,10) (61,14) (59,20) (58,22) (57,24) (55,28) (54,30) (53,32) (51,34) (45,40) (43,42) (42,42) (41,42) (39,42) (38,42) (37,42) (27,42) (26,42) (25,42) (23,42) (22,42) (21,42) (19,40) (13,34) (11,32) (10,30) (9,28) (7,24) (6,22) (5,20) (3,14) (2,10) (1,6) (0,0) (24,40) 
(64,0) (63,6) (62,10) (61,14) (59,20) (58,22) (57,24) (55,28) (54,30) (53,32) (51,34) (45,40) (43,42) (42,42) (41,42) (39,42) (38,42) (37,42) (27,42) (26,42) (25,42) (23,42) (22,42) (21,42) (19,40) (13,34) (11,32) (10,30) (9,28) (7,24) (6,22) (5,20) (3,14) (2,10) (1,6) (0,0) (36,40) (35,40) (29,40) (28,40) 
(64,0) (63,6) (62,10) (61,14) (59,20) (58,22) (57,24) (55,28) (54,30) (53,32) (51,34) (45,40) (43,42) (42,42) (41,42) (39,42) (38,42) (37,42) (27,42) (26,42) (25,42) (23,42) (22,42) (21,42) (19,40) (13,34) (11,32) (10,30) (9,28) (7,24) (6,22) (5,20) (3,14) (2,10) (1,6) (0,0) (36,40) (35,40) (29,40) (28,40) 
(64,0) (63,6) (62,10) (61,14) (59,20) (58,22) (57,24) (55,28) (54,30) (53,32) (51,34) (45,40) (43,42) (42,42) (41,42) (39,42) (38,42) (37,42) (27,42) (26,42) (25,42) (23,42) (22,42) (21,42) (19,40) (13,34) (11,32) (10,30) (9,28) (7,24) (6,22) (5,20) (3,14) (2,10) (1,6) (0,0) (36,40) (35,40) (29,40) (28,40) (30,38) (31,36) (32,32) (33,36) (34,38) 
(64,0) (63,6) (62,10) (61,14) (59,20) (58,22) (57,24) (55,28) (54,30) (53,32) (51,34) (45,40) (43,42) (42,42) (41,42) (39,42) (38,42) (37,42) (27,42) (26,42) (25,42) (23,42) (22,42) (21,42) (19,40) (13,34) (11,32) (10,30) (9,28) (7,24) (6,22) (5,20) (3,14) (2,10) (1,6) (0,0) (36,40) (35,40) (29,40) (28,40) 
(64,0) (63,6) (62,10) (61,14) (59,20) (58,22) (57,24) (55,28) (54,30) (53,32) (51,34) (45,40) (43,42) (42,42) (41,42) (39,42) (38,42) (37,42) (27,42) (26,42) (25,42) (23,42) (22,42) (21,42) (19,40) (13,34) (11,32) (10,30) (9,28) (7,24) (6,22) (5,20) (3,14) (2,10) (1,6) (0,0) (36,40) (35,40) (29,40) (28,40) 
(64,0) (63,6) (62,10) (61,14) (59,20) (58,22) (57,24) (55,28) (54,30) (53,32) (51,34) (45,40) (43,42) (42,42) (41,42) (39,42) (38,42) (37,42) (27,42) (26,42) (25,42) (23,42) (22,42) (21,42) (19,40) (13,34) (11,32) (10,30) (9,28) (7,24) (6,22) (5,20) (3,14) (2,10) (1,6) (0,0) (40,40) 
(64,0) (63,6) (62,10) (61,14) (59,20) (58,22) (57,24) (55,28) (54,30) (53,32) (51,34) (45,40) (43,42) (42,42) (41,42) (39,42) (38,42) (37,42) (27,42) (26,42) (25,42) (23,42) (22,42) (21,42) (19,40) (13,34) (11,32) (10,30) (9,28) (7,24) (6,22) (5,20) (3,14) (2,10) (1,6) (0,0) (40,40) 
(64,0) (63,6) (62,10) (61,14) (59,20) (58,22) (57,24) (55,28) (54,30) (53,32) (51,34) (45,40) (43,42) (42,42) (41,42) (39,42) (38,42) (37,42) (27,42) (26,42) (25,42) (23,42) (22,42) (21,42) (19,40) (13,34) (11,32) (10,30) (9,28) (7,24) (6,22) (5,20) (3,14) (2,10) (1,6) (0,0) (44,40) 
(64,0) (63,6) (62,10) (61,14) (59,20) (58,22) (57,24) (55,28) (54,30) (53,32) (51,34) (45,40) (43,42) (42,42) (41,42) (39,42) (38,42) (37,42) (27,42) (26,42) (25,42) (23,42) (22,42) (21,42) (19,40) (13,34) (11,32) (10,30) (9,28) (7,24) (6,22) (5,20) (3,14) (2,10) (1,6) (0,0) (44,40) 
(64,0) (63,6) (62,10) (61,14) (59,20) (58,22) (57,24) (55,28) (54,30) (53,32) (51,34) (45,40) (43,42) (42,42) (41,42) (39,42) (38,42) (37,42) (27,42) (26,42) (25,42) (23,42) (22,42) (21,42) (19,40) (13,34) (11,32) (10,30) (9,28) (7,24) (6,22) (5,20) (3,14) (2,10) (1,6) (0,0) (50,34) (46,38) 
(64,0) (63,6) (62,10) (61,14) (59,20) (58,22) (57,24) (55,28) (54,30) (53,32) (51,34) (45,40) (43,42) (42,42) (41,42) (39,42) (38,42) (37,42) (27,42) (26,42) (25,42) (23,42) (22,42) (21,42) (19,40) (13,34) (11,32) (10,30) (9,28) (7,24) (6,22) (5,20) (3,14) (2,10) (1,6) (0,0) (50,34) (46,38) (47,36) (48,32) (49,34) 
(64,0) (63,6) (62,10) (61,14) (59,20) (58,22) (57,24) (55,28) (54,30) (53,32) (51,34) (45,40) (43,42) (42,42) (41,42) (39,42) (38,42) (37,42) (27,42) (26,42) (25,42) (23,42) (22,42) (21,42) (19,40) (13,34) (11,32) (10,30) (9,28) (7,24) (6,22) (5,20) (3,14) (2,10) (1,6) (0,0) (50,34) (46,38) 
(64,0) (63,6) (62,10) (61,14) (59,20) (58,22) (57,24) (55,28) (54,30) (53,32) (51,34) (45,40) (43,42) (42,42) (41,42) (39,42) (38,42) (37,42) (27,42) (26,42) (25,42) (23,42) (22,42) (21,42) (19,40) (13,34) (11,32) (10,30) (9,28) (7,24) (6,22) (5,20) (3,14) (2,10) (1,6) (0,0) (52,32) 
(64,0) (63,6) (62,10) (61,14) (59,20) (58,22) (57,24) (55,28) (54,30) (53,32) (51,34) (45,40) (43,42) (42,42) (41,42) (39,42) (38,42) (37,42) (27,42) (26,42) (25,42) (23,42) (22,42) (21,42) (19,40) (13,34) (11,32) (10,30) (9,28) (7,24) (6,22) (5,20) (3,14) (2,10) (1,6) (0,0) (52,32) 
(64,0) (63,6) (62,10) (61,14) (59,20) (58,22) (57,24) (55,28) (54,30) (53,32) (51,34) (45,40) (43,42) (42,42) (41,42) (39,42) (38,42) (37,42) (27,42) (26,42) (25,42) (23,42) (22,42) (21,42) (19,40) (13,34) (11,32) (10,30) (9,28) (7,24) (6,22) (5,20) (3,14) (2,10) (1,6) (0,0) (56,24) 
(64,0) (63,6) (62,10) (61,14) (59,20) (58,22) (57,24) (55,28) (54,30) (53,32) (51,34) (45,40) (43,42) (42,42) (41,42) (39,42) (38,42) (37,42) (27,42) (26,42) (25,42) (23,42) (22,42) (21,42) (19,40) (13,34) (11,32) (10,30) (9,28) (7,24) (6,22) (5,20) (3,14) (2,10) (1,6) (0,0) (56,24) 
(64,0) (63,6) (62,10) (61,14) (59,20) (58,22) (57,24) (55,28) (54,30) (53,32) (51,34) (45,40) (43,42) (42,42) (41,42) (39,42) (38,42) (37,42) (27,42) (26,42) (25,42) (23,42) (22,42) (21,42) (19,40) (13,34) (11,32) (10,30) (9,28) (7,24) (6,22) (5,20) (3,14) (2,10) (1,6) (0,0) (60,16) 
TD 3 :
(64,0) (63,6) (62,10) (61,14) (59,20) (58,22) (57,24) (55,28) (54,30) (53,32) (51,34) (45,40) (43,42) (42,42) (41,42) (39,42) (38,42) (37,42) (27,42) (26,42) (25,42) (23,42) (22,42) (21,42) (19,40) (13,34) (11,32) (10,30) (9,28) (7,24) (6,22) (5,20) (3,14) (2,10) (1,6) (0,0) (18,38) (14,34) (17,36) (15,34) (16,32) 
(64,0) (63,6) (62,10) (61,14) (59,20) (58,22) (57,24) (55,28) (54,30) (53,32) (51,34) (45,40) (43,42) (42,42) (41,42) (39,42) (38,42) (37,42) (27,42) (26,42) (25,42) (23,42) (22,42) (21,42) (19,40) (13,34) (11,32) (10,30) (9,28) (7,24) (6,22) (5,20) (3,14) (2,10) (1,6) (0,0) (18,38) (14,34) (17,36) (15,34) 
(64,0) (63,6) (62,10) (61,14) (59,20) (58,22) (57,24) (55,28) (54,30) (53,32) (51,34) (45,40) (43,42) (42,42) (41,42) (39,42) (38,42) (37,42) (27,42) (26,42) (25,42) (23,42) (22,42) (21,42) (19,40) (13,34) (11,32) (10,30) (9,28) (7,24) (6,22) (5,20) (3,14) (2,10) (1,6) (0,0) (36,40) (35,40) (29,40) (28,40) (34,38) (30,38) 
(64,0) (63,6) (62,10) (61,14) (59,20) (58,22) (57,24) (55,28) (54,30) (53,32) (51,34) (45,40) (43,42) (42,42) (41,42) (39,42) (38,42) (37,42) (27,42) (26,42) (25,42) (23,42) (22,42) (21,42) (19,40) (13,34) (11,32) (10,30) (9,28) (7,24) (6,22) (5,20) (3,14) (2,10) (1,6) (0,0) (36,40) (35,40) (29,40) (28,40) (34,38) (30,38) (31,36) (32,32) (33,36) 
(64,0) (63,6) (62,10) (61,14) (59,20) (58,22) (57,24) (55,28) (54,30) (53,32) (51,34) (45,40) (43,42) (42,42) (41,42) (39,42) (38,42) (37,42) (27,42) (26,42) (25,42) (23,42) (22,42) (21,42) (19,40) (13,34) (11,32) (10,30) (9,28) (7,24) (6,22) (5,20) (3,14) (2,10) (1,6) (0,0) (36,40) (35,40) (29,40) (28,40) (34,38) (30,38) 
(64,0) (63,6) (62,10) (61,14) (59,20) (58,22) (57,24) (55,28) (54,30) (53,32) (51,34) (45,40) (43,42) (42,42) (41,42) (39,42) (38,42) (37,42) (27,42) (26,42) (25,42) (23,42) (22,42) (21,42) (19,40) (13,34) (11,32) (10,30) (9,28) (7,24) (6,22) (5,20) (3,14) (2,10) (1,6) (0,0) (50,34) (46,38) (49,34) (47,36) 
(64,0) (63,6) (62,10) (61,14) (59,20) (58,22) (57,24) (55,28) (54,30) (53,32) (51,34) (45,40) (43,42) (42,42) (41,42) (39,42) (38,42) (37,42) (27,42) (26,42) (25,42) (23,42) (22,42) (21,42) (19,40) (13,34) (11,32) (10,30) (9,28) (7,24) (6,22) (5,20) (3,14) (2,10) (1,6) (0,0) (50,34) (46,38) (49,34) (47,36) (48,32) 
TD 4 :
(64,0) (63,6) (62,10) (61,14) (59,20) (58,22) (57,24) (55,28) (54,30) (53,32) (51,34) (45,40) (43,42) (42,42) (41,42) (39,42) (38,42) (37,42) (27,42) (26,42) (25,42) (23,42) (22,42) (21,42) (19,40) (13,34) (11,32) (10,30) (9,28) (7,24) (6,22) (5,20) (3,14) (2,10) (1,6) (0,0) (18,38) (14,34) (17,36) (15,34) (16,32) 
(64,0) (63,6) (62,10) (61,14) (59,20) (58,22) (57,24) (55,28) (54,30) (53,32) (51,34) (45,40) (43,42) (42,42) (41,42) (39,42) (38,42) (37,42) (27,42) (26,42) (25,42) (23,42) (22,42) (21,42) (19,40) (13,34) (11,32) (10,30) (9,28) (7,24) (6,22) (5,20) (3,14) (2,10) (1,6) (0,0) (36,40) (35,40) (29,40) (28,40) (34,38) (30,38) (33,36) (31,36) 
(64,0) (63,6) (62,10) (61,14) (59,20) (58,22) (57,24) (55,28) (54,30) (53,32) (51,34) (45,40) (43,42) (42,42) (41,42) (39,42) (38,42) (37,42) (27,42) (26,42) (25,42) (23,42) (22,42) (21,42) (19,40) (13,34) (11,32) (10,30) (9,28) (7,24) (6,22) (5,20) (3,14) (2,10) (1,6) (0,0) (36,40) (35,40) (29,40) (28,40) (34,38) (30,38) (33,36) (31,36) (32,32) 
(64,0) (63,6) (62,10) (61,14) (59,20) (58,22) (57,24) (55,28) (54,30) (53,32) (51,34) (45,40) (43,42) (42,42) (41,42) (39,42) (38,42) (37,42) (27,42) (26,42) (25,42) (23,42) (22,42) (21,42) (19,40) (13,34) (11,32) (10,30) (9,28) (7,24) (6,22) (5,20) (3,14) (2,10) (1,6) (0,0) (36,40) (35,40) (29,40) (28,40) (34,38) (30,38) (33,36) (31,36) 
(64,0) (63,6) (62,10) (61,14) (59,20) (58,22) (57,24) (55,28) (54,30) (53,32) (51,34) (45,40) (43,42) (42,42) (41,42) (39,42) (38,42) (37,42) (27,42) (26,42) (25,42) (23,42) (22,42) (21,42) (19,40) (13,34) (11,32) (10,30) (9,28) (7,24) (6,22) (5,20) (3,14) (2,10) (1,6) (0,0) (50,34) (46,38) (49,34) (47,36) (48,32) 
Pocket 0 :
()
Pocket 1 :
({  (0,0) ,(1,6) } {  (0,0) ,(1,6) } {  (0,0) ,(1,6) } {  (0,0) ,(1,6) } {  (0,0) ,(1,6) } {  (0,0) ,(1,6) } {  (0,0) ,(1,6) } {  (0,0) ,(1,6) } {  (0,0) ,(1,6) } {  (0,0) ,(1,6) } {  (0,0) ,(1,6) } {  (0,0) ,(1,6) } {  (0,0) ,(1,6) } {  (0,0) ,(1,6) } {  (0,0) ,(1,6) } {  (0,0) ,(1,6) } {  (0,0) ,(1,6) } {  (0,0) ,(1,6) } {  (0,0) ,(1,6) } {  (0,0) ,(1,6) } {  (0,0) ,(1,6) } {  (0,0) ,(1,6) } {  (0,0) ,(1,6) } {  (0,0) ,(1,6) } {  (0,0) ,(1,6) } {  (0,0) ,(1,6) } {  (0,0) ,(1,6) } {  (0,0) ,(1,6) } {  (0,0) ,(1,6) } {  (0,0) ,(1,6) } {  (0,0) ,(1,6) } {  (0,0) ,(1,6) } {  (0,0) ,(1,6) } {  (0,0) ,(1,6) } {  (0,0) ,(1,6) } {  (0,0) ,(1,6) } {  (0,0) ,(1,6) } {  (0,0) ,(1,6) } {  (0,0) ,(1,6) } {  (0,0) ,(1,6) } {  (0,0) ,(1,6) } {  (0,0) ,(1,6) } {  (0,0) ,(1,6) } {  (0,0) ,(1,6) } {  (0,0) ,(1,6) } {  (0,0) ,(1,6) } {  (0,0) ,(1,6) } {  (0,0) ,(1,6) } {  (0,0) ,(1,6) } {  (0,0) ,(1,6) } {  (0,0) ,(1,6) } {  (0,0) ,(1,6) } {  (0,0) ,(1,6) } {  (0,0) ,(1,6) } {  (0,0) ,(1,6) } {  (0,0) ,(1,6) } {  (0,0) ,(1,6) } {  (0,0) ,(1,6) } {  (0,0) ,(1,6) } {  (0,0) ,(1,6) } {  (0,0) ,(1,6) } {  (0,0) ,(1,6) } {  (0,0) ,(1,6) } {  (0,0) ,(1,6) } {  (0,0) ,(1,6) } {  (0,0) ,(1,6) } {  (0,0) ,(1,6) } {  (0,0) ,(1,6) } {  (0,0) ,(1,6) } {  (0,0) ,(1,6) } )
Pocket 2 :
({  (4,16) ,(0,0) } {  (64,0) ,(8,24) } {  (64,0) ,(8,24) } {  (64,0) ,(12,32) } {  (64,0) ,(12,32) } {  (15,34) ,(14,34) } {  (15,34) ,(14,34) } {  (15,34) ,(14,34) } {  (64,0) ,(20,40) } {  (64,0) ,(20,40) } {  (64,0) ,(24,40) } {  (64,0) ,(24,40) } {  (29,40) ,(28,40) } {  (29,40) ,(28,40) } {  (29,40) ,(28,40) } {  (29,40) ,(28,40) } {  (29,40) ,(28,40) } {  (64,0) ,(40,40) } {  (64,0) ,(40,40) } {  (64,0) ,(44,40) } {  (64,0) ,(44,40) } {  (47,36) ,(46,38) } {  (47,36) ,(46,38) } {  (47,36) ,(46,38) } {  (64,0) ,(52,32) } {  (64,0) ,(52,32) } {  (64,0) ,(56,24) } {  (64,0) ,(56,24) } {  (64,0) ,(60,16) } )
Pocket 3 :
({  (15,34) ,(14,34) } {  (64,0) ,(17,36) } {  (15,34) ,(14,34) } {  (64,0) ,(17,36) } {  (31,36) ,(30,38) } {  (31,36) ,(30,38) } {  (31,36) ,(30,38) } {  (48,32) ,(47,36) } {  (48,32) ,(47,36) } )
