35 layers in onion peeling: 
Layer 1
(128,0) (0,0) 
Layer 2
(127,-7) (1,-7) 
Layer 3
(126,-12) (2,-12) 
Layer 4
(125,-17) (3,-17) 
Layer 5
(124,-20) (4,-20) 
Layer 6
(123,-25) (5,-25) 
Layer 7
(122,-28) (6,-28) 
Layer 8
(121,-31) (7,-31) 
Layer 9
(120,-32) (8,-32) 
Layer 10
(119,-37) (9,-37) 
Layer 11
(118,-40) (10,-40) 
Layer 12
(117,-43) (11,-43) 
Layer 13
(116,-44) (12,-44) 
Layer 14
(115,-47) (13,-47) 
Layer 15
(114,-48) (112,-48) (16,-48) (14,-48) 
Layer 16
(113,-49) (15,-49) 
Layer 17
(111,-53) (17,-53) 
Layer 18
(110,-56) (18,-56) 
Layer 19
(109,-59) (19,-59) 
Layer 20
(108,-60) (20,-60) 
Layer 21
(107,-63) (21,-63) 
Layer 22
(106,-64) (104,-64) (96,-64) (64,-64) (32,-64) (24,-64) (22,-64) 
Layer 23
(105,-65) (23,-65) 
Layer 24
(103,-67) (97,-67) (31,-67) (25,-67) 
Layer 25
(102,-68) (100,-68) (98,-68) (30,-68) (28,-68) (26,-68) 
Layer 26
(101,-69) (99,-69) (95,-69) (65,-69) (63,-69) (33,-69) (29,-69) (27,-69) 
Layer 27
(94,-72) (66,-72) (62,-72) (34,-72) 
Layer 28
(93,-75) (67,-75) (61,-75) (35,-75) 
Layer 29
(92,-76) (68,-76) (60,-76) (36,-76) 
Layer 30
(91,-79) (69,-79) (59,-79) (37,-79) 
Layer 31
(90,-80) (88,-80) (80,-80) (72,-80) (70,-80) (58,-80) (56,-80) (48,-80) (40,-80) (38,-80) 
Layer 32
(89,-81) (71,-81) (57,-81) (39,-81) 
Layer 33
(87,-83) (81,-83) (79,-83) (73,-83) (55,-83) (49,-83) (47,-83) (41,-83) 
Layer 34
(86,-84) (84,-84) (82,-84) (78,-84) (76,-84) (74,-84) (54,-84) (52,-84) (50,-84) (46,-84) (44,-84) (42,-84) 
Layer 35
(85,-85) (83,-85) (77,-85) (75,-85) (53,-85) (51,-85) (45,-85) (43,-85) 
---------------------------------------------------------------------------------------
TD 0 :
(128,0) (127,-7) (126,-12) (125,-17) (124,-20) (123,-25) (122,-28) (121,-31) (120,-32) (119,-37) (118,-40) (117,-43) (116,-44) (115,-47) (114,-48) (113,-49) (112,-48) (111,-53) (110,-56) (109,-59) (108,-60) (107,-63) (106,-64) (105,-65) (104,-64) (103,-67) (102,-68) (101,-69) (100,-68) (99,-69) (98,-68) (97,-67) (96,-64) (95,-69) (94,-72) (93,-75) (92,-76) (91,-79) (90,-80) (89,-81) (88,-80) (87,-83) (86,-84) (85,-85) (84,-84) (83,-85) (82,-84) (81,-83) (80,-80) (79,-83) (78,-84) (77,-85) (76,-84) (75,-85) (74,-84) (73,-83) (72,-80) (71,-81) (70,-80) (69,-79) (68,-76) (67,-75) (66,-72) (65,-69) (64,-64) (63,-69) (62,-72) (61,-75) (60,-76) (59,-79) (58,-80) (57,-81) (56,-80) (55,-83) (54,-84) (53,-85) (52,-84) (51,-85) (50,-84) (49,-83) (48,-80) (47,-83) (46,-84) (45,-85) (44,-84) (43,-85) (42,-84) (41,-83) (40,-80) (39,-81) (38,-80) (37,-79) (36,-76) (35,-75) (34,-72) (33,-69) (32,-64) (31,-67) (30,-68) (29,-69) (28,-68) (27,-69) (26,-68) (25,-67) (24,-64) (23,-65) (22,-64) (21,-63) (20,-60) (19,-59) (18,-56) (17,-53) (16,-48) (15,-49) (14,-48) (13,-47) (12,-44) (11,-43) (10,-40) (9,-37) (8,-32) (7,-31) (6,-28) (5,-25) (4,-20) (3,-17) (2,-12) (1,-7) (0,0) 
TD 1 :
(128,0) (0,0) (1,-7) (2,-12) (3,-17) (4,-20) (5,-25) (6,-28) (7,-31) (8,-32) (9,-37) (10,-40) (11,-43) (12,-44) (13,-47) (14,-48) (15,-49) (16,-48) (17,-53) (18,-56) (19,-59) (20,-60) (21,-63) (22,-64) (23,-65) (24,-64) (25,-67) (26,-68) (27,-69) (28,-68) (29,-69) (30,-68) (31,-67) (32,-64) (33,-69) (34,-72) (35,-75) (36,-76) (37,-79) (38,-80) (39,-81) (40,-80) (41,-83) (42,-84) (43,-85) (44,-84) (45,-85) (46,-84) (47,-83) (48,-80) (49,-83) (50,-84) (51,-85) (52,-84) (53,-85) (54,-84) (55,-83) (56,-80) (57,-81) (58,-80) (59,-79) (60,-76) (61,-75) (62,-72) (63,-69) (64,-64) (65,-69) (66,-72) (67,-75) (68,-76) (69,-79) (70,-80) (71,-81) (72,-80) (73,-83) (74,-84) (75,-85) (76,-84) (77,-85) (78,-84) (79,-83) (80,-80) (81,-83) (82,-84) (83,-85) (84,-84) (85,-85) (86,-84) (87,-83) (88,-80) (89,-81) (90,-80) (91,-79) (92,-76) (93,-75) (94,-72) (95,-69) (96,-64) (97,-67) (98,-68) (99,-69) (100,-68) (101,-69) (102,-68) (103,-67) (104,-64) (105,-65) (106,-64) (107,-63) (108,-60) (109,-59) (110,-56) (111,-53) (112,-48) (113,-49) (114,-48) (115,-47) (116,-44) (117,-43) (118,-40) (119,-37) (120,-32) (121,-31) (122,-28) (123,-25) (124,-20) (125,-17) (126,-12) (127,-7) 
TD 2 :
(128,0) (0,0) (127,-7) (1,-7) (2,-12) (3,-17) (4,-20) (5,-25) (6,-28) (7,-31) (8,-32) (9,-37) (10,-40) (11,-43) (12,-44) (13,-47) (14,-48) (15,-49) (16,-48) (17,-53) (18,-56) (19,-59) (20,-60) (21,-63) (22,-64) (23,-65) (24,-64) (25,-67) (26,-68) (27,-69) (28,-68) (29,-69) (30,-68) (31,-67) (32,-64) (33,-69) (34,-72) (35,-75) (36,-76) (37,-79) (38,-80) (39,-81) (40,-80) (41,-83) (42,-84) (43,-85) (44,-84) (45,-85) (46,-84) (47,-83) (48,-80) (49,-83) (50,-84) (51,-85) (52,-84) (53,-85) (54,-84) (55,-83) (56,-80) (57,-81) (58,-80) (59,-79) (60,-76) (61,-75) (62,-72) (63,-69) (64,-64) (65,-69) (66,-72) (67,-75) (68,-76) (69,-79) (70,-80) (71,-81) (72,-80) (73,-83) (74,-84) (75,-85) (76,-84) (77,-85) (78,-84) (79,-83) (80,-80) (81,-83) (82,-84) (83,-85) (84,-84) (85,-85) (86,-84) (87,-83) (88,-80) (89,-81) (90,-80) (91,-79) (92,-76) (93,-75) (94,-72) (95,-69) (96,-64) (97,-67) (98,-68) (99,-69) (100,-68) (101,-69) (102,-68) (103,-67) (104,-64) (105,-65) (106,-64) (107,-63) (108,-60) (109,-59) (110,-56) (111,-53) (112,-48) (113,-49) (114,-48) (115,-47) (116,-44) (117,-43) (118,-40) (119,-37) (120,-32) (121,-31) (122,-28) (123,-25) (124,-20) (125,-17) (126,-12) 
TD 3 :
(128,0) (0,0) (127,-7) (1,-7) (126,-12) (2,-12) (3,-17) (4,-20) (5,-25) (6,-28) (7,-31) (8,-32) (9,-37) (10,-40) (11,-43) (12,-44) (13,-47) (14,-48) (15,-49) (16,-48) (17,-53) (18,-56) (19,-59) (20,-60) (21,-63) (22,-64) (23,-65) (24,-64) (25,-67) (26,-68) (27,-69) (28,-68) (29,-69) (30,-68) (31,-67) (32,-64) (33,-69) (34,-72) (35,-75) (36,-76) (37,-79) (38,-80) (39,-81) (40,-80) (41,-83) (42,-84) (43,-85) (44,-84) (45,-85) (46,-84) (47,-83) (48,-80) (49,-83) (50,-84) (51,-85) (52,-84) (53,-85) (54,-84) (55,-83) (56,-80) (57,-81) (58,-80) (59,-79) (60,-76) (61,-75) (62,-72) (63,-69) (64,-64) (65,-69) (66,-72) (67,-75) (68,-76) (69,-79) (70,-80) (71,-81) (72,-80) (73,-83) (74,-84) (75,-85) (76,-84) (77,-85) (78,-84) (79,-83) (80,-80) (81,-83) (82,-84) (83,-85) (84,-84) (85,-85) (86,-84) (87,-83) (88,-80) (89,-81) (90,-80) (91,-79) (92,-76) (93,-75) (94,-72) (95,-69) (96,-64) (97,-67) (98,-68) (99,-69) (100,-68) (101,-69) (102,-68) (103,-67) (104,-64) (105,-65) (106,-64) (107,-63) (108,-60) (109,-59) (110,-56) (111,-53) (112,-48) (113,-49) (114,-48) (115,-47) (116,-44) (117,-43) (118,-40) (119,-37) (120,-32) (121,-31) (122,-28) (123,-25) (124,-20) (125,-17) 
TD 4 :
(128,0) (0,0) (127,-7) (1,-7) (126,-12) (2,-12) (125,-17) (3,-17) (4,-20) (5,-25) (6,-28) (7,-31) (8,-32) (9,-37) (10,-40) (11,-43) (12,-44) (13,-47) (14,-48) (15,-49) (16,-48) (17,-53) (18,-56) (19,-59) (20,-60) (21,-63) (22,-64) (23,-65) (24,-64) (25,-67) (26,-68) (27,-69) (28,-68) (29,-69) (30,-68) (31,-67) (32,-64) (33,-69) (34,-72) (35,-75) (36,-76) (37,-79) (38,-80) (39,-81) (40,-80) (41,-83) (42,-84) (43,-85) (44,-84) (45,-85) (46,-84) (47,-83) (48,-80) (49,-83) (50,-84) (51,-85) (52,-84) (53,-85) (54,-84) (55,-83) (56,-80) (57,-81) (58,-80) (59,-79) (60,-76) (61,-75) (62,-72) (63,-69) (64,-64) (65,-69) (66,-72) (67,-75) (68,-76) (69,-79) (70,-80) (71,-81) (72,-80) (73,-83) (74,-84) (75,-85) (76,-84) (77,-85) (78,-84) (79,-83) (80,-80) (81,-83) (82,-84) (83,-85) (84,-84) (85,-85) (86,-84) (87,-83) (88,-80) (89,-81) (90,-80) (91,-79) (92,-76) (93,-75) (94,-72) (95,-69) (96,-64) (97,-67) (98,-68) (99,-69) (100,-68) (101,-69) (102,-68) (103,-67) (104,-64) (105,-65) (106,-64) (107,-63) (108,-60) (109,-59) (110,-56) (111,-53) (112,-48) (113,-49) (114,-48) (115,-47) (116,-44) (117,-43) (118,-40) (119,-37) (120,-32) (121,-31) (122,-28) (123,-25) (124,-20) 
TD 5 :
(128,0) (0,0) (127,-7) (1,-7) (126,-12) (2,-12) (125,-17) (3,-17) (124,-20) (4,-20) (5,-25) (6,-28) (7,-31) (8,-32) (9,-37) (10,-40) (11,-43) (12,-44) (13,-47) (14,-48) (15,-49) (16,-48) (17,-53) (18,-56) (19,-59) (20,-60) (21,-63) (22,-64) (23,-65) (24,-64) (25,-67) (26,-68) (27,-69) (28,-68) (29,-69) (30,-68) (31,-67) (32,-64) (33,-69) (34,-72) (35,-75) (36,-76) (37,-79) (38,-80) (39,-81) (40,-80) (41,-83) (42,-84) (43,-85) (44,-84) (45,-85) (46,-84) (47,-83) (48,-80) (49,-83) (50,-84) (51,-85) (52,-84) (53,-85) (54,-84) (55,-83) (56,-80) (57,-81) (58,-80) (59,-79) (60,-76) (61,-75) (62,-72) (63,-69) (64,-64) (65,-69) (66,-72) (67,-75) (68,-76) (69,-79) (70,-80) (71,-81) (72,-80) (73,-83) (74,-84) (75,-85) (76,-84) (77,-85) (78,-84) (79,-83) (80,-80) (81,-83) (82,-84) (83,-85) (84,-84) (85,-85) (86,-84) (87,-83) (88,-80) (89,-81) (90,-80) (91,-79) (92,-76) (93,-75) (94,-72) (95,-69) (96,-64) (97,-67) (98,-68) (99,-69) (100,-68) (101,-69) (102,-68) (103,-67) (104,-64) (105,-65) (106,-64) (107,-63) (108,-60) (109,-59) (110,-56) (111,-53) (112,-48) (113,-49) (114,-48) (115,-47) (116,-44) (117,-43) (118,-40) (119,-37) (120,-32) (121,-31) (122,-28) (123,-25) 
TD 6 :
(128,0) (0,0) (127,-7) (1,-7) (126,-12) (2,-12) (125,-17) (3,-17) (124,-20) (4,-20) (123,-25) (5,-25) (6,-28) (7,-31) (8,-32) (9,-37) (10,-40) (11,-43) (12,-44) (13,-47) (14,-48) (15,-49) (16,-48) (17,-53) (18,-56) (19,-59) (20,-60) (21,-63) (22,-64) (23,-65) (24,-64) (25,-67) (26,-68) (27,-69) (28,-68) (29,-69) (30,-68) (31,-67) (32,-64) (33,-69) (34,-72) (35,-75) (36,-76) (37,-79) (38,-80) (39,-81) (40,-80) (41,-83) (42,-84) (43,-85) (44,-84) (45,-85) (46,-84) (47,-83) (48,-80) (49,-83) (50,-84) (51,-85) (52,-84) (53,-85) (54,-84) (55,-83) (56,-80) (57,-81) (58,-80) (59,-79) (60,-76) (61,-75) (62,-72) (63,-69) (64,-64) (65,-69) (66,-72) (67,-75) (68,-76) (69,-79) (70,-80) (71,-81) (72,-80) (73,-83) (74,-84) (75,-85) (76,-84) (77,-85) (78,-84) (79,-83) (80,-80) (81,-83) (82,-84) (83,-85) (84,-84) (85,-85) (86,-84) (87,-83) (88,-80) (89,-81) (90,-80) (91,-79) (92,-76) (93,-75) (94,-72) (95,-69) (96,-64) (97,-67) (98,-68) (99,-69) (100,-68) (101,-69) (102,-68) (103,-67) (104,-64) (105,-65) (106,-64) (107,-63) (108,-60) (109,-59) (110,-56) (111,-53) (112,-48) (113,-49) (114,-48) (115,-47) (116,-44) (117,-43) (118,-40) (119,-37) (120,-32) (121,-31) (122,-28) 
TD 7 :
(128,0) (0,0) (127,-7) (1,-7) (126,-12) (2,-12) (125,-17) (3,-17) (124,-20) (4,-20) (123,-25) (5,-25) (122,-28) (6,-28) (7,-31) (8,-32) (9,-37) (10,-40) (11,-43) (12,-44) (13,-47) (14,-48) (15,-49) (16,-48) (17,-53) (18,-56) (19,-59) (20,-60) (21,-63) (22,-64) (23,-65) (24,-64) (25,-67) (26,-68) (27,-69) (28,-68) (29,-69) (30,-68) (31,-67) (32,-64) (33,-69) (34,-72) (35,-75) (36,-76) (37,-79) (38,-80) (39,-81) (40,-80) (41,-83) (42,-84) (43,-85) (44,-84) (45,-85) (46,-84) (47,-83) (48,-80) (49,-83) (50,-84) (51,-85) (52,-84) (53,-85) (54,-84) (55,-83) (56,-80) (57,-81) (58,-80) (59,-79) (60,-76) (61,-75) (62,-72) (63,-69) (64,-64) (65,-69) (66,-72) (67,-75) (68,-76) (69,-79) (70,-80) (71,-81) (72,-80) (73,-83) (74,-84) (75,-85) (76,-84) (77,-85) (78,-84) (79,-83) (80,-80) (81,-83) (82,-84) (83,-85) (84,-84) (85,-85) (86,-84) (87,-83) (88,-80) (89,-81) (90,-80) (91,-79) (92,-76) (93,-75) (94,-72) (95,-69) (96,-64) (97,-67) (98,-68) (99,-69) (100,-68) (101,-69) (102,-68) (103,-67) (104,-64) (105,-65) (106,-64) (107,-63) (108,-60) (109,-59) (110,-56) (111,-53) (112,-48) (113,-49) (114,-48) (115,-47) (116,-44) (117,-43) (118,-40) (119,-37) (120,-32) (121,-31) 
TD 8 :
(128,0) (0,0) (127,-7) (1,-7) (126,-12) (2,-12) (125,-17) (3,-17) (124,-20) (4,-20) (123,-25) (5,-25) (122,-28) (6,-28) (121,-31) (7,-31) (8,-32) (9,-37) (10,-40) (11,-43) (12,-44) (13,-47) (14,-48) (15,-49) (16,-48) (17,-53) (18,-56) (19,-59) (20,-60) (21,-63) (22,-64) (23,-65) (24,-64) (25,-67) (26,-68) (27,-69) (28,-68) (29,-69) (30,-68) (31,-67) (32,-64) (33,-69) (34,-72) (35,-75) (36,-76) (37,-79) (38,-80) (39,-81) (40,-80) (41,-83) (42,-84) (43,-85) (44,-84) (45,-85) (46,-84) (47,-83) (48,-80) (49,-83) (50,-84) (51,-85) (52,-84) (53,-85) (54,-84) (55,-83) (56,-80) (57,-81) (58,-80) (59,-79) (60,-76) (61,-75) (62,-72) (63,-69) (64,-64) (65,-69) (66,-72) (67,-75) (68,-76) (69,-79) (70,-80) (71,-81) (72,-80) (73,-83) (74,-84) (75,-85) (76,-84) (77,-85) (78,-84) (79,-83) (80,-80) (81,-83) (82,-84) (83,-85) (84,-84) (85,-85) (86,-84) (87,-83) (88,-80) (89,-81) (90,-80) (91,-79) (92,-76) (93,-75) (94,-72) (95,-69) (96,-64) (97,-67) (98,-68) (99,-69) (100,-68) (101,-69) (102,-68) (103,-67) (104,-64) (105,-65) (106,-64) (107,-63) (108,-60) (109,-59) (110,-56) (111,-53) (112,-48) (113,-49) (114,-48) (115,-47) (116,-44) (117,-43) (118,-40) (119,-37) (120,-32) 
TD 9 :
(128,0) (0,0) (127,-7) (1,-7) (126,-12) (2,-12) (125,-17) (3,-17) (124,-20) (4,-20) (123,-25) (5,-25) (122,-28) (6,-28) (121,-31) (7,-31) (120,-32) (8,-32) (9,-37) (10,-40) (11,-43) (12,-44) (13,-47) (14,-48) (15,-49) (16,-48) (17,-53) (18,-56) (19,-59) (20,-60) (21,-63) (22,-64) (23,-65) (24,-64) (25,-67) (26,-68) (27,-69) (28,-68) (29,-69) (30,-68) (31,-67) (32,-64) (33,-69) (34,-72) (35,-75) (36,-76) (37,-79) (38,-80) (39,-81) (40,-80) (41,-83) (42,-84) (43,-85) (44,-84) (45,-85) (46,-84) (47,-83) (48,-80) (49,-83) (50,-84) (51,-85) (52,-84) (53,-85) (54,-84) (55,-83) (56,-80) (57,-81) (58,-80) (59,-79) (60,-76) (61,-75) (62,-72) (63,-69) (64,-64) (65,-69) (66,-72) (67,-75) (68,-76) (69,-79) (70,-80) (71,-81) (72,-80) (73,-83) (74,-84) (75,-85) (76,-84) (77,-85) (78,-84) (79,-83) (80,-80) (81,-83) (82,-84) (83,-85) (84,-84) (85,-85) (86,-84) (87,-83) (88,-80) (89,-81) (90,-80) (91,-79) (92,-76) (93,-75) (94,-72) (95,-69) (96,-64) (97,-67) (98,-68) (99,-69) (100,-68) (101,-69) (102,-68) (103,-67) (104,-64) (105,-65) (106,-64) (107,-63) (108,-60) (109,-59) (110,-56) (111,-53) (112,-48) (113,-49) (114,-48) (115,-47) (116,-44) (117,-43) (118,-40) (119,-37) 
TD 10 :
(128,0) (0,0) (127,-7) (1,-7) (126,-12) (2,-12) (125,-17) (3,-17) (124,-20) (4,-20) (123,-25) (5,-25) (122,-28) (6,-28) (121,-31) (7,-31) (120,-32) (8,-32) (119,-37) (9,-37) (10,-40) (11,-43) (12,-44) (13,-47) (14,-48) (15,-49) (16,-48) (17,-53) (18,-56) (19,-59) (20,-60) (21,-63) (22,-64) (23,-65) (24,-64) (25,-67) (26,-68) (27,-69) (28,-68) (29,-69) (30,-68) (31,-67) (32,-64) (33,-69) (34,-72) (35,-75) (36,-76) (37,-79) (38,-80) (39,-81) (40,-80) (41,-83) (42,-84) (43,-85) (44,-84) (45,-85) (46,-84) (47,-83) (48,-80) (49,-83) (50,-84) (51,-85) (52,-84) (53,-85) (54,-84) (55,-83) (56,-80) (57,-81) (58,-80) (59,-79) (60,-76) (61,-75) (62,-72) (63,-69) (64,-64) (65,-69) (66,-72) (67,-75) (68,-76) (69,-79) (70,-80) (71,-81) (72,-80) (73,-83) (74,-84) (75,-85) (76,-84) (77,-85) (78,-84) (79,-83) (80,-80) (81,-83) (82,-84) (83,-85) (84,-84) (85,-85) (86,-84) (87,-83) (88,-80) (89,-81) (90,-80) (91,-79) (92,-76) (93,-75) (94,-72) (95,-69) (96,-64) (97,-67) (98,-68) (99,-69) (100,-68) (101,-69) (102,-68) (103,-67) (104,-64) (105,-65) (106,-64) (107,-63) (108,-60) (109,-59) (110,-56) (111,-53) (112,-48) (113,-49) (114,-48) (115,-47) (116,-44) (117,-43) (118,-40) 
TD 11 :
(128,0) (0,0) (127,-7) (1,-7) (126,-12) (2,-12) (125,-17) (3,-17) (124,-20) (4,-20) (123,-25) (5,-25) (122,-28) (6,-28) (121,-31) (7,-31) (120,-32) (8,-32) (119,-37) (9,-37) (118,-40) (10,-40) (11,-43) (12,-44) (13,-47) (14,-48) (15,-49) (16,-48) (17,-53) (18,-56) (19,-59) (20,-60) (21,-63) (22,-64) (23,-65) (24,-64) (25,-67) (26,-68) (27,-69) (28,-68) (29,-69) (30,-68) (31,-67) (32,-64) (33,-69) (34,-72) (35,-75) (36,-76) (37,-79) (38,-80) (39,-81) (40,-80) (41,-83) (42,-84) (43,-85) (44,-84) (45,-85) (46,-84) (47,-83) (48,-80) (49,-83) (50,-84) (51,-85) (52,-84) (53,-85) (54,-84) (55,-83) (56,-80) (57,-81) (58,-80) (59,-79) (60,-76) (61,-75) (62,-72) (63,-69) (64,-64) (65,-69) (66,-72) (67,-75) (68,-76) (69,-79) (70,-80) (71,-81) (72,-80) (73,-83) (74,-84) (75,-85) (76,-84) (77,-85) (78,-84) (79,-83) (80,-80) (81,-83) (82,-84) (83,-85) (84,-84) (85,-85) (86,-84) (87,-83) (88,-80) (89,-81) (90,-80) (91,-79) (92,-76) (93,-75) (94,-72) (95,-69) (96,-64) (97,-67) (98,-68) (99,-69) (100,-68) (101,-69) (102,-68) (103,-67) (104,-64) (105,-65) (106,-64) (107,-63) (108,-60) (109,-59) (110,-56) (111,-53) (112,-48) (113,-49) (114,-48) (115,-47) (116,-44) (117,-43) 
TD 12 :
(128,0) (0,0) (127,-7) (1,-7) (126,-12) (2,-12) (125,-17) (3,-17) (124,-20) (4,-20) (123,-25) (5,-25) (122,-28) (6,-28) (121,-31) (7,-31) (120,-32) (8,-32) (119,-37) (9,-37) (118,-40) (10,-40) (117,-43) (11,-43) (12,-44) (13,-47) (14,-48) (15,-49) (16,-48) (17,-53) (18,-56) (19,-59) (20,-60) (21,-63) (22,-64) (23,-65) (24,-64) (25,-67) (26,-68) (27,-69) (28,-68) (29,-69) (30,-68) (31,-67) (32,-64) (33,-69) (34,-72) (35,-75) (36,-76) (37,-79) (38,-80) (39,-81) (40,-80) (41,-83) (42,-84) (43,-85) (44,-84) (45,-85) (46,-84) (47,-83) (48,-80) (49,-83) (50,-84) (51,-85) (52,-84) (53,-85) (54,-84) (55,-83) (56,-80) (57,-81) (58,-80) (59,-79) (60,-76) (61,-75) (62,-72) (63,-69) (64,-64) (65,-69) (66,-72) (67,-75) (68,-76) (69,-79) (70,-80) (71,-81) (72,-80) (73,-83) (74,-84) (75,-85) (76,-84) (77,-85) (78,-84) (79,-83) (80,-80) (81,-83) (82,-84) (83,-85) (84,-84) (85,-85) (86,-84) (87,-83) (88,-80) (89,-81) (90,-80) (91,-79) (92,-76) (93,-75) (94,-72) (95,-69) (96,-64) (97,-67) (98,-68) (99,-69) (100,-68) (101,-69) (102,-68) (103,-67) (104,-64) (105,-65) (106,-64) (107,-63) (108,-60) (109,-59) (110,-56) (111,-53) (112,-48) (113,-49) (114,-48) (115,-47) (116,-44) 
TD 13 :
(128,0) (0,0) (127,-7) (1,-7) (126,-12) (2,-12) (125,-17) (3,-17) (124,-20) (4,-20) (123,-25) (5,-25) (122,-28) (6,-28) (121,-31) (7,-31) (120,-32) (8,-32) (119,-37) (9,-37) (118,-40) (10,-40) (117,-43) (11,-43) (116,-44) (12,-44) (13,-47) (14,-48) (15,-49) (16,-48) (17,-53) (18,-56) (19,-59) (20,-60) (21,-63) (22,-64) (23,-65) (24,-64) (25,-67) (26,-68) (27,-69) (28,-68) (29,-69) (30,-68) (31,-67) (32,-64) (33,-69) (34,-72) (35,-75) (36,-76) (37,-79) (38,-80) (39,-81) (40,-80) (41,-83) (42,-84) (43,-85) (44,-84) (45,-85) (46,-84) (47,-83) (48,-80) (49,-83) (50,-84) (51,-85) (52,-84) (53,-85) (54,-84) (55,-83) (56,-80) (57,-81) (58,-80) (59,-79) (60,-76) (61,-75) (62,-72) (63,-69) (64,-64) (65,-69) (66,-72) (67,-75) (68,-76) (69,-79) (70,-80) (71,-81) (72,-80) (73,-83) (74,-84) (75,-85) (76,-84) (77,-85) (78,-84) (79,-83) (80,-80) (81,-83) (82,-84) (83,-85) (84,-84) (85,-85) (86,-84) (87,-83) (88,-80) (89,-81) (90,-80) (91,-79) (92,-76) (93,-75) (94,-72) (95,-69) (96,-64) (97,-67) (98,-68) (99,-69) (100,-68) (101,-69) (102,-68) (103,-67) (104,-64) (105,-65) (106,-64) (107,-63) (108,-60) (109,-59) (110,-56) (111,-53) (112,-48) (113,-49) (114,-48) (115,-47) 
TD 14 :
(128,0) (0,0) (127,-7) (1,-7) (126,-12) (2,-12) (125,-17) (3,-17) (124,-20) (4,-20) (123,-25) (5,-25) (122,-28) (6,-28) (121,-31) (7,-31) (120,-32) (8,-32) (119,-37) (9,-37) (118,-40) (10,-40) (117,-43) (11,-43) (116,-44) (12,-44) (115,-47) (13,-47) (14,-48) (15,-49) (16,-48) (17,-53) (18,-56) (19,-59) (20,-60) (21,-63) (22,-64) (23,-65) (24,-64) (25,-67) (26,-68) (27,-69) (28,-68) (29,-69) (30,-68) (31,-67) (32,-64) (33,-69) (34,-72) (35,-75) (36,-76) (37,-79) (38,-80) (39,-81) (40,-80) (41,-83) (42,-84) (43,-85) (44,-84) (45,-85) (46,-84) (47,-83) (48,-80) (49,-83) (50,-84) (51,-85) (52,-84) (53,-85) (54,-84) (55,-83) (56,-80) (57,-81) (58,-80) (59,-79) (60,-76) (61,-75) (62,-72) (63,-69) (64,-64) (65,-69) (66,-72) (67,-75) (68,-76) (69,-79) (70,-80) (71,-81) (72,-80) (73,-83) (74,-84) (75,-85) (76,-84) (77,-85) (78,-84) (79,-83) (80,-80) (81,-83) (82,-84) (83,-85) (84,-84) (85,-85) (86,-84) (87,-83) (88,-80) (89,-81) (90,-80) (91,-79) (92,-76) (93,-75) (94,-72) (95,-69) (96,-64) (97,-67) (98,-68) (99,-69) (100,-68) (101,-69) (102,-68) (103,-67) (104,-64) (105,-65) (106,-64) (107,-63) (108,-60) (109,-59) (110,-56) (111,-53) (112,-48) (113,-49) (114,-48) 
TD 15 :
(128,0) (0,0) (127,-7) (1,-7) (126,-12) (2,-12) (125,-17) (3,-17) (124,-20) (4,-20) (123,-25) (5,-25) (122,-28) (6,-28) (121,-31) (7,-31) (120,-32) (8,-32) (119,-37) (9,-37) (118,-40) (10,-40) (117,-43) (11,-43) (116,-44) (12,-44) (115,-47) (13,-47) (114,-48) (112,-48) (16,-48) (14,-48) (15,-49) 
(128,0) (0,0) (127,-7) (1,-7) (126,-12) (2,-12) (125,-17) (3,-17) (124,-20) (4,-20) (123,-25) (5,-25) (122,-28) (6,-28) (121,-31) (7,-31) (120,-32) (8,-32) (119,-37) (9,-37) (118,-40) (10,-40) (117,-43) (11,-43) (116,-44) (12,-44) (115,-47) (13,-47) (114,-48) (112,-48) (16,-48) (14,-48) (17,-53) (18,-56) (19,-59) (20,-60) (21,-63) (22,-64) (23,-65) (24,-64) (25,-67) (26,-68) (27,-69) (28,-68) (29,-69) (30,-68) (31,-67) (32,-64) (33,-69) (34,-72) (35,-75) (36,-76) (37,-79) (38,-80) (39,-81) (40,-80) (41,-83) (42,-84) (43,-85) (44,-84) (45,-85) (46,-84) (47,-83) (48,-80) (49,-83) (50,-84) (51,-85) (52,-84) (53,-85) (54,-84) (55,-83) (56,-80) (57,-81) (58,-80) (59,-79) (60,-76) (61,-75) (62,-72) (63,-69) (64,-64) (65,-69) (66,-72) (67,-75) (68,-76) (69,-79) (70,-80) (71,-81) (72,-80) (73,-83) (74,-84) (75,-85) (76,-84) (77,-85) (78,-84) (79,-83) (80,-80) (81,-83) (82,-84) (83,-85) (84,-84) (85,-85) (86,-84) (87,-83) (88,-80) (89,-81) (90,-80) (91,-79) (92,-76) (93,-75) (94,-72) (95,-69) (96,-64) (97,-67) (98,-68) (99,-69) (100,-68) (101,-69) (102,-68) (103,-67) (104,-64) (105,-65) (106,-64) (107,-63) (108,-60) (109,-59) (110,-56) (111,-53) 
(128,0) (0,0) (127,-7) (1,-7) (126,-12) (2,-12) (125,-17) (3,-17) (124,-20) (4,-20) (123,-25) (5,-25) (122,-28) (6,-28) (121,-31) (7,-31) (120,-32) (8,-32) (119,-37) (9,-37) (118,-40) (10,-40) (117,-43) (11,-43) (116,-44) (12,-44) (115,-47) (13,-47) (114,-48) (112,-48) (16,-48) (14,-48) (113,-49) 
TD 16 :
(128,0) (0,0) (127,-7) (1,-7) (126,-12) (2,-12) (125,-17) (3,-17) (124,-20) (4,-20) (123,-25) (5,-25) (122,-28) (6,-28) (121,-31) (7,-31) (120,-32) (8,-32) (119,-37) (9,-37) (118,-40) (10,-40) (117,-43) (11,-43) (116,-44) (12,-44) (115,-47) (13,-47) (114,-48) (112,-48) (16,-48) (14,-48) (15,-49) 
(128,0) (0,0) (127,-7) (1,-7) (126,-12) (2,-12) (125,-17) (3,-17) (124,-20) (4,-20) (123,-25) (5,-25) (122,-28) (6,-28) (121,-31) (7,-31) (120,-32) (8,-32) (119,-37) (9,-37) (118,-40) (10,-40) (117,-43) (11,-43) (116,-44) (12,-44) (115,-47) (13,-47) (114,-48) (112,-48) (16,-48) (14,-48) (113,-49) 
TD 17 :
TD 18 :
TD 19 :
TD 20 :
TD 21 :
TD 22 :
TD 23 :
TD 24 :
TD 25 :
TD 26 :
TD 27 :
TD 28 :
TD 29 :
TD 30 :
TD 31 :
TD 32 :
TD 33 :
TD 34 :
TD 35 :
Pocket 0 :
()
Pocket 1 :
({  (0,0) ,(1,-7) } {  (127,-7) ,(128,0) } )
Pocket 2 :
({  (1,-7) ,(0,0) } {  (128,0) ,(127,-7) } )
Pocket 3 :
({  (2,-12) ,(1,-7) } {  (128,0) ,(126,-12) } )
Pocket 4 :
({  (3,-17) ,(2,-12) } {  (128,0) ,(125,-17) } )
Pocket 5 :
({  (4,-20) ,(3,-17) } {  (128,0) ,(124,-20) } )
Pocket 6 :
({  (5,-25) ,(4,-20) } {  (128,0) ,(123,-25) } )
Pocket 7 :
({  (6,-28) ,(5,-25) } {  (128,0) ,(122,-28) } )
Pocket 8 :
({  (7,-31) ,(6,-28) } {  (128,0) ,(121,-31) } )
Pocket 9 :
({  (8,-32) ,(7,-31) } {  (128,0) ,(120,-32) } )
Pocket 10 :
({  (9,-37) ,(8,-32) } {  (128,0) ,(119,-37) } )
Pocket 11 :
({  (10,-40) ,(9,-37) } {  (128,0) ,(118,-40) } )
Pocket 12 :
({  (11,-43) ,(10,-40) } {  (128,0) ,(117,-43) } )
Pocket 13 :
({  (12,-44) ,(11,-43) } {  (128,0) ,(116,-44) } )
Pocket 14 :
({  (13,-47) ,(12,-44) } {  (128,0) ,(115,-47) } )
Pocket 15 :
({  (14,-48) ,(13,-47) } {  (17,-53) ,(16,-48) } {  (14,-48) ,(13,-47) } {  (17,-53) ,(16,-48) } {  (14,-48) ,(13,-47) } {  (17,-53) ,(16,-48) } )
Pocket 16 :
({  (15,-49) ,(14,-48) } {  (128,0) ,(113,-49) } )
Pocket 17 :
()
Pocket 18 :
()
Pocket 19 :
()
Pocket 20 :
()
Pocket 21 :
()
Pocket 22 :
()
Pocket 23 :
()
Pocket 24 :
()
Pocket 25 :
()
Pocket 26 :
()
Pocket 27 :
()
Pocket 28 :
()
Pocket 29 :
()
Pocket 30 :
()
Pocket 31 :
()
Pocket 32 :
()
Pocket 33 :
()
Pocket 34 :
()
