11 layers in onion peeling: 
Layer 1
(32,0) (0,0) 
Layer 2
(31,-5) (1,-5) 
Layer 3
(30,-8) (2,-8) 
Layer 4
(29,-11) (3,-11) 
Layer 5
(28,-12) (4,-12) 
Layer 6
(27,-15) (5,-15) 
Layer 7
(26,-16) (24,-16) (16,-16) (8,-16) (6,-16) 
Layer 8
(25,-17) (7,-17) 
Layer 9
(23,-19) (17,-19) (15,-19) (9,-19) 
Layer 10
(22,-20) (20,-20) (18,-20) (14,-20) (12,-20) (10,-20) 
Layer 11
(21,-21) (19,-21) (13,-21) (11,-21) 
---------------------------------------------------------------------------------------
TD 0 :
(32,0) (31,-5) (30,-8) (29,-11) (28,-12) (27,-15) (26,-16) (25,-17) (24,-16) (23,-19) (22,-20) (21,-21) (20,-20) (19,-21) (18,-20) (17,-19) (16,-16) (15,-19) (14,-20) (13,-21) (12,-20) (11,-21) (10,-20) (9,-19) (8,-16) (7,-17) (6,-16) (5,-15) (4,-12) (3,-11) (2,-8) (1,-5) (0,0) 
TD 1 :
(32,0) (0,0) (1,-5) (2,-8) (3,-11) (4,-12) (5,-15) (6,-16) (7,-17) (8,-16) (9,-19) (10,-20) (11,-21) (12,-20) (13,-21) (14,-20) (15,-19) (16,-16) (17,-19) (18,-20) (19,-21) (20,-20) (21,-21) (22,-20) (23,-19) (24,-16) (25,-17) (26,-16) (27,-15) (28,-12) (29,-11) (30,-8) (31,-5) 
TD 2 :
(32,0) (0,0) (31,-5) (1,-5) (2,-8) (3,-11) (4,-12) (5,-15) (6,-16) (7,-17) (8,-16) (9,-19) (10,-20) (11,-21) (12,-20) (13,-21) (14,-20) (15,-19) (16,-16) (17,-19) (18,-20) (19,-21) (20,-20) (21,-21) (22,-20) (23,-19) (24,-16) (25,-17) (26,-16) (27,-15) (28,-12) (29,-11) (30,-8) 
TD 3 :
(32,0) (0,0) (31,-5) (1,-5) (30,-8) (2,-8) (3,-11) (4,-12) (5,-15) (6,-16) (7,-17) (8,-16) (9,-19) (10,-20) (11,-21) (12,-20) (13,-21) (14,-20) (15,-19) (16,-16) (17,-19) (18,-20) (19,-21) (20,-20) (21,-21) (22,-20) (23,-19) (24,-16) (25,-17) (26,-16) (27,-15) (28,-12) (29,-11) 
TD 4 :
(32,0) (0,0) (31,-5) (1,-5) (30,-8) (2,-8) (29,-11) (3,-11) (4,-12) (5,-15) (6,-16) (7,-17) (8,-16) (9,-19) (10,-20) (11,-21) (12,-20) (13,-21) (14,-20) (15,-19) (16,-16) (17,-19) (18,-20) (19,-21) (20,-20) (21,-21) (22,-20) (23,-19) (24,-16) (25,-17) (26,-16) (27,-15) (28,-12) 
TD 5 :
(32,0) (0,0) (31,-5) (1,-5) (30,-8) (2,-8) (29,-11) (3,-11) (28,-12) (4,-12) (5,-15) (6,-16) (7,-17) (8,-16) (9,-19) (10,-20) (11,-21) (12,-20) (13,-21) (14,-20) (15,-19) (16,-16) (17,-19) (18,-20) (19,-21) (20,-20) (21,-21) (22,-20) (23,-19) (24,-16) (25,-17) (26,-16) (27,-15) 
TD 6 :
(32,0) (0,0) (31,-5) (1,-5) (30,-8) (2,-8) (29,-11) (3,-11) (28,-12) (4,-12) (27,-15) (5,-15) (6,-16) (7,-17) (8,-16) (9,-19) (10,-20) (11,-21) (12,-20) (13,-21) (14,-20) (15,-19) (16,-16) (17,-19) (18,-20) (19,-21) (20,-20) (21,-21) (22,-20) (23,-19) (24,-16) (25,-17) (26,-16) 
TD 7 :
(32,0) (0,0) (31,-5) (1,-5) (30,-8) (2,-8) (29,-11) (3,-11) (28,-12) (4,-12) (27,-15) (5,-15) (26,-16) (24,-16) (16,-16) (8,-16) (6,-16) (7,-17) 
(32,0) (0,0) (31,-5) (1,-5) (30,-8) (2,-8) (29,-11) (3,-11) (28,-12) (4,-12) (27,-15) (5,-15) (26,-16) (24,-16) (16,-16) (8,-16) (6,-16) (9,-19) (10,-20) (11,-21) (12,-20) (13,-21) (14,-20) (15,-19) 
(32,0) (0,0) (31,-5) (1,-5) (30,-8) (2,-8) (29,-11) (3,-11) (28,-12) (4,-12) (27,-15) (5,-15) (26,-16) (24,-16) (16,-16) (8,-16) (6,-16) (17,-19) (18,-20) (19,-21) (20,-20) (21,-21) (22,-20) (23,-19) 
(32,0) (0,0) (31,-5) (1,-5) (30,-8) (2,-8) (29,-11) (3,-11) (28,-12) (4,-12) (27,-15) (5,-15) (26,-16) (24,-16) (16,-16) (8,-16) (6,-16) (25,-17) 
TD 8 :
(32,0) (0,0) (31,-5) (1,-5) (30,-8) (2,-8) (29,-11) (3,-11) (28,-12) (4,-12) (27,-15) (5,-15) (26,-16) (24,-16) (16,-16) (8,-16) (6,-16) (7,-17) 
(32,0) (0,0) (31,-5) (1,-5) (30,-8) (2,-8) (29,-11) (3,-11) (28,-12) (4,-12) (27,-15) (5,-15) (26,-16) (24,-16) (16,-16) (8,-16) (6,-16) (25,-17) 
TD 9 :
TD 10 :
TD 11 :
Pocket 0 :
()
Pocket 1 :
({  (0,0) ,(1,-5) } {  (31,-5) ,(32,0) } )
Pocket 2 :
({  (1,-5) ,(0,0) } {  (32,0) ,(31,-5) } )
Pocket 3 :
({  (2,-8) ,(1,-5) } {  (32,0) ,(30,-8) } )
Pocket 4 :
({  (3,-11) ,(2,-8) } {  (32,0) ,(29,-11) } )
Pocket 5 :
({  (4,-12) ,(3,-11) } {  (32,0) ,(28,-12) } )
Pocket 6 :
({  (5,-15) ,(4,-12) } {  (32,0) ,(27,-15) } )
Pocket 7 :
({  (6,-16) ,(5,-15) } {  (9,-19) ,(8,-16) } {  (6,-16) ,(5,-15) } {  (9,-19) ,(8,-16) } {  (6,-16) ,(5,-15) } {  (9,-19) ,(8,-16) } {  (6,-16) ,(5,-15) } {  (9,-19) ,(8,-16) } )
Pocket 8 :
({  (7,-17) ,(6,-16) } {  (32,0) ,(25,-17) } )
Pocket 9 :
()
Pocket 10 :
()
