1 layers in onion peeling: 
Layer 1
(8,0) (7,3) (6,4) (5,5) (3,5) (2,4) (1,3) (0,0) 
---------------------------------------------------------------------------------------
TD 0 :
(8,0) (7,3) (6,4) (5,5) (4,4) (3,5) (2,4) (1,3) (0,0) 
TD 1 :
(8,0) (7,3) (6,4) (5,5) (3,5) (2,4) (1,3) (0,0) 
(8,0) (7,3) (6,4) (5,5) (3,5) (2,4) (1,3) (0,0) 
(8,0) (7,3) (6,4) (5,5) (3,5) (2,4) (1,3) (0,0) 
(8,0) (7,3) (6,4) (5,5) (3,5) (2,4) (1,3) (0,0) (4,4) 
(8,0) (7,3) (6,4) (5,5) (3,5) (2,4) (1,3) (0,0) 
(8,0) (7,3) (6,4) (5,5) (3,5) (2,4) (1,3) (0,0) 
(8,0) (7,3) (6,4) (5,5) (3,5) (2,4) (1,3) (0,0) 
Pocket 0 :
()
