16 layers in onion peeling: 
Layer 1
(64,0) (0,0) 
Layer 2
(63,-6) (1,-6) 
Layer 3
(62,-10) (2,-10) 
Layer 4
(61,-14) (3,-14) 
Layer 5
(60,-16) (4,-16) 
Layer 6
(59,-20) (5,-20) 
Layer 7
(58,-22) (6,-22) 
Layer 8
(57,-24) (56,-24) (8,-24) (7,-24) 
Layer 9
(55,-28) (9,-28) 
Layer 10
(54,-30) (10,-30) 
Layer 11
(53,-32) (52,-32) (48,-32) (32,-32) (16,-32) (12,-32) (11,-32) 
Layer 12
(51,-34) (50,-34) (49,-34) (15,-34) (14,-34) (13,-34) 
Layer 13
(47,-36) (33,-36) (31,-36) (17,-36) 
Layer 14
(46,-38) (34,-38) (30,-38) (18,-38) 
Layer 15
(45,-40) (44,-40) (40,-40) (36,-40) (35,-40) (29,-40) (28,-40) (24,-40) (20,-40) (19,-40) 
Layer 16
(43,-42) (42,-42) (41,-42) (39,-42) (38,-42) (37,-42) (27,-42) (26,-42) (25,-42) (23,-42) (22,-42) (21,-42) 
---------------------------------------------------------------------------------------
TD 0 :
(64,0) (63,-6) (62,-10) (61,-14) (60,-16) (59,-20) (58,-22) (57,-24) (56,-24) (55,-28) (54,-30) (53,-32) (52,-32) (51,-34) (50,-34) (49,-34) (48,-32) (47,-36) (46,-38) (45,-40) (44,-40) (43,-42) (42,-42) (41,-42) (40,-40) (39,-42) (38,-42) (37,-42) (36,-40) (35,-40) (34,-38) (33,-36) (32,-32) (31,-36) (30,-38) (29,-40) (28,-40) (27,-42) (26,-42) (25,-42) (24,-40) (23,-42) (22,-42) (21,-42) (20,-40) (19,-40) (18,-38) (17,-36) (16,-32) (15,-34) (14,-34) (13,-34) (12,-32) (11,-32) (10,-30) (9,-28) (8,-24) (7,-24) (6,-22) (5,-20) (4,-16) (3,-14) (2,-10) (1,-6) (0,0) 
TD 1 :
(64,0) (0,0) (1,-6) (2,-10) (3,-14) (4,-16) (5,-20) (6,-22) (7,-24) (8,-24) (9,-28) (10,-30) (11,-32) (12,-32) (13,-34) (14,-34) (15,-34) (16,-32) (17,-36) (18,-38) (19,-40) (20,-40) (21,-42) (22,-42) (23,-42) (24,-40) (25,-42) (26,-42) (27,-42) (28,-40) (29,-40) (30,-38) (31,-36) (32,-32) (33,-36) (34,-38) (35,-40) (36,-40) (37,-42) (38,-42) (39,-42) (40,-40) (41,-42) (42,-42) (43,-42) (44,-40) (45,-40) (46,-38) (47,-36) (48,-32) (49,-34) (50,-34) (51,-34) (52,-32) (53,-32) (54,-30) (55,-28) (56,-24) (57,-24) (58,-22) (59,-20) (60,-16) (61,-14) (62,-10) (63,-6) 
TD 2 :
(64,0) (0,0) (63,-6) (1,-6) (2,-10) (3,-14) (4,-16) (5,-20) (6,-22) (7,-24) (8,-24) (9,-28) (10,-30) (11,-32) (12,-32) (13,-34) (14,-34) (15,-34) (16,-32) (17,-36) (18,-38) (19,-40) (20,-40) (21,-42) (22,-42) (23,-42) (24,-40) (25,-42) (26,-42) (27,-42) (28,-40) (29,-40) (30,-38) (31,-36) (32,-32) (33,-36) (34,-38) (35,-40) (36,-40) (37,-42) (38,-42) (39,-42) (40,-40) (41,-42) (42,-42) (43,-42) (44,-40) (45,-40) (46,-38) (47,-36) (48,-32) (49,-34) (50,-34) (51,-34) (52,-32) (53,-32) (54,-30) (55,-28) (56,-24) (57,-24) (58,-22) (59,-20) (60,-16) (61,-14) (62,-10) 
TD 3 :
(64,0) (0,0) (63,-6) (1,-6) (62,-10) (2,-10) (3,-14) (4,-16) (5,-20) (6,-22) (7,-24) (8,-24) (9,-28) (10,-30) (11,-32) (12,-32) (13,-34) (14,-34) (15,-34) (16,-32) (17,-36) (18,-38) (19,-40) (20,-40) (21,-42) (22,-42) (23,-42) (24,-40) (25,-42) (26,-42) (27,-42) (28,-40) (29,-40) (30,-38) (31,-36) (32,-32) (33,-36) (34,-38) (35,-40) (36,-40) (37,-42) (38,-42) (39,-42) (40,-40) (41,-42) (42,-42) (43,-42) (44,-40) (45,-40) (46,-38) (47,-36) (48,-32) (49,-34) (50,-34) (51,-34) (52,-32) (53,-32) (54,-30) (55,-28) (56,-24) (57,-24) (58,-22) (59,-20) (60,-16) (61,-14) 
TD 4 :
(64,0) (0,0) (63,-6) (1,-6) (62,-10) (2,-10) (61,-14) (3,-14) (4,-16) (5,-20) (6,-22) (7,-24) (8,-24) (9,-28) (10,-30) (11,-32) (12,-32) (13,-34) (14,-34) (15,-34) (16,-32) (17,-36) (18,-38) (19,-40) (20,-40) (21,-42) (22,-42) (23,-42) (24,-40) (25,-42) (26,-42) (27,-42) (28,-40) (29,-40) (30,-38) (31,-36) (32,-32) (33,-36) (34,-38) (35,-40) (36,-40) (37,-42) (38,-42) (39,-42) (40,-40) (41,-42) (42,-42) (43,-42) (44,-40) (45,-40) (46,-38) (47,-36) (48,-32) (49,-34) (50,-34) (51,-34) (52,-32) (53,-32) (54,-30) (55,-28) (56,-24) (57,-24) (58,-22) (59,-20) (60,-16) 
TD 5 :
(64,0) (0,0) (63,-6) (1,-6) (62,-10) (2,-10) (61,-14) (3,-14) (60,-16) (4,-16) (5,-20) (6,-22) (7,-24) (8,-24) (9,-28) (10,-30) (11,-32) (12,-32) (13,-34) (14,-34) (15,-34) (16,-32) (17,-36) (18,-38) (19,-40) (20,-40) (21,-42) (22,-42) (23,-42) (24,-40) (25,-42) (26,-42) (27,-42) (28,-40) (29,-40) (30,-38) (31,-36) (32,-32) (33,-36) (34,-38) (35,-40) (36,-40) (37,-42) (38,-42) (39,-42) (40,-40) (41,-42) (42,-42) (43,-42) (44,-40) (45,-40) (46,-38) (47,-36) (48,-32) (49,-34) (50,-34) (51,-34) (52,-32) (53,-32) (54,-30) (55,-28) (56,-24) (57,-24) (58,-22) (59,-20) 
TD 6 :
(64,0) (0,0) (63,-6) (1,-6) (62,-10) (2,-10) (61,-14) (3,-14) (60,-16) (4,-16) (59,-20) (5,-20) (6,-22) (7,-24) (8,-24) (9,-28) (10,-30) (11,-32) (12,-32) (13,-34) (14,-34) (15,-34) (16,-32) (17,-36) (18,-38) (19,-40) (20,-40) (21,-42) (22,-42) (23,-42) (24,-40) (25,-42) (26,-42) (27,-42) (28,-40) (29,-40) (30,-38) (31,-36) (32,-32) (33,-36) (34,-38) (35,-40) (36,-40) (37,-42) (38,-42) (39,-42) (40,-40) (41,-42) (42,-42) (43,-42) (44,-40) (45,-40) (46,-38) (47,-36) (48,-32) (49,-34) (50,-34) (51,-34) (52,-32) (53,-32) (54,-30) (55,-28) (56,-24) (57,-24) (58,-22) 
TD 7 :
(64,0) (0,0) (63,-6) (1,-6) (62,-10) (2,-10) (61,-14) (3,-14) (60,-16) (4,-16) (59,-20) (5,-20) (58,-22) (6,-22) (7,-24) (8,-24) (9,-28) (10,-30) (11,-32) (12,-32) (13,-34) (14,-34) (15,-34) (16,-32) (17,-36) (18,-38) (19,-40) (20,-40) (21,-42) (22,-42) (23,-42) (24,-40) (25,-42) (26,-42) (27,-42) (28,-40) (29,-40) (30,-38) (31,-36) (32,-32) (33,-36) (34,-38) (35,-40) (36,-40) (37,-42) (38,-42) (39,-42) (40,-40) (41,-42) (42,-42) (43,-42) (44,-40) (45,-40) (46,-38) (47,-36) (48,-32) (49,-34) (50,-34) (51,-34) (52,-32) (53,-32) (54,-30) (55,-28) (56,-24) (57,-24) 
TD 8 :
(64,0) (0,0) (63,-6) (1,-6) (62,-10) (2,-10) (61,-14) (3,-14) (60,-16) (4,-16) (59,-20) (5,-20) (58,-22) (6,-22) (57,-24) (56,-24) (8,-24) (7,-24) 
(64,0) (0,0) (63,-6) (1,-6) (62,-10) (2,-10) (61,-14) (3,-14) (60,-16) (4,-16) (59,-20) (5,-20) (58,-22) (6,-22) (57,-24) (56,-24) (8,-24) (7,-24) (9,-28) (10,-30) (11,-32) (12,-32) (13,-34) (14,-34) (15,-34) (16,-32) (17,-36) (18,-38) (19,-40) (20,-40) (21,-42) (22,-42) (23,-42) (24,-40) (25,-42) (26,-42) (27,-42) (28,-40) (29,-40) (30,-38) (31,-36) (32,-32) (33,-36) (34,-38) (35,-40) (36,-40) (37,-42) (38,-42) (39,-42) (40,-40) (41,-42) (42,-42) (43,-42) (44,-40) (45,-40) (46,-38) (47,-36) (48,-32) (49,-34) (50,-34) (51,-34) (52,-32) (53,-32) (54,-30) (55,-28) 
(64,0) (0,0) (63,-6) (1,-6) (62,-10) (2,-10) (61,-14) (3,-14) (60,-16) (4,-16) (59,-20) (5,-20) (58,-22) (6,-22) (57,-24) (56,-24) (8,-24) (7,-24) 
TD 9 :
(64,0) (0,0) (63,-6) (1,-6) (62,-10) (2,-10) (61,-14) (3,-14) (60,-16) (4,-16) (59,-20) (5,-20) (58,-22) (6,-22) (57,-24) (56,-24) (8,-24) (7,-24) (55,-28) (9,-28) (10,-30) (11,-32) (12,-32) (13,-34) (14,-34) (15,-34) (16,-32) (17,-36) (18,-38) (19,-40) (20,-40) (21,-42) (22,-42) (23,-42) (24,-40) (25,-42) (26,-42) (27,-42) (28,-40) (29,-40) (30,-38) (31,-36) (32,-32) (33,-36) (34,-38) (35,-40) (36,-40) (37,-42) (38,-42) (39,-42) (40,-40) (41,-42) (42,-42) (43,-42) (44,-40) (45,-40) (46,-38) (47,-36) (48,-32) (49,-34) (50,-34) (51,-34) (52,-32) (53,-32) (54,-30) 
TD 10 :
(64,0) (0,0) (63,-6) (1,-6) (62,-10) (2,-10) (61,-14) (3,-14) (60,-16) (4,-16) (59,-20) (5,-20) (58,-22) (6,-22) (57,-24) (56,-24) (8,-24) (7,-24) (55,-28) (9,-28) (54,-30) (10,-30) (11,-32) (12,-32) (13,-34) (14,-34) (15,-34) (16,-32) (17,-36) (18,-38) (19,-40) (20,-40) (21,-42) (22,-42) (23,-42) (24,-40) (25,-42) (26,-42) (27,-42) (28,-40) (29,-40) (30,-38) (31,-36) (32,-32) (33,-36) (34,-38) (35,-40) (36,-40) (37,-42) (38,-42) (39,-42) (40,-40) (41,-42) (42,-42) (43,-42) (44,-40) (45,-40) (46,-38) (47,-36) (48,-32) (49,-34) (50,-34) (51,-34) (52,-32) (53,-32) 
TD 11 :
(64,0) (0,0) (63,-6) (1,-6) (62,-10) (2,-10) (61,-14) (3,-14) (60,-16) (4,-16) (59,-20) (5,-20) (58,-22) (6,-22) (57,-24) (56,-24) (8,-24) (7,-24) (55,-28) (9,-28) (54,-30) (10,-30) (53,-32) (52,-32) (48,-32) (32,-32) (16,-32) (12,-32) (11,-32) 
(64,0) (0,0) (63,-6) (1,-6) (62,-10) (2,-10) (61,-14) (3,-14) (60,-16) (4,-16) (59,-20) (5,-20) (58,-22) (6,-22) (57,-24) (56,-24) (8,-24) (7,-24) (55,-28) (9,-28) (54,-30) (10,-30) (53,-32) (52,-32) (48,-32) (32,-32) (16,-32) (12,-32) (11,-32) (13,-34) (14,-34) (15,-34) 
(64,0) (0,0) (63,-6) (1,-6) (62,-10) (2,-10) (61,-14) (3,-14) (60,-16) (4,-16) (59,-20) (5,-20) (58,-22) (6,-22) (57,-24) (56,-24) (8,-24) (7,-24) (55,-28) (9,-28) (54,-30) (10,-30) (53,-32) (52,-32) (48,-32) (32,-32) (16,-32) (12,-32) (11,-32) (17,-36) (18,-38) (19,-40) (20,-40) (21,-42) (22,-42) (23,-42) (24,-40) (25,-42) (26,-42) (27,-42) (28,-40) (29,-40) (30,-38) (31,-36) 
(64,0) (0,0) (63,-6) (1,-6) (62,-10) (2,-10) (61,-14) (3,-14) (60,-16) (4,-16) (59,-20) (5,-20) (58,-22) (6,-22) (57,-24) (56,-24) (8,-24) (7,-24) (55,-28) (9,-28) (54,-30) (10,-30) (53,-32) (52,-32) (48,-32) (32,-32) (16,-32) (12,-32) (11,-32) (33,-36) (34,-38) (35,-40) (36,-40) (37,-42) (38,-42) (39,-42) (40,-40) (41,-42) (42,-42) (43,-42) (44,-40) (45,-40) (46,-38) (47,-36) 
(64,0) (0,0) (63,-6) (1,-6) (62,-10) (2,-10) (61,-14) (3,-14) (60,-16) (4,-16) (59,-20) (5,-20) (58,-22) (6,-22) (57,-24) (56,-24) (8,-24) (7,-24) (55,-28) (9,-28) (54,-30) (10,-30) (53,-32) (52,-32) (48,-32) (32,-32) (16,-32) (12,-32) (11,-32) (49,-34) (50,-34) (51,-34) 
(64,0) (0,0) (63,-6) (1,-6) (62,-10) (2,-10) (61,-14) (3,-14) (60,-16) (4,-16) (59,-20) (5,-20) (58,-22) (6,-22) (57,-24) (56,-24) (8,-24) (7,-24) (55,-28) (9,-28) (54,-30) (10,-30) (53,-32) (52,-32) (48,-32) (32,-32) (16,-32) (12,-32) (11,-32) 
TD 12 :
(64,0) (0,0) (63,-6) (1,-6) (62,-10) (2,-10) (61,-14) (3,-14) (60,-16) (4,-16) (59,-20) (5,-20) (58,-22) (6,-22) (57,-24) (56,-24) (8,-24) (7,-24) (55,-28) (9,-28) (54,-30) (10,-30) (53,-32) (52,-32) (48,-32) (32,-32) (16,-32) (12,-32) (11,-32) (15,-34) (14,-34) (13,-34) 
(64,0) (0,0) (63,-6) (1,-6) (62,-10) (2,-10) (61,-14) (3,-14) (60,-16) (4,-16) (59,-20) (5,-20) (58,-22) (6,-22) (57,-24) (56,-24) (8,-24) (7,-24) (55,-28) (9,-28) (54,-30) (10,-30) (53,-32) (52,-32) (48,-32) (32,-32) (16,-32) (12,-32) (11,-32) (15,-34) (14,-34) (13,-34) 
(64,0) (0,0) (63,-6) (1,-6) (62,-10) (2,-10) (61,-14) (3,-14) (60,-16) (4,-16) (59,-20) (5,-20) (58,-22) (6,-22) (57,-24) (56,-24) (8,-24) (7,-24) (55,-28) (9,-28) (54,-30) (10,-30) (53,-32) (52,-32) (48,-32) (32,-32) (16,-32) (12,-32) (11,-32) (15,-34) (14,-34) (13,-34) 
(64,0) (0,0) (63,-6) (1,-6) (62,-10) (2,-10) (61,-14) (3,-14) (60,-16) (4,-16) (59,-20) (5,-20) (58,-22) (6,-22) (57,-24) (56,-24) (8,-24) (7,-24) (55,-28) (9,-28) (54,-30) (10,-30) (53,-32) (52,-32) (48,-32) (32,-32) (16,-32) (12,-32) (11,-32) (51,-34) (50,-34) (49,-34) 
(64,0) (0,0) (63,-6) (1,-6) (62,-10) (2,-10) (61,-14) (3,-14) (60,-16) (4,-16) (59,-20) (5,-20) (58,-22) (6,-22) (57,-24) (56,-24) (8,-24) (7,-24) (55,-28) (9,-28) (54,-30) (10,-30) (53,-32) (52,-32) (48,-32) (32,-32) (16,-32) (12,-32) (11,-32) (51,-34) (50,-34) (49,-34) 
(64,0) (0,0) (63,-6) (1,-6) (62,-10) (2,-10) (61,-14) (3,-14) (60,-16) (4,-16) (59,-20) (5,-20) (58,-22) (6,-22) (57,-24) (56,-24) (8,-24) (7,-24) (55,-28) (9,-28) (54,-30) (10,-30) (53,-32) (52,-32) (48,-32) (32,-32) (16,-32) (12,-32) (11,-32) (51,-34) (50,-34) (49,-34) 
TD 13 :
TD 14 :
TD 15 :
TD 16 :
Pocket 0 :
()
Pocket 1 :
({  (0,0) ,(1,-6) } {  (63,-6) ,(64,0) } )
Pocket 2 :
({  (1,-6) ,(0,0) } {  (64,0) ,(63,-6) } )
Pocket 3 :
({  (2,-10) ,(1,-6) } {  (64,0) ,(62,-10) } )
Pocket 4 :
({  (3,-14) ,(2,-10) } {  (64,0) ,(61,-14) } )
Pocket 5 :
({  (4,-16) ,(3,-14) } {  (64,0) ,(60,-16) } )
Pocket 6 :
({  (5,-20) ,(4,-16) } {  (64,0) ,(59,-20) } )
Pocket 7 :
({  (6,-22) ,(5,-20) } {  (64,0) ,(58,-22) } )
Pocket 8 :
({  (7,-24) ,(6,-22) } {  (9,-28) ,(8,-24) } {  (7,-24) ,(6,-22) } {  (9,-28) ,(8,-24) } {  (7,-24) ,(6,-22) } {  (9,-28) ,(8,-24) } )
Pocket 9 :
({  (9,-28) ,(7,-24) } {  (64,0) ,(55,-28) } )
Pocket 10 :
({  (10,-30) ,(9,-28) } {  (64,0) ,(54,-30) } )
Pocket 11 :
({  (11,-32) ,(10,-30) } {  (13,-34) ,(12,-32) } {  (11,-32) ,(10,-30) } {  (13,-34) ,(12,-32) } {  (11,-32) ,(10,-30) } {  (13,-34) ,(12,-32) } {  (11,-32) ,(10,-30) } {  (13,-34) ,(12,-32) } {  (11,-32) ,(10,-30) } {  (13,-34) ,(12,-32) } {  (11,-32) ,(10,-30) } {  (13,-34) ,(12,-32) } )
Pocket 12 :
({  (13,-34) ,(11,-32) } {  (15,-34) ,(14,-34) } {  (13,-34) ,(11,-32) } {  (15,-34) ,(14,-34) } {  (13,-34) ,(11,-32) } {  (15,-34) ,(14,-34) } {  (50,-34) ,(49,-34) } {  (50,-34) ,(49,-34) } {  (50,-34) ,(49,-34) } )
Pocket 13 :
()
Pocket 14 :
()
Pocket 15 :
()
