5 layers in onion peeling: 
Layer 1
(16,0) (0,0) 
Layer 2
(15,-4) (1,-4) 
Layer 3
(14,-6) (2,-6) 
Layer 4
(13,-8) (12,-8) (8,-8) (4,-8) (3,-8) 
Layer 5
(11,-10) (10,-10) (9,-10) (7,-10) (6,-10) (5,-10) 
---------------------------------------------------------------------------------------
TD 0 :
(16,0) (15,-4) (14,-6) (13,-8) (12,-8) (11,-10) (10,-10) (9,-10) (8,-8) (7,-10) (6,-10) (5,-10) (4,-8) (3,-8) (2,-6) (1,-4) (0,0) 
TD 1 :
(16,0) (0,0) (1,-4) (2,-6) (3,-8) (4,-8) (5,-10) (6,-10) (7,-10) (8,-8) (9,-10) (10,-10) (11,-10) (12,-8) (13,-8) (14,-6) (15,-4) 
TD 2 :
(16,0) (0,0) (15,-4) (1,-4) (2,-6) (3,-8) (4,-8) (5,-10) (6,-10) (7,-10) (8,-8) (9,-10) (10,-10) (11,-10) (12,-8) (13,-8) (14,-6) 
TD 3 :
(16,0) (0,0) (15,-4) (1,-4) (14,-6) (2,-6) (3,-8) (4,-8) (5,-10) (6,-10) (7,-10) (8,-8) (9,-10) (10,-10) (11,-10) (12,-8) (13,-8) 
TD 4 :
(16,0) (0,0) (15,-4) (1,-4) (14,-6) (2,-6) (13,-8) (12,-8) (8,-8) (4,-8) (3,-8) 
(16,0) (0,0) (15,-4) (1,-4) (14,-6) (2,-6) (13,-8) (12,-8) (8,-8) (4,-8) (3,-8) (5,-10) (6,-10) (7,-10) 
(16,0) (0,0) (15,-4) (1,-4) (14,-6) (2,-6) (13,-8) (12,-8) (8,-8) (4,-8) (3,-8) (9,-10) (10,-10) (11,-10) 
(16,0) (0,0) (15,-4) (1,-4) (14,-6) (2,-6) (13,-8) (12,-8) (8,-8) (4,-8) (3,-8) 
TD 5 :
(16,0) (0,0) (15,-4) (1,-4) (14,-6) (2,-6) (13,-8) (12,-8) (8,-8) (4,-8) (3,-8) (7,-10) (6,-10) (5,-10) 
(16,0) (0,0) (15,-4) (1,-4) (14,-6) (2,-6) (13,-8) (12,-8) (8,-8) (4,-8) (3,-8) (7,-10) (6,-10) (5,-10) 
(16,0) (0,0) (15,-4) (1,-4) (14,-6) (2,-6) (13,-8) (12,-8) (8,-8) (4,-8) (3,-8) (7,-10) (6,-10) (5,-10) 
(16,0) (0,0) (15,-4) (1,-4) (14,-6) (2,-6) (13,-8) (12,-8) (8,-8) (4,-8) (3,-8) (11,-10) (10,-10) (9,-10) 
(16,0) (0,0) (15,-4) (1,-4) (14,-6) (2,-6) (13,-8) (12,-8) (8,-8) (4,-8) (3,-8) (11,-10) (10,-10) (9,-10) 
(16,0) (0,0) (15,-4) (1,-4) (14,-6) (2,-6) (13,-8) (12,-8) (8,-8) (4,-8) (3,-8) (11,-10) (10,-10) (9,-10) 
Pocket 0 :
()
Pocket 1 :
({  (0,0) ,(1,-4) } {  (15,-4) ,(16,0) } )
Pocket 2 :
({  (1,-4) ,(0,0) } {  (16,0) ,(15,-4) } )
Pocket 3 :
({  (2,-6) ,(1,-4) } {  (16,0) ,(14,-6) } )
Pocket 4 :
({  (3,-8) ,(2,-6) } {  (5,-10) ,(4,-8) } {  (3,-8) ,(2,-6) } {  (5,-10) ,(4,-8) } {  (3,-8) ,(2,-6) } {  (5,-10) ,(4,-8) } {  (3,-8) ,(2,-6) } {  (5,-10) ,(4,-8) } )
