10 layers in onion peeling: 
Layer 1
(128,0) (127,7) (126,12) (125,17) (123,25) (122,28) (121,31) (119,37) (118,40) (117,43) (115,47) (109,59) (107,63) (106,64) (105,65) (103,67) (102,68) (101,69) (91,79) (90,80) (89,81) (87,83) (86,84) (85,85) (83,85) (77,85) (75,85) (53,85) (51,85) (45,85) (43,85) (42,84) (41,83) (39,81) (38,80) (37,79) (27,69) (26,68) (25,67) (23,65) (22,64) (21,63) (19,59) (13,47) (11,43) (10,40) (9,37) (7,31) (6,28) (5,25) (3,17) (2,12) (1,7) (0,0) 
Layer 2
(124,20) (120,32) (116,44) (114,48) (110,56) (108,60) (104,64) (100,68) (99,69) (93,75) (92,76) (88,80) (84,84) (82,84) (78,84) (76,84) (74,84) (54,84) (52,84) (50,84) (46,84) (44,84) (40,80) (36,76) (35,75) (29,69) (28,68) (24,64) (20,60) (18,56) (14,48) (12,44) (8,32) (4,20) 
Layer 3
(113,49) (111,53) (98,68) (94,72) (81,83) (79,83) (73,83) (55,83) (49,83) (47,83) (34,72) (30,68) (17,53) (15,49) 
Layer 4
(112,48) (97,67) (95,69) (80,80) (71,81) (57,81) (48,80) (33,69) (31,67) (16,48) 
Layer 5
(96,64) (72,80) (70,80) (58,80) (56,80) (32,64) 
Layer 6
(69,79) (59,79) 
Layer 7
(68,76) (60,76) 
Layer 8
(67,75) (61,75) 
Layer 9
(66,72) (62,72) 
Layer 10
(65,69) (63,69) 
---------------------------------------------------------------------------------------
TD 0 :
(128,0) (127,7) (126,12) (125,17) (124,20) (123,25) (122,28) (121,31) (120,32) (119,37) (118,40) (117,43) (116,44) (115,47) (114,48) (113,49) (112,48) (111,53) (110,56) (109,59) (108,60) (107,63) (106,64) (105,65) (104,64) (103,67) (102,68) (101,69) (100,68) (99,69) (98,68) (97,67) (96,64) (95,69) (94,72) (93,75) (92,76) (91,79) (90,80) (89,81) (88,80) (87,83) (86,84) (85,85) (84,84) (83,85) (82,84) (81,83) (80,80) (79,83) (78,84) (77,85) (76,84) (75,85) (74,84) (73,83) (72,80) (71,81) (70,80) (69,79) (68,76) (67,75) (66,72) (65,69) (64,64) (63,69) (62,72) (61,75) (60,76) (59,79) (58,80) (57,81) (56,80) (55,83) (54,84) (53,85) (52,84) (51,85) (50,84) (49,83) (48,80) (47,83) (46,84) (45,85) (44,84) (43,85) (42,84) (41,83) (40,80) (39,81) (38,80) (37,79) (36,76) (35,75) (34,72) (33,69) (32,64) (31,67) (30,68) (29,69) (28,68) (27,69) (26,68) (25,67) (24,64) (23,65) (22,64) (21,63) (20,60) (19,59) (18,56) (17,53) (16,48) (15,49) (14,48) (13,47) (12,44) (11,43) (10,40) (9,37) (8,32) (7,31) (6,28) (5,25) (4,20) (3,17) (2,12) (1,7) (0,0) 
TD 1 :
(128,0) (127,7) (126,12) (125,17) (123,25) (122,28) (121,31) (119,37) (118,40) (117,43) (115,47) (109,59) (107,63) (106,64) (105,65) (103,67) (102,68) (101,69) (91,79) (90,80) (89,81) (87,83) (86,84) (85,85) (83,85) (77,85) (75,85) (53,85) (51,85) (45,85) (43,85) (42,84) (41,83) (39,81) (38,80) (37,79) (27,69) (26,68) (25,67) (23,65) (22,64) (21,63) (19,59) (13,47) (11,43) (10,40) (9,37) (7,31) (6,28) (5,25) (3,17) (2,12) (1,7) (0,0) 
(128,0) (127,7) (126,12) (125,17) (123,25) (122,28) (121,31) (119,37) (118,40) (117,43) (115,47) (109,59) (107,63) (106,64) (105,65) (103,67) (102,68) (101,69) (91,79) (90,80) (89,81) (87,83) (86,84) (85,85) (83,85) (77,85) (75,85) (53,85) (51,85) (45,85) (43,85) (42,84) (41,83) (39,81) (38,80) (37,79) (27,69) (26,68) (25,67) (23,65) (22,64) (21,63) (19,59) (13,47) (11,43) (10,40) (9,37) (7,31) (6,28) (5,25) (3,17) (2,12) (1,7) (0,0) 
(128,0) (127,7) (126,12) (125,17) (123,25) (122,28) (121,31) (119,37) (118,40) (117,43) (115,47) (109,59) (107,63) (106,64) (105,65) (103,67) (102,68) (101,69) (91,79) (90,80) (89,81) (87,83) (86,84) (85,85) (83,85) (77,85) (75,85) (53,85) (51,85) (45,85) (43,85) (42,84) (41,83) (39,81) (38,80) (37,79) (27,69) (26,68) (25,67) (23,65) (22,64) (21,63) (19,59) (13,47) (11,43) (10,40) (9,37) (7,31) (6,28) (5,25) (3,17) (2,12) (1,7) (0,0) 
(128,0) (127,7) (126,12) (125,17) (123,25) (122,28) (121,31) (119,37) (118,40) (117,43) (115,47) (109,59) (107,63) (106,64) (105,65) (103,67) (102,68) (101,69) (91,79) (90,80) (89,81) (87,83) (86,84) (85,85) (83,85) (77,85) (75,85) (53,85) (51,85) (45,85) (43,85) (42,84) (41,83) (39,81) (38,80) (37,79) (27,69) (26,68) (25,67) (23,65) (22,64) (21,63) (19,59) (13,47) (11,43) (10,40) (9,37) (7,31) (6,28) (5,25) (3,17) (2,12) (1,7) (0,0) (4,20) 
(128,0) (127,7) (126,12) (125,17) (123,25) (122,28) (121,31) (119,37) (118,40) (117,43) (115,47) (109,59) (107,63) (106,64) (105,65) (103,67) (102,68) (101,69) (91,79) (90,80) (89,81) (87,83) (86,84) (85,85) (83,85) (77,85) (75,85) (53,85) (51,85) (45,85) (43,85) (42,84) (41,83) (39,81) (38,80) (37,79) (27,69) (26,68) (25,67) (23,65) (22,64) (21,63) (19,59) (13,47) (11,43) (10,40) (9,37) (7,31) (6,28) (5,25) (3,17) (2,12) (1,7) (0,0) 
(128,0) (127,7) (126,12) (125,17) (123,25) (122,28) (121,31) (119,37) (118,40) (117,43) (115,47) (109,59) (107,63) (106,64) (105,65) (103,67) (102,68) (101,69) (91,79) (90,80) (89,81) (87,83) (86,84) (85,85) (83,85) (77,85) (75,85) (53,85) (51,85) (45,85) (43,85) (42,84) (41,83) (39,81) (38,80) (37,79) (27,69) (26,68) (25,67) (23,65) (22,64) (21,63) (19,59) (13,47) (11,43) (10,40) (9,37) (7,31) (6,28) (5,25) (3,17) (2,12) (1,7) (0,0) 
(128,0) (127,7) (126,12) (125,17) (123,25) (122,28) (121,31) (119,37) (118,40) (117,43) (115,47) (109,59) (107,63) (106,64) (105,65) (103,67) (102,68) (101,69) (91,79) (90,80) (89,81) (87,83) (86,84) (85,85) (83,85) (77,85) (75,85) (53,85) (51,85) (45,85) (43,85) (42,84) (41,83) (39,81) (38,80) (37,79) (27,69) (26,68) (25,67) (23,65) (22,64) (21,63) (19,59) (13,47) (11,43) (10,40) (9,37) (7,31) (6,28) (5,25) (3,17) (2,12) (1,7) (0,0) (8,32) 
(128,0) (127,7) (126,12) (125,17) (123,25) (122,28) (121,31) (119,37) (118,40) (117,43) (115,47) (109,59) (107,63) (106,64) (105,65) (103,67) (102,68) (101,69) (91,79) (90,80) (89,81) (87,83) (86,84) (85,85) (83,85) (77,85) (75,85) (53,85) (51,85) (45,85) (43,85) (42,84) (41,83) (39,81) (38,80) (37,79) (27,69) (26,68) (25,67) (23,65) (22,64) (21,63) (19,59) (13,47) (11,43) (10,40) (9,37) (7,31) (6,28) (5,25) (3,17) (2,12) (1,7) (0,0) 
(128,0) (127,7) (126,12) (125,17) (123,25) (122,28) (121,31) (119,37) (118,40) (117,43) (115,47) (109,59) (107,63) (106,64) (105,65) (103,67) (102,68) (101,69) (91,79) (90,80) (89,81) (87,83) (86,84) (85,85) (83,85) (77,85) (75,85) (53,85) (51,85) (45,85) (43,85) (42,84) (41,83) (39,81) (38,80) (37,79) (27,69) (26,68) (25,67) (23,65) (22,64) (21,63) (19,59) (13,47) (11,43) (10,40) (9,37) (7,31) (6,28) (5,25) (3,17) (2,12) (1,7) (0,0) 
(128,0) (127,7) (126,12) (125,17) (123,25) (122,28) (121,31) (119,37) (118,40) (117,43) (115,47) (109,59) (107,63) (106,64) (105,65) (103,67) (102,68) (101,69) (91,79) (90,80) (89,81) (87,83) (86,84) (85,85) (83,85) (77,85) (75,85) (53,85) (51,85) (45,85) (43,85) (42,84) (41,83) (39,81) (38,80) (37,79) (27,69) (26,68) (25,67) (23,65) (22,64) (21,63) (19,59) (13,47) (11,43) (10,40) (9,37) (7,31) (6,28) (5,25) (3,17) (2,12) (1,7) (0,0) (12,44) 
(128,0) (127,7) (126,12) (125,17) (123,25) (122,28) (121,31) (119,37) (118,40) (117,43) (115,47) (109,59) (107,63) (106,64) (105,65) (103,67) (102,68) (101,69) (91,79) (90,80) (89,81) (87,83) (86,84) (85,85) (83,85) (77,85) (75,85) (53,85) (51,85) (45,85) (43,85) (42,84) (41,83) (39,81) (38,80) (37,79) (27,69) (26,68) (25,67) (23,65) (22,64) (21,63) (19,59) (13,47) (11,43) (10,40) (9,37) (7,31) (6,28) (5,25) (3,17) (2,12) (1,7) (0,0) (14,48) (15,49) (16,48) (17,53) (18,56) 
(128,0) (127,7) (126,12) (125,17) (123,25) (122,28) (121,31) (119,37) (118,40) (117,43) (115,47) (109,59) (107,63) (106,64) (105,65) (103,67) (102,68) (101,69) (91,79) (90,80) (89,81) (87,83) (86,84) (85,85) (83,85) (77,85) (75,85) (53,85) (51,85) (45,85) (43,85) (42,84) (41,83) (39,81) (38,80) (37,79) (27,69) (26,68) (25,67) (23,65) (22,64) (21,63) (19,59) (13,47) (11,43) (10,40) (9,37) (7,31) (6,28) (5,25) (3,17) (2,12) (1,7) (0,0) (20,60) 
(128,0) (127,7) (126,12) (125,17) (123,25) (122,28) (121,31) (119,37) (118,40) (117,43) (115,47) (109,59) (107,63) (106,64) (105,65) (103,67) (102,68) (101,69) (91,79) (90,80) (89,81) (87,83) (86,84) (85,85) (83,85) (77,85) (75,85) (53,85) (51,85) (45,85) (43,85) (42,84) (41,83) (39,81) (38,80) (37,79) (27,69) (26,68) (25,67) (23,65) (22,64) (21,63) (19,59) (13,47) (11,43) (10,40) (9,37) (7,31) (6,28) (5,25) (3,17) (2,12) (1,7) (0,0) 
(128,0) (127,7) (126,12) (125,17) (123,25) (122,28) (121,31) (119,37) (118,40) (117,43) (115,47) (109,59) (107,63) (106,64) (105,65) (103,67) (102,68) (101,69) (91,79) (90,80) (89,81) (87,83) (86,84) (85,85) (83,85) (77,85) (75,85) (53,85) (51,85) (45,85) (43,85) (42,84) (41,83) (39,81) (38,80) (37,79) (27,69) (26,68) (25,67) (23,65) (22,64) (21,63) (19,59) (13,47) (11,43) (10,40) (9,37) (7,31) (6,28) (5,25) (3,17) (2,12) (1,7) (0,0) 
(128,0) (127,7) (126,12) (125,17) (123,25) (122,28) (121,31) (119,37) (118,40) (117,43) (115,47) (109,59) (107,63) (106,64) (105,65) (103,67) (102,68) (101,69) (91,79) (90,80) (89,81) (87,83) (86,84) (85,85) (83,85) (77,85) (75,85) (53,85) (51,85) (45,85) (43,85) (42,84) (41,83) (39,81) (38,80) (37,79) (27,69) (26,68) (25,67) (23,65) (22,64) (21,63) (19,59) (13,47) (11,43) (10,40) (9,37) (7,31) (6,28) (5,25) (3,17) (2,12) (1,7) (0,0) (24,64) 
(128,0) (127,7) (126,12) (125,17) (123,25) (122,28) (121,31) (119,37) (118,40) (117,43) (115,47) (109,59) (107,63) (106,64) (105,65) (103,67) (102,68) (101,69) (91,79) (90,80) (89,81) (87,83) (86,84) (85,85) (83,85) (77,85) (75,85) (53,85) (51,85) (45,85) (43,85) (42,84) (41,83) (39,81) (38,80) (37,79) (27,69) (26,68) (25,67) (23,65) (22,64) (21,63) (19,59) (13,47) (11,43) (10,40) (9,37) (7,31) (6,28) (5,25) (3,17) (2,12) (1,7) (0,0) 
(128,0) (127,7) (126,12) (125,17) (123,25) (122,28) (121,31) (119,37) (118,40) (117,43) (115,47) (109,59) (107,63) (106,64) (105,65) (103,67) (102,68) (101,69) (91,79) (90,80) (89,81) (87,83) (86,84) (85,85) (83,85) (77,85) (75,85) (53,85) (51,85) (45,85) (43,85) (42,84) (41,83) (39,81) (38,80) (37,79) (27,69) (26,68) (25,67) (23,65) (22,64) (21,63) (19,59) (13,47) (11,43) (10,40) (9,37) (7,31) (6,28) (5,25) (3,17) (2,12) (1,7) (0,0) 
(128,0) (127,7) (126,12) (125,17) (123,25) (122,28) (121,31) (119,37) (118,40) (117,43) (115,47) (109,59) (107,63) (106,64) (105,65) (103,67) (102,68) (101,69) (91,79) (90,80) (89,81) (87,83) (86,84) (85,85) (83,85) (77,85) (75,85) (53,85) (51,85) (45,85) (43,85) (42,84) (41,83) (39,81) (38,80) (37,79) (27,69) (26,68) (25,67) (23,65) (22,64) (21,63) (19,59) (13,47) (11,43) (10,40) (9,37) (7,31) (6,28) (5,25) (3,17) (2,12) (1,7) (0,0) (28,68) (29,69) (30,68) (31,67) (32,64) (33,69) (34,72) (35,75) (36,76) 
(128,0) (127,7) (126,12) (125,17) (123,25) (122,28) (121,31) (119,37) (118,40) (117,43) (115,47) (109,59) (107,63) (106,64) (105,65) (103,67) (102,68) (101,69) (91,79) (90,80) (89,81) (87,83) (86,84) (85,85) (83,85) (77,85) (75,85) (53,85) (51,85) (45,85) (43,85) (42,84) (41,83) (39,81) (38,80) (37,79) (27,69) (26,68) (25,67) (23,65) (22,64) (21,63) (19,59) (13,47) (11,43) (10,40) (9,37) (7,31) (6,28) (5,25) (3,17) (2,12) (1,7) (0,0) 
(128,0) (127,7) (126,12) (125,17) (123,25) (122,28) (121,31) (119,37) (118,40) (117,43) (115,47) (109,59) (107,63) (106,64) (105,65) (103,67) (102,68) (101,69) (91,79) (90,80) (89,81) (87,83) (86,84) (85,85) (83,85) (77,85) (75,85) (53,85) (51,85) (45,85) (43,85) (42,84) (41,83) (39,81) (38,80) (37,79) (27,69) (26,68) (25,67) (23,65) (22,64) (21,63) (19,59) (13,47) (11,43) (10,40) (9,37) (7,31) (6,28) (5,25) (3,17) (2,12) (1,7) (0,0) 
(128,0) (127,7) (126,12) (125,17) (123,25) (122,28) (121,31) (119,37) (118,40) (117,43) (115,47) (109,59) (107,63) (106,64) (105,65) (103,67) (102,68) (101,69) (91,79) (90,80) (89,81) (87,83) (86,84) (85,85) (83,85) (77,85) (75,85) (53,85) (51,85) (45,85) (43,85) (42,84) (41,83) (39,81) (38,80) (37,79) (27,69) (26,68) (25,67) (23,65) (22,64) (21,63) (19,59) (13,47) (11,43) (10,40) (9,37) (7,31) (6,28) (5,25) (3,17) (2,12) (1,7) (0,0) (40,80) 
(128,0) (127,7) (126,12) (125,17) (123,25) (122,28) (121,31) (119,37) (118,40) (117,43) (115,47) (109,59) (107,63) (106,64) (105,65) (103,67) (102,68) (101,69) (91,79) (90,80) (89,81) (87,83) (86,84) (85,85) (83,85) (77,85) (75,85) (53,85) (51,85) (45,85) (43,85) (42,84) (41,83) (39,81) (38,80) (37,79) (27,69) (26,68) (25,67) (23,65) (22,64) (21,63) (19,59) (13,47) (11,43) (10,40) (9,37) (7,31) (6,28) (5,25) (3,17) (2,12) (1,7) (0,0) 
(128,0) (127,7) (126,12) (125,17) (123,25) (122,28) (121,31) (119,37) (118,40) (117,43) (115,47) (109,59) (107,63) (106,64) (105,65) (103,67) (102,68) (101,69) (91,79) (90,80) (89,81) (87,83) (86,84) (85,85) (83,85) (77,85) (75,85) (53,85) (51,85) (45,85) (43,85) (42,84) (41,83) (39,81) (38,80) (37,79) (27,69) (26,68) (25,67) (23,65) (22,64) (21,63) (19,59) (13,47) (11,43) (10,40) (9,37) (7,31) (6,28) (5,25) (3,17) (2,12) (1,7) (0,0) 
(128,0) (127,7) (126,12) (125,17) (123,25) (122,28) (121,31) (119,37) (118,40) (117,43) (115,47) (109,59) (107,63) (106,64) (105,65) (103,67) (102,68) (101,69) (91,79) (90,80) (89,81) (87,83) (86,84) (85,85) (83,85) (77,85) (75,85) (53,85) (51,85) (45,85) (43,85) (42,84) (41,83) (39,81) (38,80) (37,79) (27,69) (26,68) (25,67) (23,65) (22,64) (21,63) (19,59) (13,47) (11,43) (10,40) (9,37) (7,31) (6,28) (5,25) (3,17) (2,12) (1,7) (0,0) (44,84) 
(128,0) (127,7) (126,12) (125,17) (123,25) (122,28) (121,31) (119,37) (118,40) (117,43) (115,47) (109,59) (107,63) (106,64) (105,65) (103,67) (102,68) (101,69) (91,79) (90,80) (89,81) (87,83) (86,84) (85,85) (83,85) (77,85) (75,85) (53,85) (51,85) (45,85) (43,85) (42,84) (41,83) (39,81) (38,80) (37,79) (27,69) (26,68) (25,67) (23,65) (22,64) (21,63) (19,59) (13,47) (11,43) (10,40) (9,37) (7,31) (6,28) (5,25) (3,17) (2,12) (1,7) (0,0) (46,84) (47,83) (48,80) (49,83) (50,84) 
(128,0) (127,7) (126,12) (125,17) (123,25) (122,28) (121,31) (119,37) (118,40) (117,43) (115,47) (109,59) (107,63) (106,64) (105,65) (103,67) (102,68) (101,69) (91,79) (90,80) (89,81) (87,83) (86,84) (85,85) (83,85) (77,85) (75,85) (53,85) (51,85) (45,85) (43,85) (42,84) (41,83) (39,81) (38,80) (37,79) (27,69) (26,68) (25,67) (23,65) (22,64) (21,63) (19,59) (13,47) (11,43) (10,40) (9,37) (7,31) (6,28) (5,25) (3,17) (2,12) (1,7) (0,0) (52,84) 
(128,0) (127,7) (126,12) (125,17) (123,25) (122,28) (121,31) (119,37) (118,40) (117,43) (115,47) (109,59) (107,63) (106,64) (105,65) (103,67) (102,68) (101,69) (91,79) (90,80) (89,81) (87,83) (86,84) (85,85) (83,85) (77,85) (75,85) (53,85) (51,85) (45,85) (43,85) (42,84) (41,83) (39,81) (38,80) (37,79) (27,69) (26,68) (25,67) (23,65) (22,64) (21,63) (19,59) (13,47) (11,43) (10,40) (9,37) (7,31) (6,28) (5,25) (3,17) (2,12) (1,7) (0,0) (54,84) (55,83) (56,80) (57,81) (58,80) (59,79) (60,76) (61,75) (62,72) (63,69) (64,64) (65,69) (66,72) (67,75) (68,76) (69,79) (70,80) (71,81) (72,80) (73,83) (74,84) 
(128,0) (127,7) (126,12) (125,17) (123,25) (122,28) (121,31) (119,37) (118,40) (117,43) (115,47) (109,59) (107,63) (106,64) (105,65) (103,67) (102,68) (101,69) (91,79) (90,80) (89,81) (87,83) (86,84) (85,85) (83,85) (77,85) (75,85) (53,85) (51,85) (45,85) (43,85) (42,84) (41,83) (39,81) (38,80) (37,79) (27,69) (26,68) (25,67) (23,65) (22,64) (21,63) (19,59) (13,47) (11,43) (10,40) (9,37) (7,31) (6,28) (5,25) (3,17) (2,12) (1,7) (0,0) (76,84) 
(128,0) (127,7) (126,12) (125,17) (123,25) (122,28) (121,31) (119,37) (118,40) (117,43) (115,47) (109,59) (107,63) (106,64) (105,65) (103,67) (102,68) (101,69) (91,79) (90,80) (89,81) (87,83) (86,84) (85,85) (83,85) (77,85) (75,85) (53,85) (51,85) (45,85) (43,85) (42,84) (41,83) (39,81) (38,80) (37,79) (27,69) (26,68) (25,67) (23,65) (22,64) (21,63) (19,59) (13,47) (11,43) (10,40) (9,37) (7,31) (6,28) (5,25) (3,17) (2,12) (1,7) (0,0) (78,84) (79,83) (80,80) (81,83) (82,84) 
(128,0) (127,7) (126,12) (125,17) (123,25) (122,28) (121,31) (119,37) (118,40) (117,43) (115,47) (109,59) (107,63) (106,64) (105,65) (103,67) (102,68) (101,69) (91,79) (90,80) (89,81) (87,83) (86,84) (85,85) (83,85) (77,85) (75,85) (53,85) (51,85) (45,85) (43,85) (42,84) (41,83) (39,81) (38,80) (37,79) (27,69) (26,68) (25,67) (23,65) (22,64) (21,63) (19,59) (13,47) (11,43) (10,40) (9,37) (7,31) (6,28) (5,25) (3,17) (2,12) (1,7) (0,0) (84,84) 
(128,0) (127,7) (126,12) (125,17) (123,25) (122,28) (121,31) (119,37) (118,40) (117,43) (115,47) (109,59) (107,63) (106,64) (105,65) (103,67) (102,68) (101,69) (91,79) (90,80) (89,81) (87,83) (86,84) (85,85) (83,85) (77,85) (75,85) (53,85) (51,85) (45,85) (43,85) (42,84) (41,83) (39,81) (38,80) (37,79) (27,69) (26,68) (25,67) (23,65) (22,64) (21,63) (19,59) (13,47) (11,43) (10,40) (9,37) (7,31) (6,28) (5,25) (3,17) (2,12) (1,7) (0,0) 
(128,0) (127,7) (126,12) (125,17) (123,25) (122,28) (121,31) (119,37) (118,40) (117,43) (115,47) (109,59) (107,63) (106,64) (105,65) (103,67) (102,68) (101,69) (91,79) (90,80) (89,81) (87,83) (86,84) (85,85) (83,85) (77,85) (75,85) (53,85) (51,85) (45,85) (43,85) (42,84) (41,83) (39,81) (38,80) (37,79) (27,69) (26,68) (25,67) (23,65) (22,64) (21,63) (19,59) (13,47) (11,43) (10,40) (9,37) (7,31) (6,28) (5,25) (3,17) (2,12) (1,7) (0,0) 
(128,0) (127,7) (126,12) (125,17) (123,25) (122,28) (121,31) (119,37) (118,40) (117,43) (115,47) (109,59) (107,63) (106,64) (105,65) (103,67) (102,68) (101,69) (91,79) (90,80) (89,81) (87,83) (86,84) (85,85) (83,85) (77,85) (75,85) (53,85) (51,85) (45,85) (43,85) (42,84) (41,83) (39,81) (38,80) (37,79) (27,69) (26,68) (25,67) (23,65) (22,64) (21,63) (19,59) (13,47) (11,43) (10,40) (9,37) (7,31) (6,28) (5,25) (3,17) (2,12) (1,7) (0,0) (88,80) 
(128,0) (127,7) (126,12) (125,17) (123,25) (122,28) (121,31) (119,37) (118,40) (117,43) (115,47) (109,59) (107,63) (106,64) (105,65) (103,67) (102,68) (101,69) (91,79) (90,80) (89,81) (87,83) (86,84) (85,85) (83,85) (77,85) (75,85) (53,85) (51,85) (45,85) (43,85) (42,84) (41,83) (39,81) (38,80) (37,79) (27,69) (26,68) (25,67) (23,65) (22,64) (21,63) (19,59) (13,47) (11,43) (10,40) (9,37) (7,31) (6,28) (5,25) (3,17) (2,12) (1,7) (0,0) 
(128,0) (127,7) (126,12) (125,17) (123,25) (122,28) (121,31) (119,37) (118,40) (117,43) (115,47) (109,59) (107,63) (106,64) (105,65) (103,67) (102,68) (101,69) (91,79) (90,80) (89,81) (87,83) (86,84) (85,85) (83,85) (77,85) (75,85) (53,85) (51,85) (45,85) (43,85) (42,84) (41,83) (39,81) (38,80) (37,79) (27,69) (26,68) (25,67) (23,65) (22,64) (21,63) (19,59) (13,47) (11,43) (10,40) (9,37) (7,31) (6,28) (5,25) (3,17) (2,12) (1,7) (0,0) 
(128,0) (127,7) (126,12) (125,17) (123,25) (122,28) (121,31) (119,37) (118,40) (117,43) (115,47) (109,59) (107,63) (106,64) (105,65) (103,67) (102,68) (101,69) (91,79) (90,80) (89,81) (87,83) (86,84) (85,85) (83,85) (77,85) (75,85) (53,85) (51,85) (45,85) (43,85) (42,84) (41,83) (39,81) (38,80) (37,79) (27,69) (26,68) (25,67) (23,65) (22,64) (21,63) (19,59) (13,47) (11,43) (10,40) (9,37) (7,31) (6,28) (5,25) (3,17) (2,12) (1,7) (0,0) (92,76) (93,75) (94,72) (95,69) (96,64) (97,67) (98,68) (99,69) (100,68) 
(128,0) (127,7) (126,12) (125,17) (123,25) (122,28) (121,31) (119,37) (118,40) (117,43) (115,47) (109,59) (107,63) (106,64) (105,65) (103,67) (102,68) (101,69) (91,79) (90,80) (89,81) (87,83) (86,84) (85,85) (83,85) (77,85) (75,85) (53,85) (51,85) (45,85) (43,85) (42,84) (41,83) (39,81) (38,80) (37,79) (27,69) (26,68) (25,67) (23,65) (22,64) (21,63) (19,59) (13,47) (11,43) (10,40) (9,37) (7,31) (6,28) (5,25) (3,17) (2,12) (1,7) (0,0) 
(128,0) (127,7) (126,12) (125,17) (123,25) (122,28) (121,31) (119,37) (118,40) (117,43) (115,47) (109,59) (107,63) (106,64) (105,65) (103,67) (102,68) (101,69) (91,79) (90,80) (89,81) (87,83) (86,84) (85,85) (83,85) (77,85) (75,85) (53,85) (51,85) (45,85) (43,85) (42,84) (41,83) (39,81) (38,80) (37,79) (27,69) (26,68) (25,67) (23,65) (22,64) (21,63) (19,59) (13,47) (11,43) (10,40) (9,37) (7,31) (6,28) (5,25) (3,17) (2,12) (1,7) (0,0) 
(128,0) (127,7) (126,12) (125,17) (123,25) (122,28) (121,31) (119,37) (118,40) (117,43) (115,47) (109,59) (107,63) (106,64) (105,65) (103,67) (102,68) (101,69) (91,79) (90,80) (89,81) (87,83) (86,84) (85,85) (83,85) (77,85) (75,85) (53,85) (51,85) (45,85) (43,85) (42,84) (41,83) (39,81) (38,80) (37,79) (27,69) (26,68) (25,67) (23,65) (22,64) (21,63) (19,59) (13,47) (11,43) (10,40) (9,37) (7,31) (6,28) (5,25) (3,17) (2,12) (1,7) (0,0) (104,64) 
(128,0) (127,7) (126,12) (125,17) (123,25) (122,28) (121,31) (119,37) (118,40) (117,43) (115,47) (109,59) (107,63) (106,64) (105,65) (103,67) (102,68) (101,69) (91,79) (90,80) (89,81) (87,83) (86,84) (85,85) (83,85) (77,85) (75,85) (53,85) (51,85) (45,85) (43,85) (42,84) (41,83) (39,81) (38,80) (37,79) (27,69) (26,68) (25,67) (23,65) (22,64) (21,63) (19,59) (13,47) (11,43) (10,40) (9,37) (7,31) (6,28) (5,25) (3,17) (2,12) (1,7) (0,0) 
(128,0) (127,7) (126,12) (125,17) (123,25) (122,28) (121,31) (119,37) (118,40) (117,43) (115,47) (109,59) (107,63) (106,64) (105,65) (103,67) (102,68) (101,69) (91,79) (90,80) (89,81) (87,83) (86,84) (85,85) (83,85) (77,85) (75,85) (53,85) (51,85) (45,85) (43,85) (42,84) (41,83) (39,81) (38,80) (37,79) (27,69) (26,68) (25,67) (23,65) (22,64) (21,63) (19,59) (13,47) (11,43) (10,40) (9,37) (7,31) (6,28) (5,25) (3,17) (2,12) (1,7) (0,0) 
(128,0) (127,7) (126,12) (125,17) (123,25) (122,28) (121,31) (119,37) (118,40) (117,43) (115,47) (109,59) (107,63) (106,64) (105,65) (103,67) (102,68) (101,69) (91,79) (90,80) (89,81) (87,83) (86,84) (85,85) (83,85) (77,85) (75,85) (53,85) (51,85) (45,85) (43,85) (42,84) (41,83) (39,81) (38,80) (37,79) (27,69) (26,68) (25,67) (23,65) (22,64) (21,63) (19,59) (13,47) (11,43) (10,40) (9,37) (7,31) (6,28) (5,25) (3,17) (2,12) (1,7) (0,0) (108,60) 
(128,0) (127,7) (126,12) (125,17) (123,25) (122,28) (121,31) (119,37) (118,40) (117,43) (115,47) (109,59) (107,63) (106,64) (105,65) (103,67) (102,68) (101,69) (91,79) (90,80) (89,81) (87,83) (86,84) (85,85) (83,85) (77,85) (75,85) (53,85) (51,85) (45,85) (43,85) (42,84) (41,83) (39,81) (38,80) (37,79) (27,69) (26,68) (25,67) (23,65) (22,64) (21,63) (19,59) (13,47) (11,43) (10,40) (9,37) (7,31) (6,28) (5,25) (3,17) (2,12) (1,7) (0,0) (110,56) (111,53) (112,48) (113,49) (114,48) 
(128,0) (127,7) (126,12) (125,17) (123,25) (122,28) (121,31) (119,37) (118,40) (117,43) (115,47) (109,59) (107,63) (106,64) (105,65) (103,67) (102,68) (101,69) (91,79) (90,80) (89,81) (87,83) (86,84) (85,85) (83,85) (77,85) (75,85) (53,85) (51,85) (45,85) (43,85) (42,84) (41,83) (39,81) (38,80) (37,79) (27,69) (26,68) (25,67) (23,65) (22,64) (21,63) (19,59) (13,47) (11,43) (10,40) (9,37) (7,31) (6,28) (5,25) (3,17) (2,12) (1,7) (0,0) (116,44) 
(128,0) (127,7) (126,12) (125,17) (123,25) (122,28) (121,31) (119,37) (118,40) (117,43) (115,47) (109,59) (107,63) (106,64) (105,65) (103,67) (102,68) (101,69) (91,79) (90,80) (89,81) (87,83) (86,84) (85,85) (83,85) (77,85) (75,85) (53,85) (51,85) (45,85) (43,85) (42,84) (41,83) (39,81) (38,80) (37,79) (27,69) (26,68) (25,67) (23,65) (22,64) (21,63) (19,59) (13,47) (11,43) (10,40) (9,37) (7,31) (6,28) (5,25) (3,17) (2,12) (1,7) (0,0) 
(128,0) (127,7) (126,12) (125,17) (123,25) (122,28) (121,31) (119,37) (118,40) (117,43) (115,47) (109,59) (107,63) (106,64) (105,65) (103,67) (102,68) (101,69) (91,79) (90,80) (89,81) (87,83) (86,84) (85,85) (83,85) (77,85) (75,85) (53,85) (51,85) (45,85) (43,85) (42,84) (41,83) (39,81) (38,80) (37,79) (27,69) (26,68) (25,67) (23,65) (22,64) (21,63) (19,59) (13,47) (11,43) (10,40) (9,37) (7,31) (6,28) (5,25) (3,17) (2,12) (1,7) (0,0) 
(128,0) (127,7) (126,12) (125,17) (123,25) (122,28) (121,31) (119,37) (118,40) (117,43) (115,47) (109,59) (107,63) (106,64) (105,65) (103,67) (102,68) (101,69) (91,79) (90,80) (89,81) (87,83) (86,84) (85,85) (83,85) (77,85) (75,85) (53,85) (51,85) (45,85) (43,85) (42,84) (41,83) (39,81) (38,80) (37,79) (27,69) (26,68) (25,67) (23,65) (22,64) (21,63) (19,59) (13,47) (11,43) (10,40) (9,37) (7,31) (6,28) (5,25) (3,17) (2,12) (1,7) (0,0) (120,32) 
(128,0) (127,7) (126,12) (125,17) (123,25) (122,28) (121,31) (119,37) (118,40) (117,43) (115,47) (109,59) (107,63) (106,64) (105,65) (103,67) (102,68) (101,69) (91,79) (90,80) (89,81) (87,83) (86,84) (85,85) (83,85) (77,85) (75,85) (53,85) (51,85) (45,85) (43,85) (42,84) (41,83) (39,81) (38,80) (37,79) (27,69) (26,68) (25,67) (23,65) (22,64) (21,63) (19,59) (13,47) (11,43) (10,40) (9,37) (7,31) (6,28) (5,25) (3,17) (2,12) (1,7) (0,0) 
(128,0) (127,7) (126,12) (125,17) (123,25) (122,28) (121,31) (119,37) (118,40) (117,43) (115,47) (109,59) (107,63) (106,64) (105,65) (103,67) (102,68) (101,69) (91,79) (90,80) (89,81) (87,83) (86,84) (85,85) (83,85) (77,85) (75,85) (53,85) (51,85) (45,85) (43,85) (42,84) (41,83) (39,81) (38,80) (37,79) (27,69) (26,68) (25,67) (23,65) (22,64) (21,63) (19,59) (13,47) (11,43) (10,40) (9,37) (7,31) (6,28) (5,25) (3,17) (2,12) (1,7) (0,0) 
(128,0) (127,7) (126,12) (125,17) (123,25) (122,28) (121,31) (119,37) (118,40) (117,43) (115,47) (109,59) (107,63) (106,64) (105,65) (103,67) (102,68) (101,69) (91,79) (90,80) (89,81) (87,83) (86,84) (85,85) (83,85) (77,85) (75,85) (53,85) (51,85) (45,85) (43,85) (42,84) (41,83) (39,81) (38,80) (37,79) (27,69) (26,68) (25,67) (23,65) (22,64) (21,63) (19,59) (13,47) (11,43) (10,40) (9,37) (7,31) (6,28) (5,25) (3,17) (2,12) (1,7) (0,0) (124,20) 
(128,0) (127,7) (126,12) (125,17) (123,25) (122,28) (121,31) (119,37) (118,40) (117,43) (115,47) (109,59) (107,63) (106,64) (105,65) (103,67) (102,68) (101,69) (91,79) (90,80) (89,81) (87,83) (86,84) (85,85) (83,85) (77,85) (75,85) (53,85) (51,85) (45,85) (43,85) (42,84) (41,83) (39,81) (38,80) (37,79) (27,69) (26,68) (25,67) (23,65) (22,64) (21,63) (19,59) (13,47) (11,43) (10,40) (9,37) (7,31) (6,28) (5,25) (3,17) (2,12) (1,7) (0,0) 
(128,0) (127,7) (126,12) (125,17) (123,25) (122,28) (121,31) (119,37) (118,40) (117,43) (115,47) (109,59) (107,63) (106,64) (105,65) (103,67) (102,68) (101,69) (91,79) (90,80) (89,81) (87,83) (86,84) (85,85) (83,85) (77,85) (75,85) (53,85) (51,85) (45,85) (43,85) (42,84) (41,83) (39,81) (38,80) (37,79) (27,69) (26,68) (25,67) (23,65) (22,64) (21,63) (19,59) (13,47) (11,43) (10,40) (9,37) (7,31) (6,28) (5,25) (3,17) (2,12) (1,7) (0,0) 
(128,0) (127,7) (126,12) (125,17) (123,25) (122,28) (121,31) (119,37) (118,40) (117,43) (115,47) (109,59) (107,63) (106,64) (105,65) (103,67) (102,68) (101,69) (91,79) (90,80) (89,81) (87,83) (86,84) (85,85) (83,85) (77,85) (75,85) (53,85) (51,85) (45,85) (43,85) (42,84) (41,83) (39,81) (38,80) (37,79) (27,69) (26,68) (25,67) (23,65) (22,64) (21,63) (19,59) (13,47) (11,43) (10,40) (9,37) (7,31) (6,28) (5,25) (3,17) (2,12) (1,7) (0,0) 
TD 2 :
(128,0) (127,7) (126,12) (125,17) (123,25) (122,28) (121,31) (119,37) (118,40) (117,43) (115,47) (109,59) (107,63) (106,64) (105,65) (103,67) (102,68) (101,69) (91,79) (90,80) (89,81) (87,83) (86,84) (85,85) (83,85) (77,85) (75,85) (53,85) (51,85) (45,85) (43,85) (42,84) (41,83) (39,81) (38,80) (37,79) (27,69) (26,68) (25,67) (23,65) (22,64) (21,63) (19,59) (13,47) (11,43) (10,40) (9,37) (7,31) (6,28) (5,25) (3,17) (2,12) (1,7) (0,0) (4,20) 
(128,0) (127,7) (126,12) (125,17) (123,25) (122,28) (121,31) (119,37) (118,40) (117,43) (115,47) (109,59) (107,63) (106,64) (105,65) (103,67) (102,68) (101,69) (91,79) (90,80) (89,81) (87,83) (86,84) (85,85) (83,85) (77,85) (75,85) (53,85) (51,85) (45,85) (43,85) (42,84) (41,83) (39,81) (38,80) (37,79) (27,69) (26,68) (25,67) (23,65) (22,64) (21,63) (19,59) (13,47) (11,43) (10,40) (9,37) (7,31) (6,28) (5,25) (3,17) (2,12) (1,7) (0,0) (8,32) 
(128,0) (127,7) (126,12) (125,17) (123,25) (122,28) (121,31) (119,37) (118,40) (117,43) (115,47) (109,59) (107,63) (106,64) (105,65) (103,67) (102,68) (101,69) (91,79) (90,80) (89,81) (87,83) (86,84) (85,85) (83,85) (77,85) (75,85) (53,85) (51,85) (45,85) (43,85) (42,84) (41,83) (39,81) (38,80) (37,79) (27,69) (26,68) (25,67) (23,65) (22,64) (21,63) (19,59) (13,47) (11,43) (10,40) (9,37) (7,31) (6,28) (5,25) (3,17) (2,12) (1,7) (0,0) (8,32) 
(128,0) (127,7) (126,12) (125,17) (123,25) (122,28) (121,31) (119,37) (118,40) (117,43) (115,47) (109,59) (107,63) (106,64) (105,65) (103,67) (102,68) (101,69) (91,79) (90,80) (89,81) (87,83) (86,84) (85,85) (83,85) (77,85) (75,85) (53,85) (51,85) (45,85) (43,85) (42,84) (41,83) (39,81) (38,80) (37,79) (27,69) (26,68) (25,67) (23,65) (22,64) (21,63) (19,59) (13,47) (11,43) (10,40) (9,37) (7,31) (6,28) (5,25) (3,17) (2,12) (1,7) (0,0) (12,44) 
(128,0) (127,7) (126,12) (125,17) (123,25) (122,28) (121,31) (119,37) (118,40) (117,43) (115,47) (109,59) (107,63) (106,64) (105,65) (103,67) (102,68) (101,69) (91,79) (90,80) (89,81) (87,83) (86,84) (85,85) (83,85) (77,85) (75,85) (53,85) (51,85) (45,85) (43,85) (42,84) (41,83) (39,81) (38,80) (37,79) (27,69) (26,68) (25,67) (23,65) (22,64) (21,63) (19,59) (13,47) (11,43) (10,40) (9,37) (7,31) (6,28) (5,25) (3,17) (2,12) (1,7) (0,0) (12,44) 
(128,0) (127,7) (126,12) (125,17) (123,25) (122,28) (121,31) (119,37) (118,40) (117,43) (115,47) (109,59) (107,63) (106,64) (105,65) (103,67) (102,68) (101,69) (91,79) (90,80) (89,81) (87,83) (86,84) (85,85) (83,85) (77,85) (75,85) (53,85) (51,85) (45,85) (43,85) (42,84) (41,83) (39,81) (38,80) (37,79) (27,69) (26,68) (25,67) (23,65) (22,64) (21,63) (19,59) (13,47) (11,43) (10,40) (9,37) (7,31) (6,28) (5,25) (3,17) (2,12) (1,7) (0,0) (18,56) (14,48) 
(128,0) (127,7) (126,12) (125,17) (123,25) (122,28) (121,31) (119,37) (118,40) (117,43) (115,47) (109,59) (107,63) (106,64) (105,65) (103,67) (102,68) (101,69) (91,79) (90,80) (89,81) (87,83) (86,84) (85,85) (83,85) (77,85) (75,85) (53,85) (51,85) (45,85) (43,85) (42,84) (41,83) (39,81) (38,80) (37,79) (27,69) (26,68) (25,67) (23,65) (22,64) (21,63) (19,59) (13,47) (11,43) (10,40) (9,37) (7,31) (6,28) (5,25) (3,17) (2,12) (1,7) (0,0) (18,56) (14,48) (15,49) (16,48) (17,53) 
(128,0) (127,7) (126,12) (125,17) (123,25) (122,28) (121,31) (119,37) (118,40) (117,43) (115,47) (109,59) (107,63) (106,64) (105,65) (103,67) (102,68) (101,69) (91,79) (90,80) (89,81) (87,83) (86,84) (85,85) (83,85) (77,85) (75,85) (53,85) (51,85) (45,85) (43,85) (42,84) (41,83) (39,81) (38,80) (37,79) (27,69) (26,68) (25,67) (23,65) (22,64) (21,63) (19,59) (13,47) (11,43) (10,40) (9,37) (7,31) (6,28) (5,25) (3,17) (2,12) (1,7) (0,0) (18,56) (14,48) 
(128,0) (127,7) (126,12) (125,17) (123,25) (122,28) (121,31) (119,37) (118,40) (117,43) (115,47) (109,59) (107,63) (106,64) (105,65) (103,67) (102,68) (101,69) (91,79) (90,80) (89,81) (87,83) (86,84) (85,85) (83,85) (77,85) (75,85) (53,85) (51,85) (45,85) (43,85) (42,84) (41,83) (39,81) (38,80) (37,79) (27,69) (26,68) (25,67) (23,65) (22,64) (21,63) (19,59) (13,47) (11,43) (10,40) (9,37) (7,31) (6,28) (5,25) (3,17) (2,12) (1,7) (0,0) (20,60) 
(128,0) (127,7) (126,12) (125,17) (123,25) (122,28) (121,31) (119,37) (118,40) (117,43) (115,47) (109,59) (107,63) (106,64) (105,65) (103,67) (102,68) (101,69) (91,79) (90,80) (89,81) (87,83) (86,84) (85,85) (83,85) (77,85) (75,85) (53,85) (51,85) (45,85) (43,85) (42,84) (41,83) (39,81) (38,80) (37,79) (27,69) (26,68) (25,67) (23,65) (22,64) (21,63) (19,59) (13,47) (11,43) (10,40) (9,37) (7,31) (6,28) (5,25) (3,17) (2,12) (1,7) (0,0) (20,60) 
(128,0) (127,7) (126,12) (125,17) (123,25) (122,28) (121,31) (119,37) (118,40) (117,43) (115,47) (109,59) (107,63) (106,64) (105,65) (103,67) (102,68) (101,69) (91,79) (90,80) (89,81) (87,83) (86,84) (85,85) (83,85) (77,85) (75,85) (53,85) (51,85) (45,85) (43,85) (42,84) (41,83) (39,81) (38,80) (37,79) (27,69) (26,68) (25,67) (23,65) (22,64) (21,63) (19,59) (13,47) (11,43) (10,40) (9,37) (7,31) (6,28) (5,25) (3,17) (2,12) (1,7) (0,0) (24,64) 
(128,0) (127,7) (126,12) (125,17) (123,25) (122,28) (121,31) (119,37) (118,40) (117,43) (115,47) (109,59) (107,63) (106,64) (105,65) (103,67) (102,68) (101,69) (91,79) (90,80) (89,81) (87,83) (86,84) (85,85) (83,85) (77,85) (75,85) (53,85) (51,85) (45,85) (43,85) (42,84) (41,83) (39,81) (38,80) (37,79) (27,69) (26,68) (25,67) (23,65) (22,64) (21,63) (19,59) (13,47) (11,43) (10,40) (9,37) (7,31) (6,28) (5,25) (3,17) (2,12) (1,7) (0,0) (24,64) 
(128,0) (127,7) (126,12) (125,17) (123,25) (122,28) (121,31) (119,37) (118,40) (117,43) (115,47) (109,59) (107,63) (106,64) (105,65) (103,67) (102,68) (101,69) (91,79) (90,80) (89,81) (87,83) (86,84) (85,85) (83,85) (77,85) (75,85) (53,85) (51,85) (45,85) (43,85) (42,84) (41,83) (39,81) (38,80) (37,79) (27,69) (26,68) (25,67) (23,65) (22,64) (21,63) (19,59) (13,47) (11,43) (10,40) (9,37) (7,31) (6,28) (5,25) (3,17) (2,12) (1,7) (0,0) (36,76) (35,75) (29,69) (28,68) 
(128,0) (127,7) (126,12) (125,17) (123,25) (122,28) (121,31) (119,37) (118,40) (117,43) (115,47) (109,59) (107,63) (106,64) (105,65) (103,67) (102,68) (101,69) (91,79) (90,80) (89,81) (87,83) (86,84) (85,85) (83,85) (77,85) (75,85) (53,85) (51,85) (45,85) (43,85) (42,84) (41,83) (39,81) (38,80) (37,79) (27,69) (26,68) (25,67) (23,65) (22,64) (21,63) (19,59) (13,47) (11,43) (10,40) (9,37) (7,31) (6,28) (5,25) (3,17) (2,12) (1,7) (0,0) (36,76) (35,75) (29,69) (28,68) 
(128,0) (127,7) (126,12) (125,17) (123,25) (122,28) (121,31) (119,37) (118,40) (117,43) (115,47) (109,59) (107,63) (106,64) (105,65) (103,67) (102,68) (101,69) (91,79) (90,80) (89,81) (87,83) (86,84) (85,85) (83,85) (77,85) (75,85) (53,85) (51,85) (45,85) (43,85) (42,84) (41,83) (39,81) (38,80) (37,79) (27,69) (26,68) (25,67) (23,65) (22,64) (21,63) (19,59) (13,47) (11,43) (10,40) (9,37) (7,31) (6,28) (5,25) (3,17) (2,12) (1,7) (0,0) (36,76) (35,75) (29,69) (28,68) (30,68) (31,67) (32,64) (33,69) (34,72) 
(128,0) (127,7) (126,12) (125,17) (123,25) (122,28) (121,31) (119,37) (118,40) (117,43) (115,47) (109,59) (107,63) (106,64) (105,65) (103,67) (102,68) (101,69) (91,79) (90,80) (89,81) (87,83) (86,84) (85,85) (83,85) (77,85) (75,85) (53,85) (51,85) (45,85) (43,85) (42,84) (41,83) (39,81) (38,80) (37,79) (27,69) (26,68) (25,67) (23,65) (22,64) (21,63) (19,59) (13,47) (11,43) (10,40) (9,37) (7,31) (6,28) (5,25) (3,17) (2,12) (1,7) (0,0) (36,76) (35,75) (29,69) (28,68) 
(128,0) (127,7) (126,12) (125,17) (123,25) (122,28) (121,31) (119,37) (118,40) (117,43) (115,47) (109,59) (107,63) (106,64) (105,65) (103,67) (102,68) (101,69) (91,79) (90,80) (89,81) (87,83) (86,84) (85,85) (83,85) (77,85) (75,85) (53,85) (51,85) (45,85) (43,85) (42,84) (41,83) (39,81) (38,80) (37,79) (27,69) (26,68) (25,67) (23,65) (22,64) (21,63) (19,59) (13,47) (11,43) (10,40) (9,37) (7,31) (6,28) (5,25) (3,17) (2,12) (1,7) (0,0) (36,76) (35,75) (29,69) (28,68) 
(128,0) (127,7) (126,12) (125,17) (123,25) (122,28) (121,31) (119,37) (118,40) (117,43) (115,47) (109,59) (107,63) (106,64) (105,65) (103,67) (102,68) (101,69) (91,79) (90,80) (89,81) (87,83) (86,84) (85,85) (83,85) (77,85) (75,85) (53,85) (51,85) (45,85) (43,85) (42,84) (41,83) (39,81) (38,80) (37,79) (27,69) (26,68) (25,67) (23,65) (22,64) (21,63) (19,59) (13,47) (11,43) (10,40) (9,37) (7,31) (6,28) (5,25) (3,17) (2,12) (1,7) (0,0) (40,80) 
(128,0) (127,7) (126,12) (125,17) (123,25) (122,28) (121,31) (119,37) (118,40) (117,43) (115,47) (109,59) (107,63) (106,64) (105,65) (103,67) (102,68) (101,69) (91,79) (90,80) (89,81) (87,83) (86,84) (85,85) (83,85) (77,85) (75,85) (53,85) (51,85) (45,85) (43,85) (42,84) (41,83) (39,81) (38,80) (37,79) (27,69) (26,68) (25,67) (23,65) (22,64) (21,63) (19,59) (13,47) (11,43) (10,40) (9,37) (7,31) (6,28) (5,25) (3,17) (2,12) (1,7) (0,0) (40,80) 
(128,0) (127,7) (126,12) (125,17) (123,25) (122,28) (121,31) (119,37) (118,40) (117,43) (115,47) (109,59) (107,63) (106,64) (105,65) (103,67) (102,68) (101,69) (91,79) (90,80) (89,81) (87,83) (86,84) (85,85) (83,85) (77,85) (75,85) (53,85) (51,85) (45,85) (43,85) (42,84) (41,83) (39,81) (38,80) (37,79) (27,69) (26,68) (25,67) (23,65) (22,64) (21,63) (19,59) (13,47) (11,43) (10,40) (9,37) (7,31) (6,28) (5,25) (3,17) (2,12) (1,7) (0,0) (44,84) 
(128,0) (127,7) (126,12) (125,17) (123,25) (122,28) (121,31) (119,37) (118,40) (117,43) (115,47) (109,59) (107,63) (106,64) (105,65) (103,67) (102,68) (101,69) (91,79) (90,80) (89,81) (87,83) (86,84) (85,85) (83,85) (77,85) (75,85) (53,85) (51,85) (45,85) (43,85) (42,84) (41,83) (39,81) (38,80) (37,79) (27,69) (26,68) (25,67) (23,65) (22,64) (21,63) (19,59) (13,47) (11,43) (10,40) (9,37) (7,31) (6,28) (5,25) (3,17) (2,12) (1,7) (0,0) (44,84) 
(128,0) (127,7) (126,12) (125,17) (123,25) (122,28) (121,31) (119,37) (118,40) (117,43) (115,47) (109,59) (107,63) (106,64) (105,65) (103,67) (102,68) (101,69) (91,79) (90,80) (89,81) (87,83) (86,84) (85,85) (83,85) (77,85) (75,85) (53,85) (51,85) (45,85) (43,85) (42,84) (41,83) (39,81) (38,80) (37,79) (27,69) (26,68) (25,67) (23,65) (22,64) (21,63) (19,59) (13,47) (11,43) (10,40) (9,37) (7,31) (6,28) (5,25) (3,17) (2,12) (1,7) (0,0) (50,84) (46,84) 
(128,0) (127,7) (126,12) (125,17) (123,25) (122,28) (121,31) (119,37) (118,40) (117,43) (115,47) (109,59) (107,63) (106,64) (105,65) (103,67) (102,68) (101,69) (91,79) (90,80) (89,81) (87,83) (86,84) (85,85) (83,85) (77,85) (75,85) (53,85) (51,85) (45,85) (43,85) (42,84) (41,83) (39,81) (38,80) (37,79) (27,69) (26,68) (25,67) (23,65) (22,64) (21,63) (19,59) (13,47) (11,43) (10,40) (9,37) (7,31) (6,28) (5,25) (3,17) (2,12) (1,7) (0,0) (50,84) (46,84) (47,83) (48,80) (49,83) 
(128,0) (127,7) (126,12) (125,17) (123,25) (122,28) (121,31) (119,37) (118,40) (117,43) (115,47) (109,59) (107,63) (106,64) (105,65) (103,67) (102,68) (101,69) (91,79) (90,80) (89,81) (87,83) (86,84) (85,85) (83,85) (77,85) (75,85) (53,85) (51,85) (45,85) (43,85) (42,84) (41,83) (39,81) (38,80) (37,79) (27,69) (26,68) (25,67) (23,65) (22,64) (21,63) (19,59) (13,47) (11,43) (10,40) (9,37) (7,31) (6,28) (5,25) (3,17) (2,12) (1,7) (0,0) (50,84) (46,84) 
(128,0) (127,7) (126,12) (125,17) (123,25) (122,28) (121,31) (119,37) (118,40) (117,43) (115,47) (109,59) (107,63) (106,64) (105,65) (103,67) (102,68) (101,69) (91,79) (90,80) (89,81) (87,83) (86,84) (85,85) (83,85) (77,85) (75,85) (53,85) (51,85) (45,85) (43,85) (42,84) (41,83) (39,81) (38,80) (37,79) (27,69) (26,68) (25,67) (23,65) (22,64) (21,63) (19,59) (13,47) (11,43) (10,40) (9,37) (7,31) (6,28) (5,25) (3,17) (2,12) (1,7) (0,0) (52,84) 
(128,0) (127,7) (126,12) (125,17) (123,25) (122,28) (121,31) (119,37) (118,40) (117,43) (115,47) (109,59) (107,63) (106,64) (105,65) (103,67) (102,68) (101,69) (91,79) (90,80) (89,81) (87,83) (86,84) (85,85) (83,85) (77,85) (75,85) (53,85) (51,85) (45,85) (43,85) (42,84) (41,83) (39,81) (38,80) (37,79) (27,69) (26,68) (25,67) (23,65) (22,64) (21,63) (19,59) (13,47) (11,43) (10,40) (9,37) (7,31) (6,28) (5,25) (3,17) (2,12) (1,7) (0,0) (52,84) 
(128,0) (127,7) (126,12) (125,17) (123,25) (122,28) (121,31) (119,37) (118,40) (117,43) (115,47) (109,59) (107,63) (106,64) (105,65) (103,67) (102,68) (101,69) (91,79) (90,80) (89,81) (87,83) (86,84) (85,85) (83,85) (77,85) (75,85) (53,85) (51,85) (45,85) (43,85) (42,84) (41,83) (39,81) (38,80) (37,79) (27,69) (26,68) (25,67) (23,65) (22,64) (21,63) (19,59) (13,47) (11,43) (10,40) (9,37) (7,31) (6,28) (5,25) (3,17) (2,12) (1,7) (0,0) (74,84) (54,84) 
(128,0) (127,7) (126,12) (125,17) (123,25) (122,28) (121,31) (119,37) (118,40) (117,43) (115,47) (109,59) (107,63) (106,64) (105,65) (103,67) (102,68) (101,69) (91,79) (90,80) (89,81) (87,83) (86,84) (85,85) (83,85) (77,85) (75,85) (53,85) (51,85) (45,85) (43,85) (42,84) (41,83) (39,81) (38,80) (37,79) (27,69) (26,68) (25,67) (23,65) (22,64) (21,63) (19,59) (13,47) (11,43) (10,40) (9,37) (7,31) (6,28) (5,25) (3,17) (2,12) (1,7) (0,0) (74,84) (54,84) (55,83) (56,80) (57,81) (58,80) (59,79) (60,76) (61,75) (62,72) (63,69) (64,64) (65,69) (66,72) (67,75) (68,76) (69,79) (70,80) (71,81) (72,80) (73,83) 
(128,0) (127,7) (126,12) (125,17) (123,25) (122,28) (121,31) (119,37) (118,40) (117,43) (115,47) (109,59) (107,63) (106,64) (105,65) (103,67) (102,68) (101,69) (91,79) (90,80) (89,81) (87,83) (86,84) (85,85) (83,85) (77,85) (75,85) (53,85) (51,85) (45,85) (43,85) (42,84) (41,83) (39,81) (38,80) (37,79) (27,69) (26,68) (25,67) (23,65) (22,64) (21,63) (19,59) (13,47) (11,43) (10,40) (9,37) (7,31) (6,28) (5,25) (3,17) (2,12) (1,7) (0,0) (74,84) (54,84) 
(128,0) (127,7) (126,12) (125,17) (123,25) (122,28) (121,31) (119,37) (118,40) (117,43) (115,47) (109,59) (107,63) (106,64) (105,65) (103,67) (102,68) (101,69) (91,79) (90,80) (89,81) (87,83) (86,84) (85,85) (83,85) (77,85) (75,85) (53,85) (51,85) (45,85) (43,85) (42,84) (41,83) (39,81) (38,80) (37,79) (27,69) (26,68) (25,67) (23,65) (22,64) (21,63) (19,59) (13,47) (11,43) (10,40) (9,37) (7,31) (6,28) (5,25) (3,17) (2,12) (1,7) (0,0) (76,84) 
(128,0) (127,7) (126,12) (125,17) (123,25) (122,28) (121,31) (119,37) (118,40) (117,43) (115,47) (109,59) (107,63) (106,64) (105,65) (103,67) (102,68) (101,69) (91,79) (90,80) (89,81) (87,83) (86,84) (85,85) (83,85) (77,85) (75,85) (53,85) (51,85) (45,85) (43,85) (42,84) (41,83) (39,81) (38,80) (37,79) (27,69) (26,68) (25,67) (23,65) (22,64) (21,63) (19,59) (13,47) (11,43) (10,40) (9,37) (7,31) (6,28) (5,25) (3,17) (2,12) (1,7) (0,0) (76,84) 
(128,0) (127,7) (126,12) (125,17) (123,25) (122,28) (121,31) (119,37) (118,40) (117,43) (115,47) (109,59) (107,63) (106,64) (105,65) (103,67) (102,68) (101,69) (91,79) (90,80) (89,81) (87,83) (86,84) (85,85) (83,85) (77,85) (75,85) (53,85) (51,85) (45,85) (43,85) (42,84) (41,83) (39,81) (38,80) (37,79) (27,69) (26,68) (25,67) (23,65) (22,64) (21,63) (19,59) (13,47) (11,43) (10,40) (9,37) (7,31) (6,28) (5,25) (3,17) (2,12) (1,7) (0,0) (82,84) (78,84) 
(128,0) (127,7) (126,12) (125,17) (123,25) (122,28) (121,31) (119,37) (118,40) (117,43) (115,47) (109,59) (107,63) (106,64) (105,65) (103,67) (102,68) (101,69) (91,79) (90,80) (89,81) (87,83) (86,84) (85,85) (83,85) (77,85) (75,85) (53,85) (51,85) (45,85) (43,85) (42,84) (41,83) (39,81) (38,80) (37,79) (27,69) (26,68) (25,67) (23,65) (22,64) (21,63) (19,59) (13,47) (11,43) (10,40) (9,37) (7,31) (6,28) (5,25) (3,17) (2,12) (1,7) (0,0) (82,84) (78,84) (79,83) (80,80) (81,83) 
(128,0) (127,7) (126,12) (125,17) (123,25) (122,28) (121,31) (119,37) (118,40) (117,43) (115,47) (109,59) (107,63) (106,64) (105,65) (103,67) (102,68) (101,69) (91,79) (90,80) (89,81) (87,83) (86,84) (85,85) (83,85) (77,85) (75,85) (53,85) (51,85) (45,85) (43,85) (42,84) (41,83) (39,81) (38,80) (37,79) (27,69) (26,68) (25,67) (23,65) (22,64) (21,63) (19,59) (13,47) (11,43) (10,40) (9,37) (7,31) (6,28) (5,25) (3,17) (2,12) (1,7) (0,0) (82,84) (78,84) 
(128,0) (127,7) (126,12) (125,17) (123,25) (122,28) (121,31) (119,37) (118,40) (117,43) (115,47) (109,59) (107,63) (106,64) (105,65) (103,67) (102,68) (101,69) (91,79) (90,80) (89,81) (87,83) (86,84) (85,85) (83,85) (77,85) (75,85) (53,85) (51,85) (45,85) (43,85) (42,84) (41,83) (39,81) (38,80) (37,79) (27,69) (26,68) (25,67) (23,65) (22,64) (21,63) (19,59) (13,47) (11,43) (10,40) (9,37) (7,31) (6,28) (5,25) (3,17) (2,12) (1,7) (0,0) (84,84) 
(128,0) (127,7) (126,12) (125,17) (123,25) (122,28) (121,31) (119,37) (118,40) (117,43) (115,47) (109,59) (107,63) (106,64) (105,65) (103,67) (102,68) (101,69) (91,79) (90,80) (89,81) (87,83) (86,84) (85,85) (83,85) (77,85) (75,85) (53,85) (51,85) (45,85) (43,85) (42,84) (41,83) (39,81) (38,80) (37,79) (27,69) (26,68) (25,67) (23,65) (22,64) (21,63) (19,59) (13,47) (11,43) (10,40) (9,37) (7,31) (6,28) (5,25) (3,17) (2,12) (1,7) (0,0) (84,84) 
(128,0) (127,7) (126,12) (125,17) (123,25) (122,28) (121,31) (119,37) (118,40) (117,43) (115,47) (109,59) (107,63) (106,64) (105,65) (103,67) (102,68) (101,69) (91,79) (90,80) (89,81) (87,83) (86,84) (85,85) (83,85) (77,85) (75,85) (53,85) (51,85) (45,85) (43,85) (42,84) (41,83) (39,81) (38,80) (37,79) (27,69) (26,68) (25,67) (23,65) (22,64) (21,63) (19,59) (13,47) (11,43) (10,40) (9,37) (7,31) (6,28) (5,25) (3,17) (2,12) (1,7) (0,0) (88,80) 
(128,0) (127,7) (126,12) (125,17) (123,25) (122,28) (121,31) (119,37) (118,40) (117,43) (115,47) (109,59) (107,63) (106,64) (105,65) (103,67) (102,68) (101,69) (91,79) (90,80) (89,81) (87,83) (86,84) (85,85) (83,85) (77,85) (75,85) (53,85) (51,85) (45,85) (43,85) (42,84) (41,83) (39,81) (38,80) (37,79) (27,69) (26,68) (25,67) (23,65) (22,64) (21,63) (19,59) (13,47) (11,43) (10,40) (9,37) (7,31) (6,28) (5,25) (3,17) (2,12) (1,7) (0,0) (88,80) 
(128,0) (127,7) (126,12) (125,17) (123,25) (122,28) (121,31) (119,37) (118,40) (117,43) (115,47) (109,59) (107,63) (106,64) (105,65) (103,67) (102,68) (101,69) (91,79) (90,80) (89,81) (87,83) (86,84) (85,85) (83,85) (77,85) (75,85) (53,85) (51,85) (45,85) (43,85) (42,84) (41,83) (39,81) (38,80) (37,79) (27,69) (26,68) (25,67) (23,65) (22,64) (21,63) (19,59) (13,47) (11,43) (10,40) (9,37) (7,31) (6,28) (5,25) (3,17) (2,12) (1,7) (0,0) (100,68) (99,69) (93,75) (92,76) 
(128,0) (127,7) (126,12) (125,17) (123,25) (122,28) (121,31) (119,37) (118,40) (117,43) (115,47) (109,59) (107,63) (106,64) (105,65) (103,67) (102,68) (101,69) (91,79) (90,80) (89,81) (87,83) (86,84) (85,85) (83,85) (77,85) (75,85) (53,85) (51,85) (45,85) (43,85) (42,84) (41,83) (39,81) (38,80) (37,79) (27,69) (26,68) (25,67) (23,65) (22,64) (21,63) (19,59) (13,47) (11,43) (10,40) (9,37) (7,31) (6,28) (5,25) (3,17) (2,12) (1,7) (0,0) (100,68) (99,69) (93,75) (92,76) 
(128,0) (127,7) (126,12) (125,17) (123,25) (122,28) (121,31) (119,37) (118,40) (117,43) (115,47) (109,59) (107,63) (106,64) (105,65) (103,67) (102,68) (101,69) (91,79) (90,80) (89,81) (87,83) (86,84) (85,85) (83,85) (77,85) (75,85) (53,85) (51,85) (45,85) (43,85) (42,84) (41,83) (39,81) (38,80) (37,79) (27,69) (26,68) (25,67) (23,65) (22,64) (21,63) (19,59) (13,47) (11,43) (10,40) (9,37) (7,31) (6,28) (5,25) (3,17) (2,12) (1,7) (0,0) (100,68) (99,69) (93,75) (92,76) (94,72) (95,69) (96,64) (97,67) (98,68) 
(128,0) (127,7) (126,12) (125,17) (123,25) (122,28) (121,31) (119,37) (118,40) (117,43) (115,47) (109,59) (107,63) (106,64) (105,65) (103,67) (102,68) (101,69) (91,79) (90,80) (89,81) (87,83) (86,84) (85,85) (83,85) (77,85) (75,85) (53,85) (51,85) (45,85) (43,85) (42,84) (41,83) (39,81) (38,80) (37,79) (27,69) (26,68) (25,67) (23,65) (22,64) (21,63) (19,59) (13,47) (11,43) (10,40) (9,37) (7,31) (6,28) (5,25) (3,17) (2,12) (1,7) (0,0) (100,68) (99,69) (93,75) (92,76) 
(128,0) (127,7) (126,12) (125,17) (123,25) (122,28) (121,31) (119,37) (118,40) (117,43) (115,47) (109,59) (107,63) (106,64) (105,65) (103,67) (102,68) (101,69) (91,79) (90,80) (89,81) (87,83) (86,84) (85,85) (83,85) (77,85) (75,85) (53,85) (51,85) (45,85) (43,85) (42,84) (41,83) (39,81) (38,80) (37,79) (27,69) (26,68) (25,67) (23,65) (22,64) (21,63) (19,59) (13,47) (11,43) (10,40) (9,37) (7,31) (6,28) (5,25) (3,17) (2,12) (1,7) (0,0) (100,68) (99,69) (93,75) (92,76) 
(128,0) (127,7) (126,12) (125,17) (123,25) (122,28) (121,31) (119,37) (118,40) (117,43) (115,47) (109,59) (107,63) (106,64) (105,65) (103,67) (102,68) (101,69) (91,79) (90,80) (89,81) (87,83) (86,84) (85,85) (83,85) (77,85) (75,85) (53,85) (51,85) (45,85) (43,85) (42,84) (41,83) (39,81) (38,80) (37,79) (27,69) (26,68) (25,67) (23,65) (22,64) (21,63) (19,59) (13,47) (11,43) (10,40) (9,37) (7,31) (6,28) (5,25) (3,17) (2,12) (1,7) (0,0) (104,64) 
(128,0) (127,7) (126,12) (125,17) (123,25) (122,28) (121,31) (119,37) (118,40) (117,43) (115,47) (109,59) (107,63) (106,64) (105,65) (103,67) (102,68) (101,69) (91,79) (90,80) (89,81) (87,83) (86,84) (85,85) (83,85) (77,85) (75,85) (53,85) (51,85) (45,85) (43,85) (42,84) (41,83) (39,81) (38,80) (37,79) (27,69) (26,68) (25,67) (23,65) (22,64) (21,63) (19,59) (13,47) (11,43) (10,40) (9,37) (7,31) (6,28) (5,25) (3,17) (2,12) (1,7) (0,0) (104,64) 
(128,0) (127,7) (126,12) (125,17) (123,25) (122,28) (121,31) (119,37) (118,40) (117,43) (115,47) (109,59) (107,63) (106,64) (105,65) (103,67) (102,68) (101,69) (91,79) (90,80) (89,81) (87,83) (86,84) (85,85) (83,85) (77,85) (75,85) (53,85) (51,85) (45,85) (43,85) (42,84) (41,83) (39,81) (38,80) (37,79) (27,69) (26,68) (25,67) (23,65) (22,64) (21,63) (19,59) (13,47) (11,43) (10,40) (9,37) (7,31) (6,28) (5,25) (3,17) (2,12) (1,7) (0,0) (108,60) 
(128,0) (127,7) (126,12) (125,17) (123,25) (122,28) (121,31) (119,37) (118,40) (117,43) (115,47) (109,59) (107,63) (106,64) (105,65) (103,67) (102,68) (101,69) (91,79) (90,80) (89,81) (87,83) (86,84) (85,85) (83,85) (77,85) (75,85) (53,85) (51,85) (45,85) (43,85) (42,84) (41,83) (39,81) (38,80) (37,79) (27,69) (26,68) (25,67) (23,65) (22,64) (21,63) (19,59) (13,47) (11,43) (10,40) (9,37) (7,31) (6,28) (5,25) (3,17) (2,12) (1,7) (0,0) (108,60) 
(128,0) (127,7) (126,12) (125,17) (123,25) (122,28) (121,31) (119,37) (118,40) (117,43) (115,47) (109,59) (107,63) (106,64) (105,65) (103,67) (102,68) (101,69) (91,79) (90,80) (89,81) (87,83) (86,84) (85,85) (83,85) (77,85) (75,85) (53,85) (51,85) (45,85) (43,85) (42,84) (41,83) (39,81) (38,80) (37,79) (27,69) (26,68) (25,67) (23,65) (22,64) (21,63) (19,59) (13,47) (11,43) (10,40) (9,37) (7,31) (6,28) (5,25) (3,17) (2,12) (1,7) (0,0) (114,48) (110,56) 
(128,0) (127,7) (126,12) (125,17) (123,25) (122,28) (121,31) (119,37) (118,40) (117,43) (115,47) (109,59) (107,63) (106,64) (105,65) (103,67) (102,68) (101,69) (91,79) (90,80) (89,81) (87,83) (86,84) (85,85) (83,85) (77,85) (75,85) (53,85) (51,85) (45,85) (43,85) (42,84) (41,83) (39,81) (38,80) (37,79) (27,69) (26,68) (25,67) (23,65) (22,64) (21,63) (19,59) (13,47) (11,43) (10,40) (9,37) (7,31) (6,28) (5,25) (3,17) (2,12) (1,7) (0,0) (114,48) (110,56) (111,53) (112,48) (113,49) 
(128,0) (127,7) (126,12) (125,17) (123,25) (122,28) (121,31) (119,37) (118,40) (117,43) (115,47) (109,59) (107,63) (106,64) (105,65) (103,67) (102,68) (101,69) (91,79) (90,80) (89,81) (87,83) (86,84) (85,85) (83,85) (77,85) (75,85) (53,85) (51,85) (45,85) (43,85) (42,84) (41,83) (39,81) (38,80) (37,79) (27,69) (26,68) (25,67) (23,65) (22,64) (21,63) (19,59) (13,47) (11,43) (10,40) (9,37) (7,31) (6,28) (5,25) (3,17) (2,12) (1,7) (0,0) (114,48) (110,56) 
(128,0) (127,7) (126,12) (125,17) (123,25) (122,28) (121,31) (119,37) (118,40) (117,43) (115,47) (109,59) (107,63) (106,64) (105,65) (103,67) (102,68) (101,69) (91,79) (90,80) (89,81) (87,83) (86,84) (85,85) (83,85) (77,85) (75,85) (53,85) (51,85) (45,85) (43,85) (42,84) (41,83) (39,81) (38,80) (37,79) (27,69) (26,68) (25,67) (23,65) (22,64) (21,63) (19,59) (13,47) (11,43) (10,40) (9,37) (7,31) (6,28) (5,25) (3,17) (2,12) (1,7) (0,0) (116,44) 
(128,0) (127,7) (126,12) (125,17) (123,25) (122,28) (121,31) (119,37) (118,40) (117,43) (115,47) (109,59) (107,63) (106,64) (105,65) (103,67) (102,68) (101,69) (91,79) (90,80) (89,81) (87,83) (86,84) (85,85) (83,85) (77,85) (75,85) (53,85) (51,85) (45,85) (43,85) (42,84) (41,83) (39,81) (38,80) (37,79) (27,69) (26,68) (25,67) (23,65) (22,64) (21,63) (19,59) (13,47) (11,43) (10,40) (9,37) (7,31) (6,28) (5,25) (3,17) (2,12) (1,7) (0,0) (116,44) 
(128,0) (127,7) (126,12) (125,17) (123,25) (122,28) (121,31) (119,37) (118,40) (117,43) (115,47) (109,59) (107,63) (106,64) (105,65) (103,67) (102,68) (101,69) (91,79) (90,80) (89,81) (87,83) (86,84) (85,85) (83,85) (77,85) (75,85) (53,85) (51,85) (45,85) (43,85) (42,84) (41,83) (39,81) (38,80) (37,79) (27,69) (26,68) (25,67) (23,65) (22,64) (21,63) (19,59) (13,47) (11,43) (10,40) (9,37) (7,31) (6,28) (5,25) (3,17) (2,12) (1,7) (0,0) (120,32) 
(128,0) (127,7) (126,12) (125,17) (123,25) (122,28) (121,31) (119,37) (118,40) (117,43) (115,47) (109,59) (107,63) (106,64) (105,65) (103,67) (102,68) (101,69) (91,79) (90,80) (89,81) (87,83) (86,84) (85,85) (83,85) (77,85) (75,85) (53,85) (51,85) (45,85) (43,85) (42,84) (41,83) (39,81) (38,80) (37,79) (27,69) (26,68) (25,67) (23,65) (22,64) (21,63) (19,59) (13,47) (11,43) (10,40) (9,37) (7,31) (6,28) (5,25) (3,17) (2,12) (1,7) (0,0) (120,32) 
(128,0) (127,7) (126,12) (125,17) (123,25) (122,28) (121,31) (119,37) (118,40) (117,43) (115,47) (109,59) (107,63) (106,64) (105,65) (103,67) (102,68) (101,69) (91,79) (90,80) (89,81) (87,83) (86,84) (85,85) (83,85) (77,85) (75,85) (53,85) (51,85) (45,85) (43,85) (42,84) (41,83) (39,81) (38,80) (37,79) (27,69) (26,68) (25,67) (23,65) (22,64) (21,63) (19,59) (13,47) (11,43) (10,40) (9,37) (7,31) (6,28) (5,25) (3,17) (2,12) (1,7) (0,0) (124,20) 
TD 3 :
(128,0) (127,7) (126,12) (125,17) (123,25) (122,28) (121,31) (119,37) (118,40) (117,43) (115,47) (109,59) (107,63) (106,64) (105,65) (103,67) (102,68) (101,69) (91,79) (90,80) (89,81) (87,83) (86,84) (85,85) (83,85) (77,85) (75,85) (53,85) (51,85) (45,85) (43,85) (42,84) (41,83) (39,81) (38,80) (37,79) (27,69) (26,68) (25,67) (23,65) (22,64) (21,63) (19,59) (13,47) (11,43) (10,40) (9,37) (7,31) (6,28) (5,25) (3,17) (2,12) (1,7) (0,0) (18,56) (14,48) (17,53) (15,49) (16,48) 
(128,0) (127,7) (126,12) (125,17) (123,25) (122,28) (121,31) (119,37) (118,40) (117,43) (115,47) (109,59) (107,63) (106,64) (105,65) (103,67) (102,68) (101,69) (91,79) (90,80) (89,81) (87,83) (86,84) (85,85) (83,85) (77,85) (75,85) (53,85) (51,85) (45,85) (43,85) (42,84) (41,83) (39,81) (38,80) (37,79) (27,69) (26,68) (25,67) (23,65) (22,64) (21,63) (19,59) (13,47) (11,43) (10,40) (9,37) (7,31) (6,28) (5,25) (3,17) (2,12) (1,7) (0,0) (18,56) (14,48) (17,53) (15,49) 
(128,0) (127,7) (126,12) (125,17) (123,25) (122,28) (121,31) (119,37) (118,40) (117,43) (115,47) (109,59) (107,63) (106,64) (105,65) (103,67) (102,68) (101,69) (91,79) (90,80) (89,81) (87,83) (86,84) (85,85) (83,85) (77,85) (75,85) (53,85) (51,85) (45,85) (43,85) (42,84) (41,83) (39,81) (38,80) (37,79) (27,69) (26,68) (25,67) (23,65) (22,64) (21,63) (19,59) (13,47) (11,43) (10,40) (9,37) (7,31) (6,28) (5,25) (3,17) (2,12) (1,7) (0,0) (36,76) (35,75) (29,69) (28,68) (34,72) (30,68) 
(128,0) (127,7) (126,12) (125,17) (123,25) (122,28) (121,31) (119,37) (118,40) (117,43) (115,47) (109,59) (107,63) (106,64) (105,65) (103,67) (102,68) (101,69) (91,79) (90,80) (89,81) (87,83) (86,84) (85,85) (83,85) (77,85) (75,85) (53,85) (51,85) (45,85) (43,85) (42,84) (41,83) (39,81) (38,80) (37,79) (27,69) (26,68) (25,67) (23,65) (22,64) (21,63) (19,59) (13,47) (11,43) (10,40) (9,37) (7,31) (6,28) (5,25) (3,17) (2,12) (1,7) (0,0) (36,76) (35,75) (29,69) (28,68) (34,72) (30,68) (31,67) (32,64) (33,69) 
(128,0) (127,7) (126,12) (125,17) (123,25) (122,28) (121,31) (119,37) (118,40) (117,43) (115,47) (109,59) (107,63) (106,64) (105,65) (103,67) (102,68) (101,69) (91,79) (90,80) (89,81) (87,83) (86,84) (85,85) (83,85) (77,85) (75,85) (53,85) (51,85) (45,85) (43,85) (42,84) (41,83) (39,81) (38,80) (37,79) (27,69) (26,68) (25,67) (23,65) (22,64) (21,63) (19,59) (13,47) (11,43) (10,40) (9,37) (7,31) (6,28) (5,25) (3,17) (2,12) (1,7) (0,0) (36,76) (35,75) (29,69) (28,68) (34,72) (30,68) 
(128,0) (127,7) (126,12) (125,17) (123,25) (122,28) (121,31) (119,37) (118,40) (117,43) (115,47) (109,59) (107,63) (106,64) (105,65) (103,67) (102,68) (101,69) (91,79) (90,80) (89,81) (87,83) (86,84) (85,85) (83,85) (77,85) (75,85) (53,85) (51,85) (45,85) (43,85) (42,84) (41,83) (39,81) (38,80) (37,79) (27,69) (26,68) (25,67) (23,65) (22,64) (21,63) (19,59) (13,47) (11,43) (10,40) (9,37) (7,31) (6,28) (5,25) (3,17) (2,12) (1,7) (0,0) (50,84) (46,84) (49,83) (47,83) 
(128,0) (127,7) (126,12) (125,17) (123,25) (122,28) (121,31) (119,37) (118,40) (117,43) (115,47) (109,59) (107,63) (106,64) (105,65) (103,67) (102,68) (101,69) (91,79) (90,80) (89,81) (87,83) (86,84) (85,85) (83,85) (77,85) (75,85) (53,85) (51,85) (45,85) (43,85) (42,84) (41,83) (39,81) (38,80) (37,79) (27,69) (26,68) (25,67) (23,65) (22,64) (21,63) (19,59) (13,47) (11,43) (10,40) (9,37) (7,31) (6,28) (5,25) (3,17) (2,12) (1,7) (0,0) (50,84) (46,84) (49,83) (47,83) (48,80) 
(128,0) (127,7) (126,12) (125,17) (123,25) (122,28) (121,31) (119,37) (118,40) (117,43) (115,47) (109,59) (107,63) (106,64) (105,65) (103,67) (102,68) (101,69) (91,79) (90,80) (89,81) (87,83) (86,84) (85,85) (83,85) (77,85) (75,85) (53,85) (51,85) (45,85) (43,85) (42,84) (41,83) (39,81) (38,80) (37,79) (27,69) (26,68) (25,67) (23,65) (22,64) (21,63) (19,59) (13,47) (11,43) (10,40) (9,37) (7,31) (6,28) (5,25) (3,17) (2,12) (1,7) (0,0) (50,84) (46,84) (49,83) (47,83) 
(128,0) (127,7) (126,12) (125,17) (123,25) (122,28) (121,31) (119,37) (118,40) (117,43) (115,47) (109,59) (107,63) (106,64) (105,65) (103,67) (102,68) (101,69) (91,79) (90,80) (89,81) (87,83) (86,84) (85,85) (83,85) (77,85) (75,85) (53,85) (51,85) (45,85) (43,85) (42,84) (41,83) (39,81) (38,80) (37,79) (27,69) (26,68) (25,67) (23,65) (22,64) (21,63) (19,59) (13,47) (11,43) (10,40) (9,37) (7,31) (6,28) (5,25) (3,17) (2,12) (1,7) (0,0) (74,84) (54,84) (73,83) (55,83) 
(128,0) (127,7) (126,12) (125,17) (123,25) (122,28) (121,31) (119,37) (118,40) (117,43) (115,47) (109,59) (107,63) (106,64) (105,65) (103,67) (102,68) (101,69) (91,79) (90,80) (89,81) (87,83) (86,84) (85,85) (83,85) (77,85) (75,85) (53,85) (51,85) (45,85) (43,85) (42,84) (41,83) (39,81) (38,80) (37,79) (27,69) (26,68) (25,67) (23,65) (22,64) (21,63) (19,59) (13,47) (11,43) (10,40) (9,37) (7,31) (6,28) (5,25) (3,17) (2,12) (1,7) (0,0) (74,84) (54,84) (73,83) (55,83) (56,80) (57,81) (58,80) (59,79) (60,76) (61,75) (62,72) (63,69) (64,64) (65,69) (66,72) (67,75) (68,76) (69,79) (70,80) (71,81) (72,80) 
(128,0) (127,7) (126,12) (125,17) (123,25) (122,28) (121,31) (119,37) (118,40) (117,43) (115,47) (109,59) (107,63) (106,64) (105,65) (103,67) (102,68) (101,69) (91,79) (90,80) (89,81) (87,83) (86,84) (85,85) (83,85) (77,85) (75,85) (53,85) (51,85) (45,85) (43,85) (42,84) (41,83) (39,81) (38,80) (37,79) (27,69) (26,68) (25,67) (23,65) (22,64) (21,63) (19,59) (13,47) (11,43) (10,40) (9,37) (7,31) (6,28) (5,25) (3,17) (2,12) (1,7) (0,0) (74,84) (54,84) (73,83) (55,83) 
(128,0) (127,7) (126,12) (125,17) (123,25) (122,28) (121,31) (119,37) (118,40) (117,43) (115,47) (109,59) (107,63) (106,64) (105,65) (103,67) (102,68) (101,69) (91,79) (90,80) (89,81) (87,83) (86,84) (85,85) (83,85) (77,85) (75,85) (53,85) (51,85) (45,85) (43,85) (42,84) (41,83) (39,81) (38,80) (37,79) (27,69) (26,68) (25,67) (23,65) (22,64) (21,63) (19,59) (13,47) (11,43) (10,40) (9,37) (7,31) (6,28) (5,25) (3,17) (2,12) (1,7) (0,0) (82,84) (78,84) (81,83) (79,83) 
(128,0) (127,7) (126,12) (125,17) (123,25) (122,28) (121,31) (119,37) (118,40) (117,43) (115,47) (109,59) (107,63) (106,64) (105,65) (103,67) (102,68) (101,69) (91,79) (90,80) (89,81) (87,83) (86,84) (85,85) (83,85) (77,85) (75,85) (53,85) (51,85) (45,85) (43,85) (42,84) (41,83) (39,81) (38,80) (37,79) (27,69) (26,68) (25,67) (23,65) (22,64) (21,63) (19,59) (13,47) (11,43) (10,40) (9,37) (7,31) (6,28) (5,25) (3,17) (2,12) (1,7) (0,0) (82,84) (78,84) (81,83) (79,83) (80,80) 
(128,0) (127,7) (126,12) (125,17) (123,25) (122,28) (121,31) (119,37) (118,40) (117,43) (115,47) (109,59) (107,63) (106,64) (105,65) (103,67) (102,68) (101,69) (91,79) (90,80) (89,81) (87,83) (86,84) (85,85) (83,85) (77,85) (75,85) (53,85) (51,85) (45,85) (43,85) (42,84) (41,83) (39,81) (38,80) (37,79) (27,69) (26,68) (25,67) (23,65) (22,64) (21,63) (19,59) (13,47) (11,43) (10,40) (9,37) (7,31) (6,28) (5,25) (3,17) (2,12) (1,7) (0,0) (82,84) (78,84) (81,83) (79,83) 
(128,0) (127,7) (126,12) (125,17) (123,25) (122,28) (121,31) (119,37) (118,40) (117,43) (115,47) (109,59) (107,63) (106,64) (105,65) (103,67) (102,68) (101,69) (91,79) (90,80) (89,81) (87,83) (86,84) (85,85) (83,85) (77,85) (75,85) (53,85) (51,85) (45,85) (43,85) (42,84) (41,83) (39,81) (38,80) (37,79) (27,69) (26,68) (25,67) (23,65) (22,64) (21,63) (19,59) (13,47) (11,43) (10,40) (9,37) (7,31) (6,28) (5,25) (3,17) (2,12) (1,7) (0,0) (100,68) (99,69) (93,75) (92,76) (98,68) (94,72) 
(128,0) (127,7) (126,12) (125,17) (123,25) (122,28) (121,31) (119,37) (118,40) (117,43) (115,47) (109,59) (107,63) (106,64) (105,65) (103,67) (102,68) (101,69) (91,79) (90,80) (89,81) (87,83) (86,84) (85,85) (83,85) (77,85) (75,85) (53,85) (51,85) (45,85) (43,85) (42,84) (41,83) (39,81) (38,80) (37,79) (27,69) (26,68) (25,67) (23,65) (22,64) (21,63) (19,59) (13,47) (11,43) (10,40) (9,37) (7,31) (6,28) (5,25) (3,17) (2,12) (1,7) (0,0) (100,68) (99,69) (93,75) (92,76) (98,68) (94,72) (95,69) (96,64) (97,67) 
(128,0) (127,7) (126,12) (125,17) (123,25) (122,28) (121,31) (119,37) (118,40) (117,43) (115,47) (109,59) (107,63) (106,64) (105,65) (103,67) (102,68) (101,69) (91,79) (90,80) (89,81) (87,83) (86,84) (85,85) (83,85) (77,85) (75,85) (53,85) (51,85) (45,85) (43,85) (42,84) (41,83) (39,81) (38,80) (37,79) (27,69) (26,68) (25,67) (23,65) (22,64) (21,63) (19,59) (13,47) (11,43) (10,40) (9,37) (7,31) (6,28) (5,25) (3,17) (2,12) (1,7) (0,0) (100,68) (99,69) (93,75) (92,76) (98,68) (94,72) 
(128,0) (127,7) (126,12) (125,17) (123,25) (122,28) (121,31) (119,37) (118,40) (117,43) (115,47) (109,59) (107,63) (106,64) (105,65) (103,67) (102,68) (101,69) (91,79) (90,80) (89,81) (87,83) (86,84) (85,85) (83,85) (77,85) (75,85) (53,85) (51,85) (45,85) (43,85) (42,84) (41,83) (39,81) (38,80) (37,79) (27,69) (26,68) (25,67) (23,65) (22,64) (21,63) (19,59) (13,47) (11,43) (10,40) (9,37) (7,31) (6,28) (5,25) (3,17) (2,12) (1,7) (0,0) (114,48) (110,56) (113,49) (111,53) 
(128,0) (127,7) (126,12) (125,17) (123,25) (122,28) (121,31) (119,37) (118,40) (117,43) (115,47) (109,59) (107,63) (106,64) (105,65) (103,67) (102,68) (101,69) (91,79) (90,80) (89,81) (87,83) (86,84) (85,85) (83,85) (77,85) (75,85) (53,85) (51,85) (45,85) (43,85) (42,84) (41,83) (39,81) (38,80) (37,79) (27,69) (26,68) (25,67) (23,65) (22,64) (21,63) (19,59) (13,47) (11,43) (10,40) (9,37) (7,31) (6,28) (5,25) (3,17) (2,12) (1,7) (0,0) (114,48) (110,56) (113,49) (111,53) (112,48) 
TD 4 :
(128,0) (127,7) (126,12) (125,17) (123,25) (122,28) (121,31) (119,37) (118,40) (117,43) (115,47) (109,59) (107,63) (106,64) (105,65) (103,67) (102,68) (101,69) (91,79) (90,80) (89,81) (87,83) (86,84) (85,85) (83,85) (77,85) (75,85) (53,85) (51,85) (45,85) (43,85) (42,84) (41,83) (39,81) (38,80) (37,79) (27,69) (26,68) (25,67) (23,65) (22,64) (21,63) (19,59) (13,47) (11,43) (10,40) (9,37) (7,31) (6,28) (5,25) (3,17) (2,12) (1,7) (0,0) (18,56) (14,48) (17,53) (15,49) (16,48) 
(128,0) (127,7) (126,12) (125,17) (123,25) (122,28) (121,31) (119,37) (118,40) (117,43) (115,47) (109,59) (107,63) (106,64) (105,65) (103,67) (102,68) (101,69) (91,79) (90,80) (89,81) (87,83) (86,84) (85,85) (83,85) (77,85) (75,85) (53,85) (51,85) (45,85) (43,85) (42,84) (41,83) (39,81) (38,80) (37,79) (27,69) (26,68) (25,67) (23,65) (22,64) (21,63) (19,59) (13,47) (11,43) (10,40) (9,37) (7,31) (6,28) (5,25) (3,17) (2,12) (1,7) (0,0) (36,76) (35,75) (29,69) (28,68) (34,72) (30,68) (33,69) (31,67) 
(128,0) (127,7) (126,12) (125,17) (123,25) (122,28) (121,31) (119,37) (118,40) (117,43) (115,47) (109,59) (107,63) (106,64) (105,65) (103,67) (102,68) (101,69) (91,79) (90,80) (89,81) (87,83) (86,84) (85,85) (83,85) (77,85) (75,85) (53,85) (51,85) (45,85) (43,85) (42,84) (41,83) (39,81) (38,80) (37,79) (27,69) (26,68) (25,67) (23,65) (22,64) (21,63) (19,59) (13,47) (11,43) (10,40) (9,37) (7,31) (6,28) (5,25) (3,17) (2,12) (1,7) (0,0) (36,76) (35,75) (29,69) (28,68) (34,72) (30,68) (33,69) (31,67) (32,64) 
(128,0) (127,7) (126,12) (125,17) (123,25) (122,28) (121,31) (119,37) (118,40) (117,43) (115,47) (109,59) (107,63) (106,64) (105,65) (103,67) (102,68) (101,69) (91,79) (90,80) (89,81) (87,83) (86,84) (85,85) (83,85) (77,85) (75,85) (53,85) (51,85) (45,85) (43,85) (42,84) (41,83) (39,81) (38,80) (37,79) (27,69) (26,68) (25,67) (23,65) (22,64) (21,63) (19,59) (13,47) (11,43) (10,40) (9,37) (7,31) (6,28) (5,25) (3,17) (2,12) (1,7) (0,0) (36,76) (35,75) (29,69) (28,68) (34,72) (30,68) (33,69) (31,67) 
(128,0) (127,7) (126,12) (125,17) (123,25) (122,28) (121,31) (119,37) (118,40) (117,43) (115,47) (109,59) (107,63) (106,64) (105,65) (103,67) (102,68) (101,69) (91,79) (90,80) (89,81) (87,83) (86,84) (85,85) (83,85) (77,85) (75,85) (53,85) (51,85) (45,85) (43,85) (42,84) (41,83) (39,81) (38,80) (37,79) (27,69) (26,68) (25,67) (23,65) (22,64) (21,63) (19,59) (13,47) (11,43) (10,40) (9,37) (7,31) (6,28) (5,25) (3,17) (2,12) (1,7) (0,0) (50,84) (46,84) (49,83) (47,83) (48,80) 
(128,0) (127,7) (126,12) (125,17) (123,25) (122,28) (121,31) (119,37) (118,40) (117,43) (115,47) (109,59) (107,63) (106,64) (105,65) (103,67) (102,68) (101,69) (91,79) (90,80) (89,81) (87,83) (86,84) (85,85) (83,85) (77,85) (75,85) (53,85) (51,85) (45,85) (43,85) (42,84) (41,83) (39,81) (38,80) (37,79) (27,69) (26,68) (25,67) (23,65) (22,64) (21,63) (19,59) (13,47) (11,43) (10,40) (9,37) (7,31) (6,28) (5,25) (3,17) (2,12) (1,7) (0,0) (50,84) (46,84) (49,83) (47,83) (48,80) 
(128,0) (127,7) (126,12) (125,17) (123,25) (122,28) (121,31) (119,37) (118,40) (117,43) (115,47) (109,59) (107,63) (106,64) (105,65) (103,67) (102,68) (101,69) (91,79) (90,80) (89,81) (87,83) (86,84) (85,85) (83,85) (77,85) (75,85) (53,85) (51,85) (45,85) (43,85) (42,84) (41,83) (39,81) (38,80) (37,79) (27,69) (26,68) (25,67) (23,65) (22,64) (21,63) (19,59) (13,47) (11,43) (10,40) (9,37) (7,31) (6,28) (5,25) (3,17) (2,12) (1,7) (0,0) (74,84) (54,84) (73,83) (55,83) (71,81) (57,81) (56,80) 
(128,0) (127,7) (126,12) (125,17) (123,25) (122,28) (121,31) (119,37) (118,40) (117,43) (115,47) (109,59) (107,63) (106,64) (105,65) (103,67) (102,68) (101,69) (91,79) (90,80) (89,81) (87,83) (86,84) (85,85) (83,85) (77,85) (75,85) (53,85) (51,85) (45,85) (43,85) (42,84) (41,83) (39,81) (38,80) (37,79) (27,69) (26,68) (25,67) (23,65) (22,64) (21,63) (19,59) (13,47) (11,43) (10,40) (9,37) (7,31) (6,28) (5,25) (3,17) (2,12) (1,7) (0,0) (74,84) (54,84) (73,83) (55,83) (71,81) (57,81) (58,80) (59,79) (60,76) (61,75) (62,72) (63,69) (64,64) (65,69) (66,72) (67,75) (68,76) (69,79) (70,80) 
(128,0) (127,7) (126,12) (125,17) (123,25) (122,28) (121,31) (119,37) (118,40) (117,43) (115,47) (109,59) (107,63) (106,64) (105,65) (103,67) (102,68) (101,69) (91,79) (90,80) (89,81) (87,83) (86,84) (85,85) (83,85) (77,85) (75,85) (53,85) (51,85) (45,85) (43,85) (42,84) (41,83) (39,81) (38,80) (37,79) (27,69) (26,68) (25,67) (23,65) (22,64) (21,63) (19,59) (13,47) (11,43) (10,40) (9,37) (7,31) (6,28) (5,25) (3,17) (2,12) (1,7) (0,0) (74,84) (54,84) (73,83) (55,83) (71,81) (57,81) (72,80) 
(128,0) (127,7) (126,12) (125,17) (123,25) (122,28) (121,31) (119,37) (118,40) (117,43) (115,47) (109,59) (107,63) (106,64) (105,65) (103,67) (102,68) (101,69) (91,79) (90,80) (89,81) (87,83) (86,84) (85,85) (83,85) (77,85) (75,85) (53,85) (51,85) (45,85) (43,85) (42,84) (41,83) (39,81) (38,80) (37,79) (27,69) (26,68) (25,67) (23,65) (22,64) (21,63) (19,59) (13,47) (11,43) (10,40) (9,37) (7,31) (6,28) (5,25) (3,17) (2,12) (1,7) (0,0) (82,84) (78,84) (81,83) (79,83) (80,80) 
(128,0) (127,7) (126,12) (125,17) (123,25) (122,28) (121,31) (119,37) (118,40) (117,43) (115,47) (109,59) (107,63) (106,64) (105,65) (103,67) (102,68) (101,69) (91,79) (90,80) (89,81) (87,83) (86,84) (85,85) (83,85) (77,85) (75,85) (53,85) (51,85) (45,85) (43,85) (42,84) (41,83) (39,81) (38,80) (37,79) (27,69) (26,68) (25,67) (23,65) (22,64) (21,63) (19,59) (13,47) (11,43) (10,40) (9,37) (7,31) (6,28) (5,25) (3,17) (2,12) (1,7) (0,0) (82,84) (78,84) (81,83) (79,83) (80,80) 
(128,0) (127,7) (126,12) (125,17) (123,25) (122,28) (121,31) (119,37) (118,40) (117,43) (115,47) (109,59) (107,63) (106,64) (105,65) (103,67) (102,68) (101,69) (91,79) (90,80) (89,81) (87,83) (86,84) (85,85) (83,85) (77,85) (75,85) (53,85) (51,85) (45,85) (43,85) (42,84) (41,83) (39,81) (38,80) (37,79) (27,69) (26,68) (25,67) (23,65) (22,64) (21,63) (19,59) (13,47) (11,43) (10,40) (9,37) (7,31) (6,28) (5,25) (3,17) (2,12) (1,7) (0,0) (100,68) (99,69) (93,75) (92,76) (98,68) (94,72) (97,67) (95,69) 
(128,0) (127,7) (126,12) (125,17) (123,25) (122,28) (121,31) (119,37) (118,40) (117,43) (115,47) (109,59) (107,63) (106,64) (105,65) (103,67) (102,68) (101,69) (91,79) (90,80) (89,81) (87,83) (86,84) (85,85) (83,85) (77,85) (75,85) (53,85) (51,85) (45,85) (43,85) (42,84) (41,83) (39,81) (38,80) (37,79) (27,69) (26,68) (25,67) (23,65) (22,64) (21,63) (19,59) (13,47) (11,43) (10,40) (9,37) (7,31) (6,28) (5,25) (3,17) (2,12) (1,7) (0,0) (100,68) (99,69) (93,75) (92,76) (98,68) (94,72) (97,67) (95,69) (96,64) 
(128,0) (127,7) (126,12) (125,17) (123,25) (122,28) (121,31) (119,37) (118,40) (117,43) (115,47) (109,59) (107,63) (106,64) (105,65) (103,67) (102,68) (101,69) (91,79) (90,80) (89,81) (87,83) (86,84) (85,85) (83,85) (77,85) (75,85) (53,85) (51,85) (45,85) (43,85) (42,84) (41,83) (39,81) (38,80) (37,79) (27,69) (26,68) (25,67) (23,65) (22,64) (21,63) (19,59) (13,47) (11,43) (10,40) (9,37) (7,31) (6,28) (5,25) (3,17) (2,12) (1,7) (0,0) (100,68) (99,69) (93,75) (92,76) (98,68) (94,72) (97,67) (95,69) 
(128,0) (127,7) (126,12) (125,17) (123,25) (122,28) (121,31) (119,37) (118,40) (117,43) (115,47) (109,59) (107,63) (106,64) (105,65) (103,67) (102,68) (101,69) (91,79) (90,80) (89,81) (87,83) (86,84) (85,85) (83,85) (77,85) (75,85) (53,85) (51,85) (45,85) (43,85) (42,84) (41,83) (39,81) (38,80) (37,79) (27,69) (26,68) (25,67) (23,65) (22,64) (21,63) (19,59) (13,47) (11,43) (10,40) (9,37) (7,31) (6,28) (5,25) (3,17) (2,12) (1,7) (0,0) (114,48) (110,56) (113,49) (111,53) (112,48) 
TD 5 :
(128,0) (127,7) (126,12) (125,17) (123,25) (122,28) (121,31) (119,37) (118,40) (117,43) (115,47) (109,59) (107,63) (106,64) (105,65) (103,67) (102,68) (101,69) (91,79) (90,80) (89,81) (87,83) (86,84) (85,85) (83,85) (77,85) (75,85) (53,85) (51,85) (45,85) (43,85) (42,84) (41,83) (39,81) (38,80) (37,79) (27,69) (26,68) (25,67) (23,65) (22,64) (21,63) (19,59) (13,47) (11,43) (10,40) (9,37) (7,31) (6,28) (5,25) (3,17) (2,12) (1,7) (0,0) (36,76) (35,75) (29,69) (28,68) (34,72) (30,68) (33,69) (31,67) (32,64) 
(128,0) (127,7) (126,12) (125,17) (123,25) (122,28) (121,31) (119,37) (118,40) (117,43) (115,47) (109,59) (107,63) (106,64) (105,65) (103,67) (102,68) (101,69) (91,79) (90,80) (89,81) (87,83) (86,84) (85,85) (83,85) (77,85) (75,85) (53,85) (51,85) (45,85) (43,85) (42,84) (41,83) (39,81) (38,80) (37,79) (27,69) (26,68) (25,67) (23,65) (22,64) (21,63) (19,59) (13,47) (11,43) (10,40) (9,37) (7,31) (6,28) (5,25) (3,17) (2,12) (1,7) (0,0) (74,84) (54,84) (73,83) (55,83) (71,81) (57,81) (56,80) 
(128,0) (127,7) (126,12) (125,17) (123,25) (122,28) (121,31) (119,37) (118,40) (117,43) (115,47) (109,59) (107,63) (106,64) (105,65) (103,67) (102,68) (101,69) (91,79) (90,80) (89,81) (87,83) (86,84) (85,85) (83,85) (77,85) (75,85) (53,85) (51,85) (45,85) (43,85) (42,84) (41,83) (39,81) (38,80) (37,79) (27,69) (26,68) (25,67) (23,65) (22,64) (21,63) (19,59) (13,47) (11,43) (10,40) (9,37) (7,31) (6,28) (5,25) (3,17) (2,12) (1,7) (0,0) (74,84) (54,84) (73,83) (55,83) (71,81) (57,81) (56,80) 
(128,0) (127,7) (126,12) (125,17) (123,25) (122,28) (121,31) (119,37) (118,40) (117,43) (115,47) (109,59) (107,63) (106,64) (105,65) (103,67) (102,68) (101,69) (91,79) (90,80) (89,81) (87,83) (86,84) (85,85) (83,85) (77,85) (75,85) (53,85) (51,85) (45,85) (43,85) (42,84) (41,83) (39,81) (38,80) (37,79) (27,69) (26,68) (25,67) (23,65) (22,64) (21,63) (19,59) (13,47) (11,43) (10,40) (9,37) (7,31) (6,28) (5,25) (3,17) (2,12) (1,7) (0,0) (74,84) (54,84) (73,83) (55,83) (71,81) (57,81) (70,80) (58,80) 
(128,0) (127,7) (126,12) (125,17) (123,25) (122,28) (121,31) (119,37) (118,40) (117,43) (115,47) (109,59) (107,63) (106,64) (105,65) (103,67) (102,68) (101,69) (91,79) (90,80) (89,81) (87,83) (86,84) (85,85) (83,85) (77,85) (75,85) (53,85) (51,85) (45,85) (43,85) (42,84) (41,83) (39,81) (38,80) (37,79) (27,69) (26,68) (25,67) (23,65) (22,64) (21,63) (19,59) (13,47) (11,43) (10,40) (9,37) (7,31) (6,28) (5,25) (3,17) (2,12) (1,7) (0,0) (74,84) (54,84) (73,83) (55,83) (71,81) (57,81) (70,80) (58,80) (59,79) (60,76) (61,75) (62,72) (63,69) (64,64) (65,69) (66,72) (67,75) (68,76) (69,79) 
(128,0) (127,7) (126,12) (125,17) (123,25) (122,28) (121,31) (119,37) (118,40) (117,43) (115,47) (109,59) (107,63) (106,64) (105,65) (103,67) (102,68) (101,69) (91,79) (90,80) (89,81) (87,83) (86,84) (85,85) (83,85) (77,85) (75,85) (53,85) (51,85) (45,85) (43,85) (42,84) (41,83) (39,81) (38,80) (37,79) (27,69) (26,68) (25,67) (23,65) (22,64) (21,63) (19,59) (13,47) (11,43) (10,40) (9,37) (7,31) (6,28) (5,25) (3,17) (2,12) (1,7) (0,0) (74,84) (54,84) (73,83) (55,83) (71,81) (57,81) (70,80) (58,80) 
(128,0) (127,7) (126,12) (125,17) (123,25) (122,28) (121,31) (119,37) (118,40) (117,43) (115,47) (109,59) (107,63) (106,64) (105,65) (103,67) (102,68) (101,69) (91,79) (90,80) (89,81) (87,83) (86,84) (85,85) (83,85) (77,85) (75,85) (53,85) (51,85) (45,85) (43,85) (42,84) (41,83) (39,81) (38,80) (37,79) (27,69) (26,68) (25,67) (23,65) (22,64) (21,63) (19,59) (13,47) (11,43) (10,40) (9,37) (7,31) (6,28) (5,25) (3,17) (2,12) (1,7) (0,0) (74,84) (54,84) (73,83) (55,83) (71,81) (57,81) (72,80) 
(128,0) (127,7) (126,12) (125,17) (123,25) (122,28) (121,31) (119,37) (118,40) (117,43) (115,47) (109,59) (107,63) (106,64) (105,65) (103,67) (102,68) (101,69) (91,79) (90,80) (89,81) (87,83) (86,84) (85,85) (83,85) (77,85) (75,85) (53,85) (51,85) (45,85) (43,85) (42,84) (41,83) (39,81) (38,80) (37,79) (27,69) (26,68) (25,67) (23,65) (22,64) (21,63) (19,59) (13,47) (11,43) (10,40) (9,37) (7,31) (6,28) (5,25) (3,17) (2,12) (1,7) (0,0) (74,84) (54,84) (73,83) (55,83) (71,81) (57,81) (72,80) 
(128,0) (127,7) (126,12) (125,17) (123,25) (122,28) (121,31) (119,37) (118,40) (117,43) (115,47) (109,59) (107,63) (106,64) (105,65) (103,67) (102,68) (101,69) (91,79) (90,80) (89,81) (87,83) (86,84) (85,85) (83,85) (77,85) (75,85) (53,85) (51,85) (45,85) (43,85) (42,84) (41,83) (39,81) (38,80) (37,79) (27,69) (26,68) (25,67) (23,65) (22,64) (21,63) (19,59) (13,47) (11,43) (10,40) (9,37) (7,31) (6,28) (5,25) (3,17) (2,12) (1,7) (0,0) (100,68) (99,69) (93,75) (92,76) (98,68) (94,72) (97,67) (95,69) (96,64) 
TD 6 :
(128,0) (127,7) (126,12) (125,17) (123,25) (122,28) (121,31) (119,37) (118,40) (117,43) (115,47) (109,59) (107,63) (106,64) (105,65) (103,67) (102,68) (101,69) (91,79) (90,80) (89,81) (87,83) (86,84) (85,85) (83,85) (77,85) (75,85) (53,85) (51,85) (45,85) (43,85) (42,84) (41,83) (39,81) (38,80) (37,79) (27,69) (26,68) (25,67) (23,65) (22,64) (21,63) (19,59) (13,47) (11,43) (10,40) (9,37) (7,31) (6,28) (5,25) (3,17) (2,12) (1,7) (0,0) (74,84) (54,84) (73,83) (55,83) (71,81) (57,81) (70,80) (58,80) (69,79) (59,79) (60,76) (61,75) (62,72) (63,69) (64,64) (65,69) (66,72) (67,75) (68,76) 
TD 7 :
(128,0) (127,7) (126,12) (125,17) (123,25) (122,28) (121,31) (119,37) (118,40) (117,43) (115,47) (109,59) (107,63) (106,64) (105,65) (103,67) (102,68) (101,69) (91,79) (90,80) (89,81) (87,83) (86,84) (85,85) (83,85) (77,85) (75,85) (53,85) (51,85) (45,85) (43,85) (42,84) (41,83) (39,81) (38,80) (37,79) (27,69) (26,68) (25,67) (23,65) (22,64) (21,63) (19,59) (13,47) (11,43) (10,40) (9,37) (7,31) (6,28) (5,25) (3,17) (2,12) (1,7) (0,0) (74,84) (54,84) (73,83) (55,83) (71,81) (57,81) (70,80) (58,80) (69,79) (59,79) (68,76) (60,76) (61,75) (62,72) (63,69) (64,64) (65,69) (66,72) (67,75) 
TD 8 :
(128,0) (127,7) (126,12) (125,17) (123,25) (122,28) (121,31) (119,37) (118,40) (117,43) (115,47) (109,59) (107,63) (106,64) (105,65) (103,67) (102,68) (101,69) (91,79) (90,80) (89,81) (87,83) (86,84) (85,85) (83,85) (77,85) (75,85) (53,85) (51,85) (45,85) (43,85) (42,84) (41,83) (39,81) (38,80) (37,79) (27,69) (26,68) (25,67) (23,65) (22,64) (21,63) (19,59) (13,47) (11,43) (10,40) (9,37) (7,31) (6,28) (5,25) (3,17) (2,12) (1,7) (0,0) (74,84) (54,84) (73,83) (55,83) (71,81) (57,81) (70,80) (58,80) (69,79) (59,79) (68,76) (60,76) (67,75) (61,75) (62,72) (63,69) (64,64) (65,69) (66,72) 
TD 9 :
(128,0) (127,7) (126,12) (125,17) (123,25) (122,28) (121,31) (119,37) (118,40) (117,43) (115,47) (109,59) (107,63) (106,64) (105,65) (103,67) (102,68) (101,69) (91,79) (90,80) (89,81) (87,83) (86,84) (85,85) (83,85) (77,85) (75,85) (53,85) (51,85) (45,85) (43,85) (42,84) (41,83) (39,81) (38,80) (37,79) (27,69) (26,68) (25,67) (23,65) (22,64) (21,63) (19,59) (13,47) (11,43) (10,40) (9,37) (7,31) (6,28) (5,25) (3,17) (2,12) (1,7) (0,0) (74,84) (54,84) (73,83) (55,83) (71,81) (57,81) (70,80) (58,80) (69,79) (59,79) (68,76) (60,76) (67,75) (61,75) (66,72) (62,72) (63,69) (64,64) (65,69) 
TD 10 :
(128,0) (127,7) (126,12) (125,17) (123,25) (122,28) (121,31) (119,37) (118,40) (117,43) (115,47) (109,59) (107,63) (106,64) (105,65) (103,67) (102,68) (101,69) (91,79) (90,80) (89,81) (87,83) (86,84) (85,85) (83,85) (77,85) (75,85) (53,85) (51,85) (45,85) (43,85) (42,84) (41,83) (39,81) (38,80) (37,79) (27,69) (26,68) (25,67) (23,65) (22,64) (21,63) (19,59) (13,47) (11,43) (10,40) (9,37) (7,31) (6,28) (5,25) (3,17) (2,12) (1,7) (0,0) (74,84) (54,84) (73,83) (55,83) (71,81) (57,81) (70,80) (58,80) (69,79) (59,79) (68,76) (60,76) (67,75) (61,75) (66,72) (62,72) (65,69) (63,69) (64,64) 
Pocket 0 :
()
Pocket 1 :
({  (0,0) ,(1,7) } {  (0,0) ,(1,7) } {  (0,0) ,(1,7) } {  (0,0) ,(1,7) } {  (0,0) ,(1,7) } {  (0,0) ,(1,7) } {  (0,0) ,(1,7) } {  (0,0) ,(1,7) } {  (0,0) ,(1,7) } {  (0,0) ,(1,7) } {  (0,0) ,(1,7) } {  (0,0) ,(1,7) } {  (0,0) ,(1,7) } {  (0,0) ,(1,7) } {  (0,0) ,(1,7) } {  (0,0) ,(1,7) } {  (0,0) ,(1,7) } {  (0,0) ,(1,7) } {  (0,0) ,(1,7) } {  (0,0) ,(1,7) } {  (0,0) ,(1,7) } {  (0,0) ,(1,7) } {  (0,0) ,(1,7) } {  (0,0) ,(1,7) } {  (0,0) ,(1,7) } {  (0,0) ,(1,7) } {  (0,0) ,(1,7) } {  (0,0) ,(1,7) } {  (0,0) ,(1,7) } {  (0,0) ,(1,7) } {  (0,0) ,(1,7) } {  (0,0) ,(1,7) } {  (0,0) ,(1,7) } {  (0,0) ,(1,7) } {  (0,0) ,(1,7) } {  (0,0) ,(1,7) } {  (0,0) ,(1,7) } {  (0,0) ,(1,7) } {  (0,0) ,(1,7) } {  (0,0) ,(1,7) } {  (0,0) ,(1,7) } {  (0,0) ,(1,7) } {  (0,0) ,(1,7) } {  (0,0) ,(1,7) } {  (0,0) ,(1,7) } {  (0,0) ,(1,7) } {  (0,0) ,(1,7) } {  (0,0) ,(1,7) } {  (0,0) ,(1,7) } {  (0,0) ,(1,7) } {  (0,0) ,(1,7) } {  (0,0) ,(1,7) } {  (0,0) ,(1,7) } {  (0,0) ,(1,7) } {  (0,0) ,(1,7) } {  (0,0) ,(1,7) } {  (0,0) ,(1,7) } {  (0,0) ,(1,7) } {  (0,0) ,(1,7) } {  (0,0) ,(1,7) } {  (0,0) ,(1,7) } {  (0,0) ,(1,7) } {  (0,0) ,(1,7) } {  (0,0) ,(1,7) } {  (0,0) ,(1,7) } {  (0,0) ,(1,7) } {  (0,0) ,(1,7) } {  (0,0) ,(1,7) } {  (0,0) ,(1,7) } {  (0,0) ,(1,7) } {  (0,0) ,(1,7) } {  (0,0) ,(1,7) } {  (0,0) ,(1,7) } {  (0,0) ,(1,7) } {  (0,0) ,(1,7) } {  (0,0) ,(1,7) } {  (0,0) ,(1,7) } {  (0,0) ,(1,7) } {  (0,0) ,(1,7) } {  (0,0) ,(1,7) } {  (0,0) ,(1,7) } {  (0,0) ,(1,7) } {  (0,0) ,(1,7) } {  (0,0) ,(1,7) } {  (0,0) ,(1,7) } {  (0,0) ,(1,7) } {  (0,0) ,(1,7) } {  (0,0) ,(1,7) } {  (0,0) ,(1,7) } {  (0,0) ,(1,7) } {  (0,0) ,(1,7) } {  (0,0) ,(1,7) } {  (0,0) ,(1,7) } {  (0,0) ,(1,7) } {  (0,0) ,(1,7) } {  (0,0) ,(1,7) } {  (0,0) ,(1,7) } {  (0,0) ,(1,7) } {  (0,0) ,(1,7) } {  (0,0) ,(1,7) } {  (0,0) ,(1,7) } {  (0,0) ,(1,7) } {  (0,0) ,(1,7) } {  (0,0) ,(1,7) } {  (0,0) ,(1,7) } {  (0,0) ,(1,7) } )
Pocket 2 :
({  (4,20) ,(0,0) } {  (128,0) ,(8,32) } {  (128,0) ,(8,32) } {  (128,0) ,(12,44) } {  (128,0) ,(12,44) } {  (15,49) ,(14,48) } {  (15,49) ,(14,48) } {  (15,49) ,(14,48) } {  (128,0) ,(20,60) } {  (128,0) ,(20,60) } {  (128,0) ,(24,64) } {  (128,0) ,(24,64) } {  (29,69) ,(28,68) } {  (29,69) ,(28,68) } {  (29,69) ,(28,68) } {  (29,69) ,(28,68) } {  (29,69) ,(28,68) } {  (128,0) ,(40,80) } {  (128,0) ,(40,80) } {  (128,0) ,(44,84) } {  (128,0) ,(44,84) } {  (47,83) ,(46,84) } {  (47,83) ,(46,84) } {  (47,83) ,(46,84) } {  (128,0) ,(52,84) } {  (128,0) ,(52,84) } {  (55,83) ,(54,84) } {  (55,83) ,(54,84) } {  (55,83) ,(54,84) } {  (128,0) ,(76,84) } {  (128,0) ,(76,84) } {  (79,83) ,(78,84) } {  (79,83) ,(78,84) } {  (79,83) ,(78,84) } {  (128,0) ,(84,84) } {  (128,0) ,(84,84) } {  (128,0) ,(88,80) } {  (128,0) ,(88,80) } {  (93,75) ,(92,76) } {  (93,75) ,(92,76) } {  (93,75) ,(92,76) } {  (93,75) ,(92,76) } {  (93,75) ,(92,76) } {  (128,0) ,(104,64) } {  (128,0) ,(104,64) } {  (128,0) ,(108,60) } {  (128,0) ,(108,60) } {  (111,53) ,(110,56) } {  (111,53) ,(110,56) } {  (111,53) ,(110,56) } {  (128,0) ,(116,44) } {  (128,0) ,(116,44) } {  (128,0) ,(120,32) } {  (128,0) ,(120,32) } {  (128,0) ,(124,20) } )
Pocket 3 :
({  (15,49) ,(14,48) } {  (128,0) ,(17,53) } {  (15,49) ,(14,48) } {  (128,0) ,(17,53) } {  (31,67) ,(30,68) } {  (31,67) ,(30,68) } {  (31,67) ,(30,68) } {  (48,80) ,(47,83) } {  (48,80) ,(47,83) } {  (48,80) ,(47,83) } {  (56,80) ,(55,83) } {  (56,80) ,(55,83) } {  (56,80) ,(55,83) } {  (80,80) ,(79,83) } {  (80,80) ,(79,83) } {  (80,80) ,(79,83) } {  (95,69) ,(94,72) } {  (95,69) ,(94,72) } {  (95,69) ,(94,72) } {  (112,48) ,(111,53) } {  (112,48) ,(111,53) } )
Pocket 4 :
({  (16,48) ,(15,49) } {  (32,64) ,(31,67) } {  (32,64) ,(31,67) } {  (32,64) ,(31,67) } {  (128,0) ,(48,80) } {  (128,0) ,(48,80) } {  (58,80) ,(57,81) } {  (58,80) ,(57,81) } {  (58,80) ,(57,81) } {  (128,0) ,(80,80) } {  (128,0) ,(80,80) } {  (96,64) ,(95,69) } {  (96,64) ,(95,69) } {  (96,64) ,(95,69) } {  (128,0) ,(112,48) } )
Pocket 5 :
({  (32,64) ,(31,67) } {  (128,0) ,(56,80) } {  (128,0) ,(56,80) } {  (59,79) ,(58,80) } {  (59,79) ,(58,80) } {  (59,79) ,(58,80) } {  (128,0) ,(72,80) } {  (128,0) ,(72,80) } {  (128,0) ,(96,64) } )
Pocket 6 :
({  (59,79) ,(58,80) } {  (128,0) ,(69,79) } )
Pocket 7 :
({  (60,76) ,(59,79) } {  (128,0) ,(68,76) } )
Pocket 8 :
({  (61,75) ,(60,76) } {  (128,0) ,(67,75) } )
Pocket 9 :
({  (62,72) ,(61,75) } {  (128,0) ,(66,72) } )
