4 layers in onion peeling: 
Layer 1
(36.0,-10.4087738879) (0.0,-6.3452270617) 
Layer 2
(29.6414048227,-28.1992095856) (3.02701061889,-16.046906675) 
Layer 3
(29.0781509674,-29.8021539742) (3.59663085726,-18.0317888962) 
Layer 4
(22.7890280043,-48.7269762907) (4.9557094125,-27.4356997029) 
---------------------------------------------------------------------------------------
TD 0 :
(36.0,-10.4087738879) (29.6414048227,-28.1992095856) (29.0781509674,-29.8021539742) (22.7890280043,-48.7269762907) (21.0581706759,-54.3874351327) (9.40501085089,-59.525087491) (4.9557094125,-27.4356997029) (3.59663085726,-18.0317888962) (3.02701061889,-16.046906675) (0.0,-6.3452270617) 
TD 1 :
(36.0,-10.4087738879) (0.0,-6.3452270617) (3.02701061889,-16.046906675) (3.59663085726,-18.0317888962) (4.9557094125,-27.4356997029) (9.40501085089,-59.525087491) (21.0581706759,-54.3874351327) (22.7890280043,-48.7269762907) (29.0781509674,-29.8021539742) (29.6414048227,-28.1992095856) 
TD 2 :
(36.0,-10.4087738879) (0.0,-6.3452270617) (29.6414048227,-28.1992095856) (3.02701061889,-16.046906675) (3.59663085726,-18.0317888962) (4.9557094125,-27.4356997029) (9.40501085089,-59.525087491) (21.0581706759,-54.3874351327) (22.7890280043,-48.7269762907) (29.0781509674,-29.8021539742) 
TD 3 :
(36.0,-10.4087738879) (0.0,-6.3452270617) (29.6414048227,-28.1992095856) (3.02701061889,-16.046906675) (29.0781509674,-29.8021539742) (3.59663085726,-18.0317888962) (4.9557094125,-27.4356997029) (9.40501085089,-59.525087491) (21.0581706759,-54.3874351327) (22.7890280043,-48.7269762907) 
TD 4 :
(36.0,-10.4087738879) (0.0,-6.3452270617) (29.6414048227,-28.1992095856) (3.02701061889,-16.046906675) (29.0781509674,-29.8021539742) (3.59663085726,-18.0317888962) (22.7890280043,-48.7269762907) (4.9557094125,-27.4356997029) (9.40501085089,-59.525087491) (21.0581706759,-54.3874351327) 
Pocket 0 :
()
Pocket 1 :
({  (0.0,-6.3452270617) ,(3.02701061889,-16.046906675) } {  (29.6414048227,-28.1992095856) ,(36.0,-10.4087738879) } )
Pocket 2 :
({  (3.02701061889,-16.046906675) ,(0.0,-6.3452270617) } {  (36.0,-10.4087738879) ,(29.6414048227,-28.1992095856) } )
Pocket 3 :
({  (3.59663085726,-18.0317888962) ,(3.02701061889,-16.046906675) } {  (36.0,-10.4087738879) ,(29.0781509674,-29.8021539742) } )
