4 layers in onion peeling: 
Layer 1
(36.0,-5.6514710844) (0.0,26.3546493369) 
Layer 2
(32.5620623763,-14.4000549025) (3.99830627813,-17.7613198087) 
Layer 3
(32.4873771799,-14.6197635796) (4.8149816175,-29.0128582) 
Layer 4
(29.2452605394,-24.3753215939) (5.28390669672,-71.1906952148) 
---------------------------------------------------------------------------------------
TD 0 :
(36.0,-5.6514710844) (32.5620623763,-14.4000549025) (32.4873771799,-14.6197635796) (29.2452605394,-24.3753215939) (27.0282749396,-31.0793689021) (23.4606049561,-43.2688653381) (5.28390669672,-71.1906952148) (4.8149816175,-29.0128582) (3.99830627813,-17.7613198087) (0.0,26.3546493369) 
TD 1 :
(36.0,-5.6514710844) (0.0,26.3546493369) (3.99830627813,-17.7613198087) (4.8149816175,-29.0128582) (5.28390669672,-71.1906952148) (23.4606049561,-43.2688653381) (27.0282749396,-31.0793689021) (29.2452605394,-24.3753215939) (32.4873771799,-14.6197635796) (32.5620623763,-14.4000549025) 
TD 2 :
(36.0,-5.6514710844) (0.0,26.3546493369) (32.5620623763,-14.4000549025) (3.99830627813,-17.7613198087) (4.8149816175,-29.0128582) (5.28390669672,-71.1906952148) (23.4606049561,-43.2688653381) (27.0282749396,-31.0793689021) (29.2452605394,-24.3753215939) (32.4873771799,-14.6197635796) 
TD 3 :
(36.0,-5.6514710844) (0.0,26.3546493369) (32.5620623763,-14.4000549025) (3.99830627813,-17.7613198087) (32.4873771799,-14.6197635796) (4.8149816175,-29.0128582) (5.28390669672,-71.1906952148) (23.4606049561,-43.2688653381) (27.0282749396,-31.0793689021) (29.2452605394,-24.3753215939) 
TD 4 :
(36.0,-5.6514710844) (0.0,26.3546493369) (32.5620623763,-14.4000549025) (3.99830627813,-17.7613198087) (32.4873771799,-14.6197635796) (4.8149816175,-29.0128582) (29.2452605394,-24.3753215939) (5.28390669672,-71.1906952148) (23.4606049561,-43.2688653381) (27.0282749396,-31.0793689021) 
Pocket 0 :
()
Pocket 1 :
({  (0.0,26.3546493369) ,(3.99830627813,-17.7613198087) } {  (32.5620623763,-14.4000549025) ,(36.0,-5.6514710844) } )
Pocket 2 :
({  (3.99830627813,-17.7613198087) ,(0.0,26.3546493369) } {  (36.0,-5.6514710844) ,(32.5620623763,-14.4000549025) } )
Pocket 3 :
({  (4.8149816175,-29.0128582) ,(3.99830627813,-17.7613198087) } {  (36.0,-5.6514710844) ,(32.4873771799,-14.6197635796) } )
