4 layers in onion peeling: 
Layer 1
(36.0,23.6059976172) (0.0,0.630753992545) 
Layer 2
(32.3541073521,-12.2209181985) (5.27273981627,-10.9700331387) 
Layer 3
(30.7079595451,-30.3981040353) (10.6966476938,-23.7237784863) 
Layer 4
(30.2552429325,-37.6351250304) (13.3493785861,-30.9188541976) 
---------------------------------------------------------------------------------------
TD 0 :
(36.0,23.6059976172) (32.3541073521,-12.2209181985) (30.7079595451,-30.3981040353) (30.2552429325,-37.6351250304) (15.3538148077,-52.6083496958) (14.6614580117,-34.8304541617) (13.3493785861,-30.9188541976) (10.6966476938,-23.7237784863) (5.27273981627,-10.9700331387) (0.0,0.630753992545) 
TD 1 :
(36.0,23.6059976172) (0.0,0.630753992545) (5.27273981627,-10.9700331387) (10.6966476938,-23.7237784863) (13.3493785861,-30.9188541976) (14.6614580117,-34.8304541617) (15.3538148077,-52.6083496958) (30.2552429325,-37.6351250304) (30.7079595451,-30.3981040353) (32.3541073521,-12.2209181985) 
TD 2 :
(36.0,23.6059976172) (0.0,0.630753992545) (32.3541073521,-12.2209181985) (5.27273981627,-10.9700331387) (10.6966476938,-23.7237784863) (13.3493785861,-30.9188541976) (14.6614580117,-34.8304541617) (15.3538148077,-52.6083496958) (30.2552429325,-37.6351250304) (30.7079595451,-30.3981040353) 
TD 3 :
(36.0,23.6059976172) (0.0,0.630753992545) (32.3541073521,-12.2209181985) (5.27273981627,-10.9700331387) (30.7079595451,-30.3981040353) (10.6966476938,-23.7237784863) (13.3493785861,-30.9188541976) (14.6614580117,-34.8304541617) (15.3538148077,-52.6083496958) (30.2552429325,-37.6351250304) 
TD 4 :
(36.0,23.6059976172) (0.0,0.630753992545) (32.3541073521,-12.2209181985) (5.27273981627,-10.9700331387) (30.7079595451,-30.3981040353) (10.6966476938,-23.7237784863) (30.2552429325,-37.6351250304) (13.3493785861,-30.9188541976) (14.6614580117,-34.8304541617) (15.3538148077,-52.6083496958) 
Pocket 0 :
()
Pocket 1 :
({  (0.0,0.630753992545) ,(5.27273981627,-10.9700331387) } {  (32.3541073521,-12.2209181985) ,(36.0,23.6059976172) } )
Pocket 2 :
({  (5.27273981627,-10.9700331387) ,(0.0,0.630753992545) } {  (36.0,23.6059976172) ,(32.3541073521,-12.2209181985) } )
Pocket 3 :
({  (10.6966476938,-23.7237784863) ,(5.27273981627,-10.9700331387) } {  (36.0,23.6059976172) ,(30.7079595451,-30.3981040353) } )
