4 layers in onion peeling: 
Layer 1
(36.0,-5.14793879416) (0.0,-13.5975570955) 
Layer 2
(32.5862254825,-19.1615482377) (8.39153012471,-41.4032012579) 
Layer 3
(32.5785189367,-19.1968421948) (8.54155882056,-42.1491953343) 
Layer 4
(31.0328705041,-29.3050698791) (9.28334441403,-47.8385218429) 
---------------------------------------------------------------------------------------
TD 0 :
(36.0,-5.14793879416) (32.5862254825,-19.1615482377) (32.5785189367,-19.1968421948) (31.0328705041,-29.3050698791) (30.6162517784,-33.5186192253) (11.2684675869,-63.7676776334) (9.28334441403,-47.8385218429) (8.54155882056,-42.1491953343) (8.39153012471,-41.4032012579) (0.0,-13.5975570955) 
TD 1 :
(36.0,-5.14793879416) (0.0,-13.5975570955) (8.39153012471,-41.4032012579) (8.54155882056,-42.1491953343) (9.28334441403,-47.8385218429) (11.2684675869,-63.7676776334) (30.6162517784,-33.5186192253) (31.0328705041,-29.3050698791) (32.5785189367,-19.1968421948) (32.5862254825,-19.1615482377) 
TD 2 :
(36.0,-5.14793879416) (0.0,-13.5975570955) (32.5862254825,-19.1615482377) (8.39153012471,-41.4032012579) (8.54155882056,-42.1491953343) (9.28334441403,-47.8385218429) (11.2684675869,-63.7676776334) (30.6162517784,-33.5186192253) (31.0328705041,-29.3050698791) (32.5785189367,-19.1968421948) 
TD 3 :
(36.0,-5.14793879416) (0.0,-13.5975570955) (32.5862254825,-19.1615482377) (8.39153012471,-41.4032012579) (32.5785189367,-19.1968421948) (8.54155882056,-42.1491953343) (9.28334441403,-47.8385218429) (11.2684675869,-63.7676776334) (30.6162517784,-33.5186192253) (31.0328705041,-29.3050698791) 
TD 4 :
(36.0,-5.14793879416) (0.0,-13.5975570955) (32.5862254825,-19.1615482377) (8.39153012471,-41.4032012579) (32.5785189367,-19.1968421948) (8.54155882056,-42.1491953343) (31.0328705041,-29.3050698791) (9.28334441403,-47.8385218429) (11.2684675869,-63.7676776334) (30.6162517784,-33.5186192253) 
Pocket 0 :
()
Pocket 1 :
({  (0.0,-13.5975570955) ,(8.39153012471,-41.4032012579) } {  (32.5862254825,-19.1615482377) ,(36.0,-5.14793879416) } )
Pocket 2 :
({  (8.39153012471,-41.4032012579) ,(0.0,-13.5975570955) } {  (36.0,-5.14793879416) ,(32.5862254825,-19.1615482377) } )
Pocket 3 :
({  (8.54155882056,-42.1491953343) ,(8.39153012471,-41.4032012579) } {  (36.0,-5.14793879416) ,(32.5785189367,-19.1968421948) } )
