4 layers in onion peeling: 
Layer 1
(36.0,39.9507027903) (0.0,25.1934006679) 
Layer 2
(32.2337880132,27.1405431323) (2.87256328236,18.4247103764) 
Layer 3
(29.7266200238,18.5627913377) (6.60072519471,9.49127493203) 
Layer 4
(27.6386952102,10.8289845646) (10.5023922935,0.0010963803039) 
---------------------------------------------------------------------------------------
TD 0 :
(36.0,39.9507027903) (32.2337880132,27.1405431323) (29.7266200238,18.5627913377) (27.6386952102,10.8289845646) (26.76560725,7.41065267226) (14.2322279022,-14.5031569983) (10.5023922935,0.0010963803039) (6.60072519471,9.49127493203) (2.87256328236,18.4247103764) (0.0,25.1934006679) 
TD 1 :
(36.0,39.9507027903) (0.0,25.1934006679) (2.87256328236,18.4247103764) (6.60072519471,9.49127493203) (10.5023922935,0.0010963803039) (14.2322279022,-14.5031569983) (26.76560725,7.41065267226) (27.6386952102,10.8289845646) (29.7266200238,18.5627913377) (32.2337880132,27.1405431323) 
TD 2 :
(36.0,39.9507027903) (0.0,25.1934006679) (32.2337880132,27.1405431323) (2.87256328236,18.4247103764) (6.60072519471,9.49127493203) (10.5023922935,0.0010963803039) (14.2322279022,-14.5031569983) (26.76560725,7.41065267226) (27.6386952102,10.8289845646) (29.7266200238,18.5627913377) 
TD 3 :
(36.0,39.9507027903) (0.0,25.1934006679) (32.2337880132,27.1405431323) (2.87256328236,18.4247103764) (29.7266200238,18.5627913377) (6.60072519471,9.49127493203) (10.5023922935,0.0010963803039) (14.2322279022,-14.5031569983) (26.76560725,7.41065267226) (27.6386952102,10.8289845646) 
TD 4 :
(36.0,39.9507027903) (0.0,25.1934006679) (32.2337880132,27.1405431323) (2.87256328236,18.4247103764) (29.7266200238,18.5627913377) (6.60072519471,9.49127493203) (27.6386952102,10.8289845646) (10.5023922935,0.0010963803039) (14.2322279022,-14.5031569983) (26.76560725,7.41065267226) 
Pocket 0 :
()
Pocket 1 :
({  (0.0,25.1934006679) ,(2.87256328236,18.4247103764) } {  (32.2337880132,27.1405431323) ,(36.0,39.9507027903) } )
Pocket 2 :
({  (2.87256328236,18.4247103764) ,(0.0,25.1934006679) } {  (36.0,39.9507027903) ,(32.2337880132,27.1405431323) } )
Pocket 3 :
({  (6.60072519471,9.49127493203) ,(2.87256328236,18.4247103764) } {  (36.0,39.9507027903) ,(29.7266200238,18.5627913377) } )
