4 layers in onion peeling: 
Layer 1
(36.0,18.6415345036) (0.0,0.0287587897751) 
Layer 2
(28.7174407145,-12.1008213556) (5.21909428265,-13.6144540886) 
Layer 3
(24.9514937364,-28.8626552503) (5.49935245133,-14.6008767027) 
Layer 4
(23.5708569565,-37.8776181738) (6.8957357169,-20.8194254984) 
---------------------------------------------------------------------------------------
TD 0 :
(36.0,18.6415345036) (28.7174407145,-12.1008213556) (24.9514937364,-28.8626552503) (23.5708569565,-37.8776181738) (9.46324902081,-45.1984428429) (8.02065891174,-26.0735007572) (6.8957357169,-20.8194254984) (5.49935245133,-14.6008767027) (5.21909428265,-13.6144540886) (0.0,0.0287587897751) 
TD 1 :
(36.0,18.6415345036) (0.0,0.0287587897751) (5.21909428265,-13.6144540886) (5.49935245133,-14.6008767027) (6.8957357169,-20.8194254984) (8.02065891174,-26.0735007572) (9.46324902081,-45.1984428429) (23.5708569565,-37.8776181738) (24.9514937364,-28.8626552503) (28.7174407145,-12.1008213556) 
TD 2 :
(36.0,18.6415345036) (0.0,0.0287587897751) (28.7174407145,-12.1008213556) (5.21909428265,-13.6144540886) (5.49935245133,-14.6008767027) (6.8957357169,-20.8194254984) (8.02065891174,-26.0735007572) (9.46324902081,-45.1984428429) (23.5708569565,-37.8776181738) (24.9514937364,-28.8626552503) 
TD 3 :
(36.0,18.6415345036) (0.0,0.0287587897751) (28.7174407145,-12.1008213556) (5.21909428265,-13.6144540886) (24.9514937364,-28.8626552503) (5.49935245133,-14.6008767027) (6.8957357169,-20.8194254984) (8.02065891174,-26.0735007572) (9.46324902081,-45.1984428429) (23.5708569565,-37.8776181738) 
TD 4 :
(36.0,18.6415345036) (0.0,0.0287587897751) (28.7174407145,-12.1008213556) (5.21909428265,-13.6144540886) (24.9514937364,-28.8626552503) (5.49935245133,-14.6008767027) (23.5708569565,-37.8776181738) (6.8957357169,-20.8194254984) (8.02065891174,-26.0735007572) (9.46324902081,-45.1984428429) 
Pocket 0 :
()
Pocket 1 :
({  (0.0,0.0287587897751) ,(5.21909428265,-13.6144540886) } {  (28.7174407145,-12.1008213556) ,(36.0,18.6415345036) } )
Pocket 2 :
({  (5.21909428265,-13.6144540886) ,(0.0,0.0287587897751) } {  (36.0,18.6415345036) ,(28.7174407145,-12.1008213556) } )
Pocket 3 :
({  (5.49935245133,-14.6008767027) ,(5.21909428265,-13.6144540886) } {  (36.0,18.6415345036) ,(24.9514937364,-28.8626552503) } )
