4 layers in onion peeling: 
Layer 1
(36.0,17.6951325135) (0.0,7.95021731145) 
Layer 2
(33.5408591624,12.9334606816) (3.35124619942,-13.0487978131) 
Layer 3
(31.8693912893,9.48079224959) (3.36600566093,-13.1457736072) 
Layer 4
(30.6162834044,5.97068052782) (3.65230001189,-35.9625078613) 
---------------------------------------------------------------------------------------
TD 0 :
(36.0,17.6951325135) (33.5408591624,12.9334606816) (31.8693912893,9.48079224959) (30.6162834044,5.97068052782) (30.362974079,5.22953969177) (28.965407015,0.817450387047) (3.65230001189,-35.9625078613) (3.36600566093,-13.1457736072) (3.35124619942,-13.0487978131) (0.0,7.95021731145) 
TD 1 :
(36.0,17.6951325135) (0.0,7.95021731145) (3.35124619942,-13.0487978131) (3.36600566093,-13.1457736072) (3.65230001189,-35.9625078613) (28.965407015,0.817450387047) (30.362974079,5.22953969177) (30.6162834044,5.97068052782) (31.8693912893,9.48079224959) (33.5408591624,12.9334606816) 
TD 2 :
(36.0,17.6951325135) (0.0,7.95021731145) (33.5408591624,12.9334606816) (3.35124619942,-13.0487978131) (3.36600566093,-13.1457736072) (3.65230001189,-35.9625078613) (28.965407015,0.817450387047) (30.362974079,5.22953969177) (30.6162834044,5.97068052782) (31.8693912893,9.48079224959) 
TD 3 :
(36.0,17.6951325135) (0.0,7.95021731145) (33.5408591624,12.9334606816) (3.35124619942,-13.0487978131) (31.8693912893,9.48079224959) (3.36600566093,-13.1457736072) (3.65230001189,-35.9625078613) (28.965407015,0.817450387047) (30.362974079,5.22953969177) (30.6162834044,5.97068052782) 
TD 4 :
(36.0,17.6951325135) (0.0,7.95021731145) (33.5408591624,12.9334606816) (3.35124619942,-13.0487978131) (31.8693912893,9.48079224959) (3.36600566093,-13.1457736072) (30.6162834044,5.97068052782) (3.65230001189,-35.9625078613) (28.965407015,0.817450387047) (30.362974079,5.22953969177) 
Pocket 0 :
()
Pocket 1 :
({  (0.0,7.95021731145) ,(3.35124619942,-13.0487978131) } {  (33.5408591624,12.9334606816) ,(36.0,17.6951325135) } )
Pocket 2 :
({  (3.35124619942,-13.0487978131) ,(0.0,7.95021731145) } {  (36.0,17.6951325135) ,(33.5408591624,12.9334606816) } )
Pocket 3 :
({  (3.36600566093,-13.1457736072) ,(3.35124619942,-13.0487978131) } {  (36.0,17.6951325135) ,(31.8693912893,9.48079224959) } )
