4 layers in onion peeling: 
Layer 1
(36.0,16.0978546998) (0.0,11.9086535834) 
Layer 2
(33.8005739791,12.018860777) (2.66256565458,-16.5204240467) 
Layer 3
(32.2709759199,9.04025702133) (2.92958563325,-20.1514575437) 
Layer 4
(30.9541036619,5.91586570368) (3.94117797913,-35.9642457554) 
---------------------------------------------------------------------------------------
TD 0 :
(36.0,16.0978546998) (33.8005739791,12.018860777) (32.2709759199,9.04025702133) (30.9541036619,5.91586570368) (27.4497972865,-3.43114363347) (27.1159295525,-5.30779509255) (3.94117797913,-35.9642457554) (2.92958563325,-20.1514575437) (2.66256565458,-16.5204240467) (0.0,11.9086535834) 
TD 1 :
(36.0,16.0978546998) (0.0,11.9086535834) (2.66256565458,-16.5204240467) (2.92958563325,-20.1514575437) (3.94117797913,-35.9642457554) (27.1159295525,-5.30779509255) (27.4497972865,-3.43114363347) (30.9541036619,5.91586570368) (32.2709759199,9.04025702133) (33.8005739791,12.018860777) 
TD 2 :
(36.0,16.0978546998) (0.0,11.9086535834) (33.8005739791,12.018860777) (2.66256565458,-16.5204240467) (2.92958563325,-20.1514575437) (3.94117797913,-35.9642457554) (27.1159295525,-5.30779509255) (27.4497972865,-3.43114363347) (30.9541036619,5.91586570368) (32.2709759199,9.04025702133) 
TD 3 :
(36.0,16.0978546998) (0.0,11.9086535834) (33.8005739791,12.018860777) (2.66256565458,-16.5204240467) (32.2709759199,9.04025702133) (2.92958563325,-20.1514575437) (3.94117797913,-35.9642457554) (27.1159295525,-5.30779509255) (27.4497972865,-3.43114363347) (30.9541036619,5.91586570368) 
TD 4 :
(36.0,16.0978546998) (0.0,11.9086535834) (33.8005739791,12.018860777) (2.66256565458,-16.5204240467) (32.2709759199,9.04025702133) (2.92958563325,-20.1514575437) (30.9541036619,5.91586570368) (3.94117797913,-35.9642457554) (27.1159295525,-5.30779509255) (27.4497972865,-3.43114363347) 
Pocket 0 :
()
Pocket 1 :
({  (0.0,11.9086535834) ,(2.66256565458,-16.5204240467) } {  (33.8005739791,12.018860777) ,(36.0,16.0978546998) } )
Pocket 2 :
({  (2.66256565458,-16.5204240467) ,(0.0,11.9086535834) } {  (36.0,16.0978546998) ,(33.8005739791,12.018860777) } )
Pocket 3 :
({  (2.92958563325,-20.1514575437) ,(2.66256565458,-16.5204240467) } {  (36.0,16.0978546998) ,(32.2709759199,9.04025702133) } )
