16 layers in onion peeling: 
Layer 1
(324.0,45.8339810797) (108.0,86.463161947) (36.0,98.0410566018) (0.0,60.9035991218) 
Layer 2
(317.071578948,-6.06262967772) (252.0,25.8593961589) (216.0,42.1405966869) (72.0,88.608746583) 
Layer 3
(315.488061448,-20.5639629938) (253.806211495,17.3960515513) (180.0,44.9773190704) (144.0,17.4023601659) 
Layer 4
(311.358631974,-62.1358335821) (288.0,-19.7785229616) (254.425593163,14.2457504232) (212.01423052,29.6629630778) (178.757401791,37.8218649313) (146.363268339,11.5678269226) 
Layer 5
(310.605967155,-81.526306562) (255.109558129,10.64115271) (211.949622347,27.9799349447) (177.178213233,28.4022230885) (148.566724435,5.98160634276) 
Layer 6
(295.812534463,-106.133841957) (294.963121315,-83.7685859672) (292.338422303,-54.5474119166) (255.8713632,6.57128376243) (211.945174579,27.8629774828) (185.493620853,27.7871204758) (177.09957321,23.7416999728) (149.683732028,2.97008465508) 
Layer 7
(283.865775817,-67.9866422767) (256.880388382,1.12919876934) (211.943240194,27.8079453848) (186.513802484,24.4752061962) (176.292398824,21.4769059362) (150.540077176,0.271518290245) 
Layer 8
(283.669699112,-70.6958816381) (256.883517785,1.11231860778) (211.932069635,27.4159730779) (176.318453965,21.1140459273) (154.042422131,-11.2255339606) 
Layer 9
(283.20801988,-77.6074068047) (258.130932802,-5.7585065082) (211.861989866,24.8139694178) (176.331224185,20.9336302393) (155.629561358,-17.9771363409) 
Layer 10
(264.496537023,-92.3362540779) (263.561299565,-63.3911206115) (262.682888402,-44.5813121023) (262.487904397,-40.6986667946) (262.335131732,-39.233829833) (261.852775215,-35.0819111636) (261.106587958,-28.8341750647) (260.978264595,-27.7792047624) (259.564309933,-16.286882365) (258.474730621,-8.10828698847) (258.38160831,-7.43062180371) (211.842830091,23.7546759891) (176.356208991,20.5602667318) (155.843358174,-19.6583734086) 
Layer 11
(211.724726513,15.8397977044) (210.030834836,23.3070404113) (177.059832239,20.4724971493) (176.385830575,20.1162617444) (176.08599556,19.8018143135) (158.020417169,-39.1547278311) 
Layer 12
(210.884893275,15.0859128551) (210.81130607,16.7583941949) (210.790437506,17.1764292913) (210.775673586,17.4561648248) (210.661718424,18.5799947048) (210.59041284,19.2707417963) (210.583560883,19.335425543) (210.53327623,19.7521015329) (210.522317789,19.841491074) (210.407996129,20.7330130672) (210.308534669,21.4422429173) (210.299938828,21.5035031147) (210.179457392,22.3440764534) (210.169184544,22.4148473318) (210.140359599,22.6032680296) (176.401052169,19.8791094617) (176.061862299,19.5857901539) (175.235637028,7.65937164538) 
Layer 13
(209.127329993,19.4189407939) (176.427809893,19.4493921557) 
Layer 14
(189.040275847,-1.73028983043) (187.60857303,19.015856302) (176.428234373,19.4424859449) 
Layer 15
(177.038944926,16.7239660174) (176.429435973,19.4226095923) 
Layer 16
(176.678491307,12.347959827) (176.677506405,12.5312558363) (176.595709061,16.0544468242) (176.590253718,16.2413785906) (176.586983506,16.3340959141) (176.57399427,16.6228773539) (176.513878079,17.9165960649) (176.503386251,18.1337023972) 
---------------------------------------------------------------------------------------
TD 0 :
(324.0,45.8339810797) (317.071578948,-6.06262967772) (315.488061448,-20.5639629938) (311.358631974,-62.1358335821) (310.605967155,-81.526306562) (295.812534463,-106.133841957) (294.963121315,-83.7685859672) (292.338422303,-54.5474119166) (288.0,-19.7785229616) (283.865775817,-67.9866422767) (283.669699112,-70.6958816381) (283.20801988,-77.6074068047) (264.496537023,-92.3362540779) (263.561299565,-63.3911206115) (262.682888402,-44.5813121023) (262.487904397,-40.6986667946) (262.335131732,-39.233829833) (261.852775215,-35.0819111636) (261.106587958,-28.8341750647) (260.978264595,-27.7792047624) (259.564309933,-16.286882365) (258.474730621,-8.10828698847) (258.38160831,-7.43062180371) (258.130932802,-5.7585065082) (256.883517785,1.11231860778) (256.880388382,1.12919876934) (255.8713632,6.57128376243) (255.109558129,10.64115271) (254.425593163,14.2457504232) (253.806211495,17.3960515513) (252.0,25.8593961589) (216.0,42.1405966869) (212.01423052,29.6629630778) (211.949622347,27.9799349447) (211.945174579,27.8629774828) (211.943240194,27.8079453848) (211.932069635,27.4159730779) (211.861989866,24.8139694178) (211.842830091,23.7546759891) (211.724726513,15.8397977044) (210.884893275,15.0859128551) (210.81130607,16.7583941949) (210.790437506,17.1764292913) (210.775673586,17.4561648248) (210.661718424,18.5799947048) (210.59041284,19.2707417963) (210.583560883,19.335425543) (210.53327623,19.7521015329) (210.522317789,19.841491074) (210.407996129,20.7330130672) (210.308534669,21.4422429173) (210.299938828,21.5035031147) (210.179457392,22.3440764534) (210.169184544,22.4148473318) (210.140359599,22.6032680296) (210.030834836,23.3070404113) (209.127329993,19.4189407939) (189.040275847,-1.73028983043) (187.60857303,19.015856302) (186.513802484,24.4752061962) (185.493620853,27.7871204758) (180.0,44.9773190704) (178.757401791,37.8218649313) (177.178213233,28.4022230885) (177.09957321,23.7416999728) (177.059832239,20.4724971493) (177.038944926,16.7239660174) (176.678491307,12.347959827) (176.677506405,12.5312558363) (176.595709061,16.0544468242) (176.590253718,16.2413785906) (176.586983506,16.3340959141) (176.57399427,16.6228773539) (176.513878079,17.9165960649) (176.503386251,18.1337023972) (176.429435973,19.4226095923) (176.428234373,19.4424859449) (176.427809893,19.4493921557) (176.401052169,19.8791094617) (176.385830575,20.1162617444) (176.356208991,20.5602667318) (176.331224185,20.9336302393) (176.318453965,21.1140459273) (176.292398824,21.4769059362) (176.08599556,19.8018143135) (176.061862299,19.5857901539) (175.235637028,7.65937164538) (158.020417169,-39.1547278311) (155.843358174,-19.6583734086) (155.629561358,-17.9771363409) (154.042422131,-11.2255339606) (150.540077176,0.271518290245) (149.683732028,2.97008465508) (148.566724435,5.98160634276) (146.363268339,11.5678269226) (144.0,17.4023601659) (108.0,86.463161947) (72.0,88.608746583) (36.0,98.0410566018) (0.0,60.9035991218) 
TD 1 :
(324.0,45.8339810797) (108.0,86.463161947) (36.0,98.0410566018) (0.0,60.9035991218) 
(324.0,45.8339810797) (108.0,86.463161947) (36.0,98.0410566018) (0.0,60.9035991218) (72.0,88.608746583) 
(324.0,45.8339810797) (108.0,86.463161947) (36.0,98.0410566018) (0.0,60.9035991218) (144.0,17.4023601659) (146.363268339,11.5678269226) (148.566724435,5.98160634276) (149.683732028,2.97008465508) (150.540077176,0.271518290245) (154.042422131,-11.2255339606) (155.629561358,-17.9771363409) (155.843358174,-19.6583734086) (158.020417169,-39.1547278311) (175.235637028,7.65937164538) (176.061862299,19.5857901539) (176.08599556,19.8018143135) (176.292398824,21.4769059362) (176.318453965,21.1140459273) (176.331224185,20.9336302393) (176.356208991,20.5602667318) (176.385830575,20.1162617444) (176.401052169,19.8791094617) (176.427809893,19.4493921557) (176.428234373,19.4424859449) (176.429435973,19.4226095923) (176.503386251,18.1337023972) (176.513878079,17.9165960649) (176.57399427,16.6228773539) (176.586983506,16.3340959141) (176.590253718,16.2413785906) (176.595709061,16.0544468242) (176.677506405,12.5312558363) (176.678491307,12.347959827) (177.038944926,16.7239660174) (177.059832239,20.4724971493) (177.09957321,23.7416999728) (177.178213233,28.4022230885) (178.757401791,37.8218649313) (180.0,44.9773190704) (185.493620853,27.7871204758) (186.513802484,24.4752061962) (187.60857303,19.015856302) (189.040275847,-1.73028983043) (209.127329993,19.4189407939) (210.030834836,23.3070404113) (210.140359599,22.6032680296) (210.169184544,22.4148473318) (210.179457392,22.3440764534) (210.299938828,21.5035031147) (210.308534669,21.4422429173) (210.407996129,20.7330130672) (210.522317789,19.841491074) (210.53327623,19.7521015329) (210.583560883,19.335425543) (210.59041284,19.2707417963) (210.661718424,18.5799947048) (210.775673586,17.4561648248) (210.790437506,17.1764292913) (210.81130607,16.7583941949) (210.884893275,15.0859128551) (211.724726513,15.8397977044) (211.842830091,23.7546759891) (211.861989866,24.8139694178) (211.932069635,27.4159730779) (211.943240194,27.8079453848) (211.945174579,27.8629774828) (211.949622347,27.9799349447) (212.01423052,29.6629630778) (216.0,42.1405966869) (252.0,25.8593961589) (253.806211495,17.3960515513) (254.425593163,14.2457504232) (255.109558129,10.64115271) (255.8713632,6.57128376243) (256.880388382,1.12919876934) (256.883517785,1.11231860778) (258.130932802,-5.7585065082) (258.38160831,-7.43062180371) (258.474730621,-8.10828698847) (259.564309933,-16.286882365) (260.978264595,-27.7792047624) (261.106587958,-28.8341750647) (261.852775215,-35.0819111636) (262.335131732,-39.233829833) (262.487904397,-40.6986667946) (262.682888402,-44.5813121023) (263.561299565,-63.3911206115) (264.496537023,-92.3362540779) (283.20801988,-77.6074068047) (283.669699112,-70.6958816381) (283.865775817,-67.9866422767) (288.0,-19.7785229616) (292.338422303,-54.5474119166) (294.963121315,-83.7685859672) (295.812534463,-106.133841957) (310.605967155,-81.526306562) (311.358631974,-62.1358335821) (315.488061448,-20.5639629938) (317.071578948,-6.06262967772) 
TD 2 :
(324.0,45.8339810797) (108.0,86.463161947) (36.0,98.0410566018) (0.0,60.9035991218) (72.0,88.608746583) 
(324.0,45.8339810797) (108.0,86.463161947) (36.0,98.0410566018) (0.0,60.9035991218) (317.071578948,-6.06262967772) (252.0,25.8593961589) (216.0,42.1405966869) (144.0,17.4023601659) (146.363268339,11.5678269226) (148.566724435,5.98160634276) (149.683732028,2.97008465508) (150.540077176,0.271518290245) (154.042422131,-11.2255339606) (155.629561358,-17.9771363409) (155.843358174,-19.6583734086) (158.020417169,-39.1547278311) (175.235637028,7.65937164538) (176.061862299,19.5857901539) (176.08599556,19.8018143135) (176.292398824,21.4769059362) (176.318453965,21.1140459273) (176.331224185,20.9336302393) (176.356208991,20.5602667318) (176.385830575,20.1162617444) (176.401052169,19.8791094617) (176.427809893,19.4493921557) (176.428234373,19.4424859449) (176.429435973,19.4226095923) (176.503386251,18.1337023972) (176.513878079,17.9165960649) (176.57399427,16.6228773539) (176.586983506,16.3340959141) (176.590253718,16.2413785906) (176.595709061,16.0544468242) (176.677506405,12.5312558363) (176.678491307,12.347959827) (177.038944926,16.7239660174) (177.059832239,20.4724971493) (177.09957321,23.7416999728) (177.178213233,28.4022230885) (178.757401791,37.8218649313) (180.0,44.9773190704) (185.493620853,27.7871204758) (186.513802484,24.4752061962) (187.60857303,19.015856302) (189.040275847,-1.73028983043) (209.127329993,19.4189407939) (210.030834836,23.3070404113) (210.140359599,22.6032680296) (210.169184544,22.4148473318) (210.179457392,22.3440764534) (210.299938828,21.5035031147) (210.308534669,21.4422429173) (210.407996129,20.7330130672) (210.522317789,19.841491074) (210.53327623,19.7521015329) (210.583560883,19.335425543) (210.59041284,19.2707417963) (210.661718424,18.5799947048) (210.775673586,17.4561648248) (210.790437506,17.1764292913) (210.81130607,16.7583941949) (210.884893275,15.0859128551) (211.724726513,15.8397977044) (211.842830091,23.7546759891) (211.861989866,24.8139694178) (211.932069635,27.4159730779) (211.943240194,27.8079453848) (211.945174579,27.8629774828) (211.949622347,27.9799349447) (212.01423052,29.6629630778) 
(324.0,45.8339810797) (108.0,86.463161947) (36.0,98.0410566018) (0.0,60.9035991218) (317.071578948,-6.06262967772) (252.0,25.8593961589) (216.0,42.1405966869) 
(324.0,45.8339810797) (108.0,86.463161947) (36.0,98.0410566018) (0.0,60.9035991218) (317.071578948,-6.06262967772) (252.0,25.8593961589) (216.0,42.1405966869) (253.806211495,17.3960515513) (254.425593163,14.2457504232) (255.109558129,10.64115271) (255.8713632,6.57128376243) (256.880388382,1.12919876934) (256.883517785,1.11231860778) (258.130932802,-5.7585065082) (258.38160831,-7.43062180371) (258.474730621,-8.10828698847) (259.564309933,-16.286882365) (260.978264595,-27.7792047624) (261.106587958,-28.8341750647) (261.852775215,-35.0819111636) (262.335131732,-39.233829833) (262.487904397,-40.6986667946) (262.682888402,-44.5813121023) (263.561299565,-63.3911206115) (264.496537023,-92.3362540779) (283.20801988,-77.6074068047) (283.669699112,-70.6958816381) (283.865775817,-67.9866422767) (288.0,-19.7785229616) (292.338422303,-54.5474119166) (294.963121315,-83.7685859672) (295.812534463,-106.133841957) (310.605967155,-81.526306562) (311.358631974,-62.1358335821) (315.488061448,-20.5639629938) 
TD 3 :
(324.0,45.8339810797) (108.0,86.463161947) (36.0,98.0410566018) (0.0,60.9035991218) (317.071578948,-6.06262967772) (252.0,25.8593961589) (216.0,42.1405966869) (180.0,44.9773190704) (144.0,17.4023601659) (146.363268339,11.5678269226) (148.566724435,5.98160634276) (149.683732028,2.97008465508) (150.540077176,0.271518290245) (154.042422131,-11.2255339606) (155.629561358,-17.9771363409) (155.843358174,-19.6583734086) (158.020417169,-39.1547278311) (175.235637028,7.65937164538) (176.061862299,19.5857901539) (176.08599556,19.8018143135) (176.292398824,21.4769059362) (176.318453965,21.1140459273) (176.331224185,20.9336302393) (176.356208991,20.5602667318) (176.385830575,20.1162617444) (176.401052169,19.8791094617) (176.427809893,19.4493921557) (176.428234373,19.4424859449) (176.429435973,19.4226095923) (176.503386251,18.1337023972) (176.513878079,17.9165960649) (176.57399427,16.6228773539) (176.586983506,16.3340959141) (176.590253718,16.2413785906) (176.595709061,16.0544468242) (176.677506405,12.5312558363) (176.678491307,12.347959827) (177.038944926,16.7239660174) (177.059832239,20.4724971493) (177.09957321,23.7416999728) (177.178213233,28.4022230885) (178.757401791,37.8218649313) 
(324.0,45.8339810797) (108.0,86.463161947) (36.0,98.0410566018) (0.0,60.9035991218) (317.071578948,-6.06262967772) (252.0,25.8593961589) (216.0,42.1405966869) (180.0,44.9773190704) (144.0,17.4023601659) (185.493620853,27.7871204758) (186.513802484,24.4752061962) (187.60857303,19.015856302) (189.040275847,-1.73028983043) (209.127329993,19.4189407939) (210.030834836,23.3070404113) (210.140359599,22.6032680296) (210.169184544,22.4148473318) (210.179457392,22.3440764534) (210.299938828,21.5035031147) (210.308534669,21.4422429173) (210.407996129,20.7330130672) (210.522317789,19.841491074) (210.53327623,19.7521015329) (210.583560883,19.335425543) (210.59041284,19.2707417963) (210.661718424,18.5799947048) (210.775673586,17.4561648248) (210.790437506,17.1764292913) (210.81130607,16.7583941949) (210.884893275,15.0859128551) (211.724726513,15.8397977044) (211.842830091,23.7546759891) (211.861989866,24.8139694178) (211.932069635,27.4159730779) (211.943240194,27.8079453848) (211.945174579,27.8629774828) (211.949622347,27.9799349447) (212.01423052,29.6629630778) 
(324.0,45.8339810797) (108.0,86.463161947) (36.0,98.0410566018) (0.0,60.9035991218) (317.071578948,-6.06262967772) (252.0,25.8593961589) (216.0,42.1405966869) (315.488061448,-20.5639629938) (253.806211495,17.3960515513) 
(324.0,45.8339810797) (108.0,86.463161947) (36.0,98.0410566018) (0.0,60.9035991218) (317.071578948,-6.06262967772) (252.0,25.8593961589) (216.0,42.1405966869) (315.488061448,-20.5639629938) (253.806211495,17.3960515513) (254.425593163,14.2457504232) (255.109558129,10.64115271) (255.8713632,6.57128376243) (256.880388382,1.12919876934) (256.883517785,1.11231860778) (258.130932802,-5.7585065082) (258.38160831,-7.43062180371) (258.474730621,-8.10828698847) (259.564309933,-16.286882365) (260.978264595,-27.7792047624) (261.106587958,-28.8341750647) (261.852775215,-35.0819111636) (262.335131732,-39.233829833) (262.487904397,-40.6986667946) (262.682888402,-44.5813121023) (263.561299565,-63.3911206115) (264.496537023,-92.3362540779) (283.20801988,-77.6074068047) (283.669699112,-70.6958816381) (283.865775817,-67.9866422767) (288.0,-19.7785229616) (292.338422303,-54.5474119166) (294.963121315,-83.7685859672) (295.812534463,-106.133841957) (310.605967155,-81.526306562) (311.358631974,-62.1358335821) 
TD 4 :
(324.0,45.8339810797) (108.0,86.463161947) (36.0,98.0410566018) (0.0,60.9035991218) (317.071578948,-6.06262967772) (252.0,25.8593961589) (216.0,42.1405966869) (180.0,44.9773190704) (144.0,17.4023601659) (178.757401791,37.8218649313) (146.363268339,11.5678269226) (148.566724435,5.98160634276) (149.683732028,2.97008465508) (150.540077176,0.271518290245) (154.042422131,-11.2255339606) (155.629561358,-17.9771363409) (155.843358174,-19.6583734086) (158.020417169,-39.1547278311) (175.235637028,7.65937164538) (176.061862299,19.5857901539) (176.08599556,19.8018143135) (176.292398824,21.4769059362) (176.318453965,21.1140459273) (176.331224185,20.9336302393) (176.356208991,20.5602667318) (176.385830575,20.1162617444) (176.401052169,19.8791094617) (176.427809893,19.4493921557) (176.428234373,19.4424859449) (176.429435973,19.4226095923) (176.503386251,18.1337023972) (176.513878079,17.9165960649) (176.57399427,16.6228773539) (176.586983506,16.3340959141) (176.590253718,16.2413785906) (176.595709061,16.0544468242) (176.677506405,12.5312558363) (176.678491307,12.347959827) (177.038944926,16.7239660174) (177.059832239,20.4724971493) (177.09957321,23.7416999728) (177.178213233,28.4022230885) 
(324.0,45.8339810797) (108.0,86.463161947) (36.0,98.0410566018) (0.0,60.9035991218) (317.071578948,-6.06262967772) (252.0,25.8593961589) (216.0,42.1405966869) (180.0,44.9773190704) (144.0,17.4023601659) (178.757401791,37.8218649313) (146.363268339,11.5678269226) 
(324.0,45.8339810797) (108.0,86.463161947) (36.0,98.0410566018) (0.0,60.9035991218) (317.071578948,-6.06262967772) (252.0,25.8593961589) (216.0,42.1405966869) (180.0,44.9773190704) (144.0,17.4023601659) (212.01423052,29.6629630778) (185.493620853,27.7871204758) (186.513802484,24.4752061962) (187.60857303,19.015856302) (189.040275847,-1.73028983043) (209.127329993,19.4189407939) (210.030834836,23.3070404113) (210.140359599,22.6032680296) (210.169184544,22.4148473318) (210.179457392,22.3440764534) (210.299938828,21.5035031147) (210.308534669,21.4422429173) (210.407996129,20.7330130672) (210.522317789,19.841491074) (210.53327623,19.7521015329) (210.583560883,19.335425543) (210.59041284,19.2707417963) (210.661718424,18.5799947048) (210.775673586,17.4561648248) (210.790437506,17.1764292913) (210.81130607,16.7583941949) (210.884893275,15.0859128551) (211.724726513,15.8397977044) (211.842830091,23.7546759891) (211.861989866,24.8139694178) (211.932069635,27.4159730779) (211.943240194,27.8079453848) (211.945174579,27.8629774828) (211.949622347,27.9799349447) 
(324.0,45.8339810797) (108.0,86.463161947) (36.0,98.0410566018) (0.0,60.9035991218) (317.071578948,-6.06262967772) (252.0,25.8593961589) (216.0,42.1405966869) (180.0,44.9773190704) (144.0,17.4023601659) (212.01423052,29.6629630778) 
(324.0,45.8339810797) (108.0,86.463161947) (36.0,98.0410566018) (0.0,60.9035991218) (317.071578948,-6.06262967772) (252.0,25.8593961589) (216.0,42.1405966869) (315.488061448,-20.5639629938) (253.806211495,17.3960515513) (311.358631974,-62.1358335821) (288.0,-19.7785229616) (254.425593163,14.2457504232) 
(324.0,45.8339810797) (108.0,86.463161947) (36.0,98.0410566018) (0.0,60.9035991218) (317.071578948,-6.06262967772) (252.0,25.8593961589) (216.0,42.1405966869) (315.488061448,-20.5639629938) (253.806211495,17.3960515513) (311.358631974,-62.1358335821) (288.0,-19.7785229616) (254.425593163,14.2457504232) (255.109558129,10.64115271) (255.8713632,6.57128376243) (256.880388382,1.12919876934) (256.883517785,1.11231860778) (258.130932802,-5.7585065082) (258.38160831,-7.43062180371) (258.474730621,-8.10828698847) (259.564309933,-16.286882365) (260.978264595,-27.7792047624) (261.106587958,-28.8341750647) (261.852775215,-35.0819111636) (262.335131732,-39.233829833) (262.487904397,-40.6986667946) (262.682888402,-44.5813121023) (263.561299565,-63.3911206115) (264.496537023,-92.3362540779) (283.20801988,-77.6074068047) (283.669699112,-70.6958816381) (283.865775817,-67.9866422767) 
(324.0,45.8339810797) (108.0,86.463161947) (36.0,98.0410566018) (0.0,60.9035991218) (317.071578948,-6.06262967772) (252.0,25.8593961589) (216.0,42.1405966869) (315.488061448,-20.5639629938) (253.806211495,17.3960515513) (311.358631974,-62.1358335821) (288.0,-19.7785229616) (254.425593163,14.2457504232) (292.338422303,-54.5474119166) (294.963121315,-83.7685859672) (295.812534463,-106.133841957) (310.605967155,-81.526306562) 
TD 5 :
(324.0,45.8339810797) (108.0,86.463161947) (36.0,98.0410566018) (0.0,60.9035991218) (317.071578948,-6.06262967772) (252.0,25.8593961589) (216.0,42.1405966869) (180.0,44.9773190704) (144.0,17.4023601659) (178.757401791,37.8218649313) (146.363268339,11.5678269226) (177.178213233,28.4022230885) (148.566724435,5.98160634276) (149.683732028,2.97008465508) (150.540077176,0.271518290245) (154.042422131,-11.2255339606) (155.629561358,-17.9771363409) (155.843358174,-19.6583734086) (158.020417169,-39.1547278311) (175.235637028,7.65937164538) (176.061862299,19.5857901539) (176.08599556,19.8018143135) (176.292398824,21.4769059362) (176.318453965,21.1140459273) (176.331224185,20.9336302393) (176.356208991,20.5602667318) (176.385830575,20.1162617444) (176.401052169,19.8791094617) (176.427809893,19.4493921557) (176.428234373,19.4424859449) (176.429435973,19.4226095923) (176.503386251,18.1337023972) (176.513878079,17.9165960649) (176.57399427,16.6228773539) (176.586983506,16.3340959141) (176.590253718,16.2413785906) (176.595709061,16.0544468242) (176.677506405,12.5312558363) (176.678491307,12.347959827) (177.038944926,16.7239660174) (177.059832239,20.4724971493) (177.09957321,23.7416999728) 
(324.0,45.8339810797) (108.0,86.463161947) (36.0,98.0410566018) (0.0,60.9035991218) (317.071578948,-6.06262967772) (252.0,25.8593961589) (216.0,42.1405966869) (180.0,44.9773190704) (144.0,17.4023601659) (178.757401791,37.8218649313) (146.363268339,11.5678269226) (177.178213233,28.4022230885) (148.566724435,5.98160634276) 
(324.0,45.8339810797) (108.0,86.463161947) (36.0,98.0410566018) (0.0,60.9035991218) (317.071578948,-6.06262967772) (252.0,25.8593961589) (216.0,42.1405966869) (180.0,44.9773190704) (144.0,17.4023601659) (212.01423052,29.6629630778) (211.949622347,27.9799349447) (185.493620853,27.7871204758) (186.513802484,24.4752061962) (187.60857303,19.015856302) (189.040275847,-1.73028983043) (209.127329993,19.4189407939) (210.030834836,23.3070404113) (210.140359599,22.6032680296) (210.169184544,22.4148473318) (210.179457392,22.3440764534) (210.299938828,21.5035031147) (210.308534669,21.4422429173) (210.407996129,20.7330130672) (210.522317789,19.841491074) (210.53327623,19.7521015329) (210.583560883,19.335425543) (210.59041284,19.2707417963) (210.661718424,18.5799947048) (210.775673586,17.4561648248) (210.790437506,17.1764292913) (210.81130607,16.7583941949) (210.884893275,15.0859128551) (211.724726513,15.8397977044) (211.842830091,23.7546759891) (211.861989866,24.8139694178) (211.932069635,27.4159730779) (211.943240194,27.8079453848) (211.945174579,27.8629774828) 
(324.0,45.8339810797) (108.0,86.463161947) (36.0,98.0410566018) (0.0,60.9035991218) (317.071578948,-6.06262967772) (252.0,25.8593961589) (216.0,42.1405966869) (180.0,44.9773190704) (144.0,17.4023601659) (212.01423052,29.6629630778) (211.949622347,27.9799349447) 
(324.0,45.8339810797) (108.0,86.463161947) (36.0,98.0410566018) (0.0,60.9035991218) (317.071578948,-6.06262967772) (252.0,25.8593961589) (216.0,42.1405966869) (315.488061448,-20.5639629938) (253.806211495,17.3960515513) (311.358631974,-62.1358335821) (288.0,-19.7785229616) (254.425593163,14.2457504232) (255.109558129,10.64115271) 
(324.0,45.8339810797) (108.0,86.463161947) (36.0,98.0410566018) (0.0,60.9035991218) (317.071578948,-6.06262967772) (252.0,25.8593961589) (216.0,42.1405966869) (315.488061448,-20.5639629938) (253.806211495,17.3960515513) (311.358631974,-62.1358335821) (288.0,-19.7785229616) (254.425593163,14.2457504232) (255.109558129,10.64115271) (255.8713632,6.57128376243) (256.880388382,1.12919876934) (256.883517785,1.11231860778) (258.130932802,-5.7585065082) (258.38160831,-7.43062180371) (258.474730621,-8.10828698847) (259.564309933,-16.286882365) (260.978264595,-27.7792047624) (261.106587958,-28.8341750647) (261.852775215,-35.0819111636) (262.335131732,-39.233829833) (262.487904397,-40.6986667946) (262.682888402,-44.5813121023) (263.561299565,-63.3911206115) (264.496537023,-92.3362540779) (283.20801988,-77.6074068047) (283.669699112,-70.6958816381) (283.865775817,-67.9866422767) 
(324.0,45.8339810797) (108.0,86.463161947) (36.0,98.0410566018) (0.0,60.9035991218) (317.071578948,-6.06262967772) (252.0,25.8593961589) (216.0,42.1405966869) (315.488061448,-20.5639629938) (253.806211495,17.3960515513) (311.358631974,-62.1358335821) (288.0,-19.7785229616) (254.425593163,14.2457504232) (310.605967155,-81.526306562) (292.338422303,-54.5474119166) (294.963121315,-83.7685859672) (295.812534463,-106.133841957) 
TD 6 :
(324.0,45.8339810797) (108.0,86.463161947) (36.0,98.0410566018) (0.0,60.9035991218) (317.071578948,-6.06262967772) (252.0,25.8593961589) (216.0,42.1405966869) (180.0,44.9773190704) (144.0,17.4023601659) (178.757401791,37.8218649313) (146.363268339,11.5678269226) (177.178213233,28.4022230885) (148.566724435,5.98160634276) (177.09957321,23.7416999728) (149.683732028,2.97008465508) (150.540077176,0.271518290245) (154.042422131,-11.2255339606) (155.629561358,-17.9771363409) (155.843358174,-19.6583734086) (158.020417169,-39.1547278311) (175.235637028,7.65937164538) (176.061862299,19.5857901539) (176.08599556,19.8018143135) (176.292398824,21.4769059362) (176.318453965,21.1140459273) (176.331224185,20.9336302393) (176.356208991,20.5602667318) (176.385830575,20.1162617444) (176.401052169,19.8791094617) (176.427809893,19.4493921557) (176.428234373,19.4424859449) (176.429435973,19.4226095923) (176.503386251,18.1337023972) (176.513878079,17.9165960649) (176.57399427,16.6228773539) (176.586983506,16.3340959141) (176.590253718,16.2413785906) (176.595709061,16.0544468242) (176.677506405,12.5312558363) (176.678491307,12.347959827) (177.038944926,16.7239660174) (177.059832239,20.4724971493) 
(324.0,45.8339810797) (108.0,86.463161947) (36.0,98.0410566018) (0.0,60.9035991218) (317.071578948,-6.06262967772) (252.0,25.8593961589) (216.0,42.1405966869) (180.0,44.9773190704) (144.0,17.4023601659) (178.757401791,37.8218649313) (146.363268339,11.5678269226) (177.178213233,28.4022230885) (148.566724435,5.98160634276) (177.09957321,23.7416999728) (149.683732028,2.97008465508) 
(324.0,45.8339810797) (108.0,86.463161947) (36.0,98.0410566018) (0.0,60.9035991218) (317.071578948,-6.06262967772) (252.0,25.8593961589) (216.0,42.1405966869) (180.0,44.9773190704) (144.0,17.4023601659) (212.01423052,29.6629630778) (211.949622347,27.9799349447) (211.945174579,27.8629774828) (185.493620853,27.7871204758) 
(324.0,45.8339810797) (108.0,86.463161947) (36.0,98.0410566018) (0.0,60.9035991218) (317.071578948,-6.06262967772) (252.0,25.8593961589) (216.0,42.1405966869) (180.0,44.9773190704) (144.0,17.4023601659) (212.01423052,29.6629630778) (211.949622347,27.9799349447) (211.945174579,27.8629774828) (185.493620853,27.7871204758) (186.513802484,24.4752061962) (187.60857303,19.015856302) (189.040275847,-1.73028983043) (209.127329993,19.4189407939) (210.030834836,23.3070404113) (210.140359599,22.6032680296) (210.169184544,22.4148473318) (210.179457392,22.3440764534) (210.299938828,21.5035031147) (210.308534669,21.4422429173) (210.407996129,20.7330130672) (210.522317789,19.841491074) (210.53327623,19.7521015329) (210.583560883,19.335425543) (210.59041284,19.2707417963) (210.661718424,18.5799947048) (210.775673586,17.4561648248) (210.790437506,17.1764292913) (210.81130607,16.7583941949) (210.884893275,15.0859128551) (211.724726513,15.8397977044) (211.842830091,23.7546759891) (211.861989866,24.8139694178) (211.932069635,27.4159730779) (211.943240194,27.8079453848) 
(324.0,45.8339810797) (108.0,86.463161947) (36.0,98.0410566018) (0.0,60.9035991218) (317.071578948,-6.06262967772) (252.0,25.8593961589) (216.0,42.1405966869) (180.0,44.9773190704) (144.0,17.4023601659) (212.01423052,29.6629630778) (211.949622347,27.9799349447) (211.945174579,27.8629774828) (185.493620853,27.7871204758) 
(324.0,45.8339810797) (108.0,86.463161947) (36.0,98.0410566018) (0.0,60.9035991218) (317.071578948,-6.06262967772) (252.0,25.8593961589) (216.0,42.1405966869) (315.488061448,-20.5639629938) (253.806211495,17.3960515513) (311.358631974,-62.1358335821) (288.0,-19.7785229616) (254.425593163,14.2457504232) (255.109558129,10.64115271) (255.8713632,6.57128376243) 
(324.0,45.8339810797) (108.0,86.463161947) (36.0,98.0410566018) (0.0,60.9035991218) (317.071578948,-6.06262967772) (252.0,25.8593961589) (216.0,42.1405966869) (315.488061448,-20.5639629938) (253.806211495,17.3960515513) (311.358631974,-62.1358335821) (288.0,-19.7785229616) (254.425593163,14.2457504232) (255.109558129,10.64115271) (255.8713632,6.57128376243) (256.880388382,1.12919876934) (256.883517785,1.11231860778) (258.130932802,-5.7585065082) (258.38160831,-7.43062180371) (258.474730621,-8.10828698847) (259.564309933,-16.286882365) (260.978264595,-27.7792047624) (261.106587958,-28.8341750647) (261.852775215,-35.0819111636) (262.335131732,-39.233829833) (262.487904397,-40.6986667946) (262.682888402,-44.5813121023) (263.561299565,-63.3911206115) (264.496537023,-92.3362540779) (283.20801988,-77.6074068047) (283.669699112,-70.6958816381) (283.865775817,-67.9866422767) 
(324.0,45.8339810797) (108.0,86.463161947) (36.0,98.0410566018) (0.0,60.9035991218) (317.071578948,-6.06262967772) (252.0,25.8593961589) (216.0,42.1405966869) (315.488061448,-20.5639629938) (253.806211495,17.3960515513) (311.358631974,-62.1358335821) (288.0,-19.7785229616) (254.425593163,14.2457504232) (310.605967155,-81.526306562) (295.812534463,-106.133841957) (294.963121315,-83.7685859672) (292.338422303,-54.5474119166) 
(324.0,45.8339810797) (108.0,86.463161947) (36.0,98.0410566018) (0.0,60.9035991218) (317.071578948,-6.06262967772) (252.0,25.8593961589) (216.0,42.1405966869) (315.488061448,-20.5639629938) (253.806211495,17.3960515513) (311.358631974,-62.1358335821) (288.0,-19.7785229616) (254.425593163,14.2457504232) (310.605967155,-81.526306562) (295.812534463,-106.133841957) (294.963121315,-83.7685859672) (292.338422303,-54.5474119166) 
(324.0,45.8339810797) (108.0,86.463161947) (36.0,98.0410566018) (0.0,60.9035991218) (317.071578948,-6.06262967772) (252.0,25.8593961589) (216.0,42.1405966869) (315.488061448,-20.5639629938) (253.806211495,17.3960515513) (311.358631974,-62.1358335821) (288.0,-19.7785229616) (254.425593163,14.2457504232) (310.605967155,-81.526306562) (295.812534463,-106.133841957) (294.963121315,-83.7685859672) (292.338422303,-54.5474119166) 
TD 7 :
(324.0,45.8339810797) (108.0,86.463161947) (36.0,98.0410566018) (0.0,60.9035991218) (317.071578948,-6.06262967772) (252.0,25.8593961589) (216.0,42.1405966869) (180.0,44.9773190704) (144.0,17.4023601659) (178.757401791,37.8218649313) (146.363268339,11.5678269226) (177.178213233,28.4022230885) (148.566724435,5.98160634276) (177.09957321,23.7416999728) (149.683732028,2.97008465508) (176.292398824,21.4769059362) (150.540077176,0.271518290245) (154.042422131,-11.2255339606) (155.629561358,-17.9771363409) (155.843358174,-19.6583734086) (158.020417169,-39.1547278311) (175.235637028,7.65937164538) (176.061862299,19.5857901539) (176.08599556,19.8018143135) 
(324.0,45.8339810797) (108.0,86.463161947) (36.0,98.0410566018) (0.0,60.9035991218) (317.071578948,-6.06262967772) (252.0,25.8593961589) (216.0,42.1405966869) (180.0,44.9773190704) (144.0,17.4023601659) (178.757401791,37.8218649313) (146.363268339,11.5678269226) (177.178213233,28.4022230885) (148.566724435,5.98160634276) (177.09957321,23.7416999728) (149.683732028,2.97008465508) (176.292398824,21.4769059362) (150.540077176,0.271518290245) (176.318453965,21.1140459273) (176.331224185,20.9336302393) (176.356208991,20.5602667318) (176.385830575,20.1162617444) (176.401052169,19.8791094617) (176.427809893,19.4493921557) (176.428234373,19.4424859449) (176.429435973,19.4226095923) (176.503386251,18.1337023972) (176.513878079,17.9165960649) (176.57399427,16.6228773539) (176.586983506,16.3340959141) (176.590253718,16.2413785906) (176.595709061,16.0544468242) (176.677506405,12.5312558363) (176.678491307,12.347959827) (177.038944926,16.7239660174) (177.059832239,20.4724971493) 
(324.0,45.8339810797) (108.0,86.463161947) (36.0,98.0410566018) (0.0,60.9035991218) (317.071578948,-6.06262967772) (252.0,25.8593961589) (216.0,42.1405966869) (180.0,44.9773190704) (144.0,17.4023601659) (212.01423052,29.6629630778) (211.949622347,27.9799349447) (211.945174579,27.8629774828) (185.493620853,27.7871204758) (211.943240194,27.8079453848) (186.513802484,24.4752061962) 
(324.0,45.8339810797) (108.0,86.463161947) (36.0,98.0410566018) (0.0,60.9035991218) (317.071578948,-6.06262967772) (252.0,25.8593961589) (216.0,42.1405966869) (180.0,44.9773190704) (144.0,17.4023601659) (212.01423052,29.6629630778) (211.949622347,27.9799349447) (211.945174579,27.8629774828) (185.493620853,27.7871204758) (211.943240194,27.8079453848) (186.513802484,24.4752061962) (187.60857303,19.015856302) (189.040275847,-1.73028983043) (209.127329993,19.4189407939) (210.030834836,23.3070404113) (210.140359599,22.6032680296) (210.169184544,22.4148473318) (210.179457392,22.3440764534) (210.299938828,21.5035031147) (210.308534669,21.4422429173) (210.407996129,20.7330130672) (210.522317789,19.841491074) (210.53327623,19.7521015329) (210.583560883,19.335425543) (210.59041284,19.2707417963) (210.661718424,18.5799947048) (210.775673586,17.4561648248) (210.790437506,17.1764292913) (210.81130607,16.7583941949) (210.884893275,15.0859128551) (211.724726513,15.8397977044) (211.842830091,23.7546759891) (211.861989866,24.8139694178) (211.932069635,27.4159730779) 
(324.0,45.8339810797) (108.0,86.463161947) (36.0,98.0410566018) (0.0,60.9035991218) (317.071578948,-6.06262967772) (252.0,25.8593961589) (216.0,42.1405966869) (180.0,44.9773190704) (144.0,17.4023601659) (212.01423052,29.6629630778) (211.949622347,27.9799349447) (211.945174579,27.8629774828) (185.493620853,27.7871204758) (211.943240194,27.8079453848) (186.513802484,24.4752061962) 
(324.0,45.8339810797) (108.0,86.463161947) (36.0,98.0410566018) (0.0,60.9035991218) (317.071578948,-6.06262967772) (252.0,25.8593961589) (216.0,42.1405966869) (315.488061448,-20.5639629938) (253.806211495,17.3960515513) (311.358631974,-62.1358335821) (288.0,-19.7785229616) (254.425593163,14.2457504232) (255.109558129,10.64115271) (255.8713632,6.57128376243) (283.865775817,-67.9866422767) (256.880388382,1.12919876934) 
(324.0,45.8339810797) (108.0,86.463161947) (36.0,98.0410566018) (0.0,60.9035991218) (317.071578948,-6.06262967772) (252.0,25.8593961589) (216.0,42.1405966869) (315.488061448,-20.5639629938) (253.806211495,17.3960515513) (311.358631974,-62.1358335821) (288.0,-19.7785229616) (254.425593163,14.2457504232) (255.109558129,10.64115271) (255.8713632,6.57128376243) (283.865775817,-67.9866422767) (256.880388382,1.12919876934) (256.883517785,1.11231860778) (258.130932802,-5.7585065082) (258.38160831,-7.43062180371) (258.474730621,-8.10828698847) (259.564309933,-16.286882365) (260.978264595,-27.7792047624) (261.106587958,-28.8341750647) (261.852775215,-35.0819111636) (262.335131732,-39.233829833) (262.487904397,-40.6986667946) (262.682888402,-44.5813121023) (263.561299565,-63.3911206115) (264.496537023,-92.3362540779) (283.20801988,-77.6074068047) (283.669699112,-70.6958816381) 
TD 8 :
(324.0,45.8339810797) (108.0,86.463161947) (36.0,98.0410566018) (0.0,60.9035991218) (317.071578948,-6.06262967772) (252.0,25.8593961589) (216.0,42.1405966869) (180.0,44.9773190704) (144.0,17.4023601659) (178.757401791,37.8218649313) (146.363268339,11.5678269226) (177.178213233,28.4022230885) (148.566724435,5.98160634276) (177.09957321,23.7416999728) (149.683732028,2.97008465508) (176.292398824,21.4769059362) (150.540077176,0.271518290245) (154.042422131,-11.2255339606) (155.629561358,-17.9771363409) (155.843358174,-19.6583734086) (158.020417169,-39.1547278311) (175.235637028,7.65937164538) (176.061862299,19.5857901539) (176.08599556,19.8018143135) 
(324.0,45.8339810797) (108.0,86.463161947) (36.0,98.0410566018) (0.0,60.9035991218) (317.071578948,-6.06262967772) (252.0,25.8593961589) (216.0,42.1405966869) (180.0,44.9773190704) (144.0,17.4023601659) (178.757401791,37.8218649313) (146.363268339,11.5678269226) (177.178213233,28.4022230885) (148.566724435,5.98160634276) (177.09957321,23.7416999728) (149.683732028,2.97008465508) (176.292398824,21.4769059362) (150.540077176,0.271518290245) (176.318453965,21.1140459273) 
(324.0,45.8339810797) (108.0,86.463161947) (36.0,98.0410566018) (0.0,60.9035991218) (317.071578948,-6.06262967772) (252.0,25.8593961589) (216.0,42.1405966869) (180.0,44.9773190704) (144.0,17.4023601659) (178.757401791,37.8218649313) (146.363268339,11.5678269226) (177.178213233,28.4022230885) (148.566724435,5.98160634276) (177.09957321,23.7416999728) (149.683732028,2.97008465508) (176.292398824,21.4769059362) (150.540077176,0.271518290245) (176.318453965,21.1140459273) (176.331224185,20.9336302393) (176.356208991,20.5602667318) (176.385830575,20.1162617444) (176.401052169,19.8791094617) (176.427809893,19.4493921557) (176.428234373,19.4424859449) (176.429435973,19.4226095923) (176.503386251,18.1337023972) (176.513878079,17.9165960649) (176.57399427,16.6228773539) (176.586983506,16.3340959141) (176.590253718,16.2413785906) (176.595709061,16.0544468242) (176.677506405,12.5312558363) (176.678491307,12.347959827) (177.038944926,16.7239660174) (177.059832239,20.4724971493) 
(324.0,45.8339810797) (108.0,86.463161947) (36.0,98.0410566018) (0.0,60.9035991218) (317.071578948,-6.06262967772) (252.0,25.8593961589) (216.0,42.1405966869) (180.0,44.9773190704) (144.0,17.4023601659) (212.01423052,29.6629630778) (211.949622347,27.9799349447) (211.945174579,27.8629774828) (185.493620853,27.7871204758) (211.943240194,27.8079453848) (186.513802484,24.4752061962) (211.932069635,27.4159730779) (187.60857303,19.015856302) (189.040275847,-1.73028983043) (209.127329993,19.4189407939) (210.030834836,23.3070404113) (210.140359599,22.6032680296) (210.169184544,22.4148473318) (210.179457392,22.3440764534) (210.299938828,21.5035031147) (210.308534669,21.4422429173) (210.407996129,20.7330130672) (210.522317789,19.841491074) (210.53327623,19.7521015329) (210.583560883,19.335425543) (210.59041284,19.2707417963) (210.661718424,18.5799947048) (210.775673586,17.4561648248) (210.790437506,17.1764292913) (210.81130607,16.7583941949) (210.884893275,15.0859128551) (211.724726513,15.8397977044) (211.842830091,23.7546759891) (211.861989866,24.8139694178) 
(324.0,45.8339810797) (108.0,86.463161947) (36.0,98.0410566018) (0.0,60.9035991218) (317.071578948,-6.06262967772) (252.0,25.8593961589) (216.0,42.1405966869) (180.0,44.9773190704) (144.0,17.4023601659) (212.01423052,29.6629630778) (211.949622347,27.9799349447) (211.945174579,27.8629774828) (185.493620853,27.7871204758) (211.943240194,27.8079453848) (186.513802484,24.4752061962) (211.932069635,27.4159730779) 
(324.0,45.8339810797) (108.0,86.463161947) (36.0,98.0410566018) (0.0,60.9035991218) (317.071578948,-6.06262967772) (252.0,25.8593961589) (216.0,42.1405966869) (315.488061448,-20.5639629938) (253.806211495,17.3960515513) (311.358631974,-62.1358335821) (288.0,-19.7785229616) (254.425593163,14.2457504232) (255.109558129,10.64115271) (255.8713632,6.57128376243) (283.865775817,-67.9866422767) (256.880388382,1.12919876934) (283.669699112,-70.6958816381) (256.883517785,1.11231860778) 
(324.0,45.8339810797) (108.0,86.463161947) (36.0,98.0410566018) (0.0,60.9035991218) (317.071578948,-6.06262967772) (252.0,25.8593961589) (216.0,42.1405966869) (315.488061448,-20.5639629938) (253.806211495,17.3960515513) (311.358631974,-62.1358335821) (288.0,-19.7785229616) (254.425593163,14.2457504232) (255.109558129,10.64115271) (255.8713632,6.57128376243) (283.865775817,-67.9866422767) (256.880388382,1.12919876934) (283.669699112,-70.6958816381) (256.883517785,1.11231860778) (258.130932802,-5.7585065082) (258.38160831,-7.43062180371) (258.474730621,-8.10828698847) (259.564309933,-16.286882365) (260.978264595,-27.7792047624) (261.106587958,-28.8341750647) (261.852775215,-35.0819111636) (262.335131732,-39.233829833) (262.487904397,-40.6986667946) (262.682888402,-44.5813121023) (263.561299565,-63.3911206115) (264.496537023,-92.3362540779) (283.20801988,-77.6074068047) 
TD 9 :
(324.0,45.8339810797) (108.0,86.463161947) (36.0,98.0410566018) (0.0,60.9035991218) (317.071578948,-6.06262967772) (252.0,25.8593961589) (216.0,42.1405966869) (180.0,44.9773190704) (144.0,17.4023601659) (178.757401791,37.8218649313) (146.363268339,11.5678269226) (177.178213233,28.4022230885) (148.566724435,5.98160634276) (177.09957321,23.7416999728) (149.683732028,2.97008465508) (176.292398824,21.4769059362) (150.540077176,0.271518290245) (154.042422131,-11.2255339606) (155.629561358,-17.9771363409) (155.843358174,-19.6583734086) (158.020417169,-39.1547278311) (175.235637028,7.65937164538) (176.061862299,19.5857901539) (176.08599556,19.8018143135) 
(324.0,45.8339810797) (108.0,86.463161947) (36.0,98.0410566018) (0.0,60.9035991218) (317.071578948,-6.06262967772) (252.0,25.8593961589) (216.0,42.1405966869) (180.0,44.9773190704) (144.0,17.4023601659) (178.757401791,37.8218649313) (146.363268339,11.5678269226) (177.178213233,28.4022230885) (148.566724435,5.98160634276) (177.09957321,23.7416999728) (149.683732028,2.97008465508) (176.292398824,21.4769059362) (150.540077176,0.271518290245) (176.318453965,21.1140459273) (176.331224185,20.9336302393) 
(324.0,45.8339810797) (108.0,86.463161947) (36.0,98.0410566018) (0.0,60.9035991218) (317.071578948,-6.06262967772) (252.0,25.8593961589) (216.0,42.1405966869) (180.0,44.9773190704) (144.0,17.4023601659) (178.757401791,37.8218649313) (146.363268339,11.5678269226) (177.178213233,28.4022230885) (148.566724435,5.98160634276) (177.09957321,23.7416999728) (149.683732028,2.97008465508) (176.292398824,21.4769059362) (150.540077176,0.271518290245) (176.318453965,21.1140459273) (176.331224185,20.9336302393) (176.356208991,20.5602667318) (176.385830575,20.1162617444) (176.401052169,19.8791094617) (176.427809893,19.4493921557) (176.428234373,19.4424859449) (176.429435973,19.4226095923) (176.503386251,18.1337023972) (176.513878079,17.9165960649) (176.57399427,16.6228773539) (176.586983506,16.3340959141) (176.590253718,16.2413785906) (176.595709061,16.0544468242) (176.677506405,12.5312558363) (176.678491307,12.347959827) (177.038944926,16.7239660174) (177.059832239,20.4724971493) 
(324.0,45.8339810797) (108.0,86.463161947) (36.0,98.0410566018) (0.0,60.9035991218) (317.071578948,-6.06262967772) (252.0,25.8593961589) (216.0,42.1405966869) (180.0,44.9773190704) (144.0,17.4023601659) (212.01423052,29.6629630778) (211.949622347,27.9799349447) (211.945174579,27.8629774828) (185.493620853,27.7871204758) (211.943240194,27.8079453848) (186.513802484,24.4752061962) (211.932069635,27.4159730779) (211.861989866,24.8139694178) (187.60857303,19.015856302) (189.040275847,-1.73028983043) (209.127329993,19.4189407939) (210.030834836,23.3070404113) (210.140359599,22.6032680296) (210.169184544,22.4148473318) (210.179457392,22.3440764534) (210.299938828,21.5035031147) (210.308534669,21.4422429173) (210.407996129,20.7330130672) (210.522317789,19.841491074) (210.53327623,19.7521015329) (210.583560883,19.335425543) (210.59041284,19.2707417963) (210.661718424,18.5799947048) (210.775673586,17.4561648248) (210.790437506,17.1764292913) (210.81130607,16.7583941949) (210.884893275,15.0859128551) (211.724726513,15.8397977044) (211.842830091,23.7546759891) 
(324.0,45.8339810797) (108.0,86.463161947) (36.0,98.0410566018) (0.0,60.9035991218) (317.071578948,-6.06262967772) (252.0,25.8593961589) (216.0,42.1405966869) (180.0,44.9773190704) (144.0,17.4023601659) (212.01423052,29.6629630778) (211.949622347,27.9799349447) (211.945174579,27.8629774828) (185.493620853,27.7871204758) (211.943240194,27.8079453848) (186.513802484,24.4752061962) (211.932069635,27.4159730779) (211.861989866,24.8139694178) 
(324.0,45.8339810797) (108.0,86.463161947) (36.0,98.0410566018) (0.0,60.9035991218) (317.071578948,-6.06262967772) (252.0,25.8593961589) (216.0,42.1405966869) (315.488061448,-20.5639629938) (253.806211495,17.3960515513) (311.358631974,-62.1358335821) (288.0,-19.7785229616) (254.425593163,14.2457504232) (255.109558129,10.64115271) (255.8713632,6.57128376243) (283.865775817,-67.9866422767) (256.880388382,1.12919876934) (283.669699112,-70.6958816381) (256.883517785,1.11231860778) (283.20801988,-77.6074068047) (258.130932802,-5.7585065082) 
(324.0,45.8339810797) (108.0,86.463161947) (36.0,98.0410566018) (0.0,60.9035991218) (317.071578948,-6.06262967772) (252.0,25.8593961589) (216.0,42.1405966869) (315.488061448,-20.5639629938) (253.806211495,17.3960515513) (311.358631974,-62.1358335821) (288.0,-19.7785229616) (254.425593163,14.2457504232) (255.109558129,10.64115271) (255.8713632,6.57128376243) (283.865775817,-67.9866422767) (256.880388382,1.12919876934) (283.669699112,-70.6958816381) (256.883517785,1.11231860778) (283.20801988,-77.6074068047) (258.130932802,-5.7585065082) (258.38160831,-7.43062180371) (258.474730621,-8.10828698847) (259.564309933,-16.286882365) (260.978264595,-27.7792047624) (261.106587958,-28.8341750647) (261.852775215,-35.0819111636) (262.335131732,-39.233829833) (262.487904397,-40.6986667946) (262.682888402,-44.5813121023) (263.561299565,-63.3911206115) (264.496537023,-92.3362540779) 
TD 10 :
(324.0,45.8339810797) (108.0,86.463161947) (36.0,98.0410566018) (0.0,60.9035991218) (317.071578948,-6.06262967772) (252.0,25.8593961589) (216.0,42.1405966869) (180.0,44.9773190704) (144.0,17.4023601659) (178.757401791,37.8218649313) (146.363268339,11.5678269226) (177.178213233,28.4022230885) (148.566724435,5.98160634276) (177.09957321,23.7416999728) (149.683732028,2.97008465508) (176.292398824,21.4769059362) (150.540077176,0.271518290245) (154.042422131,-11.2255339606) (155.629561358,-17.9771363409) (155.843358174,-19.6583734086) (158.020417169,-39.1547278311) (175.235637028,7.65937164538) (176.061862299,19.5857901539) (176.08599556,19.8018143135) 
(324.0,45.8339810797) (108.0,86.463161947) (36.0,98.0410566018) (0.0,60.9035991218) (317.071578948,-6.06262967772) (252.0,25.8593961589) (216.0,42.1405966869) (180.0,44.9773190704) (144.0,17.4023601659) (178.757401791,37.8218649313) (146.363268339,11.5678269226) (177.178213233,28.4022230885) (148.566724435,5.98160634276) (177.09957321,23.7416999728) (149.683732028,2.97008465508) (176.292398824,21.4769059362) (150.540077176,0.271518290245) (176.318453965,21.1140459273) (176.331224185,20.9336302393) (176.356208991,20.5602667318) 
(324.0,45.8339810797) (108.0,86.463161947) (36.0,98.0410566018) (0.0,60.9035991218) (317.071578948,-6.06262967772) (252.0,25.8593961589) (216.0,42.1405966869) (180.0,44.9773190704) (144.0,17.4023601659) (178.757401791,37.8218649313) (146.363268339,11.5678269226) (177.178213233,28.4022230885) (148.566724435,5.98160634276) (177.09957321,23.7416999728) (149.683732028,2.97008465508) (176.292398824,21.4769059362) (150.540077176,0.271518290245) (176.318453965,21.1140459273) (176.331224185,20.9336302393) (176.356208991,20.5602667318) (176.385830575,20.1162617444) (176.401052169,19.8791094617) (176.427809893,19.4493921557) (176.428234373,19.4424859449) (176.429435973,19.4226095923) (176.503386251,18.1337023972) (176.513878079,17.9165960649) (176.57399427,16.6228773539) (176.586983506,16.3340959141) (176.590253718,16.2413785906) (176.595709061,16.0544468242) (176.677506405,12.5312558363) (176.678491307,12.347959827) (177.038944926,16.7239660174) (177.059832239,20.4724971493) 
(324.0,45.8339810797) (108.0,86.463161947) (36.0,98.0410566018) (0.0,60.9035991218) (317.071578948,-6.06262967772) (252.0,25.8593961589) (216.0,42.1405966869) (180.0,44.9773190704) (144.0,17.4023601659) (212.01423052,29.6629630778) (211.949622347,27.9799349447) (211.945174579,27.8629774828) (185.493620853,27.7871204758) (211.943240194,27.8079453848) (186.513802484,24.4752061962) (211.932069635,27.4159730779) (211.861989866,24.8139694178) (211.842830091,23.7546759891) (187.60857303,19.015856302) (189.040275847,-1.73028983043) (209.127329993,19.4189407939) (210.030834836,23.3070404113) (210.140359599,22.6032680296) (210.169184544,22.4148473318) (210.179457392,22.3440764534) (210.299938828,21.5035031147) (210.308534669,21.4422429173) (210.407996129,20.7330130672) (210.522317789,19.841491074) (210.53327623,19.7521015329) (210.583560883,19.335425543) (210.59041284,19.2707417963) (210.661718424,18.5799947048) (210.775673586,17.4561648248) (210.790437506,17.1764292913) (210.81130607,16.7583941949) (210.884893275,15.0859128551) (211.724726513,15.8397977044) 
(324.0,45.8339810797) (108.0,86.463161947) (36.0,98.0410566018) (0.0,60.9035991218) (317.071578948,-6.06262967772) (252.0,25.8593961589) (216.0,42.1405966869) (180.0,44.9773190704) (144.0,17.4023601659) (212.01423052,29.6629630778) (211.949622347,27.9799349447) (211.945174579,27.8629774828) (185.493620853,27.7871204758) (211.943240194,27.8079453848) (186.513802484,24.4752061962) (211.932069635,27.4159730779) (211.861989866,24.8139694178) (211.842830091,23.7546759891) 
(324.0,45.8339810797) (108.0,86.463161947) (36.0,98.0410566018) (0.0,60.9035991218) (317.071578948,-6.06262967772) (252.0,25.8593961589) (216.0,42.1405966869) (315.488061448,-20.5639629938) (253.806211495,17.3960515513) (311.358631974,-62.1358335821) (288.0,-19.7785229616) (254.425593163,14.2457504232) (255.109558129,10.64115271) (255.8713632,6.57128376243) (283.865775817,-67.9866422767) (256.880388382,1.12919876934) (283.669699112,-70.6958816381) (256.883517785,1.11231860778) (283.20801988,-77.6074068047) (258.130932802,-5.7585065082) (264.496537023,-92.3362540779) (263.561299565,-63.3911206115) (262.682888402,-44.5813121023) (262.487904397,-40.6986667946) (262.335131732,-39.233829833) (261.852775215,-35.0819111636) (261.106587958,-28.8341750647) (260.978264595,-27.7792047624) (259.564309933,-16.286882365) (258.474730621,-8.10828698847) (258.38160831,-7.43062180371) 
(324.0,45.8339810797) (108.0,86.463161947) (36.0,98.0410566018) (0.0,60.9035991218) (317.071578948,-6.06262967772) (252.0,25.8593961589) (216.0,42.1405966869) (315.488061448,-20.5639629938) (253.806211495,17.3960515513) (311.358631974,-62.1358335821) (288.0,-19.7785229616) (254.425593163,14.2457504232) (255.109558129,10.64115271) (255.8713632,6.57128376243) (283.865775817,-67.9866422767) (256.880388382,1.12919876934) (283.669699112,-70.6958816381) (256.883517785,1.11231860778) (283.20801988,-77.6074068047) (258.130932802,-5.7585065082) (264.496537023,-92.3362540779) (263.561299565,-63.3911206115) (262.682888402,-44.5813121023) (262.487904397,-40.6986667946) (262.335131732,-39.233829833) (261.852775215,-35.0819111636) (261.106587958,-28.8341750647) (260.978264595,-27.7792047624) (259.564309933,-16.286882365) (258.474730621,-8.10828698847) (258.38160831,-7.43062180371) 
(324.0,45.8339810797) (108.0,86.463161947) (36.0,98.0410566018) (0.0,60.9035991218) (317.071578948,-6.06262967772) (252.0,25.8593961589) (216.0,42.1405966869) (315.488061448,-20.5639629938) (253.806211495,17.3960515513) (311.358631974,-62.1358335821) (288.0,-19.7785229616) (254.425593163,14.2457504232) (255.109558129,10.64115271) (255.8713632,6.57128376243) (283.865775817,-67.9866422767) (256.880388382,1.12919876934) (283.669699112,-70.6958816381) (256.883517785,1.11231860778) (283.20801988,-77.6074068047) (258.130932802,-5.7585065082) (264.496537023,-92.3362540779) (263.561299565,-63.3911206115) (262.682888402,-44.5813121023) (262.487904397,-40.6986667946) (262.335131732,-39.233829833) (261.852775215,-35.0819111636) (261.106587958,-28.8341750647) (260.978264595,-27.7792047624) (259.564309933,-16.286882365) (258.474730621,-8.10828698847) (258.38160831,-7.43062180371) 
(324.0,45.8339810797) (108.0,86.463161947) (36.0,98.0410566018) (0.0,60.9035991218) (317.071578948,-6.06262967772) (252.0,25.8593961589) (216.0,42.1405966869) (315.488061448,-20.5639629938) (253.806211495,17.3960515513) (311.358631974,-62.1358335821) (288.0,-19.7785229616) (254.425593163,14.2457504232) (255.109558129,10.64115271) (255.8713632,6.57128376243) (283.865775817,-67.9866422767) (256.880388382,1.12919876934) (283.669699112,-70.6958816381) (256.883517785,1.11231860778) (283.20801988,-77.6074068047) (258.130932802,-5.7585065082) (264.496537023,-92.3362540779) (263.561299565,-63.3911206115) (262.682888402,-44.5813121023) (262.487904397,-40.6986667946) (262.335131732,-39.233829833) (261.852775215,-35.0819111636) (261.106587958,-28.8341750647) (260.978264595,-27.7792047624) (259.564309933,-16.286882365) (258.474730621,-8.10828698847) (258.38160831,-7.43062180371) 
(324.0,45.8339810797) (108.0,86.463161947) (36.0,98.0410566018) (0.0,60.9035991218) (317.071578948,-6.06262967772) (252.0,25.8593961589) (216.0,42.1405966869) (315.488061448,-20.5639629938) (253.806211495,17.3960515513) (311.358631974,-62.1358335821) (288.0,-19.7785229616) (254.425593163,14.2457504232) (255.109558129,10.64115271) (255.8713632,6.57128376243) (283.865775817,-67.9866422767) (256.880388382,1.12919876934) (283.669699112,-70.6958816381) (256.883517785,1.11231860778) (283.20801988,-77.6074068047) (258.130932802,-5.7585065082) (264.496537023,-92.3362540779) (263.561299565,-63.3911206115) (262.682888402,-44.5813121023) (262.487904397,-40.6986667946) (262.335131732,-39.233829833) (261.852775215,-35.0819111636) (261.106587958,-28.8341750647) (260.978264595,-27.7792047624) (259.564309933,-16.286882365) (258.474730621,-8.10828698847) (258.38160831,-7.43062180371) 
(324.0,45.8339810797) (108.0,86.463161947) (36.0,98.0410566018) (0.0,60.9035991218) (317.071578948,-6.06262967772) (252.0,25.8593961589) (216.0,42.1405966869) (315.488061448,-20.5639629938) (253.806211495,17.3960515513) (311.358631974,-62.1358335821) (288.0,-19.7785229616) (254.425593163,14.2457504232) (255.109558129,10.64115271) (255.8713632,6.57128376243) (283.865775817,-67.9866422767) (256.880388382,1.12919876934) (283.669699112,-70.6958816381) (256.883517785,1.11231860778) (283.20801988,-77.6074068047) (258.130932802,-5.7585065082) (264.496537023,-92.3362540779) (263.561299565,-63.3911206115) (262.682888402,-44.5813121023) (262.487904397,-40.6986667946) (262.335131732,-39.233829833) (261.852775215,-35.0819111636) (261.106587958,-28.8341750647) (260.978264595,-27.7792047624) (259.564309933,-16.286882365) (258.474730621,-8.10828698847) (258.38160831,-7.43062180371) 
(324.0,45.8339810797) (108.0,86.463161947) (36.0,98.0410566018) (0.0,60.9035991218) (317.071578948,-6.06262967772) (252.0,25.8593961589) (216.0,42.1405966869) (315.488061448,-20.5639629938) (253.806211495,17.3960515513) (311.358631974,-62.1358335821) (288.0,-19.7785229616) (254.425593163,14.2457504232) (255.109558129,10.64115271) (255.8713632,6.57128376243) (283.865775817,-67.9866422767) (256.880388382,1.12919876934) (283.669699112,-70.6958816381) (256.883517785,1.11231860778) (283.20801988,-77.6074068047) (258.130932802,-5.7585065082) (264.496537023,-92.3362540779) (263.561299565,-63.3911206115) (262.682888402,-44.5813121023) (262.487904397,-40.6986667946) (262.335131732,-39.233829833) (261.852775215,-35.0819111636) (261.106587958,-28.8341750647) (260.978264595,-27.7792047624) (259.564309933,-16.286882365) (258.474730621,-8.10828698847) (258.38160831,-7.43062180371) 
(324.0,45.8339810797) (108.0,86.463161947) (36.0,98.0410566018) (0.0,60.9035991218) (317.071578948,-6.06262967772) (252.0,25.8593961589) (216.0,42.1405966869) (315.488061448,-20.5639629938) (253.806211495,17.3960515513) (311.358631974,-62.1358335821) (288.0,-19.7785229616) (254.425593163,14.2457504232) (255.109558129,10.64115271) (255.8713632,6.57128376243) (283.865775817,-67.9866422767) (256.880388382,1.12919876934) (283.669699112,-70.6958816381) (256.883517785,1.11231860778) (283.20801988,-77.6074068047) (258.130932802,-5.7585065082) (264.496537023,-92.3362540779) (263.561299565,-63.3911206115) (262.682888402,-44.5813121023) (262.487904397,-40.6986667946) (262.335131732,-39.233829833) (261.852775215,-35.0819111636) (261.106587958,-28.8341750647) (260.978264595,-27.7792047624) (259.564309933,-16.286882365) (258.474730621,-8.10828698847) (258.38160831,-7.43062180371) 
(324.0,45.8339810797) (108.0,86.463161947) (36.0,98.0410566018) (0.0,60.9035991218) (317.071578948,-6.06262967772) (252.0,25.8593961589) (216.0,42.1405966869) (315.488061448,-20.5639629938) (253.806211495,17.3960515513) (311.358631974,-62.1358335821) (288.0,-19.7785229616) (254.425593163,14.2457504232) (255.109558129,10.64115271) (255.8713632,6.57128376243) (283.865775817,-67.9866422767) (256.880388382,1.12919876934) (283.669699112,-70.6958816381) (256.883517785,1.11231860778) (283.20801988,-77.6074068047) (258.130932802,-5.7585065082) (264.496537023,-92.3362540779) (263.561299565,-63.3911206115) (262.682888402,-44.5813121023) (262.487904397,-40.6986667946) (262.335131732,-39.233829833) (261.852775215,-35.0819111636) (261.106587958,-28.8341750647) (260.978264595,-27.7792047624) (259.564309933,-16.286882365) (258.474730621,-8.10828698847) (258.38160831,-7.43062180371) 
(324.0,45.8339810797) (108.0,86.463161947) (36.0,98.0410566018) (0.0,60.9035991218) (317.071578948,-6.06262967772) (252.0,25.8593961589) (216.0,42.1405966869) (315.488061448,-20.5639629938) (253.806211495,17.3960515513) (311.358631974,-62.1358335821) (288.0,-19.7785229616) (254.425593163,14.2457504232) (255.109558129,10.64115271) (255.8713632,6.57128376243) (283.865775817,-67.9866422767) (256.880388382,1.12919876934) (283.669699112,-70.6958816381) (256.883517785,1.11231860778) (283.20801988,-77.6074068047) (258.130932802,-5.7585065082) (264.496537023,-92.3362540779) (263.561299565,-63.3911206115) (262.682888402,-44.5813121023) (262.487904397,-40.6986667946) (262.335131732,-39.233829833) (261.852775215,-35.0819111636) (261.106587958,-28.8341750647) (260.978264595,-27.7792047624) (259.564309933,-16.286882365) (258.474730621,-8.10828698847) (258.38160831,-7.43062180371) 
(324.0,45.8339810797) (108.0,86.463161947) (36.0,98.0410566018) (0.0,60.9035991218) (317.071578948,-6.06262967772) (252.0,25.8593961589) (216.0,42.1405966869) (315.488061448,-20.5639629938) (253.806211495,17.3960515513) (311.358631974,-62.1358335821) (288.0,-19.7785229616) (254.425593163,14.2457504232) (255.109558129,10.64115271) (255.8713632,6.57128376243) (283.865775817,-67.9866422767) (256.880388382,1.12919876934) (283.669699112,-70.6958816381) (256.883517785,1.11231860778) (283.20801988,-77.6074068047) (258.130932802,-5.7585065082) (264.496537023,-92.3362540779) (263.561299565,-63.3911206115) (262.682888402,-44.5813121023) (262.487904397,-40.6986667946) (262.335131732,-39.233829833) (261.852775215,-35.0819111636) (261.106587958,-28.8341750647) (260.978264595,-27.7792047624) (259.564309933,-16.286882365) (258.474730621,-8.10828698847) (258.38160831,-7.43062180371) 
TD 11 :
(324.0,45.8339810797) (108.0,86.463161947) (36.0,98.0410566018) (0.0,60.9035991218) (317.071578948,-6.06262967772) (252.0,25.8593961589) (216.0,42.1405966869) (180.0,44.9773190704) (144.0,17.4023601659) (178.757401791,37.8218649313) (146.363268339,11.5678269226) (177.178213233,28.4022230885) (148.566724435,5.98160634276) (177.09957321,23.7416999728) (149.683732028,2.97008465508) (176.292398824,21.4769059362) (150.540077176,0.271518290245) (154.042422131,-11.2255339606) (155.629561358,-17.9771363409) (155.843358174,-19.6583734086) (176.08599556,19.8018143135) (158.020417169,-39.1547278311) (175.235637028,7.65937164538) (176.061862299,19.5857901539) 
(324.0,45.8339810797) (108.0,86.463161947) (36.0,98.0410566018) (0.0,60.9035991218) (317.071578948,-6.06262967772) (252.0,25.8593961589) (216.0,42.1405966869) (180.0,44.9773190704) (144.0,17.4023601659) (178.757401791,37.8218649313) (146.363268339,11.5678269226) (177.178213233,28.4022230885) (148.566724435,5.98160634276) (177.09957321,23.7416999728) (149.683732028,2.97008465508) (176.292398824,21.4769059362) (150.540077176,0.271518290245) (154.042422131,-11.2255339606) (155.629561358,-17.9771363409) (155.843358174,-19.6583734086) (176.08599556,19.8018143135) (158.020417169,-39.1547278311) 
(324.0,45.8339810797) (108.0,86.463161947) (36.0,98.0410566018) (0.0,60.9035991218) (317.071578948,-6.06262967772) (252.0,25.8593961589) (216.0,42.1405966869) (180.0,44.9773190704) (144.0,17.4023601659) (178.757401791,37.8218649313) (146.363268339,11.5678269226) (177.178213233,28.4022230885) (148.566724435,5.98160634276) (177.09957321,23.7416999728) (149.683732028,2.97008465508) (176.292398824,21.4769059362) (150.540077176,0.271518290245) (176.318453965,21.1140459273) (176.331224185,20.9336302393) (176.356208991,20.5602667318) (177.059832239,20.4724971493) (176.385830575,20.1162617444) 
(324.0,45.8339810797) (108.0,86.463161947) (36.0,98.0410566018) (0.0,60.9035991218) (317.071578948,-6.06262967772) (252.0,25.8593961589) (216.0,42.1405966869) (180.0,44.9773190704) (144.0,17.4023601659) (178.757401791,37.8218649313) (146.363268339,11.5678269226) (177.178213233,28.4022230885) (148.566724435,5.98160634276) (177.09957321,23.7416999728) (149.683732028,2.97008465508) (176.292398824,21.4769059362) (150.540077176,0.271518290245) (176.318453965,21.1140459273) (176.331224185,20.9336302393) (176.356208991,20.5602667318) (177.059832239,20.4724971493) (176.385830575,20.1162617444) (176.401052169,19.8791094617) (176.427809893,19.4493921557) (176.428234373,19.4424859449) (176.429435973,19.4226095923) (176.503386251,18.1337023972) (176.513878079,17.9165960649) (176.57399427,16.6228773539) (176.586983506,16.3340959141) (176.590253718,16.2413785906) (176.595709061,16.0544468242) (176.677506405,12.5312558363) (176.678491307,12.347959827) (177.038944926,16.7239660174) 
(324.0,45.8339810797) (108.0,86.463161947) (36.0,98.0410566018) (0.0,60.9035991218) (317.071578948,-6.06262967772) (252.0,25.8593961589) (216.0,42.1405966869) (180.0,44.9773190704) (144.0,17.4023601659) (178.757401791,37.8218649313) (146.363268339,11.5678269226) (177.178213233,28.4022230885) (148.566724435,5.98160634276) (177.09957321,23.7416999728) (149.683732028,2.97008465508) (176.292398824,21.4769059362) (150.540077176,0.271518290245) (176.318453965,21.1140459273) (176.331224185,20.9336302393) (176.356208991,20.5602667318) (177.059832239,20.4724971493) (176.385830575,20.1162617444) 
(324.0,45.8339810797) (108.0,86.463161947) (36.0,98.0410566018) (0.0,60.9035991218) (317.071578948,-6.06262967772) (252.0,25.8593961589) (216.0,42.1405966869) (180.0,44.9773190704) (144.0,17.4023601659) (212.01423052,29.6629630778) (211.949622347,27.9799349447) (211.945174579,27.8629774828) (185.493620853,27.7871204758) (211.943240194,27.8079453848) (186.513802484,24.4752061962) (211.932069635,27.4159730779) (211.861989866,24.8139694178) (211.842830091,23.7546759891) (211.724726513,15.8397977044) (210.030834836,23.3070404113) (187.60857303,19.015856302) (189.040275847,-1.73028983043) (209.127329993,19.4189407939) 
(324.0,45.8339810797) (108.0,86.463161947) (36.0,98.0410566018) (0.0,60.9035991218) (317.071578948,-6.06262967772) (252.0,25.8593961589) (216.0,42.1405966869) (180.0,44.9773190704) (144.0,17.4023601659) (212.01423052,29.6629630778) (211.949622347,27.9799349447) (211.945174579,27.8629774828) (185.493620853,27.7871204758) (211.943240194,27.8079453848) (186.513802484,24.4752061962) (211.932069635,27.4159730779) (211.861989866,24.8139694178) (211.842830091,23.7546759891) (211.724726513,15.8397977044) (210.030834836,23.3070404113) (210.140359599,22.6032680296) (210.169184544,22.4148473318) (210.179457392,22.3440764534) (210.299938828,21.5035031147) (210.308534669,21.4422429173) (210.407996129,20.7330130672) (210.522317789,19.841491074) (210.53327623,19.7521015329) (210.583560883,19.335425543) (210.59041284,19.2707417963) (210.661718424,18.5799947048) (210.775673586,17.4561648248) (210.790437506,17.1764292913) (210.81130607,16.7583941949) (210.884893275,15.0859128551) 
TD 12 :
(324.0,45.8339810797) (108.0,86.463161947) (36.0,98.0410566018) (0.0,60.9035991218) (317.071578948,-6.06262967772) (252.0,25.8593961589) (216.0,42.1405966869) (180.0,44.9773190704) (144.0,17.4023601659) (178.757401791,37.8218649313) (146.363268339,11.5678269226) (177.178213233,28.4022230885) (148.566724435,5.98160634276) (177.09957321,23.7416999728) (149.683732028,2.97008465508) (176.292398824,21.4769059362) (150.540077176,0.271518290245) (154.042422131,-11.2255339606) (155.629561358,-17.9771363409) (155.843358174,-19.6583734086) (176.08599556,19.8018143135) (158.020417169,-39.1547278311) (176.061862299,19.5857901539) (175.235637028,7.65937164538) 
(324.0,45.8339810797) (108.0,86.463161947) (36.0,98.0410566018) (0.0,60.9035991218) (317.071578948,-6.06262967772) (252.0,25.8593961589) (216.0,42.1405966869) (180.0,44.9773190704) (144.0,17.4023601659) (178.757401791,37.8218649313) (146.363268339,11.5678269226) (177.178213233,28.4022230885) (148.566724435,5.98160634276) (177.09957321,23.7416999728) (149.683732028,2.97008465508) (176.292398824,21.4769059362) (150.540077176,0.271518290245) (154.042422131,-11.2255339606) (155.629561358,-17.9771363409) (155.843358174,-19.6583734086) (176.08599556,19.8018143135) (158.020417169,-39.1547278311) (176.061862299,19.5857901539) (175.235637028,7.65937164538) 
(324.0,45.8339810797) (108.0,86.463161947) (36.0,98.0410566018) (0.0,60.9035991218) (317.071578948,-6.06262967772) (252.0,25.8593961589) (216.0,42.1405966869) (180.0,44.9773190704) (144.0,17.4023601659) (178.757401791,37.8218649313) (146.363268339,11.5678269226) (177.178213233,28.4022230885) (148.566724435,5.98160634276) (177.09957321,23.7416999728) (149.683732028,2.97008465508) (176.292398824,21.4769059362) (150.540077176,0.271518290245) (176.318453965,21.1140459273) (176.331224185,20.9336302393) (176.356208991,20.5602667318) (177.059832239,20.4724971493) (176.385830575,20.1162617444) (176.401052169,19.8791094617) 
(324.0,45.8339810797) (108.0,86.463161947) (36.0,98.0410566018) (0.0,60.9035991218) (317.071578948,-6.06262967772) (252.0,25.8593961589) (216.0,42.1405966869) (180.0,44.9773190704) (144.0,17.4023601659) (178.757401791,37.8218649313) (146.363268339,11.5678269226) (177.178213233,28.4022230885) (148.566724435,5.98160634276) (177.09957321,23.7416999728) (149.683732028,2.97008465508) (176.292398824,21.4769059362) (150.540077176,0.271518290245) (176.318453965,21.1140459273) (176.331224185,20.9336302393) (176.356208991,20.5602667318) (177.059832239,20.4724971493) (176.385830575,20.1162617444) (176.401052169,19.8791094617) (176.427809893,19.4493921557) (176.428234373,19.4424859449) (176.429435973,19.4226095923) (176.503386251,18.1337023972) (176.513878079,17.9165960649) (176.57399427,16.6228773539) (176.586983506,16.3340959141) (176.590253718,16.2413785906) (176.595709061,16.0544468242) (176.677506405,12.5312558363) (176.678491307,12.347959827) (177.038944926,16.7239660174) 
(324.0,45.8339810797) (108.0,86.463161947) (36.0,98.0410566018) (0.0,60.9035991218) (317.071578948,-6.06262967772) (252.0,25.8593961589) (216.0,42.1405966869) (180.0,44.9773190704) (144.0,17.4023601659) (212.01423052,29.6629630778) (211.949622347,27.9799349447) (211.945174579,27.8629774828) (185.493620853,27.7871204758) (211.943240194,27.8079453848) (186.513802484,24.4752061962) (211.932069635,27.4159730779) (211.861989866,24.8139694178) (211.842830091,23.7546759891) (211.724726513,15.8397977044) (210.030834836,23.3070404113) (210.884893275,15.0859128551) (210.81130607,16.7583941949) (210.790437506,17.1764292913) (210.775673586,17.4561648248) (210.661718424,18.5799947048) (210.59041284,19.2707417963) (210.583560883,19.335425543) (210.53327623,19.7521015329) (210.522317789,19.841491074) (210.407996129,20.7330130672) (210.308534669,21.4422429173) (210.299938828,21.5035031147) (210.179457392,22.3440764534) (210.169184544,22.4148473318) (210.140359599,22.6032680296) 
(324.0,45.8339810797) (108.0,86.463161947) (36.0,98.0410566018) (0.0,60.9035991218) (317.071578948,-6.06262967772) (252.0,25.8593961589) (216.0,42.1405966869) (180.0,44.9773190704) (144.0,17.4023601659) (212.01423052,29.6629630778) (211.949622347,27.9799349447) (211.945174579,27.8629774828) (185.493620853,27.7871204758) (211.943240194,27.8079453848) (186.513802484,24.4752061962) (211.932069635,27.4159730779) (211.861989866,24.8139694178) (211.842830091,23.7546759891) (211.724726513,15.8397977044) (210.030834836,23.3070404113) (210.884893275,15.0859128551) (210.81130607,16.7583941949) (210.790437506,17.1764292913) (210.775673586,17.4561648248) (210.661718424,18.5799947048) (210.59041284,19.2707417963) (210.583560883,19.335425543) (210.53327623,19.7521015329) (210.522317789,19.841491074) (210.407996129,20.7330130672) (210.308534669,21.4422429173) (210.299938828,21.5035031147) (210.179457392,22.3440764534) (210.169184544,22.4148473318) (210.140359599,22.6032680296) 
(324.0,45.8339810797) (108.0,86.463161947) (36.0,98.0410566018) (0.0,60.9035991218) (317.071578948,-6.06262967772) (252.0,25.8593961589) (216.0,42.1405966869) (180.0,44.9773190704) (144.0,17.4023601659) (212.01423052,29.6629630778) (211.949622347,27.9799349447) (211.945174579,27.8629774828) (185.493620853,27.7871204758) (211.943240194,27.8079453848) (186.513802484,24.4752061962) (211.932069635,27.4159730779) (211.861989866,24.8139694178) (211.842830091,23.7546759891) (211.724726513,15.8397977044) (210.030834836,23.3070404113) (210.884893275,15.0859128551) (210.81130607,16.7583941949) (210.790437506,17.1764292913) (210.775673586,17.4561648248) (210.661718424,18.5799947048) (210.59041284,19.2707417963) (210.583560883,19.335425543) (210.53327623,19.7521015329) (210.522317789,19.841491074) (210.407996129,20.7330130672) (210.308534669,21.4422429173) (210.299938828,21.5035031147) (210.179457392,22.3440764534) (210.169184544,22.4148473318) (210.140359599,22.6032680296) 
(324.0,45.8339810797) (108.0,86.463161947) (36.0,98.0410566018) (0.0,60.9035991218) (317.071578948,-6.06262967772) (252.0,25.8593961589) (216.0,42.1405966869) (180.0,44.9773190704) (144.0,17.4023601659) (212.01423052,29.6629630778) (211.949622347,27.9799349447) (211.945174579,27.8629774828) (185.493620853,27.7871204758) (211.943240194,27.8079453848) (186.513802484,24.4752061962) (211.932069635,27.4159730779) (211.861989866,24.8139694178) (211.842830091,23.7546759891) (211.724726513,15.8397977044) (210.030834836,23.3070404113) (210.884893275,15.0859128551) (210.81130607,16.7583941949) (210.790437506,17.1764292913) (210.775673586,17.4561648248) (210.661718424,18.5799947048) (210.59041284,19.2707417963) (210.583560883,19.335425543) (210.53327623,19.7521015329) (210.522317789,19.841491074) (210.407996129,20.7330130672) (210.308534669,21.4422429173) (210.299938828,21.5035031147) (210.179457392,22.3440764534) (210.169184544,22.4148473318) (210.140359599,22.6032680296) 
(324.0,45.8339810797) (108.0,86.463161947) (36.0,98.0410566018) (0.0,60.9035991218) (317.071578948,-6.06262967772) (252.0,25.8593961589) (216.0,42.1405966869) (180.0,44.9773190704) (144.0,17.4023601659) (212.01423052,29.6629630778) (211.949622347,27.9799349447) (211.945174579,27.8629774828) (185.493620853,27.7871204758) (211.943240194,27.8079453848) (186.513802484,24.4752061962) (211.932069635,27.4159730779) (211.861989866,24.8139694178) (211.842830091,23.7546759891) (211.724726513,15.8397977044) (210.030834836,23.3070404113) (210.884893275,15.0859128551) (210.81130607,16.7583941949) (210.790437506,17.1764292913) (210.775673586,17.4561648248) (210.661718424,18.5799947048) (210.59041284,19.2707417963) (210.583560883,19.335425543) (210.53327623,19.7521015329) (210.522317789,19.841491074) (210.407996129,20.7330130672) (210.308534669,21.4422429173) (210.299938828,21.5035031147) (210.179457392,22.3440764534) (210.169184544,22.4148473318) (210.140359599,22.6032680296) 
(324.0,45.8339810797) (108.0,86.463161947) (36.0,98.0410566018) (0.0,60.9035991218) (317.071578948,-6.06262967772) (252.0,25.8593961589) (216.0,42.1405966869) (180.0,44.9773190704) (144.0,17.4023601659) (212.01423052,29.6629630778) (211.949622347,27.9799349447) (211.945174579,27.8629774828) (185.493620853,27.7871204758) (211.943240194,27.8079453848) (186.513802484,24.4752061962) (211.932069635,27.4159730779) (211.861989866,24.8139694178) (211.842830091,23.7546759891) (211.724726513,15.8397977044) (210.030834836,23.3070404113) (210.884893275,15.0859128551) (210.81130607,16.7583941949) (210.790437506,17.1764292913) (210.775673586,17.4561648248) (210.661718424,18.5799947048) (210.59041284,19.2707417963) (210.583560883,19.335425543) (210.53327623,19.7521015329) (210.522317789,19.841491074) (210.407996129,20.7330130672) (210.308534669,21.4422429173) (210.299938828,21.5035031147) (210.179457392,22.3440764534) (210.169184544,22.4148473318) (210.140359599,22.6032680296) 
(324.0,45.8339810797) (108.0,86.463161947) (36.0,98.0410566018) (0.0,60.9035991218) (317.071578948,-6.06262967772) (252.0,25.8593961589) (216.0,42.1405966869) (180.0,44.9773190704) (144.0,17.4023601659) (212.01423052,29.6629630778) (211.949622347,27.9799349447) (211.945174579,27.8629774828) (185.493620853,27.7871204758) (211.943240194,27.8079453848) (186.513802484,24.4752061962) (211.932069635,27.4159730779) (211.861989866,24.8139694178) (211.842830091,23.7546759891) (211.724726513,15.8397977044) (210.030834836,23.3070404113) (210.884893275,15.0859128551) (210.81130607,16.7583941949) (210.790437506,17.1764292913) (210.775673586,17.4561648248) (210.661718424,18.5799947048) (210.59041284,19.2707417963) (210.583560883,19.335425543) (210.53327623,19.7521015329) (210.522317789,19.841491074) (210.407996129,20.7330130672) (210.308534669,21.4422429173) (210.299938828,21.5035031147) (210.179457392,22.3440764534) (210.169184544,22.4148473318) (210.140359599,22.6032680296) 
(324.0,45.8339810797) (108.0,86.463161947) (36.0,98.0410566018) (0.0,60.9035991218) (317.071578948,-6.06262967772) (252.0,25.8593961589) (216.0,42.1405966869) (180.0,44.9773190704) (144.0,17.4023601659) (212.01423052,29.6629630778) (211.949622347,27.9799349447) (211.945174579,27.8629774828) (185.493620853,27.7871204758) (211.943240194,27.8079453848) (186.513802484,24.4752061962) (211.932069635,27.4159730779) (211.861989866,24.8139694178) (211.842830091,23.7546759891) (211.724726513,15.8397977044) (210.030834836,23.3070404113) (210.884893275,15.0859128551) (210.81130607,16.7583941949) (210.790437506,17.1764292913) (210.775673586,17.4561648248) (210.661718424,18.5799947048) (210.59041284,19.2707417963) (210.583560883,19.335425543) (210.53327623,19.7521015329) (210.522317789,19.841491074) (210.407996129,20.7330130672) (210.308534669,21.4422429173) (210.299938828,21.5035031147) (210.179457392,22.3440764534) (210.169184544,22.4148473318) (210.140359599,22.6032680296) 
(324.0,45.8339810797) (108.0,86.463161947) (36.0,98.0410566018) (0.0,60.9035991218) (317.071578948,-6.06262967772) (252.0,25.8593961589) (216.0,42.1405966869) (180.0,44.9773190704) (144.0,17.4023601659) (212.01423052,29.6629630778) (211.949622347,27.9799349447) (211.945174579,27.8629774828) (185.493620853,27.7871204758) (211.943240194,27.8079453848) (186.513802484,24.4752061962) (211.932069635,27.4159730779) (211.861989866,24.8139694178) (211.842830091,23.7546759891) (211.724726513,15.8397977044) (210.030834836,23.3070404113) (210.884893275,15.0859128551) (210.81130607,16.7583941949) (210.790437506,17.1764292913) (210.775673586,17.4561648248) (210.661718424,18.5799947048) (210.59041284,19.2707417963) (210.583560883,19.335425543) (210.53327623,19.7521015329) (210.522317789,19.841491074) (210.407996129,20.7330130672) (210.308534669,21.4422429173) (210.299938828,21.5035031147) (210.179457392,22.3440764534) (210.169184544,22.4148473318) (210.140359599,22.6032680296) 
(324.0,45.8339810797) (108.0,86.463161947) (36.0,98.0410566018) (0.0,60.9035991218) (317.071578948,-6.06262967772) (252.0,25.8593961589) (216.0,42.1405966869) (180.0,44.9773190704) (144.0,17.4023601659) (212.01423052,29.6629630778) (211.949622347,27.9799349447) (211.945174579,27.8629774828) (185.493620853,27.7871204758) (211.943240194,27.8079453848) (186.513802484,24.4752061962) (211.932069635,27.4159730779) (211.861989866,24.8139694178) (211.842830091,23.7546759891) (211.724726513,15.8397977044) (210.030834836,23.3070404113) (210.884893275,15.0859128551) (210.81130607,16.7583941949) (210.790437506,17.1764292913) (210.775673586,17.4561648248) (210.661718424,18.5799947048) (210.59041284,19.2707417963) (210.583560883,19.335425543) (210.53327623,19.7521015329) (210.522317789,19.841491074) (210.407996129,20.7330130672) (210.308534669,21.4422429173) (210.299938828,21.5035031147) (210.179457392,22.3440764534) (210.169184544,22.4148473318) (210.140359599,22.6032680296) 
(324.0,45.8339810797) (108.0,86.463161947) (36.0,98.0410566018) (0.0,60.9035991218) (317.071578948,-6.06262967772) (252.0,25.8593961589) (216.0,42.1405966869) (180.0,44.9773190704) (144.0,17.4023601659) (212.01423052,29.6629630778) (211.949622347,27.9799349447) (211.945174579,27.8629774828) (185.493620853,27.7871204758) (211.943240194,27.8079453848) (186.513802484,24.4752061962) (211.932069635,27.4159730779) (211.861989866,24.8139694178) (211.842830091,23.7546759891) (211.724726513,15.8397977044) (210.030834836,23.3070404113) (210.884893275,15.0859128551) (210.81130607,16.7583941949) (210.790437506,17.1764292913) (210.775673586,17.4561648248) (210.661718424,18.5799947048) (210.59041284,19.2707417963) (210.583560883,19.335425543) (210.53327623,19.7521015329) (210.522317789,19.841491074) (210.407996129,20.7330130672) (210.308534669,21.4422429173) (210.299938828,21.5035031147) (210.179457392,22.3440764534) (210.169184544,22.4148473318) (210.140359599,22.6032680296) 
(324.0,45.8339810797) (108.0,86.463161947) (36.0,98.0410566018) (0.0,60.9035991218) (317.071578948,-6.06262967772) (252.0,25.8593961589) (216.0,42.1405966869) (180.0,44.9773190704) (144.0,17.4023601659) (212.01423052,29.6629630778) (211.949622347,27.9799349447) (211.945174579,27.8629774828) (185.493620853,27.7871204758) (211.943240194,27.8079453848) (186.513802484,24.4752061962) (211.932069635,27.4159730779) (211.861989866,24.8139694178) (211.842830091,23.7546759891) (211.724726513,15.8397977044) (210.030834836,23.3070404113) (210.884893275,15.0859128551) (210.81130607,16.7583941949) (210.790437506,17.1764292913) (210.775673586,17.4561648248) (210.661718424,18.5799947048) (210.59041284,19.2707417963) (210.583560883,19.335425543) (210.53327623,19.7521015329) (210.522317789,19.841491074) (210.407996129,20.7330130672) (210.308534669,21.4422429173) (210.299938828,21.5035031147) (210.179457392,22.3440764534) (210.169184544,22.4148473318) (210.140359599,22.6032680296) 
(324.0,45.8339810797) (108.0,86.463161947) (36.0,98.0410566018) (0.0,60.9035991218) (317.071578948,-6.06262967772) (252.0,25.8593961589) (216.0,42.1405966869) (180.0,44.9773190704) (144.0,17.4023601659) (212.01423052,29.6629630778) (211.949622347,27.9799349447) (211.945174579,27.8629774828) (185.493620853,27.7871204758) (211.943240194,27.8079453848) (186.513802484,24.4752061962) (211.932069635,27.4159730779) (211.861989866,24.8139694178) (211.842830091,23.7546759891) (211.724726513,15.8397977044) (210.030834836,23.3070404113) (210.884893275,15.0859128551) (210.81130607,16.7583941949) (210.790437506,17.1764292913) (210.775673586,17.4561648248) (210.661718424,18.5799947048) (210.59041284,19.2707417963) (210.583560883,19.335425543) (210.53327623,19.7521015329) (210.522317789,19.841491074) (210.407996129,20.7330130672) (210.308534669,21.4422429173) (210.299938828,21.5035031147) (210.179457392,22.3440764534) (210.169184544,22.4148473318) (210.140359599,22.6032680296) 
(324.0,45.8339810797) (108.0,86.463161947) (36.0,98.0410566018) (0.0,60.9035991218) (317.071578948,-6.06262967772) (252.0,25.8593961589) (216.0,42.1405966869) (180.0,44.9773190704) (144.0,17.4023601659) (212.01423052,29.6629630778) (211.949622347,27.9799349447) (211.945174579,27.8629774828) (185.493620853,27.7871204758) (211.943240194,27.8079453848) (186.513802484,24.4752061962) (211.932069635,27.4159730779) (211.861989866,24.8139694178) (211.842830091,23.7546759891) (211.724726513,15.8397977044) (210.030834836,23.3070404113) (210.884893275,15.0859128551) (210.81130607,16.7583941949) (210.790437506,17.1764292913) (210.775673586,17.4561648248) (210.661718424,18.5799947048) (210.59041284,19.2707417963) (210.583560883,19.335425543) (210.53327623,19.7521015329) (210.522317789,19.841491074) (210.407996129,20.7330130672) (210.308534669,21.4422429173) (210.299938828,21.5035031147) (210.179457392,22.3440764534) (210.169184544,22.4148473318) (210.140359599,22.6032680296) 
(324.0,45.8339810797) (108.0,86.463161947) (36.0,98.0410566018) (0.0,60.9035991218) (317.071578948,-6.06262967772) (252.0,25.8593961589) (216.0,42.1405966869) (180.0,44.9773190704) (144.0,17.4023601659) (212.01423052,29.6629630778) (211.949622347,27.9799349447) (211.945174579,27.8629774828) (185.493620853,27.7871204758) (211.943240194,27.8079453848) (186.513802484,24.4752061962) (211.932069635,27.4159730779) (211.861989866,24.8139694178) (211.842830091,23.7546759891) (211.724726513,15.8397977044) (210.030834836,23.3070404113) (210.884893275,15.0859128551) (210.81130607,16.7583941949) (210.790437506,17.1764292913) (210.775673586,17.4561648248) (210.661718424,18.5799947048) (210.59041284,19.2707417963) (210.583560883,19.335425543) (210.53327623,19.7521015329) (210.522317789,19.841491074) (210.407996129,20.7330130672) (210.308534669,21.4422429173) (210.299938828,21.5035031147) (210.179457392,22.3440764534) (210.169184544,22.4148473318) (210.140359599,22.6032680296) 
TD 13 :
(324.0,45.8339810797) (108.0,86.463161947) (36.0,98.0410566018) (0.0,60.9035991218) (317.071578948,-6.06262967772) (252.0,25.8593961589) (216.0,42.1405966869) (180.0,44.9773190704) (144.0,17.4023601659) (178.757401791,37.8218649313) (146.363268339,11.5678269226) (177.178213233,28.4022230885) (148.566724435,5.98160634276) (177.09957321,23.7416999728) (149.683732028,2.97008465508) (176.292398824,21.4769059362) (150.540077176,0.271518290245) (176.318453965,21.1140459273) (176.331224185,20.9336302393) (176.356208991,20.5602667318) (177.059832239,20.4724971493) (176.385830575,20.1162617444) (176.401052169,19.8791094617) (176.427809893,19.4493921557) (176.428234373,19.4424859449) (176.429435973,19.4226095923) (176.503386251,18.1337023972) (176.513878079,17.9165960649) (176.57399427,16.6228773539) (176.586983506,16.3340959141) (176.590253718,16.2413785906) (176.595709061,16.0544468242) (176.677506405,12.5312558363) (176.678491307,12.347959827) (177.038944926,16.7239660174) 
TD 14 :
(324.0,45.8339810797) (108.0,86.463161947) (36.0,98.0410566018) (0.0,60.9035991218) (317.071578948,-6.06262967772) (252.0,25.8593961589) (216.0,42.1405966869) (180.0,44.9773190704) (144.0,17.4023601659) (178.757401791,37.8218649313) (146.363268339,11.5678269226) (177.178213233,28.4022230885) (148.566724435,5.98160634276) (177.09957321,23.7416999728) (149.683732028,2.97008465508) (176.292398824,21.4769059362) (150.540077176,0.271518290245) (176.318453965,21.1140459273) (176.331224185,20.9336302393) (176.356208991,20.5602667318) (177.059832239,20.4724971493) (176.385830575,20.1162617444) (176.401052169,19.8791094617) (176.427809893,19.4493921557) (176.428234373,19.4424859449) (176.429435973,19.4226095923) (176.503386251,18.1337023972) (176.513878079,17.9165960649) (176.57399427,16.6228773539) (176.586983506,16.3340959141) (176.590253718,16.2413785906) (176.595709061,16.0544468242) (176.677506405,12.5312558363) (176.678491307,12.347959827) (177.038944926,16.7239660174) 
TD 15 :
(324.0,45.8339810797) (108.0,86.463161947) (36.0,98.0410566018) (0.0,60.9035991218) (317.071578948,-6.06262967772) (252.0,25.8593961589) (216.0,42.1405966869) (180.0,44.9773190704) (144.0,17.4023601659) (178.757401791,37.8218649313) (146.363268339,11.5678269226) (177.178213233,28.4022230885) (148.566724435,5.98160634276) (177.09957321,23.7416999728) (149.683732028,2.97008465508) (176.292398824,21.4769059362) (150.540077176,0.271518290245) (176.318453965,21.1140459273) (176.331224185,20.9336302393) (176.356208991,20.5602667318) (177.059832239,20.4724971493) (176.385830575,20.1162617444) (176.401052169,19.8791094617) (176.427809893,19.4493921557) (176.428234373,19.4424859449) (177.038944926,16.7239660174) (176.429435973,19.4226095923) (176.503386251,18.1337023972) (176.513878079,17.9165960649) (176.57399427,16.6228773539) (176.586983506,16.3340959141) (176.590253718,16.2413785906) (176.595709061,16.0544468242) (176.677506405,12.5312558363) (176.678491307,12.347959827) 
TD 16 :
(324.0,45.8339810797) (108.0,86.463161947) (36.0,98.0410566018) (0.0,60.9035991218) (317.071578948,-6.06262967772) (252.0,25.8593961589) (216.0,42.1405966869) (180.0,44.9773190704) (144.0,17.4023601659) (178.757401791,37.8218649313) (146.363268339,11.5678269226) (177.178213233,28.4022230885) (148.566724435,5.98160634276) (177.09957321,23.7416999728) (149.683732028,2.97008465508) (176.292398824,21.4769059362) (150.540077176,0.271518290245) (176.318453965,21.1140459273) (176.331224185,20.9336302393) (176.356208991,20.5602667318) (177.059832239,20.4724971493) (176.385830575,20.1162617444) (176.401052169,19.8791094617) (176.427809893,19.4493921557) (176.428234373,19.4424859449) (177.038944926,16.7239660174) (176.429435973,19.4226095923) (176.678491307,12.347959827) (176.677506405,12.5312558363) (176.595709061,16.0544468242) (176.590253718,16.2413785906) (176.586983506,16.3340959141) (176.57399427,16.6228773539) (176.513878079,17.9165960649) (176.503386251,18.1337023972) 
(324.0,45.8339810797) (108.0,86.463161947) (36.0,98.0410566018) (0.0,60.9035991218) (317.071578948,-6.06262967772) (252.0,25.8593961589) (216.0,42.1405966869) (180.0,44.9773190704) (144.0,17.4023601659) (178.757401791,37.8218649313) (146.363268339,11.5678269226) (177.178213233,28.4022230885) (148.566724435,5.98160634276) (177.09957321,23.7416999728) (149.683732028,2.97008465508) (176.292398824,21.4769059362) (150.540077176,0.271518290245) (176.318453965,21.1140459273) (176.331224185,20.9336302393) (176.356208991,20.5602667318) (177.059832239,20.4724971493) (176.385830575,20.1162617444) (176.401052169,19.8791094617) (176.427809893,19.4493921557) (176.428234373,19.4424859449) (177.038944926,16.7239660174) (176.429435973,19.4226095923) (176.678491307,12.347959827) (176.677506405,12.5312558363) (176.595709061,16.0544468242) (176.590253718,16.2413785906) (176.586983506,16.3340959141) (176.57399427,16.6228773539) (176.513878079,17.9165960649) (176.503386251,18.1337023972) 
(324.0,45.8339810797) (108.0,86.463161947) (36.0,98.0410566018) (0.0,60.9035991218) (317.071578948,-6.06262967772) (252.0,25.8593961589) (216.0,42.1405966869) (180.0,44.9773190704) (144.0,17.4023601659) (178.757401791,37.8218649313) (146.363268339,11.5678269226) (177.178213233,28.4022230885) (148.566724435,5.98160634276) (177.09957321,23.7416999728) (149.683732028,2.97008465508) (176.292398824,21.4769059362) (150.540077176,0.271518290245) (176.318453965,21.1140459273) (176.331224185,20.9336302393) (176.356208991,20.5602667318) (177.059832239,20.4724971493) (176.385830575,20.1162617444) (176.401052169,19.8791094617) (176.427809893,19.4493921557) (176.428234373,19.4424859449) (177.038944926,16.7239660174) (176.429435973,19.4226095923) (176.678491307,12.347959827) (176.677506405,12.5312558363) (176.595709061,16.0544468242) (176.590253718,16.2413785906) (176.586983506,16.3340959141) (176.57399427,16.6228773539) (176.513878079,17.9165960649) (176.503386251,18.1337023972) 
(324.0,45.8339810797) (108.0,86.463161947) (36.0,98.0410566018) (0.0,60.9035991218) (317.071578948,-6.06262967772) (252.0,25.8593961589) (216.0,42.1405966869) (180.0,44.9773190704) (144.0,17.4023601659) (178.757401791,37.8218649313) (146.363268339,11.5678269226) (177.178213233,28.4022230885) (148.566724435,5.98160634276) (177.09957321,23.7416999728) (149.683732028,2.97008465508) (176.292398824,21.4769059362) (150.540077176,0.271518290245) (176.318453965,21.1140459273) (176.331224185,20.9336302393) (176.356208991,20.5602667318) (177.059832239,20.4724971493) (176.385830575,20.1162617444) (176.401052169,19.8791094617) (176.427809893,19.4493921557) (176.428234373,19.4424859449) (177.038944926,16.7239660174) (176.429435973,19.4226095923) (176.678491307,12.347959827) (176.677506405,12.5312558363) (176.595709061,16.0544468242) (176.590253718,16.2413785906) (176.586983506,16.3340959141) (176.57399427,16.6228773539) (176.513878079,17.9165960649) (176.503386251,18.1337023972) 
(324.0,45.8339810797) (108.0,86.463161947) (36.0,98.0410566018) (0.0,60.9035991218) (317.071578948,-6.06262967772) (252.0,25.8593961589) (216.0,42.1405966869) (180.0,44.9773190704) (144.0,17.4023601659) (178.757401791,37.8218649313) (146.363268339,11.5678269226) (177.178213233,28.4022230885) (148.566724435,5.98160634276) (177.09957321,23.7416999728) (149.683732028,2.97008465508) (176.292398824,21.4769059362) (150.540077176,0.271518290245) (176.318453965,21.1140459273) (176.331224185,20.9336302393) (176.356208991,20.5602667318) (177.059832239,20.4724971493) (176.385830575,20.1162617444) (176.401052169,19.8791094617) (176.427809893,19.4493921557) (176.428234373,19.4424859449) (177.038944926,16.7239660174) (176.429435973,19.4226095923) (176.678491307,12.347959827) (176.677506405,12.5312558363) (176.595709061,16.0544468242) (176.590253718,16.2413785906) (176.586983506,16.3340959141) (176.57399427,16.6228773539) (176.513878079,17.9165960649) (176.503386251,18.1337023972) 
(324.0,45.8339810797) (108.0,86.463161947) (36.0,98.0410566018) (0.0,60.9035991218) (317.071578948,-6.06262967772) (252.0,25.8593961589) (216.0,42.1405966869) (180.0,44.9773190704) (144.0,17.4023601659) (178.757401791,37.8218649313) (146.363268339,11.5678269226) (177.178213233,28.4022230885) (148.566724435,5.98160634276) (177.09957321,23.7416999728) (149.683732028,2.97008465508) (176.292398824,21.4769059362) (150.540077176,0.271518290245) (176.318453965,21.1140459273) (176.331224185,20.9336302393) (176.356208991,20.5602667318) (177.059832239,20.4724971493) (176.385830575,20.1162617444) (176.401052169,19.8791094617) (176.427809893,19.4493921557) (176.428234373,19.4424859449) (177.038944926,16.7239660174) (176.429435973,19.4226095923) (176.678491307,12.347959827) (176.677506405,12.5312558363) (176.595709061,16.0544468242) (176.590253718,16.2413785906) (176.586983506,16.3340959141) (176.57399427,16.6228773539) (176.513878079,17.9165960649) (176.503386251,18.1337023972) 
(324.0,45.8339810797) (108.0,86.463161947) (36.0,98.0410566018) (0.0,60.9035991218) (317.071578948,-6.06262967772) (252.0,25.8593961589) (216.0,42.1405966869) (180.0,44.9773190704) (144.0,17.4023601659) (178.757401791,37.8218649313) (146.363268339,11.5678269226) (177.178213233,28.4022230885) (148.566724435,5.98160634276) (177.09957321,23.7416999728) (149.683732028,2.97008465508) (176.292398824,21.4769059362) (150.540077176,0.271518290245) (176.318453965,21.1140459273) (176.331224185,20.9336302393) (176.356208991,20.5602667318) (177.059832239,20.4724971493) (176.385830575,20.1162617444) (176.401052169,19.8791094617) (176.427809893,19.4493921557) (176.428234373,19.4424859449) (177.038944926,16.7239660174) (176.429435973,19.4226095923) (176.678491307,12.347959827) (176.677506405,12.5312558363) (176.595709061,16.0544468242) (176.590253718,16.2413785906) (176.586983506,16.3340959141) (176.57399427,16.6228773539) (176.513878079,17.9165960649) (176.503386251,18.1337023972) 
Pocket 0 :
()
Pocket 1 :
({  (0.0,60.9035991218) ,(36.0,98.0410566018) } {  (0.0,60.9035991218) ,(36.0,98.0410566018) } {  (0.0,60.9035991218) ,(36.0,98.0410566018) } {  (0.0,60.9035991218) ,(36.0,98.0410566018) } {  (0.0,60.9035991218) ,(36.0,98.0410566018) } {  (0.0,60.9035991218) ,(36.0,98.0410566018) } )
Pocket 2 :
({  (72.0,88.608746583) ,(0.0,60.9035991218) } {  (252.0,25.8593961589) ,(216.0,42.1405966869) } {  (252.0,25.8593961589) ,(216.0,42.1405966869) } {  (252.0,25.8593961589) ,(216.0,42.1405966869) } )
Pocket 3 :
({  (144.0,17.4023601659) ,(216.0,42.1405966869) } {  (185.493620853,27.7871204758) ,(180.0,44.9773190704) } {  (144.0,17.4023601659) ,(216.0,42.1405966869) } {  (185.493620853,27.7871204758) ,(180.0,44.9773190704) } {  (254.425593163,14.2457504232) ,(253.806211495,17.3960515513) } {  (254.425593163,14.2457504232) ,(253.806211495,17.3960515513) } )
Pocket 4 :
({  (146.363268339,11.5678269226) ,(144.0,17.4023601659) } {  (324.0,45.8339810797) ,(178.757401791,37.8218649313) } {  (146.363268339,11.5678269226) ,(144.0,17.4023601659) } {  (324.0,45.8339810797) ,(178.757401791,37.8218649313) } {  (324.0,45.8339810797) ,(212.01423052,29.6629630778) } {  (324.0,45.8339810797) ,(212.01423052,29.6629630778) } {  (255.109558129,10.64115271) ,(254.425593163,14.2457504232) } {  (255.109558129,10.64115271) ,(254.425593163,14.2457504232) } {  (255.109558129,10.64115271) ,(254.425593163,14.2457504232) } )
Pocket 5 :
({  (148.566724435,5.98160634276) ,(146.363268339,11.5678269226) } {  (324.0,45.8339810797) ,(177.178213233,28.4022230885) } {  (148.566724435,5.98160634276) ,(146.363268339,11.5678269226) } {  (324.0,45.8339810797) ,(177.178213233,28.4022230885) } {  (324.0,45.8339810797) ,(211.949622347,27.9799349447) } {  (324.0,45.8339810797) ,(211.949622347,27.9799349447) } {  (255.8713632,6.57128376243) ,(255.109558129,10.64115271) } {  (255.8713632,6.57128376243) ,(255.109558129,10.64115271) } {  (324.0,45.8339810797) ,(310.605967155,-81.526306562) } )
Pocket 6 :
({  (149.683732028,2.97008465508) ,(148.566724435,5.98160634276) } {  (324.0,45.8339810797) ,(177.09957321,23.7416999728) } {  (149.683732028,2.97008465508) ,(148.566724435,5.98160634276) } {  (324.0,45.8339810797) ,(177.09957321,23.7416999728) } {  (186.513802484,24.4752061962) ,(185.493620853,27.7871204758) } {  (186.513802484,24.4752061962) ,(185.493620853,27.7871204758) } {  (186.513802484,24.4752061962) ,(185.493620853,27.7871204758) } {  (256.880388382,1.12919876934) ,(255.8713632,6.57128376243) } {  (256.880388382,1.12919876934) ,(255.8713632,6.57128376243) } {  (294.963121315,-83.7685859672) ,(292.338422303,-54.5474119166) } {  (294.963121315,-83.7685859672) ,(292.338422303,-54.5474119166) } {  (294.963121315,-83.7685859672) ,(292.338422303,-54.5474119166) } )
Pocket 7 :
({  (150.540077176,0.271518290245) ,(149.683732028,2.97008465508) } {  (176.318453965,21.1140459273) ,(176.292398824,21.4769059362) } {  (150.540077176,0.271518290245) ,(149.683732028,2.97008465508) } {  (176.318453965,21.1140459273) ,(176.292398824,21.4769059362) } {  (187.60857303,19.015856302) ,(186.513802484,24.4752061962) } {  (187.60857303,19.015856302) ,(186.513802484,24.4752061962) } {  (187.60857303,19.015856302) ,(186.513802484,24.4752061962) } {  (256.883517785,1.11231860778) ,(256.880388382,1.12919876934) } {  (256.883517785,1.11231860778) ,(256.880388382,1.12919876934) } )
Pocket 8 :
({  (154.042422131,-11.2255339606) ,(150.540077176,0.271518290245) } {  (176.331224185,20.9336302393) ,(176.318453965,21.1140459273) } {  (176.331224185,20.9336302393) ,(176.318453965,21.1140459273) } {  (324.0,45.8339810797) ,(211.932069635,27.4159730779) } {  (324.0,45.8339810797) ,(211.932069635,27.4159730779) } {  (258.130932802,-5.7585065082) ,(256.883517785,1.11231860778) } {  (258.130932802,-5.7585065082) ,(256.883517785,1.11231860778) } )
Pocket 9 :
({  (155.629561358,-17.9771363409) ,(154.042422131,-11.2255339606) } {  (176.356208991,20.5602667318) ,(176.331224185,20.9336302393) } {  (176.356208991,20.5602667318) ,(176.331224185,20.9336302393) } {  (324.0,45.8339810797) ,(211.861989866,24.8139694178) } {  (324.0,45.8339810797) ,(211.861989866,24.8139694178) } {  (258.38160831,-7.43062180371) ,(258.130932802,-5.7585065082) } {  (258.38160831,-7.43062180371) ,(258.130932802,-5.7585065082) } )
Pocket 10 :
({  (155.843358174,-19.6583734086) ,(155.629561358,-17.9771363409) } {  (176.385830575,20.1162617444) ,(176.356208991,20.5602667318) } {  (176.385830575,20.1162617444) ,(176.356208991,20.5602667318) } {  (324.0,45.8339810797) ,(211.842830091,23.7546759891) } {  (324.0,45.8339810797) ,(211.842830091,23.7546759891) } {  (258.474730621,-8.10828698847) ,(258.38160831,-7.43062180371) } {  (258.474730621,-8.10828698847) ,(258.38160831,-7.43062180371) } {  (258.474730621,-8.10828698847) ,(258.38160831,-7.43062180371) } {  (258.474730621,-8.10828698847) ,(258.38160831,-7.43062180371) } {  (258.474730621,-8.10828698847) ,(258.38160831,-7.43062180371) } {  (258.474730621,-8.10828698847) ,(258.38160831,-7.43062180371) } {  (258.474730621,-8.10828698847) ,(258.38160831,-7.43062180371) } {  (258.474730621,-8.10828698847) ,(258.38160831,-7.43062180371) } {  (258.474730621,-8.10828698847) ,(258.38160831,-7.43062180371) } {  (258.474730621,-8.10828698847) ,(258.38160831,-7.43062180371) } {  (258.474730621,-8.10828698847) ,(258.38160831,-7.43062180371) } )
Pocket 11 :
({  (158.020417169,-39.1547278311) ,(155.843358174,-19.6583734086) } {  (324.0,45.8339810797) ,(176.08599556,19.8018143135) } {  (158.020417169,-39.1547278311) ,(155.843358174,-19.6583734086) } {  (324.0,45.8339810797) ,(176.08599556,19.8018143135) } {  (176.401052169,19.8791094617) ,(176.385830575,20.1162617444) } {  (176.401052169,19.8791094617) ,(176.385830575,20.1162617444) } {  (176.401052169,19.8791094617) ,(176.385830575,20.1162617444) } {  (210.140359599,22.6032680296) ,(210.030834836,23.3070404113) } {  (210.140359599,22.6032680296) ,(210.030834836,23.3070404113) } )
Pocket 12 :
({  (175.235637028,7.65937164538) ,(158.020417169,-39.1547278311) } {  (324.0,45.8339810797) ,(176.061862299,19.5857901539) } {  (175.235637028,7.65937164538) ,(158.020417169,-39.1547278311) } {  (324.0,45.8339810797) ,(176.061862299,19.5857901539) } {  (176.427809893,19.4493921557) ,(176.401052169,19.8791094617) } {  (176.427809893,19.4493921557) ,(176.401052169,19.8791094617) } {  (210.169184544,22.4148473318) ,(210.140359599,22.6032680296) } {  (210.169184544,22.4148473318) ,(210.140359599,22.6032680296) } {  (210.169184544,22.4148473318) ,(210.140359599,22.6032680296) } {  (210.169184544,22.4148473318) ,(210.140359599,22.6032680296) } {  (210.169184544,22.4148473318) ,(210.140359599,22.6032680296) } {  (210.169184544,22.4148473318) ,(210.140359599,22.6032680296) } {  (210.169184544,22.4148473318) ,(210.140359599,22.6032680296) } {  (210.169184544,22.4148473318) ,(210.140359599,22.6032680296) } {  (210.169184544,22.4148473318) ,(210.140359599,22.6032680296) } {  (210.169184544,22.4148473318) ,(210.140359599,22.6032680296) } {  (210.169184544,22.4148473318) ,(210.140359599,22.6032680296) } {  (210.169184544,22.4148473318) ,(210.140359599,22.6032680296) } {  (210.169184544,22.4148473318) ,(210.140359599,22.6032680296) } {  (210.169184544,22.4148473318) ,(210.140359599,22.6032680296) } {  (210.169184544,22.4148473318) ,(210.140359599,22.6032680296) } )
Pocket 13 :
({  (176.427809893,19.4493921557) ,(176.401052169,19.8791094617) } )
Pocket 14 :
({  (176.428234373,19.4424859449) ,(176.427809893,19.4493921557) } )
Pocket 15 :
({  (176.429435973,19.4226095923) ,(176.428234373,19.4424859449) } {  (324.0,45.8339810797) ,(177.038944926,16.7239660174) } )
