4 layers in onion peeling: 
Layer 1
(36.0,18.3940123786) (0.0,-13.3443861647) 
Layer 2
(33.3219128072,-22.0452652266) (2.88239492645,-20.0781519987) 
Layer 3
(31.2978792677,-53.0045247437) (10.6111128368,-38.9424330506) 
Layer 4
(31.2786232225,-53.3217836533) (15.6516866724,-54.6285339204) 
---------------------------------------------------------------------------------------
TD 0 :
(36.0,18.3940123786) (33.3219128072,-22.0452652266) (31.2978792677,-53.0045247437) (31.2786232225,-53.3217836533) (17.7223420969,-81.4379609285) (16.4779409141,-59.7525967737) (15.6516866724,-54.6285339204) (10.6111128368,-38.9424330506) (2.88239492645,-20.0781519987) (0.0,-13.3443861647) 
TD 1 :
(36.0,18.3940123786) (0.0,-13.3443861647) (2.88239492645,-20.0781519987) (10.6111128368,-38.9424330506) (15.6516866724,-54.6285339204) (16.4779409141,-59.7525967737) (17.7223420969,-81.4379609285) (31.2786232225,-53.3217836533) (31.2978792677,-53.0045247437) (33.3219128072,-22.0452652266) 
TD 2 :
(36.0,18.3940123786) (0.0,-13.3443861647) (33.3219128072,-22.0452652266) (2.88239492645,-20.0781519987) (10.6111128368,-38.9424330506) (15.6516866724,-54.6285339204) (16.4779409141,-59.7525967737) (17.7223420969,-81.4379609285) (31.2786232225,-53.3217836533) (31.2978792677,-53.0045247437) 
TD 3 :
(36.0,18.3940123786) (0.0,-13.3443861647) (33.3219128072,-22.0452652266) (2.88239492645,-20.0781519987) (31.2978792677,-53.0045247437) (10.6111128368,-38.9424330506) (15.6516866724,-54.6285339204) (16.4779409141,-59.7525967737) (17.7223420969,-81.4379609285) (31.2786232225,-53.3217836533) 
TD 4 :
(36.0,18.3940123786) (0.0,-13.3443861647) (33.3219128072,-22.0452652266) (2.88239492645,-20.0781519987) (31.2978792677,-53.0045247437) (10.6111128368,-38.9424330506) (31.2786232225,-53.3217836533) (15.6516866724,-54.6285339204) (16.4779409141,-59.7525967737) (17.7223420969,-81.4379609285) 
Pocket 0 :
()
Pocket 1 :
({  (0.0,-13.3443861647) ,(2.88239492645,-20.0781519987) } {  (33.3219128072,-22.0452652266) ,(36.0,18.3940123786) } )
Pocket 2 :
({  (2.88239492645,-20.0781519987) ,(0.0,-13.3443861647) } {  (36.0,18.3940123786) ,(33.3219128072,-22.0452652266) } )
Pocket 3 :
({  (10.6111128368,-38.9424330506) ,(2.88239492645,-20.0781519987) } {  (36.0,18.3940123786) ,(31.2978792677,-53.0045247437) } )
