4 layers in onion peeling: 
Layer 1
(36.0,37.5311978135) (0.0,10.2074654872) 
Layer 2
(32.8412959129,25.0098288786) (3.6629945614,-14.9072500446) 
Layer 3
(32.5557160539,23.5323369636) (4.34391102142,-20.0230949456) 
Layer 4
(25.744340413,-19.8620727385) (4.46794677698,-21.4209003832) 
---------------------------------------------------------------------------------------
TD 0 :
(36.0,37.5311978135) (32.8412959129,25.0098288786) (32.5557160539,23.5323369636) (25.744340413,-19.8620727385) (24.5077415761,-28.712463555) (4.92979932697,-41.4968394016) (4.46794677698,-21.4209003832) (4.34391102142,-20.0230949456) (3.6629945614,-14.9072500446) (0.0,10.2074654872) 
TD 1 :
(36.0,37.5311978135) (0.0,10.2074654872) (3.6629945614,-14.9072500446) (4.34391102142,-20.0230949456) (4.46794677698,-21.4209003832) (4.92979932697,-41.4968394016) (24.5077415761,-28.712463555) (25.744340413,-19.8620727385) (32.5557160539,23.5323369636) (32.8412959129,25.0098288786) 
TD 2 :
(36.0,37.5311978135) (0.0,10.2074654872) (32.8412959129,25.0098288786) (3.6629945614,-14.9072500446) (4.34391102142,-20.0230949456) (4.46794677698,-21.4209003832) (4.92979932697,-41.4968394016) (24.5077415761,-28.712463555) (25.744340413,-19.8620727385) (32.5557160539,23.5323369636) 
TD 3 :
(36.0,37.5311978135) (0.0,10.2074654872) (32.8412959129,25.0098288786) (3.6629945614,-14.9072500446) (32.5557160539,23.5323369636) (4.34391102142,-20.0230949456) (4.46794677698,-21.4209003832) (4.92979932697,-41.4968394016) (24.5077415761,-28.712463555) (25.744340413,-19.8620727385) 
TD 4 :
(36.0,37.5311978135) (0.0,10.2074654872) (32.8412959129,25.0098288786) (3.6629945614,-14.9072500446) (32.5557160539,23.5323369636) (4.34391102142,-20.0230949456) (25.744340413,-19.8620727385) (4.46794677698,-21.4209003832) (4.92979932697,-41.4968394016) (24.5077415761,-28.712463555) 
Pocket 0 :
()
Pocket 1 :
({  (0.0,10.2074654872) ,(3.6629945614,-14.9072500446) } {  (32.8412959129,25.0098288786) ,(36.0,37.5311978135) } )
Pocket 2 :
({  (3.6629945614,-14.9072500446) ,(0.0,10.2074654872) } {  (36.0,37.5311978135) ,(32.8412959129,25.0098288786) } )
Pocket 3 :
({  (4.34391102142,-20.0230949456) ,(3.6629945614,-14.9072500446) } {  (36.0,37.5311978135) ,(32.5557160539,23.5323369636) } )
