23 layers in onion peeling: 
Layer 1
(324.0,-85.8682325502) (180.0,-3.11436559603) (108.0,-24.7048618163) (0.0,-65.403519933) 
Layer 2
(323.031700899,-90.9675384092) (178.272860711,-11.5901483153) (36.0,-57.031919247) 
Layer 3
(322.178422766,-96.8043803843) (178.120820045,-12.377363278) (144.0,-26.4029229894) (72.0,-80.5244741835) 
Layer 4
(321.916133052,-98.8571401381) (288.0,-79.8266244774) (181.659996695,-21.4924377296) (146.547879243,-35.1525183928) 
Layer 5
(321.710848451,-100.596289634) (176.090403277,-23.8071217612) (146.580091844,-35.268854374) 
Layer 6
(320.330734698,-113.956438967) (290.798467143,-86.3657384327) (182.972520314,-37.1213126393) (148.826682923,-43.5516422261) 
Layer 7
(319.879429068,-118.678714765) (291.81538044,-88.7585639886) (183.543739784,-44.4385481242) (173.353140873,-45.2371673356) (153.380546804,-60.3532091069) 
Layer 8
(319.728852987,-121.559559169) (291.940892818,-89.06139334) (173.303472905,-46.8160269578) (154.545391028,-65.2452249342) 
Layer 9
(305.754694863,-137.858073086) (302.97189276,-123.869682849) (302.525866329,-121.71287234) (300.868760211,-115.33262304) (300.373910159,-113.498983111) (299.03314743,-108.540772068) (298.767942327,-107.610534089) (297.571567217,-103.848133939) (295.261715034,-97.2885530787) (295.217077834,-97.1728619442) (294.967927628,-96.5271742051) (292.846407902,-91.2640998123) (292.786063546,-91.1150811297) (173.284800267,-47.4118529372) (155.314655015,-70.3614236627) 
Layer 10
(252.0,-110.456250052) (216.0,-67.6035817827) (173.211453745,-49.7537851036) (155.905259385,-77.8628550941) 
Layer 11
(214.692189306,-73.6466417442) (173.179853966,-50.7822687908) (171.85595688,-62.0557560081) 
Layer 12
(214.087374945,-76.4897610083) (173.176937695,-50.8777490699) (171.889359271,-64.929377993) 
Layer 13
(213.912470563,-77.3290946876) (173.159956051,-51.446918782) (171.90176584,-66.1549584883) 
Layer 14
(213.491355531,-79.6488922555) (173.14461002,-51.9710344355) (171.917130213,-70.2555652221) 
Layer 15
(212.809234083,-83.554807898) (173.124429362,-52.6815529121) (171.920606209,-71.6403626284) 
Layer 16
(212.757144914,-83.8608695571) (173.1195416,-52.8595304666) (171.93384518,-83.2216696669) 
Layer 17
(212.537872912,-85.3256196397) (173.100942126,-53.5471930477) (173.083390524,-54.2006109996) (173.065548045,-54.8745273955) (173.039101974,-55.9264303529) (172.980788112,-58.3388548679) (172.949688986,-59.7407309228) (172.944648838,-59.9713738896) (172.940377702,-60.1751247554) (172.872741593,-63.5001393168) (172.872651698,-63.5047908551) (172.809883503,-66.8326345328) (172.77604321,-68.670448518) (172.732833875,-71.0831837239) (172.716881588,-72.2892979628) (172.701379814,-73.4905369257) (172.685296999,-75.0823253789) (172.658840726,-77.7978892747) 
Layer 18
(210.651030048,-98.0210262694) (185.465111998,-70.2485798457) 
Layer 19
(209.618355499,-105.013279323) (186.522270736,-85.0834768646) 
Layer 20
(209.484937783,-105.93403853) (186.647201835,-88.0078480672) 
Layer 21
(209.45486768,-106.144971908) (187.064353913,-104.99869975) 
Layer 22
(209.163625855,-108.191217728) (187.312987067,-164.050179258) 
Layer 23
(208.129384046,-115.625380499) (207.662468392,-119.579954092) (206.352641492,-132.039826806) (206.343293995,-132.196468904) 
---------------------------------------------------------------------------------------
TD 0 :
(324.0,-85.8682325502) (323.031700899,-90.9675384092) (322.178422766,-96.8043803843) (321.916133052,-98.8571401381) (321.710848451,-100.596289634) (320.330734698,-113.956438967) (319.879429068,-118.678714765) (319.728852987,-121.559559169) (305.754694863,-137.858073086) (302.97189276,-123.869682849) (302.525866329,-121.71287234) (300.868760211,-115.33262304) (300.373910159,-113.498983111) (299.03314743,-108.540772068) (298.767942327,-107.610534089) (297.571567217,-103.848133939) (295.261715034,-97.2885530787) (295.217077834,-97.1728619442) (294.967927628,-96.5271742051) (292.846407902,-91.2640998123) (292.786063546,-91.1150811297) (291.940892818,-89.06139334) (291.81538044,-88.7585639886) (290.798467143,-86.3657384327) (288.0,-79.8266244774) (252.0,-110.456250052) (216.0,-67.6035817827) (214.692189306,-73.6466417442) (214.087374945,-76.4897610083) (213.912470563,-77.3290946876) (213.491355531,-79.6488922555) (212.809234083,-83.554807898) (212.757144914,-83.8608695571) (212.537872912,-85.3256196397) (210.651030048,-98.0210262694) (209.618355499,-105.013279323) (209.484937783,-105.93403853) (209.45486768,-106.144971908) (209.163625855,-108.191217728) (208.129384046,-115.625380499) (207.662468392,-119.579954092) (206.352641492,-132.039826806) (206.343293995,-132.196468904) (187.312987067,-164.050179258) (187.064353913,-104.99869975) (186.647201835,-88.0078480672) (186.522270736,-85.0834768646) (185.465111998,-70.2485798457) (183.543739784,-44.4385481242) (182.972520314,-37.1213126393) (181.659996695,-21.4924377296) (180.0,-3.11436559603) (178.272860711,-11.5901483153) (178.120820045,-12.377363278) (176.090403277,-23.8071217612) (173.353140873,-45.2371673356) (173.303472905,-46.8160269578) (173.284800267,-47.4118529372) (173.211453745,-49.7537851036) (173.179853966,-50.7822687908) (173.176937695,-50.8777490699) (173.159956051,-51.446918782) (173.14461002,-51.9710344355) (173.124429362,-52.6815529121) (173.1195416,-52.8595304666) (173.100942126,-53.5471930477) (173.083390524,-54.2006109996) (173.065548045,-54.8745273955) (173.039101974,-55.9264303529) (172.980788112,-58.3388548679) (172.949688986,-59.7407309228) (172.944648838,-59.9713738896) (172.940377702,-60.1751247554) (172.872741593,-63.5001393168) (172.872651698,-63.5047908551) (172.809883503,-66.8326345328) (172.77604321,-68.670448518) (172.732833875,-71.0831837239) (172.716881588,-72.2892979628) (172.701379814,-73.4905369257) (172.685296999,-75.0823253789) (172.658840726,-77.7978892747) (171.93384518,-83.2216696669) (171.920606209,-71.6403626284) (171.917130213,-70.2555652221) (171.90176584,-66.1549584883) (171.889359271,-64.929377993) (171.85595688,-62.0557560081) (155.905259385,-77.8628550941) (155.314655015,-70.3614236627) (154.545391028,-65.2452249342) (153.380546804,-60.3532091069) (148.826682923,-43.5516422261) (146.580091844,-35.268854374) (146.547879243,-35.1525183928) (144.0,-26.4029229894) (108.0,-24.7048618163) (72.0,-80.5244741835) (36.0,-57.031919247) (0.0,-65.403519933) 
TD 1 :
(324.0,-85.8682325502) (180.0,-3.11436559603) (108.0,-24.7048618163) (0.0,-65.403519933) (36.0,-57.031919247) (72.0,-80.5244741835) 
(324.0,-85.8682325502) (180.0,-3.11436559603) (108.0,-24.7048618163) (0.0,-65.403519933) (144.0,-26.4029229894) (146.547879243,-35.1525183928) (146.580091844,-35.268854374) (148.826682923,-43.5516422261) (153.380546804,-60.3532091069) (154.545391028,-65.2452249342) (155.314655015,-70.3614236627) (155.905259385,-77.8628550941) (171.85595688,-62.0557560081) (171.889359271,-64.929377993) (171.90176584,-66.1549584883) (171.917130213,-70.2555652221) (171.920606209,-71.6403626284) (171.93384518,-83.2216696669) (172.658840726,-77.7978892747) (172.685296999,-75.0823253789) (172.701379814,-73.4905369257) (172.716881588,-72.2892979628) (172.732833875,-71.0831837239) (172.77604321,-68.670448518) (172.809883503,-66.8326345328) (172.872651698,-63.5047908551) (172.872741593,-63.5001393168) (172.940377702,-60.1751247554) (172.944648838,-59.9713738896) (172.949688986,-59.7407309228) (172.980788112,-58.3388548679) (173.039101974,-55.9264303529) (173.065548045,-54.8745273955) (173.083390524,-54.2006109996) (173.100942126,-53.5471930477) (173.1195416,-52.8595304666) (173.124429362,-52.6815529121) (173.14461002,-51.9710344355) (173.159956051,-51.446918782) (173.176937695,-50.8777490699) (173.179853966,-50.7822687908) (173.211453745,-49.7537851036) (173.284800267,-47.4118529372) (173.303472905,-46.8160269578) (173.353140873,-45.2371673356) (176.090403277,-23.8071217612) (178.120820045,-12.377363278) (178.272860711,-11.5901483153) 
(324.0,-85.8682325502) (180.0,-3.11436559603) (108.0,-24.7048618163) (0.0,-65.403519933) (181.659996695,-21.4924377296) (182.972520314,-37.1213126393) (183.543739784,-44.4385481242) (185.465111998,-70.2485798457) (186.522270736,-85.0834768646) (186.647201835,-88.0078480672) (187.064353913,-104.99869975) (187.312987067,-164.050179258) (206.343293995,-132.196468904) (206.352641492,-132.039826806) (207.662468392,-119.579954092) (208.129384046,-115.625380499) (209.163625855,-108.191217728) (209.45486768,-106.144971908) (209.484937783,-105.93403853) (209.618355499,-105.013279323) (210.651030048,-98.0210262694) (212.537872912,-85.3256196397) (212.757144914,-83.8608695571) (212.809234083,-83.554807898) (213.491355531,-79.6488922555) (213.912470563,-77.3290946876) (214.087374945,-76.4897610083) (214.692189306,-73.6466417442) (216.0,-67.6035817827) (252.0,-110.456250052) (288.0,-79.8266244774) (290.798467143,-86.3657384327) (291.81538044,-88.7585639886) (291.940892818,-89.06139334) (292.786063546,-91.1150811297) (292.846407902,-91.2640998123) (294.967927628,-96.5271742051) (295.217077834,-97.1728619442) (295.261715034,-97.2885530787) (297.571567217,-103.848133939) (298.767942327,-107.610534089) (299.03314743,-108.540772068) (300.373910159,-113.498983111) (300.868760211,-115.33262304) (302.525866329,-121.71287234) (302.97189276,-123.869682849) (305.754694863,-137.858073086) (319.728852987,-121.559559169) (319.879429068,-118.678714765) (320.330734698,-113.956438967) (321.710848451,-100.596289634) (321.916133052,-98.8571401381) (322.178422766,-96.8043803843) (323.031700899,-90.9675384092) 
TD 2 :
(324.0,-85.8682325502) (180.0,-3.11436559603) (108.0,-24.7048618163) (0.0,-65.403519933) (36.0,-57.031919247) (72.0,-80.5244741835) 
(324.0,-85.8682325502) (180.0,-3.11436559603) (108.0,-24.7048618163) (0.0,-65.403519933) (178.272860711,-11.5901483153) (144.0,-26.4029229894) (146.547879243,-35.1525183928) (146.580091844,-35.268854374) (148.826682923,-43.5516422261) (153.380546804,-60.3532091069) (154.545391028,-65.2452249342) (155.314655015,-70.3614236627) (155.905259385,-77.8628550941) (171.85595688,-62.0557560081) (171.889359271,-64.929377993) (171.90176584,-66.1549584883) (171.917130213,-70.2555652221) (171.920606209,-71.6403626284) (171.93384518,-83.2216696669) (172.658840726,-77.7978892747) (172.685296999,-75.0823253789) (172.701379814,-73.4905369257) (172.716881588,-72.2892979628) (172.732833875,-71.0831837239) (172.77604321,-68.670448518) (172.809883503,-66.8326345328) (172.872651698,-63.5047908551) (172.872741593,-63.5001393168) (172.940377702,-60.1751247554) (172.944648838,-59.9713738896) (172.949688986,-59.7407309228) (172.980788112,-58.3388548679) (173.039101974,-55.9264303529) (173.065548045,-54.8745273955) (173.083390524,-54.2006109996) (173.100942126,-53.5471930477) (173.1195416,-52.8595304666) (173.124429362,-52.6815529121) (173.14461002,-51.9710344355) (173.159956051,-51.446918782) (173.176937695,-50.8777490699) (173.179853966,-50.7822687908) (173.211453745,-49.7537851036) (173.284800267,-47.4118529372) (173.303472905,-46.8160269578) (173.353140873,-45.2371673356) (176.090403277,-23.8071217612) (178.120820045,-12.377363278) 
(324.0,-85.8682325502) (180.0,-3.11436559603) (108.0,-24.7048618163) (0.0,-65.403519933) (178.272860711,-11.5901483153) 
(324.0,-85.8682325502) (180.0,-3.11436559603) (108.0,-24.7048618163) (0.0,-65.403519933) (323.031700899,-90.9675384092) (181.659996695,-21.4924377296) (182.972520314,-37.1213126393) (183.543739784,-44.4385481242) (185.465111998,-70.2485798457) (186.522270736,-85.0834768646) (186.647201835,-88.0078480672) (187.064353913,-104.99869975) (187.312987067,-164.050179258) (206.343293995,-132.196468904) (206.352641492,-132.039826806) (207.662468392,-119.579954092) (208.129384046,-115.625380499) (209.163625855,-108.191217728) (209.45486768,-106.144971908) (209.484937783,-105.93403853) (209.618355499,-105.013279323) (210.651030048,-98.0210262694) (212.537872912,-85.3256196397) (212.757144914,-83.8608695571) (212.809234083,-83.554807898) (213.491355531,-79.6488922555) (213.912470563,-77.3290946876) (214.087374945,-76.4897610083) (214.692189306,-73.6466417442) (216.0,-67.6035817827) (252.0,-110.456250052) (288.0,-79.8266244774) (290.798467143,-86.3657384327) (291.81538044,-88.7585639886) (291.940892818,-89.06139334) (292.786063546,-91.1150811297) (292.846407902,-91.2640998123) (294.967927628,-96.5271742051) (295.217077834,-97.1728619442) (295.261715034,-97.2885530787) (297.571567217,-103.848133939) (298.767942327,-107.610534089) (299.03314743,-108.540772068) (300.373910159,-113.498983111) (300.868760211,-115.33262304) (302.525866329,-121.71287234) (302.97189276,-123.869682849) (305.754694863,-137.858073086) (319.728852987,-121.559559169) (319.879429068,-118.678714765) (320.330734698,-113.956438967) (321.710848451,-100.596289634) (321.916133052,-98.8571401381) (322.178422766,-96.8043803843) 
TD 3 :
(324.0,-85.8682325502) (180.0,-3.11436559603) (108.0,-24.7048618163) (0.0,-65.403519933) (36.0,-57.031919247) (72.0,-80.5244741835) 
(324.0,-85.8682325502) (180.0,-3.11436559603) (108.0,-24.7048618163) (0.0,-65.403519933) (178.272860711,-11.5901483153) (178.120820045,-12.377363278) (144.0,-26.4029229894) 
(324.0,-85.8682325502) (180.0,-3.11436559603) (108.0,-24.7048618163) (0.0,-65.403519933) (178.272860711,-11.5901483153) (178.120820045,-12.377363278) (144.0,-26.4029229894) (146.547879243,-35.1525183928) (146.580091844,-35.268854374) (148.826682923,-43.5516422261) (153.380546804,-60.3532091069) (154.545391028,-65.2452249342) (155.314655015,-70.3614236627) (155.905259385,-77.8628550941) (171.85595688,-62.0557560081) (171.889359271,-64.929377993) (171.90176584,-66.1549584883) (171.917130213,-70.2555652221) (171.920606209,-71.6403626284) (171.93384518,-83.2216696669) (172.658840726,-77.7978892747) (172.685296999,-75.0823253789) (172.701379814,-73.4905369257) (172.716881588,-72.2892979628) (172.732833875,-71.0831837239) (172.77604321,-68.670448518) (172.809883503,-66.8326345328) (172.872651698,-63.5047908551) (172.872741593,-63.5001393168) (172.940377702,-60.1751247554) (172.944648838,-59.9713738896) (172.949688986,-59.7407309228) (172.980788112,-58.3388548679) (173.039101974,-55.9264303529) (173.065548045,-54.8745273955) (173.083390524,-54.2006109996) (173.100942126,-53.5471930477) (173.1195416,-52.8595304666) (173.124429362,-52.6815529121) (173.14461002,-51.9710344355) (173.159956051,-51.446918782) (173.176937695,-50.8777490699) (173.179853966,-50.7822687908) (173.211453745,-49.7537851036) (173.284800267,-47.4118529372) (173.303472905,-46.8160269578) (173.353140873,-45.2371673356) (176.090403277,-23.8071217612) 
(324.0,-85.8682325502) (180.0,-3.11436559603) (108.0,-24.7048618163) (0.0,-65.403519933) (178.272860711,-11.5901483153) (178.120820045,-12.377363278) (144.0,-26.4029229894) 
(324.0,-85.8682325502) (180.0,-3.11436559603) (108.0,-24.7048618163) (0.0,-65.403519933) (323.031700899,-90.9675384092) (322.178422766,-96.8043803843) (181.659996695,-21.4924377296) (182.972520314,-37.1213126393) (183.543739784,-44.4385481242) (185.465111998,-70.2485798457) (186.522270736,-85.0834768646) (186.647201835,-88.0078480672) (187.064353913,-104.99869975) (187.312987067,-164.050179258) (206.343293995,-132.196468904) (206.352641492,-132.039826806) (207.662468392,-119.579954092) (208.129384046,-115.625380499) (209.163625855,-108.191217728) (209.45486768,-106.144971908) (209.484937783,-105.93403853) (209.618355499,-105.013279323) (210.651030048,-98.0210262694) (212.537872912,-85.3256196397) (212.757144914,-83.8608695571) (212.809234083,-83.554807898) (213.491355531,-79.6488922555) (213.912470563,-77.3290946876) (214.087374945,-76.4897610083) (214.692189306,-73.6466417442) (216.0,-67.6035817827) (252.0,-110.456250052) (288.0,-79.8266244774) (290.798467143,-86.3657384327) (291.81538044,-88.7585639886) (291.940892818,-89.06139334) (292.786063546,-91.1150811297) (292.846407902,-91.2640998123) (294.967927628,-96.5271742051) (295.217077834,-97.1728619442) (295.261715034,-97.2885530787) (297.571567217,-103.848133939) (298.767942327,-107.610534089) (299.03314743,-108.540772068) (300.373910159,-113.498983111) (300.868760211,-115.33262304) (302.525866329,-121.71287234) (302.97189276,-123.869682849) (305.754694863,-137.858073086) (319.728852987,-121.559559169) (319.879429068,-118.678714765) (320.330734698,-113.956438967) (321.710848451,-100.596289634) (321.916133052,-98.8571401381) 
TD 4 :
(324.0,-85.8682325502) (180.0,-3.11436559603) (108.0,-24.7048618163) (0.0,-65.403519933) (178.272860711,-11.5901483153) (178.120820045,-12.377363278) (144.0,-26.4029229894) (146.547879243,-35.1525183928) (146.580091844,-35.268854374) (148.826682923,-43.5516422261) (153.380546804,-60.3532091069) (154.545391028,-65.2452249342) (155.314655015,-70.3614236627) (155.905259385,-77.8628550941) (171.85595688,-62.0557560081) (171.889359271,-64.929377993) (171.90176584,-66.1549584883) (171.917130213,-70.2555652221) (171.920606209,-71.6403626284) (171.93384518,-83.2216696669) (172.658840726,-77.7978892747) (172.685296999,-75.0823253789) (172.701379814,-73.4905369257) (172.716881588,-72.2892979628) (172.732833875,-71.0831837239) (172.77604321,-68.670448518) (172.809883503,-66.8326345328) (172.872651698,-63.5047908551) (172.872741593,-63.5001393168) (172.940377702,-60.1751247554) (172.944648838,-59.9713738896) (172.949688986,-59.7407309228) (172.980788112,-58.3388548679) (173.039101974,-55.9264303529) (173.065548045,-54.8745273955) (173.083390524,-54.2006109996) (173.100942126,-53.5471930477) (173.1195416,-52.8595304666) (173.124429362,-52.6815529121) (173.14461002,-51.9710344355) (173.159956051,-51.446918782) (173.176937695,-50.8777490699) (173.179853966,-50.7822687908) (173.211453745,-49.7537851036) (173.284800267,-47.4118529372) (173.303472905,-46.8160269578) (173.353140873,-45.2371673356) (176.090403277,-23.8071217612) 
(324.0,-85.8682325502) (180.0,-3.11436559603) (108.0,-24.7048618163) (0.0,-65.403519933) (323.031700899,-90.9675384092) (322.178422766,-96.8043803843) (321.916133052,-98.8571401381) (288.0,-79.8266244774) (181.659996695,-21.4924377296) 
(324.0,-85.8682325502) (180.0,-3.11436559603) (108.0,-24.7048618163) (0.0,-65.403519933) (323.031700899,-90.9675384092) (322.178422766,-96.8043803843) (321.916133052,-98.8571401381) (288.0,-79.8266244774) (181.659996695,-21.4924377296) (182.972520314,-37.1213126393) (183.543739784,-44.4385481242) (185.465111998,-70.2485798457) (186.522270736,-85.0834768646) (186.647201835,-88.0078480672) (187.064353913,-104.99869975) (187.312987067,-164.050179258) (206.343293995,-132.196468904) (206.352641492,-132.039826806) (207.662468392,-119.579954092) (208.129384046,-115.625380499) (209.163625855,-108.191217728) (209.45486768,-106.144971908) (209.484937783,-105.93403853) (209.618355499,-105.013279323) (210.651030048,-98.0210262694) (212.537872912,-85.3256196397) (212.757144914,-83.8608695571) (212.809234083,-83.554807898) (213.491355531,-79.6488922555) (213.912470563,-77.3290946876) (214.087374945,-76.4897610083) (214.692189306,-73.6466417442) (216.0,-67.6035817827) (252.0,-110.456250052) 
(324.0,-85.8682325502) (180.0,-3.11436559603) (108.0,-24.7048618163) (0.0,-65.403519933) (323.031700899,-90.9675384092) (322.178422766,-96.8043803843) (321.916133052,-98.8571401381) (288.0,-79.8266244774) (181.659996695,-21.4924377296) (290.798467143,-86.3657384327) (291.81538044,-88.7585639886) (291.940892818,-89.06139334) (292.786063546,-91.1150811297) (292.846407902,-91.2640998123) (294.967927628,-96.5271742051) (295.217077834,-97.1728619442) (295.261715034,-97.2885530787) (297.571567217,-103.848133939) (298.767942327,-107.610534089) (299.03314743,-108.540772068) (300.373910159,-113.498983111) (300.868760211,-115.33262304) (302.525866329,-121.71287234) (302.97189276,-123.869682849) (305.754694863,-137.858073086) (319.728852987,-121.559559169) (319.879429068,-118.678714765) (320.330734698,-113.956438967) (321.710848451,-100.596289634) 
TD 5 :
(324.0,-85.8682325502) (180.0,-3.11436559603) (108.0,-24.7048618163) (0.0,-65.403519933) (178.272860711,-11.5901483153) (178.120820045,-12.377363278) (144.0,-26.4029229894) (146.547879243,-35.1525183928) (176.090403277,-23.8071217612) (146.580091844,-35.268854374) (148.826682923,-43.5516422261) (153.380546804,-60.3532091069) (154.545391028,-65.2452249342) (155.314655015,-70.3614236627) (155.905259385,-77.8628550941) (171.85595688,-62.0557560081) (171.889359271,-64.929377993) (171.90176584,-66.1549584883) (171.917130213,-70.2555652221) (171.920606209,-71.6403626284) (171.93384518,-83.2216696669) (172.658840726,-77.7978892747) (172.685296999,-75.0823253789) (172.701379814,-73.4905369257) (172.716881588,-72.2892979628) (172.732833875,-71.0831837239) (172.77604321,-68.670448518) (172.809883503,-66.8326345328) (172.872651698,-63.5047908551) (172.872741593,-63.5001393168) (172.940377702,-60.1751247554) (172.944648838,-59.9713738896) (172.949688986,-59.7407309228) (172.980788112,-58.3388548679) (173.039101974,-55.9264303529) (173.065548045,-54.8745273955) (173.083390524,-54.2006109996) (173.100942126,-53.5471930477) (173.1195416,-52.8595304666) (173.124429362,-52.6815529121) (173.14461002,-51.9710344355) (173.159956051,-51.446918782) (173.176937695,-50.8777490699) (173.179853966,-50.7822687908) (173.211453745,-49.7537851036) (173.284800267,-47.4118529372) (173.303472905,-46.8160269578) (173.353140873,-45.2371673356) 
(324.0,-85.8682325502) (180.0,-3.11436559603) (108.0,-24.7048618163) (0.0,-65.403519933) (178.272860711,-11.5901483153) (178.120820045,-12.377363278) (144.0,-26.4029229894) (146.547879243,-35.1525183928) (176.090403277,-23.8071217612) (146.580091844,-35.268854374) 
(324.0,-85.8682325502) (180.0,-3.11436559603) (108.0,-24.7048618163) (0.0,-65.403519933) (323.031700899,-90.9675384092) (322.178422766,-96.8043803843) (321.916133052,-98.8571401381) (288.0,-79.8266244774) (181.659996695,-21.4924377296) (321.710848451,-100.596289634) (290.798467143,-86.3657384327) (291.81538044,-88.7585639886) (291.940892818,-89.06139334) (292.786063546,-91.1150811297) (292.846407902,-91.2640998123) (294.967927628,-96.5271742051) (295.217077834,-97.1728619442) (295.261715034,-97.2885530787) (297.571567217,-103.848133939) (298.767942327,-107.610534089) (299.03314743,-108.540772068) (300.373910159,-113.498983111) (300.868760211,-115.33262304) (302.525866329,-121.71287234) (302.97189276,-123.869682849) (305.754694863,-137.858073086) (319.728852987,-121.559559169) (319.879429068,-118.678714765) (320.330734698,-113.956438967) 
TD 6 :
(324.0,-85.8682325502) (180.0,-3.11436559603) (108.0,-24.7048618163) (0.0,-65.403519933) (178.272860711,-11.5901483153) (178.120820045,-12.377363278) (144.0,-26.4029229894) (146.547879243,-35.1525183928) (176.090403277,-23.8071217612) (146.580091844,-35.268854374) (148.826682923,-43.5516422261) (153.380546804,-60.3532091069) (154.545391028,-65.2452249342) (155.314655015,-70.3614236627) (155.905259385,-77.8628550941) (171.85595688,-62.0557560081) (171.889359271,-64.929377993) (171.90176584,-66.1549584883) (171.917130213,-70.2555652221) (171.920606209,-71.6403626284) (171.93384518,-83.2216696669) (172.658840726,-77.7978892747) (172.685296999,-75.0823253789) (172.701379814,-73.4905369257) (172.716881588,-72.2892979628) (172.732833875,-71.0831837239) (172.77604321,-68.670448518) (172.809883503,-66.8326345328) (172.872651698,-63.5047908551) (172.872741593,-63.5001393168) (172.940377702,-60.1751247554) (172.944648838,-59.9713738896) (172.949688986,-59.7407309228) (172.980788112,-58.3388548679) (173.039101974,-55.9264303529) (173.065548045,-54.8745273955) (173.083390524,-54.2006109996) (173.100942126,-53.5471930477) (173.1195416,-52.8595304666) (173.124429362,-52.6815529121) (173.14461002,-51.9710344355) (173.159956051,-51.446918782) (173.176937695,-50.8777490699) (173.179853966,-50.7822687908) (173.211453745,-49.7537851036) (173.284800267,-47.4118529372) (173.303472905,-46.8160269578) (173.353140873,-45.2371673356) 
(324.0,-85.8682325502) (180.0,-3.11436559603) (108.0,-24.7048618163) (0.0,-65.403519933) (323.031700899,-90.9675384092) (322.178422766,-96.8043803843) (321.916133052,-98.8571401381) (288.0,-79.8266244774) (181.659996695,-21.4924377296) (321.710848451,-100.596289634) (320.330734698,-113.956438967) (290.798467143,-86.3657384327) 
(324.0,-85.8682325502) (180.0,-3.11436559603) (108.0,-24.7048618163) (0.0,-65.403519933) (323.031700899,-90.9675384092) (322.178422766,-96.8043803843) (321.916133052,-98.8571401381) (288.0,-79.8266244774) (181.659996695,-21.4924377296) (321.710848451,-100.596289634) (320.330734698,-113.956438967) (290.798467143,-86.3657384327) (291.81538044,-88.7585639886) (291.940892818,-89.06139334) (292.786063546,-91.1150811297) (292.846407902,-91.2640998123) (294.967927628,-96.5271742051) (295.217077834,-97.1728619442) (295.261715034,-97.2885530787) (297.571567217,-103.848133939) (298.767942327,-107.610534089) (299.03314743,-108.540772068) (300.373910159,-113.498983111) (300.868760211,-115.33262304) (302.525866329,-121.71287234) (302.97189276,-123.869682849) (305.754694863,-137.858073086) (319.728852987,-121.559559169) (319.879429068,-118.678714765) 
TD 7 :
(324.0,-85.8682325502) (180.0,-3.11436559603) (108.0,-24.7048618163) (0.0,-65.403519933) (178.272860711,-11.5901483153) (178.120820045,-12.377363278) (144.0,-26.4029229894) (146.547879243,-35.1525183928) (176.090403277,-23.8071217612) (146.580091844,-35.268854374) (148.826682923,-43.5516422261) (173.353140873,-45.2371673356) (153.380546804,-60.3532091069) (154.545391028,-65.2452249342) (155.314655015,-70.3614236627) (155.905259385,-77.8628550941) (171.85595688,-62.0557560081) (171.889359271,-64.929377993) (171.90176584,-66.1549584883) (171.917130213,-70.2555652221) (171.920606209,-71.6403626284) (171.93384518,-83.2216696669) (172.658840726,-77.7978892747) (172.685296999,-75.0823253789) (172.701379814,-73.4905369257) (172.716881588,-72.2892979628) (172.732833875,-71.0831837239) (172.77604321,-68.670448518) (172.809883503,-66.8326345328) (172.872651698,-63.5047908551) (172.872741593,-63.5001393168) (172.940377702,-60.1751247554) (172.944648838,-59.9713738896) (172.949688986,-59.7407309228) (172.980788112,-58.3388548679) (173.039101974,-55.9264303529) (173.065548045,-54.8745273955) (173.083390524,-54.2006109996) (173.100942126,-53.5471930477) (173.1195416,-52.8595304666) (173.124429362,-52.6815529121) (173.14461002,-51.9710344355) (173.159956051,-51.446918782) (173.176937695,-50.8777490699) (173.179853966,-50.7822687908) (173.211453745,-49.7537851036) (173.284800267,-47.4118529372) (173.303472905,-46.8160269578) 
(324.0,-85.8682325502) (180.0,-3.11436559603) (108.0,-24.7048618163) (0.0,-65.403519933) (178.272860711,-11.5901483153) (178.120820045,-12.377363278) (144.0,-26.4029229894) (146.547879243,-35.1525183928) (176.090403277,-23.8071217612) (146.580091844,-35.268854374) (148.826682923,-43.5516422261) (173.353140873,-45.2371673356) (153.380546804,-60.3532091069) 
(324.0,-85.8682325502) (180.0,-3.11436559603) (108.0,-24.7048618163) (0.0,-65.403519933) (323.031700899,-90.9675384092) (322.178422766,-96.8043803843) (321.916133052,-98.8571401381) (288.0,-79.8266244774) (181.659996695,-21.4924377296) (321.710848451,-100.596289634) (320.330734698,-113.956438967) (290.798467143,-86.3657384327) (319.879429068,-118.678714765) (291.81538044,-88.7585639886) 
(324.0,-85.8682325502) (180.0,-3.11436559603) (108.0,-24.7048618163) (0.0,-65.403519933) (323.031700899,-90.9675384092) (322.178422766,-96.8043803843) (321.916133052,-98.8571401381) (288.0,-79.8266244774) (181.659996695,-21.4924377296) (321.710848451,-100.596289634) (320.330734698,-113.956438967) (290.798467143,-86.3657384327) (319.879429068,-118.678714765) (291.81538044,-88.7585639886) (291.940892818,-89.06139334) (292.786063546,-91.1150811297) (292.846407902,-91.2640998123) (294.967927628,-96.5271742051) (295.217077834,-97.1728619442) (295.261715034,-97.2885530787) (297.571567217,-103.848133939) (298.767942327,-107.610534089) (299.03314743,-108.540772068) (300.373910159,-113.498983111) (300.868760211,-115.33262304) (302.525866329,-121.71287234) (302.97189276,-123.869682849) (305.754694863,-137.858073086) (319.728852987,-121.559559169) 
TD 8 :
(324.0,-85.8682325502) (180.0,-3.11436559603) (108.0,-24.7048618163) (0.0,-65.403519933) (178.272860711,-11.5901483153) (178.120820045,-12.377363278) (144.0,-26.4029229894) (146.547879243,-35.1525183928) (176.090403277,-23.8071217612) (146.580091844,-35.268854374) (148.826682923,-43.5516422261) (173.353140873,-45.2371673356) (153.380546804,-60.3532091069) (173.303472905,-46.8160269578) (154.545391028,-65.2452249342) (155.314655015,-70.3614236627) (155.905259385,-77.8628550941) (171.85595688,-62.0557560081) (171.889359271,-64.929377993) (171.90176584,-66.1549584883) (171.917130213,-70.2555652221) (171.920606209,-71.6403626284) (171.93384518,-83.2216696669) (172.658840726,-77.7978892747) (172.685296999,-75.0823253789) (172.701379814,-73.4905369257) (172.716881588,-72.2892979628) (172.732833875,-71.0831837239) (172.77604321,-68.670448518) (172.809883503,-66.8326345328) (172.872651698,-63.5047908551) (172.872741593,-63.5001393168) (172.940377702,-60.1751247554) (172.944648838,-59.9713738896) (172.949688986,-59.7407309228) (172.980788112,-58.3388548679) (173.039101974,-55.9264303529) (173.065548045,-54.8745273955) (173.083390524,-54.2006109996) (173.100942126,-53.5471930477) (173.1195416,-52.8595304666) (173.124429362,-52.6815529121) (173.14461002,-51.9710344355) (173.159956051,-51.446918782) (173.176937695,-50.8777490699) (173.179853966,-50.7822687908) (173.211453745,-49.7537851036) (173.284800267,-47.4118529372) 
(324.0,-85.8682325502) (180.0,-3.11436559603) (108.0,-24.7048618163) (0.0,-65.403519933) (178.272860711,-11.5901483153) (178.120820045,-12.377363278) (144.0,-26.4029229894) (146.547879243,-35.1525183928) (176.090403277,-23.8071217612) (146.580091844,-35.268854374) (148.826682923,-43.5516422261) (173.353140873,-45.2371673356) (153.380546804,-60.3532091069) (173.303472905,-46.8160269578) (154.545391028,-65.2452249342) 
(324.0,-85.8682325502) (180.0,-3.11436559603) (108.0,-24.7048618163) (0.0,-65.403519933) (323.031700899,-90.9675384092) (322.178422766,-96.8043803843) (321.916133052,-98.8571401381) (288.0,-79.8266244774) (181.659996695,-21.4924377296) (321.710848451,-100.596289634) (320.330734698,-113.956438967) (290.798467143,-86.3657384327) (319.879429068,-118.678714765) (291.81538044,-88.7585639886) (319.728852987,-121.559559169) (291.940892818,-89.06139334) 
(324.0,-85.8682325502) (180.0,-3.11436559603) (108.0,-24.7048618163) (0.0,-65.403519933) (323.031700899,-90.9675384092) (322.178422766,-96.8043803843) (321.916133052,-98.8571401381) (288.0,-79.8266244774) (181.659996695,-21.4924377296) (321.710848451,-100.596289634) (320.330734698,-113.956438967) (290.798467143,-86.3657384327) (319.879429068,-118.678714765) (291.81538044,-88.7585639886) (319.728852987,-121.559559169) (291.940892818,-89.06139334) (292.786063546,-91.1150811297) (292.846407902,-91.2640998123) (294.967927628,-96.5271742051) (295.217077834,-97.1728619442) (295.261715034,-97.2885530787) (297.571567217,-103.848133939) (298.767942327,-107.610534089) (299.03314743,-108.540772068) (300.373910159,-113.498983111) (300.868760211,-115.33262304) (302.525866329,-121.71287234) (302.97189276,-123.869682849) (305.754694863,-137.858073086) 
TD 9 :
(324.0,-85.8682325502) (180.0,-3.11436559603) (108.0,-24.7048618163) (0.0,-65.403519933) (178.272860711,-11.5901483153) (178.120820045,-12.377363278) (144.0,-26.4029229894) (146.547879243,-35.1525183928) (176.090403277,-23.8071217612) (146.580091844,-35.268854374) (148.826682923,-43.5516422261) (173.353140873,-45.2371673356) (153.380546804,-60.3532091069) (173.303472905,-46.8160269578) (154.545391028,-65.2452249342) (173.284800267,-47.4118529372) (155.314655015,-70.3614236627) (155.905259385,-77.8628550941) (171.85595688,-62.0557560081) (171.889359271,-64.929377993) (171.90176584,-66.1549584883) (171.917130213,-70.2555652221) (171.920606209,-71.6403626284) (171.93384518,-83.2216696669) (172.658840726,-77.7978892747) (172.685296999,-75.0823253789) (172.701379814,-73.4905369257) (172.716881588,-72.2892979628) (172.732833875,-71.0831837239) (172.77604321,-68.670448518) (172.809883503,-66.8326345328) (172.872651698,-63.5047908551) (172.872741593,-63.5001393168) (172.940377702,-60.1751247554) (172.944648838,-59.9713738896) (172.949688986,-59.7407309228) (172.980788112,-58.3388548679) (173.039101974,-55.9264303529) (173.065548045,-54.8745273955) (173.083390524,-54.2006109996) (173.100942126,-53.5471930477) (173.1195416,-52.8595304666) (173.124429362,-52.6815529121) (173.14461002,-51.9710344355) (173.159956051,-51.446918782) (173.176937695,-50.8777490699) (173.179853966,-50.7822687908) (173.211453745,-49.7537851036) 
(324.0,-85.8682325502) (180.0,-3.11436559603) (108.0,-24.7048618163) (0.0,-65.403519933) (178.272860711,-11.5901483153) (178.120820045,-12.377363278) (144.0,-26.4029229894) (146.547879243,-35.1525183928) (176.090403277,-23.8071217612) (146.580091844,-35.268854374) (148.826682923,-43.5516422261) (173.353140873,-45.2371673356) (153.380546804,-60.3532091069) (173.303472905,-46.8160269578) (154.545391028,-65.2452249342) (173.284800267,-47.4118529372) (155.314655015,-70.3614236627) 
(324.0,-85.8682325502) (180.0,-3.11436559603) (108.0,-24.7048618163) (0.0,-65.403519933) (323.031700899,-90.9675384092) (322.178422766,-96.8043803843) (321.916133052,-98.8571401381) (288.0,-79.8266244774) (181.659996695,-21.4924377296) (321.710848451,-100.596289634) (320.330734698,-113.956438967) (290.798467143,-86.3657384327) (319.879429068,-118.678714765) (291.81538044,-88.7585639886) (319.728852987,-121.559559169) (291.940892818,-89.06139334) (305.754694863,-137.858073086) (302.97189276,-123.869682849) (302.525866329,-121.71287234) (300.868760211,-115.33262304) (300.373910159,-113.498983111) (299.03314743,-108.540772068) (298.767942327,-107.610534089) (297.571567217,-103.848133939) (295.261715034,-97.2885530787) (295.217077834,-97.1728619442) (294.967927628,-96.5271742051) (292.846407902,-91.2640998123) (292.786063546,-91.1150811297) 
(324.0,-85.8682325502) (180.0,-3.11436559603) (108.0,-24.7048618163) (0.0,-65.403519933) (323.031700899,-90.9675384092) (322.178422766,-96.8043803843) (321.916133052,-98.8571401381) (288.0,-79.8266244774) (181.659996695,-21.4924377296) (321.710848451,-100.596289634) (320.330734698,-113.956438967) (290.798467143,-86.3657384327) (319.879429068,-118.678714765) (291.81538044,-88.7585639886) (319.728852987,-121.559559169) (291.940892818,-89.06139334) (305.754694863,-137.858073086) (302.97189276,-123.869682849) (302.525866329,-121.71287234) (300.868760211,-115.33262304) (300.373910159,-113.498983111) (299.03314743,-108.540772068) (298.767942327,-107.610534089) (297.571567217,-103.848133939) (295.261715034,-97.2885530787) (295.217077834,-97.1728619442) (294.967927628,-96.5271742051) (292.846407902,-91.2640998123) (292.786063546,-91.1150811297) 
(324.0,-85.8682325502) (180.0,-3.11436559603) (108.0,-24.7048618163) (0.0,-65.403519933) (323.031700899,-90.9675384092) (322.178422766,-96.8043803843) (321.916133052,-98.8571401381) (288.0,-79.8266244774) (181.659996695,-21.4924377296) (321.710848451,-100.596289634) (320.330734698,-113.956438967) (290.798467143,-86.3657384327) (319.879429068,-118.678714765) (291.81538044,-88.7585639886) (319.728852987,-121.559559169) (291.940892818,-89.06139334) (305.754694863,-137.858073086) (302.97189276,-123.869682849) (302.525866329,-121.71287234) (300.868760211,-115.33262304) (300.373910159,-113.498983111) (299.03314743,-108.540772068) (298.767942327,-107.610534089) (297.571567217,-103.848133939) (295.261715034,-97.2885530787) (295.217077834,-97.1728619442) (294.967927628,-96.5271742051) (292.846407902,-91.2640998123) (292.786063546,-91.1150811297) 
(324.0,-85.8682325502) (180.0,-3.11436559603) (108.0,-24.7048618163) (0.0,-65.403519933) (323.031700899,-90.9675384092) (322.178422766,-96.8043803843) (321.916133052,-98.8571401381) (288.0,-79.8266244774) (181.659996695,-21.4924377296) (321.710848451,-100.596289634) (320.330734698,-113.956438967) (290.798467143,-86.3657384327) (319.879429068,-118.678714765) (291.81538044,-88.7585639886) (319.728852987,-121.559559169) (291.940892818,-89.06139334) (305.754694863,-137.858073086) (302.97189276,-123.869682849) (302.525866329,-121.71287234) (300.868760211,-115.33262304) (300.373910159,-113.498983111) (299.03314743,-108.540772068) (298.767942327,-107.610534089) (297.571567217,-103.848133939) (295.261715034,-97.2885530787) (295.217077834,-97.1728619442) (294.967927628,-96.5271742051) (292.846407902,-91.2640998123) (292.786063546,-91.1150811297) 
(324.0,-85.8682325502) (180.0,-3.11436559603) (108.0,-24.7048618163) (0.0,-65.403519933) (323.031700899,-90.9675384092) (322.178422766,-96.8043803843) (321.916133052,-98.8571401381) (288.0,-79.8266244774) (181.659996695,-21.4924377296) (321.710848451,-100.596289634) (320.330734698,-113.956438967) (290.798467143,-86.3657384327) (319.879429068,-118.678714765) (291.81538044,-88.7585639886) (319.728852987,-121.559559169) (291.940892818,-89.06139334) (305.754694863,-137.858073086) (302.97189276,-123.869682849) (302.525866329,-121.71287234) (300.868760211,-115.33262304) (300.373910159,-113.498983111) (299.03314743,-108.540772068) (298.767942327,-107.610534089) (297.571567217,-103.848133939) (295.261715034,-97.2885530787) (295.217077834,-97.1728619442) (294.967927628,-96.5271742051) (292.846407902,-91.2640998123) (292.786063546,-91.1150811297) 
(324.0,-85.8682325502) (180.0,-3.11436559603) (108.0,-24.7048618163) (0.0,-65.403519933) (323.031700899,-90.9675384092) (322.178422766,-96.8043803843) (321.916133052,-98.8571401381) (288.0,-79.8266244774) (181.659996695,-21.4924377296) (321.710848451,-100.596289634) (320.330734698,-113.956438967) (290.798467143,-86.3657384327) (319.879429068,-118.678714765) (291.81538044,-88.7585639886) (319.728852987,-121.559559169) (291.940892818,-89.06139334) (305.754694863,-137.858073086) (302.97189276,-123.869682849) (302.525866329,-121.71287234) (300.868760211,-115.33262304) (300.373910159,-113.498983111) (299.03314743,-108.540772068) (298.767942327,-107.610534089) (297.571567217,-103.848133939) (295.261715034,-97.2885530787) (295.217077834,-97.1728619442) (294.967927628,-96.5271742051) (292.846407902,-91.2640998123) (292.786063546,-91.1150811297) 
(324.0,-85.8682325502) (180.0,-3.11436559603) (108.0,-24.7048618163) (0.0,-65.403519933) (323.031700899,-90.9675384092) (322.178422766,-96.8043803843) (321.916133052,-98.8571401381) (288.0,-79.8266244774) (181.659996695,-21.4924377296) (321.710848451,-100.596289634) (320.330734698,-113.956438967) (290.798467143,-86.3657384327) (319.879429068,-118.678714765) (291.81538044,-88.7585639886) (319.728852987,-121.559559169) (291.940892818,-89.06139334) (305.754694863,-137.858073086) (302.97189276,-123.869682849) (302.525866329,-121.71287234) (300.868760211,-115.33262304) (300.373910159,-113.498983111) (299.03314743,-108.540772068) (298.767942327,-107.610534089) (297.571567217,-103.848133939) (295.261715034,-97.2885530787) (295.217077834,-97.1728619442) (294.967927628,-96.5271742051) (292.846407902,-91.2640998123) (292.786063546,-91.1150811297) 
(324.0,-85.8682325502) (180.0,-3.11436559603) (108.0,-24.7048618163) (0.0,-65.403519933) (323.031700899,-90.9675384092) (322.178422766,-96.8043803843) (321.916133052,-98.8571401381) (288.0,-79.8266244774) (181.659996695,-21.4924377296) (321.710848451,-100.596289634) (320.330734698,-113.956438967) (290.798467143,-86.3657384327) (319.879429068,-118.678714765) (291.81538044,-88.7585639886) (319.728852987,-121.559559169) (291.940892818,-89.06139334) (305.754694863,-137.858073086) (302.97189276,-123.869682849) (302.525866329,-121.71287234) (300.868760211,-115.33262304) (300.373910159,-113.498983111) (299.03314743,-108.540772068) (298.767942327,-107.610534089) (297.571567217,-103.848133939) (295.261715034,-97.2885530787) (295.217077834,-97.1728619442) (294.967927628,-96.5271742051) (292.846407902,-91.2640998123) (292.786063546,-91.1150811297) 
(324.0,-85.8682325502) (180.0,-3.11436559603) (108.0,-24.7048618163) (0.0,-65.403519933) (323.031700899,-90.9675384092) (322.178422766,-96.8043803843) (321.916133052,-98.8571401381) (288.0,-79.8266244774) (181.659996695,-21.4924377296) (321.710848451,-100.596289634) (320.330734698,-113.956438967) (290.798467143,-86.3657384327) (319.879429068,-118.678714765) (291.81538044,-88.7585639886) (319.728852987,-121.559559169) (291.940892818,-89.06139334) (305.754694863,-137.858073086) (302.97189276,-123.869682849) (302.525866329,-121.71287234) (300.868760211,-115.33262304) (300.373910159,-113.498983111) (299.03314743,-108.540772068) (298.767942327,-107.610534089) (297.571567217,-103.848133939) (295.261715034,-97.2885530787) (295.217077834,-97.1728619442) (294.967927628,-96.5271742051) (292.846407902,-91.2640998123) (292.786063546,-91.1150811297) 
(324.0,-85.8682325502) (180.0,-3.11436559603) (108.0,-24.7048618163) (0.0,-65.403519933) (323.031700899,-90.9675384092) (322.178422766,-96.8043803843) (321.916133052,-98.8571401381) (288.0,-79.8266244774) (181.659996695,-21.4924377296) (321.710848451,-100.596289634) (320.330734698,-113.956438967) (290.798467143,-86.3657384327) (319.879429068,-118.678714765) (291.81538044,-88.7585639886) (319.728852987,-121.559559169) (291.940892818,-89.06139334) (305.754694863,-137.858073086) (302.97189276,-123.869682849) (302.525866329,-121.71287234) (300.868760211,-115.33262304) (300.373910159,-113.498983111) (299.03314743,-108.540772068) (298.767942327,-107.610534089) (297.571567217,-103.848133939) (295.261715034,-97.2885530787) (295.217077834,-97.1728619442) (294.967927628,-96.5271742051) (292.846407902,-91.2640998123) (292.786063546,-91.1150811297) 
(324.0,-85.8682325502) (180.0,-3.11436559603) (108.0,-24.7048618163) (0.0,-65.403519933) (323.031700899,-90.9675384092) (322.178422766,-96.8043803843) (321.916133052,-98.8571401381) (288.0,-79.8266244774) (181.659996695,-21.4924377296) (321.710848451,-100.596289634) (320.330734698,-113.956438967) (290.798467143,-86.3657384327) (319.879429068,-118.678714765) (291.81538044,-88.7585639886) (319.728852987,-121.559559169) (291.940892818,-89.06139334) (305.754694863,-137.858073086) (302.97189276,-123.869682849) (302.525866329,-121.71287234) (300.868760211,-115.33262304) (300.373910159,-113.498983111) (299.03314743,-108.540772068) (298.767942327,-107.610534089) (297.571567217,-103.848133939) (295.261715034,-97.2885530787) (295.217077834,-97.1728619442) (294.967927628,-96.5271742051) (292.846407902,-91.2640998123) (292.786063546,-91.1150811297) 
(324.0,-85.8682325502) (180.0,-3.11436559603) (108.0,-24.7048618163) (0.0,-65.403519933) (323.031700899,-90.9675384092) (322.178422766,-96.8043803843) (321.916133052,-98.8571401381) (288.0,-79.8266244774) (181.659996695,-21.4924377296) (321.710848451,-100.596289634) (320.330734698,-113.956438967) (290.798467143,-86.3657384327) (319.879429068,-118.678714765) (291.81538044,-88.7585639886) (319.728852987,-121.559559169) (291.940892818,-89.06139334) (305.754694863,-137.858073086) (302.97189276,-123.869682849) (302.525866329,-121.71287234) (300.868760211,-115.33262304) (300.373910159,-113.498983111) (299.03314743,-108.540772068) (298.767942327,-107.610534089) (297.571567217,-103.848133939) (295.261715034,-97.2885530787) (295.217077834,-97.1728619442) (294.967927628,-96.5271742051) (292.846407902,-91.2640998123) (292.786063546,-91.1150811297) 
(324.0,-85.8682325502) (180.0,-3.11436559603) (108.0,-24.7048618163) (0.0,-65.403519933) (323.031700899,-90.9675384092) (322.178422766,-96.8043803843) (321.916133052,-98.8571401381) (288.0,-79.8266244774) (181.659996695,-21.4924377296) (321.710848451,-100.596289634) (320.330734698,-113.956438967) (290.798467143,-86.3657384327) (319.879429068,-118.678714765) (291.81538044,-88.7585639886) (319.728852987,-121.559559169) (291.940892818,-89.06139334) (305.754694863,-137.858073086) (302.97189276,-123.869682849) (302.525866329,-121.71287234) (300.868760211,-115.33262304) (300.373910159,-113.498983111) (299.03314743,-108.540772068) (298.767942327,-107.610534089) (297.571567217,-103.848133939) (295.261715034,-97.2885530787) (295.217077834,-97.1728619442) (294.967927628,-96.5271742051) (292.846407902,-91.2640998123) (292.786063546,-91.1150811297) 
TD 10 :
(324.0,-85.8682325502) (180.0,-3.11436559603) (108.0,-24.7048618163) (0.0,-65.403519933) (178.272860711,-11.5901483153) (178.120820045,-12.377363278) (144.0,-26.4029229894) (146.547879243,-35.1525183928) (176.090403277,-23.8071217612) (146.580091844,-35.268854374) (148.826682923,-43.5516422261) (173.353140873,-45.2371673356) (153.380546804,-60.3532091069) (173.303472905,-46.8160269578) (154.545391028,-65.2452249342) (173.284800267,-47.4118529372) (155.314655015,-70.3614236627) (173.211453745,-49.7537851036) (155.905259385,-77.8628550941) (171.85595688,-62.0557560081) (171.889359271,-64.929377993) (171.90176584,-66.1549584883) (171.917130213,-70.2555652221) (171.920606209,-71.6403626284) (171.93384518,-83.2216696669) (172.658840726,-77.7978892747) (172.685296999,-75.0823253789) (172.701379814,-73.4905369257) (172.716881588,-72.2892979628) (172.732833875,-71.0831837239) (172.77604321,-68.670448518) (172.809883503,-66.8326345328) (172.872651698,-63.5047908551) (172.872741593,-63.5001393168) (172.940377702,-60.1751247554) (172.944648838,-59.9713738896) (172.949688986,-59.7407309228) (172.980788112,-58.3388548679) (173.039101974,-55.9264303529) (173.065548045,-54.8745273955) (173.083390524,-54.2006109996) (173.100942126,-53.5471930477) (173.1195416,-52.8595304666) (173.124429362,-52.6815529121) (173.14461002,-51.9710344355) (173.159956051,-51.446918782) (173.176937695,-50.8777490699) (173.179853966,-50.7822687908) 
(324.0,-85.8682325502) (180.0,-3.11436559603) (108.0,-24.7048618163) (0.0,-65.403519933) (178.272860711,-11.5901483153) (178.120820045,-12.377363278) (144.0,-26.4029229894) (146.547879243,-35.1525183928) (176.090403277,-23.8071217612) (146.580091844,-35.268854374) (148.826682923,-43.5516422261) (173.353140873,-45.2371673356) (153.380546804,-60.3532091069) (173.303472905,-46.8160269578) (154.545391028,-65.2452249342) (173.284800267,-47.4118529372) (155.314655015,-70.3614236627) (173.211453745,-49.7537851036) (155.905259385,-77.8628550941) 
TD 11 :
(324.0,-85.8682325502) (180.0,-3.11436559603) (108.0,-24.7048618163) (0.0,-65.403519933) (178.272860711,-11.5901483153) (178.120820045,-12.377363278) (144.0,-26.4029229894) (146.547879243,-35.1525183928) (176.090403277,-23.8071217612) (146.580091844,-35.268854374) (148.826682923,-43.5516422261) (173.353140873,-45.2371673356) (153.380546804,-60.3532091069) (173.303472905,-46.8160269578) (154.545391028,-65.2452249342) (173.284800267,-47.4118529372) (155.314655015,-70.3614236627) (173.211453745,-49.7537851036) (155.905259385,-77.8628550941) (173.179853966,-50.7822687908) (171.85595688,-62.0557560081) (171.889359271,-64.929377993) (171.90176584,-66.1549584883) (171.917130213,-70.2555652221) (171.920606209,-71.6403626284) (171.93384518,-83.2216696669) (172.658840726,-77.7978892747) (172.685296999,-75.0823253789) (172.701379814,-73.4905369257) (172.716881588,-72.2892979628) (172.732833875,-71.0831837239) (172.77604321,-68.670448518) (172.809883503,-66.8326345328) (172.872651698,-63.5047908551) (172.872741593,-63.5001393168) (172.940377702,-60.1751247554) (172.944648838,-59.9713738896) (172.949688986,-59.7407309228) (172.980788112,-58.3388548679) (173.039101974,-55.9264303529) (173.065548045,-54.8745273955) (173.083390524,-54.2006109996) (173.100942126,-53.5471930477) (173.1195416,-52.8595304666) (173.124429362,-52.6815529121) (173.14461002,-51.9710344355) (173.159956051,-51.446918782) (173.176937695,-50.8777490699) 
(324.0,-85.8682325502) (180.0,-3.11436559603) (108.0,-24.7048618163) (0.0,-65.403519933) (178.272860711,-11.5901483153) (178.120820045,-12.377363278) (144.0,-26.4029229894) (146.547879243,-35.1525183928) (176.090403277,-23.8071217612) (146.580091844,-35.268854374) (148.826682923,-43.5516422261) (173.353140873,-45.2371673356) (153.380546804,-60.3532091069) (173.303472905,-46.8160269578) (154.545391028,-65.2452249342) (173.284800267,-47.4118529372) (155.314655015,-70.3614236627) (173.211453745,-49.7537851036) (155.905259385,-77.8628550941) (173.179853966,-50.7822687908) (171.85595688,-62.0557560081) 
TD 12 :
(324.0,-85.8682325502) (180.0,-3.11436559603) (108.0,-24.7048618163) (0.0,-65.403519933) (178.272860711,-11.5901483153) (178.120820045,-12.377363278) (144.0,-26.4029229894) (146.547879243,-35.1525183928) (176.090403277,-23.8071217612) (146.580091844,-35.268854374) (148.826682923,-43.5516422261) (173.353140873,-45.2371673356) (153.380546804,-60.3532091069) (173.303472905,-46.8160269578) (154.545391028,-65.2452249342) (173.284800267,-47.4118529372) (155.314655015,-70.3614236627) (173.211453745,-49.7537851036) (155.905259385,-77.8628550941) (173.179853966,-50.7822687908) (171.85595688,-62.0557560081) (173.176937695,-50.8777490699) (171.889359271,-64.929377993) (171.90176584,-66.1549584883) (171.917130213,-70.2555652221) (171.920606209,-71.6403626284) (171.93384518,-83.2216696669) (172.658840726,-77.7978892747) (172.685296999,-75.0823253789) (172.701379814,-73.4905369257) (172.716881588,-72.2892979628) (172.732833875,-71.0831837239) (172.77604321,-68.670448518) (172.809883503,-66.8326345328) (172.872651698,-63.5047908551) (172.872741593,-63.5001393168) (172.940377702,-60.1751247554) (172.944648838,-59.9713738896) (172.949688986,-59.7407309228) (172.980788112,-58.3388548679) (173.039101974,-55.9264303529) (173.065548045,-54.8745273955) (173.083390524,-54.2006109996) (173.100942126,-53.5471930477) (173.1195416,-52.8595304666) (173.124429362,-52.6815529121) (173.14461002,-51.9710344355) (173.159956051,-51.446918782) 
(324.0,-85.8682325502) (180.0,-3.11436559603) (108.0,-24.7048618163) (0.0,-65.403519933) (178.272860711,-11.5901483153) (178.120820045,-12.377363278) (144.0,-26.4029229894) (146.547879243,-35.1525183928) (176.090403277,-23.8071217612) (146.580091844,-35.268854374) (148.826682923,-43.5516422261) (173.353140873,-45.2371673356) (153.380546804,-60.3532091069) (173.303472905,-46.8160269578) (154.545391028,-65.2452249342) (173.284800267,-47.4118529372) (155.314655015,-70.3614236627) (173.211453745,-49.7537851036) (155.905259385,-77.8628550941) (173.179853966,-50.7822687908) (171.85595688,-62.0557560081) (173.176937695,-50.8777490699) (171.889359271,-64.929377993) 
TD 13 :
(324.0,-85.8682325502) (180.0,-3.11436559603) (108.0,-24.7048618163) (0.0,-65.403519933) (178.272860711,-11.5901483153) (178.120820045,-12.377363278) (144.0,-26.4029229894) (146.547879243,-35.1525183928) (176.090403277,-23.8071217612) (146.580091844,-35.268854374) (148.826682923,-43.5516422261) (173.353140873,-45.2371673356) (153.380546804,-60.3532091069) (173.303472905,-46.8160269578) (154.545391028,-65.2452249342) (173.284800267,-47.4118529372) (155.314655015,-70.3614236627) (173.211453745,-49.7537851036) (155.905259385,-77.8628550941) (173.179853966,-50.7822687908) (171.85595688,-62.0557560081) (173.176937695,-50.8777490699) (171.889359271,-64.929377993) (173.159956051,-51.446918782) (171.90176584,-66.1549584883) (171.917130213,-70.2555652221) (171.920606209,-71.6403626284) (171.93384518,-83.2216696669) (172.658840726,-77.7978892747) (172.685296999,-75.0823253789) (172.701379814,-73.4905369257) (172.716881588,-72.2892979628) (172.732833875,-71.0831837239) (172.77604321,-68.670448518) (172.809883503,-66.8326345328) (172.872651698,-63.5047908551) (172.872741593,-63.5001393168) (172.940377702,-60.1751247554) (172.944648838,-59.9713738896) (172.949688986,-59.7407309228) (172.980788112,-58.3388548679) (173.039101974,-55.9264303529) (173.065548045,-54.8745273955) (173.083390524,-54.2006109996) (173.100942126,-53.5471930477) (173.1195416,-52.8595304666) (173.124429362,-52.6815529121) (173.14461002,-51.9710344355) 
(324.0,-85.8682325502) (180.0,-3.11436559603) (108.0,-24.7048618163) (0.0,-65.403519933) (178.272860711,-11.5901483153) (178.120820045,-12.377363278) (144.0,-26.4029229894) (146.547879243,-35.1525183928) (176.090403277,-23.8071217612) (146.580091844,-35.268854374) (148.826682923,-43.5516422261) (173.353140873,-45.2371673356) (153.380546804,-60.3532091069) (173.303472905,-46.8160269578) (154.545391028,-65.2452249342) (173.284800267,-47.4118529372) (155.314655015,-70.3614236627) (173.211453745,-49.7537851036) (155.905259385,-77.8628550941) (173.179853966,-50.7822687908) (171.85595688,-62.0557560081) (173.176937695,-50.8777490699) (171.889359271,-64.929377993) (173.159956051,-51.446918782) (171.90176584,-66.1549584883) 
TD 14 :
(324.0,-85.8682325502) (180.0,-3.11436559603) (108.0,-24.7048618163) (0.0,-65.403519933) (178.272860711,-11.5901483153) (178.120820045,-12.377363278) (144.0,-26.4029229894) (146.547879243,-35.1525183928) (176.090403277,-23.8071217612) (146.580091844,-35.268854374) (148.826682923,-43.5516422261) (173.353140873,-45.2371673356) (153.380546804,-60.3532091069) (173.303472905,-46.8160269578) (154.545391028,-65.2452249342) (173.284800267,-47.4118529372) (155.314655015,-70.3614236627) (173.211453745,-49.7537851036) (155.905259385,-77.8628550941) (173.179853966,-50.7822687908) (171.85595688,-62.0557560081) (173.176937695,-50.8777490699) (171.889359271,-64.929377993) (173.159956051,-51.446918782) (171.90176584,-66.1549584883) (173.14461002,-51.9710344355) (171.917130213,-70.2555652221) (171.920606209,-71.6403626284) (171.93384518,-83.2216696669) (172.658840726,-77.7978892747) (172.685296999,-75.0823253789) (172.701379814,-73.4905369257) (172.716881588,-72.2892979628) (172.732833875,-71.0831837239) (172.77604321,-68.670448518) (172.809883503,-66.8326345328) (172.872651698,-63.5047908551) (172.872741593,-63.5001393168) (172.940377702,-60.1751247554) (172.944648838,-59.9713738896) (172.949688986,-59.7407309228) (172.980788112,-58.3388548679) (173.039101974,-55.9264303529) (173.065548045,-54.8745273955) (173.083390524,-54.2006109996) (173.100942126,-53.5471930477) (173.1195416,-52.8595304666) (173.124429362,-52.6815529121) 
(324.0,-85.8682325502) (180.0,-3.11436559603) (108.0,-24.7048618163) (0.0,-65.403519933) (178.272860711,-11.5901483153) (178.120820045,-12.377363278) (144.0,-26.4029229894) (146.547879243,-35.1525183928) (176.090403277,-23.8071217612) (146.580091844,-35.268854374) (148.826682923,-43.5516422261) (173.353140873,-45.2371673356) (153.380546804,-60.3532091069) (173.303472905,-46.8160269578) (154.545391028,-65.2452249342) (173.284800267,-47.4118529372) (155.314655015,-70.3614236627) (173.211453745,-49.7537851036) (155.905259385,-77.8628550941) (173.179853966,-50.7822687908) (171.85595688,-62.0557560081) (173.176937695,-50.8777490699) (171.889359271,-64.929377993) (173.159956051,-51.446918782) (171.90176584,-66.1549584883) (173.14461002,-51.9710344355) (171.917130213,-70.2555652221) 
TD 15 :
(324.0,-85.8682325502) (180.0,-3.11436559603) (108.0,-24.7048618163) (0.0,-65.403519933) (178.272860711,-11.5901483153) (178.120820045,-12.377363278) (144.0,-26.4029229894) (146.547879243,-35.1525183928) (176.090403277,-23.8071217612) (146.580091844,-35.268854374) (148.826682923,-43.5516422261) (173.353140873,-45.2371673356) (153.380546804,-60.3532091069) (173.303472905,-46.8160269578) (154.545391028,-65.2452249342) (173.284800267,-47.4118529372) (155.314655015,-70.3614236627) (173.211453745,-49.7537851036) (155.905259385,-77.8628550941) (173.179853966,-50.7822687908) (171.85595688,-62.0557560081) (173.176937695,-50.8777490699) (171.889359271,-64.929377993) (173.159956051,-51.446918782) (171.90176584,-66.1549584883) (173.14461002,-51.9710344355) (171.917130213,-70.2555652221) (173.124429362,-52.6815529121) (171.920606209,-71.6403626284) (171.93384518,-83.2216696669) (172.658840726,-77.7978892747) (172.685296999,-75.0823253789) (172.701379814,-73.4905369257) (172.716881588,-72.2892979628) (172.732833875,-71.0831837239) (172.77604321,-68.670448518) (172.809883503,-66.8326345328) (172.872651698,-63.5047908551) (172.872741593,-63.5001393168) (172.940377702,-60.1751247554) (172.944648838,-59.9713738896) (172.949688986,-59.7407309228) (172.980788112,-58.3388548679) (173.039101974,-55.9264303529) (173.065548045,-54.8745273955) (173.083390524,-54.2006109996) (173.100942126,-53.5471930477) (173.1195416,-52.8595304666) 
(324.0,-85.8682325502) (180.0,-3.11436559603) (108.0,-24.7048618163) (0.0,-65.403519933) (178.272860711,-11.5901483153) (178.120820045,-12.377363278) (144.0,-26.4029229894) (146.547879243,-35.1525183928) (176.090403277,-23.8071217612) (146.580091844,-35.268854374) (148.826682923,-43.5516422261) (173.353140873,-45.2371673356) (153.380546804,-60.3532091069) (173.303472905,-46.8160269578) (154.545391028,-65.2452249342) (173.284800267,-47.4118529372) (155.314655015,-70.3614236627) (173.211453745,-49.7537851036) (155.905259385,-77.8628550941) (173.179853966,-50.7822687908) (171.85595688,-62.0557560081) (173.176937695,-50.8777490699) (171.889359271,-64.929377993) (173.159956051,-51.446918782) (171.90176584,-66.1549584883) (173.14461002,-51.9710344355) (171.917130213,-70.2555652221) (173.124429362,-52.6815529121) (171.920606209,-71.6403626284) 
TD 16 :
(324.0,-85.8682325502) (180.0,-3.11436559603) (108.0,-24.7048618163) (0.0,-65.403519933) (178.272860711,-11.5901483153) (178.120820045,-12.377363278) (144.0,-26.4029229894) (146.547879243,-35.1525183928) (176.090403277,-23.8071217612) (146.580091844,-35.268854374) (148.826682923,-43.5516422261) (173.353140873,-45.2371673356) (153.380546804,-60.3532091069) (173.303472905,-46.8160269578) (154.545391028,-65.2452249342) (173.284800267,-47.4118529372) (155.314655015,-70.3614236627) (173.211453745,-49.7537851036) (155.905259385,-77.8628550941) (173.179853966,-50.7822687908) (171.85595688,-62.0557560081) (173.176937695,-50.8777490699) (171.889359271,-64.929377993) (173.159956051,-51.446918782) (171.90176584,-66.1549584883) (173.14461002,-51.9710344355) (171.917130213,-70.2555652221) (173.124429362,-52.6815529121) (171.920606209,-71.6403626284) (173.1195416,-52.8595304666) (171.93384518,-83.2216696669) (172.658840726,-77.7978892747) (172.685296999,-75.0823253789) (172.701379814,-73.4905369257) (172.716881588,-72.2892979628) (172.732833875,-71.0831837239) (172.77604321,-68.670448518) (172.809883503,-66.8326345328) (172.872651698,-63.5047908551) (172.872741593,-63.5001393168) (172.940377702,-60.1751247554) (172.944648838,-59.9713738896) (172.949688986,-59.7407309228) (172.980788112,-58.3388548679) (173.039101974,-55.9264303529) (173.065548045,-54.8745273955) (173.083390524,-54.2006109996) (173.100942126,-53.5471930477) 
(324.0,-85.8682325502) (180.0,-3.11436559603) (108.0,-24.7048618163) (0.0,-65.403519933) (178.272860711,-11.5901483153) (178.120820045,-12.377363278) (144.0,-26.4029229894) (146.547879243,-35.1525183928) (176.090403277,-23.8071217612) (146.580091844,-35.268854374) (148.826682923,-43.5516422261) (173.353140873,-45.2371673356) (153.380546804,-60.3532091069) (173.303472905,-46.8160269578) (154.545391028,-65.2452249342) (173.284800267,-47.4118529372) (155.314655015,-70.3614236627) (173.211453745,-49.7537851036) (155.905259385,-77.8628550941) (173.179853966,-50.7822687908) (171.85595688,-62.0557560081) (173.176937695,-50.8777490699) (171.889359271,-64.929377993) (173.159956051,-51.446918782) (171.90176584,-66.1549584883) (173.14461002,-51.9710344355) (171.917130213,-70.2555652221) (173.124429362,-52.6815529121) (171.920606209,-71.6403626284) (173.1195416,-52.8595304666) (171.93384518,-83.2216696669) 
TD 17 :
(324.0,-85.8682325502) (180.0,-3.11436559603) (108.0,-24.7048618163) (0.0,-65.403519933) (178.272860711,-11.5901483153) (178.120820045,-12.377363278) (144.0,-26.4029229894) (146.547879243,-35.1525183928) (176.090403277,-23.8071217612) (146.580091844,-35.268854374) (148.826682923,-43.5516422261) (173.353140873,-45.2371673356) (153.380546804,-60.3532091069) (173.303472905,-46.8160269578) (154.545391028,-65.2452249342) (173.284800267,-47.4118529372) (155.314655015,-70.3614236627) (173.211453745,-49.7537851036) (155.905259385,-77.8628550941) (173.179853966,-50.7822687908) (171.85595688,-62.0557560081) (173.176937695,-50.8777490699) (171.889359271,-64.929377993) (173.159956051,-51.446918782) (171.90176584,-66.1549584883) (173.14461002,-51.9710344355) (171.917130213,-70.2555652221) (173.124429362,-52.6815529121) (171.920606209,-71.6403626284) (173.1195416,-52.8595304666) (171.93384518,-83.2216696669) (173.100942126,-53.5471930477) (173.083390524,-54.2006109996) (173.065548045,-54.8745273955) (173.039101974,-55.9264303529) (172.980788112,-58.3388548679) (172.949688986,-59.7407309228) (172.944648838,-59.9713738896) (172.940377702,-60.1751247554) (172.872741593,-63.5001393168) (172.872651698,-63.5047908551) (172.809883503,-66.8326345328) (172.77604321,-68.670448518) (172.732833875,-71.0831837239) (172.716881588,-72.2892979628) (172.701379814,-73.4905369257) (172.685296999,-75.0823253789) (172.658840726,-77.7978892747) 
(324.0,-85.8682325502) (180.0,-3.11436559603) (108.0,-24.7048618163) (0.0,-65.403519933) (178.272860711,-11.5901483153) (178.120820045,-12.377363278) (144.0,-26.4029229894) (146.547879243,-35.1525183928) (176.090403277,-23.8071217612) (146.580091844,-35.268854374) (148.826682923,-43.5516422261) (173.353140873,-45.2371673356) (153.380546804,-60.3532091069) (173.303472905,-46.8160269578) (154.545391028,-65.2452249342) (173.284800267,-47.4118529372) (155.314655015,-70.3614236627) (173.211453745,-49.7537851036) (155.905259385,-77.8628550941) (173.179853966,-50.7822687908) (171.85595688,-62.0557560081) (173.176937695,-50.8777490699) (171.889359271,-64.929377993) (173.159956051,-51.446918782) (171.90176584,-66.1549584883) (173.14461002,-51.9710344355) (171.917130213,-70.2555652221) (173.124429362,-52.6815529121) (171.920606209,-71.6403626284) (173.1195416,-52.8595304666) (171.93384518,-83.2216696669) (173.100942126,-53.5471930477) (173.083390524,-54.2006109996) (173.065548045,-54.8745273955) (173.039101974,-55.9264303529) (172.980788112,-58.3388548679) (172.949688986,-59.7407309228) (172.944648838,-59.9713738896) (172.940377702,-60.1751247554) (172.872741593,-63.5001393168) (172.872651698,-63.5047908551) (172.809883503,-66.8326345328) (172.77604321,-68.670448518) (172.732833875,-71.0831837239) (172.716881588,-72.2892979628) (172.701379814,-73.4905369257) (172.685296999,-75.0823253789) (172.658840726,-77.7978892747) 
(324.0,-85.8682325502) (180.0,-3.11436559603) (108.0,-24.7048618163) (0.0,-65.403519933) (178.272860711,-11.5901483153) (178.120820045,-12.377363278) (144.0,-26.4029229894) (146.547879243,-35.1525183928) (176.090403277,-23.8071217612) (146.580091844,-35.268854374) (148.826682923,-43.5516422261) (173.353140873,-45.2371673356) (153.380546804,-60.3532091069) (173.303472905,-46.8160269578) (154.545391028,-65.2452249342) (173.284800267,-47.4118529372) (155.314655015,-70.3614236627) (173.211453745,-49.7537851036) (155.905259385,-77.8628550941) (173.179853966,-50.7822687908) (171.85595688,-62.0557560081) (173.176937695,-50.8777490699) (171.889359271,-64.929377993) (173.159956051,-51.446918782) (171.90176584,-66.1549584883) (173.14461002,-51.9710344355) (171.917130213,-70.2555652221) (173.124429362,-52.6815529121) (171.920606209,-71.6403626284) (173.1195416,-52.8595304666) (171.93384518,-83.2216696669) (173.100942126,-53.5471930477) (173.083390524,-54.2006109996) (173.065548045,-54.8745273955) (173.039101974,-55.9264303529) (172.980788112,-58.3388548679) (172.949688986,-59.7407309228) (172.944648838,-59.9713738896) (172.940377702,-60.1751247554) (172.872741593,-63.5001393168) (172.872651698,-63.5047908551) (172.809883503,-66.8326345328) (172.77604321,-68.670448518) (172.732833875,-71.0831837239) (172.716881588,-72.2892979628) (172.701379814,-73.4905369257) (172.685296999,-75.0823253789) (172.658840726,-77.7978892747) 
(324.0,-85.8682325502) (180.0,-3.11436559603) (108.0,-24.7048618163) (0.0,-65.403519933) (178.272860711,-11.5901483153) (178.120820045,-12.377363278) (144.0,-26.4029229894) (146.547879243,-35.1525183928) (176.090403277,-23.8071217612) (146.580091844,-35.268854374) (148.826682923,-43.5516422261) (173.353140873,-45.2371673356) (153.380546804,-60.3532091069) (173.303472905,-46.8160269578) (154.545391028,-65.2452249342) (173.284800267,-47.4118529372) (155.314655015,-70.3614236627) (173.211453745,-49.7537851036) (155.905259385,-77.8628550941) (173.179853966,-50.7822687908) (171.85595688,-62.0557560081) (173.176937695,-50.8777490699) (171.889359271,-64.929377993) (173.159956051,-51.446918782) (171.90176584,-66.1549584883) (173.14461002,-51.9710344355) (171.917130213,-70.2555652221) (173.124429362,-52.6815529121) (171.920606209,-71.6403626284) (173.1195416,-52.8595304666) (171.93384518,-83.2216696669) (173.100942126,-53.5471930477) (173.083390524,-54.2006109996) (173.065548045,-54.8745273955) (173.039101974,-55.9264303529) (172.980788112,-58.3388548679) (172.949688986,-59.7407309228) (172.944648838,-59.9713738896) (172.940377702,-60.1751247554) (172.872741593,-63.5001393168) (172.872651698,-63.5047908551) (172.809883503,-66.8326345328) (172.77604321,-68.670448518) (172.732833875,-71.0831837239) (172.716881588,-72.2892979628) (172.701379814,-73.4905369257) (172.685296999,-75.0823253789) (172.658840726,-77.7978892747) 
(324.0,-85.8682325502) (180.0,-3.11436559603) (108.0,-24.7048618163) (0.0,-65.403519933) (178.272860711,-11.5901483153) (178.120820045,-12.377363278) (144.0,-26.4029229894) (146.547879243,-35.1525183928) (176.090403277,-23.8071217612) (146.580091844,-35.268854374) (148.826682923,-43.5516422261) (173.353140873,-45.2371673356) (153.380546804,-60.3532091069) (173.303472905,-46.8160269578) (154.545391028,-65.2452249342) (173.284800267,-47.4118529372) (155.314655015,-70.3614236627) (173.211453745,-49.7537851036) (155.905259385,-77.8628550941) (173.179853966,-50.7822687908) (171.85595688,-62.0557560081) (173.176937695,-50.8777490699) (171.889359271,-64.929377993) (173.159956051,-51.446918782) (171.90176584,-66.1549584883) (173.14461002,-51.9710344355) (171.917130213,-70.2555652221) (173.124429362,-52.6815529121) (171.920606209,-71.6403626284) (173.1195416,-52.8595304666) (171.93384518,-83.2216696669) (173.100942126,-53.5471930477) (173.083390524,-54.2006109996) (173.065548045,-54.8745273955) (173.039101974,-55.9264303529) (172.980788112,-58.3388548679) (172.949688986,-59.7407309228) (172.944648838,-59.9713738896) (172.940377702,-60.1751247554) (172.872741593,-63.5001393168) (172.872651698,-63.5047908551) (172.809883503,-66.8326345328) (172.77604321,-68.670448518) (172.732833875,-71.0831837239) (172.716881588,-72.2892979628) (172.701379814,-73.4905369257) (172.685296999,-75.0823253789) (172.658840726,-77.7978892747) 
(324.0,-85.8682325502) (180.0,-3.11436559603) (108.0,-24.7048618163) (0.0,-65.403519933) (178.272860711,-11.5901483153) (178.120820045,-12.377363278) (144.0,-26.4029229894) (146.547879243,-35.1525183928) (176.090403277,-23.8071217612) (146.580091844,-35.268854374) (148.826682923,-43.5516422261) (173.353140873,-45.2371673356) (153.380546804,-60.3532091069) (173.303472905,-46.8160269578) (154.545391028,-65.2452249342) (173.284800267,-47.4118529372) (155.314655015,-70.3614236627) (173.211453745,-49.7537851036) (155.905259385,-77.8628550941) (173.179853966,-50.7822687908) (171.85595688,-62.0557560081) (173.176937695,-50.8777490699) (171.889359271,-64.929377993) (173.159956051,-51.446918782) (171.90176584,-66.1549584883) (173.14461002,-51.9710344355) (171.917130213,-70.2555652221) (173.124429362,-52.6815529121) (171.920606209,-71.6403626284) (173.1195416,-52.8595304666) (171.93384518,-83.2216696669) (173.100942126,-53.5471930477) (173.083390524,-54.2006109996) (173.065548045,-54.8745273955) (173.039101974,-55.9264303529) (172.980788112,-58.3388548679) (172.949688986,-59.7407309228) (172.944648838,-59.9713738896) (172.940377702,-60.1751247554) (172.872741593,-63.5001393168) (172.872651698,-63.5047908551) (172.809883503,-66.8326345328) (172.77604321,-68.670448518) (172.732833875,-71.0831837239) (172.716881588,-72.2892979628) (172.701379814,-73.4905369257) (172.685296999,-75.0823253789) (172.658840726,-77.7978892747) 
(324.0,-85.8682325502) (180.0,-3.11436559603) (108.0,-24.7048618163) (0.0,-65.403519933) (178.272860711,-11.5901483153) (178.120820045,-12.377363278) (144.0,-26.4029229894) (146.547879243,-35.1525183928) (176.090403277,-23.8071217612) (146.580091844,-35.268854374) (148.826682923,-43.5516422261) (173.353140873,-45.2371673356) (153.380546804,-60.3532091069) (173.303472905,-46.8160269578) (154.545391028,-65.2452249342) (173.284800267,-47.4118529372) (155.314655015,-70.3614236627) (173.211453745,-49.7537851036) (155.905259385,-77.8628550941) (173.179853966,-50.7822687908) (171.85595688,-62.0557560081) (173.176937695,-50.8777490699) (171.889359271,-64.929377993) (173.159956051,-51.446918782) (171.90176584,-66.1549584883) (173.14461002,-51.9710344355) (171.917130213,-70.2555652221) (173.124429362,-52.6815529121) (171.920606209,-71.6403626284) (173.1195416,-52.8595304666) (171.93384518,-83.2216696669) (173.100942126,-53.5471930477) (173.083390524,-54.2006109996) (173.065548045,-54.8745273955) (173.039101974,-55.9264303529) (172.980788112,-58.3388548679) (172.949688986,-59.7407309228) (172.944648838,-59.9713738896) (172.940377702,-60.1751247554) (172.872741593,-63.5001393168) (172.872651698,-63.5047908551) (172.809883503,-66.8326345328) (172.77604321,-68.670448518) (172.732833875,-71.0831837239) (172.716881588,-72.2892979628) (172.701379814,-73.4905369257) (172.685296999,-75.0823253789) (172.658840726,-77.7978892747) 
(324.0,-85.8682325502) (180.0,-3.11436559603) (108.0,-24.7048618163) (0.0,-65.403519933) (178.272860711,-11.5901483153) (178.120820045,-12.377363278) (144.0,-26.4029229894) (146.547879243,-35.1525183928) (176.090403277,-23.8071217612) (146.580091844,-35.268854374) (148.826682923,-43.5516422261) (173.353140873,-45.2371673356) (153.380546804,-60.3532091069) (173.303472905,-46.8160269578) (154.545391028,-65.2452249342) (173.284800267,-47.4118529372) (155.314655015,-70.3614236627) (173.211453745,-49.7537851036) (155.905259385,-77.8628550941) (173.179853966,-50.7822687908) (171.85595688,-62.0557560081) (173.176937695,-50.8777490699) (171.889359271,-64.929377993) (173.159956051,-51.446918782) (171.90176584,-66.1549584883) (173.14461002,-51.9710344355) (171.917130213,-70.2555652221) (173.124429362,-52.6815529121) (171.920606209,-71.6403626284) (173.1195416,-52.8595304666) (171.93384518,-83.2216696669) (173.100942126,-53.5471930477) (173.083390524,-54.2006109996) (173.065548045,-54.8745273955) (173.039101974,-55.9264303529) (172.980788112,-58.3388548679) (172.949688986,-59.7407309228) (172.944648838,-59.9713738896) (172.940377702,-60.1751247554) (172.872741593,-63.5001393168) (172.872651698,-63.5047908551) (172.809883503,-66.8326345328) (172.77604321,-68.670448518) (172.732833875,-71.0831837239) (172.716881588,-72.2892979628) (172.701379814,-73.4905369257) (172.685296999,-75.0823253789) (172.658840726,-77.7978892747) 
(324.0,-85.8682325502) (180.0,-3.11436559603) (108.0,-24.7048618163) (0.0,-65.403519933) (178.272860711,-11.5901483153) (178.120820045,-12.377363278) (144.0,-26.4029229894) (146.547879243,-35.1525183928) (176.090403277,-23.8071217612) (146.580091844,-35.268854374) (148.826682923,-43.5516422261) (173.353140873,-45.2371673356) (153.380546804,-60.3532091069) (173.303472905,-46.8160269578) (154.545391028,-65.2452249342) (173.284800267,-47.4118529372) (155.314655015,-70.3614236627) (173.211453745,-49.7537851036) (155.905259385,-77.8628550941) (173.179853966,-50.7822687908) (171.85595688,-62.0557560081) (173.176937695,-50.8777490699) (171.889359271,-64.929377993) (173.159956051,-51.446918782) (171.90176584,-66.1549584883) (173.14461002,-51.9710344355) (171.917130213,-70.2555652221) (173.124429362,-52.6815529121) (171.920606209,-71.6403626284) (173.1195416,-52.8595304666) (171.93384518,-83.2216696669) (173.100942126,-53.5471930477) (173.083390524,-54.2006109996) (173.065548045,-54.8745273955) (173.039101974,-55.9264303529) (172.980788112,-58.3388548679) (172.949688986,-59.7407309228) (172.944648838,-59.9713738896) (172.940377702,-60.1751247554) (172.872741593,-63.5001393168) (172.872651698,-63.5047908551) (172.809883503,-66.8326345328) (172.77604321,-68.670448518) (172.732833875,-71.0831837239) (172.716881588,-72.2892979628) (172.701379814,-73.4905369257) (172.685296999,-75.0823253789) (172.658840726,-77.7978892747) 
(324.0,-85.8682325502) (180.0,-3.11436559603) (108.0,-24.7048618163) (0.0,-65.403519933) (178.272860711,-11.5901483153) (178.120820045,-12.377363278) (144.0,-26.4029229894) (146.547879243,-35.1525183928) (176.090403277,-23.8071217612) (146.580091844,-35.268854374) (148.826682923,-43.5516422261) (173.353140873,-45.2371673356) (153.380546804,-60.3532091069) (173.303472905,-46.8160269578) (154.545391028,-65.2452249342) (173.284800267,-47.4118529372) (155.314655015,-70.3614236627) (173.211453745,-49.7537851036) (155.905259385,-77.8628550941) (173.179853966,-50.7822687908) (171.85595688,-62.0557560081) (173.176937695,-50.8777490699) (171.889359271,-64.929377993) (173.159956051,-51.446918782) (171.90176584,-66.1549584883) (173.14461002,-51.9710344355) (171.917130213,-70.2555652221) (173.124429362,-52.6815529121) (171.920606209,-71.6403626284) (173.1195416,-52.8595304666) (171.93384518,-83.2216696669) (173.100942126,-53.5471930477) (173.083390524,-54.2006109996) (173.065548045,-54.8745273955) (173.039101974,-55.9264303529) (172.980788112,-58.3388548679) (172.949688986,-59.7407309228) (172.944648838,-59.9713738896) (172.940377702,-60.1751247554) (172.872741593,-63.5001393168) (172.872651698,-63.5047908551) (172.809883503,-66.8326345328) (172.77604321,-68.670448518) (172.732833875,-71.0831837239) (172.716881588,-72.2892979628) (172.701379814,-73.4905369257) (172.685296999,-75.0823253789) (172.658840726,-77.7978892747) 
(324.0,-85.8682325502) (180.0,-3.11436559603) (108.0,-24.7048618163) (0.0,-65.403519933) (178.272860711,-11.5901483153) (178.120820045,-12.377363278) (144.0,-26.4029229894) (146.547879243,-35.1525183928) (176.090403277,-23.8071217612) (146.580091844,-35.268854374) (148.826682923,-43.5516422261) (173.353140873,-45.2371673356) (153.380546804,-60.3532091069) (173.303472905,-46.8160269578) (154.545391028,-65.2452249342) (173.284800267,-47.4118529372) (155.314655015,-70.3614236627) (173.211453745,-49.7537851036) (155.905259385,-77.8628550941) (173.179853966,-50.7822687908) (171.85595688,-62.0557560081) (173.176937695,-50.8777490699) (171.889359271,-64.929377993) (173.159956051,-51.446918782) (171.90176584,-66.1549584883) (173.14461002,-51.9710344355) (171.917130213,-70.2555652221) (173.124429362,-52.6815529121) (171.920606209,-71.6403626284) (173.1195416,-52.8595304666) (171.93384518,-83.2216696669) (173.100942126,-53.5471930477) (173.083390524,-54.2006109996) (173.065548045,-54.8745273955) (173.039101974,-55.9264303529) (172.980788112,-58.3388548679) (172.949688986,-59.7407309228) (172.944648838,-59.9713738896) (172.940377702,-60.1751247554) (172.872741593,-63.5001393168) (172.872651698,-63.5047908551) (172.809883503,-66.8326345328) (172.77604321,-68.670448518) (172.732833875,-71.0831837239) (172.716881588,-72.2892979628) (172.701379814,-73.4905369257) (172.685296999,-75.0823253789) (172.658840726,-77.7978892747) 
(324.0,-85.8682325502) (180.0,-3.11436559603) (108.0,-24.7048618163) (0.0,-65.403519933) (178.272860711,-11.5901483153) (178.120820045,-12.377363278) (144.0,-26.4029229894) (146.547879243,-35.1525183928) (176.090403277,-23.8071217612) (146.580091844,-35.268854374) (148.826682923,-43.5516422261) (173.353140873,-45.2371673356) (153.380546804,-60.3532091069) (173.303472905,-46.8160269578) (154.545391028,-65.2452249342) (173.284800267,-47.4118529372) (155.314655015,-70.3614236627) (173.211453745,-49.7537851036) (155.905259385,-77.8628550941) (173.179853966,-50.7822687908) (171.85595688,-62.0557560081) (173.176937695,-50.8777490699) (171.889359271,-64.929377993) (173.159956051,-51.446918782) (171.90176584,-66.1549584883) (173.14461002,-51.9710344355) (171.917130213,-70.2555652221) (173.124429362,-52.6815529121) (171.920606209,-71.6403626284) (173.1195416,-52.8595304666) (171.93384518,-83.2216696669) (173.100942126,-53.5471930477) (173.083390524,-54.2006109996) (173.065548045,-54.8745273955) (173.039101974,-55.9264303529) (172.980788112,-58.3388548679) (172.949688986,-59.7407309228) (172.944648838,-59.9713738896) (172.940377702,-60.1751247554) (172.872741593,-63.5001393168) (172.872651698,-63.5047908551) (172.809883503,-66.8326345328) (172.77604321,-68.670448518) (172.732833875,-71.0831837239) (172.716881588,-72.2892979628) (172.701379814,-73.4905369257) (172.685296999,-75.0823253789) (172.658840726,-77.7978892747) 
(324.0,-85.8682325502) (180.0,-3.11436559603) (108.0,-24.7048618163) (0.0,-65.403519933) (178.272860711,-11.5901483153) (178.120820045,-12.377363278) (144.0,-26.4029229894) (146.547879243,-35.1525183928) (176.090403277,-23.8071217612) (146.580091844,-35.268854374) (148.826682923,-43.5516422261) (173.353140873,-45.2371673356) (153.380546804,-60.3532091069) (173.303472905,-46.8160269578) (154.545391028,-65.2452249342) (173.284800267,-47.4118529372) (155.314655015,-70.3614236627) (173.211453745,-49.7537851036) (155.905259385,-77.8628550941) (173.179853966,-50.7822687908) (171.85595688,-62.0557560081) (173.176937695,-50.8777490699) (171.889359271,-64.929377993) (173.159956051,-51.446918782) (171.90176584,-66.1549584883) (173.14461002,-51.9710344355) (171.917130213,-70.2555652221) (173.124429362,-52.6815529121) (171.920606209,-71.6403626284) (173.1195416,-52.8595304666) (171.93384518,-83.2216696669) (173.100942126,-53.5471930477) (173.083390524,-54.2006109996) (173.065548045,-54.8745273955) (173.039101974,-55.9264303529) (172.980788112,-58.3388548679) (172.949688986,-59.7407309228) (172.944648838,-59.9713738896) (172.940377702,-60.1751247554) (172.872741593,-63.5001393168) (172.872651698,-63.5047908551) (172.809883503,-66.8326345328) (172.77604321,-68.670448518) (172.732833875,-71.0831837239) (172.716881588,-72.2892979628) (172.701379814,-73.4905369257) (172.685296999,-75.0823253789) (172.658840726,-77.7978892747) 
(324.0,-85.8682325502) (180.0,-3.11436559603) (108.0,-24.7048618163) (0.0,-65.403519933) (178.272860711,-11.5901483153) (178.120820045,-12.377363278) (144.0,-26.4029229894) (146.547879243,-35.1525183928) (176.090403277,-23.8071217612) (146.580091844,-35.268854374) (148.826682923,-43.5516422261) (173.353140873,-45.2371673356) (153.380546804,-60.3532091069) (173.303472905,-46.8160269578) (154.545391028,-65.2452249342) (173.284800267,-47.4118529372) (155.314655015,-70.3614236627) (173.211453745,-49.7537851036) (155.905259385,-77.8628550941) (173.179853966,-50.7822687908) (171.85595688,-62.0557560081) (173.176937695,-50.8777490699) (171.889359271,-64.929377993) (173.159956051,-51.446918782) (171.90176584,-66.1549584883) (173.14461002,-51.9710344355) (171.917130213,-70.2555652221) (173.124429362,-52.6815529121) (171.920606209,-71.6403626284) (173.1195416,-52.8595304666) (171.93384518,-83.2216696669) (173.100942126,-53.5471930477) (173.083390524,-54.2006109996) (173.065548045,-54.8745273955) (173.039101974,-55.9264303529) (172.980788112,-58.3388548679) (172.949688986,-59.7407309228) (172.944648838,-59.9713738896) (172.940377702,-60.1751247554) (172.872741593,-63.5001393168) (172.872651698,-63.5047908551) (172.809883503,-66.8326345328) (172.77604321,-68.670448518) (172.732833875,-71.0831837239) (172.716881588,-72.2892979628) (172.701379814,-73.4905369257) (172.685296999,-75.0823253789) (172.658840726,-77.7978892747) 
(324.0,-85.8682325502) (180.0,-3.11436559603) (108.0,-24.7048618163) (0.0,-65.403519933) (178.272860711,-11.5901483153) (178.120820045,-12.377363278) (144.0,-26.4029229894) (146.547879243,-35.1525183928) (176.090403277,-23.8071217612) (146.580091844,-35.268854374) (148.826682923,-43.5516422261) (173.353140873,-45.2371673356) (153.380546804,-60.3532091069) (173.303472905,-46.8160269578) (154.545391028,-65.2452249342) (173.284800267,-47.4118529372) (155.314655015,-70.3614236627) (173.211453745,-49.7537851036) (155.905259385,-77.8628550941) (173.179853966,-50.7822687908) (171.85595688,-62.0557560081) (173.176937695,-50.8777490699) (171.889359271,-64.929377993) (173.159956051,-51.446918782) (171.90176584,-66.1549584883) (173.14461002,-51.9710344355) (171.917130213,-70.2555652221) (173.124429362,-52.6815529121) (171.920606209,-71.6403626284) (173.1195416,-52.8595304666) (171.93384518,-83.2216696669) (173.100942126,-53.5471930477) (173.083390524,-54.2006109996) (173.065548045,-54.8745273955) (173.039101974,-55.9264303529) (172.980788112,-58.3388548679) (172.949688986,-59.7407309228) (172.944648838,-59.9713738896) (172.940377702,-60.1751247554) (172.872741593,-63.5001393168) (172.872651698,-63.5047908551) (172.809883503,-66.8326345328) (172.77604321,-68.670448518) (172.732833875,-71.0831837239) (172.716881588,-72.2892979628) (172.701379814,-73.4905369257) (172.685296999,-75.0823253789) (172.658840726,-77.7978892747) 
(324.0,-85.8682325502) (180.0,-3.11436559603) (108.0,-24.7048618163) (0.0,-65.403519933) (178.272860711,-11.5901483153) (178.120820045,-12.377363278) (144.0,-26.4029229894) (146.547879243,-35.1525183928) (176.090403277,-23.8071217612) (146.580091844,-35.268854374) (148.826682923,-43.5516422261) (173.353140873,-45.2371673356) (153.380546804,-60.3532091069) (173.303472905,-46.8160269578) (154.545391028,-65.2452249342) (173.284800267,-47.4118529372) (155.314655015,-70.3614236627) (173.211453745,-49.7537851036) (155.905259385,-77.8628550941) (173.179853966,-50.7822687908) (171.85595688,-62.0557560081) (173.176937695,-50.8777490699) (171.889359271,-64.929377993) (173.159956051,-51.446918782) (171.90176584,-66.1549584883) (173.14461002,-51.9710344355) (171.917130213,-70.2555652221) (173.124429362,-52.6815529121) (171.920606209,-71.6403626284) (173.1195416,-52.8595304666) (171.93384518,-83.2216696669) (173.100942126,-53.5471930477) (173.083390524,-54.2006109996) (173.065548045,-54.8745273955) (173.039101974,-55.9264303529) (172.980788112,-58.3388548679) (172.949688986,-59.7407309228) (172.944648838,-59.9713738896) (172.940377702,-60.1751247554) (172.872741593,-63.5001393168) (172.872651698,-63.5047908551) (172.809883503,-66.8326345328) (172.77604321,-68.670448518) (172.732833875,-71.0831837239) (172.716881588,-72.2892979628) (172.701379814,-73.4905369257) (172.685296999,-75.0823253789) (172.658840726,-77.7978892747) 
(324.0,-85.8682325502) (180.0,-3.11436559603) (108.0,-24.7048618163) (0.0,-65.403519933) (178.272860711,-11.5901483153) (178.120820045,-12.377363278) (144.0,-26.4029229894) (146.547879243,-35.1525183928) (176.090403277,-23.8071217612) (146.580091844,-35.268854374) (148.826682923,-43.5516422261) (173.353140873,-45.2371673356) (153.380546804,-60.3532091069) (173.303472905,-46.8160269578) (154.545391028,-65.2452249342) (173.284800267,-47.4118529372) (155.314655015,-70.3614236627) (173.211453745,-49.7537851036) (155.905259385,-77.8628550941) (173.179853966,-50.7822687908) (171.85595688,-62.0557560081) (173.176937695,-50.8777490699) (171.889359271,-64.929377993) (173.159956051,-51.446918782) (171.90176584,-66.1549584883) (173.14461002,-51.9710344355) (171.917130213,-70.2555652221) (173.124429362,-52.6815529121) (171.920606209,-71.6403626284) (173.1195416,-52.8595304666) (171.93384518,-83.2216696669) (173.100942126,-53.5471930477) (173.083390524,-54.2006109996) (173.065548045,-54.8745273955) (173.039101974,-55.9264303529) (172.980788112,-58.3388548679) (172.949688986,-59.7407309228) (172.944648838,-59.9713738896) (172.940377702,-60.1751247554) (172.872741593,-63.5001393168) (172.872651698,-63.5047908551) (172.809883503,-66.8326345328) (172.77604321,-68.670448518) (172.732833875,-71.0831837239) (172.716881588,-72.2892979628) (172.701379814,-73.4905369257) (172.685296999,-75.0823253789) (172.658840726,-77.7978892747) 
TD 18 :
TD 19 :
TD 20 :
TD 21 :
TD 22 :
TD 23 :
Pocket 0 :
()
Pocket 1 :
({  (0.0,-65.403519933) ,(36.0,-57.031919247) } {  (72.0,-80.5244741835) ,(108.0,-24.7048618163) } {  (0.0,-65.403519933) ,(36.0,-57.031919247) } {  (72.0,-80.5244741835) ,(108.0,-24.7048618163) } {  (0.0,-65.403519933) ,(36.0,-57.031919247) } {  (72.0,-80.5244741835) ,(108.0,-24.7048618163) } )
Pocket 2 :
({  (36.0,-57.031919247) ,(0.0,-65.403519933) } {  (324.0,-85.8682325502) ,(178.272860711,-11.5901483153) } {  (324.0,-85.8682325502) ,(178.272860711,-11.5901483153) } {  (324.0,-85.8682325502) ,(323.031700899,-90.9675384092) } )
Pocket 3 :
({  (72.0,-80.5244741835) ,(36.0,-57.031919247) } {  (146.547879243,-35.1525183928) ,(144.0,-26.4029229894) } {  (146.547879243,-35.1525183928) ,(144.0,-26.4029229894) } {  (146.547879243,-35.1525183928) ,(144.0,-26.4029229894) } {  (324.0,-85.8682325502) ,(322.178422766,-96.8043803843) } )
Pocket 4 :
({  (146.547879243,-35.1525183928) ,(144.0,-26.4029229894) } {  (182.972520314,-37.1213126393) ,(181.659996695,-21.4924377296) } {  (182.972520314,-37.1213126393) ,(181.659996695,-21.4924377296) } {  (182.972520314,-37.1213126393) ,(181.659996695,-21.4924377296) } )
Pocket 5 :
({  (146.580091844,-35.268854374) ,(146.547879243,-35.1525183928) } {  (324.0,-85.8682325502) ,(176.090403277,-23.8071217612) } {  (146.580091844,-35.268854374) ,(146.547879243,-35.1525183928) } {  (324.0,-85.8682325502) ,(176.090403277,-23.8071217612) } {  (324.0,-85.8682325502) ,(321.710848451,-100.596289634) } )
Pocket 6 :
({  (148.826682923,-43.5516422261) ,(146.580091844,-35.268854374) } {  (291.81538044,-88.7585639886) ,(290.798467143,-86.3657384327) } {  (291.81538044,-88.7585639886) ,(290.798467143,-86.3657384327) } )
Pocket 7 :
({  (153.380546804,-60.3532091069) ,(148.826682923,-43.5516422261) } {  (324.0,-85.8682325502) ,(173.353140873,-45.2371673356) } {  (153.380546804,-60.3532091069) ,(148.826682923,-43.5516422261) } {  (324.0,-85.8682325502) ,(173.353140873,-45.2371673356) } {  (291.940892818,-89.06139334) ,(291.81538044,-88.7585639886) } {  (291.940892818,-89.06139334) ,(291.81538044,-88.7585639886) } )
Pocket 8 :
({  (154.545391028,-65.2452249342) ,(153.380546804,-60.3532091069) } {  (324.0,-85.8682325502) ,(173.303472905,-46.8160269578) } {  (154.545391028,-65.2452249342) ,(153.380546804,-60.3532091069) } {  (324.0,-85.8682325502) ,(173.303472905,-46.8160269578) } {  (292.786063546,-91.1150811297) ,(291.940892818,-89.06139334) } {  (292.786063546,-91.1150811297) ,(291.940892818,-89.06139334) } )
Pocket 9 :
({  (155.314655015,-70.3614236627) ,(154.545391028,-65.2452249342) } {  (324.0,-85.8682325502) ,(173.284800267,-47.4118529372) } {  (155.314655015,-70.3614236627) ,(154.545391028,-65.2452249342) } {  (324.0,-85.8682325502) ,(173.284800267,-47.4118529372) } {  (292.846407902,-91.2640998123) ,(292.786063546,-91.1150811297) } {  (292.846407902,-91.2640998123) ,(292.786063546,-91.1150811297) } {  (292.846407902,-91.2640998123) ,(292.786063546,-91.1150811297) } {  (292.846407902,-91.2640998123) ,(292.786063546,-91.1150811297) } {  (292.846407902,-91.2640998123) ,(292.786063546,-91.1150811297) } {  (292.846407902,-91.2640998123) ,(292.786063546,-91.1150811297) } {  (292.846407902,-91.2640998123) ,(292.786063546,-91.1150811297) } {  (292.846407902,-91.2640998123) ,(292.786063546,-91.1150811297) } {  (292.846407902,-91.2640998123) ,(292.786063546,-91.1150811297) } {  (292.846407902,-91.2640998123) ,(292.786063546,-91.1150811297) } {  (292.846407902,-91.2640998123) ,(292.786063546,-91.1150811297) } {  (292.846407902,-91.2640998123) ,(292.786063546,-91.1150811297) } {  (292.846407902,-91.2640998123) ,(292.786063546,-91.1150811297) } )
Pocket 10 :
({  (155.905259385,-77.8628550941) ,(155.314655015,-70.3614236627) } {  (324.0,-85.8682325502) ,(173.211453745,-49.7537851036) } {  (155.905259385,-77.8628550941) ,(155.314655015,-70.3614236627) } {  (324.0,-85.8682325502) ,(173.211453745,-49.7537851036) } )
Pocket 11 :
({  (171.85595688,-62.0557560081) ,(155.905259385,-77.8628550941) } {  (324.0,-85.8682325502) ,(173.179853966,-50.7822687908) } {  (171.85595688,-62.0557560081) ,(155.905259385,-77.8628550941) } {  (324.0,-85.8682325502) ,(173.179853966,-50.7822687908) } )
Pocket 12 :
({  (171.889359271,-64.929377993) ,(171.85595688,-62.0557560081) } {  (324.0,-85.8682325502) ,(173.176937695,-50.8777490699) } {  (171.889359271,-64.929377993) ,(171.85595688,-62.0557560081) } {  (324.0,-85.8682325502) ,(173.176937695,-50.8777490699) } )
Pocket 13 :
({  (171.90176584,-66.1549584883) ,(171.889359271,-64.929377993) } {  (324.0,-85.8682325502) ,(173.159956051,-51.446918782) } {  (171.90176584,-66.1549584883) ,(171.889359271,-64.929377993) } {  (324.0,-85.8682325502) ,(173.159956051,-51.446918782) } )
Pocket 14 :
({  (171.917130213,-70.2555652221) ,(171.90176584,-66.1549584883) } {  (324.0,-85.8682325502) ,(173.14461002,-51.9710344355) } {  (171.917130213,-70.2555652221) ,(171.90176584,-66.1549584883) } {  (324.0,-85.8682325502) ,(173.14461002,-51.9710344355) } )
Pocket 15 :
({  (171.920606209,-71.6403626284) ,(171.917130213,-70.2555652221) } {  (324.0,-85.8682325502) ,(173.124429362,-52.6815529121) } {  (171.920606209,-71.6403626284) ,(171.917130213,-70.2555652221) } {  (324.0,-85.8682325502) ,(173.124429362,-52.6815529121) } )
Pocket 16 :
({  (171.93384518,-83.2216696669) ,(171.920606209,-71.6403626284) } {  (324.0,-85.8682325502) ,(173.1195416,-52.8595304666) } {  (171.93384518,-83.2216696669) ,(171.920606209,-71.6403626284) } {  (324.0,-85.8682325502) ,(173.1195416,-52.8595304666) } )
Pocket 17 :
({  (172.658840726,-77.7978892747) ,(171.93384518,-83.2216696669) } {  (172.701379814,-73.4905369257) ,(172.685296999,-75.0823253789) } {  (172.658840726,-77.7978892747) ,(171.93384518,-83.2216696669) } {  (172.701379814,-73.4905369257) ,(172.685296999,-75.0823253789) } {  (172.658840726,-77.7978892747) ,(171.93384518,-83.2216696669) } {  (172.701379814,-73.4905369257) ,(172.685296999,-75.0823253789) } {  (172.658840726,-77.7978892747) ,(171.93384518,-83.2216696669) } {  (172.701379814,-73.4905369257) ,(172.685296999,-75.0823253789) } {  (172.658840726,-77.7978892747) ,(171.93384518,-83.2216696669) } {  (172.701379814,-73.4905369257) ,(172.685296999,-75.0823253789) } {  (172.658840726,-77.7978892747) ,(171.93384518,-83.2216696669) } {  (172.701379814,-73.4905369257) ,(172.685296999,-75.0823253789) } {  (172.658840726,-77.7978892747) ,(171.93384518,-83.2216696669) } {  (172.701379814,-73.4905369257) ,(172.685296999,-75.0823253789) } {  (172.658840726,-77.7978892747) ,(171.93384518,-83.2216696669) } {  (172.701379814,-73.4905369257) ,(172.685296999,-75.0823253789) } {  (172.658840726,-77.7978892747) ,(171.93384518,-83.2216696669) } {  (172.701379814,-73.4905369257) ,(172.685296999,-75.0823253789) } {  (172.658840726,-77.7978892747) ,(171.93384518,-83.2216696669) } {  (172.701379814,-73.4905369257) ,(172.685296999,-75.0823253789) } {  (172.658840726,-77.7978892747) ,(171.93384518,-83.2216696669) } {  (172.701379814,-73.4905369257) ,(172.685296999,-75.0823253789) } {  (172.658840726,-77.7978892747) ,(171.93384518,-83.2216696669) } {  (172.701379814,-73.4905369257) ,(172.685296999,-75.0823253789) } {  (172.658840726,-77.7978892747) ,(171.93384518,-83.2216696669) } {  (172.701379814,-73.4905369257) ,(172.685296999,-75.0823253789) } {  (172.658840726,-77.7978892747) ,(171.93384518,-83.2216696669) } {  (172.701379814,-73.4905369257) ,(172.685296999,-75.0823253789) } {  (172.658840726,-77.7978892747) ,(171.93384518,-83.2216696669) } {  (172.701379814,-73.4905369257) ,(172.685296999,-75.0823253789) } {  (172.658840726,-77.7978892747) ,(171.93384518,-83.2216696669) } {  (172.701379814,-73.4905369257) ,(172.685296999,-75.0823253789) } {  (172.658840726,-77.7978892747) ,(171.93384518,-83.2216696669) } {  (172.701379814,-73.4905369257) ,(172.685296999,-75.0823253789) } )
Pocket 18 :
()
Pocket 19 :
()
Pocket 20 :
()
Pocket 21 :
()
Pocket 22 :
()
