4 layers in onion peeling: 
Layer 1
(36.0,7.17187577212) (0.0,-9.98144964341) 
Layer 2
(33.2065470728,-6.04989745851) (4.28362070802,-20.5534610153) 
Layer 3
(30.6870597331,-23.8861228415) (4.91730997525,-22.3652778602) 
Layer 4
(30.6232690964,-24.3711783463) (6.24925800853,-26.2623090757) 
---------------------------------------------------------------------------------------
TD 0 :
(36.0,7.17187577212) (33.2065470728,-6.04989745851) (30.6870597331,-23.8861228415) (30.6232690964,-24.3711783463) (28.651961637,-40.2460169258) (10.7948486509,-53.2575639288) (6.24925800853,-26.2623090757) (4.91730997525,-22.3652778602) (4.28362070802,-20.5534610153) (0.0,-9.98144964341) 
TD 1 :
(36.0,7.17187577212) (0.0,-9.98144964341) (4.28362070802,-20.5534610153) (4.91730997525,-22.3652778602) (6.24925800853,-26.2623090757) (10.7948486509,-53.2575639288) (28.651961637,-40.2460169258) (30.6232690964,-24.3711783463) (30.6870597331,-23.8861228415) (33.2065470728,-6.04989745851) 
TD 2 :
(36.0,7.17187577212) (0.0,-9.98144964341) (33.2065470728,-6.04989745851) (4.28362070802,-20.5534610153) (4.91730997525,-22.3652778602) (6.24925800853,-26.2623090757) (10.7948486509,-53.2575639288) (28.651961637,-40.2460169258) (30.6232690964,-24.3711783463) (30.6870597331,-23.8861228415) 
TD 3 :
(36.0,7.17187577212) (0.0,-9.98144964341) (33.2065470728,-6.04989745851) (4.28362070802,-20.5534610153) (30.6870597331,-23.8861228415) (4.91730997525,-22.3652778602) (6.24925800853,-26.2623090757) (10.7948486509,-53.2575639288) (28.651961637,-40.2460169258) (30.6232690964,-24.3711783463) 
TD 4 :
(36.0,7.17187577212) (0.0,-9.98144964341) (33.2065470728,-6.04989745851) (4.28362070802,-20.5534610153) (30.6870597331,-23.8861228415) (4.91730997525,-22.3652778602) (30.6232690964,-24.3711783463) (6.24925800853,-26.2623090757) (10.7948486509,-53.2575639288) (28.651961637,-40.2460169258) 
Pocket 0 :
()
Pocket 1 :
({  (0.0,-9.98144964341) ,(4.28362070802,-20.5534610153) } {  (33.2065470728,-6.04989745851) ,(36.0,7.17187577212) } )
Pocket 2 :
({  (4.28362070802,-20.5534610153) ,(0.0,-9.98144964341) } {  (36.0,7.17187577212) ,(33.2065470728,-6.04989745851) } )
Pocket 3 :
({  (4.91730997525,-22.3652778602) ,(4.28362070802,-20.5534610153) } {  (36.0,7.17187577212) ,(30.6870597331,-23.8861228415) } )
