4 layers in onion peeling: 
Layer 1
(36.0,21.0158346234) (0.0,25.6259799249) 
Layer 2
(33.622300983,15.5460848889) (3.43687551565,14.1586110721) 
Layer 3
(32.6924655478,13.2483293281) (4.80009153843,9.14810122455) 
Layer 4
(30.9595506322,8.94714440487) (6.08346987236,2.67997867717) 
---------------------------------------------------------------------------------------
TD 0 :
(36.0,21.0158346234) (33.622300983,15.5460848889) (32.6924655478,13.2483293281) (30.9595506322,8.94714440487) (25.9993050149,-3.65055473669) (6.09955883414,-18.2820302491) (6.08346987236,2.67997867717) (4.80009153843,9.14810122455) (3.43687551565,14.1586110721) (0.0,25.6259799249) 
TD 1 :
(36.0,21.0158346234) (0.0,25.6259799249) (3.43687551565,14.1586110721) (4.80009153843,9.14810122455) (6.08346987236,2.67997867717) (6.09955883414,-18.2820302491) (25.9993050149,-3.65055473669) (30.9595506322,8.94714440487) (32.6924655478,13.2483293281) (33.622300983,15.5460848889) 
TD 2 :
(36.0,21.0158346234) (0.0,25.6259799249) (33.622300983,15.5460848889) (3.43687551565,14.1586110721) (4.80009153843,9.14810122455) (6.08346987236,2.67997867717) (6.09955883414,-18.2820302491) (25.9993050149,-3.65055473669) (30.9595506322,8.94714440487) (32.6924655478,13.2483293281) 
TD 3 :
(36.0,21.0158346234) (0.0,25.6259799249) (33.622300983,15.5460848889) (3.43687551565,14.1586110721) (32.6924655478,13.2483293281) (4.80009153843,9.14810122455) (6.08346987236,2.67997867717) (6.09955883414,-18.2820302491) (25.9993050149,-3.65055473669) (30.9595506322,8.94714440487) 
TD 4 :
(36.0,21.0158346234) (0.0,25.6259799249) (33.622300983,15.5460848889) (3.43687551565,14.1586110721) (32.6924655478,13.2483293281) (4.80009153843,9.14810122455) (30.9595506322,8.94714440487) (6.08346987236,2.67997867717) (6.09955883414,-18.2820302491) (25.9993050149,-3.65055473669) 
Pocket 0 :
()
Pocket 1 :
({  (0.0,25.6259799249) ,(3.43687551565,14.1586110721) } {  (33.622300983,15.5460848889) ,(36.0,21.0158346234) } )
Pocket 2 :
({  (3.43687551565,14.1586110721) ,(0.0,25.6259799249) } {  (36.0,21.0158346234) ,(33.622300983,15.5460848889) } )
Pocket 3 :
({  (4.80009153843,9.14810122455) ,(3.43687551565,14.1586110721) } {  (36.0,21.0158346234) ,(32.6924655478,13.2483293281) } )
