27 layers in onion peeling: 
Layer 1
(324.0,-216.325791828) (288.0,-98.6912106967) (72.0,2.39750832325) (0.0,-40.4167655258) 
Layer 2
(321.969927752,-230.250025003) (289.1080498,-116.939517198) (180.0,-55.9667787159) (72.630328012,-1.83557092722) (6.19490950644,-61.6409882534) 
Layer 3
(321.484011363,-233.858525494) (289.172150052,-118.090443834) (73.1798295476,-5.65835155636) (6.7302535384,-64.3855269045) 
Layer 4
(321.176271744,-236.167054914) (289.585964149,-125.796374848) (73.3642188977,-6.95066343861) (8.03250731406,-74.0200601849) 
Layer 5
(320.784540254,-239.179617304) (289.836019984,-130.459657292) (73.6550963847,-9.00815431739) (36.0,-47.1304550434) (10.618805416,-95.1032942119) 
Layer 6
(320.40374563,-242.135912285) (290.265628071,-138.8143456) (74.4581562115,-14.7832846908) (31.8460487033,-61.336553721) (31.8357063638,-61.386056044) (29.3190588214,-75.0554690211) 
Layer 7
(320.296851314,-242.968118233) (291.040955522,-154.685995279) (74.770486638,-17.0711136906) 
Layer 8
(319.11187085,-252.244396309) (291.133945494,-156.63866287) (75.5535990344,-22.8701272398) 
Layer 9
(318.690006012,-255.708806734) (291.235489311,-158.902211893) (182.272839161,-91.0570577128) (75.8118928104,-24.8503586756) 
Layer 10
(318.463627111,-257.774418297) (291.638307156,-168.471350548) (76.3918917015,-29.3671206441) 
Layer 11
(317.711664318,-265.264084675) (292.895641502,-209.727747458) (252.0,-165.380100069) (144.0,-77.9810205377) (76.7448838085,-32.1580213793) 
Layer 12
(317.561119356,-266.849039614) (292.908167478,-210.171628699) (216.0,-145.610022061) (76.8163958295,-32.7301114158) 
Layer 13
(317.099703306,-271.994507607) (184.537444541,-129.259324468) (77.241936385,-36.3606347953) 
Layer 14
(316.936719882,-274.169110272) (213.350661148,-161.360939789) (77.7945770792,-41.1080882131) 
Layer 15
(316.884038482,-274.872646454) (211.950862092,-171.573962524) (77.8147046072,-41.2843688518) 
Layer 16
(316.184911353,-284.584522254) (211.677301801,-173.685085092) (185.520762268,-146.572824942) (77.8346131394,-41.480421816) 
Layer 17
(315.175094579,-298.650915954) (294.246801543,-270.596987232) (211.418770541,-175.737738949) (185.530409248,-146.760770691) (78.6701957717,-49.9113623948) 
Layer 18
(314.925807654,-302.443878417) (294.254955488,-271.26724932) (186.086548437,-159.510507608) (108.0,-99.2537114033) (82.1352699699,-87.9947601819) 
Layer 19
(314.543452398,-310.816977211) (294.28708114,-273.988078601) (210.373291987,-184.876354021) (82.8358156773,-95.7479320831) 
Layer 20
(294.779502727,-358.924790847) (210.087705324,-198.01441003) (83.135452072,-99.2422860326) 
Layer 21
(190.232785212,-263.159792337) (107.311324181,-120.760580562) (83.6020576895,-104.696530745) 
Layer 22
(106.366866968,-158.404012341) (83.783474936,-106.844758274) 
Layer 23
(106.254946389,-164.835119785) (84.6227262562,-116.788577274) 
Layer 24
(87.4338059595,-211.884456563) (87.1696991402,-174.850452805) (86.8173181585,-155.358915274) (85.8533950912,-133.367899503) (85.051414204,-121.968151114) (84.9827936532,-121.089782164) 
Layer 25
(87.1266100468,-181.310781569) (86.8419013259,-162.405215749) 
Layer 26
(87.1204993125,-182.425831265) (86.8563674173,-167.175662037) 
Layer 27
(87.1129894529,-184.048563258) (86.8715162444,-178.101135029) 
---------------------------------------------------------------------------------------
TD 0 :
(324.0,-216.325791828) (321.969927752,-230.250025003) (321.484011363,-233.858525494) (321.176271744,-236.167054914) (320.784540254,-239.179617304) (320.40374563,-242.135912285) (320.296851314,-242.968118233) (319.11187085,-252.244396309) (318.690006012,-255.708806734) (318.463627111,-257.774418297) (317.711664318,-265.264084675) (317.561119356,-266.849039614) (317.099703306,-271.994507607) (316.936719882,-274.169110272) (316.884038482,-274.872646454) (316.184911353,-284.584522254) (315.175094579,-298.650915954) (314.925807654,-302.443878417) (314.543452398,-310.816977211) (294.779502727,-358.924790847) (294.28708114,-273.988078601) (294.254955488,-271.26724932) (294.246801543,-270.596987232) (292.908167478,-210.171628699) (292.895641502,-209.727747458) (291.638307156,-168.471350548) (291.235489311,-158.902211893) (291.133945494,-156.63866287) (291.040955522,-154.685995279) (290.265628071,-138.8143456) (289.836019984,-130.459657292) (289.585964149,-125.796374848) (289.172150052,-118.090443834) (289.1080498,-116.939517198) (288.0,-98.6912106967) (252.0,-165.380100069) (216.0,-145.610022061) (213.350661148,-161.360939789) (211.950862092,-171.573962524) (211.677301801,-173.685085092) (211.418770541,-175.737738949) (210.373291987,-184.876354021) (210.087705324,-198.01441003) (190.232785212,-263.159792337) (186.086548437,-159.510507608) (185.530409248,-146.760770691) (185.520762268,-146.572824942) (184.537444541,-129.259324468) (182.272839161,-91.0570577128) (180.0,-55.9667787159) (144.0,-77.9810205377) (108.0,-99.2537114033) (107.311324181,-120.760580562) (106.366866968,-158.404012341) (106.254946389,-164.835119785) (87.4338059595,-211.884456563) (87.1696991402,-174.850452805) (87.1266100468,-181.310781569) (87.1204993125,-182.425831265) (87.1129894529,-184.048563258) (86.8964960851,-200.173252859) (86.8715162444,-178.101135029) (86.8563674173,-167.175662037) (86.8419013259,-162.405215749) (86.8173181585,-155.358915274) (85.8533950912,-133.367899503) (85.051414204,-121.968151114) (84.9827936532,-121.089782164) (84.6227262562,-116.788577274) (83.783474936,-106.844758274) (83.6020576895,-104.696530745) (83.135452072,-99.2422860326) (82.8358156773,-95.7479320831) (82.1352699699,-87.9947601819) (78.6701957717,-49.9113623948) (77.8346131394,-41.480421816) (77.8147046072,-41.2843688518) (77.7945770792,-41.1080882131) (77.241936385,-36.3606347953) (76.8163958295,-32.7301114158) (76.7448838085,-32.1580213793) (76.3918917015,-29.3671206441) (75.8118928104,-24.8503586756) (75.5535990344,-22.8701272398) (74.770486638,-17.0711136906) (74.4581562115,-14.7832846908) (73.6550963847,-9.00815431739) (73.3642188977,-6.95066343861) (73.1798295476,-5.65835155636) (72.630328012,-1.83557092722) (72.0,2.39750832325) (36.0,-47.1304550434) (31.8460487033,-61.336553721) (31.8357063638,-61.386056044) (29.3190588214,-75.0554690211) (10.618805416,-95.1032942119) (8.03250731406,-74.0200601849) (6.7302535384,-64.3855269045) (6.19490950644,-61.6409882534) (0.0,-40.4167655258) 
TD 1 :
(324.0,-216.325791828) (288.0,-98.6912106967) (72.0,2.39750832325) (0.0,-40.4167655258) (6.19490950644,-61.6409882534) (6.7302535384,-64.3855269045) (8.03250731406,-74.0200601849) (10.618805416,-95.1032942119) (29.3190588214,-75.0554690211) (31.8357063638,-61.386056044) (31.8460487033,-61.336553721) (36.0,-47.1304550434) 
(324.0,-216.325791828) (288.0,-98.6912106967) (72.0,2.39750832325) (0.0,-40.4167655258) (72.630328012,-1.83557092722) (73.1798295476,-5.65835155636) (73.3642188977,-6.95066343861) (73.6550963847,-9.00815431739) (74.4581562115,-14.7832846908) (74.770486638,-17.0711136906) (75.5535990344,-22.8701272398) (75.8118928104,-24.8503586756) (76.3918917015,-29.3671206441) (76.7448838085,-32.1580213793) (76.8163958295,-32.7301114158) (77.241936385,-36.3606347953) (77.7945770792,-41.1080882131) (77.8147046072,-41.2843688518) (77.8346131394,-41.480421816) (78.6701957717,-49.9113623948) (82.1352699699,-87.9947601819) (82.8358156773,-95.7479320831) (83.135452072,-99.2422860326) (83.6020576895,-104.696530745) (83.783474936,-106.844758274) (84.6227262562,-116.788577274) (84.9827936532,-121.089782164) (85.051414204,-121.968151114) (85.8533950912,-133.367899503) (86.8173181585,-155.358915274) (86.8419013259,-162.405215749) (86.8563674173,-167.175662037) (86.8715162444,-178.101135029) (86.8964960851,-200.173252859) (87.1129894529,-184.048563258) (87.1204993125,-182.425831265) (87.1266100468,-181.310781569) (87.1696991402,-174.850452805) (87.4338059595,-211.884456563) (106.254946389,-164.835119785) (106.366866968,-158.404012341) (107.311324181,-120.760580562) (108.0,-99.2537114033) (144.0,-77.9810205377) (180.0,-55.9667787159) (182.272839161,-91.0570577128) (184.537444541,-129.259324468) (185.520762268,-146.572824942) (185.530409248,-146.760770691) (186.086548437,-159.510507608) (190.232785212,-263.159792337) (210.087705324,-198.01441003) (210.373291987,-184.876354021) (211.418770541,-175.737738949) (211.677301801,-173.685085092) (211.950862092,-171.573962524) (213.350661148,-161.360939789) (216.0,-145.610022061) (252.0,-165.380100069) 
(324.0,-216.325791828) (288.0,-98.6912106967) (72.0,2.39750832325) (0.0,-40.4167655258) (289.1080498,-116.939517198) (289.172150052,-118.090443834) (289.585964149,-125.796374848) (289.836019984,-130.459657292) (290.265628071,-138.8143456) (291.040955522,-154.685995279) (291.133945494,-156.63866287) (291.235489311,-158.902211893) (291.638307156,-168.471350548) (292.895641502,-209.727747458) (292.908167478,-210.171628699) (294.246801543,-270.596987232) (294.254955488,-271.26724932) (294.28708114,-273.988078601) (294.779502727,-358.924790847) (314.543452398,-310.816977211) (314.925807654,-302.443878417) (315.175094579,-298.650915954) (316.184911353,-284.584522254) (316.884038482,-274.872646454) (316.936719882,-274.169110272) (317.099703306,-271.994507607) (317.561119356,-266.849039614) (317.711664318,-265.264084675) (318.463627111,-257.774418297) (318.690006012,-255.708806734) (319.11187085,-252.244396309) (320.296851314,-242.968118233) (320.40374563,-242.135912285) (320.784540254,-239.179617304) (321.176271744,-236.167054914) (321.484011363,-233.858525494) (321.969927752,-230.250025003) 
TD 2 :
(324.0,-216.325791828) (288.0,-98.6912106967) (72.0,2.39750832325) (0.0,-40.4167655258) (6.19490950644,-61.6409882534) (6.7302535384,-64.3855269045) (8.03250731406,-74.0200601849) (10.618805416,-95.1032942119) (29.3190588214,-75.0554690211) (31.8357063638,-61.386056044) (31.8460487033,-61.336553721) (36.0,-47.1304550434) 
(324.0,-216.325791828) (288.0,-98.6912106967) (72.0,2.39750832325) (0.0,-40.4167655258) (180.0,-55.9667787159) (72.630328012,-1.83557092722) 
(324.0,-216.325791828) (288.0,-98.6912106967) (72.0,2.39750832325) (0.0,-40.4167655258) (180.0,-55.9667787159) (72.630328012,-1.83557092722) (73.1798295476,-5.65835155636) (73.3642188977,-6.95066343861) (73.6550963847,-9.00815431739) (74.4581562115,-14.7832846908) (74.770486638,-17.0711136906) (75.5535990344,-22.8701272398) (75.8118928104,-24.8503586756) (76.3918917015,-29.3671206441) (76.7448838085,-32.1580213793) (76.8163958295,-32.7301114158) (77.241936385,-36.3606347953) (77.7945770792,-41.1080882131) (77.8147046072,-41.2843688518) (77.8346131394,-41.480421816) (78.6701957717,-49.9113623948) (82.1352699699,-87.9947601819) (82.8358156773,-95.7479320831) (83.135452072,-99.2422860326) (83.6020576895,-104.696530745) (83.783474936,-106.844758274) (84.6227262562,-116.788577274) (84.9827936532,-121.089782164) (85.051414204,-121.968151114) (85.8533950912,-133.367899503) (86.8173181585,-155.358915274) (86.8419013259,-162.405215749) (86.8563674173,-167.175662037) (86.8715162444,-178.101135029) (86.8964960851,-200.173252859) (87.1129894529,-184.048563258) (87.1204993125,-182.425831265) (87.1266100468,-181.310781569) (87.1696991402,-174.850452805) (87.4338059595,-211.884456563) (106.254946389,-164.835119785) (106.366866968,-158.404012341) (107.311324181,-120.760580562) (108.0,-99.2537114033) (144.0,-77.9810205377) 
(324.0,-216.325791828) (288.0,-98.6912106967) (72.0,2.39750832325) (0.0,-40.4167655258) (180.0,-55.9667787159) (72.630328012,-1.83557092722) (182.272839161,-91.0570577128) (184.537444541,-129.259324468) (185.520762268,-146.572824942) (185.530409248,-146.760770691) (186.086548437,-159.510507608) (190.232785212,-263.159792337) (210.087705324,-198.01441003) (210.373291987,-184.876354021) (211.418770541,-175.737738949) (211.677301801,-173.685085092) (211.950862092,-171.573962524) (213.350661148,-161.360939789) (216.0,-145.610022061) (252.0,-165.380100069) 
(324.0,-216.325791828) (288.0,-98.6912106967) (72.0,2.39750832325) (0.0,-40.4167655258) (321.969927752,-230.250025003) (289.1080498,-116.939517198) 
(324.0,-216.325791828) (288.0,-98.6912106967) (72.0,2.39750832325) (0.0,-40.4167655258) (321.969927752,-230.250025003) (289.1080498,-116.939517198) (289.172150052,-118.090443834) (289.585964149,-125.796374848) (289.836019984,-130.459657292) (290.265628071,-138.8143456) (291.040955522,-154.685995279) (291.133945494,-156.63866287) (291.235489311,-158.902211893) (291.638307156,-168.471350548) (292.895641502,-209.727747458) (292.908167478,-210.171628699) (294.246801543,-270.596987232) (294.254955488,-271.26724932) (294.28708114,-273.988078601) (294.779502727,-358.924790847) (314.543452398,-310.816977211) (314.925807654,-302.443878417) (315.175094579,-298.650915954) (316.184911353,-284.584522254) (316.884038482,-274.872646454) (316.936719882,-274.169110272) (317.099703306,-271.994507607) (317.561119356,-266.849039614) (317.711664318,-265.264084675) (318.463627111,-257.774418297) (318.690006012,-255.708806734) (319.11187085,-252.244396309) (320.296851314,-242.968118233) (320.40374563,-242.135912285) (320.784540254,-239.179617304) (321.176271744,-236.167054914) (321.484011363,-233.858525494) 
TD 3 :
(324.0,-216.325791828) (288.0,-98.6912106967) (72.0,2.39750832325) (0.0,-40.4167655258) (6.19490950644,-61.6409882534) (6.7302535384,-64.3855269045) (8.03250731406,-74.0200601849) (10.618805416,-95.1032942119) (29.3190588214,-75.0554690211) (31.8357063638,-61.386056044) (31.8460487033,-61.336553721) (36.0,-47.1304550434) 
(324.0,-216.325791828) (288.0,-98.6912106967) (72.0,2.39750832325) (0.0,-40.4167655258) (180.0,-55.9667787159) (72.630328012,-1.83557092722) (73.1798295476,-5.65835155636) 
(324.0,-216.325791828) (288.0,-98.6912106967) (72.0,2.39750832325) (0.0,-40.4167655258) (180.0,-55.9667787159) (72.630328012,-1.83557092722) (73.1798295476,-5.65835155636) (73.3642188977,-6.95066343861) (73.6550963847,-9.00815431739) (74.4581562115,-14.7832846908) (74.770486638,-17.0711136906) (75.5535990344,-22.8701272398) (75.8118928104,-24.8503586756) (76.3918917015,-29.3671206441) (76.7448838085,-32.1580213793) (76.8163958295,-32.7301114158) (77.241936385,-36.3606347953) (77.7945770792,-41.1080882131) (77.8147046072,-41.2843688518) (77.8346131394,-41.480421816) (78.6701957717,-49.9113623948) (82.1352699699,-87.9947601819) (82.8358156773,-95.7479320831) (83.135452072,-99.2422860326) (83.6020576895,-104.696530745) (83.783474936,-106.844758274) (84.6227262562,-116.788577274) (84.9827936532,-121.089782164) (85.051414204,-121.968151114) (85.8533950912,-133.367899503) (86.8173181585,-155.358915274) (86.8419013259,-162.405215749) (86.8563674173,-167.175662037) (86.8715162444,-178.101135029) (86.8964960851,-200.173252859) (87.1129894529,-184.048563258) (87.1204993125,-182.425831265) (87.1266100468,-181.310781569) (87.1696991402,-174.850452805) (87.4338059595,-211.884456563) (106.254946389,-164.835119785) (106.366866968,-158.404012341) (107.311324181,-120.760580562) (108.0,-99.2537114033) (144.0,-77.9810205377) 
(324.0,-216.325791828) (288.0,-98.6912106967) (72.0,2.39750832325) (0.0,-40.4167655258) (321.969927752,-230.250025003) (289.1080498,-116.939517198) (321.484011363,-233.858525494) (289.172150052,-118.090443834) 
(324.0,-216.325791828) (288.0,-98.6912106967) (72.0,2.39750832325) (0.0,-40.4167655258) (321.969927752,-230.250025003) (289.1080498,-116.939517198) (321.484011363,-233.858525494) (289.172150052,-118.090443834) (289.585964149,-125.796374848) (289.836019984,-130.459657292) (290.265628071,-138.8143456) (291.040955522,-154.685995279) (291.133945494,-156.63866287) (291.235489311,-158.902211893) (291.638307156,-168.471350548) (292.895641502,-209.727747458) (292.908167478,-210.171628699) (294.246801543,-270.596987232) (294.254955488,-271.26724932) (294.28708114,-273.988078601) (294.779502727,-358.924790847) (314.543452398,-310.816977211) (314.925807654,-302.443878417) (315.175094579,-298.650915954) (316.184911353,-284.584522254) (316.884038482,-274.872646454) (316.936719882,-274.169110272) (317.099703306,-271.994507607) (317.561119356,-266.849039614) (317.711664318,-265.264084675) (318.463627111,-257.774418297) (318.690006012,-255.708806734) (319.11187085,-252.244396309) (320.296851314,-242.968118233) (320.40374563,-242.135912285) (320.784540254,-239.179617304) (321.176271744,-236.167054914) 
TD 4 :
(324.0,-216.325791828) (288.0,-98.6912106967) (72.0,2.39750832325) (0.0,-40.4167655258) (6.19490950644,-61.6409882534) (6.7302535384,-64.3855269045) (8.03250731406,-74.0200601849) (10.618805416,-95.1032942119) (29.3190588214,-75.0554690211) (31.8357063638,-61.386056044) (31.8460487033,-61.336553721) (36.0,-47.1304550434) 
(324.0,-216.325791828) (288.0,-98.6912106967) (72.0,2.39750832325) (0.0,-40.4167655258) (180.0,-55.9667787159) (72.630328012,-1.83557092722) (73.1798295476,-5.65835155636) (73.3642188977,-6.95066343861) 
(324.0,-216.325791828) (288.0,-98.6912106967) (72.0,2.39750832325) (0.0,-40.4167655258) (180.0,-55.9667787159) (72.630328012,-1.83557092722) (73.1798295476,-5.65835155636) (73.3642188977,-6.95066343861) (73.6550963847,-9.00815431739) (74.4581562115,-14.7832846908) (74.770486638,-17.0711136906) (75.5535990344,-22.8701272398) (75.8118928104,-24.8503586756) (76.3918917015,-29.3671206441) (76.7448838085,-32.1580213793) (76.8163958295,-32.7301114158) (77.241936385,-36.3606347953) (77.7945770792,-41.1080882131) (77.8147046072,-41.2843688518) (77.8346131394,-41.480421816) (78.6701957717,-49.9113623948) (82.1352699699,-87.9947601819) (82.8358156773,-95.7479320831) (83.135452072,-99.2422860326) (83.6020576895,-104.696530745) (83.783474936,-106.844758274) (84.6227262562,-116.788577274) (84.9827936532,-121.089782164) (85.051414204,-121.968151114) (85.8533950912,-133.367899503) (86.8173181585,-155.358915274) (86.8419013259,-162.405215749) (86.8563674173,-167.175662037) (86.8715162444,-178.101135029) (86.8964960851,-200.173252859) (87.1129894529,-184.048563258) (87.1204993125,-182.425831265) (87.1266100468,-181.310781569) (87.1696991402,-174.850452805) (87.4338059595,-211.884456563) (106.254946389,-164.835119785) (106.366866968,-158.404012341) (107.311324181,-120.760580562) (108.0,-99.2537114033) (144.0,-77.9810205377) 
(324.0,-216.325791828) (288.0,-98.6912106967) (72.0,2.39750832325) (0.0,-40.4167655258) (321.969927752,-230.250025003) (289.1080498,-116.939517198) (321.484011363,-233.858525494) (289.172150052,-118.090443834) (321.176271744,-236.167054914) (289.585964149,-125.796374848) 
(324.0,-216.325791828) (288.0,-98.6912106967) (72.0,2.39750832325) (0.0,-40.4167655258) (321.969927752,-230.250025003) (289.1080498,-116.939517198) (321.484011363,-233.858525494) (289.172150052,-118.090443834) (321.176271744,-236.167054914) (289.585964149,-125.796374848) (289.836019984,-130.459657292) (290.265628071,-138.8143456) (291.040955522,-154.685995279) (291.133945494,-156.63866287) (291.235489311,-158.902211893) (291.638307156,-168.471350548) (292.895641502,-209.727747458) (292.908167478,-210.171628699) (294.246801543,-270.596987232) (294.254955488,-271.26724932) (294.28708114,-273.988078601) (294.779502727,-358.924790847) (314.543452398,-310.816977211) (314.925807654,-302.443878417) (315.175094579,-298.650915954) (316.184911353,-284.584522254) (316.884038482,-274.872646454) (316.936719882,-274.169110272) (317.099703306,-271.994507607) (317.561119356,-266.849039614) (317.711664318,-265.264084675) (318.463627111,-257.774418297) (318.690006012,-255.708806734) (319.11187085,-252.244396309) (320.296851314,-242.968118233) (320.40374563,-242.135912285) (320.784540254,-239.179617304) 
TD 5 :
(324.0,-216.325791828) (288.0,-98.6912106967) (72.0,2.39750832325) (0.0,-40.4167655258) (6.19490950644,-61.6409882534) (6.7302535384,-64.3855269045) (8.03250731406,-74.0200601849) (36.0,-47.1304550434) (10.618805416,-95.1032942119) (29.3190588214,-75.0554690211) (31.8357063638,-61.386056044) (31.8460487033,-61.336553721) 
(324.0,-216.325791828) (288.0,-98.6912106967) (72.0,2.39750832325) (0.0,-40.4167655258) (6.19490950644,-61.6409882534) (6.7302535384,-64.3855269045) (8.03250731406,-74.0200601849) (36.0,-47.1304550434) (10.618805416,-95.1032942119) 
(324.0,-216.325791828) (288.0,-98.6912106967) (72.0,2.39750832325) (0.0,-40.4167655258) (180.0,-55.9667787159) (72.630328012,-1.83557092722) (73.1798295476,-5.65835155636) (73.3642188977,-6.95066343861) (73.6550963847,-9.00815431739) 
(324.0,-216.325791828) (288.0,-98.6912106967) (72.0,2.39750832325) (0.0,-40.4167655258) (180.0,-55.9667787159) (72.630328012,-1.83557092722) (73.1798295476,-5.65835155636) (73.3642188977,-6.95066343861) (73.6550963847,-9.00815431739) (74.4581562115,-14.7832846908) (74.770486638,-17.0711136906) (75.5535990344,-22.8701272398) (75.8118928104,-24.8503586756) (76.3918917015,-29.3671206441) (76.7448838085,-32.1580213793) (76.8163958295,-32.7301114158) (77.241936385,-36.3606347953) (77.7945770792,-41.1080882131) (77.8147046072,-41.2843688518) (77.8346131394,-41.480421816) (78.6701957717,-49.9113623948) (82.1352699699,-87.9947601819) (82.8358156773,-95.7479320831) (83.135452072,-99.2422860326) (83.6020576895,-104.696530745) (83.783474936,-106.844758274) (84.6227262562,-116.788577274) (84.9827936532,-121.089782164) (85.051414204,-121.968151114) (85.8533950912,-133.367899503) (86.8173181585,-155.358915274) (86.8419013259,-162.405215749) (86.8563674173,-167.175662037) (86.8715162444,-178.101135029) (86.8964960851,-200.173252859) (87.1129894529,-184.048563258) (87.1204993125,-182.425831265) (87.1266100468,-181.310781569) (87.1696991402,-174.850452805) (87.4338059595,-211.884456563) (106.254946389,-164.835119785) (106.366866968,-158.404012341) (107.311324181,-120.760580562) (108.0,-99.2537114033) (144.0,-77.9810205377) 
(324.0,-216.325791828) (288.0,-98.6912106967) (72.0,2.39750832325) (0.0,-40.4167655258) (321.969927752,-230.250025003) (289.1080498,-116.939517198) (321.484011363,-233.858525494) (289.172150052,-118.090443834) (321.176271744,-236.167054914) (289.585964149,-125.796374848) (320.784540254,-239.179617304) (289.836019984,-130.459657292) 
(324.0,-216.325791828) (288.0,-98.6912106967) (72.0,2.39750832325) (0.0,-40.4167655258) (321.969927752,-230.250025003) (289.1080498,-116.939517198) (321.484011363,-233.858525494) (289.172150052,-118.090443834) (321.176271744,-236.167054914) (289.585964149,-125.796374848) (320.784540254,-239.179617304) (289.836019984,-130.459657292) (290.265628071,-138.8143456) (291.040955522,-154.685995279) (291.133945494,-156.63866287) (291.235489311,-158.902211893) (291.638307156,-168.471350548) (292.895641502,-209.727747458) (292.908167478,-210.171628699) (294.246801543,-270.596987232) (294.254955488,-271.26724932) (294.28708114,-273.988078601) (294.779502727,-358.924790847) (314.543452398,-310.816977211) (314.925807654,-302.443878417) (315.175094579,-298.650915954) (316.184911353,-284.584522254) (316.884038482,-274.872646454) (316.936719882,-274.169110272) (317.099703306,-271.994507607) (317.561119356,-266.849039614) (317.711664318,-265.264084675) (318.463627111,-257.774418297) (318.690006012,-255.708806734) (319.11187085,-252.244396309) (320.296851314,-242.968118233) (320.40374563,-242.135912285) 
TD 6 :
(324.0,-216.325791828) (288.0,-98.6912106967) (72.0,2.39750832325) (0.0,-40.4167655258) (6.19490950644,-61.6409882534) (6.7302535384,-64.3855269045) (8.03250731406,-74.0200601849) (36.0,-47.1304550434) (10.618805416,-95.1032942119) (31.8460487033,-61.336553721) (31.8357063638,-61.386056044) (29.3190588214,-75.0554690211) 
(324.0,-216.325791828) (288.0,-98.6912106967) (72.0,2.39750832325) (0.0,-40.4167655258) (6.19490950644,-61.6409882534) (6.7302535384,-64.3855269045) (8.03250731406,-74.0200601849) (36.0,-47.1304550434) (10.618805416,-95.1032942119) (31.8460487033,-61.336553721) (31.8357063638,-61.386056044) (29.3190588214,-75.0554690211) 
(324.0,-216.325791828) (288.0,-98.6912106967) (72.0,2.39750832325) (0.0,-40.4167655258) (6.19490950644,-61.6409882534) (6.7302535384,-64.3855269045) (8.03250731406,-74.0200601849) (36.0,-47.1304550434) (10.618805416,-95.1032942119) (31.8460487033,-61.336553721) (31.8357063638,-61.386056044) (29.3190588214,-75.0554690211) 
(324.0,-216.325791828) (288.0,-98.6912106967) (72.0,2.39750832325) (0.0,-40.4167655258) (180.0,-55.9667787159) (72.630328012,-1.83557092722) (73.1798295476,-5.65835155636) (73.3642188977,-6.95066343861) (73.6550963847,-9.00815431739) (74.4581562115,-14.7832846908) 
(324.0,-216.325791828) (288.0,-98.6912106967) (72.0,2.39750832325) (0.0,-40.4167655258) (180.0,-55.9667787159) (72.630328012,-1.83557092722) (73.1798295476,-5.65835155636) (73.3642188977,-6.95066343861) (73.6550963847,-9.00815431739) (74.4581562115,-14.7832846908) (74.770486638,-17.0711136906) (75.5535990344,-22.8701272398) (75.8118928104,-24.8503586756) (76.3918917015,-29.3671206441) (76.7448838085,-32.1580213793) (76.8163958295,-32.7301114158) (77.241936385,-36.3606347953) (77.7945770792,-41.1080882131) (77.8147046072,-41.2843688518) (77.8346131394,-41.480421816) (78.6701957717,-49.9113623948) (82.1352699699,-87.9947601819) (82.8358156773,-95.7479320831) (83.135452072,-99.2422860326) (83.6020576895,-104.696530745) (83.783474936,-106.844758274) (84.6227262562,-116.788577274) (84.9827936532,-121.089782164) (85.051414204,-121.968151114) (85.8533950912,-133.367899503) (86.8173181585,-155.358915274) (86.8419013259,-162.405215749) (86.8563674173,-167.175662037) (86.8715162444,-178.101135029) (86.8964960851,-200.173252859) (87.1129894529,-184.048563258) (87.1204993125,-182.425831265) (87.1266100468,-181.310781569) (87.1696991402,-174.850452805) (87.4338059595,-211.884456563) (106.254946389,-164.835119785) (106.366866968,-158.404012341) (107.311324181,-120.760580562) (108.0,-99.2537114033) (144.0,-77.9810205377) 
(324.0,-216.325791828) (288.0,-98.6912106967) (72.0,2.39750832325) (0.0,-40.4167655258) (321.969927752,-230.250025003) (289.1080498,-116.939517198) (321.484011363,-233.858525494) (289.172150052,-118.090443834) (321.176271744,-236.167054914) (289.585964149,-125.796374848) (320.784540254,-239.179617304) (289.836019984,-130.459657292) (320.40374563,-242.135912285) (290.265628071,-138.8143456) 
(324.0,-216.325791828) (288.0,-98.6912106967) (72.0,2.39750832325) (0.0,-40.4167655258) (321.969927752,-230.250025003) (289.1080498,-116.939517198) (321.484011363,-233.858525494) (289.172150052,-118.090443834) (321.176271744,-236.167054914) (289.585964149,-125.796374848) (320.784540254,-239.179617304) (289.836019984,-130.459657292) (320.40374563,-242.135912285) (290.265628071,-138.8143456) (291.040955522,-154.685995279) (291.133945494,-156.63866287) (291.235489311,-158.902211893) (291.638307156,-168.471350548) (292.895641502,-209.727747458) (292.908167478,-210.171628699) (294.246801543,-270.596987232) (294.254955488,-271.26724932) (294.28708114,-273.988078601) (294.779502727,-358.924790847) (314.543452398,-310.816977211) (314.925807654,-302.443878417) (315.175094579,-298.650915954) (316.184911353,-284.584522254) (316.884038482,-274.872646454) (316.936719882,-274.169110272) (317.099703306,-271.994507607) (317.561119356,-266.849039614) (317.711664318,-265.264084675) (318.463627111,-257.774418297) (318.690006012,-255.708806734) (319.11187085,-252.244396309) (320.296851314,-242.968118233) 
TD 7 :
(324.0,-216.325791828) (288.0,-98.6912106967) (72.0,2.39750832325) (0.0,-40.4167655258) (180.0,-55.9667787159) (72.630328012,-1.83557092722) (73.1798295476,-5.65835155636) (73.3642188977,-6.95066343861) (73.6550963847,-9.00815431739) (74.4581562115,-14.7832846908) (74.770486638,-17.0711136906) (75.5535990344,-22.8701272398) (75.8118928104,-24.8503586756) (76.3918917015,-29.3671206441) (76.7448838085,-32.1580213793) (76.8163958295,-32.7301114158) (77.241936385,-36.3606347953) (77.7945770792,-41.1080882131) (77.8147046072,-41.2843688518) (77.8346131394,-41.480421816) (78.6701957717,-49.9113623948) (82.1352699699,-87.9947601819) (82.8358156773,-95.7479320831) (83.135452072,-99.2422860326) (83.6020576895,-104.696530745) (83.783474936,-106.844758274) (84.6227262562,-116.788577274) (84.9827936532,-121.089782164) (85.051414204,-121.968151114) (85.8533950912,-133.367899503) (86.8173181585,-155.358915274) (86.8419013259,-162.405215749) (86.8563674173,-167.175662037) (86.8715162444,-178.101135029) (86.8964960851,-200.173252859) (87.1129894529,-184.048563258) (87.1204993125,-182.425831265) (87.1266100468,-181.310781569) (87.1696991402,-174.850452805) (87.4338059595,-211.884456563) (106.254946389,-164.835119785) (106.366866968,-158.404012341) (107.311324181,-120.760580562) (108.0,-99.2537114033) (144.0,-77.9810205377) 
(324.0,-216.325791828) (288.0,-98.6912106967) (72.0,2.39750832325) (0.0,-40.4167655258) (321.969927752,-230.250025003) (289.1080498,-116.939517198) (321.484011363,-233.858525494) (289.172150052,-118.090443834) (321.176271744,-236.167054914) (289.585964149,-125.796374848) (320.784540254,-239.179617304) (289.836019984,-130.459657292) (320.40374563,-242.135912285) (290.265628071,-138.8143456) (320.296851314,-242.968118233) (291.040955522,-154.685995279) 
(324.0,-216.325791828) (288.0,-98.6912106967) (72.0,2.39750832325) (0.0,-40.4167655258) (321.969927752,-230.250025003) (289.1080498,-116.939517198) (321.484011363,-233.858525494) (289.172150052,-118.090443834) (321.176271744,-236.167054914) (289.585964149,-125.796374848) (320.784540254,-239.179617304) (289.836019984,-130.459657292) (320.40374563,-242.135912285) (290.265628071,-138.8143456) (320.296851314,-242.968118233) (291.040955522,-154.685995279) (291.133945494,-156.63866287) (291.235489311,-158.902211893) (291.638307156,-168.471350548) (292.895641502,-209.727747458) (292.908167478,-210.171628699) (294.246801543,-270.596987232) (294.254955488,-271.26724932) (294.28708114,-273.988078601) (294.779502727,-358.924790847) (314.543452398,-310.816977211) (314.925807654,-302.443878417) (315.175094579,-298.650915954) (316.184911353,-284.584522254) (316.884038482,-274.872646454) (316.936719882,-274.169110272) (317.099703306,-271.994507607) (317.561119356,-266.849039614) (317.711664318,-265.264084675) (318.463627111,-257.774418297) (318.690006012,-255.708806734) (319.11187085,-252.244396309) 
TD 8 :
(324.0,-216.325791828) (288.0,-98.6912106967) (72.0,2.39750832325) (0.0,-40.4167655258) (180.0,-55.9667787159) (72.630328012,-1.83557092722) (73.1798295476,-5.65835155636) (73.3642188977,-6.95066343861) (73.6550963847,-9.00815431739) (74.4581562115,-14.7832846908) (74.770486638,-17.0711136906) (75.5535990344,-22.8701272398) (75.8118928104,-24.8503586756) (76.3918917015,-29.3671206441) (76.7448838085,-32.1580213793) (76.8163958295,-32.7301114158) (77.241936385,-36.3606347953) (77.7945770792,-41.1080882131) (77.8147046072,-41.2843688518) (77.8346131394,-41.480421816) (78.6701957717,-49.9113623948) (82.1352699699,-87.9947601819) (82.8358156773,-95.7479320831) (83.135452072,-99.2422860326) (83.6020576895,-104.696530745) (83.783474936,-106.844758274) (84.6227262562,-116.788577274) (84.9827936532,-121.089782164) (85.051414204,-121.968151114) (85.8533950912,-133.367899503) (86.8173181585,-155.358915274) (86.8419013259,-162.405215749) (86.8563674173,-167.175662037) (86.8715162444,-178.101135029) (86.8964960851,-200.173252859) (87.1129894529,-184.048563258) (87.1204993125,-182.425831265) (87.1266100468,-181.310781569) (87.1696991402,-174.850452805) (87.4338059595,-211.884456563) (106.254946389,-164.835119785) (106.366866968,-158.404012341) (107.311324181,-120.760580562) (108.0,-99.2537114033) (144.0,-77.9810205377) 
(324.0,-216.325791828) (288.0,-98.6912106967) (72.0,2.39750832325) (0.0,-40.4167655258) (321.969927752,-230.250025003) (289.1080498,-116.939517198) (321.484011363,-233.858525494) (289.172150052,-118.090443834) (321.176271744,-236.167054914) (289.585964149,-125.796374848) (320.784540254,-239.179617304) (289.836019984,-130.459657292) (320.40374563,-242.135912285) (290.265628071,-138.8143456) (320.296851314,-242.968118233) (291.040955522,-154.685995279) (319.11187085,-252.244396309) (291.133945494,-156.63866287) 
(324.0,-216.325791828) (288.0,-98.6912106967) (72.0,2.39750832325) (0.0,-40.4167655258) (321.969927752,-230.250025003) (289.1080498,-116.939517198) (321.484011363,-233.858525494) (289.172150052,-118.090443834) (321.176271744,-236.167054914) (289.585964149,-125.796374848) (320.784540254,-239.179617304) (289.836019984,-130.459657292) (320.40374563,-242.135912285) (290.265628071,-138.8143456) (320.296851314,-242.968118233) (291.040955522,-154.685995279) (319.11187085,-252.244396309) (291.133945494,-156.63866287) (291.235489311,-158.902211893) (291.638307156,-168.471350548) (292.895641502,-209.727747458) (292.908167478,-210.171628699) (294.246801543,-270.596987232) (294.254955488,-271.26724932) (294.28708114,-273.988078601) (294.779502727,-358.924790847) (314.543452398,-310.816977211) (314.925807654,-302.443878417) (315.175094579,-298.650915954) (316.184911353,-284.584522254) (316.884038482,-274.872646454) (316.936719882,-274.169110272) (317.099703306,-271.994507607) (317.561119356,-266.849039614) (317.711664318,-265.264084675) (318.463627111,-257.774418297) (318.690006012,-255.708806734) 
TD 9 :
(324.0,-216.325791828) (288.0,-98.6912106967) (72.0,2.39750832325) (0.0,-40.4167655258) (180.0,-55.9667787159) (72.630328012,-1.83557092722) (73.1798295476,-5.65835155636) (73.3642188977,-6.95066343861) (73.6550963847,-9.00815431739) (74.4581562115,-14.7832846908) (74.770486638,-17.0711136906) (75.5535990344,-22.8701272398) (75.8118928104,-24.8503586756) (76.3918917015,-29.3671206441) (76.7448838085,-32.1580213793) (76.8163958295,-32.7301114158) (77.241936385,-36.3606347953) (77.7945770792,-41.1080882131) (77.8147046072,-41.2843688518) (77.8346131394,-41.480421816) (78.6701957717,-49.9113623948) (82.1352699699,-87.9947601819) (82.8358156773,-95.7479320831) (83.135452072,-99.2422860326) (83.6020576895,-104.696530745) (83.783474936,-106.844758274) (84.6227262562,-116.788577274) (84.9827936532,-121.089782164) (85.051414204,-121.968151114) (85.8533950912,-133.367899503) (86.8173181585,-155.358915274) (86.8419013259,-162.405215749) (86.8563674173,-167.175662037) (86.8715162444,-178.101135029) (86.8964960851,-200.173252859) (87.1129894529,-184.048563258) (87.1204993125,-182.425831265) (87.1266100468,-181.310781569) (87.1696991402,-174.850452805) (87.4338059595,-211.884456563) (106.254946389,-164.835119785) (106.366866968,-158.404012341) (107.311324181,-120.760580562) (108.0,-99.2537114033) (144.0,-77.9810205377) 
(324.0,-216.325791828) (288.0,-98.6912106967) (72.0,2.39750832325) (0.0,-40.4167655258) (321.969927752,-230.250025003) (289.1080498,-116.939517198) (321.484011363,-233.858525494) (289.172150052,-118.090443834) (321.176271744,-236.167054914) (289.585964149,-125.796374848) (320.784540254,-239.179617304) (289.836019984,-130.459657292) (320.40374563,-242.135912285) (290.265628071,-138.8143456) (320.296851314,-242.968118233) (291.040955522,-154.685995279) (319.11187085,-252.244396309) (291.133945494,-156.63866287) (318.690006012,-255.708806734) (291.235489311,-158.902211893) 
(324.0,-216.325791828) (288.0,-98.6912106967) (72.0,2.39750832325) (0.0,-40.4167655258) (321.969927752,-230.250025003) (289.1080498,-116.939517198) (321.484011363,-233.858525494) (289.172150052,-118.090443834) (321.176271744,-236.167054914) (289.585964149,-125.796374848) (320.784540254,-239.179617304) (289.836019984,-130.459657292) (320.40374563,-242.135912285) (290.265628071,-138.8143456) (320.296851314,-242.968118233) (291.040955522,-154.685995279) (319.11187085,-252.244396309) (291.133945494,-156.63866287) (318.690006012,-255.708806734) (291.235489311,-158.902211893) (291.638307156,-168.471350548) (292.895641502,-209.727747458) (292.908167478,-210.171628699) (294.246801543,-270.596987232) (294.254955488,-271.26724932) (294.28708114,-273.988078601) (294.779502727,-358.924790847) (314.543452398,-310.816977211) (314.925807654,-302.443878417) (315.175094579,-298.650915954) (316.184911353,-284.584522254) (316.884038482,-274.872646454) (316.936719882,-274.169110272) (317.099703306,-271.994507607) (317.561119356,-266.849039614) (317.711664318,-265.264084675) (318.463627111,-257.774418297) 
TD 10 :
(324.0,-216.325791828) (288.0,-98.6912106967) (72.0,2.39750832325) (0.0,-40.4167655258) (180.0,-55.9667787159) (72.630328012,-1.83557092722) (73.1798295476,-5.65835155636) (73.3642188977,-6.95066343861) (73.6550963847,-9.00815431739) (74.4581562115,-14.7832846908) (74.770486638,-17.0711136906) (75.5535990344,-22.8701272398) (75.8118928104,-24.8503586756) (76.3918917015,-29.3671206441) (76.7448838085,-32.1580213793) (76.8163958295,-32.7301114158) (77.241936385,-36.3606347953) (77.7945770792,-41.1080882131) (77.8147046072,-41.2843688518) (77.8346131394,-41.480421816) (78.6701957717,-49.9113623948) (82.1352699699,-87.9947601819) (82.8358156773,-95.7479320831) (83.135452072,-99.2422860326) (83.6020576895,-104.696530745) (83.783474936,-106.844758274) (84.6227262562,-116.788577274) (84.9827936532,-121.089782164) (85.051414204,-121.968151114) (85.8533950912,-133.367899503) (86.8173181585,-155.358915274) (86.8419013259,-162.405215749) (86.8563674173,-167.175662037) (86.8715162444,-178.101135029) (86.8964960851,-200.173252859) (87.1129894529,-184.048563258) (87.1204993125,-182.425831265) (87.1266100468,-181.310781569) (87.1696991402,-174.850452805) (87.4338059595,-211.884456563) (106.254946389,-164.835119785) (106.366866968,-158.404012341) (107.311324181,-120.760580562) (108.0,-99.2537114033) (144.0,-77.9810205377) 
(324.0,-216.325791828) (288.0,-98.6912106967) (72.0,2.39750832325) (0.0,-40.4167655258) (321.969927752,-230.250025003) (289.1080498,-116.939517198) (321.484011363,-233.858525494) (289.172150052,-118.090443834) (321.176271744,-236.167054914) (289.585964149,-125.796374848) (320.784540254,-239.179617304) (289.836019984,-130.459657292) (320.40374563,-242.135912285) (290.265628071,-138.8143456) (320.296851314,-242.968118233) (291.040955522,-154.685995279) (319.11187085,-252.244396309) (291.133945494,-156.63866287) (318.690006012,-255.708806734) (291.235489311,-158.902211893) (318.463627111,-257.774418297) (291.638307156,-168.471350548) 
(324.0,-216.325791828) (288.0,-98.6912106967) (72.0,2.39750832325) (0.0,-40.4167655258) (321.969927752,-230.250025003) (289.1080498,-116.939517198) (321.484011363,-233.858525494) (289.172150052,-118.090443834) (321.176271744,-236.167054914) (289.585964149,-125.796374848) (320.784540254,-239.179617304) (289.836019984,-130.459657292) (320.40374563,-242.135912285) (290.265628071,-138.8143456) (320.296851314,-242.968118233) (291.040955522,-154.685995279) (319.11187085,-252.244396309) (291.133945494,-156.63866287) (318.690006012,-255.708806734) (291.235489311,-158.902211893) (318.463627111,-257.774418297) (291.638307156,-168.471350548) (292.895641502,-209.727747458) (292.908167478,-210.171628699) (294.246801543,-270.596987232) (294.254955488,-271.26724932) (294.28708114,-273.988078601) (294.779502727,-358.924790847) (314.543452398,-310.816977211) (314.925807654,-302.443878417) (315.175094579,-298.650915954) (316.184911353,-284.584522254) (316.884038482,-274.872646454) (316.936719882,-274.169110272) (317.099703306,-271.994507607) (317.561119356,-266.849039614) (317.711664318,-265.264084675) 
TD 11 :
(324.0,-216.325791828) (288.0,-98.6912106967) (72.0,2.39750832325) (0.0,-40.4167655258) (180.0,-55.9667787159) (72.630328012,-1.83557092722) (73.1798295476,-5.65835155636) (73.3642188977,-6.95066343861) (73.6550963847,-9.00815431739) (74.4581562115,-14.7832846908) (74.770486638,-17.0711136906) (75.5535990344,-22.8701272398) (75.8118928104,-24.8503586756) (76.3918917015,-29.3671206441) (144.0,-77.9810205377) (76.7448838085,-32.1580213793) (76.8163958295,-32.7301114158) (77.241936385,-36.3606347953) (77.7945770792,-41.1080882131) (77.8147046072,-41.2843688518) (77.8346131394,-41.480421816) (78.6701957717,-49.9113623948) (82.1352699699,-87.9947601819) (82.8358156773,-95.7479320831) (83.135452072,-99.2422860326) (83.6020576895,-104.696530745) (83.783474936,-106.844758274) (84.6227262562,-116.788577274) (84.9827936532,-121.089782164) (85.051414204,-121.968151114) (85.8533950912,-133.367899503) (86.8173181585,-155.358915274) (86.8419013259,-162.405215749) (86.8563674173,-167.175662037) (86.8715162444,-178.101135029) (86.8964960851,-200.173252859) (87.1129894529,-184.048563258) (87.1204993125,-182.425831265) (87.1266100468,-181.310781569) (87.1696991402,-174.850452805) (87.4338059595,-211.884456563) (106.254946389,-164.835119785) (106.366866968,-158.404012341) (107.311324181,-120.760580562) (108.0,-99.2537114033) 
(324.0,-216.325791828) (288.0,-98.6912106967) (72.0,2.39750832325) (0.0,-40.4167655258) (180.0,-55.9667787159) (72.630328012,-1.83557092722) (73.1798295476,-5.65835155636) (73.3642188977,-6.95066343861) (73.6550963847,-9.00815431739) (74.4581562115,-14.7832846908) (74.770486638,-17.0711136906) (75.5535990344,-22.8701272398) (75.8118928104,-24.8503586756) (76.3918917015,-29.3671206441) (144.0,-77.9810205377) (76.7448838085,-32.1580213793) 
(324.0,-216.325791828) (288.0,-98.6912106967) (72.0,2.39750832325) (0.0,-40.4167655258) (321.969927752,-230.250025003) (289.1080498,-116.939517198) (321.484011363,-233.858525494) (289.172150052,-118.090443834) (321.176271744,-236.167054914) (289.585964149,-125.796374848) (320.784540254,-239.179617304) (289.836019984,-130.459657292) (320.40374563,-242.135912285) (290.265628071,-138.8143456) (320.296851314,-242.968118233) (291.040955522,-154.685995279) (319.11187085,-252.244396309) (291.133945494,-156.63866287) (318.690006012,-255.708806734) (291.235489311,-158.902211893) (318.463627111,-257.774418297) (291.638307156,-168.471350548) (317.711664318,-265.264084675) (292.895641502,-209.727747458) 
(324.0,-216.325791828) (288.0,-98.6912106967) (72.0,2.39750832325) (0.0,-40.4167655258) (321.969927752,-230.250025003) (289.1080498,-116.939517198) (321.484011363,-233.858525494) (289.172150052,-118.090443834) (321.176271744,-236.167054914) (289.585964149,-125.796374848) (320.784540254,-239.179617304) (289.836019984,-130.459657292) (320.40374563,-242.135912285) (290.265628071,-138.8143456) (320.296851314,-242.968118233) (291.040955522,-154.685995279) (319.11187085,-252.244396309) (291.133945494,-156.63866287) (318.690006012,-255.708806734) (291.235489311,-158.902211893) (318.463627111,-257.774418297) (291.638307156,-168.471350548) (317.711664318,-265.264084675) (292.895641502,-209.727747458) (292.908167478,-210.171628699) (294.246801543,-270.596987232) (294.254955488,-271.26724932) (294.28708114,-273.988078601) (294.779502727,-358.924790847) (314.543452398,-310.816977211) (314.925807654,-302.443878417) (315.175094579,-298.650915954) (316.184911353,-284.584522254) (316.884038482,-274.872646454) (316.936719882,-274.169110272) (317.099703306,-271.994507607) (317.561119356,-266.849039614) 
TD 12 :
(324.0,-216.325791828) (288.0,-98.6912106967) (72.0,2.39750832325) (0.0,-40.4167655258) (180.0,-55.9667787159) (72.630328012,-1.83557092722) (73.1798295476,-5.65835155636) (73.3642188977,-6.95066343861) (73.6550963847,-9.00815431739) (74.4581562115,-14.7832846908) (74.770486638,-17.0711136906) (75.5535990344,-22.8701272398) (75.8118928104,-24.8503586756) (76.3918917015,-29.3671206441) (144.0,-77.9810205377) (76.7448838085,-32.1580213793) (76.8163958295,-32.7301114158) (77.241936385,-36.3606347953) (77.7945770792,-41.1080882131) (77.8147046072,-41.2843688518) (77.8346131394,-41.480421816) (78.6701957717,-49.9113623948) (82.1352699699,-87.9947601819) (82.8358156773,-95.7479320831) (83.135452072,-99.2422860326) (83.6020576895,-104.696530745) (83.783474936,-106.844758274) (84.6227262562,-116.788577274) (84.9827936532,-121.089782164) (85.051414204,-121.968151114) (85.8533950912,-133.367899503) (86.8173181585,-155.358915274) (86.8419013259,-162.405215749) (86.8563674173,-167.175662037) (86.8715162444,-178.101135029) (86.8964960851,-200.173252859) (87.1129894529,-184.048563258) (87.1204993125,-182.425831265) (87.1266100468,-181.310781569) (87.1696991402,-174.850452805) (87.4338059595,-211.884456563) (106.254946389,-164.835119785) (106.366866968,-158.404012341) (107.311324181,-120.760580562) (108.0,-99.2537114033) 
(324.0,-216.325791828) (288.0,-98.6912106967) (72.0,2.39750832325) (0.0,-40.4167655258) (321.969927752,-230.250025003) (289.1080498,-116.939517198) (321.484011363,-233.858525494) (289.172150052,-118.090443834) (321.176271744,-236.167054914) (289.585964149,-125.796374848) (320.784540254,-239.179617304) (289.836019984,-130.459657292) (320.40374563,-242.135912285) (290.265628071,-138.8143456) (320.296851314,-242.968118233) (291.040955522,-154.685995279) (319.11187085,-252.244396309) (291.133945494,-156.63866287) (318.690006012,-255.708806734) (291.235489311,-158.902211893) (318.463627111,-257.774418297) (291.638307156,-168.471350548) (317.711664318,-265.264084675) (292.895641502,-209.727747458) (317.561119356,-266.849039614) (292.908167478,-210.171628699) 
(324.0,-216.325791828) (288.0,-98.6912106967) (72.0,2.39750832325) (0.0,-40.4167655258) (321.969927752,-230.250025003) (289.1080498,-116.939517198) (321.484011363,-233.858525494) (289.172150052,-118.090443834) (321.176271744,-236.167054914) (289.585964149,-125.796374848) (320.784540254,-239.179617304) (289.836019984,-130.459657292) (320.40374563,-242.135912285) (290.265628071,-138.8143456) (320.296851314,-242.968118233) (291.040955522,-154.685995279) (319.11187085,-252.244396309) (291.133945494,-156.63866287) (318.690006012,-255.708806734) (291.235489311,-158.902211893) (318.463627111,-257.774418297) (291.638307156,-168.471350548) (317.711664318,-265.264084675) (292.895641502,-209.727747458) (317.561119356,-266.849039614) (292.908167478,-210.171628699) (294.246801543,-270.596987232) (294.254955488,-271.26724932) (294.28708114,-273.988078601) (294.779502727,-358.924790847) (314.543452398,-310.816977211) (314.925807654,-302.443878417) (315.175094579,-298.650915954) (316.184911353,-284.584522254) (316.884038482,-274.872646454) (316.936719882,-274.169110272) (317.099703306,-271.994507607) 
TD 13 :
(324.0,-216.325791828) (288.0,-98.6912106967) (72.0,2.39750832325) (0.0,-40.4167655258) (180.0,-55.9667787159) (72.630328012,-1.83557092722) (73.1798295476,-5.65835155636) (73.3642188977,-6.95066343861) (73.6550963847,-9.00815431739) (74.4581562115,-14.7832846908) (74.770486638,-17.0711136906) (75.5535990344,-22.8701272398) (75.8118928104,-24.8503586756) (76.3918917015,-29.3671206441) (144.0,-77.9810205377) (76.7448838085,-32.1580213793) (76.8163958295,-32.7301114158) (77.241936385,-36.3606347953) (77.7945770792,-41.1080882131) (77.8147046072,-41.2843688518) (77.8346131394,-41.480421816) (78.6701957717,-49.9113623948) (82.1352699699,-87.9947601819) (82.8358156773,-95.7479320831) (83.135452072,-99.2422860326) (83.6020576895,-104.696530745) (83.783474936,-106.844758274) (84.6227262562,-116.788577274) (84.9827936532,-121.089782164) (85.051414204,-121.968151114) (85.8533950912,-133.367899503) (86.8173181585,-155.358915274) (86.8419013259,-162.405215749) (86.8563674173,-167.175662037) (86.8715162444,-178.101135029) (86.8964960851,-200.173252859) (87.1129894529,-184.048563258) (87.1204993125,-182.425831265) (87.1266100468,-181.310781569) (87.1696991402,-174.850452805) (87.4338059595,-211.884456563) (106.254946389,-164.835119785) (106.366866968,-158.404012341) (107.311324181,-120.760580562) (108.0,-99.2537114033) 
(324.0,-216.325791828) (288.0,-98.6912106967) (72.0,2.39750832325) (0.0,-40.4167655258) (321.969927752,-230.250025003) (289.1080498,-116.939517198) (321.484011363,-233.858525494) (289.172150052,-118.090443834) (321.176271744,-236.167054914) (289.585964149,-125.796374848) (320.784540254,-239.179617304) (289.836019984,-130.459657292) (320.40374563,-242.135912285) (290.265628071,-138.8143456) (320.296851314,-242.968118233) (291.040955522,-154.685995279) (319.11187085,-252.244396309) (291.133945494,-156.63866287) (318.690006012,-255.708806734) (291.235489311,-158.902211893) (318.463627111,-257.774418297) (291.638307156,-168.471350548) (317.711664318,-265.264084675) (292.895641502,-209.727747458) (317.561119356,-266.849039614) (292.908167478,-210.171628699) (317.099703306,-271.994507607) (294.246801543,-270.596987232) (294.254955488,-271.26724932) (294.28708114,-273.988078601) (294.779502727,-358.924790847) (314.543452398,-310.816977211) (314.925807654,-302.443878417) (315.175094579,-298.650915954) (316.184911353,-284.584522254) (316.884038482,-274.872646454) (316.936719882,-274.169110272) 
TD 14 :
(324.0,-216.325791828) (288.0,-98.6912106967) (72.0,2.39750832325) (0.0,-40.4167655258) (180.0,-55.9667787159) (72.630328012,-1.83557092722) (73.1798295476,-5.65835155636) (73.3642188977,-6.95066343861) (73.6550963847,-9.00815431739) (74.4581562115,-14.7832846908) (74.770486638,-17.0711136906) (75.5535990344,-22.8701272398) (75.8118928104,-24.8503586756) (76.3918917015,-29.3671206441) (144.0,-77.9810205377) (76.7448838085,-32.1580213793) (76.8163958295,-32.7301114158) (77.241936385,-36.3606347953) (77.7945770792,-41.1080882131) (77.8147046072,-41.2843688518) (77.8346131394,-41.480421816) (78.6701957717,-49.9113623948) (82.1352699699,-87.9947601819) (82.8358156773,-95.7479320831) (83.135452072,-99.2422860326) (83.6020576895,-104.696530745) (83.783474936,-106.844758274) (84.6227262562,-116.788577274) (84.9827936532,-121.089782164) (85.051414204,-121.968151114) (85.8533950912,-133.367899503) (86.8173181585,-155.358915274) (86.8419013259,-162.405215749) (86.8563674173,-167.175662037) (86.8715162444,-178.101135029) (86.8964960851,-200.173252859) (87.1129894529,-184.048563258) (87.1204993125,-182.425831265) (87.1266100468,-181.310781569) (87.1696991402,-174.850452805) (87.4338059595,-211.884456563) (106.254946389,-164.835119785) (106.366866968,-158.404012341) (107.311324181,-120.760580562) (108.0,-99.2537114033) 
(324.0,-216.325791828) (288.0,-98.6912106967) (72.0,2.39750832325) (0.0,-40.4167655258) (321.969927752,-230.250025003) (289.1080498,-116.939517198) (321.484011363,-233.858525494) (289.172150052,-118.090443834) (321.176271744,-236.167054914) (289.585964149,-125.796374848) (320.784540254,-239.179617304) (289.836019984,-130.459657292) (320.40374563,-242.135912285) (290.265628071,-138.8143456) (320.296851314,-242.968118233) (291.040955522,-154.685995279) (319.11187085,-252.244396309) (291.133945494,-156.63866287) (318.690006012,-255.708806734) (291.235489311,-158.902211893) (318.463627111,-257.774418297) (291.638307156,-168.471350548) (317.711664318,-265.264084675) (292.895641502,-209.727747458) (317.561119356,-266.849039614) (292.908167478,-210.171628699) (317.099703306,-271.994507607) (316.936719882,-274.169110272) (294.246801543,-270.596987232) (294.254955488,-271.26724932) (294.28708114,-273.988078601) (294.779502727,-358.924790847) (314.543452398,-310.816977211) (314.925807654,-302.443878417) (315.175094579,-298.650915954) (316.184911353,-284.584522254) (316.884038482,-274.872646454) 
TD 15 :
(324.0,-216.325791828) (288.0,-98.6912106967) (72.0,2.39750832325) (0.0,-40.4167655258) (180.0,-55.9667787159) (72.630328012,-1.83557092722) (73.1798295476,-5.65835155636) (73.3642188977,-6.95066343861) (73.6550963847,-9.00815431739) (74.4581562115,-14.7832846908) (74.770486638,-17.0711136906) (75.5535990344,-22.8701272398) (75.8118928104,-24.8503586756) (76.3918917015,-29.3671206441) (144.0,-77.9810205377) (76.7448838085,-32.1580213793) (76.8163958295,-32.7301114158) (77.241936385,-36.3606347953) (77.7945770792,-41.1080882131) (77.8147046072,-41.2843688518) (77.8346131394,-41.480421816) (78.6701957717,-49.9113623948) (82.1352699699,-87.9947601819) (82.8358156773,-95.7479320831) (83.135452072,-99.2422860326) (83.6020576895,-104.696530745) (83.783474936,-106.844758274) (84.6227262562,-116.788577274) (84.9827936532,-121.089782164) (85.051414204,-121.968151114) (85.8533950912,-133.367899503) (86.8173181585,-155.358915274) (86.8419013259,-162.405215749) (86.8563674173,-167.175662037) (86.8715162444,-178.101135029) (86.8964960851,-200.173252859) (87.1129894529,-184.048563258) (87.1204993125,-182.425831265) (87.1266100468,-181.310781569) (87.1696991402,-174.850452805) (87.4338059595,-211.884456563) (106.254946389,-164.835119785) (106.366866968,-158.404012341) (107.311324181,-120.760580562) (108.0,-99.2537114033) 
(324.0,-216.325791828) (288.0,-98.6912106967) (72.0,2.39750832325) (0.0,-40.4167655258) (321.969927752,-230.250025003) (289.1080498,-116.939517198) (321.484011363,-233.858525494) (289.172150052,-118.090443834) (321.176271744,-236.167054914) (289.585964149,-125.796374848) (320.784540254,-239.179617304) (289.836019984,-130.459657292) (320.40374563,-242.135912285) (290.265628071,-138.8143456) (320.296851314,-242.968118233) (291.040955522,-154.685995279) (319.11187085,-252.244396309) (291.133945494,-156.63866287) (318.690006012,-255.708806734) (291.235489311,-158.902211893) (318.463627111,-257.774418297) (291.638307156,-168.471350548) (317.711664318,-265.264084675) (292.895641502,-209.727747458) (317.561119356,-266.849039614) (292.908167478,-210.171628699) (317.099703306,-271.994507607) (316.936719882,-274.169110272) (316.884038482,-274.872646454) (294.246801543,-270.596987232) (294.254955488,-271.26724932) (294.28708114,-273.988078601) (294.779502727,-358.924790847) (314.543452398,-310.816977211) (314.925807654,-302.443878417) (315.175094579,-298.650915954) (316.184911353,-284.584522254) 
TD 16 :
(324.0,-216.325791828) (288.0,-98.6912106967) (72.0,2.39750832325) (0.0,-40.4167655258) (180.0,-55.9667787159) (72.630328012,-1.83557092722) (73.1798295476,-5.65835155636) (73.3642188977,-6.95066343861) (73.6550963847,-9.00815431739) (74.4581562115,-14.7832846908) (74.770486638,-17.0711136906) (75.5535990344,-22.8701272398) (75.8118928104,-24.8503586756) (76.3918917015,-29.3671206441) (144.0,-77.9810205377) (76.7448838085,-32.1580213793) (76.8163958295,-32.7301114158) (77.241936385,-36.3606347953) (77.7945770792,-41.1080882131) (77.8147046072,-41.2843688518) (77.8346131394,-41.480421816) (78.6701957717,-49.9113623948) (82.1352699699,-87.9947601819) (82.8358156773,-95.7479320831) (83.135452072,-99.2422860326) (83.6020576895,-104.696530745) (83.783474936,-106.844758274) (84.6227262562,-116.788577274) (84.9827936532,-121.089782164) (85.051414204,-121.968151114) (85.8533950912,-133.367899503) (86.8173181585,-155.358915274) (86.8419013259,-162.405215749) (86.8563674173,-167.175662037) (86.8715162444,-178.101135029) (86.8964960851,-200.173252859) (87.1129894529,-184.048563258) (87.1204993125,-182.425831265) (87.1266100468,-181.310781569) (87.1696991402,-174.850452805) (87.4338059595,-211.884456563) (106.254946389,-164.835119785) (106.366866968,-158.404012341) (107.311324181,-120.760580562) (108.0,-99.2537114033) 
(324.0,-216.325791828) (288.0,-98.6912106967) (72.0,2.39750832325) (0.0,-40.4167655258) (321.969927752,-230.250025003) (289.1080498,-116.939517198) (321.484011363,-233.858525494) (289.172150052,-118.090443834) (321.176271744,-236.167054914) (289.585964149,-125.796374848) (320.784540254,-239.179617304) (289.836019984,-130.459657292) (320.40374563,-242.135912285) (290.265628071,-138.8143456) (320.296851314,-242.968118233) (291.040955522,-154.685995279) (319.11187085,-252.244396309) (291.133945494,-156.63866287) (318.690006012,-255.708806734) (291.235489311,-158.902211893) (318.463627111,-257.774418297) (291.638307156,-168.471350548) (317.711664318,-265.264084675) (292.895641502,-209.727747458) (317.561119356,-266.849039614) (292.908167478,-210.171628699) (317.099703306,-271.994507607) (316.936719882,-274.169110272) (316.884038482,-274.872646454) (316.184911353,-284.584522254) (294.246801543,-270.596987232) (294.254955488,-271.26724932) (294.28708114,-273.988078601) (294.779502727,-358.924790847) (314.543452398,-310.816977211) (314.925807654,-302.443878417) (315.175094579,-298.650915954) 
TD 17 :
(324.0,-216.325791828) (288.0,-98.6912106967) (72.0,2.39750832325) (0.0,-40.4167655258) (180.0,-55.9667787159) (72.630328012,-1.83557092722) (73.1798295476,-5.65835155636) (73.3642188977,-6.95066343861) (73.6550963847,-9.00815431739) (74.4581562115,-14.7832846908) (74.770486638,-17.0711136906) (75.5535990344,-22.8701272398) (75.8118928104,-24.8503586756) (76.3918917015,-29.3671206441) (144.0,-77.9810205377) (76.7448838085,-32.1580213793) (76.8163958295,-32.7301114158) (77.241936385,-36.3606347953) (77.7945770792,-41.1080882131) (77.8147046072,-41.2843688518) (77.8346131394,-41.480421816) (78.6701957717,-49.9113623948) (82.1352699699,-87.9947601819) (82.8358156773,-95.7479320831) (83.135452072,-99.2422860326) (83.6020576895,-104.696530745) (83.783474936,-106.844758274) (84.6227262562,-116.788577274) (84.9827936532,-121.089782164) (85.051414204,-121.968151114) (85.8533950912,-133.367899503) (86.8173181585,-155.358915274) (86.8419013259,-162.405215749) (86.8563674173,-167.175662037) (86.8715162444,-178.101135029) (86.8964960851,-200.173252859) (87.1129894529,-184.048563258) (87.1204993125,-182.425831265) (87.1266100468,-181.310781569) (87.1696991402,-174.850452805) (87.4338059595,-211.884456563) (106.254946389,-164.835119785) (106.366866968,-158.404012341) (107.311324181,-120.760580562) (108.0,-99.2537114033) 
(324.0,-216.325791828) (288.0,-98.6912106967) (72.0,2.39750832325) (0.0,-40.4167655258) (321.969927752,-230.250025003) (289.1080498,-116.939517198) (321.484011363,-233.858525494) (289.172150052,-118.090443834) (321.176271744,-236.167054914) (289.585964149,-125.796374848) (320.784540254,-239.179617304) (289.836019984,-130.459657292) (320.40374563,-242.135912285) (290.265628071,-138.8143456) (320.296851314,-242.968118233) (291.040955522,-154.685995279) (319.11187085,-252.244396309) (291.133945494,-156.63866287) (318.690006012,-255.708806734) (291.235489311,-158.902211893) (318.463627111,-257.774418297) (291.638307156,-168.471350548) (317.711664318,-265.264084675) (292.895641502,-209.727747458) (317.561119356,-266.849039614) (292.908167478,-210.171628699) (317.099703306,-271.994507607) (316.936719882,-274.169110272) (316.884038482,-274.872646454) (316.184911353,-284.584522254) (315.175094579,-298.650915954) (294.246801543,-270.596987232) 
(324.0,-216.325791828) (288.0,-98.6912106967) (72.0,2.39750832325) (0.0,-40.4167655258) (321.969927752,-230.250025003) (289.1080498,-116.939517198) (321.484011363,-233.858525494) (289.172150052,-118.090443834) (321.176271744,-236.167054914) (289.585964149,-125.796374848) (320.784540254,-239.179617304) (289.836019984,-130.459657292) (320.40374563,-242.135912285) (290.265628071,-138.8143456) (320.296851314,-242.968118233) (291.040955522,-154.685995279) (319.11187085,-252.244396309) (291.133945494,-156.63866287) (318.690006012,-255.708806734) (291.235489311,-158.902211893) (318.463627111,-257.774418297) (291.638307156,-168.471350548) (317.711664318,-265.264084675) (292.895641502,-209.727747458) (317.561119356,-266.849039614) (292.908167478,-210.171628699) (317.099703306,-271.994507607) (316.936719882,-274.169110272) (316.884038482,-274.872646454) (316.184911353,-284.584522254) (315.175094579,-298.650915954) (294.246801543,-270.596987232) (294.254955488,-271.26724932) (294.28708114,-273.988078601) (294.779502727,-358.924790847) (314.543452398,-310.816977211) (314.925807654,-302.443878417) 
TD 18 :
(324.0,-216.325791828) (288.0,-98.6912106967) (72.0,2.39750832325) (0.0,-40.4167655258) (180.0,-55.9667787159) (72.630328012,-1.83557092722) (73.1798295476,-5.65835155636) (73.3642188977,-6.95066343861) (73.6550963847,-9.00815431739) (74.4581562115,-14.7832846908) (74.770486638,-17.0711136906) (75.5535990344,-22.8701272398) (75.8118928104,-24.8503586756) (76.3918917015,-29.3671206441) (144.0,-77.9810205377) (76.7448838085,-32.1580213793) (76.8163958295,-32.7301114158) (77.241936385,-36.3606347953) (77.7945770792,-41.1080882131) (77.8147046072,-41.2843688518) (77.8346131394,-41.480421816) (78.6701957717,-49.9113623948) (108.0,-99.2537114033) (82.1352699699,-87.9947601819) (82.8358156773,-95.7479320831) (83.135452072,-99.2422860326) (83.6020576895,-104.696530745) (83.783474936,-106.844758274) (84.6227262562,-116.788577274) (84.9827936532,-121.089782164) (85.051414204,-121.968151114) (85.8533950912,-133.367899503) (86.8173181585,-155.358915274) (86.8419013259,-162.405215749) (86.8563674173,-167.175662037) (86.8715162444,-178.101135029) (86.8964960851,-200.173252859) (87.1129894529,-184.048563258) (87.1204993125,-182.425831265) (87.1266100468,-181.310781569) (87.1696991402,-174.850452805) (87.4338059595,-211.884456563) (106.254946389,-164.835119785) (106.366866968,-158.404012341) (107.311324181,-120.760580562) 
(324.0,-216.325791828) (288.0,-98.6912106967) (72.0,2.39750832325) (0.0,-40.4167655258) (180.0,-55.9667787159) (72.630328012,-1.83557092722) (73.1798295476,-5.65835155636) (73.3642188977,-6.95066343861) (73.6550963847,-9.00815431739) (74.4581562115,-14.7832846908) (74.770486638,-17.0711136906) (75.5535990344,-22.8701272398) (75.8118928104,-24.8503586756) (76.3918917015,-29.3671206441) (144.0,-77.9810205377) (76.7448838085,-32.1580213793) (76.8163958295,-32.7301114158) (77.241936385,-36.3606347953) (77.7945770792,-41.1080882131) (77.8147046072,-41.2843688518) (77.8346131394,-41.480421816) (78.6701957717,-49.9113623948) (108.0,-99.2537114033) (82.1352699699,-87.9947601819) 
(324.0,-216.325791828) (288.0,-98.6912106967) (72.0,2.39750832325) (0.0,-40.4167655258) (321.969927752,-230.250025003) (289.1080498,-116.939517198) (321.484011363,-233.858525494) (289.172150052,-118.090443834) (321.176271744,-236.167054914) (289.585964149,-125.796374848) (320.784540254,-239.179617304) (289.836019984,-130.459657292) (320.40374563,-242.135912285) (290.265628071,-138.8143456) (320.296851314,-242.968118233) (291.040955522,-154.685995279) (319.11187085,-252.244396309) (291.133945494,-156.63866287) (318.690006012,-255.708806734) (291.235489311,-158.902211893) (318.463627111,-257.774418297) (291.638307156,-168.471350548) (317.711664318,-265.264084675) (292.895641502,-209.727747458) (317.561119356,-266.849039614) (292.908167478,-210.171628699) (317.099703306,-271.994507607) (316.936719882,-274.169110272) (316.884038482,-274.872646454) (316.184911353,-284.584522254) (315.175094579,-298.650915954) (294.246801543,-270.596987232) (314.925807654,-302.443878417) (294.254955488,-271.26724932) 
(324.0,-216.325791828) (288.0,-98.6912106967) (72.0,2.39750832325) (0.0,-40.4167655258) (321.969927752,-230.250025003) (289.1080498,-116.939517198) (321.484011363,-233.858525494) (289.172150052,-118.090443834) (321.176271744,-236.167054914) (289.585964149,-125.796374848) (320.784540254,-239.179617304) (289.836019984,-130.459657292) (320.40374563,-242.135912285) (290.265628071,-138.8143456) (320.296851314,-242.968118233) (291.040955522,-154.685995279) (319.11187085,-252.244396309) (291.133945494,-156.63866287) (318.690006012,-255.708806734) (291.235489311,-158.902211893) (318.463627111,-257.774418297) (291.638307156,-168.471350548) (317.711664318,-265.264084675) (292.895641502,-209.727747458) (317.561119356,-266.849039614) (292.908167478,-210.171628699) (317.099703306,-271.994507607) (316.936719882,-274.169110272) (316.884038482,-274.872646454) (316.184911353,-284.584522254) (315.175094579,-298.650915954) (294.246801543,-270.596987232) (314.925807654,-302.443878417) (294.254955488,-271.26724932) (294.28708114,-273.988078601) (294.779502727,-358.924790847) (314.543452398,-310.816977211) 
TD 19 :
(324.0,-216.325791828) (288.0,-98.6912106967) (72.0,2.39750832325) (0.0,-40.4167655258) (180.0,-55.9667787159) (72.630328012,-1.83557092722) (73.1798295476,-5.65835155636) (73.3642188977,-6.95066343861) (73.6550963847,-9.00815431739) (74.4581562115,-14.7832846908) (74.770486638,-17.0711136906) (75.5535990344,-22.8701272398) (75.8118928104,-24.8503586756) (76.3918917015,-29.3671206441) (144.0,-77.9810205377) (76.7448838085,-32.1580213793) (76.8163958295,-32.7301114158) (77.241936385,-36.3606347953) (77.7945770792,-41.1080882131) (77.8147046072,-41.2843688518) (77.8346131394,-41.480421816) (78.6701957717,-49.9113623948) (108.0,-99.2537114033) (82.1352699699,-87.9947601819) (82.8358156773,-95.7479320831) (83.135452072,-99.2422860326) (83.6020576895,-104.696530745) (83.783474936,-106.844758274) (84.6227262562,-116.788577274) (84.9827936532,-121.089782164) (85.051414204,-121.968151114) (85.8533950912,-133.367899503) (86.8173181585,-155.358915274) (86.8419013259,-162.405215749) (86.8563674173,-167.175662037) (86.8715162444,-178.101135029) (86.8964960851,-200.173252859) (87.1129894529,-184.048563258) (87.1204993125,-182.425831265) (87.1266100468,-181.310781569) (87.1696991402,-174.850452805) (87.4338059595,-211.884456563) (106.254946389,-164.835119785) (106.366866968,-158.404012341) (107.311324181,-120.760580562) 
(324.0,-216.325791828) (288.0,-98.6912106967) (72.0,2.39750832325) (0.0,-40.4167655258) (321.969927752,-230.250025003) (289.1080498,-116.939517198) (321.484011363,-233.858525494) (289.172150052,-118.090443834) (321.176271744,-236.167054914) (289.585964149,-125.796374848) (320.784540254,-239.179617304) (289.836019984,-130.459657292) (320.40374563,-242.135912285) (290.265628071,-138.8143456) (320.296851314,-242.968118233) (291.040955522,-154.685995279) (319.11187085,-252.244396309) (291.133945494,-156.63866287) (318.690006012,-255.708806734) (291.235489311,-158.902211893) (318.463627111,-257.774418297) (291.638307156,-168.471350548) (317.711664318,-265.264084675) (292.895641502,-209.727747458) (317.561119356,-266.849039614) (292.908167478,-210.171628699) (317.099703306,-271.994507607) (316.936719882,-274.169110272) (316.884038482,-274.872646454) (316.184911353,-284.584522254) (315.175094579,-298.650915954) (294.246801543,-270.596987232) (314.925807654,-302.443878417) (294.254955488,-271.26724932) (314.543452398,-310.816977211) (294.28708114,-273.988078601) 
(324.0,-216.325791828) (288.0,-98.6912106967) (72.0,2.39750832325) (0.0,-40.4167655258) (321.969927752,-230.250025003) (289.1080498,-116.939517198) (321.484011363,-233.858525494) (289.172150052,-118.090443834) (321.176271744,-236.167054914) (289.585964149,-125.796374848) (320.784540254,-239.179617304) (289.836019984,-130.459657292) (320.40374563,-242.135912285) (290.265628071,-138.8143456) (320.296851314,-242.968118233) (291.040955522,-154.685995279) (319.11187085,-252.244396309) (291.133945494,-156.63866287) (318.690006012,-255.708806734) (291.235489311,-158.902211893) (318.463627111,-257.774418297) (291.638307156,-168.471350548) (317.711664318,-265.264084675) (292.895641502,-209.727747458) (317.561119356,-266.849039614) (292.908167478,-210.171628699) (317.099703306,-271.994507607) (316.936719882,-274.169110272) (316.884038482,-274.872646454) (316.184911353,-284.584522254) (315.175094579,-298.650915954) (294.246801543,-270.596987232) (314.925807654,-302.443878417) (294.254955488,-271.26724932) (314.543452398,-310.816977211) (294.28708114,-273.988078601) (294.779502727,-358.924790847) 
TD 20 :
(324.0,-216.325791828) (288.0,-98.6912106967) (72.0,2.39750832325) (0.0,-40.4167655258) (180.0,-55.9667787159) (72.630328012,-1.83557092722) (73.1798295476,-5.65835155636) (73.3642188977,-6.95066343861) (73.6550963847,-9.00815431739) (74.4581562115,-14.7832846908) (74.770486638,-17.0711136906) (75.5535990344,-22.8701272398) (75.8118928104,-24.8503586756) (76.3918917015,-29.3671206441) (144.0,-77.9810205377) (76.7448838085,-32.1580213793) (76.8163958295,-32.7301114158) (77.241936385,-36.3606347953) (77.7945770792,-41.1080882131) (77.8147046072,-41.2843688518) (77.8346131394,-41.480421816) (78.6701957717,-49.9113623948) (108.0,-99.2537114033) (82.1352699699,-87.9947601819) (82.8358156773,-95.7479320831) (83.135452072,-99.2422860326) (83.6020576895,-104.696530745) (83.783474936,-106.844758274) (84.6227262562,-116.788577274) (84.9827936532,-121.089782164) (85.051414204,-121.968151114) (85.8533950912,-133.367899503) (86.8173181585,-155.358915274) (86.8419013259,-162.405215749) (86.8563674173,-167.175662037) (86.8715162444,-178.101135029) (86.8964960851,-200.173252859) (87.1129894529,-184.048563258) (87.1204993125,-182.425831265) (87.1266100468,-181.310781569) (87.1696991402,-174.850452805) (87.4338059595,-211.884456563) (106.254946389,-164.835119785) (106.366866968,-158.404012341) (107.311324181,-120.760580562) 
(324.0,-216.325791828) (288.0,-98.6912106967) (72.0,2.39750832325) (0.0,-40.4167655258) (321.969927752,-230.250025003) (289.1080498,-116.939517198) (321.484011363,-233.858525494) (289.172150052,-118.090443834) (321.176271744,-236.167054914) (289.585964149,-125.796374848) (320.784540254,-239.179617304) (289.836019984,-130.459657292) (320.40374563,-242.135912285) (290.265628071,-138.8143456) (320.296851314,-242.968118233) (291.040955522,-154.685995279) (319.11187085,-252.244396309) (291.133945494,-156.63866287) (318.690006012,-255.708806734) (291.235489311,-158.902211893) (318.463627111,-257.774418297) (291.638307156,-168.471350548) (317.711664318,-265.264084675) (292.895641502,-209.727747458) (317.561119356,-266.849039614) (292.908167478,-210.171628699) (317.099703306,-271.994507607) (316.936719882,-274.169110272) (316.884038482,-274.872646454) (316.184911353,-284.584522254) (315.175094579,-298.650915954) (294.246801543,-270.596987232) (314.925807654,-302.443878417) (294.254955488,-271.26724932) (314.543452398,-310.816977211) (294.28708114,-273.988078601) (294.779502727,-358.924790847) 
TD 21 :
(324.0,-216.325791828) (288.0,-98.6912106967) (72.0,2.39750832325) (0.0,-40.4167655258) (180.0,-55.9667787159) (72.630328012,-1.83557092722) (73.1798295476,-5.65835155636) (73.3642188977,-6.95066343861) (73.6550963847,-9.00815431739) (74.4581562115,-14.7832846908) (74.770486638,-17.0711136906) (75.5535990344,-22.8701272398) (75.8118928104,-24.8503586756) (76.3918917015,-29.3671206441) (144.0,-77.9810205377) (76.7448838085,-32.1580213793) (76.8163958295,-32.7301114158) (77.241936385,-36.3606347953) (77.7945770792,-41.1080882131) (77.8147046072,-41.2843688518) (77.8346131394,-41.480421816) (78.6701957717,-49.9113623948) (108.0,-99.2537114033) (82.1352699699,-87.9947601819) (82.8358156773,-95.7479320831) (83.135452072,-99.2422860326) (107.311324181,-120.760580562) (83.6020576895,-104.696530745) (83.783474936,-106.844758274) (84.6227262562,-116.788577274) (84.9827936532,-121.089782164) (85.051414204,-121.968151114) (85.8533950912,-133.367899503) (86.8173181585,-155.358915274) (86.8419013259,-162.405215749) (86.8563674173,-167.175662037) (86.8715162444,-178.101135029) (86.8964960851,-200.173252859) (87.1129894529,-184.048563258) (87.1204993125,-182.425831265) (87.1266100468,-181.310781569) (87.1696991402,-174.850452805) (87.4338059595,-211.884456563) (106.254946389,-164.835119785) (106.366866968,-158.404012341) 
(324.0,-216.325791828) (288.0,-98.6912106967) (72.0,2.39750832325) (0.0,-40.4167655258) (180.0,-55.9667787159) (72.630328012,-1.83557092722) (73.1798295476,-5.65835155636) (73.3642188977,-6.95066343861) (73.6550963847,-9.00815431739) (74.4581562115,-14.7832846908) (74.770486638,-17.0711136906) (75.5535990344,-22.8701272398) (75.8118928104,-24.8503586756) (76.3918917015,-29.3671206441) (144.0,-77.9810205377) (76.7448838085,-32.1580213793) (76.8163958295,-32.7301114158) (77.241936385,-36.3606347953) (77.7945770792,-41.1080882131) (77.8147046072,-41.2843688518) (77.8346131394,-41.480421816) (78.6701957717,-49.9113623948) (108.0,-99.2537114033) (82.1352699699,-87.9947601819) (82.8358156773,-95.7479320831) (83.135452072,-99.2422860326) (107.311324181,-120.760580562) (83.6020576895,-104.696530745) 
TD 22 :
(324.0,-216.325791828) (288.0,-98.6912106967) (72.0,2.39750832325) (0.0,-40.4167655258) (180.0,-55.9667787159) (72.630328012,-1.83557092722) (73.1798295476,-5.65835155636) (73.3642188977,-6.95066343861) (73.6550963847,-9.00815431739) (74.4581562115,-14.7832846908) (74.770486638,-17.0711136906) (75.5535990344,-22.8701272398) (75.8118928104,-24.8503586756) (76.3918917015,-29.3671206441) (144.0,-77.9810205377) (76.7448838085,-32.1580213793) (76.8163958295,-32.7301114158) (77.241936385,-36.3606347953) (77.7945770792,-41.1080882131) (77.8147046072,-41.2843688518) (77.8346131394,-41.480421816) (78.6701957717,-49.9113623948) (108.0,-99.2537114033) (82.1352699699,-87.9947601819) (82.8358156773,-95.7479320831) (83.135452072,-99.2422860326) (107.311324181,-120.760580562) (83.6020576895,-104.696530745) (106.366866968,-158.404012341) (83.783474936,-106.844758274) (84.6227262562,-116.788577274) (84.9827936532,-121.089782164) (85.051414204,-121.968151114) (85.8533950912,-133.367899503) (86.8173181585,-155.358915274) (86.8419013259,-162.405215749) (86.8563674173,-167.175662037) (86.8715162444,-178.101135029) (86.8964960851,-200.173252859) (87.1129894529,-184.048563258) (87.1204993125,-182.425831265) (87.1266100468,-181.310781569) (87.1696991402,-174.850452805) (87.4338059595,-211.884456563) (106.254946389,-164.835119785) 
TD 23 :
(324.0,-216.325791828) (288.0,-98.6912106967) (72.0,2.39750832325) (0.0,-40.4167655258) (180.0,-55.9667787159) (72.630328012,-1.83557092722) (73.1798295476,-5.65835155636) (73.3642188977,-6.95066343861) (73.6550963847,-9.00815431739) (74.4581562115,-14.7832846908) (74.770486638,-17.0711136906) (75.5535990344,-22.8701272398) (75.8118928104,-24.8503586756) (76.3918917015,-29.3671206441) (144.0,-77.9810205377) (76.7448838085,-32.1580213793) (76.8163958295,-32.7301114158) (77.241936385,-36.3606347953) (77.7945770792,-41.1080882131) (77.8147046072,-41.2843688518) (77.8346131394,-41.480421816) (78.6701957717,-49.9113623948) (108.0,-99.2537114033) (82.1352699699,-87.9947601819) (82.8358156773,-95.7479320831) (83.135452072,-99.2422860326) (107.311324181,-120.760580562) (83.6020576895,-104.696530745) (106.366866968,-158.404012341) (83.783474936,-106.844758274) (106.254946389,-164.835119785) (84.6227262562,-116.788577274) (84.9827936532,-121.089782164) (85.051414204,-121.968151114) (85.8533950912,-133.367899503) (86.8173181585,-155.358915274) (86.8419013259,-162.405215749) (86.8563674173,-167.175662037) (86.8715162444,-178.101135029) (86.8964960851,-200.173252859) (87.1129894529,-184.048563258) (87.1204993125,-182.425831265) (87.1266100468,-181.310781569) (87.1696991402,-174.850452805) (87.4338059595,-211.884456563) 
TD 24 :
(324.0,-216.325791828) (288.0,-98.6912106967) (72.0,2.39750832325) (0.0,-40.4167655258) (180.0,-55.9667787159) (72.630328012,-1.83557092722) (73.1798295476,-5.65835155636) (73.3642188977,-6.95066343861) (73.6550963847,-9.00815431739) (74.4581562115,-14.7832846908) (74.770486638,-17.0711136906) (75.5535990344,-22.8701272398) (75.8118928104,-24.8503586756) (76.3918917015,-29.3671206441) (144.0,-77.9810205377) (76.7448838085,-32.1580213793) (76.8163958295,-32.7301114158) (77.241936385,-36.3606347953) (77.7945770792,-41.1080882131) (77.8147046072,-41.2843688518) (77.8346131394,-41.480421816) (78.6701957717,-49.9113623948) (108.0,-99.2537114033) (82.1352699699,-87.9947601819) (82.8358156773,-95.7479320831) (83.135452072,-99.2422860326) (107.311324181,-120.760580562) (83.6020576895,-104.696530745) (106.366866968,-158.404012341) (83.783474936,-106.844758274) (106.254946389,-164.835119785) (84.6227262562,-116.788577274) (87.4338059595,-211.884456563) (87.1696991402,-174.850452805) (86.8173181585,-155.358915274) (85.8533950912,-133.367899503) (85.051414204,-121.968151114) (84.9827936532,-121.089782164) 
(324.0,-216.325791828) (288.0,-98.6912106967) (72.0,2.39750832325) (0.0,-40.4167655258) (180.0,-55.9667787159) (72.630328012,-1.83557092722) (73.1798295476,-5.65835155636) (73.3642188977,-6.95066343861) (73.6550963847,-9.00815431739) (74.4581562115,-14.7832846908) (74.770486638,-17.0711136906) (75.5535990344,-22.8701272398) (75.8118928104,-24.8503586756) (76.3918917015,-29.3671206441) (144.0,-77.9810205377) (76.7448838085,-32.1580213793) (76.8163958295,-32.7301114158) (77.241936385,-36.3606347953) (77.7945770792,-41.1080882131) (77.8147046072,-41.2843688518) (77.8346131394,-41.480421816) (78.6701957717,-49.9113623948) (108.0,-99.2537114033) (82.1352699699,-87.9947601819) (82.8358156773,-95.7479320831) (83.135452072,-99.2422860326) (107.311324181,-120.760580562) (83.6020576895,-104.696530745) (106.366866968,-158.404012341) (83.783474936,-106.844758274) (106.254946389,-164.835119785) (84.6227262562,-116.788577274) (87.4338059595,-211.884456563) (87.1696991402,-174.850452805) (86.8173181585,-155.358915274) (85.8533950912,-133.367899503) (85.051414204,-121.968151114) (84.9827936532,-121.089782164) 
(324.0,-216.325791828) (288.0,-98.6912106967) (72.0,2.39750832325) (0.0,-40.4167655258) (180.0,-55.9667787159) (72.630328012,-1.83557092722) (73.1798295476,-5.65835155636) (73.3642188977,-6.95066343861) (73.6550963847,-9.00815431739) (74.4581562115,-14.7832846908) (74.770486638,-17.0711136906) (75.5535990344,-22.8701272398) (75.8118928104,-24.8503586756) (76.3918917015,-29.3671206441) (144.0,-77.9810205377) (76.7448838085,-32.1580213793) (76.8163958295,-32.7301114158) (77.241936385,-36.3606347953) (77.7945770792,-41.1080882131) (77.8147046072,-41.2843688518) (77.8346131394,-41.480421816) (78.6701957717,-49.9113623948) (108.0,-99.2537114033) (82.1352699699,-87.9947601819) (82.8358156773,-95.7479320831) (83.135452072,-99.2422860326) (107.311324181,-120.760580562) (83.6020576895,-104.696530745) (106.366866968,-158.404012341) (83.783474936,-106.844758274) (106.254946389,-164.835119785) (84.6227262562,-116.788577274) (87.4338059595,-211.884456563) (87.1696991402,-174.850452805) (86.8173181585,-155.358915274) (85.8533950912,-133.367899503) (85.051414204,-121.968151114) (84.9827936532,-121.089782164) 
(324.0,-216.325791828) (288.0,-98.6912106967) (72.0,2.39750832325) (0.0,-40.4167655258) (180.0,-55.9667787159) (72.630328012,-1.83557092722) (73.1798295476,-5.65835155636) (73.3642188977,-6.95066343861) (73.6550963847,-9.00815431739) (74.4581562115,-14.7832846908) (74.770486638,-17.0711136906) (75.5535990344,-22.8701272398) (75.8118928104,-24.8503586756) (76.3918917015,-29.3671206441) (144.0,-77.9810205377) (76.7448838085,-32.1580213793) (76.8163958295,-32.7301114158) (77.241936385,-36.3606347953) (77.7945770792,-41.1080882131) (77.8147046072,-41.2843688518) (77.8346131394,-41.480421816) (78.6701957717,-49.9113623948) (108.0,-99.2537114033) (82.1352699699,-87.9947601819) (82.8358156773,-95.7479320831) (83.135452072,-99.2422860326) (107.311324181,-120.760580562) (83.6020576895,-104.696530745) (106.366866968,-158.404012341) (83.783474936,-106.844758274) (106.254946389,-164.835119785) (84.6227262562,-116.788577274) (87.4338059595,-211.884456563) (87.1696991402,-174.850452805) (86.8173181585,-155.358915274) (85.8533950912,-133.367899503) (85.051414204,-121.968151114) (84.9827936532,-121.089782164) (86.8419013259,-162.405215749) (86.8563674173,-167.175662037) (86.8715162444,-178.101135029) (86.8964960851,-200.173252859) (87.1129894529,-184.048563258) (87.1204993125,-182.425831265) (87.1266100468,-181.310781569) 
(324.0,-216.325791828) (288.0,-98.6912106967) (72.0,2.39750832325) (0.0,-40.4167655258) (180.0,-55.9667787159) (72.630328012,-1.83557092722) (73.1798295476,-5.65835155636) (73.3642188977,-6.95066343861) (73.6550963847,-9.00815431739) (74.4581562115,-14.7832846908) (74.770486638,-17.0711136906) (75.5535990344,-22.8701272398) (75.8118928104,-24.8503586756) (76.3918917015,-29.3671206441) (144.0,-77.9810205377) (76.7448838085,-32.1580213793) (76.8163958295,-32.7301114158) (77.241936385,-36.3606347953) (77.7945770792,-41.1080882131) (77.8147046072,-41.2843688518) (77.8346131394,-41.480421816) (78.6701957717,-49.9113623948) (108.0,-99.2537114033) (82.1352699699,-87.9947601819) (82.8358156773,-95.7479320831) (83.135452072,-99.2422860326) (107.311324181,-120.760580562) (83.6020576895,-104.696530745) (106.366866968,-158.404012341) (83.783474936,-106.844758274) (106.254946389,-164.835119785) (84.6227262562,-116.788577274) (87.4338059595,-211.884456563) (87.1696991402,-174.850452805) (86.8173181585,-155.358915274) (85.8533950912,-133.367899503) (85.051414204,-121.968151114) (84.9827936532,-121.089782164) 
TD 25 :
(324.0,-216.325791828) (288.0,-98.6912106967) (72.0,2.39750832325) (0.0,-40.4167655258) (180.0,-55.9667787159) (72.630328012,-1.83557092722) (73.1798295476,-5.65835155636) (73.3642188977,-6.95066343861) (73.6550963847,-9.00815431739) (74.4581562115,-14.7832846908) (74.770486638,-17.0711136906) (75.5535990344,-22.8701272398) (75.8118928104,-24.8503586756) (76.3918917015,-29.3671206441) (144.0,-77.9810205377) (76.7448838085,-32.1580213793) (76.8163958295,-32.7301114158) (77.241936385,-36.3606347953) (77.7945770792,-41.1080882131) (77.8147046072,-41.2843688518) (77.8346131394,-41.480421816) (78.6701957717,-49.9113623948) (108.0,-99.2537114033) (82.1352699699,-87.9947601819) (82.8358156773,-95.7479320831) (83.135452072,-99.2422860326) (107.311324181,-120.760580562) (83.6020576895,-104.696530745) (106.366866968,-158.404012341) (83.783474936,-106.844758274) (106.254946389,-164.835119785) (84.6227262562,-116.788577274) (87.4338059595,-211.884456563) (87.1696991402,-174.850452805) (86.8173181585,-155.358915274) (85.8533950912,-133.367899503) (85.051414204,-121.968151114) (84.9827936532,-121.089782164) (87.1266100468,-181.310781569) (86.8419013259,-162.405215749) (86.8563674173,-167.175662037) (86.8715162444,-178.101135029) (86.8964960851,-200.173252859) (87.1129894529,-184.048563258) (87.1204993125,-182.425831265) 
TD 26 :
(324.0,-216.325791828) (288.0,-98.6912106967) (72.0,2.39750832325) (0.0,-40.4167655258) (180.0,-55.9667787159) (72.630328012,-1.83557092722) (73.1798295476,-5.65835155636) (73.3642188977,-6.95066343861) (73.6550963847,-9.00815431739) (74.4581562115,-14.7832846908) (74.770486638,-17.0711136906) (75.5535990344,-22.8701272398) (75.8118928104,-24.8503586756) (76.3918917015,-29.3671206441) (144.0,-77.9810205377) (76.7448838085,-32.1580213793) (76.8163958295,-32.7301114158) (77.241936385,-36.3606347953) (77.7945770792,-41.1080882131) (77.8147046072,-41.2843688518) (77.8346131394,-41.480421816) (78.6701957717,-49.9113623948) (108.0,-99.2537114033) (82.1352699699,-87.9947601819) (82.8358156773,-95.7479320831) (83.135452072,-99.2422860326) (107.311324181,-120.760580562) (83.6020576895,-104.696530745) (106.366866968,-158.404012341) (83.783474936,-106.844758274) (106.254946389,-164.835119785) (84.6227262562,-116.788577274) (87.4338059595,-211.884456563) (87.1696991402,-174.850452805) (86.8173181585,-155.358915274) (85.8533950912,-133.367899503) (85.051414204,-121.968151114) (84.9827936532,-121.089782164) (87.1266100468,-181.310781569) (86.8419013259,-162.405215749) (87.1204993125,-182.425831265) (86.8563674173,-167.175662037) (86.8715162444,-178.101135029) (86.8964960851,-200.173252859) (87.1129894529,-184.048563258) 
TD 27 :
(324.0,-216.325791828) (288.0,-98.6912106967) (72.0,2.39750832325) (0.0,-40.4167655258) (180.0,-55.9667787159) (72.630328012,-1.83557092722) (73.1798295476,-5.65835155636) (73.3642188977,-6.95066343861) (73.6550963847,-9.00815431739) (74.4581562115,-14.7832846908) (74.770486638,-17.0711136906) (75.5535990344,-22.8701272398) (75.8118928104,-24.8503586756) (76.3918917015,-29.3671206441) (144.0,-77.9810205377) (76.7448838085,-32.1580213793) (76.8163958295,-32.7301114158) (77.241936385,-36.3606347953) (77.7945770792,-41.1080882131) (77.8147046072,-41.2843688518) (77.8346131394,-41.480421816) (78.6701957717,-49.9113623948) (108.0,-99.2537114033) (82.1352699699,-87.9947601819) (82.8358156773,-95.7479320831) (83.135452072,-99.2422860326) (107.311324181,-120.760580562) (83.6020576895,-104.696530745) (106.366866968,-158.404012341) (83.783474936,-106.844758274) (106.254946389,-164.835119785) (84.6227262562,-116.788577274) (87.4338059595,-211.884456563) (87.1696991402,-174.850452805) (86.8173181585,-155.358915274) (85.8533950912,-133.367899503) (85.051414204,-121.968151114) (84.9827936532,-121.089782164) (87.1266100468,-181.310781569) (86.8419013259,-162.405215749) (87.1204993125,-182.425831265) (86.8563674173,-167.175662037) (87.1129894529,-184.048563258) (86.8715162444,-178.101135029) (86.8964960851,-200.173252859) 
Pocket 0 :
()
Pocket 1 :
({  (0.0,-40.4167655258) ,(6.19490950644,-61.6409882534) } {  (36.0,-47.1304550434) ,(72.0,2.39750832325) } {  (0.0,-40.4167655258) ,(6.19490950644,-61.6409882534) } {  (36.0,-47.1304550434) ,(72.0,2.39750832325) } {  (0.0,-40.4167655258) ,(6.19490950644,-61.6409882534) } {  (36.0,-47.1304550434) ,(72.0,2.39750832325) } )
Pocket 2 :
({  (6.19490950644,-61.6409882534) ,(0.0,-40.4167655258) } {  (73.1798295476,-5.65835155636) ,(72.630328012,-1.83557092722) } {  (73.1798295476,-5.65835155636) ,(72.630328012,-1.83557092722) } {  (73.1798295476,-5.65835155636) ,(72.630328012,-1.83557092722) } {  (289.172150052,-118.090443834) ,(289.1080498,-116.939517198) } {  (289.172150052,-118.090443834) ,(289.1080498,-116.939517198) } )
Pocket 3 :
({  (6.7302535384,-64.3855269045) ,(6.19490950644,-61.6409882534) } {  (73.3642188977,-6.95066343861) ,(73.1798295476,-5.65835155636) } {  (73.3642188977,-6.95066343861) ,(73.1798295476,-5.65835155636) } {  (289.585964149,-125.796374848) ,(289.172150052,-118.090443834) } {  (289.585964149,-125.796374848) ,(289.172150052,-118.090443834) } )
Pocket 4 :
({  (8.03250731406,-74.0200601849) ,(6.7302535384,-64.3855269045) } {  (73.6550963847,-9.00815431739) ,(73.3642188977,-6.95066343861) } {  (73.6550963847,-9.00815431739) ,(73.3642188977,-6.95066343861) } {  (289.836019984,-130.459657292) ,(289.585964149,-125.796374848) } {  (289.836019984,-130.459657292) ,(289.585964149,-125.796374848) } )
Pocket 5 :
({  (10.618805416,-95.1032942119) ,(8.03250731406,-74.0200601849) } {  (324.0,-216.325791828) ,(36.0,-47.1304550434) } {  (10.618805416,-95.1032942119) ,(8.03250731406,-74.0200601849) } {  (324.0,-216.325791828) ,(36.0,-47.1304550434) } {  (74.4581562115,-14.7832846908) ,(73.6550963847,-9.00815431739) } {  (74.4581562115,-14.7832846908) ,(73.6550963847,-9.00815431739) } {  (290.265628071,-138.8143456) ,(289.836019984,-130.459657292) } {  (290.265628071,-138.8143456) ,(289.836019984,-130.459657292) } )
Pocket 6 :
({  (29.3190588214,-75.0554690211) ,(10.618805416,-95.1032942119) } {  (31.8460487033,-61.336553721) ,(31.8357063638,-61.386056044) } {  (29.3190588214,-75.0554690211) ,(10.618805416,-95.1032942119) } {  (31.8460487033,-61.336553721) ,(31.8357063638,-61.386056044) } {  (29.3190588214,-75.0554690211) ,(10.618805416,-95.1032942119) } {  (31.8460487033,-61.336553721) ,(31.8357063638,-61.386056044) } {  (74.770486638,-17.0711136906) ,(74.4581562115,-14.7832846908) } {  (74.770486638,-17.0711136906) ,(74.4581562115,-14.7832846908) } {  (291.040955522,-154.685995279) ,(290.265628071,-138.8143456) } {  (291.040955522,-154.685995279) ,(290.265628071,-138.8143456) } )
Pocket 7 :
({  (74.770486638,-17.0711136906) ,(74.4581562115,-14.7832846908) } {  (291.133945494,-156.63866287) ,(291.040955522,-154.685995279) } {  (291.133945494,-156.63866287) ,(291.040955522,-154.685995279) } )
Pocket 8 :
({  (75.5535990344,-22.8701272398) ,(74.770486638,-17.0711136906) } {  (291.235489311,-158.902211893) ,(291.133945494,-156.63866287) } {  (291.235489311,-158.902211893) ,(291.133945494,-156.63866287) } )
Pocket 9 :
({  (75.8118928104,-24.8503586756) ,(75.5535990344,-22.8701272398) } {  (291.638307156,-168.471350548) ,(291.235489311,-158.902211893) } {  (291.638307156,-168.471350548) ,(291.235489311,-158.902211893) } )
Pocket 10 :
({  (76.3918917015,-29.3671206441) ,(75.8118928104,-24.8503586756) } {  (292.895641502,-209.727747458) ,(291.638307156,-168.471350548) } {  (292.895641502,-209.727747458) ,(291.638307156,-168.471350548) } )
Pocket 11 :
({  (76.7448838085,-32.1580213793) ,(76.3918917015,-29.3671206441) } {  (324.0,-216.325791828) ,(144.0,-77.9810205377) } {  (76.7448838085,-32.1580213793) ,(76.3918917015,-29.3671206441) } {  (324.0,-216.325791828) ,(144.0,-77.9810205377) } {  (292.908167478,-210.171628699) ,(292.895641502,-209.727747458) } {  (292.908167478,-210.171628699) ,(292.895641502,-209.727747458) } )
Pocket 12 :
({  (76.8163958295,-32.7301114158) ,(76.7448838085,-32.1580213793) } {  (294.246801543,-270.596987232) ,(292.908167478,-210.171628699) } {  (294.246801543,-270.596987232) ,(292.908167478,-210.171628699) } )
Pocket 13 :
({  (77.241936385,-36.3606347953) ,(76.8163958295,-32.7301114158) } {  (324.0,-216.325791828) ,(317.099703306,-271.994507607) } )
Pocket 14 :
({  (77.7945770792,-41.1080882131) ,(77.241936385,-36.3606347953) } {  (324.0,-216.325791828) ,(316.936719882,-274.169110272) } )
Pocket 15 :
({  (77.8147046072,-41.2843688518) ,(77.7945770792,-41.1080882131) } {  (324.0,-216.325791828) ,(316.884038482,-274.872646454) } )
Pocket 16 :
({  (77.8346131394,-41.480421816) ,(77.8147046072,-41.2843688518) } {  (324.0,-216.325791828) ,(316.184911353,-284.584522254) } )
Pocket 17 :
({  (78.6701957717,-49.9113623948) ,(77.8346131394,-41.480421816) } {  (294.254955488,-271.26724932) ,(294.246801543,-270.596987232) } {  (294.254955488,-271.26724932) ,(294.246801543,-270.596987232) } )
Pocket 18 :
({  (82.1352699699,-87.9947601819) ,(78.6701957717,-49.9113623948) } {  (324.0,-216.325791828) ,(108.0,-99.2537114033) } {  (82.1352699699,-87.9947601819) ,(78.6701957717,-49.9113623948) } {  (324.0,-216.325791828) ,(108.0,-99.2537114033) } {  (294.28708114,-273.988078601) ,(294.254955488,-271.26724932) } {  (294.28708114,-273.988078601) ,(294.254955488,-271.26724932) } )
Pocket 19 :
({  (82.8358156773,-95.7479320831) ,(82.1352699699,-87.9947601819) } {  (294.779502727,-358.924790847) ,(294.28708114,-273.988078601) } {  (294.779502727,-358.924790847) ,(294.28708114,-273.988078601) } )
Pocket 20 :
({  (83.135452072,-99.2422860326) ,(82.8358156773,-95.7479320831) } {  (324.0,-216.325791828) ,(294.779502727,-358.924790847) } )
Pocket 21 :
({  (83.6020576895,-104.696530745) ,(83.135452072,-99.2422860326) } {  (324.0,-216.325791828) ,(107.311324181,-120.760580562) } {  (83.6020576895,-104.696530745) ,(83.135452072,-99.2422860326) } {  (324.0,-216.325791828) ,(107.311324181,-120.760580562) } )
Pocket 22 :
({  (83.783474936,-106.844758274) ,(83.6020576895,-104.696530745) } {  (324.0,-216.325791828) ,(106.366866968,-158.404012341) } )
Pocket 23 :
({  (84.6227262562,-116.788577274) ,(83.783474936,-106.844758274) } {  (324.0,-216.325791828) ,(106.254946389,-164.835119785) } )
Pocket 24 :
({  (84.9827936532,-121.089782164) ,(84.6227262562,-116.788577274) } {  (85.8533950912,-133.367899503) ,(85.051414204,-121.968151114) } {  (84.9827936532,-121.089782164) ,(84.6227262562,-116.788577274) } {  (85.8533950912,-133.367899503) ,(85.051414204,-121.968151114) } {  (84.9827936532,-121.089782164) ,(84.6227262562,-116.788577274) } {  (85.8533950912,-133.367899503) ,(85.051414204,-121.968151114) } {  (84.9827936532,-121.089782164) ,(84.6227262562,-116.788577274) } {  (85.8533950912,-133.367899503) ,(85.051414204,-121.968151114) } {  (84.9827936532,-121.089782164) ,(84.6227262562,-116.788577274) } {  (85.8533950912,-133.367899503) ,(85.051414204,-121.968151114) } )
Pocket 25 :
({  (86.8419013259,-162.405215749) ,(84.9827936532,-121.089782164) } {  (324.0,-216.325791828) ,(87.1266100468,-181.310781569) } )
Pocket 26 :
({  (86.8563674173,-167.175662037) ,(86.8419013259,-162.405215749) } {  (324.0,-216.325791828) ,(87.1204993125,-182.425831265) } )
