25 layers in onion peeling: 
Layer 1
(324.0,282.346745257) (288.0,312.387464087) (0.0,111.199666304) 
Layer 2
(286.525146085,305.075860864) (252.0,286.452948462) (36.0,87.0147460016) 
Layer 3
(286.35916964,304.216295708) (252.996955982,282.859535754) (72.0,115.874229445) 
Layer 4
(286.274995862,303.745832986) (253.28929538,281.698039155) (72.785249675,96.430697324) 
Layer 5
(286.102224198,302.764004041) (253.805077967,278.958393437) (73.0136220896,90.6690840037) 
Layer 6
(285.981928598,302.068496691) (254.905282555,272.305305575) (73.9870810851,62.2478873469) 
Layer 7
(285.871495164,301.299275889) (255.575057879,268.251898412) (180.0,157.604075376) (75.7833395981,3.4870167696) 
Layer 8
(285.376438447,297.678101397) (251.037487087,255.57717032) (108.0,32.0639779197) (76.9833792267,-40.7700625777) 
Layer 9
(282.923357788,278.915292316) (256.948116207,257.963325062) (104.880835755,17.0926118757) (78.0343437995,-95.5862697397) 
Layer 10
(281.33303806,266.500903377) (250.735260863,244.201126673) (104.6638598,16.0285420101) (104.621873978,15.810533927) (104.282554614,14.0091833795) (103.142024207,7.85567169957) (101.875030019,0.944573953705) (101.401280744,-1.72914387886) (100.930530499,-4.62802360351) (99.5705286329,-13.264104437) (99.2203056289,-15.51366703) (98.2026666521,-22.1998116917) (97.5737577283,-26.3593440242) (96.353326912,-34.7385823186) (95.365536505,-41.8106892896) (95.3539268984,-41.8953359491) (94.6156449241,-47.5305609965) (94.290902707,-50.1835400031) (93.5605942565,-56.3405652308) (93.3309891077,-58.43137469) (93.0013714178,-61.4631761858) (90.5791170105,-84.6779158909) 
Layer 11
(280.955167411,262.370300687) (259.29763955,238.826661311) (250.350178555,227.73722204) (144.0,53.8226010361) 
Layer 12
(280.888131787,256.09894391) (250.31409039,226.034990973) (216.0,141.959819758) 
Layer 13
(280.880453176,255.319380236) (259.737203612,231.331395126) (218.653312272,118.120030922) 
Layer 14
(280.861850652,253.114713807) (249.416656516,181.878457016) (219.405262401,111.096498868) 
Layer 15
(280.853481942,252.026306071) (220.159436893,103.943808158) 
Layer 16
(280.839019982,250.002985384) (221.137998831,94.6494616653) 
Layer 17
(280.83376958,249.120354089) (221.295796816,93.0877997347) 
Layer 18
(280.833497859,249.073329901) (224.418593676,61.9981752046) 
Layer 19
(280.74847246,231.641888337) (279.960563547,239.622202415) (224.964233208,56.4753488779) 
Layer 20
(280.729605138,227.189175211) (279.982761224,238.047467634) (225.681587797,49.0197747281) 
Layer 21
(280.728848331,226.957846377) (279.995282496,237.064878252) (225.805348778,47.6670044986) 
Layer 22
(280.700765911,217.998717193) (280.040086651,233.167086444) (226.092658434,44.5249463823) 
Layer 23
(280.696783283,216.558417555) (280.069281815,230.443820938) (248.227603154,114.790227609) (231.266763124,-18.8582025787) 
Layer 24
(280.68531664,211.739584941) (280.07207966,230.021731997) (247.884084953,73.9473762235) (231.311939695,-19.4817918722) 
Layer 25
(280.126514436,212.008847533) (280.120825128,215.48312769) (280.098110013,222.959070006) (280.078714654,228.430968713) (231.43505949,-21.6799370048) 
---------------------------------------------------------------------------------------
TD 0 :
(324.0,282.346745257) (288.0,312.387464087) (286.525146085,305.075860864) (286.35916964,304.216295708) (286.274995862,303.745832986) (286.102224198,302.764004041) (285.981928598,302.068496691) (285.871495164,301.299275889) (285.376438447,297.678101397) (282.923357788,278.915292316) (281.33303806,266.500903377) (280.955167411,262.370300687) (280.888131787,256.09894391) (280.880453176,255.319380236) (280.861850652,253.114713807) (280.853481942,252.026306071) (280.839019982,250.002985384) (280.83376958,249.120354089) (280.833497859,249.073329901) (280.74847246,231.641888337) (280.729605138,227.189175211) (280.728848331,226.957846377) (280.700765911,217.998717193) (280.696783283,216.558417555) (280.68531664,211.739584941) (280.126514436,212.008847533) (280.120825128,215.48312769) (280.098110013,222.959070006) (280.078714654,228.430968713) (280.07207966,230.021731997) (280.069281815,230.443820938) (280.040086651,233.167086444) (279.995282496,237.064878252) (279.982761224,238.047467634) (279.960563547,239.622202415) (259.737203612,231.331395126) (259.29763955,238.826661311) (256.948116207,257.963325062) (255.575057879,268.251898412) (254.905282555,272.305305575) (253.805077967,278.958393437) (253.28929538,281.698039155) (252.996955982,282.859535754) (252.0,286.452948462) (251.037487087,255.57717032) (250.735260863,244.201126673) (250.350178555,227.73722204) (250.31409039,226.034990973) (249.416656516,181.878457016) (248.227603154,114.790227609) (247.884084953,73.9473762235) (231.610866952,-69.9170399912) (231.485669242,-26.0281240987) (231.43505949,-21.6799370048) (231.311939695,-19.4817918722) (231.266763124,-18.8582025787) (226.092658434,44.5249463823) (225.805348778,47.6670044986) (225.681587797,49.0197747281) (224.964233208,56.4753488779) (224.418593676,61.9981752046) (221.295796816,93.0877997347) (221.137998831,94.6494616653) (220.159436893,103.943808158) (219.405262401,111.096498868) (218.653312272,118.120030922) (216.0,141.959819758) (180.0,157.604075376) (144.0,53.8226010361) (108.0,32.0639779197) (104.880835755,17.0926118757) (104.6638598,16.0285420101) (104.621873978,15.810533927) (104.282554614,14.0091833795) (103.142024207,7.85567169957) (101.875030019,0.944573953705) (101.401280744,-1.72914387886) (100.930530499,-4.62802360351) (99.5705286329,-13.264104437) (99.2203056289,-15.51366703) (98.2026666521,-22.1998116917) (97.5737577283,-26.3593440242) (96.353326912,-34.7385823186) (95.365536505,-41.8106892896) (95.3539268984,-41.8953359491) (94.6156449241,-47.5305609965) (94.290902707,-50.1835400031) (93.5605942565,-56.3405652308) (93.3309891077,-58.43137469) (93.0013714178,-61.4631761858) (90.5791170105,-84.6779158909) (78.0343437995,-95.5862697397) (76.9833792267,-40.7700625777) (75.7833395981,3.4870167696) (73.9870810851,62.2478873469) (73.0136220896,90.6690840037) (72.785249675,96.430697324) (72.0,115.874229445) (36.0,87.0147460016) (0.0,111.199666304) 
TD 1 :
(324.0,282.346745257) (288.0,312.387464087) (0.0,111.199666304) (36.0,87.0147460016) (72.0,115.874229445) (72.785249675,96.430697324) (73.0136220896,90.6690840037) (73.9870810851,62.2478873469) (75.7833395981,3.4870167696) (76.9833792267,-40.7700625777) (78.0343437995,-95.5862697397) (90.5791170105,-84.6779158909) (93.0013714178,-61.4631761858) (93.3309891077,-58.43137469) (93.5605942565,-56.3405652308) (94.290902707,-50.1835400031) (94.6156449241,-47.5305609965) (95.3539268984,-41.8953359491) (95.365536505,-41.8106892896) (96.353326912,-34.7385823186) (97.5737577283,-26.3593440242) (98.2026666521,-22.1998116917) (99.2203056289,-15.51366703) (99.5705286329,-13.264104437) (100.930530499,-4.62802360351) (101.401280744,-1.72914387886) (101.875030019,0.944573953705) (103.142024207,7.85567169957) (104.282554614,14.0091833795) (104.621873978,15.810533927) (104.6638598,16.0285420101) (104.880835755,17.0926118757) (108.0,32.0639779197) (144.0,53.8226010361) (180.0,157.604075376) (216.0,141.959819758) (218.653312272,118.120030922) (219.405262401,111.096498868) (220.159436893,103.943808158) (221.137998831,94.6494616653) (221.295796816,93.0877997347) (224.418593676,61.9981752046) (224.964233208,56.4753488779) (225.681587797,49.0197747281) (225.805348778,47.6670044986) (226.092658434,44.5249463823) (231.266763124,-18.8582025787) (231.311939695,-19.4817918722) (231.43505949,-21.6799370048) (231.485669242,-26.0281240987) (231.610866952,-69.9170399912) (247.884084953,73.9473762235) (248.227603154,114.790227609) (249.416656516,181.878457016) (250.31409039,226.034990973) (250.350178555,227.73722204) (250.735260863,244.201126673) (251.037487087,255.57717032) (252.0,286.452948462) (252.996955982,282.859535754) (253.28929538,281.698039155) (253.805077967,278.958393437) (254.905282555,272.305305575) (255.575057879,268.251898412) (256.948116207,257.963325062) (259.29763955,238.826661311) (259.737203612,231.331395126) (279.960563547,239.622202415) (279.982761224,238.047467634) (279.995282496,237.064878252) (280.040086651,233.167086444) (280.069281815,230.443820938) (280.07207966,230.021731997) (280.078714654,228.430968713) (280.098110013,222.959070006) (280.120825128,215.48312769) (280.126514436,212.008847533) (280.68531664,211.739584941) (280.696783283,216.558417555) (280.700765911,217.998717193) (280.728848331,226.957846377) (280.729605138,227.189175211) (280.74847246,231.641888337) (280.833497859,249.073329901) (280.83376958,249.120354089) (280.839019982,250.002985384) (280.853481942,252.026306071) (280.861850652,253.114713807) (280.880453176,255.319380236) (280.888131787,256.09894391) (280.955167411,262.370300687) (281.33303806,266.500903377) (282.923357788,278.915292316) (285.376438447,297.678101397) (285.871495164,301.299275889) (285.981928598,302.068496691) (286.102224198,302.764004041) (286.274995862,303.745832986) (286.35916964,304.216295708) (286.525146085,305.075860864) 
(324.0,282.346745257) (288.0,312.387464087) (0.0,111.199666304) 
TD 2 :
(324.0,282.346745257) (288.0,312.387464087) (0.0,111.199666304) (286.525146085,305.075860864) (252.0,286.452948462) (36.0,87.0147460016) (72.0,115.874229445) (72.785249675,96.430697324) (73.0136220896,90.6690840037) (73.9870810851,62.2478873469) (75.7833395981,3.4870167696) (76.9833792267,-40.7700625777) (78.0343437995,-95.5862697397) (90.5791170105,-84.6779158909) (93.0013714178,-61.4631761858) (93.3309891077,-58.43137469) (93.5605942565,-56.3405652308) (94.290902707,-50.1835400031) (94.6156449241,-47.5305609965) (95.3539268984,-41.8953359491) (95.365536505,-41.8106892896) (96.353326912,-34.7385823186) (97.5737577283,-26.3593440242) (98.2026666521,-22.1998116917) (99.2203056289,-15.51366703) (99.5705286329,-13.264104437) (100.930530499,-4.62802360351) (101.401280744,-1.72914387886) (101.875030019,0.944573953705) (103.142024207,7.85567169957) (104.282554614,14.0091833795) (104.621873978,15.810533927) (104.6638598,16.0285420101) (104.880835755,17.0926118757) (108.0,32.0639779197) (144.0,53.8226010361) (180.0,157.604075376) (216.0,141.959819758) (218.653312272,118.120030922) (219.405262401,111.096498868) (220.159436893,103.943808158) (221.137998831,94.6494616653) (221.295796816,93.0877997347) (224.418593676,61.9981752046) (224.964233208,56.4753488779) (225.681587797,49.0197747281) (225.805348778,47.6670044986) (226.092658434,44.5249463823) (231.266763124,-18.8582025787) (231.311939695,-19.4817918722) (231.43505949,-21.6799370048) (231.485669242,-26.0281240987) (231.610866952,-69.9170399912) (247.884084953,73.9473762235) (248.227603154,114.790227609) (249.416656516,181.878457016) (250.31409039,226.034990973) (250.350178555,227.73722204) (250.735260863,244.201126673) (251.037487087,255.57717032) 
(324.0,282.346745257) (288.0,312.387464087) (0.0,111.199666304) (286.525146085,305.075860864) (252.0,286.452948462) (36.0,87.0147460016) (252.996955982,282.859535754) (253.28929538,281.698039155) (253.805077967,278.958393437) (254.905282555,272.305305575) (255.575057879,268.251898412) (256.948116207,257.963325062) (259.29763955,238.826661311) (259.737203612,231.331395126) (279.960563547,239.622202415) (279.982761224,238.047467634) (279.995282496,237.064878252) (280.040086651,233.167086444) (280.069281815,230.443820938) (280.07207966,230.021731997) (280.078714654,228.430968713) (280.098110013,222.959070006) (280.120825128,215.48312769) (280.126514436,212.008847533) (280.68531664,211.739584941) (280.696783283,216.558417555) (280.700765911,217.998717193) (280.728848331,226.957846377) (280.729605138,227.189175211) (280.74847246,231.641888337) (280.833497859,249.073329901) (280.83376958,249.120354089) (280.839019982,250.002985384) (280.853481942,252.026306071) (280.861850652,253.114713807) (280.880453176,255.319380236) (280.888131787,256.09894391) (280.955167411,262.370300687) (281.33303806,266.500903377) (282.923357788,278.915292316) (285.376438447,297.678101397) (285.871495164,301.299275889) (285.981928598,302.068496691) (286.102224198,302.764004041) (286.274995862,303.745832986) (286.35916964,304.216295708) 
TD 3 :
(324.0,282.346745257) (288.0,312.387464087) (0.0,111.199666304) (286.525146085,305.075860864) (252.0,286.452948462) (36.0,87.0147460016) (72.0,115.874229445) (72.785249675,96.430697324) (73.0136220896,90.6690840037) (73.9870810851,62.2478873469) (75.7833395981,3.4870167696) (76.9833792267,-40.7700625777) (78.0343437995,-95.5862697397) (90.5791170105,-84.6779158909) (93.0013714178,-61.4631761858) (93.3309891077,-58.43137469) (93.5605942565,-56.3405652308) (94.290902707,-50.1835400031) (94.6156449241,-47.5305609965) (95.3539268984,-41.8953359491) (95.365536505,-41.8106892896) (96.353326912,-34.7385823186) (97.5737577283,-26.3593440242) (98.2026666521,-22.1998116917) (99.2203056289,-15.51366703) (99.5705286329,-13.264104437) (100.930530499,-4.62802360351) (101.401280744,-1.72914387886) (101.875030019,0.944573953705) (103.142024207,7.85567169957) (104.282554614,14.0091833795) (104.621873978,15.810533927) (104.6638598,16.0285420101) (104.880835755,17.0926118757) (108.0,32.0639779197) (144.0,53.8226010361) (180.0,157.604075376) (216.0,141.959819758) (218.653312272,118.120030922) (219.405262401,111.096498868) (220.159436893,103.943808158) (221.137998831,94.6494616653) (221.295796816,93.0877997347) (224.418593676,61.9981752046) (224.964233208,56.4753488779) (225.681587797,49.0197747281) (225.805348778,47.6670044986) (226.092658434,44.5249463823) (231.266763124,-18.8582025787) (231.311939695,-19.4817918722) (231.43505949,-21.6799370048) (231.485669242,-26.0281240987) (231.610866952,-69.9170399912) (247.884084953,73.9473762235) (248.227603154,114.790227609) (249.416656516,181.878457016) (250.31409039,226.034990973) (250.350178555,227.73722204) (250.735260863,244.201126673) (251.037487087,255.57717032) 
(324.0,282.346745257) (288.0,312.387464087) (0.0,111.199666304) (286.525146085,305.075860864) (252.0,286.452948462) (36.0,87.0147460016) (286.35916964,304.216295708) (252.996955982,282.859535754) 
(324.0,282.346745257) (288.0,312.387464087) (0.0,111.199666304) (286.525146085,305.075860864) (252.0,286.452948462) (36.0,87.0147460016) (286.35916964,304.216295708) (252.996955982,282.859535754) (253.28929538,281.698039155) (253.805077967,278.958393437) (254.905282555,272.305305575) (255.575057879,268.251898412) (256.948116207,257.963325062) (259.29763955,238.826661311) (259.737203612,231.331395126) (279.960563547,239.622202415) (279.982761224,238.047467634) (279.995282496,237.064878252) (280.040086651,233.167086444) (280.069281815,230.443820938) (280.07207966,230.021731997) (280.078714654,228.430968713) (280.098110013,222.959070006) (280.120825128,215.48312769) (280.126514436,212.008847533) (280.68531664,211.739584941) (280.696783283,216.558417555) (280.700765911,217.998717193) (280.728848331,226.957846377) (280.729605138,227.189175211) (280.74847246,231.641888337) (280.833497859,249.073329901) (280.83376958,249.120354089) (280.839019982,250.002985384) (280.853481942,252.026306071) (280.861850652,253.114713807) (280.880453176,255.319380236) (280.888131787,256.09894391) (280.955167411,262.370300687) (281.33303806,266.500903377) (282.923357788,278.915292316) (285.376438447,297.678101397) (285.871495164,301.299275889) (285.981928598,302.068496691) (286.102224198,302.764004041) (286.274995862,303.745832986) 
TD 4 :
(324.0,282.346745257) (288.0,312.387464087) (0.0,111.199666304) (286.525146085,305.075860864) (252.0,286.452948462) (36.0,87.0147460016) (72.0,115.874229445) (72.785249675,96.430697324) (73.0136220896,90.6690840037) (73.9870810851,62.2478873469) (75.7833395981,3.4870167696) (76.9833792267,-40.7700625777) (78.0343437995,-95.5862697397) (90.5791170105,-84.6779158909) (93.0013714178,-61.4631761858) (93.3309891077,-58.43137469) (93.5605942565,-56.3405652308) (94.290902707,-50.1835400031) (94.6156449241,-47.5305609965) (95.3539268984,-41.8953359491) (95.365536505,-41.8106892896) (96.353326912,-34.7385823186) (97.5737577283,-26.3593440242) (98.2026666521,-22.1998116917) (99.2203056289,-15.51366703) (99.5705286329,-13.264104437) (100.930530499,-4.62802360351) (101.401280744,-1.72914387886) (101.875030019,0.944573953705) (103.142024207,7.85567169957) (104.282554614,14.0091833795) (104.621873978,15.810533927) (104.6638598,16.0285420101) (104.880835755,17.0926118757) (108.0,32.0639779197) (144.0,53.8226010361) (180.0,157.604075376) (216.0,141.959819758) (218.653312272,118.120030922) (219.405262401,111.096498868) (220.159436893,103.943808158) (221.137998831,94.6494616653) (221.295796816,93.0877997347) (224.418593676,61.9981752046) (224.964233208,56.4753488779) (225.681587797,49.0197747281) (225.805348778,47.6670044986) (226.092658434,44.5249463823) (231.266763124,-18.8582025787) (231.311939695,-19.4817918722) (231.43505949,-21.6799370048) (231.485669242,-26.0281240987) (231.610866952,-69.9170399912) (247.884084953,73.9473762235) (248.227603154,114.790227609) (249.416656516,181.878457016) (250.31409039,226.034990973) (250.350178555,227.73722204) (250.735260863,244.201126673) (251.037487087,255.57717032) 
(324.0,282.346745257) (288.0,312.387464087) (0.0,111.199666304) (286.525146085,305.075860864) (252.0,286.452948462) (36.0,87.0147460016) (286.35916964,304.216295708) (252.996955982,282.859535754) (286.274995862,303.745832986) (253.28929538,281.698039155) 
(324.0,282.346745257) (288.0,312.387464087) (0.0,111.199666304) (286.525146085,305.075860864) (252.0,286.452948462) (36.0,87.0147460016) (286.35916964,304.216295708) (252.996955982,282.859535754) (286.274995862,303.745832986) (253.28929538,281.698039155) (253.805077967,278.958393437) (254.905282555,272.305305575) (255.575057879,268.251898412) (256.948116207,257.963325062) (259.29763955,238.826661311) (259.737203612,231.331395126) (279.960563547,239.622202415) (279.982761224,238.047467634) (279.995282496,237.064878252) (280.040086651,233.167086444) (280.069281815,230.443820938) (280.07207966,230.021731997) (280.078714654,228.430968713) (280.098110013,222.959070006) (280.120825128,215.48312769) (280.126514436,212.008847533) (280.68531664,211.739584941) (280.696783283,216.558417555) (280.700765911,217.998717193) (280.728848331,226.957846377) (280.729605138,227.189175211) (280.74847246,231.641888337) (280.833497859,249.073329901) (280.83376958,249.120354089) (280.839019982,250.002985384) (280.853481942,252.026306071) (280.861850652,253.114713807) (280.880453176,255.319380236) (280.888131787,256.09894391) (280.955167411,262.370300687) (281.33303806,266.500903377) (282.923357788,278.915292316) (285.376438447,297.678101397) (285.871495164,301.299275889) (285.981928598,302.068496691) (286.102224198,302.764004041) 
TD 5 :
(324.0,282.346745257) (288.0,312.387464087) (0.0,111.199666304) (286.525146085,305.075860864) (252.0,286.452948462) (36.0,87.0147460016) (72.0,115.874229445) (72.785249675,96.430697324) (73.0136220896,90.6690840037) (73.9870810851,62.2478873469) (75.7833395981,3.4870167696) (76.9833792267,-40.7700625777) (78.0343437995,-95.5862697397) (90.5791170105,-84.6779158909) (93.0013714178,-61.4631761858) (93.3309891077,-58.43137469) (93.5605942565,-56.3405652308) (94.290902707,-50.1835400031) (94.6156449241,-47.5305609965) (95.3539268984,-41.8953359491) (95.365536505,-41.8106892896) (96.353326912,-34.7385823186) (97.5737577283,-26.3593440242) (98.2026666521,-22.1998116917) (99.2203056289,-15.51366703) (99.5705286329,-13.264104437) (100.930530499,-4.62802360351) (101.401280744,-1.72914387886) (101.875030019,0.944573953705) (103.142024207,7.85567169957) (104.282554614,14.0091833795) (104.621873978,15.810533927) (104.6638598,16.0285420101) (104.880835755,17.0926118757) (108.0,32.0639779197) (144.0,53.8226010361) (180.0,157.604075376) (216.0,141.959819758) (218.653312272,118.120030922) (219.405262401,111.096498868) (220.159436893,103.943808158) (221.137998831,94.6494616653) (221.295796816,93.0877997347) (224.418593676,61.9981752046) (224.964233208,56.4753488779) (225.681587797,49.0197747281) (225.805348778,47.6670044986) (226.092658434,44.5249463823) (231.266763124,-18.8582025787) (231.311939695,-19.4817918722) (231.43505949,-21.6799370048) (231.485669242,-26.0281240987) (231.610866952,-69.9170399912) (247.884084953,73.9473762235) (248.227603154,114.790227609) (249.416656516,181.878457016) (250.31409039,226.034990973) (250.350178555,227.73722204) (250.735260863,244.201126673) (251.037487087,255.57717032) 
(324.0,282.346745257) (288.0,312.387464087) (0.0,111.199666304) (286.525146085,305.075860864) (252.0,286.452948462) (36.0,87.0147460016) (286.35916964,304.216295708) (252.996955982,282.859535754) (286.274995862,303.745832986) (253.28929538,281.698039155) (286.102224198,302.764004041) (253.805077967,278.958393437) 
(324.0,282.346745257) (288.0,312.387464087) (0.0,111.199666304) (286.525146085,305.075860864) (252.0,286.452948462) (36.0,87.0147460016) (286.35916964,304.216295708) (252.996955982,282.859535754) (286.274995862,303.745832986) (253.28929538,281.698039155) (286.102224198,302.764004041) (253.805077967,278.958393437) (254.905282555,272.305305575) (255.575057879,268.251898412) (256.948116207,257.963325062) (259.29763955,238.826661311) (259.737203612,231.331395126) (279.960563547,239.622202415) (279.982761224,238.047467634) (279.995282496,237.064878252) (280.040086651,233.167086444) (280.069281815,230.443820938) (280.07207966,230.021731997) (280.078714654,228.430968713) (280.098110013,222.959070006) (280.120825128,215.48312769) (280.126514436,212.008847533) (280.68531664,211.739584941) (280.696783283,216.558417555) (280.700765911,217.998717193) (280.728848331,226.957846377) (280.729605138,227.189175211) (280.74847246,231.641888337) (280.833497859,249.073329901) (280.83376958,249.120354089) (280.839019982,250.002985384) (280.853481942,252.026306071) (280.861850652,253.114713807) (280.880453176,255.319380236) (280.888131787,256.09894391) (280.955167411,262.370300687) (281.33303806,266.500903377) (282.923357788,278.915292316) (285.376438447,297.678101397) (285.871495164,301.299275889) (285.981928598,302.068496691) 
TD 6 :
(324.0,282.346745257) (288.0,312.387464087) (0.0,111.199666304) (286.525146085,305.075860864) (252.0,286.452948462) (36.0,87.0147460016) (72.0,115.874229445) (72.785249675,96.430697324) (73.0136220896,90.6690840037) (73.9870810851,62.2478873469) (75.7833395981,3.4870167696) (76.9833792267,-40.7700625777) (78.0343437995,-95.5862697397) (90.5791170105,-84.6779158909) (93.0013714178,-61.4631761858) (93.3309891077,-58.43137469) (93.5605942565,-56.3405652308) (94.290902707,-50.1835400031) (94.6156449241,-47.5305609965) (95.3539268984,-41.8953359491) (95.365536505,-41.8106892896) (96.353326912,-34.7385823186) (97.5737577283,-26.3593440242) (98.2026666521,-22.1998116917) (99.2203056289,-15.51366703) (99.5705286329,-13.264104437) (100.930530499,-4.62802360351) (101.401280744,-1.72914387886) (101.875030019,0.944573953705) (103.142024207,7.85567169957) (104.282554614,14.0091833795) (104.621873978,15.810533927) (104.6638598,16.0285420101) (104.880835755,17.0926118757) (108.0,32.0639779197) (144.0,53.8226010361) (180.0,157.604075376) (216.0,141.959819758) (218.653312272,118.120030922) (219.405262401,111.096498868) (220.159436893,103.943808158) (221.137998831,94.6494616653) (221.295796816,93.0877997347) (224.418593676,61.9981752046) (224.964233208,56.4753488779) (225.681587797,49.0197747281) (225.805348778,47.6670044986) (226.092658434,44.5249463823) (231.266763124,-18.8582025787) (231.311939695,-19.4817918722) (231.43505949,-21.6799370048) (231.485669242,-26.0281240987) (231.610866952,-69.9170399912) (247.884084953,73.9473762235) (248.227603154,114.790227609) (249.416656516,181.878457016) (250.31409039,226.034990973) (250.350178555,227.73722204) (250.735260863,244.201126673) (251.037487087,255.57717032) 
(324.0,282.346745257) (288.0,312.387464087) (0.0,111.199666304) (286.525146085,305.075860864) (252.0,286.452948462) (36.0,87.0147460016) (286.35916964,304.216295708) (252.996955982,282.859535754) (286.274995862,303.745832986) (253.28929538,281.698039155) (286.102224198,302.764004041) (253.805077967,278.958393437) (285.981928598,302.068496691) (254.905282555,272.305305575) 
(324.0,282.346745257) (288.0,312.387464087) (0.0,111.199666304) (286.525146085,305.075860864) (252.0,286.452948462) (36.0,87.0147460016) (286.35916964,304.216295708) (252.996955982,282.859535754) (286.274995862,303.745832986) (253.28929538,281.698039155) (286.102224198,302.764004041) (253.805077967,278.958393437) (285.981928598,302.068496691) (254.905282555,272.305305575) (255.575057879,268.251898412) (256.948116207,257.963325062) (259.29763955,238.826661311) (259.737203612,231.331395126) (279.960563547,239.622202415) (279.982761224,238.047467634) (279.995282496,237.064878252) (280.040086651,233.167086444) (280.069281815,230.443820938) (280.07207966,230.021731997) (280.078714654,228.430968713) (280.098110013,222.959070006) (280.120825128,215.48312769) (280.126514436,212.008847533) (280.68531664,211.739584941) (280.696783283,216.558417555) (280.700765911,217.998717193) (280.728848331,226.957846377) (280.729605138,227.189175211) (280.74847246,231.641888337) (280.833497859,249.073329901) (280.83376958,249.120354089) (280.839019982,250.002985384) (280.853481942,252.026306071) (280.861850652,253.114713807) (280.880453176,255.319380236) (280.888131787,256.09894391) (280.955167411,262.370300687) (281.33303806,266.500903377) (282.923357788,278.915292316) (285.376438447,297.678101397) (285.871495164,301.299275889) 
TD 7 :
(324.0,282.346745257) (288.0,312.387464087) (0.0,111.199666304) (286.525146085,305.075860864) (252.0,286.452948462) (36.0,87.0147460016) (72.0,115.874229445) (72.785249675,96.430697324) (73.0136220896,90.6690840037) (73.9870810851,62.2478873469) (180.0,157.604075376) (75.7833395981,3.4870167696) (76.9833792267,-40.7700625777) (78.0343437995,-95.5862697397) (90.5791170105,-84.6779158909) (93.0013714178,-61.4631761858) (93.3309891077,-58.43137469) (93.5605942565,-56.3405652308) (94.290902707,-50.1835400031) (94.6156449241,-47.5305609965) (95.3539268984,-41.8953359491) (95.365536505,-41.8106892896) (96.353326912,-34.7385823186) (97.5737577283,-26.3593440242) (98.2026666521,-22.1998116917) (99.2203056289,-15.51366703) (99.5705286329,-13.264104437) (100.930530499,-4.62802360351) (101.401280744,-1.72914387886) (101.875030019,0.944573953705) (103.142024207,7.85567169957) (104.282554614,14.0091833795) (104.621873978,15.810533927) (104.6638598,16.0285420101) (104.880835755,17.0926118757) (108.0,32.0639779197) (144.0,53.8226010361) 
(324.0,282.346745257) (288.0,312.387464087) (0.0,111.199666304) (286.525146085,305.075860864) (252.0,286.452948462) (36.0,87.0147460016) (72.0,115.874229445) (72.785249675,96.430697324) (73.0136220896,90.6690840037) (73.9870810851,62.2478873469) (180.0,157.604075376) (75.7833395981,3.4870167696) (216.0,141.959819758) (218.653312272,118.120030922) (219.405262401,111.096498868) (220.159436893,103.943808158) (221.137998831,94.6494616653) (221.295796816,93.0877997347) (224.418593676,61.9981752046) (224.964233208,56.4753488779) (225.681587797,49.0197747281) (225.805348778,47.6670044986) (226.092658434,44.5249463823) (231.266763124,-18.8582025787) (231.311939695,-19.4817918722) (231.43505949,-21.6799370048) (231.485669242,-26.0281240987) (231.610866952,-69.9170399912) (247.884084953,73.9473762235) (248.227603154,114.790227609) (249.416656516,181.878457016) (250.31409039,226.034990973) (250.350178555,227.73722204) (250.735260863,244.201126673) (251.037487087,255.57717032) 
(324.0,282.346745257) (288.0,312.387464087) (0.0,111.199666304) (286.525146085,305.075860864) (252.0,286.452948462) (36.0,87.0147460016) (286.35916964,304.216295708) (252.996955982,282.859535754) (286.274995862,303.745832986) (253.28929538,281.698039155) (286.102224198,302.764004041) (253.805077967,278.958393437) (285.981928598,302.068496691) (254.905282555,272.305305575) (285.871495164,301.299275889) (255.575057879,268.251898412) 
(324.0,282.346745257) (288.0,312.387464087) (0.0,111.199666304) (286.525146085,305.075860864) (252.0,286.452948462) (36.0,87.0147460016) (286.35916964,304.216295708) (252.996955982,282.859535754) (286.274995862,303.745832986) (253.28929538,281.698039155) (286.102224198,302.764004041) (253.805077967,278.958393437) (285.981928598,302.068496691) (254.905282555,272.305305575) (285.871495164,301.299275889) (255.575057879,268.251898412) (256.948116207,257.963325062) (259.29763955,238.826661311) (259.737203612,231.331395126) (279.960563547,239.622202415) (279.982761224,238.047467634) (279.995282496,237.064878252) (280.040086651,233.167086444) (280.069281815,230.443820938) (280.07207966,230.021731997) (280.078714654,228.430968713) (280.098110013,222.959070006) (280.120825128,215.48312769) (280.126514436,212.008847533) (280.68531664,211.739584941) (280.696783283,216.558417555) (280.700765911,217.998717193) (280.728848331,226.957846377) (280.729605138,227.189175211) (280.74847246,231.641888337) (280.833497859,249.073329901) (280.83376958,249.120354089) (280.839019982,250.002985384) (280.853481942,252.026306071) (280.861850652,253.114713807) (280.880453176,255.319380236) (280.888131787,256.09894391) (280.955167411,262.370300687) (281.33303806,266.500903377) (282.923357788,278.915292316) (285.376438447,297.678101397) 
TD 8 :
(324.0,282.346745257) (288.0,312.387464087) (0.0,111.199666304) (286.525146085,305.075860864) (252.0,286.452948462) (36.0,87.0147460016) (72.0,115.874229445) (72.785249675,96.430697324) (73.0136220896,90.6690840037) (73.9870810851,62.2478873469) (180.0,157.604075376) (75.7833395981,3.4870167696) (108.0,32.0639779197) (76.9833792267,-40.7700625777) (78.0343437995,-95.5862697397) (90.5791170105,-84.6779158909) (93.0013714178,-61.4631761858) (93.3309891077,-58.43137469) (93.5605942565,-56.3405652308) (94.290902707,-50.1835400031) (94.6156449241,-47.5305609965) (95.3539268984,-41.8953359491) (95.365536505,-41.8106892896) (96.353326912,-34.7385823186) (97.5737577283,-26.3593440242) (98.2026666521,-22.1998116917) (99.2203056289,-15.51366703) (99.5705286329,-13.264104437) (100.930530499,-4.62802360351) (101.401280744,-1.72914387886) (101.875030019,0.944573953705) (103.142024207,7.85567169957) (104.282554614,14.0091833795) (104.621873978,15.810533927) (104.6638598,16.0285420101) (104.880835755,17.0926118757) 
(324.0,282.346745257) (288.0,312.387464087) (0.0,111.199666304) (286.525146085,305.075860864) (252.0,286.452948462) (36.0,87.0147460016) (72.0,115.874229445) (72.785249675,96.430697324) (73.0136220896,90.6690840037) (73.9870810851,62.2478873469) (180.0,157.604075376) (75.7833395981,3.4870167696) (108.0,32.0639779197) (76.9833792267,-40.7700625777) (144.0,53.8226010361) 
(324.0,282.346745257) (288.0,312.387464087) (0.0,111.199666304) (286.525146085,305.075860864) (252.0,286.452948462) (36.0,87.0147460016) (72.0,115.874229445) (72.785249675,96.430697324) (73.0136220896,90.6690840037) (73.9870810851,62.2478873469) (180.0,157.604075376) (75.7833395981,3.4870167696) (251.037487087,255.57717032) (216.0,141.959819758) (218.653312272,118.120030922) (219.405262401,111.096498868) (220.159436893,103.943808158) (221.137998831,94.6494616653) (221.295796816,93.0877997347) (224.418593676,61.9981752046) (224.964233208,56.4753488779) (225.681587797,49.0197747281) (225.805348778,47.6670044986) (226.092658434,44.5249463823) (231.266763124,-18.8582025787) (231.311939695,-19.4817918722) (231.43505949,-21.6799370048) (231.485669242,-26.0281240987) (231.610866952,-69.9170399912) (247.884084953,73.9473762235) (248.227603154,114.790227609) (249.416656516,181.878457016) (250.31409039,226.034990973) (250.350178555,227.73722204) (250.735260863,244.201126673) 
(324.0,282.346745257) (288.0,312.387464087) (0.0,111.199666304) (286.525146085,305.075860864) (252.0,286.452948462) (36.0,87.0147460016) (72.0,115.874229445) (72.785249675,96.430697324) (73.0136220896,90.6690840037) (73.9870810851,62.2478873469) (180.0,157.604075376) (75.7833395981,3.4870167696) (251.037487087,255.57717032) 
(324.0,282.346745257) (288.0,312.387464087) (0.0,111.199666304) (286.525146085,305.075860864) (252.0,286.452948462) (36.0,87.0147460016) (286.35916964,304.216295708) (252.996955982,282.859535754) (286.274995862,303.745832986) (253.28929538,281.698039155) (286.102224198,302.764004041) (253.805077967,278.958393437) (285.981928598,302.068496691) (254.905282555,272.305305575) (285.871495164,301.299275889) (255.575057879,268.251898412) (285.376438447,297.678101397) (256.948116207,257.963325062) (259.29763955,238.826661311) (259.737203612,231.331395126) (279.960563547,239.622202415) (279.982761224,238.047467634) (279.995282496,237.064878252) (280.040086651,233.167086444) (280.069281815,230.443820938) (280.07207966,230.021731997) (280.078714654,228.430968713) (280.098110013,222.959070006) (280.120825128,215.48312769) (280.126514436,212.008847533) (280.68531664,211.739584941) (280.696783283,216.558417555) (280.700765911,217.998717193) (280.728848331,226.957846377) (280.729605138,227.189175211) (280.74847246,231.641888337) (280.833497859,249.073329901) (280.83376958,249.120354089) (280.839019982,250.002985384) (280.853481942,252.026306071) (280.861850652,253.114713807) (280.880453176,255.319380236) (280.888131787,256.09894391) (280.955167411,262.370300687) (281.33303806,266.500903377) (282.923357788,278.915292316) 
TD 9 :
(324.0,282.346745257) (288.0,312.387464087) (0.0,111.199666304) (286.525146085,305.075860864) (252.0,286.452948462) (36.0,87.0147460016) (72.0,115.874229445) (72.785249675,96.430697324) (73.0136220896,90.6690840037) (73.9870810851,62.2478873469) (180.0,157.604075376) (75.7833395981,3.4870167696) (108.0,32.0639779197) (76.9833792267,-40.7700625777) (104.880835755,17.0926118757) (78.0343437995,-95.5862697397) (90.5791170105,-84.6779158909) (93.0013714178,-61.4631761858) (93.3309891077,-58.43137469) (93.5605942565,-56.3405652308) (94.290902707,-50.1835400031) (94.6156449241,-47.5305609965) (95.3539268984,-41.8953359491) (95.365536505,-41.8106892896) (96.353326912,-34.7385823186) (97.5737577283,-26.3593440242) (98.2026666521,-22.1998116917) (99.2203056289,-15.51366703) (99.5705286329,-13.264104437) (100.930530499,-4.62802360351) (101.401280744,-1.72914387886) (101.875030019,0.944573953705) (103.142024207,7.85567169957) (104.282554614,14.0091833795) (104.621873978,15.810533927) (104.6638598,16.0285420101) 
(324.0,282.346745257) (288.0,312.387464087) (0.0,111.199666304) (286.525146085,305.075860864) (252.0,286.452948462) (36.0,87.0147460016) (72.0,115.874229445) (72.785249675,96.430697324) (73.0136220896,90.6690840037) (73.9870810851,62.2478873469) (180.0,157.604075376) (75.7833395981,3.4870167696) (108.0,32.0639779197) (76.9833792267,-40.7700625777) (104.880835755,17.0926118757) (78.0343437995,-95.5862697397) 
(324.0,282.346745257) (288.0,312.387464087) (0.0,111.199666304) (286.525146085,305.075860864) (252.0,286.452948462) (36.0,87.0147460016) (286.35916964,304.216295708) (252.996955982,282.859535754) (286.274995862,303.745832986) (253.28929538,281.698039155) (286.102224198,302.764004041) (253.805077967,278.958393437) (285.981928598,302.068496691) (254.905282555,272.305305575) (285.871495164,301.299275889) (255.575057879,268.251898412) (285.376438447,297.678101397) (282.923357788,278.915292316) (256.948116207,257.963325062) 
(324.0,282.346745257) (288.0,312.387464087) (0.0,111.199666304) (286.525146085,305.075860864) (252.0,286.452948462) (36.0,87.0147460016) (286.35916964,304.216295708) (252.996955982,282.859535754) (286.274995862,303.745832986) (253.28929538,281.698039155) (286.102224198,302.764004041) (253.805077967,278.958393437) (285.981928598,302.068496691) (254.905282555,272.305305575) (285.871495164,301.299275889) (255.575057879,268.251898412) (285.376438447,297.678101397) (282.923357788,278.915292316) (256.948116207,257.963325062) (259.29763955,238.826661311) (259.737203612,231.331395126) (279.960563547,239.622202415) (279.982761224,238.047467634) (279.995282496,237.064878252) (280.040086651,233.167086444) (280.069281815,230.443820938) (280.07207966,230.021731997) (280.078714654,228.430968713) (280.098110013,222.959070006) (280.120825128,215.48312769) (280.126514436,212.008847533) (280.68531664,211.739584941) (280.696783283,216.558417555) (280.700765911,217.998717193) (280.728848331,226.957846377) (280.729605138,227.189175211) (280.74847246,231.641888337) (280.833497859,249.073329901) (280.83376958,249.120354089) (280.839019982,250.002985384) (280.853481942,252.026306071) (280.861850652,253.114713807) (280.880453176,255.319380236) (280.888131787,256.09894391) (280.955167411,262.370300687) (281.33303806,266.500903377) 
TD 10 :
(324.0,282.346745257) (288.0,312.387464087) (0.0,111.199666304) (286.525146085,305.075860864) (252.0,286.452948462) (36.0,87.0147460016) (72.0,115.874229445) (72.785249675,96.430697324) (73.0136220896,90.6690840037) (73.9870810851,62.2478873469) (180.0,157.604075376) (75.7833395981,3.4870167696) (108.0,32.0639779197) (76.9833792267,-40.7700625777) (104.880835755,17.0926118757) (78.0343437995,-95.5862697397) (104.6638598,16.0285420101) (104.621873978,15.810533927) (104.282554614,14.0091833795) (103.142024207,7.85567169957) (101.875030019,0.944573953705) (101.401280744,-1.72914387886) (100.930530499,-4.62802360351) (99.5705286329,-13.264104437) (99.2203056289,-15.51366703) (98.2026666521,-22.1998116917) (97.5737577283,-26.3593440242) (96.353326912,-34.7385823186) (95.365536505,-41.8106892896) (95.3539268984,-41.8953359491) (94.6156449241,-47.5305609965) (94.290902707,-50.1835400031) (93.5605942565,-56.3405652308) (93.3309891077,-58.43137469) (93.0013714178,-61.4631761858) (90.5791170105,-84.6779158909) 
(324.0,282.346745257) (288.0,312.387464087) (0.0,111.199666304) (286.525146085,305.075860864) (252.0,286.452948462) (36.0,87.0147460016) (72.0,115.874229445) (72.785249675,96.430697324) (73.0136220896,90.6690840037) (73.9870810851,62.2478873469) (180.0,157.604075376) (75.7833395981,3.4870167696) (108.0,32.0639779197) (76.9833792267,-40.7700625777) (104.880835755,17.0926118757) (78.0343437995,-95.5862697397) (104.6638598,16.0285420101) (104.621873978,15.810533927) (104.282554614,14.0091833795) (103.142024207,7.85567169957) (101.875030019,0.944573953705) (101.401280744,-1.72914387886) (100.930530499,-4.62802360351) (99.5705286329,-13.264104437) (99.2203056289,-15.51366703) (98.2026666521,-22.1998116917) (97.5737577283,-26.3593440242) (96.353326912,-34.7385823186) (95.365536505,-41.8106892896) (95.3539268984,-41.8953359491) (94.6156449241,-47.5305609965) (94.290902707,-50.1835400031) (93.5605942565,-56.3405652308) (93.3309891077,-58.43137469) (93.0013714178,-61.4631761858) (90.5791170105,-84.6779158909) 
(324.0,282.346745257) (288.0,312.387464087) (0.0,111.199666304) (286.525146085,305.075860864) (252.0,286.452948462) (36.0,87.0147460016) (72.0,115.874229445) (72.785249675,96.430697324) (73.0136220896,90.6690840037) (73.9870810851,62.2478873469) (180.0,157.604075376) (75.7833395981,3.4870167696) (108.0,32.0639779197) (76.9833792267,-40.7700625777) (104.880835755,17.0926118757) (78.0343437995,-95.5862697397) (104.6638598,16.0285420101) (104.621873978,15.810533927) (104.282554614,14.0091833795) (103.142024207,7.85567169957) (101.875030019,0.944573953705) (101.401280744,-1.72914387886) (100.930530499,-4.62802360351) (99.5705286329,-13.264104437) (99.2203056289,-15.51366703) (98.2026666521,-22.1998116917) (97.5737577283,-26.3593440242) (96.353326912,-34.7385823186) (95.365536505,-41.8106892896) (95.3539268984,-41.8953359491) (94.6156449241,-47.5305609965) (94.290902707,-50.1835400031) (93.5605942565,-56.3405652308) (93.3309891077,-58.43137469) (93.0013714178,-61.4631761858) (90.5791170105,-84.6779158909) 
(324.0,282.346745257) (288.0,312.387464087) (0.0,111.199666304) (286.525146085,305.075860864) (252.0,286.452948462) (36.0,87.0147460016) (72.0,115.874229445) (72.785249675,96.430697324) (73.0136220896,90.6690840037) (73.9870810851,62.2478873469) (180.0,157.604075376) (75.7833395981,3.4870167696) (108.0,32.0639779197) (76.9833792267,-40.7700625777) (104.880835755,17.0926118757) (78.0343437995,-95.5862697397) (104.6638598,16.0285420101) (104.621873978,15.810533927) (104.282554614,14.0091833795) (103.142024207,7.85567169957) (101.875030019,0.944573953705) (101.401280744,-1.72914387886) (100.930530499,-4.62802360351) (99.5705286329,-13.264104437) (99.2203056289,-15.51366703) (98.2026666521,-22.1998116917) (97.5737577283,-26.3593440242) (96.353326912,-34.7385823186) (95.365536505,-41.8106892896) (95.3539268984,-41.8953359491) (94.6156449241,-47.5305609965) (94.290902707,-50.1835400031) (93.5605942565,-56.3405652308) (93.3309891077,-58.43137469) (93.0013714178,-61.4631761858) (90.5791170105,-84.6779158909) 
(324.0,282.346745257) (288.0,312.387464087) (0.0,111.199666304) (286.525146085,305.075860864) (252.0,286.452948462) (36.0,87.0147460016) (72.0,115.874229445) (72.785249675,96.430697324) (73.0136220896,90.6690840037) (73.9870810851,62.2478873469) (180.0,157.604075376) (75.7833395981,3.4870167696) (108.0,32.0639779197) (76.9833792267,-40.7700625777) (104.880835755,17.0926118757) (78.0343437995,-95.5862697397) (104.6638598,16.0285420101) (104.621873978,15.810533927) (104.282554614,14.0091833795) (103.142024207,7.85567169957) (101.875030019,0.944573953705) (101.401280744,-1.72914387886) (100.930530499,-4.62802360351) (99.5705286329,-13.264104437) (99.2203056289,-15.51366703) (98.2026666521,-22.1998116917) (97.5737577283,-26.3593440242) (96.353326912,-34.7385823186) (95.365536505,-41.8106892896) (95.3539268984,-41.8953359491) (94.6156449241,-47.5305609965) (94.290902707,-50.1835400031) (93.5605942565,-56.3405652308) (93.3309891077,-58.43137469) (93.0013714178,-61.4631761858) (90.5791170105,-84.6779158909) 
(324.0,282.346745257) (288.0,312.387464087) (0.0,111.199666304) (286.525146085,305.075860864) (252.0,286.452948462) (36.0,87.0147460016) (72.0,115.874229445) (72.785249675,96.430697324) (73.0136220896,90.6690840037) (73.9870810851,62.2478873469) (180.0,157.604075376) (75.7833395981,3.4870167696) (108.0,32.0639779197) (76.9833792267,-40.7700625777) (104.880835755,17.0926118757) (78.0343437995,-95.5862697397) (104.6638598,16.0285420101) (104.621873978,15.810533927) (104.282554614,14.0091833795) (103.142024207,7.85567169957) (101.875030019,0.944573953705) (101.401280744,-1.72914387886) (100.930530499,-4.62802360351) (99.5705286329,-13.264104437) (99.2203056289,-15.51366703) (98.2026666521,-22.1998116917) (97.5737577283,-26.3593440242) (96.353326912,-34.7385823186) (95.365536505,-41.8106892896) (95.3539268984,-41.8953359491) (94.6156449241,-47.5305609965) (94.290902707,-50.1835400031) (93.5605942565,-56.3405652308) (93.3309891077,-58.43137469) (93.0013714178,-61.4631761858) (90.5791170105,-84.6779158909) 
(324.0,282.346745257) (288.0,312.387464087) (0.0,111.199666304) (286.525146085,305.075860864) (252.0,286.452948462) (36.0,87.0147460016) (72.0,115.874229445) (72.785249675,96.430697324) (73.0136220896,90.6690840037) (73.9870810851,62.2478873469) (180.0,157.604075376) (75.7833395981,3.4870167696) (108.0,32.0639779197) (76.9833792267,-40.7700625777) (104.880835755,17.0926118757) (78.0343437995,-95.5862697397) (104.6638598,16.0285420101) (104.621873978,15.810533927) (104.282554614,14.0091833795) (103.142024207,7.85567169957) (101.875030019,0.944573953705) (101.401280744,-1.72914387886) (100.930530499,-4.62802360351) (99.5705286329,-13.264104437) (99.2203056289,-15.51366703) (98.2026666521,-22.1998116917) (97.5737577283,-26.3593440242) (96.353326912,-34.7385823186) (95.365536505,-41.8106892896) (95.3539268984,-41.8953359491) (94.6156449241,-47.5305609965) (94.290902707,-50.1835400031) (93.5605942565,-56.3405652308) (93.3309891077,-58.43137469) (93.0013714178,-61.4631761858) (90.5791170105,-84.6779158909) 
(324.0,282.346745257) (288.0,312.387464087) (0.0,111.199666304) (286.525146085,305.075860864) (252.0,286.452948462) (36.0,87.0147460016) (72.0,115.874229445) (72.785249675,96.430697324) (73.0136220896,90.6690840037) (73.9870810851,62.2478873469) (180.0,157.604075376) (75.7833395981,3.4870167696) (108.0,32.0639779197) (76.9833792267,-40.7700625777) (104.880835755,17.0926118757) (78.0343437995,-95.5862697397) (104.6638598,16.0285420101) (104.621873978,15.810533927) (104.282554614,14.0091833795) (103.142024207,7.85567169957) (101.875030019,0.944573953705) (101.401280744,-1.72914387886) (100.930530499,-4.62802360351) (99.5705286329,-13.264104437) (99.2203056289,-15.51366703) (98.2026666521,-22.1998116917) (97.5737577283,-26.3593440242) (96.353326912,-34.7385823186) (95.365536505,-41.8106892896) (95.3539268984,-41.8953359491) (94.6156449241,-47.5305609965) (94.290902707,-50.1835400031) (93.5605942565,-56.3405652308) (93.3309891077,-58.43137469) (93.0013714178,-61.4631761858) (90.5791170105,-84.6779158909) 
(324.0,282.346745257) (288.0,312.387464087) (0.0,111.199666304) (286.525146085,305.075860864) (252.0,286.452948462) (36.0,87.0147460016) (72.0,115.874229445) (72.785249675,96.430697324) (73.0136220896,90.6690840037) (73.9870810851,62.2478873469) (180.0,157.604075376) (75.7833395981,3.4870167696) (108.0,32.0639779197) (76.9833792267,-40.7700625777) (104.880835755,17.0926118757) (78.0343437995,-95.5862697397) (104.6638598,16.0285420101) (104.621873978,15.810533927) (104.282554614,14.0091833795) (103.142024207,7.85567169957) (101.875030019,0.944573953705) (101.401280744,-1.72914387886) (100.930530499,-4.62802360351) (99.5705286329,-13.264104437) (99.2203056289,-15.51366703) (98.2026666521,-22.1998116917) (97.5737577283,-26.3593440242) (96.353326912,-34.7385823186) (95.365536505,-41.8106892896) (95.3539268984,-41.8953359491) (94.6156449241,-47.5305609965) (94.290902707,-50.1835400031) (93.5605942565,-56.3405652308) (93.3309891077,-58.43137469) (93.0013714178,-61.4631761858) (90.5791170105,-84.6779158909) 
(324.0,282.346745257) (288.0,312.387464087) (0.0,111.199666304) (286.525146085,305.075860864) (252.0,286.452948462) (36.0,87.0147460016) (72.0,115.874229445) (72.785249675,96.430697324) (73.0136220896,90.6690840037) (73.9870810851,62.2478873469) (180.0,157.604075376) (75.7833395981,3.4870167696) (108.0,32.0639779197) (76.9833792267,-40.7700625777) (104.880835755,17.0926118757) (78.0343437995,-95.5862697397) (104.6638598,16.0285420101) (104.621873978,15.810533927) (104.282554614,14.0091833795) (103.142024207,7.85567169957) (101.875030019,0.944573953705) (101.401280744,-1.72914387886) (100.930530499,-4.62802360351) (99.5705286329,-13.264104437) (99.2203056289,-15.51366703) (98.2026666521,-22.1998116917) (97.5737577283,-26.3593440242) (96.353326912,-34.7385823186) (95.365536505,-41.8106892896) (95.3539268984,-41.8953359491) (94.6156449241,-47.5305609965) (94.290902707,-50.1835400031) (93.5605942565,-56.3405652308) (93.3309891077,-58.43137469) (93.0013714178,-61.4631761858) (90.5791170105,-84.6779158909) 
(324.0,282.346745257) (288.0,312.387464087) (0.0,111.199666304) (286.525146085,305.075860864) (252.0,286.452948462) (36.0,87.0147460016) (72.0,115.874229445) (72.785249675,96.430697324) (73.0136220896,90.6690840037) (73.9870810851,62.2478873469) (180.0,157.604075376) (75.7833395981,3.4870167696) (108.0,32.0639779197) (76.9833792267,-40.7700625777) (104.880835755,17.0926118757) (78.0343437995,-95.5862697397) (104.6638598,16.0285420101) (104.621873978,15.810533927) (104.282554614,14.0091833795) (103.142024207,7.85567169957) (101.875030019,0.944573953705) (101.401280744,-1.72914387886) (100.930530499,-4.62802360351) (99.5705286329,-13.264104437) (99.2203056289,-15.51366703) (98.2026666521,-22.1998116917) (97.5737577283,-26.3593440242) (96.353326912,-34.7385823186) (95.365536505,-41.8106892896) (95.3539268984,-41.8953359491) (94.6156449241,-47.5305609965) (94.290902707,-50.1835400031) (93.5605942565,-56.3405652308) (93.3309891077,-58.43137469) (93.0013714178,-61.4631761858) (90.5791170105,-84.6779158909) 
(324.0,282.346745257) (288.0,312.387464087) (0.0,111.199666304) (286.525146085,305.075860864) (252.0,286.452948462) (36.0,87.0147460016) (72.0,115.874229445) (72.785249675,96.430697324) (73.0136220896,90.6690840037) (73.9870810851,62.2478873469) (180.0,157.604075376) (75.7833395981,3.4870167696) (108.0,32.0639779197) (76.9833792267,-40.7700625777) (104.880835755,17.0926118757) (78.0343437995,-95.5862697397) (104.6638598,16.0285420101) (104.621873978,15.810533927) (104.282554614,14.0091833795) (103.142024207,7.85567169957) (101.875030019,0.944573953705) (101.401280744,-1.72914387886) (100.930530499,-4.62802360351) (99.5705286329,-13.264104437) (99.2203056289,-15.51366703) (98.2026666521,-22.1998116917) (97.5737577283,-26.3593440242) (96.353326912,-34.7385823186) (95.365536505,-41.8106892896) (95.3539268984,-41.8953359491) (94.6156449241,-47.5305609965) (94.290902707,-50.1835400031) (93.5605942565,-56.3405652308) (93.3309891077,-58.43137469) (93.0013714178,-61.4631761858) (90.5791170105,-84.6779158909) 
(324.0,282.346745257) (288.0,312.387464087) (0.0,111.199666304) (286.525146085,305.075860864) (252.0,286.452948462) (36.0,87.0147460016) (72.0,115.874229445) (72.785249675,96.430697324) (73.0136220896,90.6690840037) (73.9870810851,62.2478873469) (180.0,157.604075376) (75.7833395981,3.4870167696) (108.0,32.0639779197) (76.9833792267,-40.7700625777) (104.880835755,17.0926118757) (78.0343437995,-95.5862697397) (104.6638598,16.0285420101) (104.621873978,15.810533927) (104.282554614,14.0091833795) (103.142024207,7.85567169957) (101.875030019,0.944573953705) (101.401280744,-1.72914387886) (100.930530499,-4.62802360351) (99.5705286329,-13.264104437) (99.2203056289,-15.51366703) (98.2026666521,-22.1998116917) (97.5737577283,-26.3593440242) (96.353326912,-34.7385823186) (95.365536505,-41.8106892896) (95.3539268984,-41.8953359491) (94.6156449241,-47.5305609965) (94.290902707,-50.1835400031) (93.5605942565,-56.3405652308) (93.3309891077,-58.43137469) (93.0013714178,-61.4631761858) (90.5791170105,-84.6779158909) 
(324.0,282.346745257) (288.0,312.387464087) (0.0,111.199666304) (286.525146085,305.075860864) (252.0,286.452948462) (36.0,87.0147460016) (72.0,115.874229445) (72.785249675,96.430697324) (73.0136220896,90.6690840037) (73.9870810851,62.2478873469) (180.0,157.604075376) (75.7833395981,3.4870167696) (108.0,32.0639779197) (76.9833792267,-40.7700625777) (104.880835755,17.0926118757) (78.0343437995,-95.5862697397) (104.6638598,16.0285420101) (104.621873978,15.810533927) (104.282554614,14.0091833795) (103.142024207,7.85567169957) (101.875030019,0.944573953705) (101.401280744,-1.72914387886) (100.930530499,-4.62802360351) (99.5705286329,-13.264104437) (99.2203056289,-15.51366703) (98.2026666521,-22.1998116917) (97.5737577283,-26.3593440242) (96.353326912,-34.7385823186) (95.365536505,-41.8106892896) (95.3539268984,-41.8953359491) (94.6156449241,-47.5305609965) (94.290902707,-50.1835400031) (93.5605942565,-56.3405652308) (93.3309891077,-58.43137469) (93.0013714178,-61.4631761858) (90.5791170105,-84.6779158909) 
(324.0,282.346745257) (288.0,312.387464087) (0.0,111.199666304) (286.525146085,305.075860864) (252.0,286.452948462) (36.0,87.0147460016) (72.0,115.874229445) (72.785249675,96.430697324) (73.0136220896,90.6690840037) (73.9870810851,62.2478873469) (180.0,157.604075376) (75.7833395981,3.4870167696) (108.0,32.0639779197) (76.9833792267,-40.7700625777) (104.880835755,17.0926118757) (78.0343437995,-95.5862697397) (104.6638598,16.0285420101) (104.621873978,15.810533927) (104.282554614,14.0091833795) (103.142024207,7.85567169957) (101.875030019,0.944573953705) (101.401280744,-1.72914387886) (100.930530499,-4.62802360351) (99.5705286329,-13.264104437) (99.2203056289,-15.51366703) (98.2026666521,-22.1998116917) (97.5737577283,-26.3593440242) (96.353326912,-34.7385823186) (95.365536505,-41.8106892896) (95.3539268984,-41.8953359491) (94.6156449241,-47.5305609965) (94.290902707,-50.1835400031) (93.5605942565,-56.3405652308) (93.3309891077,-58.43137469) (93.0013714178,-61.4631761858) (90.5791170105,-84.6779158909) 
(324.0,282.346745257) (288.0,312.387464087) (0.0,111.199666304) (286.525146085,305.075860864) (252.0,286.452948462) (36.0,87.0147460016) (72.0,115.874229445) (72.785249675,96.430697324) (73.0136220896,90.6690840037) (73.9870810851,62.2478873469) (180.0,157.604075376) (75.7833395981,3.4870167696) (108.0,32.0639779197) (76.9833792267,-40.7700625777) (104.880835755,17.0926118757) (78.0343437995,-95.5862697397) (104.6638598,16.0285420101) (104.621873978,15.810533927) (104.282554614,14.0091833795) (103.142024207,7.85567169957) (101.875030019,0.944573953705) (101.401280744,-1.72914387886) (100.930530499,-4.62802360351) (99.5705286329,-13.264104437) (99.2203056289,-15.51366703) (98.2026666521,-22.1998116917) (97.5737577283,-26.3593440242) (96.353326912,-34.7385823186) (95.365536505,-41.8106892896) (95.3539268984,-41.8953359491) (94.6156449241,-47.5305609965) (94.290902707,-50.1835400031) (93.5605942565,-56.3405652308) (93.3309891077,-58.43137469) (93.0013714178,-61.4631761858) (90.5791170105,-84.6779158909) 
(324.0,282.346745257) (288.0,312.387464087) (0.0,111.199666304) (286.525146085,305.075860864) (252.0,286.452948462) (36.0,87.0147460016) (72.0,115.874229445) (72.785249675,96.430697324) (73.0136220896,90.6690840037) (73.9870810851,62.2478873469) (180.0,157.604075376) (75.7833395981,3.4870167696) (108.0,32.0639779197) (76.9833792267,-40.7700625777) (104.880835755,17.0926118757) (78.0343437995,-95.5862697397) (104.6638598,16.0285420101) (104.621873978,15.810533927) (104.282554614,14.0091833795) (103.142024207,7.85567169957) (101.875030019,0.944573953705) (101.401280744,-1.72914387886) (100.930530499,-4.62802360351) (99.5705286329,-13.264104437) (99.2203056289,-15.51366703) (98.2026666521,-22.1998116917) (97.5737577283,-26.3593440242) (96.353326912,-34.7385823186) (95.365536505,-41.8106892896) (95.3539268984,-41.8953359491) (94.6156449241,-47.5305609965) (94.290902707,-50.1835400031) (93.5605942565,-56.3405652308) (93.3309891077,-58.43137469) (93.0013714178,-61.4631761858) (90.5791170105,-84.6779158909) 
(324.0,282.346745257) (288.0,312.387464087) (0.0,111.199666304) (286.525146085,305.075860864) (252.0,286.452948462) (36.0,87.0147460016) (72.0,115.874229445) (72.785249675,96.430697324) (73.0136220896,90.6690840037) (73.9870810851,62.2478873469) (180.0,157.604075376) (75.7833395981,3.4870167696) (108.0,32.0639779197) (76.9833792267,-40.7700625777) (104.880835755,17.0926118757) (78.0343437995,-95.5862697397) (104.6638598,16.0285420101) (104.621873978,15.810533927) (104.282554614,14.0091833795) (103.142024207,7.85567169957) (101.875030019,0.944573953705) (101.401280744,-1.72914387886) (100.930530499,-4.62802360351) (99.5705286329,-13.264104437) (99.2203056289,-15.51366703) (98.2026666521,-22.1998116917) (97.5737577283,-26.3593440242) (96.353326912,-34.7385823186) (95.365536505,-41.8106892896) (95.3539268984,-41.8953359491) (94.6156449241,-47.5305609965) (94.290902707,-50.1835400031) (93.5605942565,-56.3405652308) (93.3309891077,-58.43137469) (93.0013714178,-61.4631761858) (90.5791170105,-84.6779158909) 
(324.0,282.346745257) (288.0,312.387464087) (0.0,111.199666304) (286.525146085,305.075860864) (252.0,286.452948462) (36.0,87.0147460016) (72.0,115.874229445) (72.785249675,96.430697324) (73.0136220896,90.6690840037) (73.9870810851,62.2478873469) (180.0,157.604075376) (75.7833395981,3.4870167696) (108.0,32.0639779197) (76.9833792267,-40.7700625777) (104.880835755,17.0926118757) (78.0343437995,-95.5862697397) (104.6638598,16.0285420101) (104.621873978,15.810533927) (104.282554614,14.0091833795) (103.142024207,7.85567169957) (101.875030019,0.944573953705) (101.401280744,-1.72914387886) (100.930530499,-4.62802360351) (99.5705286329,-13.264104437) (99.2203056289,-15.51366703) (98.2026666521,-22.1998116917) (97.5737577283,-26.3593440242) (96.353326912,-34.7385823186) (95.365536505,-41.8106892896) (95.3539268984,-41.8953359491) (94.6156449241,-47.5305609965) (94.290902707,-50.1835400031) (93.5605942565,-56.3405652308) (93.3309891077,-58.43137469) (93.0013714178,-61.4631761858) (90.5791170105,-84.6779158909) 
(324.0,282.346745257) (288.0,312.387464087) (0.0,111.199666304) (286.525146085,305.075860864) (252.0,286.452948462) (36.0,87.0147460016) (72.0,115.874229445) (72.785249675,96.430697324) (73.0136220896,90.6690840037) (73.9870810851,62.2478873469) (180.0,157.604075376) (75.7833395981,3.4870167696) (108.0,32.0639779197) (76.9833792267,-40.7700625777) (104.880835755,17.0926118757) (78.0343437995,-95.5862697397) (104.6638598,16.0285420101) (104.621873978,15.810533927) (104.282554614,14.0091833795) (103.142024207,7.85567169957) (101.875030019,0.944573953705) (101.401280744,-1.72914387886) (100.930530499,-4.62802360351) (99.5705286329,-13.264104437) (99.2203056289,-15.51366703) (98.2026666521,-22.1998116917) (97.5737577283,-26.3593440242) (96.353326912,-34.7385823186) (95.365536505,-41.8106892896) (95.3539268984,-41.8953359491) (94.6156449241,-47.5305609965) (94.290902707,-50.1835400031) (93.5605942565,-56.3405652308) (93.3309891077,-58.43137469) (93.0013714178,-61.4631761858) (90.5791170105,-84.6779158909) 
(324.0,282.346745257) (288.0,312.387464087) (0.0,111.199666304) (286.525146085,305.075860864) (252.0,286.452948462) (36.0,87.0147460016) (286.35916964,304.216295708) (252.996955982,282.859535754) (286.274995862,303.745832986) (253.28929538,281.698039155) (286.102224198,302.764004041) (253.805077967,278.958393437) (285.981928598,302.068496691) (254.905282555,272.305305575) (285.871495164,301.299275889) (255.575057879,268.251898412) (285.376438447,297.678101397) (282.923357788,278.915292316) (256.948116207,257.963325062) (281.33303806,266.500903377) (259.29763955,238.826661311) (259.737203612,231.331395126) (279.960563547,239.622202415) (279.982761224,238.047467634) (279.995282496,237.064878252) (280.040086651,233.167086444) (280.069281815,230.443820938) (280.07207966,230.021731997) (280.078714654,228.430968713) (280.098110013,222.959070006) (280.120825128,215.48312769) (280.126514436,212.008847533) (280.68531664,211.739584941) (280.696783283,216.558417555) (280.700765911,217.998717193) (280.728848331,226.957846377) (280.729605138,227.189175211) (280.74847246,231.641888337) (280.833497859,249.073329901) (280.83376958,249.120354089) (280.839019982,250.002985384) (280.853481942,252.026306071) (280.861850652,253.114713807) (280.880453176,255.319380236) (280.888131787,256.09894391) (280.955167411,262.370300687) 
TD 11 :
(324.0,282.346745257) (288.0,312.387464087) (0.0,111.199666304) (286.525146085,305.075860864) (252.0,286.452948462) (36.0,87.0147460016) (286.35916964,304.216295708) (252.996955982,282.859535754) (286.274995862,303.745832986) (253.28929538,281.698039155) (286.102224198,302.764004041) (253.805077967,278.958393437) (285.981928598,302.068496691) (254.905282555,272.305305575) (285.871495164,301.299275889) (255.575057879,268.251898412) (285.376438447,297.678101397) (282.923357788,278.915292316) (256.948116207,257.963325062) (281.33303806,266.500903377) (280.955167411,262.370300687) (259.29763955,238.826661311) 
(324.0,282.346745257) (288.0,312.387464087) (0.0,111.199666304) (286.525146085,305.075860864) (252.0,286.452948462) (36.0,87.0147460016) (286.35916964,304.216295708) (252.996955982,282.859535754) (286.274995862,303.745832986) (253.28929538,281.698039155) (286.102224198,302.764004041) (253.805077967,278.958393437) (285.981928598,302.068496691) (254.905282555,272.305305575) (285.871495164,301.299275889) (255.575057879,268.251898412) (285.376438447,297.678101397) (282.923357788,278.915292316) (256.948116207,257.963325062) (281.33303806,266.500903377) (280.955167411,262.370300687) (259.29763955,238.826661311) (259.737203612,231.331395126) (279.960563547,239.622202415) (279.982761224,238.047467634) (279.995282496,237.064878252) (280.040086651,233.167086444) (280.069281815,230.443820938) (280.07207966,230.021731997) (280.078714654,228.430968713) (280.098110013,222.959070006) (280.120825128,215.48312769) (280.126514436,212.008847533) (280.68531664,211.739584941) (280.696783283,216.558417555) (280.700765911,217.998717193) (280.728848331,226.957846377) (280.729605138,227.189175211) (280.74847246,231.641888337) (280.833497859,249.073329901) (280.83376958,249.120354089) (280.839019982,250.002985384) (280.853481942,252.026306071) (280.861850652,253.114713807) (280.880453176,255.319380236) (280.888131787,256.09894391) 
TD 12 :
(324.0,282.346745257) (288.0,312.387464087) (0.0,111.199666304) (286.525146085,305.075860864) (252.0,286.452948462) (36.0,87.0147460016) (286.35916964,304.216295708) (252.996955982,282.859535754) (286.274995862,303.745832986) (253.28929538,281.698039155) (286.102224198,302.764004041) (253.805077967,278.958393437) (285.981928598,302.068496691) (254.905282555,272.305305575) (285.871495164,301.299275889) (255.575057879,268.251898412) (285.376438447,297.678101397) (282.923357788,278.915292316) (256.948116207,257.963325062) (281.33303806,266.500903377) (280.955167411,262.370300687) (259.29763955,238.826661311) (280.888131787,256.09894391) (259.737203612,231.331395126) (279.960563547,239.622202415) (279.982761224,238.047467634) (279.995282496,237.064878252) (280.040086651,233.167086444) (280.069281815,230.443820938) (280.07207966,230.021731997) (280.078714654,228.430968713) (280.098110013,222.959070006) (280.120825128,215.48312769) (280.126514436,212.008847533) (280.68531664,211.739584941) (280.696783283,216.558417555) (280.700765911,217.998717193) (280.728848331,226.957846377) (280.729605138,227.189175211) (280.74847246,231.641888337) (280.833497859,249.073329901) (280.83376958,249.120354089) (280.839019982,250.002985384) (280.853481942,252.026306071) (280.861850652,253.114713807) (280.880453176,255.319380236) 
TD 13 :
(324.0,282.346745257) (288.0,312.387464087) (0.0,111.199666304) (286.525146085,305.075860864) (252.0,286.452948462) (36.0,87.0147460016) (286.35916964,304.216295708) (252.996955982,282.859535754) (286.274995862,303.745832986) (253.28929538,281.698039155) (286.102224198,302.764004041) (253.805077967,278.958393437) (285.981928598,302.068496691) (254.905282555,272.305305575) (285.871495164,301.299275889) (255.575057879,268.251898412) (285.376438447,297.678101397) (282.923357788,278.915292316) (256.948116207,257.963325062) (281.33303806,266.500903377) (280.955167411,262.370300687) (259.29763955,238.826661311) (280.888131787,256.09894391) (280.880453176,255.319380236) (259.737203612,231.331395126) 
(324.0,282.346745257) (288.0,312.387464087) (0.0,111.199666304) (286.525146085,305.075860864) (252.0,286.452948462) (36.0,87.0147460016) (286.35916964,304.216295708) (252.996955982,282.859535754) (286.274995862,303.745832986) (253.28929538,281.698039155) (286.102224198,302.764004041) (253.805077967,278.958393437) (285.981928598,302.068496691) (254.905282555,272.305305575) (285.871495164,301.299275889) (255.575057879,268.251898412) (285.376438447,297.678101397) (282.923357788,278.915292316) (256.948116207,257.963325062) (281.33303806,266.500903377) (280.955167411,262.370300687) (259.29763955,238.826661311) (280.888131787,256.09894391) (280.880453176,255.319380236) (259.737203612,231.331395126) (279.960563547,239.622202415) (279.982761224,238.047467634) (279.995282496,237.064878252) (280.040086651,233.167086444) (280.069281815,230.443820938) (280.07207966,230.021731997) (280.078714654,228.430968713) (280.098110013,222.959070006) (280.120825128,215.48312769) (280.126514436,212.008847533) (280.68531664,211.739584941) (280.696783283,216.558417555) (280.700765911,217.998717193) (280.728848331,226.957846377) (280.729605138,227.189175211) (280.74847246,231.641888337) (280.833497859,249.073329901) (280.83376958,249.120354089) (280.839019982,250.002985384) (280.853481942,252.026306071) (280.861850652,253.114713807) 
TD 14 :
(324.0,282.346745257) (288.0,312.387464087) (0.0,111.199666304) (286.525146085,305.075860864) (252.0,286.452948462) (36.0,87.0147460016) (286.35916964,304.216295708) (252.996955982,282.859535754) (286.274995862,303.745832986) (253.28929538,281.698039155) (286.102224198,302.764004041) (253.805077967,278.958393437) (285.981928598,302.068496691) (254.905282555,272.305305575) (285.871495164,301.299275889) (255.575057879,268.251898412) (285.376438447,297.678101397) (282.923357788,278.915292316) (256.948116207,257.963325062) (281.33303806,266.500903377) (280.955167411,262.370300687) (259.29763955,238.826661311) (280.888131787,256.09894391) (280.880453176,255.319380236) (259.737203612,231.331395126) (280.861850652,253.114713807) (279.960563547,239.622202415) (279.982761224,238.047467634) (279.995282496,237.064878252) (280.040086651,233.167086444) (280.069281815,230.443820938) (280.07207966,230.021731997) (280.078714654,228.430968713) (280.098110013,222.959070006) (280.120825128,215.48312769) (280.126514436,212.008847533) (280.68531664,211.739584941) (280.696783283,216.558417555) (280.700765911,217.998717193) (280.728848331,226.957846377) (280.729605138,227.189175211) (280.74847246,231.641888337) (280.833497859,249.073329901) (280.83376958,249.120354089) (280.839019982,250.002985384) (280.853481942,252.026306071) 
TD 15 :
(324.0,282.346745257) (288.0,312.387464087) (0.0,111.199666304) (286.525146085,305.075860864) (252.0,286.452948462) (36.0,87.0147460016) (286.35916964,304.216295708) (252.996955982,282.859535754) (286.274995862,303.745832986) (253.28929538,281.698039155) (286.102224198,302.764004041) (253.805077967,278.958393437) (285.981928598,302.068496691) (254.905282555,272.305305575) (285.871495164,301.299275889) (255.575057879,268.251898412) (285.376438447,297.678101397) (282.923357788,278.915292316) (256.948116207,257.963325062) (281.33303806,266.500903377) (280.955167411,262.370300687) (259.29763955,238.826661311) (280.888131787,256.09894391) (280.880453176,255.319380236) (259.737203612,231.331395126) (280.861850652,253.114713807) (280.853481942,252.026306071) (279.960563547,239.622202415) (279.982761224,238.047467634) (279.995282496,237.064878252) (280.040086651,233.167086444) (280.069281815,230.443820938) (280.07207966,230.021731997) (280.078714654,228.430968713) (280.098110013,222.959070006) (280.120825128,215.48312769) (280.126514436,212.008847533) (280.68531664,211.739584941) (280.696783283,216.558417555) (280.700765911,217.998717193) (280.728848331,226.957846377) (280.729605138,227.189175211) (280.74847246,231.641888337) (280.833497859,249.073329901) (280.83376958,249.120354089) (280.839019982,250.002985384) 
TD 16 :
(324.0,282.346745257) (288.0,312.387464087) (0.0,111.199666304) (286.525146085,305.075860864) (252.0,286.452948462) (36.0,87.0147460016) (286.35916964,304.216295708) (252.996955982,282.859535754) (286.274995862,303.745832986) (253.28929538,281.698039155) (286.102224198,302.764004041) (253.805077967,278.958393437) (285.981928598,302.068496691) (254.905282555,272.305305575) (285.871495164,301.299275889) (255.575057879,268.251898412) (285.376438447,297.678101397) (282.923357788,278.915292316) (256.948116207,257.963325062) (281.33303806,266.500903377) (280.955167411,262.370300687) (259.29763955,238.826661311) (280.888131787,256.09894391) (280.880453176,255.319380236) (259.737203612,231.331395126) (280.861850652,253.114713807) (280.853481942,252.026306071) (280.839019982,250.002985384) (279.960563547,239.622202415) (279.982761224,238.047467634) (279.995282496,237.064878252) (280.040086651,233.167086444) (280.069281815,230.443820938) (280.07207966,230.021731997) (280.078714654,228.430968713) (280.098110013,222.959070006) (280.120825128,215.48312769) (280.126514436,212.008847533) (280.68531664,211.739584941) (280.696783283,216.558417555) (280.700765911,217.998717193) (280.728848331,226.957846377) (280.729605138,227.189175211) (280.74847246,231.641888337) (280.833497859,249.073329901) (280.83376958,249.120354089) 
TD 17 :
(324.0,282.346745257) (288.0,312.387464087) (0.0,111.199666304) (286.525146085,305.075860864) (252.0,286.452948462) (36.0,87.0147460016) (286.35916964,304.216295708) (252.996955982,282.859535754) (286.274995862,303.745832986) (253.28929538,281.698039155) (286.102224198,302.764004041) (253.805077967,278.958393437) (285.981928598,302.068496691) (254.905282555,272.305305575) (285.871495164,301.299275889) (255.575057879,268.251898412) (285.376438447,297.678101397) (282.923357788,278.915292316) (256.948116207,257.963325062) (281.33303806,266.500903377) (280.955167411,262.370300687) (259.29763955,238.826661311) (280.888131787,256.09894391) (280.880453176,255.319380236) (259.737203612,231.331395126) (280.861850652,253.114713807) (280.853481942,252.026306071) (280.839019982,250.002985384) (280.83376958,249.120354089) (279.960563547,239.622202415) (279.982761224,238.047467634) (279.995282496,237.064878252) (280.040086651,233.167086444) (280.069281815,230.443820938) (280.07207966,230.021731997) (280.078714654,228.430968713) (280.098110013,222.959070006) (280.120825128,215.48312769) (280.126514436,212.008847533) (280.68531664,211.739584941) (280.696783283,216.558417555) (280.700765911,217.998717193) (280.728848331,226.957846377) (280.729605138,227.189175211) (280.74847246,231.641888337) (280.833497859,249.073329901) 
TD 18 :
(324.0,282.346745257) (288.0,312.387464087) (0.0,111.199666304) (286.525146085,305.075860864) (252.0,286.452948462) (36.0,87.0147460016) (286.35916964,304.216295708) (252.996955982,282.859535754) (286.274995862,303.745832986) (253.28929538,281.698039155) (286.102224198,302.764004041) (253.805077967,278.958393437) (285.981928598,302.068496691) (254.905282555,272.305305575) (285.871495164,301.299275889) (255.575057879,268.251898412) (285.376438447,297.678101397) (282.923357788,278.915292316) (256.948116207,257.963325062) (281.33303806,266.500903377) (280.955167411,262.370300687) (259.29763955,238.826661311) (280.888131787,256.09894391) (280.880453176,255.319380236) (259.737203612,231.331395126) (280.861850652,253.114713807) (280.853481942,252.026306071) (280.839019982,250.002985384) (280.83376958,249.120354089) (280.833497859,249.073329901) (279.960563547,239.622202415) (279.982761224,238.047467634) (279.995282496,237.064878252) (280.040086651,233.167086444) (280.069281815,230.443820938) (280.07207966,230.021731997) (280.078714654,228.430968713) (280.098110013,222.959070006) (280.120825128,215.48312769) (280.126514436,212.008847533) (280.68531664,211.739584941) (280.696783283,216.558417555) (280.700765911,217.998717193) (280.728848331,226.957846377) (280.729605138,227.189175211) (280.74847246,231.641888337) 
TD 19 :
(324.0,282.346745257) (288.0,312.387464087) (0.0,111.199666304) (286.525146085,305.075860864) (252.0,286.452948462) (36.0,87.0147460016) (286.35916964,304.216295708) (252.996955982,282.859535754) (286.274995862,303.745832986) (253.28929538,281.698039155) (286.102224198,302.764004041) (253.805077967,278.958393437) (285.981928598,302.068496691) (254.905282555,272.305305575) (285.871495164,301.299275889) (255.575057879,268.251898412) (285.376438447,297.678101397) (282.923357788,278.915292316) (256.948116207,257.963325062) (281.33303806,266.500903377) (280.955167411,262.370300687) (259.29763955,238.826661311) (280.888131787,256.09894391) (280.880453176,255.319380236) (259.737203612,231.331395126) (280.861850652,253.114713807) (280.853481942,252.026306071) (280.839019982,250.002985384) (280.83376958,249.120354089) (280.833497859,249.073329901) (280.74847246,231.641888337) (279.960563547,239.622202415) 
(324.0,282.346745257) (288.0,312.387464087) (0.0,111.199666304) (286.525146085,305.075860864) (252.0,286.452948462) (36.0,87.0147460016) (286.35916964,304.216295708) (252.996955982,282.859535754) (286.274995862,303.745832986) (253.28929538,281.698039155) (286.102224198,302.764004041) (253.805077967,278.958393437) (285.981928598,302.068496691) (254.905282555,272.305305575) (285.871495164,301.299275889) (255.575057879,268.251898412) (285.376438447,297.678101397) (282.923357788,278.915292316) (256.948116207,257.963325062) (281.33303806,266.500903377) (280.955167411,262.370300687) (259.29763955,238.826661311) (280.888131787,256.09894391) (280.880453176,255.319380236) (259.737203612,231.331395126) (280.861850652,253.114713807) (280.853481942,252.026306071) (280.839019982,250.002985384) (280.83376958,249.120354089) (280.833497859,249.073329901) (280.74847246,231.641888337) (279.960563547,239.622202415) (279.982761224,238.047467634) (279.995282496,237.064878252) (280.040086651,233.167086444) (280.069281815,230.443820938) (280.07207966,230.021731997) (280.078714654,228.430968713) (280.098110013,222.959070006) (280.120825128,215.48312769) (280.126514436,212.008847533) (280.68531664,211.739584941) (280.696783283,216.558417555) (280.700765911,217.998717193) (280.728848331,226.957846377) (280.729605138,227.189175211) 
TD 20 :
(324.0,282.346745257) (288.0,312.387464087) (0.0,111.199666304) (286.525146085,305.075860864) (252.0,286.452948462) (36.0,87.0147460016) (286.35916964,304.216295708) (252.996955982,282.859535754) (286.274995862,303.745832986) (253.28929538,281.698039155) (286.102224198,302.764004041) (253.805077967,278.958393437) (285.981928598,302.068496691) (254.905282555,272.305305575) (285.871495164,301.299275889) (255.575057879,268.251898412) (285.376438447,297.678101397) (282.923357788,278.915292316) (256.948116207,257.963325062) (281.33303806,266.500903377) (280.955167411,262.370300687) (259.29763955,238.826661311) (280.888131787,256.09894391) (280.880453176,255.319380236) (259.737203612,231.331395126) (280.861850652,253.114713807) (280.853481942,252.026306071) (280.839019982,250.002985384) (280.83376958,249.120354089) (280.833497859,249.073329901) (280.74847246,231.641888337) (279.960563547,239.622202415) (280.729605138,227.189175211) (279.982761224,238.047467634) 
(324.0,282.346745257) (288.0,312.387464087) (0.0,111.199666304) (286.525146085,305.075860864) (252.0,286.452948462) (36.0,87.0147460016) (286.35916964,304.216295708) (252.996955982,282.859535754) (286.274995862,303.745832986) (253.28929538,281.698039155) (286.102224198,302.764004041) (253.805077967,278.958393437) (285.981928598,302.068496691) (254.905282555,272.305305575) (285.871495164,301.299275889) (255.575057879,268.251898412) (285.376438447,297.678101397) (282.923357788,278.915292316) (256.948116207,257.963325062) (281.33303806,266.500903377) (280.955167411,262.370300687) (259.29763955,238.826661311) (280.888131787,256.09894391) (280.880453176,255.319380236) (259.737203612,231.331395126) (280.861850652,253.114713807) (280.853481942,252.026306071) (280.839019982,250.002985384) (280.83376958,249.120354089) (280.833497859,249.073329901) (280.74847246,231.641888337) (279.960563547,239.622202415) (280.729605138,227.189175211) (279.982761224,238.047467634) (279.995282496,237.064878252) (280.040086651,233.167086444) (280.069281815,230.443820938) (280.07207966,230.021731997) (280.078714654,228.430968713) (280.098110013,222.959070006) (280.120825128,215.48312769) (280.126514436,212.008847533) (280.68531664,211.739584941) (280.696783283,216.558417555) (280.700765911,217.998717193) (280.728848331,226.957846377) 
TD 21 :
(324.0,282.346745257) (288.0,312.387464087) (0.0,111.199666304) (286.525146085,305.075860864) (252.0,286.452948462) (36.0,87.0147460016) (286.35916964,304.216295708) (252.996955982,282.859535754) (286.274995862,303.745832986) (253.28929538,281.698039155) (286.102224198,302.764004041) (253.805077967,278.958393437) (285.981928598,302.068496691) (254.905282555,272.305305575) (285.871495164,301.299275889) (255.575057879,268.251898412) (285.376438447,297.678101397) (282.923357788,278.915292316) (256.948116207,257.963325062) (281.33303806,266.500903377) (280.955167411,262.370300687) (259.29763955,238.826661311) (280.888131787,256.09894391) (280.880453176,255.319380236) (259.737203612,231.331395126) (280.861850652,253.114713807) (280.853481942,252.026306071) (280.839019982,250.002985384) (280.83376958,249.120354089) (280.833497859,249.073329901) (280.74847246,231.641888337) (279.960563547,239.622202415) (280.729605138,227.189175211) (279.982761224,238.047467634) (280.728848331,226.957846377) (279.995282496,237.064878252) 
(324.0,282.346745257) (288.0,312.387464087) (0.0,111.199666304) (286.525146085,305.075860864) (252.0,286.452948462) (36.0,87.0147460016) (286.35916964,304.216295708) (252.996955982,282.859535754) (286.274995862,303.745832986) (253.28929538,281.698039155) (286.102224198,302.764004041) (253.805077967,278.958393437) (285.981928598,302.068496691) (254.905282555,272.305305575) (285.871495164,301.299275889) (255.575057879,268.251898412) (285.376438447,297.678101397) (282.923357788,278.915292316) (256.948116207,257.963325062) (281.33303806,266.500903377) (280.955167411,262.370300687) (259.29763955,238.826661311) (280.888131787,256.09894391) (280.880453176,255.319380236) (259.737203612,231.331395126) (280.861850652,253.114713807) (280.853481942,252.026306071) (280.839019982,250.002985384) (280.83376958,249.120354089) (280.833497859,249.073329901) (280.74847246,231.641888337) (279.960563547,239.622202415) (280.729605138,227.189175211) (279.982761224,238.047467634) (280.728848331,226.957846377) (279.995282496,237.064878252) (280.040086651,233.167086444) (280.069281815,230.443820938) (280.07207966,230.021731997) (280.078714654,228.430968713) (280.098110013,222.959070006) (280.120825128,215.48312769) (280.126514436,212.008847533) (280.68531664,211.739584941) (280.696783283,216.558417555) (280.700765911,217.998717193) 
TD 22 :
(324.0,282.346745257) (288.0,312.387464087) (0.0,111.199666304) (286.525146085,305.075860864) (252.0,286.452948462) (36.0,87.0147460016) (286.35916964,304.216295708) (252.996955982,282.859535754) (286.274995862,303.745832986) (253.28929538,281.698039155) (286.102224198,302.764004041) (253.805077967,278.958393437) (285.981928598,302.068496691) (254.905282555,272.305305575) (285.871495164,301.299275889) (255.575057879,268.251898412) (285.376438447,297.678101397) (282.923357788,278.915292316) (256.948116207,257.963325062) (281.33303806,266.500903377) (280.955167411,262.370300687) (259.29763955,238.826661311) (280.888131787,256.09894391) (280.880453176,255.319380236) (259.737203612,231.331395126) (280.861850652,253.114713807) (280.853481942,252.026306071) (280.839019982,250.002985384) (280.83376958,249.120354089) (280.833497859,249.073329901) (280.74847246,231.641888337) (279.960563547,239.622202415) (280.729605138,227.189175211) (279.982761224,238.047467634) (280.728848331,226.957846377) (279.995282496,237.064878252) (280.700765911,217.998717193) (280.040086651,233.167086444) 
(324.0,282.346745257) (288.0,312.387464087) (0.0,111.199666304) (286.525146085,305.075860864) (252.0,286.452948462) (36.0,87.0147460016) (286.35916964,304.216295708) (252.996955982,282.859535754) (286.274995862,303.745832986) (253.28929538,281.698039155) (286.102224198,302.764004041) (253.805077967,278.958393437) (285.981928598,302.068496691) (254.905282555,272.305305575) (285.871495164,301.299275889) (255.575057879,268.251898412) (285.376438447,297.678101397) (282.923357788,278.915292316) (256.948116207,257.963325062) (281.33303806,266.500903377) (280.955167411,262.370300687) (259.29763955,238.826661311) (280.888131787,256.09894391) (280.880453176,255.319380236) (259.737203612,231.331395126) (280.861850652,253.114713807) (280.853481942,252.026306071) (280.839019982,250.002985384) (280.83376958,249.120354089) (280.833497859,249.073329901) (280.74847246,231.641888337) (279.960563547,239.622202415) (280.729605138,227.189175211) (279.982761224,238.047467634) (280.728848331,226.957846377) (279.995282496,237.064878252) (280.700765911,217.998717193) (280.040086651,233.167086444) (280.069281815,230.443820938) (280.07207966,230.021731997) (280.078714654,228.430968713) (280.098110013,222.959070006) (280.120825128,215.48312769) (280.126514436,212.008847533) (280.68531664,211.739584941) (280.696783283,216.558417555) 
TD 23 :
(324.0,282.346745257) (288.0,312.387464087) (0.0,111.199666304) (286.525146085,305.075860864) (252.0,286.452948462) (36.0,87.0147460016) (286.35916964,304.216295708) (252.996955982,282.859535754) (286.274995862,303.745832986) (253.28929538,281.698039155) (286.102224198,302.764004041) (253.805077967,278.958393437) (285.981928598,302.068496691) (254.905282555,272.305305575) (285.871495164,301.299275889) (255.575057879,268.251898412) (285.376438447,297.678101397) (282.923357788,278.915292316) (256.948116207,257.963325062) (281.33303806,266.500903377) (280.955167411,262.370300687) (259.29763955,238.826661311) (280.888131787,256.09894391) (280.880453176,255.319380236) (259.737203612,231.331395126) (280.861850652,253.114713807) (280.853481942,252.026306071) (280.839019982,250.002985384) (280.83376958,249.120354089) (280.833497859,249.073329901) (280.74847246,231.641888337) (279.960563547,239.622202415) (280.729605138,227.189175211) (279.982761224,238.047467634) (280.728848331,226.957846377) (279.995282496,237.064878252) (280.700765911,217.998717193) (280.040086651,233.167086444) (280.696783283,216.558417555) (280.069281815,230.443820938) 
(324.0,282.346745257) (288.0,312.387464087) (0.0,111.199666304) (286.525146085,305.075860864) (252.0,286.452948462) (36.0,87.0147460016) (286.35916964,304.216295708) (252.996955982,282.859535754) (286.274995862,303.745832986) (253.28929538,281.698039155) (286.102224198,302.764004041) (253.805077967,278.958393437) (285.981928598,302.068496691) (254.905282555,272.305305575) (285.871495164,301.299275889) (255.575057879,268.251898412) (285.376438447,297.678101397) (282.923357788,278.915292316) (256.948116207,257.963325062) (281.33303806,266.500903377) (280.955167411,262.370300687) (259.29763955,238.826661311) (280.888131787,256.09894391) (280.880453176,255.319380236) (259.737203612,231.331395126) (280.861850652,253.114713807) (280.853481942,252.026306071) (280.839019982,250.002985384) (280.83376958,249.120354089) (280.833497859,249.073329901) (280.74847246,231.641888337) (279.960563547,239.622202415) (280.729605138,227.189175211) (279.982761224,238.047467634) (280.728848331,226.957846377) (279.995282496,237.064878252) (280.700765911,217.998717193) (280.040086651,233.167086444) (280.696783283,216.558417555) (280.069281815,230.443820938) (280.07207966,230.021731997) (280.078714654,228.430968713) (280.098110013,222.959070006) (280.120825128,215.48312769) (280.126514436,212.008847533) (280.68531664,211.739584941) 
TD 24 :
(324.0,282.346745257) (288.0,312.387464087) (0.0,111.199666304) (286.525146085,305.075860864) (252.0,286.452948462) (36.0,87.0147460016) (286.35916964,304.216295708) (252.996955982,282.859535754) (286.274995862,303.745832986) (253.28929538,281.698039155) (286.102224198,302.764004041) (253.805077967,278.958393437) (285.981928598,302.068496691) (254.905282555,272.305305575) (285.871495164,301.299275889) (255.575057879,268.251898412) (285.376438447,297.678101397) (282.923357788,278.915292316) (256.948116207,257.963325062) (281.33303806,266.500903377) (280.955167411,262.370300687) (259.29763955,238.826661311) (280.888131787,256.09894391) (280.880453176,255.319380236) (259.737203612,231.331395126) (280.861850652,253.114713807) (280.853481942,252.026306071) (280.839019982,250.002985384) (280.83376958,249.120354089) (280.833497859,249.073329901) (280.74847246,231.641888337) (279.960563547,239.622202415) (280.729605138,227.189175211) (279.982761224,238.047467634) (280.728848331,226.957846377) (279.995282496,237.064878252) (280.700765911,217.998717193) (280.040086651,233.167086444) (280.696783283,216.558417555) (280.069281815,230.443820938) (280.68531664,211.739584941) (280.07207966,230.021731997) 
(324.0,282.346745257) (288.0,312.387464087) (0.0,111.199666304) (286.525146085,305.075860864) (252.0,286.452948462) (36.0,87.0147460016) (286.35916964,304.216295708) (252.996955982,282.859535754) (286.274995862,303.745832986) (253.28929538,281.698039155) (286.102224198,302.764004041) (253.805077967,278.958393437) (285.981928598,302.068496691) (254.905282555,272.305305575) (285.871495164,301.299275889) (255.575057879,268.251898412) (285.376438447,297.678101397) (282.923357788,278.915292316) (256.948116207,257.963325062) (281.33303806,266.500903377) (280.955167411,262.370300687) (259.29763955,238.826661311) (280.888131787,256.09894391) (280.880453176,255.319380236) (259.737203612,231.331395126) (280.861850652,253.114713807) (280.853481942,252.026306071) (280.839019982,250.002985384) (280.83376958,249.120354089) (280.833497859,249.073329901) (280.74847246,231.641888337) (279.960563547,239.622202415) (280.729605138,227.189175211) (279.982761224,238.047467634) (280.728848331,226.957846377) (279.995282496,237.064878252) (280.700765911,217.998717193) (280.040086651,233.167086444) (280.696783283,216.558417555) (280.069281815,230.443820938) (280.68531664,211.739584941) (280.07207966,230.021731997) (280.078714654,228.430968713) (280.098110013,222.959070006) (280.120825128,215.48312769) (280.126514436,212.008847533) 
TD 25 :
(324.0,282.346745257) (288.0,312.387464087) (0.0,111.199666304) (286.525146085,305.075860864) (252.0,286.452948462) (36.0,87.0147460016) (286.35916964,304.216295708) (252.996955982,282.859535754) (286.274995862,303.745832986) (253.28929538,281.698039155) (286.102224198,302.764004041) (253.805077967,278.958393437) (285.981928598,302.068496691) (254.905282555,272.305305575) (285.871495164,301.299275889) (255.575057879,268.251898412) (285.376438447,297.678101397) (282.923357788,278.915292316) (256.948116207,257.963325062) (281.33303806,266.500903377) (280.955167411,262.370300687) (259.29763955,238.826661311) (280.888131787,256.09894391) (280.880453176,255.319380236) (259.737203612,231.331395126) (280.861850652,253.114713807) (280.853481942,252.026306071) (280.839019982,250.002985384) (280.83376958,249.120354089) (280.833497859,249.073329901) (280.74847246,231.641888337) (279.960563547,239.622202415) (280.729605138,227.189175211) (279.982761224,238.047467634) (280.728848331,226.957846377) (279.995282496,237.064878252) (280.700765911,217.998717193) (280.040086651,233.167086444) (280.696783283,216.558417555) (280.069281815,230.443820938) (280.68531664,211.739584941) (280.07207966,230.021731997) (280.126514436,212.008847533) (280.120825128,215.48312769) (280.098110013,222.959070006) (280.078714654,228.430968713) 
(324.0,282.346745257) (288.0,312.387464087) (0.0,111.199666304) (286.525146085,305.075860864) (252.0,286.452948462) (36.0,87.0147460016) (286.35916964,304.216295708) (252.996955982,282.859535754) (286.274995862,303.745832986) (253.28929538,281.698039155) (286.102224198,302.764004041) (253.805077967,278.958393437) (285.981928598,302.068496691) (254.905282555,272.305305575) (285.871495164,301.299275889) (255.575057879,268.251898412) (285.376438447,297.678101397) (282.923357788,278.915292316) (256.948116207,257.963325062) (281.33303806,266.500903377) (280.955167411,262.370300687) (259.29763955,238.826661311) (280.888131787,256.09894391) (280.880453176,255.319380236) (259.737203612,231.331395126) (280.861850652,253.114713807) (280.853481942,252.026306071) (280.839019982,250.002985384) (280.83376958,249.120354089) (280.833497859,249.073329901) (280.74847246,231.641888337) (279.960563547,239.622202415) (280.729605138,227.189175211) (279.982761224,238.047467634) (280.728848331,226.957846377) (279.995282496,237.064878252) (280.700765911,217.998717193) (280.040086651,233.167086444) (280.696783283,216.558417555) (280.069281815,230.443820938) (280.68531664,211.739584941) (280.07207966,230.021731997) (280.126514436,212.008847533) (280.120825128,215.48312769) (280.098110013,222.959070006) (280.078714654,228.430968713) 
(324.0,282.346745257) (288.0,312.387464087) (0.0,111.199666304) (286.525146085,305.075860864) (252.0,286.452948462) (36.0,87.0147460016) (286.35916964,304.216295708) (252.996955982,282.859535754) (286.274995862,303.745832986) (253.28929538,281.698039155) (286.102224198,302.764004041) (253.805077967,278.958393437) (285.981928598,302.068496691) (254.905282555,272.305305575) (285.871495164,301.299275889) (255.575057879,268.251898412) (285.376438447,297.678101397) (282.923357788,278.915292316) (256.948116207,257.963325062) (281.33303806,266.500903377) (280.955167411,262.370300687) (259.29763955,238.826661311) (280.888131787,256.09894391) (280.880453176,255.319380236) (259.737203612,231.331395126) (280.861850652,253.114713807) (280.853481942,252.026306071) (280.839019982,250.002985384) (280.83376958,249.120354089) (280.833497859,249.073329901) (280.74847246,231.641888337) (279.960563547,239.622202415) (280.729605138,227.189175211) (279.982761224,238.047467634) (280.728848331,226.957846377) (279.995282496,237.064878252) (280.700765911,217.998717193) (280.040086651,233.167086444) (280.696783283,216.558417555) (280.069281815,230.443820938) (280.68531664,211.739584941) (280.07207966,230.021731997) (280.126514436,212.008847533) (280.120825128,215.48312769) (280.098110013,222.959070006) (280.078714654,228.430968713) 
(324.0,282.346745257) (288.0,312.387464087) (0.0,111.199666304) (286.525146085,305.075860864) (252.0,286.452948462) (36.0,87.0147460016) (286.35916964,304.216295708) (252.996955982,282.859535754) (286.274995862,303.745832986) (253.28929538,281.698039155) (286.102224198,302.764004041) (253.805077967,278.958393437) (285.981928598,302.068496691) (254.905282555,272.305305575) (285.871495164,301.299275889) (255.575057879,268.251898412) (285.376438447,297.678101397) (282.923357788,278.915292316) (256.948116207,257.963325062) (281.33303806,266.500903377) (280.955167411,262.370300687) (259.29763955,238.826661311) (280.888131787,256.09894391) (280.880453176,255.319380236) (259.737203612,231.331395126) (280.861850652,253.114713807) (280.853481942,252.026306071) (280.839019982,250.002985384) (280.83376958,249.120354089) (280.833497859,249.073329901) (280.74847246,231.641888337) (279.960563547,239.622202415) (280.729605138,227.189175211) (279.982761224,238.047467634) (280.728848331,226.957846377) (279.995282496,237.064878252) (280.700765911,217.998717193) (280.040086651,233.167086444) (280.696783283,216.558417555) (280.069281815,230.443820938) (280.68531664,211.739584941) (280.07207966,230.021731997) (280.126514436,212.008847533) (280.120825128,215.48312769) (280.098110013,222.959070006) (280.078714654,228.430968713) 
Pocket 0 :
()
Pocket 1 :
({  (0.0,111.199666304) ,(36.0,87.0147460016) } {  (286.525146085,305.075860864) ,(288.0,312.387464087) } {  (0.0,111.199666304) ,(36.0,87.0147460016) } {  (286.525146085,305.075860864) ,(288.0,312.387464087) } )
Pocket 2 :
({  (36.0,87.0147460016) ,(0.0,111.199666304) } {  (252.996955982,282.859535754) ,(252.0,286.452948462) } {  (36.0,87.0147460016) ,(0.0,111.199666304) } {  (252.996955982,282.859535754) ,(252.0,286.452948462) } )
Pocket 3 :
({  (72.0,115.874229445) ,(36.0,87.0147460016) } {  (253.28929538,281.698039155) ,(252.996955982,282.859535754) } {  (253.28929538,281.698039155) ,(252.996955982,282.859535754) } )
Pocket 4 :
({  (72.785249675,96.430697324) ,(72.0,115.874229445) } {  (253.805077967,278.958393437) ,(253.28929538,281.698039155) } {  (253.805077967,278.958393437) ,(253.28929538,281.698039155) } )
Pocket 5 :
({  (73.0136220896,90.6690840037) ,(72.785249675,96.430697324) } {  (254.905282555,272.305305575) ,(253.805077967,278.958393437) } {  (254.905282555,272.305305575) ,(253.805077967,278.958393437) } )
Pocket 6 :
({  (73.9870810851,62.2478873469) ,(73.0136220896,90.6690840037) } {  (255.575057879,268.251898412) ,(254.905282555,272.305305575) } {  (255.575057879,268.251898412) ,(254.905282555,272.305305575) } )
Pocket 7 :
({  (75.7833395981,3.4870167696) ,(73.9870810851,62.2478873469) } {  (216.0,141.959819758) ,(180.0,157.604075376) } {  (75.7833395981,3.4870167696) ,(73.9870810851,62.2478873469) } {  (216.0,141.959819758) ,(180.0,157.604075376) } {  (256.948116207,257.963325062) ,(255.575057879,268.251898412) } {  (256.948116207,257.963325062) ,(255.575057879,268.251898412) } )
Pocket 8 :
({  (76.9833792267,-40.7700625777) ,(75.7833395981,3.4870167696) } {  (144.0,53.8226010361) ,(108.0,32.0639779197) } {  (76.9833792267,-40.7700625777) ,(75.7833395981,3.4870167696) } {  (144.0,53.8226010361) ,(108.0,32.0639779197) } {  (324.0,282.346745257) ,(251.037487087,255.57717032) } {  (324.0,282.346745257) ,(251.037487087,255.57717032) } {  (324.0,282.346745257) ,(285.376438447,297.678101397) } )
Pocket 9 :
({  (78.0343437995,-95.5862697397) ,(76.9833792267,-40.7700625777) } {  (324.0,282.346745257) ,(104.880835755,17.0926118757) } {  (78.0343437995,-95.5862697397) ,(76.9833792267,-40.7700625777) } {  (324.0,282.346745257) ,(104.880835755,17.0926118757) } {  (259.29763955,238.826661311) ,(256.948116207,257.963325062) } {  (259.29763955,238.826661311) ,(256.948116207,257.963325062) } )
Pocket 10 :
({  (90.5791170105,-84.6779158909) ,(78.0343437995,-95.5862697397) } {  (93.3309891077,-58.43137469) ,(93.0013714178,-61.4631761858) } {  (90.5791170105,-84.6779158909) ,(78.0343437995,-95.5862697397) } {  (93.3309891077,-58.43137469) ,(93.0013714178,-61.4631761858) } {  (90.5791170105,-84.6779158909) ,(78.0343437995,-95.5862697397) } {  (93.3309891077,-58.43137469) ,(93.0013714178,-61.4631761858) } {  (90.5791170105,-84.6779158909) ,(78.0343437995,-95.5862697397) } {  (93.3309891077,-58.43137469) ,(93.0013714178,-61.4631761858) } {  (90.5791170105,-84.6779158909) ,(78.0343437995,-95.5862697397) } {  (93.3309891077,-58.43137469) ,(93.0013714178,-61.4631761858) } {  (90.5791170105,-84.6779158909) ,(78.0343437995,-95.5862697397) } {  (93.3309891077,-58.43137469) ,(93.0013714178,-61.4631761858) } {  (90.5791170105,-84.6779158909) ,(78.0343437995,-95.5862697397) } {  (93.3309891077,-58.43137469) ,(93.0013714178,-61.4631761858) } {  (90.5791170105,-84.6779158909) ,(78.0343437995,-95.5862697397) } {  (93.3309891077,-58.43137469) ,(93.0013714178,-61.4631761858) } {  (90.5791170105,-84.6779158909) ,(78.0343437995,-95.5862697397) } {  (93.3309891077,-58.43137469) ,(93.0013714178,-61.4631761858) } {  (90.5791170105,-84.6779158909) ,(78.0343437995,-95.5862697397) } {  (93.3309891077,-58.43137469) ,(93.0013714178,-61.4631761858) } {  (90.5791170105,-84.6779158909) ,(78.0343437995,-95.5862697397) } {  (93.3309891077,-58.43137469) ,(93.0013714178,-61.4631761858) } {  (90.5791170105,-84.6779158909) ,(78.0343437995,-95.5862697397) } {  (93.3309891077,-58.43137469) ,(93.0013714178,-61.4631761858) } {  (90.5791170105,-84.6779158909) ,(78.0343437995,-95.5862697397) } {  (93.3309891077,-58.43137469) ,(93.0013714178,-61.4631761858) } {  (90.5791170105,-84.6779158909) ,(78.0343437995,-95.5862697397) } {  (93.3309891077,-58.43137469) ,(93.0013714178,-61.4631761858) } {  (90.5791170105,-84.6779158909) ,(78.0343437995,-95.5862697397) } {  (93.3309891077,-58.43137469) ,(93.0013714178,-61.4631761858) } {  (90.5791170105,-84.6779158909) ,(78.0343437995,-95.5862697397) } {  (93.3309891077,-58.43137469) ,(93.0013714178,-61.4631761858) } {  (90.5791170105,-84.6779158909) ,(78.0343437995,-95.5862697397) } {  (93.3309891077,-58.43137469) ,(93.0013714178,-61.4631761858) } {  (90.5791170105,-84.6779158909) ,(78.0343437995,-95.5862697397) } {  (93.3309891077,-58.43137469) ,(93.0013714178,-61.4631761858) } {  (90.5791170105,-84.6779158909) ,(78.0343437995,-95.5862697397) } {  (93.3309891077,-58.43137469) ,(93.0013714178,-61.4631761858) } {  (90.5791170105,-84.6779158909) ,(78.0343437995,-95.5862697397) } {  (93.3309891077,-58.43137469) ,(93.0013714178,-61.4631761858) } {  (324.0,282.346745257) ,(281.33303806,266.500903377) } )
Pocket 11 :
({  (259.737203612,231.331395126) ,(259.29763955,238.826661311) } {  (259.737203612,231.331395126) ,(259.29763955,238.826661311) } )
Pocket 12 :
({  (324.0,282.346745257) ,(280.888131787,256.09894391) } )
Pocket 13 :
({  (279.960563547,239.622202415) ,(259.737203612,231.331395126) } {  (279.960563547,239.622202415) ,(259.737203612,231.331395126) } )
Pocket 14 :
({  (324.0,282.346745257) ,(280.861850652,253.114713807) } )
Pocket 15 :
({  (324.0,282.346745257) ,(280.853481942,252.026306071) } )
Pocket 16 :
({  (324.0,282.346745257) ,(280.839019982,250.002985384) } )
Pocket 17 :
({  (324.0,282.346745257) ,(280.83376958,249.120354089) } )
Pocket 18 :
({  (324.0,282.346745257) ,(280.833497859,249.073329901) } )
Pocket 19 :
({  (279.982761224,238.047467634) ,(279.960563547,239.622202415) } {  (279.982761224,238.047467634) ,(279.960563547,239.622202415) } )
Pocket 20 :
({  (279.995282496,237.064878252) ,(279.982761224,238.047467634) } {  (279.995282496,237.064878252) ,(279.982761224,238.047467634) } )
Pocket 21 :
({  (280.040086651,233.167086444) ,(279.995282496,237.064878252) } {  (280.040086651,233.167086444) ,(279.995282496,237.064878252) } )
Pocket 22 :
({  (280.069281815,230.443820938) ,(280.040086651,233.167086444) } {  (280.069281815,230.443820938) ,(280.040086651,233.167086444) } )
Pocket 23 :
({  (280.07207966,230.021731997) ,(280.069281815,230.443820938) } {  (280.07207966,230.021731997) ,(280.069281815,230.443820938) } )
Pocket 24 :
({  (280.078714654,228.430968713) ,(280.07207966,230.021731997) } {  (280.078714654,228.430968713) ,(280.07207966,230.021731997) } )
