4 layers in onion peeling: 
Layer 1
(36.0,-47.6289301244) (0.0,-5.98756875386) 
Layer 2
(31.5616427236,-65.536496275) (4.61863465655,-42.7500638015) 
Layer 3
(29.7945747532,-73.8678385253) (4.62278182691,-42.8216539733) 
Layer 4
(27.6248826756,-84.6629988766) (8.64772849723,-125.667707283) 
---------------------------------------------------------------------------------------
TD 0 :
(36.0,-47.6289301244) (31.5616427236,-65.536496275) (29.7945747532,-73.8678385253) (27.6248826756,-84.6629988766) (27.352939571,-86.0857052644) (24.7573234454,-101.99390568) (8.64772849723,-125.667707283) (4.62278182691,-42.8216539733) (4.61863465655,-42.7500638015) (0.0,-5.98756875386) 
TD 1 :
(36.0,-47.6289301244) (0.0,-5.98756875386) (4.61863465655,-42.7500638015) (4.62278182691,-42.8216539733) (8.64772849723,-125.667707283) (24.7573234454,-101.99390568) (27.352939571,-86.0857052644) (27.6248826756,-84.6629988766) (29.7945747532,-73.8678385253) (31.5616427236,-65.536496275) 
TD 2 :
(36.0,-47.6289301244) (0.0,-5.98756875386) (31.5616427236,-65.536496275) (4.61863465655,-42.7500638015) (4.62278182691,-42.8216539733) (8.64772849723,-125.667707283) (24.7573234454,-101.99390568) (27.352939571,-86.0857052644) (27.6248826756,-84.6629988766) (29.7945747532,-73.8678385253) 
TD 3 :
(36.0,-47.6289301244) (0.0,-5.98756875386) (31.5616427236,-65.536496275) (4.61863465655,-42.7500638015) (29.7945747532,-73.8678385253) (4.62278182691,-42.8216539733) (8.64772849723,-125.667707283) (24.7573234454,-101.99390568) (27.352939571,-86.0857052644) (27.6248826756,-84.6629988766) 
TD 4 :
(36.0,-47.6289301244) (0.0,-5.98756875386) (31.5616427236,-65.536496275) (4.61863465655,-42.7500638015) (29.7945747532,-73.8678385253) (4.62278182691,-42.8216539733) (27.6248826756,-84.6629988766) (8.64772849723,-125.667707283) (24.7573234454,-101.99390568) (27.352939571,-86.0857052644) 
Pocket 0 :
()
Pocket 1 :
({  (0.0,-5.98756875386) ,(4.61863465655,-42.7500638015) } {  (31.5616427236,-65.536496275) ,(36.0,-47.6289301244) } )
Pocket 2 :
({  (4.61863465655,-42.7500638015) ,(0.0,-5.98756875386) } {  (36.0,-47.6289301244) ,(31.5616427236,-65.536496275) } )
Pocket 3 :
({  (4.62278182691,-42.8216539733) ,(4.61863465655,-42.7500638015) } {  (36.0,-47.6289301244) ,(29.7945747532,-73.8678385253) } )
