4 layers in onion peeling: 
Layer 1
(36.0,-15.8190609548) (0.0,-26.0243166614) 
Layer 2
(33.1378992349,-25.172162585) (2.60139234335,-33.0600351245) 
Layer 3
(32.1819734477,-28.2975864572) (3.57655772881,-35.7351683207) 
Layer 4
(28.3635215351,-41.0985706774) (9.43849922656,-52.4948361939) 
---------------------------------------------------------------------------------------
TD 0 :
(36.0,-15.8190609548) (33.1378992349,-25.172162585) (32.1819734477,-28.2975864572) (28.3635215351,-41.0985706774) (11.898533556,-72.2717084) (11.6180168399,-60.8625761185) (9.43849922656,-52.4948361939) (3.57655772881,-35.7351683207) (2.60139234335,-33.0600351245) (0.0,-26.0243166614) 
TD 1 :
(36.0,-15.8190609548) (0.0,-26.0243166614) (2.60139234335,-33.0600351245) (3.57655772881,-35.7351683207) (9.43849922656,-52.4948361939) (11.6180168399,-60.8625761185) (11.898533556,-72.2717084) (28.3635215351,-41.0985706774) (32.1819734477,-28.2975864572) (33.1378992349,-25.172162585) 
TD 2 :
(36.0,-15.8190609548) (0.0,-26.0243166614) (33.1378992349,-25.172162585) (2.60139234335,-33.0600351245) (3.57655772881,-35.7351683207) (9.43849922656,-52.4948361939) (11.6180168399,-60.8625761185) (11.898533556,-72.2717084) (28.3635215351,-41.0985706774) (32.1819734477,-28.2975864572) 
TD 3 :
(36.0,-15.8190609548) (0.0,-26.0243166614) (33.1378992349,-25.172162585) (2.60139234335,-33.0600351245) (32.1819734477,-28.2975864572) (3.57655772881,-35.7351683207) (9.43849922656,-52.4948361939) (11.6180168399,-60.8625761185) (11.898533556,-72.2717084) (28.3635215351,-41.0985706774) 
TD 4 :
(36.0,-15.8190609548) (0.0,-26.0243166614) (33.1378992349,-25.172162585) (2.60139234335,-33.0600351245) (32.1819734477,-28.2975864572) (3.57655772881,-35.7351683207) (28.3635215351,-41.0985706774) (9.43849922656,-52.4948361939) (11.6180168399,-60.8625761185) (11.898533556,-72.2717084) 
Pocket 0 :
()
Pocket 1 :
({  (0.0,-26.0243166614) ,(2.60139234335,-33.0600351245) } {  (33.1378992349,-25.172162585) ,(36.0,-15.8190609548) } )
Pocket 2 :
({  (2.60139234335,-33.0600351245) ,(0.0,-26.0243166614) } {  (36.0,-15.8190609548) ,(33.1378992349,-25.172162585) } )
Pocket 3 :
({  (3.57655772881,-35.7351683207) ,(2.60139234335,-33.0600351245) } {  (36.0,-15.8190609548) ,(32.1819734477,-28.2975864572) } )
