4 layers in onion peeling: 
Layer 1
(36.0,-36.3439753954) (0.0,-29.6998308822) 
Layer 2
(32.2230257213,-43.1457879304) (3.82126510357,-47.7359463224) 
Layer 3
(31.6626544414,-44.2446530196) (5.52574232565,-56.8700054599) 
Layer 4
(28.0470924945,-53.0709935472) (8.08000872214,-79.4133842738) 
---------------------------------------------------------------------------------------
TD 0 :
(36.0,-36.3439753954) (32.2230257213,-43.1457879304) (31.6626544414,-44.2446530196) (28.0470924945,-53.0709935472) (26.7272751657,-56.9287911165) (23.5948364853,-70.6759169123) (8.08000872214,-79.4133842738) (5.52574232565,-56.8700054599) (3.82126510357,-47.7359463224) (0.0,-29.6998308822) 
TD 1 :
(36.0,-36.3439753954) (0.0,-29.6998308822) (3.82126510357,-47.7359463224) (5.52574232565,-56.8700054599) (8.08000872214,-79.4133842738) (23.5948364853,-70.6759169123) (26.7272751657,-56.9287911165) (28.0470924945,-53.0709935472) (31.6626544414,-44.2446530196) (32.2230257213,-43.1457879304) 
TD 2 :
(36.0,-36.3439753954) (0.0,-29.6998308822) (32.2230257213,-43.1457879304) (3.82126510357,-47.7359463224) (5.52574232565,-56.8700054599) (8.08000872214,-79.4133842738) (23.5948364853,-70.6759169123) (26.7272751657,-56.9287911165) (28.0470924945,-53.0709935472) (31.6626544414,-44.2446530196) 
TD 3 :
(36.0,-36.3439753954) (0.0,-29.6998308822) (32.2230257213,-43.1457879304) (3.82126510357,-47.7359463224) (31.6626544414,-44.2446530196) (5.52574232565,-56.8700054599) (8.08000872214,-79.4133842738) (23.5948364853,-70.6759169123) (26.7272751657,-56.9287911165) (28.0470924945,-53.0709935472) 
TD 4 :
(36.0,-36.3439753954) (0.0,-29.6998308822) (32.2230257213,-43.1457879304) (3.82126510357,-47.7359463224) (31.6626544414,-44.2446530196) (5.52574232565,-56.8700054599) (28.0470924945,-53.0709935472) (8.08000872214,-79.4133842738) (23.5948364853,-70.6759169123) (26.7272751657,-56.9287911165) 
Pocket 0 :
()
Pocket 1 :
({  (0.0,-29.6998308822) ,(3.82126510357,-47.7359463224) } {  (32.2230257213,-43.1457879304) ,(36.0,-36.3439753954) } )
Pocket 2 :
({  (3.82126510357,-47.7359463224) ,(0.0,-29.6998308822) } {  (36.0,-36.3439753954) ,(32.2230257213,-43.1457879304) } )
Pocket 3 :
({  (5.52574232565,-56.8700054599) ,(3.82126510357,-47.7359463224) } {  (36.0,-36.3439753954) ,(31.6626544414,-44.2446530196) } )
