17 layers in onion peeling: 
Layer 1
(324.0,76.473417203) (288.0,120.237964837) (180.0,175.788881664) (108.0,166.128748591) (72.0,108.321509993) (0.0,-23.1544944349) 
Layer 2
(283.18459361,101.419223461) (177.219447191,135.176911897) (144.0,144.83380584) (106.891408215,147.265489196) (74.1246290926,102.151409652) (36.0,25.3754323515) 
Layer 3
(283.11106015,101.124709837) (177.162098812,134.160162801) (144.746004018,143.144706283) (106.306630904,137.273309919) (74.3240175578,101.562518622) (37.6324458146,19.8148220554) 
Layer 4
(281.375542312,89.1692600676) (146.174252433,139.767544659) (105.817898856,127.547896561) (74.8666353102,99.8881579684) (37.7576219042,19.3879520063) 
Layer 5
(280.739482518,83.7043107103) (252.0,97.1743699702) (146.385245541,139.262101685) (75.7181290113,97.2052215418) (37.7866723828,19.2806845235) 
Layer 6
(264.063457278,45.5107891909) (263.68035786,49.3255600827) (263.307701291,51.3783605204) (258.192382363,72.1364467578) (216.0,102.807137982) (146.890229396,138.043140609) (75.7714604324,97.0361070529) (38.5929073093,16.2860903841) 
Layer 7
(175.868485592,110.677241242) (147.458726933,136.593026693) (75.9288024694,96.5187000797) (38.976922822,14.8431807405) 
Layer 8
(158.396067999,86.6950795971) (157.047074664,100.377915489) (156.819903485,101.922606561) (154.903473523,112.063363669) (154.74755035,112.884281487) (153.494793432,117.926116403) (153.427067999,118.179028708) (152.400698676,121.914443418) (152.22243798,122.553969135) (151.938492142,123.532608211) (151.216174496,125.801017072) (150.73454446,127.291217911) (150.716507212,127.34639768) (149.588794188,130.707500629) (148.611670304,133.605309538) (148.595068852,133.651858922) (148.507340594,133.89366089) (147.675094211,136.040820641) (105.114439433,112.148428946) (77.2734027732,92.0009504499) (39.3995780512,13.236916685) 
Layer 9
(104.018644874,85.1151708244) (77.4083917744,91.5274150991) (41.8743552266,3.79167949565) 
Layer 10
(103.566637297,66.4470946563) (78.0653938735,89.0706101531) (41.9525350595,3.47928357073) 
Layer 11
(103.492329415,62.763145303) (78.3200476659,88.0224193782) (42.0230309601,3.18658571948) 
Layer 12
(87.8280709793,33.6893847596) (86.0997881964,49.2928009469) (85.062954735,55.5089645931) (84.5320607721,58.5019241024) (82.9018824394,67.0233211383) (82.5682084046,68.6845973716) (82.1265581541,70.8689631992) (80.9749911,76.2653421573) (80.3240112401,79.2344013853) (79.7423804738,81.7926693946) (43.0346262786,-1.05271497647) 
Layer 13
(70.967669709,47.08550468) (43.1112507459,-1.39572805205) 
Layer 14
(70.9316628188,44.9300221157) (43.6247042549,-3.73247458593) 
Layer 15
(70.8611537642,40.4139094704) (44.0064226319,-5.49026446313) 
Layer 16
(70.8395750201,37.6674315185) (45.6435504837,-13.0763687871) 
Layer 17
(52.8469718516,-95.4167104946) (52.5662324908,-71.0033034176) (52.0756229161,-64.2391785648) (51.9478132423,-62.4955698819) (50.8196518876,-47.7185610486) (50.6483880766,-46.0639068401) (49.4616566385,-36.1843993163) (48.3568938329,-28.9048792359) (47.454745956,-23.0366803717) (46.7962219086,-18.9660976598) (46.0457430642,-15.0124264043) 
---------------------------------------------------------------------------------------
TD 0 :
(324.0,76.473417203) (288.0,120.237964837) (283.18459361,101.419223461) (283.11106015,101.124709837) (281.375542312,89.1692600676) (280.739482518,83.7043107103) (264.063457278,45.5107891909) (263.68035786,49.3255600827) (263.307701291,51.3783605204) (258.192382363,72.1364467578) (252.0,97.1743699702) (216.0,102.807137982) (180.0,175.788881664) (177.219447191,135.176911897) (177.162098812,134.160162801) (175.868485592,110.677241242) (158.396067999,86.6950795971) (157.047074664,100.377915489) (156.819903485,101.922606561) (154.903473523,112.063363669) (154.74755035,112.884281487) (153.494793432,117.926116403) (153.427067999,118.179028708) (152.400698676,121.914443418) (152.22243798,122.553969135) (151.938492142,123.532608211) (151.216174496,125.801017072) (150.73454446,127.291217911) (150.716507212,127.34639768) (149.588794188,130.707500629) (148.611670304,133.605309538) (148.595068852,133.651858922) (148.507340594,133.89366089) (147.675094211,136.040820641) (147.458726933,136.593026693) (146.890229396,138.043140609) (146.385245541,139.262101685) (146.174252433,139.767544659) (144.746004018,143.144706283) (144.0,144.83380584) (108.0,166.128748591) (106.891408215,147.265489196) (106.306630904,137.273309919) (105.817898856,127.547896561) (105.114439433,112.148428946) (104.018644874,85.1151708244) (103.566637297,66.4470946563) (103.492329415,62.763145303) (87.8280709793,33.6893847596) (86.0997881964,49.2928009469) (85.062954735,55.5089645931) (84.5320607721,58.5019241024) (82.9018824394,67.0233211383) (82.5682084046,68.6845973716) (82.1265581541,70.8689631992) (80.9749911,76.2653421573) (80.3240112401,79.2344013853) (79.7423804738,81.7926693946) (78.3200476659,88.0224193782) (78.0653938735,89.0706101531) (77.4083917744,91.5274150991) (77.2734027732,92.0009504499) (75.9288024694,96.5187000797) (75.7714604324,97.0361070529) (75.7181290113,97.2052215418) (74.8666353102,99.8881579684) (74.3240175578,101.562518622) (74.1246290926,102.151409652) (72.0,108.321509993) (70.967669709,47.08550468) (70.9316628188,44.9300221157) (70.8611537642,40.4139094704) (70.8395750201,37.6674315185) (52.8469718516,-95.4167104946) (52.5662324908,-71.0033034176) (52.0756229161,-64.2391785648) (51.9478132423,-62.4955698819) (50.8196518876,-47.7185610486) (50.6483880766,-46.0639068401) (49.4616566385,-36.1843993163) (48.3568938329,-28.9048792359) (47.454745956,-23.0366803717) (46.7962219086,-18.9660976598) (46.0457430642,-15.0124264043) (45.6435504837,-13.0763687871) (44.0064226319,-5.49026446313) (43.6247042549,-3.73247458593) (43.1112507459,-1.39572805205) (43.0346262786,-1.05271497647) (42.0230309601,3.18658571948) (41.9525350595,3.47928357073) (41.8743552266,3.79167949565) (39.3995780512,13.236916685) (38.976922822,14.8431807405) (38.5929073093,16.2860903841) (37.7866723828,19.2806845235) (37.7576219042,19.3879520063) (37.6324458146,19.8148220554) (36.0,25.3754323515) (0.0,-23.1544944349) 
TD 1 :
(324.0,76.473417203) (288.0,120.237964837) (180.0,175.788881664) (108.0,166.128748591) (72.0,108.321509993) (0.0,-23.1544944349) (36.0,25.3754323515) (37.6324458146,19.8148220554) (37.7576219042,19.3879520063) (37.7866723828,19.2806845235) (38.5929073093,16.2860903841) (38.976922822,14.8431807405) (39.3995780512,13.236916685) (41.8743552266,3.79167949565) (41.9525350595,3.47928357073) (42.0230309601,3.18658571948) (43.0346262786,-1.05271497647) (43.1112507459,-1.39572805205) (43.6247042549,-3.73247458593) (44.0064226319,-5.49026446313) (45.6435504837,-13.0763687871) (46.0457430642,-15.0124264043) (46.7962219086,-18.9660976598) (47.454745956,-23.0366803717) (48.3568938329,-28.9048792359) (49.4616566385,-36.1843993163) (50.6483880766,-46.0639068401) (50.8196518876,-47.7185610486) (51.9478132423,-62.4955698819) (52.0756229161,-64.2391785648) (52.5662324908,-71.0033034176) (52.8469718516,-95.4167104946) (70.8395750201,37.6674315185) (70.8611537642,40.4139094704) (70.9316628188,44.9300221157) (70.967669709,47.08550468) 
(324.0,76.473417203) (288.0,120.237964837) (180.0,175.788881664) (108.0,166.128748591) (72.0,108.321509993) (0.0,-23.1544944349) (74.1246290926,102.151409652) (74.3240175578,101.562518622) (74.8666353102,99.8881579684) (75.7181290113,97.2052215418) (75.7714604324,97.0361070529) (75.9288024694,96.5187000797) (77.2734027732,92.0009504499) (77.4083917744,91.5274150991) (78.0653938735,89.0706101531) (78.3200476659,88.0224193782) (79.7423804738,81.7926693946) (80.3240112401,79.2344013853) (80.9749911,76.2653421573) (82.1265581541,70.8689631992) (82.5682084046,68.6845973716) (82.9018824394,67.0233211383) (84.5320607721,58.5019241024) (85.062954735,55.5089645931) (86.0997881964,49.2928009469) (87.8280709793,33.6893847596) (103.492329415,62.763145303) (103.566637297,66.4470946563) (104.018644874,85.1151708244) (105.114439433,112.148428946) (105.817898856,127.547896561) (106.306630904,137.273309919) (106.891408215,147.265489196) 
(324.0,76.473417203) (288.0,120.237964837) (180.0,175.788881664) (108.0,166.128748591) (72.0,108.321509993) (0.0,-23.1544944349) (144.0,144.83380584) (144.746004018,143.144706283) (146.174252433,139.767544659) (146.385245541,139.262101685) (146.890229396,138.043140609) (147.458726933,136.593026693) (147.675094211,136.040820641) (148.507340594,133.89366089) (148.595068852,133.651858922) (148.611670304,133.605309538) (149.588794188,130.707500629) (150.716507212,127.34639768) (150.73454446,127.291217911) (151.216174496,125.801017072) (151.938492142,123.532608211) (152.22243798,122.553969135) (152.400698676,121.914443418) (153.427067999,118.179028708) (153.494793432,117.926116403) (154.74755035,112.884281487) (154.903473523,112.063363669) (156.819903485,101.922606561) (157.047074664,100.377915489) (158.396067999,86.6950795971) (175.868485592,110.677241242) (177.162098812,134.160162801) (177.219447191,135.176911897) 
(324.0,76.473417203) (288.0,120.237964837) (180.0,175.788881664) (108.0,166.128748591) (72.0,108.321509993) (0.0,-23.1544944349) (216.0,102.807137982) (252.0,97.1743699702) (258.192382363,72.1364467578) (263.307701291,51.3783605204) (263.68035786,49.3255600827) (264.063457278,45.5107891909) (280.739482518,83.7043107103) (281.375542312,89.1692600676) (283.11106015,101.124709837) (283.18459361,101.419223461) 
(324.0,76.473417203) (288.0,120.237964837) (180.0,175.788881664) (108.0,166.128748591) (72.0,108.321509993) (0.0,-23.1544944349) 
TD 2 :
(324.0,76.473417203) (288.0,120.237964837) (180.0,175.788881664) (108.0,166.128748591) (72.0,108.321509993) (0.0,-23.1544944349) (36.0,25.3754323515) (37.6324458146,19.8148220554) (37.7576219042,19.3879520063) (37.7866723828,19.2806845235) (38.5929073093,16.2860903841) (38.976922822,14.8431807405) (39.3995780512,13.236916685) (41.8743552266,3.79167949565) (41.9525350595,3.47928357073) (42.0230309601,3.18658571948) (43.0346262786,-1.05271497647) (43.1112507459,-1.39572805205) (43.6247042549,-3.73247458593) (44.0064226319,-5.49026446313) (45.6435504837,-13.0763687871) (46.0457430642,-15.0124264043) (46.7962219086,-18.9660976598) (47.454745956,-23.0366803717) (48.3568938329,-28.9048792359) (49.4616566385,-36.1843993163) (50.6483880766,-46.0639068401) (50.8196518876,-47.7185610486) (51.9478132423,-62.4955698819) (52.0756229161,-64.2391785648) (52.5662324908,-71.0033034176) (52.8469718516,-95.4167104946) (70.8395750201,37.6674315185) (70.8611537642,40.4139094704) (70.9316628188,44.9300221157) (70.967669709,47.08550468) 
(324.0,76.473417203) (288.0,120.237964837) (180.0,175.788881664) (108.0,166.128748591) (72.0,108.321509993) (0.0,-23.1544944349) (106.891408215,147.265489196) (74.1246290926,102.151409652) 
(324.0,76.473417203) (288.0,120.237964837) (180.0,175.788881664) (108.0,166.128748591) (72.0,108.321509993) (0.0,-23.1544944349) (106.891408215,147.265489196) (74.1246290926,102.151409652) (74.3240175578,101.562518622) (74.8666353102,99.8881579684) (75.7181290113,97.2052215418) (75.7714604324,97.0361070529) (75.9288024694,96.5187000797) (77.2734027732,92.0009504499) (77.4083917744,91.5274150991) (78.0653938735,89.0706101531) (78.3200476659,88.0224193782) (79.7423804738,81.7926693946) (80.3240112401,79.2344013853) (80.9749911,76.2653421573) (82.1265581541,70.8689631992) (82.5682084046,68.6845973716) (82.9018824394,67.0233211383) (84.5320607721,58.5019241024) (85.062954735,55.5089645931) (86.0997881964,49.2928009469) (87.8280709793,33.6893847596) (103.492329415,62.763145303) (103.566637297,66.4470946563) (104.018644874,85.1151708244) (105.114439433,112.148428946) (105.817898856,127.547896561) (106.306630904,137.273309919) 
(324.0,76.473417203) (288.0,120.237964837) (180.0,175.788881664) (108.0,166.128748591) (72.0,108.321509993) (0.0,-23.1544944349) (106.891408215,147.265489196) (74.1246290926,102.151409652) 
(324.0,76.473417203) (288.0,120.237964837) (180.0,175.788881664) (108.0,166.128748591) (72.0,108.321509993) (0.0,-23.1544944349) (177.219447191,135.176911897) (144.0,144.83380584) 
(324.0,76.473417203) (288.0,120.237964837) (180.0,175.788881664) (108.0,166.128748591) (72.0,108.321509993) (0.0,-23.1544944349) (177.219447191,135.176911897) (144.0,144.83380584) (144.746004018,143.144706283) (146.174252433,139.767544659) (146.385245541,139.262101685) (146.890229396,138.043140609) (147.458726933,136.593026693) (147.675094211,136.040820641) (148.507340594,133.89366089) (148.595068852,133.651858922) (148.611670304,133.605309538) (149.588794188,130.707500629) (150.716507212,127.34639768) (150.73454446,127.291217911) (151.216174496,125.801017072) (151.938492142,123.532608211) (152.22243798,122.553969135) (152.400698676,121.914443418) (153.427067999,118.179028708) (153.494793432,117.926116403) (154.74755035,112.884281487) (154.903473523,112.063363669) (156.819903485,101.922606561) (157.047074664,100.377915489) (158.396067999,86.6950795971) (175.868485592,110.677241242) (177.162098812,134.160162801) 
(324.0,76.473417203) (288.0,120.237964837) (180.0,175.788881664) (108.0,166.128748591) (72.0,108.321509993) (0.0,-23.1544944349) (177.219447191,135.176911897) (144.0,144.83380584) 
(324.0,76.473417203) (288.0,120.237964837) (180.0,175.788881664) (108.0,166.128748591) (72.0,108.321509993) (0.0,-23.1544944349) (283.18459361,101.419223461) (216.0,102.807137982) (252.0,97.1743699702) (258.192382363,72.1364467578) (263.307701291,51.3783605204) (263.68035786,49.3255600827) (264.063457278,45.5107891909) (280.739482518,83.7043107103) (281.375542312,89.1692600676) (283.11106015,101.124709837) 
TD 3 :
(324.0,76.473417203) (288.0,120.237964837) (180.0,175.788881664) (108.0,166.128748591) (72.0,108.321509993) (0.0,-23.1544944349) (36.0,25.3754323515) (37.6324458146,19.8148220554) (37.7576219042,19.3879520063) (37.7866723828,19.2806845235) (38.5929073093,16.2860903841) (38.976922822,14.8431807405) (39.3995780512,13.236916685) (41.8743552266,3.79167949565) (41.9525350595,3.47928357073) (42.0230309601,3.18658571948) (43.0346262786,-1.05271497647) (43.1112507459,-1.39572805205) (43.6247042549,-3.73247458593) (44.0064226319,-5.49026446313) (45.6435504837,-13.0763687871) (46.0457430642,-15.0124264043) (46.7962219086,-18.9660976598) (47.454745956,-23.0366803717) (48.3568938329,-28.9048792359) (49.4616566385,-36.1843993163) (50.6483880766,-46.0639068401) (50.8196518876,-47.7185610486) (51.9478132423,-62.4955698819) (52.0756229161,-64.2391785648) (52.5662324908,-71.0033034176) (52.8469718516,-95.4167104946) (70.8395750201,37.6674315185) (70.8611537642,40.4139094704) (70.9316628188,44.9300221157) (70.967669709,47.08550468) 
(324.0,76.473417203) (288.0,120.237964837) (180.0,175.788881664) (108.0,166.128748591) (72.0,108.321509993) (0.0,-23.1544944349) (106.891408215,147.265489196) (74.1246290926,102.151409652) (106.306630904,137.273309919) (74.3240175578,101.562518622) 
(324.0,76.473417203) (288.0,120.237964837) (180.0,175.788881664) (108.0,166.128748591) (72.0,108.321509993) (0.0,-23.1544944349) (106.891408215,147.265489196) (74.1246290926,102.151409652) (106.306630904,137.273309919) (74.3240175578,101.562518622) (74.8666353102,99.8881579684) (75.7181290113,97.2052215418) (75.7714604324,97.0361070529) (75.9288024694,96.5187000797) (77.2734027732,92.0009504499) (77.4083917744,91.5274150991) (78.0653938735,89.0706101531) (78.3200476659,88.0224193782) (79.7423804738,81.7926693946) (80.3240112401,79.2344013853) (80.9749911,76.2653421573) (82.1265581541,70.8689631992) (82.5682084046,68.6845973716) (82.9018824394,67.0233211383) (84.5320607721,58.5019241024) (85.062954735,55.5089645931) (86.0997881964,49.2928009469) (87.8280709793,33.6893847596) (103.492329415,62.763145303) (103.566637297,66.4470946563) (104.018644874,85.1151708244) (105.114439433,112.148428946) (105.817898856,127.547896561) 
(324.0,76.473417203) (288.0,120.237964837) (180.0,175.788881664) (108.0,166.128748591) (72.0,108.321509993) (0.0,-23.1544944349) (106.891408215,147.265489196) (74.1246290926,102.151409652) (106.306630904,137.273309919) (74.3240175578,101.562518622) 
(324.0,76.473417203) (288.0,120.237964837) (180.0,175.788881664) (108.0,166.128748591) (72.0,108.321509993) (0.0,-23.1544944349) (177.219447191,135.176911897) (144.0,144.83380584) (177.162098812,134.160162801) (144.746004018,143.144706283) 
(324.0,76.473417203) (288.0,120.237964837) (180.0,175.788881664) (108.0,166.128748591) (72.0,108.321509993) (0.0,-23.1544944349) (177.219447191,135.176911897) (144.0,144.83380584) (177.162098812,134.160162801) (144.746004018,143.144706283) (146.174252433,139.767544659) (146.385245541,139.262101685) (146.890229396,138.043140609) (147.458726933,136.593026693) (147.675094211,136.040820641) (148.507340594,133.89366089) (148.595068852,133.651858922) (148.611670304,133.605309538) (149.588794188,130.707500629) (150.716507212,127.34639768) (150.73454446,127.291217911) (151.216174496,125.801017072) (151.938492142,123.532608211) (152.22243798,122.553969135) (152.400698676,121.914443418) (153.427067999,118.179028708) (153.494793432,117.926116403) (154.74755035,112.884281487) (154.903473523,112.063363669) (156.819903485,101.922606561) (157.047074664,100.377915489) (158.396067999,86.6950795971) (175.868485592,110.677241242) 
(324.0,76.473417203) (288.0,120.237964837) (180.0,175.788881664) (108.0,166.128748591) (72.0,108.321509993) (0.0,-23.1544944349) (177.219447191,135.176911897) (144.0,144.83380584) (177.162098812,134.160162801) (144.746004018,143.144706283) 
(324.0,76.473417203) (288.0,120.237964837) (180.0,175.788881664) (108.0,166.128748591) (72.0,108.321509993) (0.0,-23.1544944349) (283.18459361,101.419223461) (283.11106015,101.124709837) (216.0,102.807137982) (252.0,97.1743699702) (258.192382363,72.1364467578) (263.307701291,51.3783605204) (263.68035786,49.3255600827) (264.063457278,45.5107891909) (280.739482518,83.7043107103) (281.375542312,89.1692600676) 
TD 4 :
(324.0,76.473417203) (288.0,120.237964837) (180.0,175.788881664) (108.0,166.128748591) (72.0,108.321509993) (0.0,-23.1544944349) (36.0,25.3754323515) (37.6324458146,19.8148220554) (37.7576219042,19.3879520063) (37.7866723828,19.2806845235) (38.5929073093,16.2860903841) (38.976922822,14.8431807405) (39.3995780512,13.236916685) (41.8743552266,3.79167949565) (41.9525350595,3.47928357073) (42.0230309601,3.18658571948) (43.0346262786,-1.05271497647) (43.1112507459,-1.39572805205) (43.6247042549,-3.73247458593) (44.0064226319,-5.49026446313) (45.6435504837,-13.0763687871) (46.0457430642,-15.0124264043) (46.7962219086,-18.9660976598) (47.454745956,-23.0366803717) (48.3568938329,-28.9048792359) (49.4616566385,-36.1843993163) (50.6483880766,-46.0639068401) (50.8196518876,-47.7185610486) (51.9478132423,-62.4955698819) (52.0756229161,-64.2391785648) (52.5662324908,-71.0033034176) (52.8469718516,-95.4167104946) (70.8395750201,37.6674315185) (70.8611537642,40.4139094704) (70.9316628188,44.9300221157) (70.967669709,47.08550468) 
(324.0,76.473417203) (288.0,120.237964837) (180.0,175.788881664) (108.0,166.128748591) (72.0,108.321509993) (0.0,-23.1544944349) (106.891408215,147.265489196) (74.1246290926,102.151409652) (106.306630904,137.273309919) (74.3240175578,101.562518622) (105.817898856,127.547896561) (74.8666353102,99.8881579684) 
(324.0,76.473417203) (288.0,120.237964837) (180.0,175.788881664) (108.0,166.128748591) (72.0,108.321509993) (0.0,-23.1544944349) (106.891408215,147.265489196) (74.1246290926,102.151409652) (106.306630904,137.273309919) (74.3240175578,101.562518622) (105.817898856,127.547896561) (74.8666353102,99.8881579684) (75.7181290113,97.2052215418) (75.7714604324,97.0361070529) (75.9288024694,96.5187000797) (77.2734027732,92.0009504499) (77.4083917744,91.5274150991) (78.0653938735,89.0706101531) (78.3200476659,88.0224193782) (79.7423804738,81.7926693946) (80.3240112401,79.2344013853) (80.9749911,76.2653421573) (82.1265581541,70.8689631992) (82.5682084046,68.6845973716) (82.9018824394,67.0233211383) (84.5320607721,58.5019241024) (85.062954735,55.5089645931) (86.0997881964,49.2928009469) (87.8280709793,33.6893847596) (103.492329415,62.763145303) (103.566637297,66.4470946563) (104.018644874,85.1151708244) (105.114439433,112.148428946) 
(324.0,76.473417203) (288.0,120.237964837) (180.0,175.788881664) (108.0,166.128748591) (72.0,108.321509993) (0.0,-23.1544944349) (106.891408215,147.265489196) (74.1246290926,102.151409652) (106.306630904,137.273309919) (74.3240175578,101.562518622) (105.817898856,127.547896561) (74.8666353102,99.8881579684) 
(324.0,76.473417203) (288.0,120.237964837) (180.0,175.788881664) (108.0,166.128748591) (72.0,108.321509993) (0.0,-23.1544944349) (177.219447191,135.176911897) (144.0,144.83380584) (177.162098812,134.160162801) (144.746004018,143.144706283) (146.174252433,139.767544659) 
(324.0,76.473417203) (288.0,120.237964837) (180.0,175.788881664) (108.0,166.128748591) (72.0,108.321509993) (0.0,-23.1544944349) (177.219447191,135.176911897) (144.0,144.83380584) (177.162098812,134.160162801) (144.746004018,143.144706283) (146.174252433,139.767544659) (146.385245541,139.262101685) (146.890229396,138.043140609) (147.458726933,136.593026693) (147.675094211,136.040820641) (148.507340594,133.89366089) (148.595068852,133.651858922) (148.611670304,133.605309538) (149.588794188,130.707500629) (150.716507212,127.34639768) (150.73454446,127.291217911) (151.216174496,125.801017072) (151.938492142,123.532608211) (152.22243798,122.553969135) (152.400698676,121.914443418) (153.427067999,118.179028708) (153.494793432,117.926116403) (154.74755035,112.884281487) (154.903473523,112.063363669) (156.819903485,101.922606561) (157.047074664,100.377915489) (158.396067999,86.6950795971) (175.868485592,110.677241242) 
(324.0,76.473417203) (288.0,120.237964837) (180.0,175.788881664) (108.0,166.128748591) (72.0,108.321509993) (0.0,-23.1544944349) (283.18459361,101.419223461) (283.11106015,101.124709837) (281.375542312,89.1692600676) (216.0,102.807137982) (252.0,97.1743699702) (258.192382363,72.1364467578) (263.307701291,51.3783605204) (263.68035786,49.3255600827) (264.063457278,45.5107891909) (280.739482518,83.7043107103) 
TD 5 :
(324.0,76.473417203) (288.0,120.237964837) (180.0,175.788881664) (108.0,166.128748591) (72.0,108.321509993) (0.0,-23.1544944349) (36.0,25.3754323515) (37.6324458146,19.8148220554) (37.7576219042,19.3879520063) (37.7866723828,19.2806845235) (38.5929073093,16.2860903841) (38.976922822,14.8431807405) (39.3995780512,13.236916685) (41.8743552266,3.79167949565) (41.9525350595,3.47928357073) (42.0230309601,3.18658571948) (43.0346262786,-1.05271497647) (43.1112507459,-1.39572805205) (43.6247042549,-3.73247458593) (44.0064226319,-5.49026446313) (45.6435504837,-13.0763687871) (46.0457430642,-15.0124264043) (46.7962219086,-18.9660976598) (47.454745956,-23.0366803717) (48.3568938329,-28.9048792359) (49.4616566385,-36.1843993163) (50.6483880766,-46.0639068401) (50.8196518876,-47.7185610486) (51.9478132423,-62.4955698819) (52.0756229161,-64.2391785648) (52.5662324908,-71.0033034176) (52.8469718516,-95.4167104946) (70.8395750201,37.6674315185) (70.8611537642,40.4139094704) (70.9316628188,44.9300221157) (70.967669709,47.08550468) 
(324.0,76.473417203) (288.0,120.237964837) (180.0,175.788881664) (108.0,166.128748591) (72.0,108.321509993) (0.0,-23.1544944349) (106.891408215,147.265489196) (74.1246290926,102.151409652) (106.306630904,137.273309919) (74.3240175578,101.562518622) (105.817898856,127.547896561) (74.8666353102,99.8881579684) (75.7181290113,97.2052215418) 
(324.0,76.473417203) (288.0,120.237964837) (180.0,175.788881664) (108.0,166.128748591) (72.0,108.321509993) (0.0,-23.1544944349) (106.891408215,147.265489196) (74.1246290926,102.151409652) (106.306630904,137.273309919) (74.3240175578,101.562518622) (105.817898856,127.547896561) (74.8666353102,99.8881579684) (75.7181290113,97.2052215418) (75.7714604324,97.0361070529) (75.9288024694,96.5187000797) (77.2734027732,92.0009504499) (77.4083917744,91.5274150991) (78.0653938735,89.0706101531) (78.3200476659,88.0224193782) (79.7423804738,81.7926693946) (80.3240112401,79.2344013853) (80.9749911,76.2653421573) (82.1265581541,70.8689631992) (82.5682084046,68.6845973716) (82.9018824394,67.0233211383) (84.5320607721,58.5019241024) (85.062954735,55.5089645931) (86.0997881964,49.2928009469) (87.8280709793,33.6893847596) (103.492329415,62.763145303) (103.566637297,66.4470946563) (104.018644874,85.1151708244) (105.114439433,112.148428946) 
(324.0,76.473417203) (288.0,120.237964837) (180.0,175.788881664) (108.0,166.128748591) (72.0,108.321509993) (0.0,-23.1544944349) (177.219447191,135.176911897) (144.0,144.83380584) (177.162098812,134.160162801) (144.746004018,143.144706283) (146.174252433,139.767544659) (146.385245541,139.262101685) 
(324.0,76.473417203) (288.0,120.237964837) (180.0,175.788881664) (108.0,166.128748591) (72.0,108.321509993) (0.0,-23.1544944349) (177.219447191,135.176911897) (144.0,144.83380584) (177.162098812,134.160162801) (144.746004018,143.144706283) (146.174252433,139.767544659) (146.385245541,139.262101685) (146.890229396,138.043140609) (147.458726933,136.593026693) (147.675094211,136.040820641) (148.507340594,133.89366089) (148.595068852,133.651858922) (148.611670304,133.605309538) (149.588794188,130.707500629) (150.716507212,127.34639768) (150.73454446,127.291217911) (151.216174496,125.801017072) (151.938492142,123.532608211) (152.22243798,122.553969135) (152.400698676,121.914443418) (153.427067999,118.179028708) (153.494793432,117.926116403) (154.74755035,112.884281487) (154.903473523,112.063363669) (156.819903485,101.922606561) (157.047074664,100.377915489) (158.396067999,86.6950795971) (175.868485592,110.677241242) 
(324.0,76.473417203) (288.0,120.237964837) (180.0,175.788881664) (108.0,166.128748591) (72.0,108.321509993) (0.0,-23.1544944349) (283.18459361,101.419223461) (283.11106015,101.124709837) (281.375542312,89.1692600676) (280.739482518,83.7043107103) (252.0,97.1743699702) (216.0,102.807137982) 
(324.0,76.473417203) (288.0,120.237964837) (180.0,175.788881664) (108.0,166.128748591) (72.0,108.321509993) (0.0,-23.1544944349) (283.18459361,101.419223461) (283.11106015,101.124709837) (281.375542312,89.1692600676) (280.739482518,83.7043107103) (252.0,97.1743699702) (258.192382363,72.1364467578) (263.307701291,51.3783605204) (263.68035786,49.3255600827) (264.063457278,45.5107891909) 
TD 6 :
(324.0,76.473417203) (288.0,120.237964837) (180.0,175.788881664) (108.0,166.128748591) (72.0,108.321509993) (0.0,-23.1544944349) (36.0,25.3754323515) (37.6324458146,19.8148220554) (37.7576219042,19.3879520063) (37.7866723828,19.2806845235) (38.5929073093,16.2860903841) (38.976922822,14.8431807405) (39.3995780512,13.236916685) (41.8743552266,3.79167949565) (41.9525350595,3.47928357073) (42.0230309601,3.18658571948) (43.0346262786,-1.05271497647) (43.1112507459,-1.39572805205) (43.6247042549,-3.73247458593) (44.0064226319,-5.49026446313) (45.6435504837,-13.0763687871) (46.0457430642,-15.0124264043) (46.7962219086,-18.9660976598) (47.454745956,-23.0366803717) (48.3568938329,-28.9048792359) (49.4616566385,-36.1843993163) (50.6483880766,-46.0639068401) (50.8196518876,-47.7185610486) (51.9478132423,-62.4955698819) (52.0756229161,-64.2391785648) (52.5662324908,-71.0033034176) (52.8469718516,-95.4167104946) (70.8395750201,37.6674315185) (70.8611537642,40.4139094704) (70.9316628188,44.9300221157) (70.967669709,47.08550468) 
(324.0,76.473417203) (288.0,120.237964837) (180.0,175.788881664) (108.0,166.128748591) (72.0,108.321509993) (0.0,-23.1544944349) (106.891408215,147.265489196) (74.1246290926,102.151409652) (106.306630904,137.273309919) (74.3240175578,101.562518622) (105.817898856,127.547896561) (74.8666353102,99.8881579684) (75.7181290113,97.2052215418) (75.7714604324,97.0361070529) 
(324.0,76.473417203) (288.0,120.237964837) (180.0,175.788881664) (108.0,166.128748591) (72.0,108.321509993) (0.0,-23.1544944349) (106.891408215,147.265489196) (74.1246290926,102.151409652) (106.306630904,137.273309919) (74.3240175578,101.562518622) (105.817898856,127.547896561) (74.8666353102,99.8881579684) (75.7181290113,97.2052215418) (75.7714604324,97.0361070529) (75.9288024694,96.5187000797) (77.2734027732,92.0009504499) (77.4083917744,91.5274150991) (78.0653938735,89.0706101531) (78.3200476659,88.0224193782) (79.7423804738,81.7926693946) (80.3240112401,79.2344013853) (80.9749911,76.2653421573) (82.1265581541,70.8689631992) (82.5682084046,68.6845973716) (82.9018824394,67.0233211383) (84.5320607721,58.5019241024) (85.062954735,55.5089645931) (86.0997881964,49.2928009469) (87.8280709793,33.6893847596) (103.492329415,62.763145303) (103.566637297,66.4470946563) (104.018644874,85.1151708244) (105.114439433,112.148428946) 
(324.0,76.473417203) (288.0,120.237964837) (180.0,175.788881664) (108.0,166.128748591) (72.0,108.321509993) (0.0,-23.1544944349) (177.219447191,135.176911897) (144.0,144.83380584) (177.162098812,134.160162801) (144.746004018,143.144706283) (146.174252433,139.767544659) (146.385245541,139.262101685) (146.890229396,138.043140609) 
(324.0,76.473417203) (288.0,120.237964837) (180.0,175.788881664) (108.0,166.128748591) (72.0,108.321509993) (0.0,-23.1544944349) (177.219447191,135.176911897) (144.0,144.83380584) (177.162098812,134.160162801) (144.746004018,143.144706283) (146.174252433,139.767544659) (146.385245541,139.262101685) (146.890229396,138.043140609) (147.458726933,136.593026693) (147.675094211,136.040820641) (148.507340594,133.89366089) (148.595068852,133.651858922) (148.611670304,133.605309538) (149.588794188,130.707500629) (150.716507212,127.34639768) (150.73454446,127.291217911) (151.216174496,125.801017072) (151.938492142,123.532608211) (152.22243798,122.553969135) (152.400698676,121.914443418) (153.427067999,118.179028708) (153.494793432,117.926116403) (154.74755035,112.884281487) (154.903473523,112.063363669) (156.819903485,101.922606561) (157.047074664,100.377915489) (158.396067999,86.6950795971) (175.868485592,110.677241242) 
(324.0,76.473417203) (288.0,120.237964837) (180.0,175.788881664) (108.0,166.128748591) (72.0,108.321509993) (0.0,-23.1544944349) (283.18459361,101.419223461) (283.11106015,101.124709837) (281.375542312,89.1692600676) (280.739482518,83.7043107103) (252.0,97.1743699702) (216.0,102.807137982) 
(324.0,76.473417203) (288.0,120.237964837) (180.0,175.788881664) (108.0,166.128748591) (72.0,108.321509993) (0.0,-23.1544944349) (283.18459361,101.419223461) (283.11106015,101.124709837) (281.375542312,89.1692600676) (280.739482518,83.7043107103) (252.0,97.1743699702) (216.0,102.807137982) 
(324.0,76.473417203) (288.0,120.237964837) (180.0,175.788881664) (108.0,166.128748591) (72.0,108.321509993) (0.0,-23.1544944349) (283.18459361,101.419223461) (283.11106015,101.124709837) (281.375542312,89.1692600676) (280.739482518,83.7043107103) (252.0,97.1743699702) (264.063457278,45.5107891909) (263.68035786,49.3255600827) (263.307701291,51.3783605204) (258.192382363,72.1364467578) 
(324.0,76.473417203) (288.0,120.237964837) (180.0,175.788881664) (108.0,166.128748591) (72.0,108.321509993) (0.0,-23.1544944349) (283.18459361,101.419223461) (283.11106015,101.124709837) (281.375542312,89.1692600676) (280.739482518,83.7043107103) (252.0,97.1743699702) (264.063457278,45.5107891909) (263.68035786,49.3255600827) (263.307701291,51.3783605204) (258.192382363,72.1364467578) 
(324.0,76.473417203) (288.0,120.237964837) (180.0,175.788881664) (108.0,166.128748591) (72.0,108.321509993) (0.0,-23.1544944349) (283.18459361,101.419223461) (283.11106015,101.124709837) (281.375542312,89.1692600676) (280.739482518,83.7043107103) (252.0,97.1743699702) (264.063457278,45.5107891909) (263.68035786,49.3255600827) (263.307701291,51.3783605204) (258.192382363,72.1364467578) 
(324.0,76.473417203) (288.0,120.237964837) (180.0,175.788881664) (108.0,166.128748591) (72.0,108.321509993) (0.0,-23.1544944349) (283.18459361,101.419223461) (283.11106015,101.124709837) (281.375542312,89.1692600676) (280.739482518,83.7043107103) (252.0,97.1743699702) (264.063457278,45.5107891909) (263.68035786,49.3255600827) (263.307701291,51.3783605204) (258.192382363,72.1364467578) 
TD 7 :
(324.0,76.473417203) (288.0,120.237964837) (180.0,175.788881664) (108.0,166.128748591) (72.0,108.321509993) (0.0,-23.1544944349) (36.0,25.3754323515) (37.6324458146,19.8148220554) (37.7576219042,19.3879520063) (37.7866723828,19.2806845235) (38.5929073093,16.2860903841) (38.976922822,14.8431807405) (39.3995780512,13.236916685) (41.8743552266,3.79167949565) (41.9525350595,3.47928357073) (42.0230309601,3.18658571948) (43.0346262786,-1.05271497647) (43.1112507459,-1.39572805205) (43.6247042549,-3.73247458593) (44.0064226319,-5.49026446313) (45.6435504837,-13.0763687871) (46.0457430642,-15.0124264043) (46.7962219086,-18.9660976598) (47.454745956,-23.0366803717) (48.3568938329,-28.9048792359) (49.4616566385,-36.1843993163) (50.6483880766,-46.0639068401) (50.8196518876,-47.7185610486) (51.9478132423,-62.4955698819) (52.0756229161,-64.2391785648) (52.5662324908,-71.0033034176) (52.8469718516,-95.4167104946) (70.8395750201,37.6674315185) (70.8611537642,40.4139094704) (70.9316628188,44.9300221157) (70.967669709,47.08550468) 
(324.0,76.473417203) (288.0,120.237964837) (180.0,175.788881664) (108.0,166.128748591) (72.0,108.321509993) (0.0,-23.1544944349) (106.891408215,147.265489196) (74.1246290926,102.151409652) (106.306630904,137.273309919) (74.3240175578,101.562518622) (105.817898856,127.547896561) (74.8666353102,99.8881579684) (75.7181290113,97.2052215418) (75.7714604324,97.0361070529) (75.9288024694,96.5187000797) 
(324.0,76.473417203) (288.0,120.237964837) (180.0,175.788881664) (108.0,166.128748591) (72.0,108.321509993) (0.0,-23.1544944349) (106.891408215,147.265489196) (74.1246290926,102.151409652) (106.306630904,137.273309919) (74.3240175578,101.562518622) (105.817898856,127.547896561) (74.8666353102,99.8881579684) (75.7181290113,97.2052215418) (75.7714604324,97.0361070529) (75.9288024694,96.5187000797) (77.2734027732,92.0009504499) (77.4083917744,91.5274150991) (78.0653938735,89.0706101531) (78.3200476659,88.0224193782) (79.7423804738,81.7926693946) (80.3240112401,79.2344013853) (80.9749911,76.2653421573) (82.1265581541,70.8689631992) (82.5682084046,68.6845973716) (82.9018824394,67.0233211383) (84.5320607721,58.5019241024) (85.062954735,55.5089645931) (86.0997881964,49.2928009469) (87.8280709793,33.6893847596) (103.492329415,62.763145303) (103.566637297,66.4470946563) (104.018644874,85.1151708244) (105.114439433,112.148428946) 
(324.0,76.473417203) (288.0,120.237964837) (180.0,175.788881664) (108.0,166.128748591) (72.0,108.321509993) (0.0,-23.1544944349) (177.219447191,135.176911897) (144.0,144.83380584) (177.162098812,134.160162801) (144.746004018,143.144706283) (146.174252433,139.767544659) (146.385245541,139.262101685) (146.890229396,138.043140609) (175.868485592,110.677241242) (147.458726933,136.593026693) 
(324.0,76.473417203) (288.0,120.237964837) (180.0,175.788881664) (108.0,166.128748591) (72.0,108.321509993) (0.0,-23.1544944349) (177.219447191,135.176911897) (144.0,144.83380584) (177.162098812,134.160162801) (144.746004018,143.144706283) (146.174252433,139.767544659) (146.385245541,139.262101685) (146.890229396,138.043140609) (175.868485592,110.677241242) (147.458726933,136.593026693) (147.675094211,136.040820641) (148.507340594,133.89366089) (148.595068852,133.651858922) (148.611670304,133.605309538) (149.588794188,130.707500629) (150.716507212,127.34639768) (150.73454446,127.291217911) (151.216174496,125.801017072) (151.938492142,123.532608211) (152.22243798,122.553969135) (152.400698676,121.914443418) (153.427067999,118.179028708) (153.494793432,117.926116403) (154.74755035,112.884281487) (154.903473523,112.063363669) (156.819903485,101.922606561) (157.047074664,100.377915489) (158.396067999,86.6950795971) 
TD 8 :
(324.0,76.473417203) (288.0,120.237964837) (180.0,175.788881664) (108.0,166.128748591) (72.0,108.321509993) (0.0,-23.1544944349) (36.0,25.3754323515) (37.6324458146,19.8148220554) (37.7576219042,19.3879520063) (37.7866723828,19.2806845235) (38.5929073093,16.2860903841) (38.976922822,14.8431807405) (39.3995780512,13.236916685) (41.8743552266,3.79167949565) (41.9525350595,3.47928357073) (42.0230309601,3.18658571948) (43.0346262786,-1.05271497647) (43.1112507459,-1.39572805205) (43.6247042549,-3.73247458593) (44.0064226319,-5.49026446313) (45.6435504837,-13.0763687871) (46.0457430642,-15.0124264043) (46.7962219086,-18.9660976598) (47.454745956,-23.0366803717) (48.3568938329,-28.9048792359) (49.4616566385,-36.1843993163) (50.6483880766,-46.0639068401) (50.8196518876,-47.7185610486) (51.9478132423,-62.4955698819) (52.0756229161,-64.2391785648) (52.5662324908,-71.0033034176) (52.8469718516,-95.4167104946) (70.8395750201,37.6674315185) (70.8611537642,40.4139094704) (70.9316628188,44.9300221157) (70.967669709,47.08550468) 
(324.0,76.473417203) (288.0,120.237964837) (180.0,175.788881664) (108.0,166.128748591) (72.0,108.321509993) (0.0,-23.1544944349) (106.891408215,147.265489196) (74.1246290926,102.151409652) (106.306630904,137.273309919) (74.3240175578,101.562518622) (105.817898856,127.547896561) (74.8666353102,99.8881579684) (75.7181290113,97.2052215418) (75.7714604324,97.0361070529) (75.9288024694,96.5187000797) (105.114439433,112.148428946) (77.2734027732,92.0009504499) 
(324.0,76.473417203) (288.0,120.237964837) (180.0,175.788881664) (108.0,166.128748591) (72.0,108.321509993) (0.0,-23.1544944349) (106.891408215,147.265489196) (74.1246290926,102.151409652) (106.306630904,137.273309919) (74.3240175578,101.562518622) (105.817898856,127.547896561) (74.8666353102,99.8881579684) (75.7181290113,97.2052215418) (75.7714604324,97.0361070529) (75.9288024694,96.5187000797) (105.114439433,112.148428946) (77.2734027732,92.0009504499) (77.4083917744,91.5274150991) (78.0653938735,89.0706101531) (78.3200476659,88.0224193782) (79.7423804738,81.7926693946) (80.3240112401,79.2344013853) (80.9749911,76.2653421573) (82.1265581541,70.8689631992) (82.5682084046,68.6845973716) (82.9018824394,67.0233211383) (84.5320607721,58.5019241024) (85.062954735,55.5089645931) (86.0997881964,49.2928009469) (87.8280709793,33.6893847596) (103.492329415,62.763145303) (103.566637297,66.4470946563) (104.018644874,85.1151708244) 
(324.0,76.473417203) (288.0,120.237964837) (180.0,175.788881664) (108.0,166.128748591) (72.0,108.321509993) (0.0,-23.1544944349) (106.891408215,147.265489196) (74.1246290926,102.151409652) (106.306630904,137.273309919) (74.3240175578,101.562518622) (105.817898856,127.547896561) (74.8666353102,99.8881579684) (75.7181290113,97.2052215418) (75.7714604324,97.0361070529) (75.9288024694,96.5187000797) (105.114439433,112.148428946) (77.2734027732,92.0009504499) 
(324.0,76.473417203) (288.0,120.237964837) (180.0,175.788881664) (108.0,166.128748591) (72.0,108.321509993) (0.0,-23.1544944349) (177.219447191,135.176911897) (144.0,144.83380584) (177.162098812,134.160162801) (144.746004018,143.144706283) (146.174252433,139.767544659) (146.385245541,139.262101685) (146.890229396,138.043140609) (175.868485592,110.677241242) (147.458726933,136.593026693) (158.396067999,86.6950795971) (157.047074664,100.377915489) (156.819903485,101.922606561) (154.903473523,112.063363669) (154.74755035,112.884281487) (153.494793432,117.926116403) (153.427067999,118.179028708) (152.400698676,121.914443418) (152.22243798,122.553969135) (151.938492142,123.532608211) (151.216174496,125.801017072) (150.73454446,127.291217911) (150.716507212,127.34639768) (149.588794188,130.707500629) (148.611670304,133.605309538) (148.595068852,133.651858922) (148.507340594,133.89366089) (147.675094211,136.040820641) 
(324.0,76.473417203) (288.0,120.237964837) (180.0,175.788881664) (108.0,166.128748591) (72.0,108.321509993) (0.0,-23.1544944349) (177.219447191,135.176911897) (144.0,144.83380584) (177.162098812,134.160162801) (144.746004018,143.144706283) (146.174252433,139.767544659) (146.385245541,139.262101685) (146.890229396,138.043140609) (175.868485592,110.677241242) (147.458726933,136.593026693) (158.396067999,86.6950795971) (157.047074664,100.377915489) (156.819903485,101.922606561) (154.903473523,112.063363669) (154.74755035,112.884281487) (153.494793432,117.926116403) (153.427067999,118.179028708) (152.400698676,121.914443418) (152.22243798,122.553969135) (151.938492142,123.532608211) (151.216174496,125.801017072) (150.73454446,127.291217911) (150.716507212,127.34639768) (149.588794188,130.707500629) (148.611670304,133.605309538) (148.595068852,133.651858922) (148.507340594,133.89366089) (147.675094211,136.040820641) 
(324.0,76.473417203) (288.0,120.237964837) (180.0,175.788881664) (108.0,166.128748591) (72.0,108.321509993) (0.0,-23.1544944349) (177.219447191,135.176911897) (144.0,144.83380584) (177.162098812,134.160162801) (144.746004018,143.144706283) (146.174252433,139.767544659) (146.385245541,139.262101685) (146.890229396,138.043140609) (175.868485592,110.677241242) (147.458726933,136.593026693) (158.396067999,86.6950795971) (157.047074664,100.377915489) (156.819903485,101.922606561) (154.903473523,112.063363669) (154.74755035,112.884281487) (153.494793432,117.926116403) (153.427067999,118.179028708) (152.400698676,121.914443418) (152.22243798,122.553969135) (151.938492142,123.532608211) (151.216174496,125.801017072) (150.73454446,127.291217911) (150.716507212,127.34639768) (149.588794188,130.707500629) (148.611670304,133.605309538) (148.595068852,133.651858922) (148.507340594,133.89366089) (147.675094211,136.040820641) 
(324.0,76.473417203) (288.0,120.237964837) (180.0,175.788881664) (108.0,166.128748591) (72.0,108.321509993) (0.0,-23.1544944349) (177.219447191,135.176911897) (144.0,144.83380584) (177.162098812,134.160162801) (144.746004018,143.144706283) (146.174252433,139.767544659) (146.385245541,139.262101685) (146.890229396,138.043140609) (175.868485592,110.677241242) (147.458726933,136.593026693) (158.396067999,86.6950795971) (157.047074664,100.377915489) (156.819903485,101.922606561) (154.903473523,112.063363669) (154.74755035,112.884281487) (153.494793432,117.926116403) (153.427067999,118.179028708) (152.400698676,121.914443418) (152.22243798,122.553969135) (151.938492142,123.532608211) (151.216174496,125.801017072) (150.73454446,127.291217911) (150.716507212,127.34639768) (149.588794188,130.707500629) (148.611670304,133.605309538) (148.595068852,133.651858922) (148.507340594,133.89366089) (147.675094211,136.040820641) 
(324.0,76.473417203) (288.0,120.237964837) (180.0,175.788881664) (108.0,166.128748591) (72.0,108.321509993) (0.0,-23.1544944349) (177.219447191,135.176911897) (144.0,144.83380584) (177.162098812,134.160162801) (144.746004018,143.144706283) (146.174252433,139.767544659) (146.385245541,139.262101685) (146.890229396,138.043140609) (175.868485592,110.677241242) (147.458726933,136.593026693) (158.396067999,86.6950795971) (157.047074664,100.377915489) (156.819903485,101.922606561) (154.903473523,112.063363669) (154.74755035,112.884281487) (153.494793432,117.926116403) (153.427067999,118.179028708) (152.400698676,121.914443418) (152.22243798,122.553969135) (151.938492142,123.532608211) (151.216174496,125.801017072) (150.73454446,127.291217911) (150.716507212,127.34639768) (149.588794188,130.707500629) (148.611670304,133.605309538) (148.595068852,133.651858922) (148.507340594,133.89366089) (147.675094211,136.040820641) 
(324.0,76.473417203) (288.0,120.237964837) (180.0,175.788881664) (108.0,166.128748591) (72.0,108.321509993) (0.0,-23.1544944349) (177.219447191,135.176911897) (144.0,144.83380584) (177.162098812,134.160162801) (144.746004018,143.144706283) (146.174252433,139.767544659) (146.385245541,139.262101685) (146.890229396,138.043140609) (175.868485592,110.677241242) (147.458726933,136.593026693) (158.396067999,86.6950795971) (157.047074664,100.377915489) (156.819903485,101.922606561) (154.903473523,112.063363669) (154.74755035,112.884281487) (153.494793432,117.926116403) (153.427067999,118.179028708) (152.400698676,121.914443418) (152.22243798,122.553969135) (151.938492142,123.532608211) (151.216174496,125.801017072) (150.73454446,127.291217911) (150.716507212,127.34639768) (149.588794188,130.707500629) (148.611670304,133.605309538) (148.595068852,133.651858922) (148.507340594,133.89366089) (147.675094211,136.040820641) 
(324.0,76.473417203) (288.0,120.237964837) (180.0,175.788881664) (108.0,166.128748591) (72.0,108.321509993) (0.0,-23.1544944349) (177.219447191,135.176911897) (144.0,144.83380584) (177.162098812,134.160162801) (144.746004018,143.144706283) (146.174252433,139.767544659) (146.385245541,139.262101685) (146.890229396,138.043140609) (175.868485592,110.677241242) (147.458726933,136.593026693) (158.396067999,86.6950795971) (157.047074664,100.377915489) (156.819903485,101.922606561) (154.903473523,112.063363669) (154.74755035,112.884281487) (153.494793432,117.926116403) (153.427067999,118.179028708) (152.400698676,121.914443418) (152.22243798,122.553969135) (151.938492142,123.532608211) (151.216174496,125.801017072) (150.73454446,127.291217911) (150.716507212,127.34639768) (149.588794188,130.707500629) (148.611670304,133.605309538) (148.595068852,133.651858922) (148.507340594,133.89366089) (147.675094211,136.040820641) 
(324.0,76.473417203) (288.0,120.237964837) (180.0,175.788881664) (108.0,166.128748591) (72.0,108.321509993) (0.0,-23.1544944349) (177.219447191,135.176911897) (144.0,144.83380584) (177.162098812,134.160162801) (144.746004018,143.144706283) (146.174252433,139.767544659) (146.385245541,139.262101685) (146.890229396,138.043140609) (175.868485592,110.677241242) (147.458726933,136.593026693) (158.396067999,86.6950795971) (157.047074664,100.377915489) (156.819903485,101.922606561) (154.903473523,112.063363669) (154.74755035,112.884281487) (153.494793432,117.926116403) (153.427067999,118.179028708) (152.400698676,121.914443418) (152.22243798,122.553969135) (151.938492142,123.532608211) (151.216174496,125.801017072) (150.73454446,127.291217911) (150.716507212,127.34639768) (149.588794188,130.707500629) (148.611670304,133.605309538) (148.595068852,133.651858922) (148.507340594,133.89366089) (147.675094211,136.040820641) 
(324.0,76.473417203) (288.0,120.237964837) (180.0,175.788881664) (108.0,166.128748591) (72.0,108.321509993) (0.0,-23.1544944349) (177.219447191,135.176911897) (144.0,144.83380584) (177.162098812,134.160162801) (144.746004018,143.144706283) (146.174252433,139.767544659) (146.385245541,139.262101685) (146.890229396,138.043140609) (175.868485592,110.677241242) (147.458726933,136.593026693) (158.396067999,86.6950795971) (157.047074664,100.377915489) (156.819903485,101.922606561) (154.903473523,112.063363669) (154.74755035,112.884281487) (153.494793432,117.926116403) (153.427067999,118.179028708) (152.400698676,121.914443418) (152.22243798,122.553969135) (151.938492142,123.532608211) (151.216174496,125.801017072) (150.73454446,127.291217911) (150.716507212,127.34639768) (149.588794188,130.707500629) (148.611670304,133.605309538) (148.595068852,133.651858922) (148.507340594,133.89366089) (147.675094211,136.040820641) 
(324.0,76.473417203) (288.0,120.237964837) (180.0,175.788881664) (108.0,166.128748591) (72.0,108.321509993) (0.0,-23.1544944349) (177.219447191,135.176911897) (144.0,144.83380584) (177.162098812,134.160162801) (144.746004018,143.144706283) (146.174252433,139.767544659) (146.385245541,139.262101685) (146.890229396,138.043140609) (175.868485592,110.677241242) (147.458726933,136.593026693) (158.396067999,86.6950795971) (157.047074664,100.377915489) (156.819903485,101.922606561) (154.903473523,112.063363669) (154.74755035,112.884281487) (153.494793432,117.926116403) (153.427067999,118.179028708) (152.400698676,121.914443418) (152.22243798,122.553969135) (151.938492142,123.532608211) (151.216174496,125.801017072) (150.73454446,127.291217911) (150.716507212,127.34639768) (149.588794188,130.707500629) (148.611670304,133.605309538) (148.595068852,133.651858922) (148.507340594,133.89366089) (147.675094211,136.040820641) 
(324.0,76.473417203) (288.0,120.237964837) (180.0,175.788881664) (108.0,166.128748591) (72.0,108.321509993) (0.0,-23.1544944349) (177.219447191,135.176911897) (144.0,144.83380584) (177.162098812,134.160162801) (144.746004018,143.144706283) (146.174252433,139.767544659) (146.385245541,139.262101685) (146.890229396,138.043140609) (175.868485592,110.677241242) (147.458726933,136.593026693) (158.396067999,86.6950795971) (157.047074664,100.377915489) (156.819903485,101.922606561) (154.903473523,112.063363669) (154.74755035,112.884281487) (153.494793432,117.926116403) (153.427067999,118.179028708) (152.400698676,121.914443418) (152.22243798,122.553969135) (151.938492142,123.532608211) (151.216174496,125.801017072) (150.73454446,127.291217911) (150.716507212,127.34639768) (149.588794188,130.707500629) (148.611670304,133.605309538) (148.595068852,133.651858922) (148.507340594,133.89366089) (147.675094211,136.040820641) 
(324.0,76.473417203) (288.0,120.237964837) (180.0,175.788881664) (108.0,166.128748591) (72.0,108.321509993) (0.0,-23.1544944349) (177.219447191,135.176911897) (144.0,144.83380584) (177.162098812,134.160162801) (144.746004018,143.144706283) (146.174252433,139.767544659) (146.385245541,139.262101685) (146.890229396,138.043140609) (175.868485592,110.677241242) (147.458726933,136.593026693) (158.396067999,86.6950795971) (157.047074664,100.377915489) (156.819903485,101.922606561) (154.903473523,112.063363669) (154.74755035,112.884281487) (153.494793432,117.926116403) (153.427067999,118.179028708) (152.400698676,121.914443418) (152.22243798,122.553969135) (151.938492142,123.532608211) (151.216174496,125.801017072) (150.73454446,127.291217911) (150.716507212,127.34639768) (149.588794188,130.707500629) (148.611670304,133.605309538) (148.595068852,133.651858922) (148.507340594,133.89366089) (147.675094211,136.040820641) 
(324.0,76.473417203) (288.0,120.237964837) (180.0,175.788881664) (108.0,166.128748591) (72.0,108.321509993) (0.0,-23.1544944349) (177.219447191,135.176911897) (144.0,144.83380584) (177.162098812,134.160162801) (144.746004018,143.144706283) (146.174252433,139.767544659) (146.385245541,139.262101685) (146.890229396,138.043140609) (175.868485592,110.677241242) (147.458726933,136.593026693) (158.396067999,86.6950795971) (157.047074664,100.377915489) (156.819903485,101.922606561) (154.903473523,112.063363669) (154.74755035,112.884281487) (153.494793432,117.926116403) (153.427067999,118.179028708) (152.400698676,121.914443418) (152.22243798,122.553969135) (151.938492142,123.532608211) (151.216174496,125.801017072) (150.73454446,127.291217911) (150.716507212,127.34639768) (149.588794188,130.707500629) (148.611670304,133.605309538) (148.595068852,133.651858922) (148.507340594,133.89366089) (147.675094211,136.040820641) 
(324.0,76.473417203) (288.0,120.237964837) (180.0,175.788881664) (108.0,166.128748591) (72.0,108.321509993) (0.0,-23.1544944349) (177.219447191,135.176911897) (144.0,144.83380584) (177.162098812,134.160162801) (144.746004018,143.144706283) (146.174252433,139.767544659) (146.385245541,139.262101685) (146.890229396,138.043140609) (175.868485592,110.677241242) (147.458726933,136.593026693) (158.396067999,86.6950795971) (157.047074664,100.377915489) (156.819903485,101.922606561) (154.903473523,112.063363669) (154.74755035,112.884281487) (153.494793432,117.926116403) (153.427067999,118.179028708) (152.400698676,121.914443418) (152.22243798,122.553969135) (151.938492142,123.532608211) (151.216174496,125.801017072) (150.73454446,127.291217911) (150.716507212,127.34639768) (149.588794188,130.707500629) (148.611670304,133.605309538) (148.595068852,133.651858922) (148.507340594,133.89366089) (147.675094211,136.040820641) 
(324.0,76.473417203) (288.0,120.237964837) (180.0,175.788881664) (108.0,166.128748591) (72.0,108.321509993) (0.0,-23.1544944349) (177.219447191,135.176911897) (144.0,144.83380584) (177.162098812,134.160162801) (144.746004018,143.144706283) (146.174252433,139.767544659) (146.385245541,139.262101685) (146.890229396,138.043140609) (175.868485592,110.677241242) (147.458726933,136.593026693) (158.396067999,86.6950795971) (157.047074664,100.377915489) (156.819903485,101.922606561) (154.903473523,112.063363669) (154.74755035,112.884281487) (153.494793432,117.926116403) (153.427067999,118.179028708) (152.400698676,121.914443418) (152.22243798,122.553969135) (151.938492142,123.532608211) (151.216174496,125.801017072) (150.73454446,127.291217911) (150.716507212,127.34639768) (149.588794188,130.707500629) (148.611670304,133.605309538) (148.595068852,133.651858922) (148.507340594,133.89366089) (147.675094211,136.040820641) 
(324.0,76.473417203) (288.0,120.237964837) (180.0,175.788881664) (108.0,166.128748591) (72.0,108.321509993) (0.0,-23.1544944349) (177.219447191,135.176911897) (144.0,144.83380584) (177.162098812,134.160162801) (144.746004018,143.144706283) (146.174252433,139.767544659) (146.385245541,139.262101685) (146.890229396,138.043140609) (175.868485592,110.677241242) (147.458726933,136.593026693) (158.396067999,86.6950795971) (157.047074664,100.377915489) (156.819903485,101.922606561) (154.903473523,112.063363669) (154.74755035,112.884281487) (153.494793432,117.926116403) (153.427067999,118.179028708) (152.400698676,121.914443418) (152.22243798,122.553969135) (151.938492142,123.532608211) (151.216174496,125.801017072) (150.73454446,127.291217911) (150.716507212,127.34639768) (149.588794188,130.707500629) (148.611670304,133.605309538) (148.595068852,133.651858922) (148.507340594,133.89366089) (147.675094211,136.040820641) 
(324.0,76.473417203) (288.0,120.237964837) (180.0,175.788881664) (108.0,166.128748591) (72.0,108.321509993) (0.0,-23.1544944349) (177.219447191,135.176911897) (144.0,144.83380584) (177.162098812,134.160162801) (144.746004018,143.144706283) (146.174252433,139.767544659) (146.385245541,139.262101685) (146.890229396,138.043140609) (175.868485592,110.677241242) (147.458726933,136.593026693) (158.396067999,86.6950795971) (157.047074664,100.377915489) (156.819903485,101.922606561) (154.903473523,112.063363669) (154.74755035,112.884281487) (153.494793432,117.926116403) (153.427067999,118.179028708) (152.400698676,121.914443418) (152.22243798,122.553969135) (151.938492142,123.532608211) (151.216174496,125.801017072) (150.73454446,127.291217911) (150.716507212,127.34639768) (149.588794188,130.707500629) (148.611670304,133.605309538) (148.595068852,133.651858922) (148.507340594,133.89366089) (147.675094211,136.040820641) 
(324.0,76.473417203) (288.0,120.237964837) (180.0,175.788881664) (108.0,166.128748591) (72.0,108.321509993) (0.0,-23.1544944349) (177.219447191,135.176911897) (144.0,144.83380584) (177.162098812,134.160162801) (144.746004018,143.144706283) (146.174252433,139.767544659) (146.385245541,139.262101685) (146.890229396,138.043140609) (175.868485592,110.677241242) (147.458726933,136.593026693) (158.396067999,86.6950795971) (157.047074664,100.377915489) (156.819903485,101.922606561) (154.903473523,112.063363669) (154.74755035,112.884281487) (153.494793432,117.926116403) (153.427067999,118.179028708) (152.400698676,121.914443418) (152.22243798,122.553969135) (151.938492142,123.532608211) (151.216174496,125.801017072) (150.73454446,127.291217911) (150.716507212,127.34639768) (149.588794188,130.707500629) (148.611670304,133.605309538) (148.595068852,133.651858922) (148.507340594,133.89366089) (147.675094211,136.040820641) 
TD 9 :
(324.0,76.473417203) (288.0,120.237964837) (180.0,175.788881664) (108.0,166.128748591) (72.0,108.321509993) (0.0,-23.1544944349) (36.0,25.3754323515) (37.6324458146,19.8148220554) (37.7576219042,19.3879520063) (37.7866723828,19.2806845235) (38.5929073093,16.2860903841) (38.976922822,14.8431807405) (39.3995780512,13.236916685) (41.8743552266,3.79167949565) (41.9525350595,3.47928357073) (42.0230309601,3.18658571948) (43.0346262786,-1.05271497647) (43.1112507459,-1.39572805205) (43.6247042549,-3.73247458593) (44.0064226319,-5.49026446313) (45.6435504837,-13.0763687871) (46.0457430642,-15.0124264043) (46.7962219086,-18.9660976598) (47.454745956,-23.0366803717) (48.3568938329,-28.9048792359) (49.4616566385,-36.1843993163) (50.6483880766,-46.0639068401) (50.8196518876,-47.7185610486) (51.9478132423,-62.4955698819) (52.0756229161,-64.2391785648) (52.5662324908,-71.0033034176) (52.8469718516,-95.4167104946) (70.8395750201,37.6674315185) (70.8611537642,40.4139094704) (70.9316628188,44.9300221157) (70.967669709,47.08550468) 
(324.0,76.473417203) (288.0,120.237964837) (180.0,175.788881664) (108.0,166.128748591) (72.0,108.321509993) (0.0,-23.1544944349) (106.891408215,147.265489196) (74.1246290926,102.151409652) (106.306630904,137.273309919) (74.3240175578,101.562518622) (105.817898856,127.547896561) (74.8666353102,99.8881579684) (75.7181290113,97.2052215418) (75.7714604324,97.0361070529) (75.9288024694,96.5187000797) (105.114439433,112.148428946) (77.2734027732,92.0009504499) (104.018644874,85.1151708244) (77.4083917744,91.5274150991) 
(324.0,76.473417203) (288.0,120.237964837) (180.0,175.788881664) (108.0,166.128748591) (72.0,108.321509993) (0.0,-23.1544944349) (106.891408215,147.265489196) (74.1246290926,102.151409652) (106.306630904,137.273309919) (74.3240175578,101.562518622) (105.817898856,127.547896561) (74.8666353102,99.8881579684) (75.7181290113,97.2052215418) (75.7714604324,97.0361070529) (75.9288024694,96.5187000797) (105.114439433,112.148428946) (77.2734027732,92.0009504499) (104.018644874,85.1151708244) (77.4083917744,91.5274150991) (78.0653938735,89.0706101531) (78.3200476659,88.0224193782) (79.7423804738,81.7926693946) (80.3240112401,79.2344013853) (80.9749911,76.2653421573) (82.1265581541,70.8689631992) (82.5682084046,68.6845973716) (82.9018824394,67.0233211383) (84.5320607721,58.5019241024) (85.062954735,55.5089645931) (86.0997881964,49.2928009469) (87.8280709793,33.6893847596) (103.492329415,62.763145303) (103.566637297,66.4470946563) 
TD 10 :
(324.0,76.473417203) (288.0,120.237964837) (180.0,175.788881664) (108.0,166.128748591) (72.0,108.321509993) (0.0,-23.1544944349) (36.0,25.3754323515) (37.6324458146,19.8148220554) (37.7576219042,19.3879520063) (37.7866723828,19.2806845235) (38.5929073093,16.2860903841) (38.976922822,14.8431807405) (39.3995780512,13.236916685) (41.8743552266,3.79167949565) (41.9525350595,3.47928357073) (42.0230309601,3.18658571948) (43.0346262786,-1.05271497647) (43.1112507459,-1.39572805205) (43.6247042549,-3.73247458593) (44.0064226319,-5.49026446313) (45.6435504837,-13.0763687871) (46.0457430642,-15.0124264043) (46.7962219086,-18.9660976598) (47.454745956,-23.0366803717) (48.3568938329,-28.9048792359) (49.4616566385,-36.1843993163) (50.6483880766,-46.0639068401) (50.8196518876,-47.7185610486) (51.9478132423,-62.4955698819) (52.0756229161,-64.2391785648) (52.5662324908,-71.0033034176) (52.8469718516,-95.4167104946) (70.8395750201,37.6674315185) (70.8611537642,40.4139094704) (70.9316628188,44.9300221157) (70.967669709,47.08550468) 
(324.0,76.473417203) (288.0,120.237964837) (180.0,175.788881664) (108.0,166.128748591) (72.0,108.321509993) (0.0,-23.1544944349) (106.891408215,147.265489196) (74.1246290926,102.151409652) (106.306630904,137.273309919) (74.3240175578,101.562518622) (105.817898856,127.547896561) (74.8666353102,99.8881579684) (75.7181290113,97.2052215418) (75.7714604324,97.0361070529) (75.9288024694,96.5187000797) (105.114439433,112.148428946) (77.2734027732,92.0009504499) (104.018644874,85.1151708244) (77.4083917744,91.5274150991) (103.566637297,66.4470946563) (78.0653938735,89.0706101531) 
(324.0,76.473417203) (288.0,120.237964837) (180.0,175.788881664) (108.0,166.128748591) (72.0,108.321509993) (0.0,-23.1544944349) (106.891408215,147.265489196) (74.1246290926,102.151409652) (106.306630904,137.273309919) (74.3240175578,101.562518622) (105.817898856,127.547896561) (74.8666353102,99.8881579684) (75.7181290113,97.2052215418) (75.7714604324,97.0361070529) (75.9288024694,96.5187000797) (105.114439433,112.148428946) (77.2734027732,92.0009504499) (104.018644874,85.1151708244) (77.4083917744,91.5274150991) (103.566637297,66.4470946563) (78.0653938735,89.0706101531) (78.3200476659,88.0224193782) (79.7423804738,81.7926693946) (80.3240112401,79.2344013853) (80.9749911,76.2653421573) (82.1265581541,70.8689631992) (82.5682084046,68.6845973716) (82.9018824394,67.0233211383) (84.5320607721,58.5019241024) (85.062954735,55.5089645931) (86.0997881964,49.2928009469) (87.8280709793,33.6893847596) (103.492329415,62.763145303) 
TD 11 :
(324.0,76.473417203) (288.0,120.237964837) (180.0,175.788881664) (108.0,166.128748591) (72.0,108.321509993) (0.0,-23.1544944349) (36.0,25.3754323515) (37.6324458146,19.8148220554) (37.7576219042,19.3879520063) (37.7866723828,19.2806845235) (38.5929073093,16.2860903841) (38.976922822,14.8431807405) (39.3995780512,13.236916685) (41.8743552266,3.79167949565) (41.9525350595,3.47928357073) (42.0230309601,3.18658571948) (43.0346262786,-1.05271497647) (43.1112507459,-1.39572805205) (43.6247042549,-3.73247458593) (44.0064226319,-5.49026446313) (45.6435504837,-13.0763687871) (46.0457430642,-15.0124264043) (46.7962219086,-18.9660976598) (47.454745956,-23.0366803717) (48.3568938329,-28.9048792359) (49.4616566385,-36.1843993163) (50.6483880766,-46.0639068401) (50.8196518876,-47.7185610486) (51.9478132423,-62.4955698819) (52.0756229161,-64.2391785648) (52.5662324908,-71.0033034176) (52.8469718516,-95.4167104946) (70.8395750201,37.6674315185) (70.8611537642,40.4139094704) (70.9316628188,44.9300221157) (70.967669709,47.08550468) 
(324.0,76.473417203) (288.0,120.237964837) (180.0,175.788881664) (108.0,166.128748591) (72.0,108.321509993) (0.0,-23.1544944349) (106.891408215,147.265489196) (74.1246290926,102.151409652) (106.306630904,137.273309919) (74.3240175578,101.562518622) (105.817898856,127.547896561) (74.8666353102,99.8881579684) (75.7181290113,97.2052215418) (75.7714604324,97.0361070529) (75.9288024694,96.5187000797) (105.114439433,112.148428946) (77.2734027732,92.0009504499) (104.018644874,85.1151708244) (77.4083917744,91.5274150991) (103.566637297,66.4470946563) (78.0653938735,89.0706101531) (103.492329415,62.763145303) (78.3200476659,88.0224193782) 
(324.0,76.473417203) (288.0,120.237964837) (180.0,175.788881664) (108.0,166.128748591) (72.0,108.321509993) (0.0,-23.1544944349) (106.891408215,147.265489196) (74.1246290926,102.151409652) (106.306630904,137.273309919) (74.3240175578,101.562518622) (105.817898856,127.547896561) (74.8666353102,99.8881579684) (75.7181290113,97.2052215418) (75.7714604324,97.0361070529) (75.9288024694,96.5187000797) (105.114439433,112.148428946) (77.2734027732,92.0009504499) (104.018644874,85.1151708244) (77.4083917744,91.5274150991) (103.566637297,66.4470946563) (78.0653938735,89.0706101531) (103.492329415,62.763145303) (78.3200476659,88.0224193782) (79.7423804738,81.7926693946) (80.3240112401,79.2344013853) (80.9749911,76.2653421573) (82.1265581541,70.8689631992) (82.5682084046,68.6845973716) (82.9018824394,67.0233211383) (84.5320607721,58.5019241024) (85.062954735,55.5089645931) (86.0997881964,49.2928009469) (87.8280709793,33.6893847596) 
TD 12 :
(324.0,76.473417203) (288.0,120.237964837) (180.0,175.788881664) (108.0,166.128748591) (72.0,108.321509993) (0.0,-23.1544944349) (36.0,25.3754323515) (37.6324458146,19.8148220554) (37.7576219042,19.3879520063) (37.7866723828,19.2806845235) (38.5929073093,16.2860903841) (38.976922822,14.8431807405) (39.3995780512,13.236916685) (41.8743552266,3.79167949565) (41.9525350595,3.47928357073) (42.0230309601,3.18658571948) (43.0346262786,-1.05271497647) (43.1112507459,-1.39572805205) (43.6247042549,-3.73247458593) (44.0064226319,-5.49026446313) (45.6435504837,-13.0763687871) (46.0457430642,-15.0124264043) (46.7962219086,-18.9660976598) (47.454745956,-23.0366803717) (48.3568938329,-28.9048792359) (49.4616566385,-36.1843993163) (50.6483880766,-46.0639068401) (50.8196518876,-47.7185610486) (51.9478132423,-62.4955698819) (52.0756229161,-64.2391785648) (52.5662324908,-71.0033034176) (52.8469718516,-95.4167104946) (70.8395750201,37.6674315185) (70.8611537642,40.4139094704) (70.9316628188,44.9300221157) (70.967669709,47.08550468) 
(324.0,76.473417203) (288.0,120.237964837) (180.0,175.788881664) (108.0,166.128748591) (72.0,108.321509993) (0.0,-23.1544944349) (106.891408215,147.265489196) (74.1246290926,102.151409652) (106.306630904,137.273309919) (74.3240175578,101.562518622) (105.817898856,127.547896561) (74.8666353102,99.8881579684) (75.7181290113,97.2052215418) (75.7714604324,97.0361070529) (75.9288024694,96.5187000797) (105.114439433,112.148428946) (77.2734027732,92.0009504499) (104.018644874,85.1151708244) (77.4083917744,91.5274150991) (103.566637297,66.4470946563) (78.0653938735,89.0706101531) (103.492329415,62.763145303) (78.3200476659,88.0224193782) (87.8280709793,33.6893847596) (86.0997881964,49.2928009469) (85.062954735,55.5089645931) (84.5320607721,58.5019241024) (82.9018824394,67.0233211383) (82.5682084046,68.6845973716) (82.1265581541,70.8689631992) (80.9749911,76.2653421573) (80.3240112401,79.2344013853) (79.7423804738,81.7926693946) 
(324.0,76.473417203) (288.0,120.237964837) (180.0,175.788881664) (108.0,166.128748591) (72.0,108.321509993) (0.0,-23.1544944349) (106.891408215,147.265489196) (74.1246290926,102.151409652) (106.306630904,137.273309919) (74.3240175578,101.562518622) (105.817898856,127.547896561) (74.8666353102,99.8881579684) (75.7181290113,97.2052215418) (75.7714604324,97.0361070529) (75.9288024694,96.5187000797) (105.114439433,112.148428946) (77.2734027732,92.0009504499) (104.018644874,85.1151708244) (77.4083917744,91.5274150991) (103.566637297,66.4470946563) (78.0653938735,89.0706101531) (103.492329415,62.763145303) (78.3200476659,88.0224193782) (87.8280709793,33.6893847596) (86.0997881964,49.2928009469) (85.062954735,55.5089645931) (84.5320607721,58.5019241024) (82.9018824394,67.0233211383) (82.5682084046,68.6845973716) (82.1265581541,70.8689631992) (80.9749911,76.2653421573) (80.3240112401,79.2344013853) (79.7423804738,81.7926693946) 
(324.0,76.473417203) (288.0,120.237964837) (180.0,175.788881664) (108.0,166.128748591) (72.0,108.321509993) (0.0,-23.1544944349) (106.891408215,147.265489196) (74.1246290926,102.151409652) (106.306630904,137.273309919) (74.3240175578,101.562518622) (105.817898856,127.547896561) (74.8666353102,99.8881579684) (75.7181290113,97.2052215418) (75.7714604324,97.0361070529) (75.9288024694,96.5187000797) (105.114439433,112.148428946) (77.2734027732,92.0009504499) (104.018644874,85.1151708244) (77.4083917744,91.5274150991) (103.566637297,66.4470946563) (78.0653938735,89.0706101531) (103.492329415,62.763145303) (78.3200476659,88.0224193782) (87.8280709793,33.6893847596) (86.0997881964,49.2928009469) (85.062954735,55.5089645931) (84.5320607721,58.5019241024) (82.9018824394,67.0233211383) (82.5682084046,68.6845973716) (82.1265581541,70.8689631992) (80.9749911,76.2653421573) (80.3240112401,79.2344013853) (79.7423804738,81.7926693946) 
(324.0,76.473417203) (288.0,120.237964837) (180.0,175.788881664) (108.0,166.128748591) (72.0,108.321509993) (0.0,-23.1544944349) (106.891408215,147.265489196) (74.1246290926,102.151409652) (106.306630904,137.273309919) (74.3240175578,101.562518622) (105.817898856,127.547896561) (74.8666353102,99.8881579684) (75.7181290113,97.2052215418) (75.7714604324,97.0361070529) (75.9288024694,96.5187000797) (105.114439433,112.148428946) (77.2734027732,92.0009504499) (104.018644874,85.1151708244) (77.4083917744,91.5274150991) (103.566637297,66.4470946563) (78.0653938735,89.0706101531) (103.492329415,62.763145303) (78.3200476659,88.0224193782) (87.8280709793,33.6893847596) (86.0997881964,49.2928009469) (85.062954735,55.5089645931) (84.5320607721,58.5019241024) (82.9018824394,67.0233211383) (82.5682084046,68.6845973716) (82.1265581541,70.8689631992) (80.9749911,76.2653421573) (80.3240112401,79.2344013853) (79.7423804738,81.7926693946) 
(324.0,76.473417203) (288.0,120.237964837) (180.0,175.788881664) (108.0,166.128748591) (72.0,108.321509993) (0.0,-23.1544944349) (106.891408215,147.265489196) (74.1246290926,102.151409652) (106.306630904,137.273309919) (74.3240175578,101.562518622) (105.817898856,127.547896561) (74.8666353102,99.8881579684) (75.7181290113,97.2052215418) (75.7714604324,97.0361070529) (75.9288024694,96.5187000797) (105.114439433,112.148428946) (77.2734027732,92.0009504499) (104.018644874,85.1151708244) (77.4083917744,91.5274150991) (103.566637297,66.4470946563) (78.0653938735,89.0706101531) (103.492329415,62.763145303) (78.3200476659,88.0224193782) (87.8280709793,33.6893847596) (86.0997881964,49.2928009469) (85.062954735,55.5089645931) (84.5320607721,58.5019241024) (82.9018824394,67.0233211383) (82.5682084046,68.6845973716) (82.1265581541,70.8689631992) (80.9749911,76.2653421573) (80.3240112401,79.2344013853) (79.7423804738,81.7926693946) 
(324.0,76.473417203) (288.0,120.237964837) (180.0,175.788881664) (108.0,166.128748591) (72.0,108.321509993) (0.0,-23.1544944349) (106.891408215,147.265489196) (74.1246290926,102.151409652) (106.306630904,137.273309919) (74.3240175578,101.562518622) (105.817898856,127.547896561) (74.8666353102,99.8881579684) (75.7181290113,97.2052215418) (75.7714604324,97.0361070529) (75.9288024694,96.5187000797) (105.114439433,112.148428946) (77.2734027732,92.0009504499) (104.018644874,85.1151708244) (77.4083917744,91.5274150991) (103.566637297,66.4470946563) (78.0653938735,89.0706101531) (103.492329415,62.763145303) (78.3200476659,88.0224193782) (87.8280709793,33.6893847596) (86.0997881964,49.2928009469) (85.062954735,55.5089645931) (84.5320607721,58.5019241024) (82.9018824394,67.0233211383) (82.5682084046,68.6845973716) (82.1265581541,70.8689631992) (80.9749911,76.2653421573) (80.3240112401,79.2344013853) (79.7423804738,81.7926693946) 
(324.0,76.473417203) (288.0,120.237964837) (180.0,175.788881664) (108.0,166.128748591) (72.0,108.321509993) (0.0,-23.1544944349) (106.891408215,147.265489196) (74.1246290926,102.151409652) (106.306630904,137.273309919) (74.3240175578,101.562518622) (105.817898856,127.547896561) (74.8666353102,99.8881579684) (75.7181290113,97.2052215418) (75.7714604324,97.0361070529) (75.9288024694,96.5187000797) (105.114439433,112.148428946) (77.2734027732,92.0009504499) (104.018644874,85.1151708244) (77.4083917744,91.5274150991) (103.566637297,66.4470946563) (78.0653938735,89.0706101531) (103.492329415,62.763145303) (78.3200476659,88.0224193782) (87.8280709793,33.6893847596) (86.0997881964,49.2928009469) (85.062954735,55.5089645931) (84.5320607721,58.5019241024) (82.9018824394,67.0233211383) (82.5682084046,68.6845973716) (82.1265581541,70.8689631992) (80.9749911,76.2653421573) (80.3240112401,79.2344013853) (79.7423804738,81.7926693946) 
(324.0,76.473417203) (288.0,120.237964837) (180.0,175.788881664) (108.0,166.128748591) (72.0,108.321509993) (0.0,-23.1544944349) (106.891408215,147.265489196) (74.1246290926,102.151409652) (106.306630904,137.273309919) (74.3240175578,101.562518622) (105.817898856,127.547896561) (74.8666353102,99.8881579684) (75.7181290113,97.2052215418) (75.7714604324,97.0361070529) (75.9288024694,96.5187000797) (105.114439433,112.148428946) (77.2734027732,92.0009504499) (104.018644874,85.1151708244) (77.4083917744,91.5274150991) (103.566637297,66.4470946563) (78.0653938735,89.0706101531) (103.492329415,62.763145303) (78.3200476659,88.0224193782) (87.8280709793,33.6893847596) (86.0997881964,49.2928009469) (85.062954735,55.5089645931) (84.5320607721,58.5019241024) (82.9018824394,67.0233211383) (82.5682084046,68.6845973716) (82.1265581541,70.8689631992) (80.9749911,76.2653421573) (80.3240112401,79.2344013853) (79.7423804738,81.7926693946) 
(324.0,76.473417203) (288.0,120.237964837) (180.0,175.788881664) (108.0,166.128748591) (72.0,108.321509993) (0.0,-23.1544944349) (106.891408215,147.265489196) (74.1246290926,102.151409652) (106.306630904,137.273309919) (74.3240175578,101.562518622) (105.817898856,127.547896561) (74.8666353102,99.8881579684) (75.7181290113,97.2052215418) (75.7714604324,97.0361070529) (75.9288024694,96.5187000797) (105.114439433,112.148428946) (77.2734027732,92.0009504499) (104.018644874,85.1151708244) (77.4083917744,91.5274150991) (103.566637297,66.4470946563) (78.0653938735,89.0706101531) (103.492329415,62.763145303) (78.3200476659,88.0224193782) (87.8280709793,33.6893847596) (86.0997881964,49.2928009469) (85.062954735,55.5089645931) (84.5320607721,58.5019241024) (82.9018824394,67.0233211383) (82.5682084046,68.6845973716) (82.1265581541,70.8689631992) (80.9749911,76.2653421573) (80.3240112401,79.2344013853) (79.7423804738,81.7926693946) 
(324.0,76.473417203) (288.0,120.237964837) (180.0,175.788881664) (108.0,166.128748591) (72.0,108.321509993) (0.0,-23.1544944349) (106.891408215,147.265489196) (74.1246290926,102.151409652) (106.306630904,137.273309919) (74.3240175578,101.562518622) (105.817898856,127.547896561) (74.8666353102,99.8881579684) (75.7181290113,97.2052215418) (75.7714604324,97.0361070529) (75.9288024694,96.5187000797) (105.114439433,112.148428946) (77.2734027732,92.0009504499) (104.018644874,85.1151708244) (77.4083917744,91.5274150991) (103.566637297,66.4470946563) (78.0653938735,89.0706101531) (103.492329415,62.763145303) (78.3200476659,88.0224193782) (87.8280709793,33.6893847596) (86.0997881964,49.2928009469) (85.062954735,55.5089645931) (84.5320607721,58.5019241024) (82.9018824394,67.0233211383) (82.5682084046,68.6845973716) (82.1265581541,70.8689631992) (80.9749911,76.2653421573) (80.3240112401,79.2344013853) (79.7423804738,81.7926693946) 
TD 13 :
(324.0,76.473417203) (288.0,120.237964837) (180.0,175.788881664) (108.0,166.128748591) (72.0,108.321509993) (0.0,-23.1544944349) (36.0,25.3754323515) (37.6324458146,19.8148220554) (37.7576219042,19.3879520063) (37.7866723828,19.2806845235) (38.5929073093,16.2860903841) (38.976922822,14.8431807405) (39.3995780512,13.236916685) (41.8743552266,3.79167949565) (41.9525350595,3.47928357073) (42.0230309601,3.18658571948) (43.0346262786,-1.05271497647) (70.967669709,47.08550468) (43.1112507459,-1.39572805205) (43.6247042549,-3.73247458593) (44.0064226319,-5.49026446313) (45.6435504837,-13.0763687871) (46.0457430642,-15.0124264043) (46.7962219086,-18.9660976598) (47.454745956,-23.0366803717) (48.3568938329,-28.9048792359) (49.4616566385,-36.1843993163) (50.6483880766,-46.0639068401) (50.8196518876,-47.7185610486) (51.9478132423,-62.4955698819) (52.0756229161,-64.2391785648) (52.5662324908,-71.0033034176) (52.8469718516,-95.4167104946) (70.8395750201,37.6674315185) (70.8611537642,40.4139094704) (70.9316628188,44.9300221157) 
TD 14 :
(324.0,76.473417203) (288.0,120.237964837) (180.0,175.788881664) (108.0,166.128748591) (72.0,108.321509993) (0.0,-23.1544944349) (36.0,25.3754323515) (37.6324458146,19.8148220554) (37.7576219042,19.3879520063) (37.7866723828,19.2806845235) (38.5929073093,16.2860903841) (38.976922822,14.8431807405) (39.3995780512,13.236916685) (41.8743552266,3.79167949565) (41.9525350595,3.47928357073) (42.0230309601,3.18658571948) (43.0346262786,-1.05271497647) (70.967669709,47.08550468) (43.1112507459,-1.39572805205) (70.9316628188,44.9300221157) (43.6247042549,-3.73247458593) (44.0064226319,-5.49026446313) (45.6435504837,-13.0763687871) (46.0457430642,-15.0124264043) (46.7962219086,-18.9660976598) (47.454745956,-23.0366803717) (48.3568938329,-28.9048792359) (49.4616566385,-36.1843993163) (50.6483880766,-46.0639068401) (50.8196518876,-47.7185610486) (51.9478132423,-62.4955698819) (52.0756229161,-64.2391785648) (52.5662324908,-71.0033034176) (52.8469718516,-95.4167104946) (70.8395750201,37.6674315185) (70.8611537642,40.4139094704) 
TD 15 :
(324.0,76.473417203) (288.0,120.237964837) (180.0,175.788881664) (108.0,166.128748591) (72.0,108.321509993) (0.0,-23.1544944349) (36.0,25.3754323515) (37.6324458146,19.8148220554) (37.7576219042,19.3879520063) (37.7866723828,19.2806845235) (38.5929073093,16.2860903841) (38.976922822,14.8431807405) (39.3995780512,13.236916685) (41.8743552266,3.79167949565) (41.9525350595,3.47928357073) (42.0230309601,3.18658571948) (43.0346262786,-1.05271497647) (70.967669709,47.08550468) (43.1112507459,-1.39572805205) (70.9316628188,44.9300221157) (43.6247042549,-3.73247458593) (70.8611537642,40.4139094704) (44.0064226319,-5.49026446313) (45.6435504837,-13.0763687871) (46.0457430642,-15.0124264043) (46.7962219086,-18.9660976598) (47.454745956,-23.0366803717) (48.3568938329,-28.9048792359) (49.4616566385,-36.1843993163) (50.6483880766,-46.0639068401) (50.8196518876,-47.7185610486) (51.9478132423,-62.4955698819) (52.0756229161,-64.2391785648) (52.5662324908,-71.0033034176) (52.8469718516,-95.4167104946) (70.8395750201,37.6674315185) 
TD 16 :
(324.0,76.473417203) (288.0,120.237964837) (180.0,175.788881664) (108.0,166.128748591) (72.0,108.321509993) (0.0,-23.1544944349) (36.0,25.3754323515) (37.6324458146,19.8148220554) (37.7576219042,19.3879520063) (37.7866723828,19.2806845235) (38.5929073093,16.2860903841) (38.976922822,14.8431807405) (39.3995780512,13.236916685) (41.8743552266,3.79167949565) (41.9525350595,3.47928357073) (42.0230309601,3.18658571948) (43.0346262786,-1.05271497647) (70.967669709,47.08550468) (43.1112507459,-1.39572805205) (70.9316628188,44.9300221157) (43.6247042549,-3.73247458593) (70.8611537642,40.4139094704) (44.0064226319,-5.49026446313) (70.8395750201,37.6674315185) (45.6435504837,-13.0763687871) (46.0457430642,-15.0124264043) (46.7962219086,-18.9660976598) (47.454745956,-23.0366803717) (48.3568938329,-28.9048792359) (49.4616566385,-36.1843993163) (50.6483880766,-46.0639068401) (50.8196518876,-47.7185610486) (51.9478132423,-62.4955698819) (52.0756229161,-64.2391785648) (52.5662324908,-71.0033034176) (52.8469718516,-95.4167104946) 
TD 17 :
(324.0,76.473417203) (288.0,120.237964837) (180.0,175.788881664) (108.0,166.128748591) (72.0,108.321509993) (0.0,-23.1544944349) (36.0,25.3754323515) (37.6324458146,19.8148220554) (37.7576219042,19.3879520063) (37.7866723828,19.2806845235) (38.5929073093,16.2860903841) (38.976922822,14.8431807405) (39.3995780512,13.236916685) (41.8743552266,3.79167949565) (41.9525350595,3.47928357073) (42.0230309601,3.18658571948) (43.0346262786,-1.05271497647) (70.967669709,47.08550468) (43.1112507459,-1.39572805205) (70.9316628188,44.9300221157) (43.6247042549,-3.73247458593) (70.8611537642,40.4139094704) (44.0064226319,-5.49026446313) (70.8395750201,37.6674315185) (45.6435504837,-13.0763687871) (52.8469718516,-95.4167104946) (52.5662324908,-71.0033034176) (52.0756229161,-64.2391785648) (51.9478132423,-62.4955698819) (50.8196518876,-47.7185610486) (50.6483880766,-46.0639068401) (49.4616566385,-36.1843993163) (48.3568938329,-28.9048792359) (47.454745956,-23.0366803717) (46.7962219086,-18.9660976598) (46.0457430642,-15.0124264043) 
(324.0,76.473417203) (288.0,120.237964837) (180.0,175.788881664) (108.0,166.128748591) (72.0,108.321509993) (0.0,-23.1544944349) (36.0,25.3754323515) (37.6324458146,19.8148220554) (37.7576219042,19.3879520063) (37.7866723828,19.2806845235) (38.5929073093,16.2860903841) (38.976922822,14.8431807405) (39.3995780512,13.236916685) (41.8743552266,3.79167949565) (41.9525350595,3.47928357073) (42.0230309601,3.18658571948) (43.0346262786,-1.05271497647) (70.967669709,47.08550468) (43.1112507459,-1.39572805205) (70.9316628188,44.9300221157) (43.6247042549,-3.73247458593) (70.8611537642,40.4139094704) (44.0064226319,-5.49026446313) (70.8395750201,37.6674315185) (45.6435504837,-13.0763687871) (52.8469718516,-95.4167104946) (52.5662324908,-71.0033034176) (52.0756229161,-64.2391785648) (51.9478132423,-62.4955698819) (50.8196518876,-47.7185610486) (50.6483880766,-46.0639068401) (49.4616566385,-36.1843993163) (48.3568938329,-28.9048792359) (47.454745956,-23.0366803717) (46.7962219086,-18.9660976598) (46.0457430642,-15.0124264043) 
(324.0,76.473417203) (288.0,120.237964837) (180.0,175.788881664) (108.0,166.128748591) (72.0,108.321509993) (0.0,-23.1544944349) (36.0,25.3754323515) (37.6324458146,19.8148220554) (37.7576219042,19.3879520063) (37.7866723828,19.2806845235) (38.5929073093,16.2860903841) (38.976922822,14.8431807405) (39.3995780512,13.236916685) (41.8743552266,3.79167949565) (41.9525350595,3.47928357073) (42.0230309601,3.18658571948) (43.0346262786,-1.05271497647) (70.967669709,47.08550468) (43.1112507459,-1.39572805205) (70.9316628188,44.9300221157) (43.6247042549,-3.73247458593) (70.8611537642,40.4139094704) (44.0064226319,-5.49026446313) (70.8395750201,37.6674315185) (45.6435504837,-13.0763687871) (52.8469718516,-95.4167104946) (52.5662324908,-71.0033034176) (52.0756229161,-64.2391785648) (51.9478132423,-62.4955698819) (50.8196518876,-47.7185610486) (50.6483880766,-46.0639068401) (49.4616566385,-36.1843993163) (48.3568938329,-28.9048792359) (47.454745956,-23.0366803717) (46.7962219086,-18.9660976598) (46.0457430642,-15.0124264043) 
(324.0,76.473417203) (288.0,120.237964837) (180.0,175.788881664) (108.0,166.128748591) (72.0,108.321509993) (0.0,-23.1544944349) (36.0,25.3754323515) (37.6324458146,19.8148220554) (37.7576219042,19.3879520063) (37.7866723828,19.2806845235) (38.5929073093,16.2860903841) (38.976922822,14.8431807405) (39.3995780512,13.236916685) (41.8743552266,3.79167949565) (41.9525350595,3.47928357073) (42.0230309601,3.18658571948) (43.0346262786,-1.05271497647) (70.967669709,47.08550468) (43.1112507459,-1.39572805205) (70.9316628188,44.9300221157) (43.6247042549,-3.73247458593) (70.8611537642,40.4139094704) (44.0064226319,-5.49026446313) (70.8395750201,37.6674315185) (45.6435504837,-13.0763687871) (52.8469718516,-95.4167104946) (52.5662324908,-71.0033034176) (52.0756229161,-64.2391785648) (51.9478132423,-62.4955698819) (50.8196518876,-47.7185610486) (50.6483880766,-46.0639068401) (49.4616566385,-36.1843993163) (48.3568938329,-28.9048792359) (47.454745956,-23.0366803717) (46.7962219086,-18.9660976598) (46.0457430642,-15.0124264043) 
(324.0,76.473417203) (288.0,120.237964837) (180.0,175.788881664) (108.0,166.128748591) (72.0,108.321509993) (0.0,-23.1544944349) (36.0,25.3754323515) (37.6324458146,19.8148220554) (37.7576219042,19.3879520063) (37.7866723828,19.2806845235) (38.5929073093,16.2860903841) (38.976922822,14.8431807405) (39.3995780512,13.236916685) (41.8743552266,3.79167949565) (41.9525350595,3.47928357073) (42.0230309601,3.18658571948) (43.0346262786,-1.05271497647) (70.967669709,47.08550468) (43.1112507459,-1.39572805205) (70.9316628188,44.9300221157) (43.6247042549,-3.73247458593) (70.8611537642,40.4139094704) (44.0064226319,-5.49026446313) (70.8395750201,37.6674315185) (45.6435504837,-13.0763687871) (52.8469718516,-95.4167104946) (52.5662324908,-71.0033034176) (52.0756229161,-64.2391785648) (51.9478132423,-62.4955698819) (50.8196518876,-47.7185610486) (50.6483880766,-46.0639068401) (49.4616566385,-36.1843993163) (48.3568938329,-28.9048792359) (47.454745956,-23.0366803717) (46.7962219086,-18.9660976598) (46.0457430642,-15.0124264043) 
(324.0,76.473417203) (288.0,120.237964837) (180.0,175.788881664) (108.0,166.128748591) (72.0,108.321509993) (0.0,-23.1544944349) (36.0,25.3754323515) (37.6324458146,19.8148220554) (37.7576219042,19.3879520063) (37.7866723828,19.2806845235) (38.5929073093,16.2860903841) (38.976922822,14.8431807405) (39.3995780512,13.236916685) (41.8743552266,3.79167949565) (41.9525350595,3.47928357073) (42.0230309601,3.18658571948) (43.0346262786,-1.05271497647) (70.967669709,47.08550468) (43.1112507459,-1.39572805205) (70.9316628188,44.9300221157) (43.6247042549,-3.73247458593) (70.8611537642,40.4139094704) (44.0064226319,-5.49026446313) (70.8395750201,37.6674315185) (45.6435504837,-13.0763687871) (52.8469718516,-95.4167104946) (52.5662324908,-71.0033034176) (52.0756229161,-64.2391785648) (51.9478132423,-62.4955698819) (50.8196518876,-47.7185610486) (50.6483880766,-46.0639068401) (49.4616566385,-36.1843993163) (48.3568938329,-28.9048792359) (47.454745956,-23.0366803717) (46.7962219086,-18.9660976598) (46.0457430642,-15.0124264043) 
(324.0,76.473417203) (288.0,120.237964837) (180.0,175.788881664) (108.0,166.128748591) (72.0,108.321509993) (0.0,-23.1544944349) (36.0,25.3754323515) (37.6324458146,19.8148220554) (37.7576219042,19.3879520063) (37.7866723828,19.2806845235) (38.5929073093,16.2860903841) (38.976922822,14.8431807405) (39.3995780512,13.236916685) (41.8743552266,3.79167949565) (41.9525350595,3.47928357073) (42.0230309601,3.18658571948) (43.0346262786,-1.05271497647) (70.967669709,47.08550468) (43.1112507459,-1.39572805205) (70.9316628188,44.9300221157) (43.6247042549,-3.73247458593) (70.8611537642,40.4139094704) (44.0064226319,-5.49026446313) (70.8395750201,37.6674315185) (45.6435504837,-13.0763687871) (52.8469718516,-95.4167104946) (52.5662324908,-71.0033034176) (52.0756229161,-64.2391785648) (51.9478132423,-62.4955698819) (50.8196518876,-47.7185610486) (50.6483880766,-46.0639068401) (49.4616566385,-36.1843993163) (48.3568938329,-28.9048792359) (47.454745956,-23.0366803717) (46.7962219086,-18.9660976598) (46.0457430642,-15.0124264043) 
(324.0,76.473417203) (288.0,120.237964837) (180.0,175.788881664) (108.0,166.128748591) (72.0,108.321509993) (0.0,-23.1544944349) (36.0,25.3754323515) (37.6324458146,19.8148220554) (37.7576219042,19.3879520063) (37.7866723828,19.2806845235) (38.5929073093,16.2860903841) (38.976922822,14.8431807405) (39.3995780512,13.236916685) (41.8743552266,3.79167949565) (41.9525350595,3.47928357073) (42.0230309601,3.18658571948) (43.0346262786,-1.05271497647) (70.967669709,47.08550468) (43.1112507459,-1.39572805205) (70.9316628188,44.9300221157) (43.6247042549,-3.73247458593) (70.8611537642,40.4139094704) (44.0064226319,-5.49026446313) (70.8395750201,37.6674315185) (45.6435504837,-13.0763687871) (52.8469718516,-95.4167104946) (52.5662324908,-71.0033034176) (52.0756229161,-64.2391785648) (51.9478132423,-62.4955698819) (50.8196518876,-47.7185610486) (50.6483880766,-46.0639068401) (49.4616566385,-36.1843993163) (48.3568938329,-28.9048792359) (47.454745956,-23.0366803717) (46.7962219086,-18.9660976598) (46.0457430642,-15.0124264043) 
(324.0,76.473417203) (288.0,120.237964837) (180.0,175.788881664) (108.0,166.128748591) (72.0,108.321509993) (0.0,-23.1544944349) (36.0,25.3754323515) (37.6324458146,19.8148220554) (37.7576219042,19.3879520063) (37.7866723828,19.2806845235) (38.5929073093,16.2860903841) (38.976922822,14.8431807405) (39.3995780512,13.236916685) (41.8743552266,3.79167949565) (41.9525350595,3.47928357073) (42.0230309601,3.18658571948) (43.0346262786,-1.05271497647) (70.967669709,47.08550468) (43.1112507459,-1.39572805205) (70.9316628188,44.9300221157) (43.6247042549,-3.73247458593) (70.8611537642,40.4139094704) (44.0064226319,-5.49026446313) (70.8395750201,37.6674315185) (45.6435504837,-13.0763687871) (52.8469718516,-95.4167104946) (52.5662324908,-71.0033034176) (52.0756229161,-64.2391785648) (51.9478132423,-62.4955698819) (50.8196518876,-47.7185610486) (50.6483880766,-46.0639068401) (49.4616566385,-36.1843993163) (48.3568938329,-28.9048792359) (47.454745956,-23.0366803717) (46.7962219086,-18.9660976598) (46.0457430642,-15.0124264043) 
(324.0,76.473417203) (288.0,120.237964837) (180.0,175.788881664) (108.0,166.128748591) (72.0,108.321509993) (0.0,-23.1544944349) (36.0,25.3754323515) (37.6324458146,19.8148220554) (37.7576219042,19.3879520063) (37.7866723828,19.2806845235) (38.5929073093,16.2860903841) (38.976922822,14.8431807405) (39.3995780512,13.236916685) (41.8743552266,3.79167949565) (41.9525350595,3.47928357073) (42.0230309601,3.18658571948) (43.0346262786,-1.05271497647) (70.967669709,47.08550468) (43.1112507459,-1.39572805205) (70.9316628188,44.9300221157) (43.6247042549,-3.73247458593) (70.8611537642,40.4139094704) (44.0064226319,-5.49026446313) (70.8395750201,37.6674315185) (45.6435504837,-13.0763687871) (52.8469718516,-95.4167104946) (52.5662324908,-71.0033034176) (52.0756229161,-64.2391785648) (51.9478132423,-62.4955698819) (50.8196518876,-47.7185610486) (50.6483880766,-46.0639068401) (49.4616566385,-36.1843993163) (48.3568938329,-28.9048792359) (47.454745956,-23.0366803717) (46.7962219086,-18.9660976598) (46.0457430642,-15.0124264043) 
Pocket 0 :
()
Pocket 1 :
({  (0.0,-23.1544944349) ,(36.0,25.3754323515) } {  (70.967669709,47.08550468) ,(72.0,108.321509993) } {  (0.0,-23.1544944349) ,(36.0,25.3754323515) } {  (70.967669709,47.08550468) ,(72.0,108.321509993) } {  (0.0,-23.1544944349) ,(36.0,25.3754323515) } {  (70.967669709,47.08550468) ,(72.0,108.321509993) } {  (0.0,-23.1544944349) ,(36.0,25.3754323515) } {  (70.967669709,47.08550468) ,(72.0,108.321509993) } {  (0.0,-23.1544944349) ,(36.0,25.3754323515) } {  (70.967669709,47.08550468) ,(72.0,108.321509993) } )
Pocket 2 :
({  (36.0,25.3754323515) ,(0.0,-23.1544944349) } {  (74.3240175578,101.562518622) ,(74.1246290926,102.151409652) } {  (74.3240175578,101.562518622) ,(74.1246290926,102.151409652) } {  (74.3240175578,101.562518622) ,(74.1246290926,102.151409652) } {  (144.746004018,143.144706283) ,(144.0,144.83380584) } {  (144.746004018,143.144706283) ,(144.0,144.83380584) } {  (144.746004018,143.144706283) ,(144.0,144.83380584) } {  (324.0,76.473417203) ,(283.18459361,101.419223461) } )
Pocket 3 :
({  (37.6324458146,19.8148220554) ,(36.0,25.3754323515) } {  (74.8666353102,99.8881579684) ,(74.3240175578,101.562518622) } {  (74.8666353102,99.8881579684) ,(74.3240175578,101.562518622) } {  (74.8666353102,99.8881579684) ,(74.3240175578,101.562518622) } {  (146.174252433,139.767544659) ,(144.746004018,143.144706283) } {  (146.174252433,139.767544659) ,(144.746004018,143.144706283) } {  (146.174252433,139.767544659) ,(144.746004018,143.144706283) } {  (324.0,76.473417203) ,(283.11106015,101.124709837) } )
Pocket 4 :
({  (37.7576219042,19.3879520063) ,(37.6324458146,19.8148220554) } {  (75.7181290113,97.2052215418) ,(74.8666353102,99.8881579684) } {  (75.7181290113,97.2052215418) ,(74.8666353102,99.8881579684) } {  (75.7181290113,97.2052215418) ,(74.8666353102,99.8881579684) } {  (146.385245541,139.262101685) ,(146.174252433,139.767544659) } {  (146.385245541,139.262101685) ,(146.174252433,139.767544659) } {  (324.0,76.473417203) ,(281.375542312,89.1692600676) } )
Pocket 5 :
({  (37.7866723828,19.2806845235) ,(37.7576219042,19.3879520063) } {  (75.7714604324,97.0361070529) ,(75.7181290113,97.2052215418) } {  (75.7714604324,97.0361070529) ,(75.7181290113,97.2052215418) } {  (146.890229396,138.043140609) ,(146.385245541,139.262101685) } {  (146.890229396,138.043140609) ,(146.385245541,139.262101685) } {  (258.192382363,72.1364467578) ,(252.0,97.1743699702) } {  (258.192382363,72.1364467578) ,(252.0,97.1743699702) } )
Pocket 6 :
({  (38.5929073093,16.2860903841) ,(37.7866723828,19.2806845235) } {  (75.9288024694,96.5187000797) ,(75.7714604324,97.0361070529) } {  (75.9288024694,96.5187000797) ,(75.7714604324,97.0361070529) } {  (147.458726933,136.593026693) ,(146.890229396,138.043140609) } {  (147.458726933,136.593026693) ,(146.890229396,138.043140609) } {  (324.0,76.473417203) ,(216.0,102.807137982) } {  (324.0,76.473417203) ,(216.0,102.807137982) } {  (263.307701291,51.3783605204) ,(258.192382363,72.1364467578) } {  (263.307701291,51.3783605204) ,(258.192382363,72.1364467578) } {  (263.307701291,51.3783605204) ,(258.192382363,72.1364467578) } {  (263.307701291,51.3783605204) ,(258.192382363,72.1364467578) } )
Pocket 7 :
({  (38.976922822,14.8431807405) ,(38.5929073093,16.2860903841) } {  (77.2734027732,92.0009504499) ,(75.9288024694,96.5187000797) } {  (77.2734027732,92.0009504499) ,(75.9288024694,96.5187000797) } {  (147.675094211,136.040820641) ,(147.458726933,136.593026693) } {  (147.675094211,136.040820641) ,(147.458726933,136.593026693) } )
Pocket 8 :
({  (39.3995780512,13.236916685) ,(38.976922822,14.8431807405) } {  (77.4083917744,91.5274150991) ,(77.2734027732,92.0009504499) } {  (77.4083917744,91.5274150991) ,(77.2734027732,92.0009504499) } {  (77.4083917744,91.5274150991) ,(77.2734027732,92.0009504499) } {  (148.507340594,133.89366089) ,(147.675094211,136.040820641) } {  (148.507340594,133.89366089) ,(147.675094211,136.040820641) } {  (148.507340594,133.89366089) ,(147.675094211,136.040820641) } {  (148.507340594,133.89366089) ,(147.675094211,136.040820641) } {  (148.507340594,133.89366089) ,(147.675094211,136.040820641) } {  (148.507340594,133.89366089) ,(147.675094211,136.040820641) } {  (148.507340594,133.89366089) ,(147.675094211,136.040820641) } {  (148.507340594,133.89366089) ,(147.675094211,136.040820641) } {  (148.507340594,133.89366089) ,(147.675094211,136.040820641) } {  (148.507340594,133.89366089) ,(147.675094211,136.040820641) } {  (148.507340594,133.89366089) ,(147.675094211,136.040820641) } {  (148.507340594,133.89366089) ,(147.675094211,136.040820641) } {  (148.507340594,133.89366089) ,(147.675094211,136.040820641) } {  (148.507340594,133.89366089) ,(147.675094211,136.040820641) } {  (148.507340594,133.89366089) ,(147.675094211,136.040820641) } {  (148.507340594,133.89366089) ,(147.675094211,136.040820641) } {  (148.507340594,133.89366089) ,(147.675094211,136.040820641) } {  (148.507340594,133.89366089) ,(147.675094211,136.040820641) } )
Pocket 9 :
({  (41.8743552266,3.79167949565) ,(39.3995780512,13.236916685) } {  (78.0653938735,89.0706101531) ,(77.4083917744,91.5274150991) } {  (78.0653938735,89.0706101531) ,(77.4083917744,91.5274150991) } )
Pocket 10 :
({  (41.9525350595,3.47928357073) ,(41.8743552266,3.79167949565) } {  (78.3200476659,88.0224193782) ,(78.0653938735,89.0706101531) } {  (78.3200476659,88.0224193782) ,(78.0653938735,89.0706101531) } )
Pocket 11 :
({  (42.0230309601,3.18658571948) ,(41.9525350595,3.47928357073) } {  (79.7423804738,81.7926693946) ,(78.3200476659,88.0224193782) } {  (79.7423804738,81.7926693946) ,(78.3200476659,88.0224193782) } )
Pocket 12 :
({  (43.0346262786,-1.05271497647) ,(42.0230309601,3.18658571948) } {  (80.3240112401,79.2344013853) ,(79.7423804738,81.7926693946) } {  (80.3240112401,79.2344013853) ,(79.7423804738,81.7926693946) } {  (80.3240112401,79.2344013853) ,(79.7423804738,81.7926693946) } {  (80.3240112401,79.2344013853) ,(79.7423804738,81.7926693946) } {  (80.3240112401,79.2344013853) ,(79.7423804738,81.7926693946) } {  (80.3240112401,79.2344013853) ,(79.7423804738,81.7926693946) } {  (80.3240112401,79.2344013853) ,(79.7423804738,81.7926693946) } {  (80.3240112401,79.2344013853) ,(79.7423804738,81.7926693946) } {  (80.3240112401,79.2344013853) ,(79.7423804738,81.7926693946) } {  (80.3240112401,79.2344013853) ,(79.7423804738,81.7926693946) } )
Pocket 13 :
({  (43.1112507459,-1.39572805205) ,(43.0346262786,-1.05271497647) } {  (324.0,76.473417203) ,(70.967669709,47.08550468) } )
Pocket 14 :
({  (43.6247042549,-3.73247458593) ,(43.1112507459,-1.39572805205) } {  (324.0,76.473417203) ,(70.9316628188,44.9300221157) } )
Pocket 15 :
({  (44.0064226319,-5.49026446313) ,(43.6247042549,-3.73247458593) } {  (324.0,76.473417203) ,(70.8611537642,40.4139094704) } )
Pocket 16 :
({  (45.6435504837,-13.0763687871) ,(44.0064226319,-5.49026446313) } {  (324.0,76.473417203) ,(70.8395750201,37.6674315185) } )
