4 layers in onion peeling: 
Layer 1
(36.0,-5.400663643) (0.0,-7.69645248809) 
Layer 2
(32.8423242865,-18.5441471519) (7.258697568,-24.332188126) 
Layer 3
(31.5349015931,-24.0257577375) (7.51795255574,-25.016847996) 
Layer 4
(30.7567603132,-51.7045800155) (12.4168422687,-40.7310646453) 
---------------------------------------------------------------------------------------
TD 0 :
(36.0,-5.400663643) (32.8423242865,-18.5441471519) (31.5349015931,-24.0257577375) (30.7567603132,-51.7045800155) (15.2829510688,-54.072895358) (14.9413557163,-51.7882081958) (12.4168422687,-40.7310646453) (7.51795255574,-25.016847996) (7.258697568,-24.332188126) (0.0,-7.69645248809) 
TD 1 :
(36.0,-5.400663643) (0.0,-7.69645248809) (7.258697568,-24.332188126) (7.51795255574,-25.016847996) (12.4168422687,-40.7310646453) (14.9413557163,-51.7882081958) (15.2829510688,-54.072895358) (30.7567603132,-51.7045800155) (31.5349015931,-24.0257577375) (32.8423242865,-18.5441471519) 
TD 2 :
(36.0,-5.400663643) (0.0,-7.69645248809) (32.8423242865,-18.5441471519) (7.258697568,-24.332188126) (7.51795255574,-25.016847996) (12.4168422687,-40.7310646453) (14.9413557163,-51.7882081958) (15.2829510688,-54.072895358) (30.7567603132,-51.7045800155) (31.5349015931,-24.0257577375) 
TD 3 :
(36.0,-5.400663643) (0.0,-7.69645248809) (32.8423242865,-18.5441471519) (7.258697568,-24.332188126) (31.5349015931,-24.0257577375) (7.51795255574,-25.016847996) (12.4168422687,-40.7310646453) (14.9413557163,-51.7882081958) (15.2829510688,-54.072895358) (30.7567603132,-51.7045800155) 
TD 4 :
(36.0,-5.400663643) (0.0,-7.69645248809) (32.8423242865,-18.5441471519) (7.258697568,-24.332188126) (31.5349015931,-24.0257577375) (7.51795255574,-25.016847996) (30.7567603132,-51.7045800155) (12.4168422687,-40.7310646453) (14.9413557163,-51.7882081958) (15.2829510688,-54.072895358) 
Pocket 0 :
()
Pocket 1 :
({  (0.0,-7.69645248809) ,(7.258697568,-24.332188126) } {  (32.8423242865,-18.5441471519) ,(36.0,-5.400663643) } )
Pocket 2 :
({  (7.258697568,-24.332188126) ,(0.0,-7.69645248809) } {  (36.0,-5.400663643) ,(32.8423242865,-18.5441471519) } )
Pocket 3 :
({  (7.51795255574,-25.016847996) ,(7.258697568,-24.332188126) } {  (36.0,-5.400663643) ,(31.5349015931,-24.0257577375) } )
