4 layers in onion peeling: 
Layer 1
(36.0,11.42437076) (0.0,2.96603032287) 
Layer 2
(24.6388659398,-14.3318425735) (3.03211541787,-17.3766368446) 
Layer 3
(23.5194085473,-16.9523233862) (3.38064737609,-21.220954078) 
Layer 4
(19.9556723418,-26.1409126249) (4.33921720758,-46.1023480024) 
---------------------------------------------------------------------------------------
TD 0 :
(36.0,11.42437076) (24.6388659398,-14.3318425735) (23.5194085473,-16.9523233862) (19.9556723418,-26.1409126249) (19.4478921227,-28.0502836463) (19.1053742238,-29.5367475902) (4.33921720758,-46.1023480024) (3.38064737609,-21.220954078) (3.03211541787,-17.3766368446) (0.0,2.96603032287) 
TD 1 :
(36.0,11.42437076) (0.0,2.96603032287) (3.03211541787,-17.3766368446) (3.38064737609,-21.220954078) (4.33921720758,-46.1023480024) (19.1053742238,-29.5367475902) (19.4478921227,-28.0502836463) (19.9556723418,-26.1409126249) (23.5194085473,-16.9523233862) (24.6388659398,-14.3318425735) 
TD 2 :
(36.0,11.42437076) (0.0,2.96603032287) (24.6388659398,-14.3318425735) (3.03211541787,-17.3766368446) (3.38064737609,-21.220954078) (4.33921720758,-46.1023480024) (19.1053742238,-29.5367475902) (19.4478921227,-28.0502836463) (19.9556723418,-26.1409126249) (23.5194085473,-16.9523233862) 
TD 3 :
(36.0,11.42437076) (0.0,2.96603032287) (24.6388659398,-14.3318425735) (3.03211541787,-17.3766368446) (23.5194085473,-16.9523233862) (3.38064737609,-21.220954078) (4.33921720758,-46.1023480024) (19.1053742238,-29.5367475902) (19.4478921227,-28.0502836463) (19.9556723418,-26.1409126249) 
TD 4 :
(36.0,11.42437076) (0.0,2.96603032287) (24.6388659398,-14.3318425735) (3.03211541787,-17.3766368446) (23.5194085473,-16.9523233862) (3.38064737609,-21.220954078) (19.9556723418,-26.1409126249) (4.33921720758,-46.1023480024) (19.1053742238,-29.5367475902) (19.4478921227,-28.0502836463) 
Pocket 0 :
()
Pocket 1 :
({  (0.0,2.96603032287) ,(3.03211541787,-17.3766368446) } {  (24.6388659398,-14.3318425735) ,(36.0,11.42437076) } )
Pocket 2 :
({  (3.03211541787,-17.3766368446) ,(0.0,2.96603032287) } {  (36.0,11.42437076) ,(24.6388659398,-14.3318425735) } )
Pocket 3 :
({  (3.38064737609,-21.220954078) ,(3.03211541787,-17.3766368446) } {  (36.0,11.42437076) ,(23.5194085473,-16.9523233862) } )
