4 layers in onion peeling: 
Layer 1
(36.0,6.84286701359) (0.0,-6.36955479554) 
Layer 2
(32.8405756677,-1.91021297016) (2.72375630483,-17.6288349106) 
Layer 3
(31.716587543,-6.37517374073) (2.86689299298,-18.4343417704) 
Layer 4
(29.904761961,-15.3559603385) (3.10226734461,-19.871153746) 
---------------------------------------------------------------------------------------
TD 0 :
(36.0,6.84286701359) (32.8405756677,-1.91021297016) (31.716587543,-6.37517374073) (29.904761961,-15.3559603385) (27.6091238713,-30.6883867898) (6.94298107307,-46.937017279) (3.10226734461,-19.871153746) (2.86689299298,-18.4343417704) (2.72375630483,-17.6288349106) (0.0,-6.36955479554) 
TD 1 :
(36.0,6.84286701359) (0.0,-6.36955479554) (2.72375630483,-17.6288349106) (2.86689299298,-18.4343417704) (3.10226734461,-19.871153746) (6.94298107307,-46.937017279) (27.6091238713,-30.6883867898) (29.904761961,-15.3559603385) (31.716587543,-6.37517374073) (32.8405756677,-1.91021297016) 
TD 2 :
(36.0,6.84286701359) (0.0,-6.36955479554) (32.8405756677,-1.91021297016) (2.72375630483,-17.6288349106) (2.86689299298,-18.4343417704) (3.10226734461,-19.871153746) (6.94298107307,-46.937017279) (27.6091238713,-30.6883867898) (29.904761961,-15.3559603385) (31.716587543,-6.37517374073) 
TD 3 :
(36.0,6.84286701359) (0.0,-6.36955479554) (32.8405756677,-1.91021297016) (2.72375630483,-17.6288349106) (31.716587543,-6.37517374073) (2.86689299298,-18.4343417704) (3.10226734461,-19.871153746) (6.94298107307,-46.937017279) (27.6091238713,-30.6883867898) (29.904761961,-15.3559603385) 
TD 4 :
(36.0,6.84286701359) (0.0,-6.36955479554) (32.8405756677,-1.91021297016) (2.72375630483,-17.6288349106) (31.716587543,-6.37517374073) (2.86689299298,-18.4343417704) (29.904761961,-15.3559603385) (3.10226734461,-19.871153746) (6.94298107307,-46.937017279) (27.6091238713,-30.6883867898) 
Pocket 0 :
()
Pocket 1 :
({  (0.0,-6.36955479554) ,(2.72375630483,-17.6288349106) } {  (32.8405756677,-1.91021297016) ,(36.0,6.84286701359) } )
Pocket 2 :
({  (2.72375630483,-17.6288349106) ,(0.0,-6.36955479554) } {  (36.0,6.84286701359) ,(32.8405756677,-1.91021297016) } )
Pocket 3 :
({  (2.86689299298,-18.4343417704) ,(2.72375630483,-17.6288349106) } {  (36.0,6.84286701359) ,(31.716587543,-6.37517374073) } )
