4 layers in onion peeling: 
Layer 1
(36.0,35.7777369223) (0.0,20.5449828762) 
Layer 2
(32.4497310989,24.6275804871) (3.25764816577,5.18401473732) 
Layer 3
(31.315383628,20.9111193167) (3.26293124436,5.15214696315) 
Layer 4
(27.398767087,6.79727783473) (3.54312631035,-25.998550325) 
---------------------------------------------------------------------------------------
TD 0 :
(36.0,35.7777369223) (32.4497310989,24.6275804871) (31.315383628,20.9111193167) (27.398767087,6.79727783473) (26.4747205502,3.44860532662) (25.9113934803,1.24110180608) (3.54312631035,-25.998550325) (3.26293124436,5.15214696315) (3.25764816577,5.18401473732) (0.0,20.5449828762) 
TD 1 :
(36.0,35.7777369223) (0.0,20.5449828762) (3.25764816577,5.18401473732) (3.26293124436,5.15214696315) (3.54312631035,-25.998550325) (25.9113934803,1.24110180608) (26.4747205502,3.44860532662) (27.398767087,6.79727783473) (31.315383628,20.9111193167) (32.4497310989,24.6275804871) 
TD 2 :
(36.0,35.7777369223) (0.0,20.5449828762) (32.4497310989,24.6275804871) (3.25764816577,5.18401473732) (3.26293124436,5.15214696315) (3.54312631035,-25.998550325) (25.9113934803,1.24110180608) (26.4747205502,3.44860532662) (27.398767087,6.79727783473) (31.315383628,20.9111193167) 
TD 3 :
(36.0,35.7777369223) (0.0,20.5449828762) (32.4497310989,24.6275804871) (3.25764816577,5.18401473732) (31.315383628,20.9111193167) (3.26293124436,5.15214696315) (3.54312631035,-25.998550325) (25.9113934803,1.24110180608) (26.4747205502,3.44860532662) (27.398767087,6.79727783473) 
TD 4 :
(36.0,35.7777369223) (0.0,20.5449828762) (32.4497310989,24.6275804871) (3.25764816577,5.18401473732) (31.315383628,20.9111193167) (3.26293124436,5.15214696315) (27.398767087,6.79727783473) (3.54312631035,-25.998550325) (25.9113934803,1.24110180608) (26.4747205502,3.44860532662) 
Pocket 0 :
()
Pocket 1 :
({  (0.0,20.5449828762) ,(3.25764816577,5.18401473732) } {  (32.4497310989,24.6275804871) ,(36.0,35.7777369223) } )
Pocket 2 :
({  (3.25764816577,5.18401473732) ,(0.0,20.5449828762) } {  (36.0,35.7777369223) ,(32.4497310989,24.6275804871) } )
Pocket 3 :
({  (3.26293124436,5.15214696315) ,(3.25764816577,5.18401473732) } {  (36.0,35.7777369223) ,(31.315383628,20.9111193167) } )
