4 layers in onion peeling: 
Layer 1
(36.0,1.147504116) (0.0,-19.7693696743) 
Layer 2
(32.4174990897,-13.2750631092) (4.55343430365,-36.9394332236) 
Layer 3
(31.385269307,-17.5286527178) (6.47260951801,-45.7122571236) 
Layer 4
(28.1805257101,-33.5386938319) (9.66730010662,-74.0173766171) 
---------------------------------------------------------------------------------------
TD 0 :
(36.0,1.147504116) (32.4174990897,-13.2750631092) (31.385269307,-17.5286527178) (28.1805257101,-33.5386938319) (26.3755899257,-45.8325550464) (23.9192280066,-63.3358297842) (9.66730010662,-74.0173766171) (6.47260951801,-45.7122571236) (4.55343430365,-36.9394332236) (0.0,-19.7693696743) 
TD 1 :
(36.0,1.147504116) (0.0,-19.7693696743) (4.55343430365,-36.9394332236) (6.47260951801,-45.7122571236) (9.66730010662,-74.0173766171) (23.9192280066,-63.3358297842) (26.3755899257,-45.8325550464) (28.1805257101,-33.5386938319) (31.385269307,-17.5286527178) (32.4174990897,-13.2750631092) 
TD 2 :
(36.0,1.147504116) (0.0,-19.7693696743) (32.4174990897,-13.2750631092) (4.55343430365,-36.9394332236) (6.47260951801,-45.7122571236) (9.66730010662,-74.0173766171) (23.9192280066,-63.3358297842) (26.3755899257,-45.8325550464) (28.1805257101,-33.5386938319) (31.385269307,-17.5286527178) 
TD 3 :
(36.0,1.147504116) (0.0,-19.7693696743) (32.4174990897,-13.2750631092) (4.55343430365,-36.9394332236) (31.385269307,-17.5286527178) (6.47260951801,-45.7122571236) (9.66730010662,-74.0173766171) (23.9192280066,-63.3358297842) (26.3755899257,-45.8325550464) (28.1805257101,-33.5386938319) 
TD 4 :
(36.0,1.147504116) (0.0,-19.7693696743) (32.4174990897,-13.2750631092) (4.55343430365,-36.9394332236) (31.385269307,-17.5286527178) (6.47260951801,-45.7122571236) (28.1805257101,-33.5386938319) (9.66730010662,-74.0173766171) (23.9192280066,-63.3358297842) (26.3755899257,-45.8325550464) 
Pocket 0 :
()
Pocket 1 :
({  (0.0,-19.7693696743) ,(4.55343430365,-36.9394332236) } {  (32.4174990897,-13.2750631092) ,(36.0,1.147504116) } )
Pocket 2 :
({  (4.55343430365,-36.9394332236) ,(0.0,-19.7693696743) } {  (36.0,1.147504116) ,(32.4174990897,-13.2750631092) } )
Pocket 3 :
({  (6.47260951801,-45.7122571236) ,(4.55343430365,-36.9394332236) } {  (36.0,1.147504116) ,(31.385269307,-17.5286527178) } )
