3 layers in onion peeling: 
Layer 1
(16,2) (12,2) (8,2) (4,2) (0,2) 
Layer 2
(15,1) (13,1) (11,1) (9,1) (7,1) (5,1) (3,1) (1,1) 
Layer 3
(14,0) (10,0) (6,0) (2,0) 
---------------------------------------------------------------------------------------
TD 0 :
(16,2) (15,1) (14,0) (13,1) (12,2) (11,1) (10,0) (9,1) (8,2) (7,1) (6,0) (5,1) (4,2) (3,1) (2,0) (1,1) (0,2) 
TD 1 :
(16,2) (12,2) (8,2) (4,2) (0,2) (1,1) (2,0) (3,1) 
(16,2) (12,2) (8,2) (4,2) (0,2) (5,1) (6,0) (7,1) 
(16,2) (12,2) (8,2) (4,2) (0,2) (9,1) (10,0) (11,1) 
(16,2) (12,2) (8,2) (4,2) (0,2) (13,1) (14,0) (15,1) 
TD 2 :
(16,2) (12,2) (8,2) (4,2) (0,2) (3,1) (1,1) (2,0) 
(16,2) (12,2) (8,2) (4,2) (0,2) (3,1) (1,1) 
(16,2) (12,2) (8,2) (4,2) (0,2) (7,1) (5,1) 
(16,2) (12,2) (8,2) (4,2) (0,2) (7,1) (5,1) (6,0) 
(16,2) (12,2) (8,2) (4,2) (0,2) (7,1) (5,1) 
(16,2) (12,2) (8,2) (4,2) (0,2) (11,1) (9,1) 
(16,2) (12,2) (8,2) (4,2) (0,2) (11,1) (9,1) (10,0) 
(16,2) (12,2) (8,2) (4,2) (0,2) (11,1) (9,1) 
(16,2) (12,2) (8,2) (4,2) (0,2) (15,1) (13,1) 
(16,2) (12,2) (8,2) (4,2) (0,2) (15,1) (13,1) (14,0) 
TD 3 :
(16,2) (12,2) (8,2) (4,2) (0,2) (3,1) (1,1) (2,0) 
(16,2) (12,2) (8,2) (4,2) (0,2) (7,1) (5,1) (6,0) 
(16,2) (12,2) (8,2) (4,2) (0,2) (7,1) (5,1) (6,0) 
(16,2) (12,2) (8,2) (4,2) (0,2) (11,1) (9,1) (10,0) 
(16,2) (12,2) (8,2) (4,2) (0,2) (11,1) (9,1) (10,0) 
(16,2) (12,2) (8,2) (4,2) (0,2) (15,1) (13,1) (14,0) 
Pocket 0 :
()
Pocket 1 :
({  (0,2) ,(1,1) } {  (3,1) ,(4,2) } {  (0,2) ,(1,1) } {  (3,1) ,(4,2) } {  (0,2) ,(1,1) } {  (3,1) ,(4,2) } {  (0,2) ,(1,1) } {  (3,1) ,(4,2) } )
Pocket 2 :
({  (1,1) ,(0,2) } {  (16,2) ,(3,1) } {  (1,1) ,(0,2) } {  (16,2) ,(3,1) } {  (6,0) ,(5,1) } {  (6,0) ,(5,1) } {  (6,0) ,(5,1) } {  (10,0) ,(9,1) } {  (10,0) ,(9,1) } {  (10,0) ,(9,1) } {  (14,0) ,(13,1) } {  (14,0) ,(13,1) } )
