3 layers in onion peeling: 
Layer 1
(120,30) (0,30) 
Layer 2
(100,20) (20,20) 
Layer 3
(90,10) (30,10) 
---------------------------------------------------------------------------------------
TD 0 :
(120,30) (100,20) (90,10) (89,0) (31,0) (30,10) (20,20) (0,30) 
TD 1 :
(120,30) (0,30) (20,20) (30,10) (31,0) (89,0) (90,10) (100,20) 
TD 2 :
(120,30) (0,30) (100,20) (20,20) (30,10) (31,0) (89,0) (90,10) 
TD 3 :
(120,30) (0,30) (100,20) (20,20) (90,10) (30,10) (31,0) (89,0) 
Pocket 0 :
()
Pocket 1 :
({  (0,30) ,(20,20) } {  (100,20) ,(120,30) } )
Pocket 2 :
({  (20,20) ,(0,30) } {  (120,30) ,(100,20) } )
