5 layers in onion peeling: 
Layer 1
(120,30) (0,30) 
Layer 2
(100,20) (20,20) 
Layer 3
(90,10) (30,10) 
Layer 4
(89,0) (80,0) (76,0) (44,0) (40,0) (31,0) 
Layer 5
(79,-20) (78,-10) (42,-10) (41,-20) 
---------------------------------------------------------------------------------------
TD 0 :
(120,30) (100,20) (90,10) (89,0) (80,0) (79,-20) (78,-10) (77,-20) (76,0) (44,0) (43,-20) (42,-10) (41,-20) (40,0) (31,0) (30,10) (20,20) (0,30) 
TD 1 :
(120,30) (0,30) (20,20) (30,10) (31,0) (40,0) (41,-20) (42,-10) (43,-20) (44,0) (76,0) (77,-20) (78,-10) (79,-20) (80,0) (89,0) (90,10) (100,20) 
TD 2 :
(120,30) (0,30) (100,20) (20,20) (30,10) (31,0) (40,0) (41,-20) (42,-10) (43,-20) (44,0) (76,0) (77,-20) (78,-10) (79,-20) (80,0) (89,0) (90,10) 
TD 3 :
(120,30) (0,30) (100,20) (20,20) (90,10) (30,10) (31,0) (40,0) (41,-20) (42,-10) (43,-20) (44,0) (76,0) (77,-20) (78,-10) (79,-20) (80,0) (89,0) 
TD 4 :
(120,30) (0,30) (100,20) (20,20) (90,10) (30,10) (89,0) (80,0) (76,0) (44,0) (40,0) (31,0) 
(120,30) (0,30) (100,20) (20,20) (90,10) (30,10) (89,0) (80,0) (76,0) (44,0) (40,0) (31,0) (41,-20) (42,-10) (43,-20) 
(120,30) (0,30) (100,20) (20,20) (90,10) (30,10) (89,0) (80,0) (76,0) (44,0) (40,0) (31,0) 
(120,30) (0,30) (100,20) (20,20) (90,10) (30,10) (89,0) (80,0) (76,0) (44,0) (40,0) (31,0) (77,-20) (78,-10) (79,-20) 
(120,30) (0,30) (100,20) (20,20) (90,10) (30,10) (89,0) (80,0) (76,0) (44,0) (40,0) (31,0) 
TD 5 :
(120,30) (0,30) (100,20) (20,20) (90,10) (30,10) (89,0) (80,0) (76,0) (44,0) (40,0) (31,0) (42,-10) (41,-20) 
(120,30) (0,30) (100,20) (20,20) (90,10) (30,10) (89,0) (80,0) (76,0) (44,0) (40,0) (31,0) (42,-10) (41,-20) (43,-20) 
(120,30) (0,30) (100,20) (20,20) (90,10) (30,10) (89,0) (80,0) (76,0) (44,0) (40,0) (31,0) (79,-20) (78,-10) (77,-20) 
(120,30) (0,30) (100,20) (20,20) (90,10) (30,10) (89,0) (80,0) (76,0) (44,0) (40,0) (31,0) (79,-20) (78,-10) 
Pocket 0 :
()
Pocket 1 :
({  (0,30) ,(20,20) } {  (100,20) ,(120,30) } )
Pocket 2 :
({  (20,20) ,(0,30) } {  (120,30) ,(100,20) } )
Pocket 3 :
({  (30,10) ,(20,20) } {  (120,30) ,(90,10) } )
Pocket 4 :
({  (31,0) ,(30,10) } {  (41,-20) ,(40,0) } {  (31,0) ,(30,10) } {  (41,-20) ,(40,0) } {  (31,0) ,(30,10) } {  (41,-20) ,(40,0) } {  (31,0) ,(30,10) } {  (41,-20) ,(40,0) } {  (31,0) ,(30,10) } {  (41,-20) ,(40,0) } )
