2 layers in onion peeling: 
Layer 1
(70,15) (0,10) 
Layer 2
(55,0) (25,5) (20,5) (10,0) 
---------------------------------------------------------------------------------------
TD 0 :
(70,15) (55,0) (30,0) (25,5) (20,5) (15,0) (10,0) (0,10) 
TD 1 :
(70,15) (0,10) (10,0) (15,0) (20,5) (25,5) (30,0) (55,0) 
TD 2 :
(70,15) (0,10) (55,0) (25,5) (20,5) (10,0) (15,0) 
(70,15) (0,10) (55,0) (25,5) (20,5) (10,0) 
(70,15) (0,10) (55,0) (25,5) (20,5) (10,0) (30,0) 
Pocket 0 :
()
Pocket 1 :
({  (0,10) ,(10,0) } {  (55,0) ,(70,15) } )
