15 layers in onion peeling: 
Layer 1
(99,24) (74,34) (73,34) (72,34) (18,18) (13,16) (11,15) (3,6) (0,1) 
Layer 2
(98,24) (75,33) (71,32) (17,16) (12,14) (10,13) (4,6) (1,2) 
Layer 3
(97,23) (94,24) (79,29) (70,31) (63,29) (19,16) (14,14) (6,8) (2,2) 
Layer 4
(96,23) (93,24) (90,25) (78,29) (69,30) (68,30) (21,16) (7,8) (5,6) 
Layer 5
(95,23) (92,24) (76,29) (64,27) (60,26) (22,16) (20,15) (9,9) (8,8) 
Layer 6
(91,23) (89,24) (85,25) (77,27) (67,27) (62,26) (23,16) (16,12) (15,11) 
Layer 7
(88,23) (86,24) (80,26) (61,25) (24,16) 
Layer 8
(87,23) (84,24) (83,24) (65,24) (59,24) (27,14) (26,13) (25,12) 
Layer 9
(82,22) (81,23) (66,23) (56,23) (40,17) (28,11) 
Layer 10
(58,22) (57,22) (55,22) (31,11) (29,10) 
Layer 11
(54,17) (53,18) (48,17) (41,15) (30,10) 
Layer 12
(52,16) (51,17) (49,17) (33,11) (32,9) 
Layer 13
(50,13) (47,16) (39,13) (34,11) 
Layer 14
(46,15) (35,10) 
Layer 15
(45,12) (43,13) (38,11) (37,10) (36,9) 
---------------------------------------------------------------------------------------
TD 0 :
(99,24) (98,24) (97,23) (96,23) (95,23) (94,24) (93,24) (92,24) (91,23) (90,25) (89,24) (88,23) (87,23) (86,24) (85,25) (84,24) (83,24) (82,22) (81,23) (80,26) (79,29) (78,29) (77,27) (76,29) (75,33) (74,34) (73,34) (72,34) (71,32) (70,31) (69,30) (68,30) (67,27) (66,23) (65,24) (64,27) (63,29) (62,26) (61,25) (60,26) (59,24) (58,22) (57,22) (56,23) (55,22) (54,17) (53,18) (52,16) (51,17) (50,13) (49,17) (48,17) (47,16) (46,15) (45,12) (44,12) (43,13) (42,12) (41,15) (40,17) (39,13) (38,11) (37,10) (36,9) (35,10) (34,11) (33,11) (32,9) (31,11) (30,10) (29,10) (28,11) (27,14) (26,13) (25,12) (24,16) (23,16) (22,16) (21,16) (20,15) (19,16) (18,18) (17,16) (16,12) (15,11) (14,14) (13,16) (12,14) (11,15) (10,13) (9,9) (8,8) (7,8) (6,8) (5,6) (4,6) (3,6) (2,2) (1,2) (0,1) 
TD 1 :
(99,24) (74,34) (73,34) (72,34) (18,18) (13,16) (11,15) (3,6) (0,1) (1,2) (2,2) 
(99,24) (74,34) (73,34) (72,34) (18,18) (13,16) (11,15) (3,6) (0,1) (4,6) (5,6) (6,8) (7,8) (8,8) (9,9) (10,13) 
(99,24) (74,34) (73,34) (72,34) (18,18) (13,16) (11,15) (3,6) (0,1) (12,14) 
(99,24) (74,34) (73,34) (72,34) (18,18) (13,16) (11,15) (3,6) (0,1) (14,14) (15,11) (16,12) (17,16) 
(99,24) (74,34) (73,34) (72,34) (18,18) (13,16) (11,15) (3,6) (0,1) (19,16) (20,15) (21,16) (22,16) (23,16) (24,16) (25,12) (26,13) (27,14) (28,11) (29,10) (30,10) (31,11) (32,9) (33,11) (34,11) (35,10) (36,9) (37,10) (38,11) (39,13) (40,17) (41,15) (42,12) (43,13) (44,12) (45,12) (46,15) (47,16) (48,17) (49,17) (50,13) (51,17) (52,16) (53,18) (54,17) (55,22) (56,23) (57,22) (58,22) (59,24) (60,26) (61,25) (62,26) (63,29) (64,27) (65,24) (66,23) (67,27) (68,30) (69,30) (70,31) (71,32) 
(99,24) (74,34) (73,34) (72,34) (18,18) (13,16) (11,15) (3,6) (0,1) 
(99,24) (74,34) (73,34) (72,34) (18,18) (13,16) (11,15) (3,6) (0,1) 
(99,24) (74,34) (73,34) (72,34) (18,18) (13,16) (11,15) (3,6) (0,1) (75,33) (76,29) (77,27) (78,29) (79,29) (80,26) (81,23) (82,22) (83,24) (84,24) (85,25) (86,24) (87,23) (88,23) (89,24) (90,25) (91,23) (92,24) (93,24) (94,24) (95,23) (96,23) (97,23) (98,24) 
TD 2 :
(99,24) (74,34) (73,34) (72,34) (18,18) (13,16) (11,15) (3,6) (0,1) (1,2) (2,2) 
(99,24) (74,34) (73,34) (72,34) (18,18) (13,16) (11,15) (3,6) (0,1) (10,13) (4,6) 
(99,24) (74,34) (73,34) (72,34) (18,18) (13,16) (11,15) (3,6) (0,1) (10,13) (4,6) (5,6) (6,8) (7,8) (8,8) (9,9) 
(99,24) (74,34) (73,34) (72,34) (18,18) (13,16) (11,15) (3,6) (0,1) (10,13) (4,6) 
(99,24) (74,34) (73,34) (72,34) (18,18) (13,16) (11,15) (3,6) (0,1) (12,14) 
(99,24) (74,34) (73,34) (72,34) (18,18) (13,16) (11,15) (3,6) (0,1) (12,14) 
(99,24) (74,34) (73,34) (72,34) (18,18) (13,16) (11,15) (3,6) (0,1) (17,16) (14,14) (15,11) (16,12) 
(99,24) (74,34) (73,34) (72,34) (18,18) (13,16) (11,15) (3,6) (0,1) (17,16) 
(99,24) (74,34) (73,34) (72,34) (18,18) (13,16) (11,15) (3,6) (0,1) (71,32) (19,16) (20,15) (21,16) (22,16) (23,16) (24,16) (25,12) (26,13) (27,14) (28,11) (29,10) (30,10) (31,11) (32,9) (33,11) (34,11) (35,10) (36,9) (37,10) (38,11) (39,13) (40,17) (41,15) (42,12) (43,13) (44,12) (45,12) (46,15) (47,16) (48,17) (49,17) (50,13) (51,17) (52,16) (53,18) (54,17) (55,22) (56,23) (57,22) (58,22) (59,24) (60,26) (61,25) (62,26) (63,29) (64,27) (65,24) (66,23) (67,27) (68,30) (69,30) (70,31) 
(99,24) (74,34) (73,34) (72,34) (18,18) (13,16) (11,15) (3,6) (0,1) (71,32) 
(99,24) (74,34) (73,34) (72,34) (18,18) (13,16) (11,15) (3,6) (0,1) (98,24) (75,33) 
(99,24) (74,34) (73,34) (72,34) (18,18) (13,16) (11,15) (3,6) (0,1) (98,24) (75,33) (76,29) (77,27) (78,29) (79,29) (80,26) (81,23) (82,22) (83,24) (84,24) (85,25) (86,24) (87,23) (88,23) (89,24) (90,25) (91,23) (92,24) (93,24) (94,24) (95,23) (96,23) (97,23) 
TD 3 :
(99,24) (74,34) (73,34) (72,34) (18,18) (13,16) (11,15) (3,6) (0,1) (1,2) (2,2) 
(99,24) (74,34) (73,34) (72,34) (18,18) (13,16) (11,15) (3,6) (0,1) (10,13) (4,6) (6,8) (5,6) 
(99,24) (74,34) (73,34) (72,34) (18,18) (13,16) (11,15) (3,6) (0,1) (10,13) (4,6) (6,8) (7,8) (8,8) (9,9) 
(99,24) (74,34) (73,34) (72,34) (18,18) (13,16) (11,15) (3,6) (0,1) (17,16) (14,14) 
(99,24) (74,34) (73,34) (72,34) (18,18) (13,16) (11,15) (3,6) (0,1) (17,16) (14,14) (15,11) (16,12) 
(99,24) (74,34) (73,34) (72,34) (18,18) (13,16) (11,15) (3,6) (0,1) (71,32) (70,31) (63,29) (19,16) 
(99,24) (74,34) (73,34) (72,34) (18,18) (13,16) (11,15) (3,6) (0,1) (71,32) (70,31) (63,29) (19,16) (20,15) (21,16) (22,16) (23,16) (24,16) (25,12) (26,13) (27,14) (28,11) (29,10) (30,10) (31,11) (32,9) (33,11) (34,11) (35,10) (36,9) (37,10) (38,11) (39,13) (40,17) (41,15) (42,12) (43,13) (44,12) (45,12) (46,15) (47,16) (48,17) (49,17) (50,13) (51,17) (52,16) (53,18) (54,17) (55,22) (56,23) (57,22) (58,22) (59,24) (60,26) (61,25) (62,26) 
(99,24) (74,34) (73,34) (72,34) (18,18) (13,16) (11,15) (3,6) (0,1) (71,32) (70,31) (63,29) (19,16) (64,27) (65,24) (66,23) (67,27) (68,30) (69,30) 
(99,24) (74,34) (73,34) (72,34) (18,18) (13,16) (11,15) (3,6) (0,1) (71,32) (70,31) (63,29) (19,16) 
(99,24) (74,34) (73,34) (72,34) (18,18) (13,16) (11,15) (3,6) (0,1) (98,24) (75,33) (97,23) (94,24) (79,29) (76,29) (77,27) (78,29) 
(99,24) (74,34) (73,34) (72,34) (18,18) (13,16) (11,15) (3,6) (0,1) (98,24) (75,33) (97,23) (94,24) (79,29) (80,26) (81,23) (82,22) (83,24) (84,24) (85,25) (86,24) (87,23) (88,23) (89,24) (90,25) (91,23) (92,24) (93,24) 
(99,24) (74,34) (73,34) (72,34) (18,18) (13,16) (11,15) (3,6) (0,1) (98,24) (75,33) (97,23) (94,24) (79,29) (95,23) (96,23) 
TD 4 :
(99,24) (74,34) (73,34) (72,34) (18,18) (13,16) (11,15) (3,6) (0,1) (10,13) (4,6) (6,8) (5,6) 
(99,24) (74,34) (73,34) (72,34) (18,18) (13,16) (11,15) (3,6) (0,1) (10,13) (4,6) (6,8) (7,8) 
(99,24) (74,34) (73,34) (72,34) (18,18) (13,16) (11,15) (3,6) (0,1) (10,13) (4,6) (6,8) (7,8) (8,8) (9,9) 
(99,24) (74,34) (73,34) (72,34) (18,18) (13,16) (11,15) (3,6) (0,1) (71,32) (70,31) (63,29) (19,16) (21,16) (20,15) 
(99,24) (74,34) (73,34) (72,34) (18,18) (13,16) (11,15) (3,6) (0,1) (71,32) (70,31) (63,29) (19,16) (21,16) (22,16) (23,16) (24,16) (25,12) (26,13) (27,14) (28,11) (29,10) (30,10) (31,11) (32,9) (33,11) (34,11) (35,10) (36,9) (37,10) (38,11) (39,13) (40,17) (41,15) (42,12) (43,13) (44,12) (45,12) (46,15) (47,16) (48,17) (49,17) (50,13) (51,17) (52,16) (53,18) (54,17) (55,22) (56,23) (57,22) (58,22) (59,24) (60,26) (61,25) (62,26) 
(99,24) (74,34) (73,34) (72,34) (18,18) (13,16) (11,15) (3,6) (0,1) (71,32) (70,31) (63,29) (19,16) (69,30) (68,30) (64,27) (65,24) (66,23) (67,27) 
(99,24) (74,34) (73,34) (72,34) (18,18) (13,16) (11,15) (3,6) (0,1) (71,32) (70,31) (63,29) (19,16) (69,30) (68,30) 
(99,24) (74,34) (73,34) (72,34) (18,18) (13,16) (11,15) (3,6) (0,1) (71,32) (70,31) (63,29) (19,16) (69,30) (68,30) 
(99,24) (74,34) (73,34) (72,34) (18,18) (13,16) (11,15) (3,6) (0,1) (98,24) (75,33) (97,23) (94,24) (79,29) (78,29) (76,29) (77,27) 
(99,24) (74,34) (73,34) (72,34) (18,18) (13,16) (11,15) (3,6) (0,1) (98,24) (75,33) (97,23) (94,24) (79,29) (78,29) 
(99,24) (74,34) (73,34) (72,34) (18,18) (13,16) (11,15) (3,6) (0,1) (98,24) (75,33) (97,23) (94,24) (79,29) (93,24) (90,25) (80,26) (81,23) (82,22) (83,24) (84,24) (85,25) (86,24) (87,23) (88,23) (89,24) 
(99,24) (74,34) (73,34) (72,34) (18,18) (13,16) (11,15) (3,6) (0,1) (98,24) (75,33) (97,23) (94,24) (79,29) (93,24) (90,25) (91,23) (92,24) 
(99,24) (74,34) (73,34) (72,34) (18,18) (13,16) (11,15) (3,6) (0,1) (98,24) (75,33) (97,23) (94,24) (79,29) (93,24) (90,25) 
(99,24) (74,34) (73,34) (72,34) (18,18) (13,16) (11,15) (3,6) (0,1) (98,24) (75,33) (97,23) (94,24) (79,29) (96,23) (95,23) 
TD 5 :
(99,24) (74,34) (73,34) (72,34) (18,18) (13,16) (11,15) (3,6) (0,1) (10,13) (4,6) (6,8) (7,8) (9,9) (8,8) 
(99,24) (74,34) (73,34) (72,34) (18,18) (13,16) (11,15) (3,6) (0,1) (10,13) (4,6) (6,8) (7,8) (9,9) (8,8) 
(99,24) (74,34) (73,34) (72,34) (18,18) (13,16) (11,15) (3,6) (0,1) (71,32) (70,31) (63,29) (19,16) (21,16) (20,15) 
(99,24) (74,34) (73,34) (72,34) (18,18) (13,16) (11,15) (3,6) (0,1) (71,32) (70,31) (63,29) (19,16) (21,16) (20,15) 
(99,24) (74,34) (73,34) (72,34) (18,18) (13,16) (11,15) (3,6) (0,1) (71,32) (70,31) (63,29) (19,16) (21,16) (60,26) (22,16) 
(99,24) (74,34) (73,34) (72,34) (18,18) (13,16) (11,15) (3,6) (0,1) (71,32) (70,31) (63,29) (19,16) (21,16) (60,26) (22,16) (23,16) (24,16) (25,12) (26,13) (27,14) (28,11) (29,10) (30,10) (31,11) (32,9) (33,11) (34,11) (35,10) (36,9) (37,10) (38,11) (39,13) (40,17) (41,15) (42,12) (43,13) (44,12) (45,12) (46,15) (47,16) (48,17) (49,17) (50,13) (51,17) (52,16) (53,18) (54,17) (55,22) (56,23) (57,22) (58,22) (59,24) 
(99,24) (74,34) (73,34) (72,34) (18,18) (13,16) (11,15) (3,6) (0,1) (71,32) (70,31) (63,29) (19,16) (21,16) (60,26) (22,16) (61,25) (62,26) 
(99,24) (74,34) (73,34) (72,34) (18,18) (13,16) (11,15) (3,6) (0,1) (71,32) (70,31) (63,29) (19,16) (69,30) (68,30) (64,27) 
(99,24) (74,34) (73,34) (72,34) (18,18) (13,16) (11,15) (3,6) (0,1) (71,32) (70,31) (63,29) (19,16) (69,30) (68,30) (64,27) (65,24) (66,23) (67,27) 
(99,24) (74,34) (73,34) (72,34) (18,18) (13,16) (11,15) (3,6) (0,1) (98,24) (75,33) (97,23) (94,24) (79,29) (78,29) (76,29) 
(99,24) (74,34) (73,34) (72,34) (18,18) (13,16) (11,15) (3,6) (0,1) (98,24) (75,33) (97,23) (94,24) (79,29) (78,29) (76,29) (77,27) 
(99,24) (74,34) (73,34) (72,34) (18,18) (13,16) (11,15) (3,6) (0,1) (98,24) (75,33) (97,23) (94,24) (79,29) (93,24) (90,25) (92,24) (91,23) 
(99,24) (74,34) (73,34) (72,34) (18,18) (13,16) (11,15) (3,6) (0,1) (98,24) (75,33) (97,23) (94,24) (79,29) (93,24) (90,25) (92,24) 
(99,24) (74,34) (73,34) (72,34) (18,18) (13,16) (11,15) (3,6) (0,1) (98,24) (75,33) (97,23) (94,24) (79,29) (96,23) (95,23) 
TD 6 :
(99,24) (74,34) (73,34) (72,34) (18,18) (13,16) (11,15) (3,6) (0,1) (71,32) (70,31) (63,29) (19,16) (21,16) (60,26) (22,16) (23,16) 
(99,24) (74,34) (73,34) (72,34) (18,18) (13,16) (11,15) (3,6) (0,1) (71,32) (70,31) (63,29) (19,16) (21,16) (60,26) (22,16) (23,16) (24,16) (25,12) (26,13) (27,14) (28,11) (29,10) (30,10) (31,11) (32,9) (33,11) (34,11) (35,10) (36,9) (37,10) (38,11) (39,13) (40,17) (41,15) (42,12) (43,13) (44,12) (45,12) (46,15) (47,16) (48,17) (49,17) (50,13) (51,17) (52,16) (53,18) (54,17) (55,22) (56,23) (57,22) (58,22) (59,24) 
(99,24) (74,34) (73,34) (72,34) (18,18) (13,16) (11,15) (3,6) (0,1) (71,32) (70,31) (63,29) (19,16) (21,16) (60,26) (22,16) (62,26) (61,25) 
(99,24) (74,34) (73,34) (72,34) (18,18) (13,16) (11,15) (3,6) (0,1) (71,32) (70,31) (63,29) (19,16) (21,16) (60,26) (22,16) (62,26) 
(99,24) (74,34) (73,34) (72,34) (18,18) (13,16) (11,15) (3,6) (0,1) (71,32) (70,31) (63,29) (19,16) (69,30) (68,30) (64,27) (67,27) (65,24) (66,23) 
(99,24) (74,34) (73,34) (72,34) (18,18) (13,16) (11,15) (3,6) (0,1) (71,32) (70,31) (63,29) (19,16) (69,30) (68,30) (64,27) (67,27) 
(99,24) (74,34) (73,34) (72,34) (18,18) (13,16) (11,15) (3,6) (0,1) (98,24) (75,33) (97,23) (94,24) (79,29) (78,29) (76,29) (77,27) 
(99,24) (74,34) (73,34) (72,34) (18,18) (13,16) (11,15) (3,6) (0,1) (98,24) (75,33) (97,23) (94,24) (79,29) (78,29) (76,29) (77,27) 
(99,24) (74,34) (73,34) (72,34) (18,18) (13,16) (11,15) (3,6) (0,1) (98,24) (75,33) (97,23) (94,24) (79,29) (93,24) (90,25) (92,24) (91,23) 
TD 7 :
(99,24) (74,34) (73,34) (72,34) (18,18) (13,16) (11,15) (3,6) (0,1) (71,32) (70,31) (63,29) (19,16) (21,16) (60,26) (22,16) (23,16) (24,16) (25,12) (26,13) (27,14) (28,11) (29,10) (30,10) (31,11) (32,9) (33,11) (34,11) (35,10) (36,9) (37,10) (38,11) (39,13) (40,17) (41,15) (42,12) (43,13) (44,12) (45,12) (46,15) (47,16) (48,17) (49,17) (50,13) (51,17) (52,16) (53,18) (54,17) (55,22) (56,23) (57,22) (58,22) (59,24) 
(99,24) (74,34) (73,34) (72,34) (18,18) (13,16) (11,15) (3,6) (0,1) (71,32) (70,31) (63,29) (19,16) (21,16) (60,26) (22,16) (62,26) (61,25) 
(99,24) (74,34) (73,34) (72,34) (18,18) (13,16) (11,15) (3,6) (0,1) (71,32) (70,31) (63,29) (19,16) (21,16) (60,26) (22,16) (62,26) (61,25) 
TD 8 :
(99,24) (74,34) (73,34) (72,34) (18,18) (13,16) (11,15) (3,6) (0,1) (71,32) (70,31) (63,29) (19,16) (21,16) (60,26) (22,16) (23,16) (24,16) (59,24) (27,14) (26,13) (25,12) 
(99,24) (74,34) (73,34) (72,34) (18,18) (13,16) (11,15) (3,6) (0,1) (71,32) (70,31) (63,29) (19,16) (21,16) (60,26) (22,16) (23,16) (24,16) (59,24) (27,14) (26,13) (25,12) 
(99,24) (74,34) (73,34) (72,34) (18,18) (13,16) (11,15) (3,6) (0,1) (71,32) (70,31) (63,29) (19,16) (21,16) (60,26) (22,16) (23,16) (24,16) (59,24) (27,14) (26,13) (25,12) (28,11) (29,10) (30,10) (31,11) (32,9) (33,11) (34,11) (35,10) (36,9) (37,10) (38,11) (39,13) (40,17) (41,15) (42,12) (43,13) (44,12) (45,12) (46,15) (47,16) (48,17) (49,17) (50,13) (51,17) (52,16) (53,18) (54,17) (55,22) (56,23) (57,22) (58,22) 
(99,24) (74,34) (73,34) (72,34) (18,18) (13,16) (11,15) (3,6) (0,1) (71,32) (70,31) (63,29) (19,16) (21,16) (60,26) (22,16) (23,16) (24,16) (59,24) (27,14) (26,13) (25,12) 
TD 9 :
(99,24) (74,34) (73,34) (72,34) (18,18) (13,16) (11,15) (3,6) (0,1) (71,32) (70,31) (63,29) (19,16) (21,16) (60,26) (22,16) (23,16) (24,16) (59,24) (27,14) (26,13) (25,12) (56,23) (40,17) (28,11) (29,10) (30,10) (31,11) (32,9) (33,11) (34,11) (35,10) (36,9) (37,10) (38,11) (39,13) 
(99,24) (74,34) (73,34) (72,34) (18,18) (13,16) (11,15) (3,6) (0,1) (71,32) (70,31) (63,29) (19,16) (21,16) (60,26) (22,16) (23,16) (24,16) (59,24) (27,14) (26,13) (25,12) (56,23) (40,17) (28,11) (41,15) (42,12) (43,13) (44,12) (45,12) (46,15) (47,16) (48,17) (49,17) (50,13) (51,17) (52,16) (53,18) (54,17) (55,22) 
(99,24) (74,34) (73,34) (72,34) (18,18) (13,16) (11,15) (3,6) (0,1) (71,32) (70,31) (63,29) (19,16) (21,16) (60,26) (22,16) (23,16) (24,16) (59,24) (27,14) (26,13) (25,12) (56,23) (40,17) (28,11) (57,22) (58,22) 
TD 10 :
(99,24) (74,34) (73,34) (72,34) (18,18) (13,16) (11,15) (3,6) (0,1) (71,32) (70,31) (63,29) (19,16) (21,16) (60,26) (22,16) (23,16) (24,16) (59,24) (27,14) (26,13) (25,12) (56,23) (40,17) (28,11) (31,11) (29,10) (30,10) 
(99,24) (74,34) (73,34) (72,34) (18,18) (13,16) (11,15) (3,6) (0,1) (71,32) (70,31) (63,29) (19,16) (21,16) (60,26) (22,16) (23,16) (24,16) (59,24) (27,14) (26,13) (25,12) (56,23) (40,17) (28,11) (31,11) (29,10) (32,9) (33,11) (34,11) (35,10) (36,9) (37,10) (38,11) (39,13) 
(99,24) (74,34) (73,34) (72,34) (18,18) (13,16) (11,15) (3,6) (0,1) (71,32) (70,31) (63,29) (19,16) (21,16) (60,26) (22,16) (23,16) (24,16) (59,24) (27,14) (26,13) (25,12) (56,23) (40,17) (28,11) (55,22) (41,15) (42,12) (43,13) (44,12) (45,12) (46,15) (47,16) (48,17) (49,17) (50,13) (51,17) (52,16) (53,18) (54,17) 
(99,24) (74,34) (73,34) (72,34) (18,18) (13,16) (11,15) (3,6) (0,1) (71,32) (70,31) (63,29) (19,16) (21,16) (60,26) (22,16) (23,16) (24,16) (59,24) (27,14) (26,13) (25,12) (56,23) (40,17) (28,11) (55,22) 
(99,24) (74,34) (73,34) (72,34) (18,18) (13,16) (11,15) (3,6) (0,1) (71,32) (70,31) (63,29) (19,16) (21,16) (60,26) (22,16) (23,16) (24,16) (59,24) (27,14) (26,13) (25,12) (56,23) (40,17) (28,11) (58,22) (57,22) 
(99,24) (74,34) (73,34) (72,34) (18,18) (13,16) (11,15) (3,6) (0,1) (71,32) (70,31) (63,29) (19,16) (21,16) (60,26) (22,16) (23,16) (24,16) (59,24) (27,14) (26,13) (25,12) (56,23) (40,17) (28,11) (58,22) (57,22) 
TD 11 :
(99,24) (74,34) (73,34) (72,34) (18,18) (13,16) (11,15) (3,6) (0,1) (71,32) (70,31) (63,29) (19,16) (21,16) (60,26) (22,16) (23,16) (24,16) (59,24) (27,14) (26,13) (25,12) (56,23) (40,17) (28,11) (31,11) (29,10) (30,10) 
(99,24) (74,34) (73,34) (72,34) (18,18) (13,16) (11,15) (3,6) (0,1) (71,32) (70,31) (63,29) (19,16) (21,16) (60,26) (22,16) (23,16) (24,16) (59,24) (27,14) (26,13) (25,12) (56,23) (40,17) (28,11) (55,22) (54,17) (53,18) (48,17) (41,15) 
(99,24) (74,34) (73,34) (72,34) (18,18) (13,16) (11,15) (3,6) (0,1) (71,32) (70,31) (63,29) (19,16) (21,16) (60,26) (22,16) (23,16) (24,16) (59,24) (27,14) (26,13) (25,12) (56,23) (40,17) (28,11) (55,22) (54,17) (53,18) (48,17) (41,15) (42,12) (43,13) (44,12) (45,12) (46,15) (47,16) 
(99,24) (74,34) (73,34) (72,34) (18,18) (13,16) (11,15) (3,6) (0,1) (71,32) (70,31) (63,29) (19,16) (21,16) (60,26) (22,16) (23,16) (24,16) (59,24) (27,14) (26,13) (25,12) (56,23) (40,17) (28,11) (55,22) (54,17) (53,18) (48,17) (41,15) (49,17) (50,13) (51,17) (52,16) 
(99,24) (74,34) (73,34) (72,34) (18,18) (13,16) (11,15) (3,6) (0,1) (71,32) (70,31) (63,29) (19,16) (21,16) (60,26) (22,16) (23,16) (24,16) (59,24) (27,14) (26,13) (25,12) (56,23) (40,17) (28,11) (55,22) (54,17) (53,18) (48,17) (41,15) 
TD 12 :
(99,24) (74,34) (73,34) (72,34) (18,18) (13,16) (11,15) (3,6) (0,1) (71,32) (70,31) (63,29) (19,16) (21,16) (60,26) (22,16) (23,16) (24,16) (59,24) (27,14) (26,13) (25,12) (56,23) (40,17) (28,11) (55,22) (54,17) (53,18) (48,17) (41,15) (52,16) (51,17) (49,17) 
(99,24) (74,34) (73,34) (72,34) (18,18) (13,16) (11,15) (3,6) (0,1) (71,32) (70,31) (63,29) (19,16) (21,16) (60,26) (22,16) (23,16) (24,16) (59,24) (27,14) (26,13) (25,12) (56,23) (40,17) (28,11) (55,22) (54,17) (53,18) (48,17) (41,15) (52,16) (51,17) (49,17) (50,13) 
(99,24) (74,34) (73,34) (72,34) (18,18) (13,16) (11,15) (3,6) (0,1) (71,32) (70,31) (63,29) (19,16) (21,16) (60,26) (22,16) (23,16) (24,16) (59,24) (27,14) (26,13) (25,12) (56,23) (40,17) (28,11) (55,22) (54,17) (53,18) (48,17) (41,15) (52,16) (51,17) (49,17) 
TD 13 :
(99,24) (74,34) (73,34) (72,34) (18,18) (13,16) (11,15) (3,6) (0,1) (71,32) (70,31) (63,29) (19,16) (21,16) (60,26) (22,16) (23,16) (24,16) (59,24) (27,14) (26,13) (25,12) (56,23) (40,17) (28,11) (55,22) (54,17) (53,18) (48,17) (41,15) (52,16) (51,17) (49,17) (50,13) 
TD 14 :
TD 15 :
Pocket 0 :
()
Pocket 1 :
({  (0,1) ,(1,2) } {  (2,2) ,(3,6) } {  (0,1) ,(1,2) } {  (2,2) ,(3,6) } {  (0,1) ,(1,2) } {  (2,2) ,(3,6) } {  (0,1) ,(1,2) } {  (2,2) ,(3,6) } {  (0,1) ,(1,2) } {  (2,2) ,(3,6) } {  (0,1) ,(1,2) } {  (2,2) ,(3,6) } {  (0,1) ,(1,2) } {  (2,2) ,(3,6) } {  (0,1) ,(1,2) } {  (2,2) ,(3,6) } )
Pocket 2 :
({  (1,2) ,(0,1) } {  (5,6) ,(4,6) } {  (5,6) ,(4,6) } {  (5,6) ,(4,6) } {  (99,24) ,(12,14) } {  (99,24) ,(12,14) } {  (99,24) ,(17,16) } {  (99,24) ,(17,16) } {  (99,24) ,(71,32) } {  (99,24) ,(71,32) } {  (76,29) ,(75,33) } {  (76,29) ,(75,33) } )
Pocket 3 :
({  (2,2) ,(1,2) } {  (7,8) ,(6,8) } {  (7,8) ,(6,8) } {  (15,11) ,(14,14) } {  (15,11) ,(14,14) } {  (20,15) ,(19,16) } {  (20,15) ,(19,16) } {  (20,15) ,(19,16) } {  (20,15) ,(19,16) } {  (80,26) ,(79,29) } {  (80,26) ,(79,29) } {  (80,26) ,(79,29) } )
Pocket 4 :
({  (5,6) ,(6,8) } {  (8,8) ,(7,8) } {  (8,8) ,(7,8) } {  (22,16) ,(21,16) } {  (22,16) ,(21,16) } {  (69,30) ,(68,30) } {  (69,30) ,(68,30) } {  (69,30) ,(68,30) } {  (99,24) ,(78,29) } {  (99,24) ,(78,29) } {  (91,23) ,(90,25) } {  (91,23) ,(90,25) } {  (91,23) ,(90,25) } {  (99,24) ,(96,23) } )
Pocket 5 :
({  (8,8) ,(7,8) } {  (99,24) ,(9,9) } {  (8,8) ,(7,8) } {  (99,24) ,(9,9) } {  (99,24) ,(20,15) } {  (99,24) ,(20,15) } {  (23,16) ,(22,16) } {  (23,16) ,(22,16) } {  (23,16) ,(22,16) } {  (65,24) ,(64,27) } {  (65,24) ,(64,27) } {  (77,27) ,(76,29) } {  (77,27) ,(76,29) } {  (99,24) ,(92,24) } {  (99,24) ,(92,24) } {  (99,24) ,(95,23) } )
Pocket 6 :
({  (24,16) ,(23,16) } {  (24,16) ,(23,16) } {  (99,24) ,(62,26) } {  (99,24) ,(62,26) } {  (99,24) ,(67,27) } {  (99,24) ,(67,27) } {  (99,24) ,(77,27) } {  (99,24) ,(77,27) } {  (99,24) ,(91,23) } )
Pocket 7 :
({  (24,16) ,(23,16) } {  (99,24) ,(61,25) } {  (99,24) ,(61,25) } )
Pocket 8 :
({  (25,12) ,(24,16) } {  (27,14) ,(26,13) } {  (25,12) ,(24,16) } {  (27,14) ,(26,13) } {  (25,12) ,(24,16) } {  (27,14) ,(26,13) } {  (25,12) ,(24,16) } {  (27,14) ,(26,13) } )
Pocket 9 :
({  (28,11) ,(25,12) } {  (41,15) ,(40,17) } {  (28,11) ,(25,12) } {  (41,15) ,(40,17) } {  (28,11) ,(25,12) } {  (41,15) ,(40,17) } )
Pocket 10 :
({  (29,10) ,(28,11) } {  (32,9) ,(31,11) } {  (29,10) ,(28,11) } {  (32,9) ,(31,11) } {  (99,24) ,(55,22) } {  (99,24) ,(55,22) } {  (58,22) ,(57,22) } {  (58,22) ,(57,22) } )
Pocket 11 :
({  (30,10) ,(29,10) } {  (42,12) ,(41,15) } {  (42,12) ,(41,15) } {  (42,12) ,(41,15) } {  (42,12) ,(41,15) } )
Pocket 12 :
({  (50,13) ,(49,17) } {  (50,13) ,(49,17) } {  (50,13) ,(49,17) } )
Pocket 13 :
({  (99,24) ,(50,13) } )
Pocket 14 :
()
