76 layers in onion peeling: 
Layer 1
(999,-66) (998,-63) (975,-34) (700,106) (634,127) (387,188) (336,177) (272,161) (46,89) (41,81) (1,4) (0,1) 
Layer 2
(997,-69) (976,-38) (702,103) (633,122) (388,187) (335,176) (270,160) (45,84) (42,80) (5,8) (2,-6) 
Layer 3
(996,-76) (995,-71) (994,-69) (977,-42) (971,-37) (703,102) (701,103) (386,183) (331,175) (319,172) (271,159) (63,89) (48,83) (44,79) (33,59) (6,9) (4,1) (3,-4) 
Layer 4
(993,-72) (992,-68) (978,-45) (972,-41) (704,101) (385,182) (338,176) (330,174) (273,156) (64,89) (49,82) (47,81) (43,77) (7,8) 
Layer 5
(991,-67) (990,-65) (974,-44) (970,-40) (717,93) (715,94) (699,102) (635,118) (383,179) (337,175) (296,163) (65,89) (58,86) (40,70) (39,68) (20,30) (11,12) (8,5) 
Layer 6
(989,-72) (987,-67) (981,-56) (973,-44) (969,-41) (716,92) (705,96) (661,110) (390,177) (384,178) (382,178) (334,174) (320,170) (277,156) (66,85) (61,83) (50,78) (38,63) (35,59) (21,31) (9,4) 
Layer 7
(988,-70) (979,-55) (966,-40) (719,89) (713,91) (663,107) (389,177) (333,173) (294,161) (59,82) (36,60) (19,26) (12,7) (10,0) 
Layer 8
(986,-73) (985,-69) (982,-61) (980,-57) (968,-45) (712,91) (665,106) (381,175) (380,175) (332,172) (292,160) (60,81) (37,59) (22,30) (14,11) (13,3) 
Layer 9
(984,-74) (983,-66) (967,-46) (930,-25) (711,90) (698,95) (660,107) (636,113) (378,173) (329,171) (293,159) (67,81) (57,77) (51,72) (34,53) (32,49) (25,35) (15,13) 
Layer 10
(965,-48) (933,-27) (714,88) (662,106) (379,172) (318,167) (268,150) (62,78) (56,75) (24,32) (18,18) (16,13) 
Layer 11
(964,-52) (932,-30) (718,84) (693,94) (664,104) (629,112) (394,165) (339,168) (328,167) (317,166) (290,157) (68,77) (55,71) (53,70) (27,36) (23,28) (17,15) 
Layer 12
(963,-54) (931,-31) (706,88) (691,94) (666,103) (632,111) (393,165) (327,164) (295,158) (274,151) (70,76) (54,69) (31,40) (28,36) (26,32) 
Layer 13
(962,-54) (935,-34) (927,-29) (694,92) (692,93) (631,110) (391,164) (326,162) (297,157) (278,152) (269,149) (73,76) (52,66) (29,36) 
Layer 14
(961,-59) (956,-53) (946,-45) (929,-32) (926,-30) (695,91) (630,110) (400,161) (395,162) (371,163) (321,161) (279,152) (86,80) (71,74) (30,37) 
Layer 15
(960,-60) (952,-50) (934,-37) (924,-31) (834,17) (710,83) (682,94) (667,99) (640,107) (392,162) (377,162) (325,160) (291,153) (267,147) (89,79) (69,71) 
Layer 16
(959,-67) (955,-55) (945,-45) (936,-39) (832,18) (724,74) (696,87) (668,98) (656,101) (421,154) (398,159) (340,160) (322,159) (316,158) (280,149) (87,78) (72,70) 
Layer 17
(958,-66) (957,-63) (953,-54) (937,-41) (928,-36) (836,14) (720,75) (690,89) (683,92) (673,95) (659,99) (638,105) (420,154) (401,158) (376,159) (375,159) (373,159) (341,158) (323,157) (313,155) (275,147) (88,78) (74,71) 
Layer 18
(954,-57) (949,-52) (941,-45) (925,-35) (835,14) (721,74) (697,85) (679,93) (639,104) (418,153) (372,157) (370,157) (344,157) (324,155) (299,152) (276,145) (136,93) (77,70) (75,65) 
Layer 19
(951,-60) (947,-53) (944,-50) (940,-46) (831,16) (723,72) (709,79) (687,89) (628,106) (403,154) (374,155) (343,156) (342,156) (298,151) (281,146) (80,70) (78,68) (76,61) 
Layer 20
(950,-60) (943,-50) (938,-45) (833,14) (725,70) (688,87) (655,97) (637,102) (402,154) (399,154) (315,152) (302,151) (282,144) (133,90) (79,68) 
Layer 21
(948,-59) (942,-54) (923,-41) (837,10) (722,70) (686,86) (674,91) (671,92) (624,103) (411,152) (406,152) (348,152) (347,152) (312,151) (301,150) (287,145) (134,89) (85,70) (81,65) 
Layer 22
(939,-54) (922,-43) (830,12) (708,76) (681,88) (627,102) (419,150) (407,151) (405,151) (345,150) (314,149) (300,147) (288,144) (263,136) (146,93) (90,71) (83,62) (82,59) 
Layer 23
(921,-45) (838,6) (824,14) (685,86) (672,90) (657,94) (422,149) (414,150) (408,150) (396,150) (360,150) (357,150) (285,143) (264,136) (147,93) (118,80) (91,67) (84,62) 
Layer 24
(920,-51) (918,-47) (887,-27) (823,14) (707,74) (689,83) (680,87) (626,100) (424,148) (417,149) (413,149) (409,149) (404,149) (368,149) (359,149) (358,149) (354,149) (349,149) (289,143) (266,136) (148,93) (119,80) (93,67) (92,63) 
Layer 25
(919,-54) (901,-40) (894,-35) (822,14) (675,88) (658,92) (423,147) (416,148) (412,148) (369,148) (303,144) (286,141) (135,87) (121,80) (114,76) (95,62) (94,61) 
Layer 26
(917,-55) (900,-40) (829,8) (684,83) (670,88) (641,95) (415,145) (397,147) (366,147) (305,144) (283,138) (265,133) (120,79) (117,77) (96,59) 
Layer 27
(916,-57) (915,-55) (903,-44) (825,10) (732,58) (677,85) (643,94) (410,143) (367,146) (356,146) (346,146) (311,142) (284,138) (137,84) (116,76) (103,64) (97,51) 
Layer 28
(914,-62) (899,-43) (888,-35) (828,6) (726,60) (678,84) (619,98) (431,137) (365,145) (363,145) (353,145) (351,145) (306,140) (132,82) (115,74) (104,61) (98,51) 
Layer 29
(913,-75) (911,-68) (907,-55) (898,-43) (897,-42) (893,-39) (839,-2) (826,6) (727,58) (676,84) (625,96) (425,136) (352,144) (307,140) (150,86) (139,82) (110,67) (99,52) 
Layer 30
(912,-72) (908,-59) (902,-51) (892,-42) (886,-37) (840,-4) (827,4) (816,10) (733,54) (669,84) (620,96) (430,133) (364,142) (361,142) (304,137) (145,84) (138,81) (122,73) (111,65) (106,60) (102,56) (101,53) (100,49) 
Layer 31
(910,-68) (905,-56) (895,-45) (847,-12) (799,17) (728,56) (644,90) (432,130) (350,141) (262,121) (141,82) (113,65) (105,54) 
Layer 32
(909,-66) (904,-55) (896,-47) (889,-41) (842,-9) (800,16) (731,54) (729,55) (654,84) (617,95) (355,138) (308,131) (261,120) (161,88) (142,81) (128,74) (112,63) (107,56) 
Layer 33
(906,-60) (890,-44) (843,-10) (734,51) (642,87) (616,95) (433,125) (362,134) (310,131) (162,88) (151,84) (144,81) (140,79) (123,69) (108,57) 
Layer 34
(891,-46) (844,-11) (730,52) (645,84) (621,93) (618,94) (429,125) (309,122) (260,112) (163,88) (152,84) (143,80) (127,70) (124,68) (109,56) 
Layer 35
(885,-45) (846,-13) (798,14) (743,40) (652,77) (622,88) (426,124) (259,108) (164,87) (149,82) (129,71) (125,65) 
Layer 36
(884,-45) (845,-14) (821,1) (815,4) (744,38) (735,42) (653,75) (623,87) (428,122) (427,122) (258,103) (156,84) (131,72) (126,66) 
Layer 37
(883,-49) (841,-15) (803,9) (741,39) (646,76) (615,88) (436,119) (256,102) (155,83) (130,68) 
Layer 38
(882,-59) (848,-24) (814,2) (801,9) (736,39) (614,87) (434,118) (251,100) (160,82) (154,80) (153,78) 
Layer 39
(881,-70) (867,-50) (850,-27) (849,-26) (818,-3) (802,7) (739,37) (651,72) (613,86) (437,114) (252,100) (159,80) (157,76) 
Layer 40
(880,-69) (869,-54) (851,-30) (817,-3) (790,12) (745,34) (740,36) (647,73) (597,86) (438,113) (257,99) (165,80) (158,76) 
Layer 41
(879,-74) (878,-72) (870,-57) (855,-39) (819,-5) (813,-1) (789,11) (742,34) (650,70) (607,83) (435,110) (254,98) (167,79) (166,78) 
Layer 42
(877,-73) (872,-61) (854,-41) (852,-39) (820,-7) (804,3) (746,30) (612,80) (608,81) (598,83) (439,107) (255,97) (168,79) 
Layer 43
(876,-72) (868,-58) (866,-55) (805,2) (791,8) (738,29) (648,64) (606,79) (589,83) (440,101) (253,95) (176,79) (170,76) (169,72) 
Layer 44
(875,-73) (874,-70) (871,-64) (865,-55) (859,-49) (856,-46) (807,-2) (796,5) (737,29) (649,63) (605,78) (576,84) (441,99) (249,91) (234,90) (177,79) (171,71) 
Layer 45
(873,-69) (853,-44) (812,-7) (806,-2) (748,24) (588,80) (575,84) (445,98) (443,98) (250,91) (181,78) (178,76) (175,74) (172,70) 
Layer 46
(864,-67) (863,-60) (861,-55) (860,-53) (797,1) (794,3) (792,4) (747,23) (599,76) (596,77) (577,83) (509,90) (444,96) (442,96) (236,87) (185,77) (180,76) (179,75) (174,69) (173,64) 
Layer 47
(862,-59) (858,-53) (795,1) (787,6) (782,8) (604,74) (574,81) (507,88) (246,87) (233,86) (182,75) 
Layer 48
(857,-56) (811,-14) (788,5) (609,72) (603,74) (593,76) (587,77) (504,86) (447,86) (446,86) (235,86) (183,74) 
Layer 49
(810,-14) (793,0) (786,5) (771,11) (600,74) (590,76) (581,77) (503,85) (502,85) (237,81) (184,69) 
Layer 50
(809,-19) (808,-13) (783,6) (773,10) (601,73) (585,76) (578,77) (505,84) (448,84) (247,81) (204,72) (188,66) (186,65) 
Layer 51
(785,-4) (781,6) (772,10) (602,72) (555,79) (510,83) (508,83) (481,83) (248,79) (238,78) (231,77) (213,73) (189,66) (187,65) 
Layer 52
(784,-4) (775,7) (774,8) (769,10) (749,18) (611,68) (570,76) (557,78) (506,81) (455,82) (245,78) (232,76) (207,70) (203,69) (190,62) 
Layer 53
(780,-1) (770,9) (768,10) (610,65) (592,70) (584,72) (561,77) (501,81) (229,74) (211,70) (201,67) (191,56) 
Layer 54
(779,-2) (750,10) (591,69) (560,77) (500,80) (482,80) (475,80) (239,74) (222,72) (210,69) (202,67) (200,64) (195,54) (192,46) 
Layer 55
(778,-6) (776,-4) (595,67) (583,71) (556,77) (515,79) (514,79) (476,79) (474,79) (456,79) (230,72) (223,71) (212,69) (205,67) (196,55) (193,48) 
Layer 56
(777,-6) (767,-1) (582,71) (558,76) (516,78) (513,78) (499,78) (480,78) (244,71) (221,69) (206,65) (199,58) (194,49) 
Layer 57
(766,-10) (751,5) (580,71) (562,75) (496,77) (458,77) (457,77) (243,70) (225,69) (215,67) (209,64) (198,56) (197,54) 
Layer 58
(765,-11) (752,-3) (579,71) (559,73) (512,76) (511,76) (479,76) (478,76) (453,76) (449,76) (240,69) (226,68) (216,67) (214,66) (208,61) 
Layer 59
(764,-18) (754,-6) (594,63) (573,71) (517,75) (477,75) (220,67) (217,66) 
Layer 60
(763,-27) (762,-23) (753,-6) (569,71) (454,74) (450,74) (224,67) (218,63) 
Layer 61
(761,-33) (760,-26) (755,-10) (571,70) (452,73) (228,67) (219,62) 
Layer 62
(759,-24) (758,-20) (757,-17) (756,-14) (572,69) (495,71) (451,72) (242,62) (227,60) 
Layer 63
(586,62) (568,69) (494,70) (241,60) 
Layer 64
(567,61) (563,64) (554,69) (497,69) (483,68) (459,66) 
Layer 65
(566,55) (564,60) (553,63) (523,68) (498,68) (488,68) (465,66) (460,63) 
Layer 66
(565,55) (552,63) (519,67) (518,67) (485,67) (464,64) (461,55) 
Layer 67
(551,63) (520,65) (493,65) (473,65) (466,64) (463,60) (462,52) 
Layer 68
(550,57) (522,64) (491,64) (471,63) (467,60) 
Layer 69
(549,57) (487,63) (484,63) (470,59) (468,58) 
Layer 70
(548,48) (524,56) (521,57) (492,60) (472,59) (469,53) 
Layer 71
(547,45) (529,51) (489,59) (486,56) 
Layer 72
(546,41) (545,43) (527,47) (490,55) 
Layer 73
(544,37) (535,43) (528,46) (525,47) 
Layer 74
(543,34) (536,40) (530,45) (526,45) 
Layer 75
(542,27) (541,35) (539,37) (538,38) (531,43) 
Layer 76
(540,34) (534,36) (532,32) 
---------------------------------------------------------------------------------------
TD 0 :
(999,-66) (998,-63) (997,-69) (996,-76) (995,-71) (994,-69) (993,-72) (992,-68) (991,-67) (990,-65) (989,-72) (988,-70) (987,-67) (986,-73) (985,-69) (984,-74) (983,-66) (982,-61) (981,-56) (980,-57) (979,-55) (978,-45) (977,-42) (976,-38) (975,-34) (974,-44) (973,-44) (972,-41) (971,-37) (970,-40) (969,-41) (968,-45) (967,-46) (966,-40) (965,-48) (964,-52) (963,-54) (962,-54) (961,-59) (960,-60) (959,-67) (958,-66) (957,-63) (956,-53) (955,-55) (954,-57) (953,-54) (952,-50) (951,-60) (950,-60) (949,-52) (948,-59) (947,-53) (946,-45) (945,-45) (944,-50) (943,-50) (942,-54) (941,-45) (940,-46) (939,-54) (938,-45) (937,-41) (936,-39) (935,-34) (934,-37) (933,-27) (932,-30) (931,-31) (930,-25) (929,-32) (928,-36) (927,-29) (926,-30) (925,-35) (924,-31) (923,-41) (922,-43) (921,-45) (920,-51) (919,-54) (918,-47) (917,-55) (916,-57) (915,-55) (914,-62) (913,-75) (912,-72) (911,-68) (910,-68) (909,-66) (908,-59) (907,-55) (906,-60) (905,-56) (904,-55) (903,-44) (902,-51) (901,-40) (900,-40) (899,-43) (898,-43) (897,-42) (896,-47) (895,-45) (894,-35) (893,-39) (892,-42) (891,-46) (890,-44) (889,-41) (888,-35) (887,-27) (886,-37) (885,-45) (884,-45) (883,-49) (882,-59) (881,-70) (880,-69) (879,-74) (878,-72) (877,-73) (876,-72) (875,-73) (874,-70) (873,-69) (872,-61) (871,-64) (870,-57) (869,-54) (868,-58) (867,-50) (866,-55) (865,-55) (864,-67) (863,-60) (862,-59) (861,-55) (860,-53) (859,-49) (858,-53) (857,-56) (856,-46) (855,-39) (854,-41) (853,-44) (852,-39) (851,-30) (850,-27) (849,-26) (848,-24) (847,-12) (846,-13) (845,-14) (844,-11) (843,-10) (842,-9) (841,-15) (840,-4) (839,-2) (838,6) (837,10) (836,14) (835,14) (834,17) (833,14) (832,18) (831,16) (830,12) (829,8) (828,6) (827,4) (826,6) (825,10) (824,14) (823,14) (822,14) (821,1) (820,-7) (819,-5) (818,-3) (817,-3) (816,10) (815,4) (814,2) (813,-1) (812,-7) (811,-14) (810,-14) (809,-19) (808,-13) (807,-2) (806,-2) (805,2) (804,3) (803,9) (802,7) (801,9) (800,16) (799,17) (798,14) (797,1) (796,5) (795,1) (794,3) (793,0) (792,4) (791,8) (790,12) (789,11) (788,5) (787,6) (786,5) (785,-4) (784,-4) (783,6) (782,8) (781,6) (780,-1) (779,-2) (778,-6) (777,-6) (776,-4) (775,7) (774,8) (773,10) (772,10) (771,11) (770,9) (769,10) (768,10) (767,-1) (766,-10) (765,-11) (764,-18) (763,-27) (762,-23) (761,-33) (760,-26) (759,-24) (758,-20) (757,-17) (756,-14) (755,-10) (754,-6) (753,-6) (752,-3) (751,5) (750,10) (749,18) (748,24) (747,23) (746,30) (745,34) (744,38) (743,40) (742,34) (741,39) (740,36) (739,37) (738,29) (737,29) (736,39) (735,42) (734,51) (733,54) (732,58) (731,54) (730,52) (729,55) (728,56) (727,58) (726,60) (725,70) (724,74) (723,72) (722,70) (721,74) (720,75) (719,89) (718,84) (717,93) (716,92) (715,94) (714,88) (713,91) (712,91) (711,90) (710,83) (709,79) (708,76) (707,74) (706,88) (705,96) (704,101) (703,102) (702,103) (701,103) (700,106) (699,102) (698,95) (697,85) (696,87) (695,91) (694,92) (693,94) (692,93) (691,94) (690,89) (689,83) (688,87) (687,89) (686,86) (685,86) (684,83) (683,92) (682,94) (681,88) (680,87) (679,93) (678,84) (677,85) (676,84) (675,88) (674,91) (673,95) (672,90) (671,92) (670,88) (669,84) (668,98) (667,99) (666,103) (665,106) (664,104) (663,107) (662,106) (661,110) (660,107) (659,99) (658,92) (657,94) (656,101) (655,97) (654,84) (653,75) (652,77) (651,72) (650,70) (649,63) (648,64) (647,73) (646,76) (645,84) (644,90) (643,94) (642,87) (641,95) (640,107) (639,104) (638,105) (637,102) (636,113) (635,118) (634,127) (633,122) (632,111) (631,110) (630,110) (629,112) (628,106) (627,102) (626,100) (625,96) (624,103) (623,87) (622,88) (621,93) (620,96) (619,98) (618,94) (617,95) (616,95) (615,88) (614,87) (613,86) (612,80) (611,68) (610,65) (609,72) (608,81) (607,83) (606,79) (605,78) (604,74) (603,74) (602,72) (601,73) (600,74) (599,76) (598,83) (597,86) (596,77) (595,67) (594,63) (593,76) (592,70) (591,69) (590,76) (589,83) (588,80) (587,77) (586,62) (585,76) (584,72) (583,71) (582,71) (581,77) (580,71) (579,71) (578,77) (577,83) (576,84) (575,84) (574,81) (573,71) (572,69) (571,70) (570,76) (569,71) (568,69) (567,61) (566,55) (565,55) (564,60) (563,64) (562,75) (561,77) (560,77) (559,73) (558,76) (557,78) (556,77) (555,79) (554,69) (553,63) (552,63) (551,63) (550,57) (549,57) (548,48) (547,45) (546,41) (545,43) (544,37) (543,34) (542,27) (541,35) (540,34) (539,37) (538,38) (537,33) (536,40) (535,43) (534,36) (533,33) (532,32) (531,43) (530,45) (529,51) (528,46) (527,47) (526,45) (525,47) (524,56) (523,68) (522,64) (521,57) (520,65) (519,67) (518,67) (517,75) (516,78) (515,79) (514,79) (513,78) (512,76) (511,76) (510,83) (509,90) (508,83) (507,88) (506,81) (505,84) (504,86) (503,85) (502,85) (501,81) (500,80) (499,78) (498,68) (497,69) (496,77) (495,71) (494,70) (493,65) (492,60) (491,64) (490,55) (489,59) (488,68) (487,63) (486,56) (485,67) (484,63) (483,68) (482,80) (481,83) (480,78) (479,76) (478,76) (477,75) (476,79) (475,80) (474,79) (473,65) (472,59) (471,63) (470,59) (469,53) (468,58) (467,60) (466,64) (465,66) (464,64) (463,60) (462,52) (461,55) (460,63) (459,66) (458,77) (457,77) (456,79) (455,82) (454,74) (453,76) (452,73) (451,72) (450,74) (449,76) (448,84) (447,86) (446,86) (445,98) (444,96) (443,98) (442,96) (441,99) (440,101) (439,107) (438,113) (437,114) (436,119) (435,110) (434,118) (433,125) (432,130) (431,137) (430,133) (429,125) (428,122) (427,122) (426,124) (425,136) (424,148) (423,147) (422,149) (421,154) (420,154) (419,150) (418,153) (417,149) (416,148) (415,145) (414,150) (413,149) (412,148) (411,152) (410,143) (409,149) (408,150) (407,151) (406,152) (405,151) (404,149) (403,154) (402,154) (401,158) (400,161) (399,154) (398,159) (397,147) (396,150) (395,162) (394,165) (393,165) (392,162) (391,164) (390,177) (389,177) (388,187) (387,188) (386,183) (385,182) (384,178) (383,179) (382,178) (381,175) (380,175) (379,172) (378,173) (377,162) (376,159) (375,159) (374,155) (373,159) (372,157) (371,163) (370,157) (369,148) (368,149) (367,146) (366,147) (365,145) (364,142) (363,145) (362,134) (361,142) (360,150) (359,149) (358,149) (357,150) (356,146) (355,138) (354,149) (353,145) (352,144) (351,145) (350,141) (349,149) (348,152) (347,152) (346,146) (345,150) (344,157) (343,156) (342,156) (341,158) (340,160) (339,168) (338,176) (337,175) (336,177) (335,176) (334,174) (333,173) (332,172) (331,175) (330,174) (329,171) (328,167) (327,164) (326,162) (325,160) (324,155) (323,157) (322,159) (321,161) (320,170) (319,172) (318,167) (317,166) (316,158) (315,152) (314,149) (313,155) (312,151) (311,142) (310,131) (309,122) (308,131) (307,140) (306,140) (305,144) (304,137) (303,144) (302,151) (301,150) (300,147) (299,152) (298,151) (297,157) (296,163) (295,158) (294,161) (293,159) (292,160) (291,153) (290,157) (289,143) (288,144) (287,145) (286,141) (285,143) (284,138) (283,138) (282,144) (281,146) (280,149) (279,152) (278,152) (277,156) (276,145) (275,147) (274,151) (273,156) (272,161) (271,159) (270,160) (269,149) (268,150) (267,147) (266,136) (265,133) (264,136) (263,136) (262,121) (261,120) (260,112) (259,108) (258,103) (257,99) (256,102) (255,97) (254,98) (253,95) (252,100) (251,100) (250,91) (249,91) (248,79) (247,81) (246,87) (245,78) (244,71) (243,70) (242,62) (241,60) (240,69) (239,74) (238,78) (237,81) (236,87) (235,86) (234,90) (233,86) (232,76) (231,77) (230,72) (229,74) (228,67) (227,60) (226,68) (225,69) (224,67) (223,71) (222,72) (221,69) (220,67) (219,62) (218,63) (217,66) (216,67) (215,67) (214,66) (213,73) (212,69) (211,70) (210,69) (209,64) (208,61) (207,70) (206,65) (205,67) (204,72) (203,69) (202,67) (201,67) (200,64) (199,58) (198,56) (197,54) (196,55) (195,54) (194,49) (193,48) (192,46) (191,56) (190,62) (189,66) (188,66) (187,65) (186,65) (185,77) (184,69) (183,74) (182,75) (181,78) (180,76) (179,75) (178,76) (177,79) (176,79) (175,74) (174,69) (173,64) (172,70) (171,71) (170,76) (169,72) (168,79) (167,79) (166,78) (165,80) (164,87) (163,88) (162,88) (161,88) (160,82) (159,80) (158,76) (157,76) (156,84) (155,83) (154,80) (153,78) (152,84) (151,84) (150,86) (149,82) (148,93) (147,93) (146,93) (145,84) (144,81) (143,80) (142,81) (141,82) (140,79) (139,82) (138,81) (137,84) (136,93) (135,87) (134,89) (133,90) (132,82) (131,72) (130,68) (129,71) (128,74) (127,70) (126,66) (125,65) (124,68) (123,69) (122,73) (121,80) (120,79) (119,80) (118,80) (117,77) (116,76) (115,74) (114,76) (113,65) (112,63) (111,65) (110,67) (109,56) (108,57) (107,56) (106,60) (105,54) (104,61) (103,64) (102,56) (101,53) (100,49) (99,52) (98,51) (97,51) (96,59) (95,62) (94,61) (93,67) (92,63) (91,67) (90,71) (89,79) (88,78) (87,78) (86,80) (85,70) (84,62) (83,62) (82,59) (81,65) (80,70) (79,68) (78,68) (77,70) (76,61) (75,65) (74,71) (73,76) (72,70) (71,74) (70,76) (69,71) (68,77) (67,81) (66,85) (65,89) (64,89) (63,89) (62,78) (61,83) (60,81) (59,82) (58,86) (57,77) (56,75) (55,71) (54,69) (53,70) (52,66) (51,72) (50,78) (49,82) (48,83) (47,81) (46,89) (45,84) (44,79) (43,77) (42,80) (41,81) (40,70) (39,68) (38,63) (37,59) (36,60) (35,59) (34,53) (33,59) (32,49) (31,40) (30,37) (29,36) (28,36) (27,36) (26,32) (25,35) (24,32) (23,28) (22,30) (21,31) (20,30) (19,26) (18,18) (17,15) (16,13) (15,13) (14,11) (13,3) (12,7) (11,12) (10,0) (9,4) (8,5) (7,8) (6,9) (5,8) (4,1) (3,-4) (2,-6) (1,4) (0,1) 
TD 1 :
(999,-66) (998,-63) (975,-34) (700,106) (634,127) (387,188) (336,177) (272,161) (46,89) (41,81) (1,4) (0,1) 
(999,-66) (998,-63) (975,-34) (700,106) (634,127) (387,188) (336,177) (272,161) (46,89) (41,81) (1,4) (0,1) (2,-6) (3,-4) (4,1) (5,8) (6,9) (7,8) (8,5) (9,4) (10,0) (11,12) (12,7) (13,3) (14,11) (15,13) (16,13) (17,15) (18,18) (19,26) (20,30) (21,31) (22,30) (23,28) (24,32) (25,35) (26,32) (27,36) (28,36) (29,36) (30,37) (31,40) (32,49) (33,59) (34,53) (35,59) (36,60) (37,59) (38,63) (39,68) (40,70) 
(999,-66) (998,-63) (975,-34) (700,106) (634,127) (387,188) (336,177) (272,161) (46,89) (41,81) (1,4) (0,1) (42,80) (43,77) (44,79) (45,84) 
(999,-66) (998,-63) (975,-34) (700,106) (634,127) (387,188) (336,177) (272,161) (46,89) (41,81) (1,4) (0,1) (47,81) (48,83) (49,82) (50,78) (51,72) (52,66) (53,70) (54,69) (55,71) (56,75) (57,77) (58,86) (59,82) (60,81) (61,83) (62,78) (63,89) (64,89) (65,89) (66,85) (67,81) (68,77) (69,71) (70,76) (71,74) (72,70) (73,76) (74,71) (75,65) (76,61) (77,70) (78,68) (79,68) (80,70) (81,65) (82,59) (83,62) (84,62) (85,70) (86,80) (87,78) (88,78) (89,79) (90,71) (91,67) (92,63) (93,67) (94,61) (95,62) (96,59) (97,51) (98,51) (99,52) (100,49) (101,53) (102,56) (103,64) (104,61) (105,54) (106,60) (107,56) (108,57) (109,56) (110,67) (111,65) (112,63) (113,65) (114,76) (115,74) (116,76) (117,77) (118,80) (119,80) (120,79) (121,80) (122,73) (123,69) (124,68) (125,65) (126,66) (127,70) (128,74) (129,71) (130,68) (131,72) (132,82) (133,90) (134,89) (135,87) (136,93) (137,84) (138,81) (139,82) (140,79) (141,82) (142,81) (143,80) (144,81) (145,84) (146,93) (147,93) (148,93) (149,82) (150,86) (151,84) (152,84) (153,78) (154,80) (155,83) (156,84) (157,76) (158,76) (159,80) (160,82) (161,88) (162,88) (163,88) (164,87) (165,80) (166,78) (167,79) (168,79) (169,72) (170,76) (171,71) (172,70) (173,64) (174,69) (175,74) (176,79) (177,79) (178,76) (179,75) (180,76) (181,78) (182,75) (183,74) (184,69) (185,77) (186,65) (187,65) (188,66) (189,66) (190,62) (191,56) (192,46) (193,48) (194,49) (195,54) (196,55) (197,54) (198,56) (199,58) (200,64) (201,67) (202,67) (203,69) (204,72) (205,67) (206,65) (207,70) (208,61) (209,64) (210,69) (211,70) (212,69) (213,73) (214,66) (215,67) (216,67) (217,66) (218,63) (219,62) (220,67) (221,69) (222,72) (223,71) (224,67) (225,69) (226,68) (227,60) (228,67) (229,74) (230,72) (231,77) (232,76) (233,86) (234,90) (235,86) (236,87) (237,81) (238,78) (239,74) (240,69) (241,60) (242,62) (243,70) (244,71) (245,78) (246,87) (247,81) (248,79) (249,91) (250,91) (251,100) (252,100) (253,95) (254,98) (255,97) (256,102) (257,99) (258,103) (259,108) (260,112) (261,120) (262,121) (263,136) (264,136) (265,133) (266,136) (267,147) (268,150) (269,149) (270,160) (271,159) 
(999,-66) (998,-63) (975,-34) (700,106) (634,127) (387,188) (336,177) (272,161) (46,89) (41,81) (1,4) (0,1) (273,156) (274,151) (275,147) (276,145) (277,156) (278,152) (279,152) (280,149) (281,146) (282,144) (283,138) (284,138) (285,143) (286,141) (287,145) (288,144) (289,143) (290,157) (291,153) (292,160) (293,159) (294,161) (295,158) (296,163) (297,157) (298,151) (299,152) (300,147) (301,150) (302,151) (303,144) (304,137) (305,144) (306,140) (307,140) (308,131) (309,122) (310,131) (311,142) (312,151) (313,155) (314,149) (315,152) (316,158) (317,166) (318,167) (319,172) (320,170) (321,161) (322,159) (323,157) (324,155) (325,160) (326,162) (327,164) (328,167) (329,171) (330,174) (331,175) (332,172) (333,173) (334,174) (335,176) 
(999,-66) (998,-63) (975,-34) (700,106) (634,127) (387,188) (336,177) (272,161) (46,89) (41,81) (1,4) (0,1) (337,175) (338,176) (339,168) (340,160) (341,158) (342,156) (343,156) (344,157) (345,150) (346,146) (347,152) (348,152) (349,149) (350,141) (351,145) (352,144) (353,145) (354,149) (355,138) (356,146) (357,150) (358,149) (359,149) (360,150) (361,142) (362,134) (363,145) (364,142) (365,145) (366,147) (367,146) (368,149) (369,148) (370,157) (371,163) (372,157) (373,159) (374,155) (375,159) (376,159) (377,162) (378,173) (379,172) (380,175) (381,175) (382,178) (383,179) (384,178) (385,182) (386,183) 
(999,-66) (998,-63) (975,-34) (700,106) (634,127) (387,188) (336,177) (272,161) (46,89) (41,81) (1,4) (0,1) (388,187) (389,177) (390,177) (391,164) (392,162) (393,165) (394,165) (395,162) (396,150) (397,147) (398,159) (399,154) (400,161) (401,158) (402,154) (403,154) (404,149) (405,151) (406,152) (407,151) (408,150) (409,149) (410,143) (411,152) (412,148) (413,149) (414,150) (415,145) (416,148) (417,149) (418,153) (419,150) (420,154) (421,154) (422,149) (423,147) (424,148) (425,136) (426,124) (427,122) (428,122) (429,125) (430,133) (431,137) (432,130) (433,125) (434,118) (435,110) (436,119) (437,114) (438,113) (439,107) (440,101) (441,99) (442,96) (443,98) (444,96) (445,98) (446,86) (447,86) (448,84) (449,76) (450,74) (451,72) (452,73) (453,76) (454,74) (455,82) (456,79) (457,77) (458,77) (459,66) (460,63) (461,55) (462,52) (463,60) (464,64) (465,66) (466,64) (467,60) (468,58) (469,53) (470,59) (471,63) (472,59) (473,65) (474,79) (475,80) (476,79) (477,75) (478,76) (479,76) (480,78) (481,83) (482,80) (483,68) (484,63) (485,67) (486,56) (487,63) (488,68) (489,59) (490,55) (491,64) (492,60) (493,65) (494,70) (495,71) (496,77) (497,69) (498,68) (499,78) (500,80) (501,81) (502,85) (503,85) (504,86) (505,84) (506,81) (507,88) (508,83) (509,90) (510,83) (511,76) (512,76) (513,78) (514,79) (515,79) (516,78) (517,75) (518,67) (519,67) (520,65) (521,57) (522,64) (523,68) (524,56) (525,47) (526,45) (527,47) (528,46) (529,51) (530,45) (531,43) (532,32) (533,33) (534,36) (535,43) (536,40) (537,33) (538,38) (539,37) (540,34) (541,35) (542,27) (543,34) (544,37) (545,43) (546,41) (547,45) (548,48) (549,57) (550,57) (551,63) (552,63) (553,63) (554,69) (555,79) (556,77) (557,78) (558,76) (559,73) (560,77) (561,77) (562,75) (563,64) (564,60) (565,55) (566,55) (567,61) (568,69) (569,71) (570,76) (571,70) (572,69) (573,71) (574,81) (575,84) (576,84) (577,83) (578,77) (579,71) (580,71) (581,77) (582,71) (583,71) (584,72) (585,76) (586,62) (587,77) (588,80) (589,83) (590,76) (591,69) (592,70) (593,76) (594,63) (595,67) (596,77) (597,86) (598,83) (599,76) (600,74) (601,73) (602,72) (603,74) (604,74) (605,78) (606,79) (607,83) (608,81) (609,72) (610,65) (611,68) (612,80) (613,86) (614,87) (615,88) (616,95) (617,95) (618,94) (619,98) (620,96) (621,93) (622,88) (623,87) (624,103) (625,96) (626,100) (627,102) (628,106) (629,112) (630,110) (631,110) (632,111) (633,122) 
(999,-66) (998,-63) (975,-34) (700,106) (634,127) (387,188) (336,177) (272,161) (46,89) (41,81) (1,4) (0,1) (635,118) (636,113) (637,102) (638,105) (639,104) (640,107) (641,95) (642,87) (643,94) (644,90) (645,84) (646,76) (647,73) (648,64) (649,63) (650,70) (651,72) (652,77) (653,75) (654,84) (655,97) (656,101) (657,94) (658,92) (659,99) (660,107) (661,110) (662,106) (663,107) (664,104) (665,106) (666,103) (667,99) (668,98) (669,84) (670,88) (671,92) (672,90) (673,95) (674,91) (675,88) (676,84) (677,85) (678,84) (679,93) (680,87) (681,88) (682,94) (683,92) (684,83) (685,86) (686,86) (687,89) (688,87) (689,83) (690,89) (691,94) (692,93) (693,94) (694,92) (695,91) (696,87) (697,85) (698,95) (699,102) 
(999,-66) (998,-63) (975,-34) (700,106) (634,127) (387,188) (336,177) (272,161) (46,89) (41,81) (1,4) (0,1) (701,103) (702,103) (703,102) (704,101) (705,96) (706,88) (707,74) (708,76) (709,79) (710,83) (711,90) (712,91) (713,91) (714,88) (715,94) (716,92) (717,93) (718,84) (719,89) (720,75) (721,74) (722,70) (723,72) (724,74) (725,70) (726,60) (727,58) (728,56) (729,55) (730,52) (731,54) (732,58) (733,54) (734,51) (735,42) (736,39) (737,29) (738,29) (739,37) (740,36) (741,39) (742,34) (743,40) (744,38) (745,34) (746,30) (747,23) (748,24) (749,18) (750,10) (751,5) (752,-3) (753,-6) (754,-6) (755,-10) (756,-14) (757,-17) (758,-20) (759,-24) (760,-26) (761,-33) (762,-23) (763,-27) (764,-18) (765,-11) (766,-10) (767,-1) (768,10) (769,10) (770,9) (771,11) (772,10) (773,10) (774,8) (775,7) (776,-4) (777,-6) (778,-6) (779,-2) (780,-1) (781,6) (782,8) (783,6) (784,-4) (785,-4) (786,5) (787,6) (788,5) (789,11) (790,12) (791,8) (792,4) (793,0) (794,3) (795,1) (796,5) (797,1) (798,14) (799,17) (800,16) (801,9) (802,7) (803,9) (804,3) (805,2) (806,-2) (807,-2) (808,-13) (809,-19) (810,-14) (811,-14) (812,-7) (813,-1) (814,2) (815,4) (816,10) (817,-3) (818,-3) (819,-5) (820,-7) (821,1) (822,14) (823,14) (824,14) (825,10) (826,6) (827,4) (828,6) (829,8) (830,12) (831,16) (832,18) (833,14) (834,17) (835,14) (836,14) (837,10) (838,6) (839,-2) (840,-4) (841,-15) (842,-9) (843,-10) (844,-11) (845,-14) (846,-13) (847,-12) (848,-24) (849,-26) (850,-27) (851,-30) (852,-39) (853,-44) (854,-41) (855,-39) (856,-46) (857,-56) (858,-53) (859,-49) (860,-53) (861,-55) (862,-59) (863,-60) (864,-67) (865,-55) (866,-55) (867,-50) (868,-58) (869,-54) (870,-57) (871,-64) (872,-61) (873,-69) (874,-70) (875,-73) (876,-72) (877,-73) (878,-72) (879,-74) (880,-69) (881,-70) (882,-59) (883,-49) (884,-45) (885,-45) (886,-37) (887,-27) (888,-35) (889,-41) (890,-44) (891,-46) (892,-42) (893,-39) (894,-35) (895,-45) (896,-47) (897,-42) (898,-43) (899,-43) (900,-40) (901,-40) (902,-51) (903,-44) (904,-55) (905,-56) (906,-60) (907,-55) (908,-59) (909,-66) (910,-68) (911,-68) (912,-72) (913,-75) (914,-62) (915,-55) (916,-57) (917,-55) (918,-47) (919,-54) (920,-51) (921,-45) (922,-43) (923,-41) (924,-31) (925,-35) (926,-30) (927,-29) (928,-36) (929,-32) (930,-25) (931,-31) (932,-30) (933,-27) (934,-37) (935,-34) (936,-39) (937,-41) (938,-45) (939,-54) (940,-46) (941,-45) (942,-54) (943,-50) (944,-50) (945,-45) (946,-45) (947,-53) (948,-59) (949,-52) (950,-60) (951,-60) (952,-50) (953,-54) (954,-57) (955,-55) (956,-53) (957,-63) (958,-66) (959,-67) (960,-60) (961,-59) (962,-54) (963,-54) (964,-52) (965,-48) (966,-40) (967,-46) (968,-45) (969,-41) (970,-40) (971,-37) (972,-41) (973,-44) (974,-44) 
(999,-66) (998,-63) (975,-34) (700,106) (634,127) (387,188) (336,177) (272,161) (46,89) (41,81) (1,4) (0,1) (976,-38) (977,-42) (978,-45) (979,-55) (980,-57) (981,-56) (982,-61) (983,-66) (984,-74) (985,-69) (986,-73) (987,-67) (988,-70) (989,-72) (990,-65) (991,-67) (992,-68) (993,-72) (994,-69) (995,-71) (996,-76) (997,-69) 
(999,-66) (998,-63) (975,-34) (700,106) (634,127) (387,188) (336,177) (272,161) (46,89) (41,81) (1,4) (0,1) 
TD 2 :
(999,-66) (998,-63) (975,-34) (700,106) (634,127) (387,188) (336,177) (272,161) (46,89) (41,81) (1,4) (0,1) (5,8) (2,-6) (3,-4) (4,1) 
(999,-66) (998,-63) (975,-34) (700,106) (634,127) (387,188) (336,177) (272,161) (46,89) (41,81) (1,4) (0,1) (5,8) (2,-6) (6,9) (7,8) (8,5) (9,4) (10,0) (11,12) (12,7) (13,3) (14,11) (15,13) (16,13) (17,15) (18,18) (19,26) (20,30) (21,31) (22,30) (23,28) (24,32) (25,35) (26,32) (27,36) (28,36) (29,36) (30,37) (31,40) (32,49) (33,59) (34,53) (35,59) (36,60) (37,59) (38,63) (39,68) (40,70) 
(999,-66) (998,-63) (975,-34) (700,106) (634,127) (387,188) (336,177) (272,161) (46,89) (41,81) (1,4) (0,1) (45,84) (42,80) 
(999,-66) (998,-63) (975,-34) (700,106) (634,127) (387,188) (336,177) (272,161) (46,89) (41,81) (1,4) (0,1) (45,84) (42,80) (43,77) (44,79) 
(999,-66) (998,-63) (975,-34) (700,106) (634,127) (387,188) (336,177) (272,161) (46,89) (41,81) (1,4) (0,1) (45,84) (42,80) 
(999,-66) (998,-63) (975,-34) (700,106) (634,127) (387,188) (336,177) (272,161) (46,89) (41,81) (1,4) (0,1) (270,160) (47,81) (48,83) (49,82) (50,78) (51,72) (52,66) (53,70) (54,69) (55,71) (56,75) (57,77) (58,86) (59,82) (60,81) (61,83) (62,78) (63,89) (64,89) (65,89) (66,85) (67,81) (68,77) (69,71) (70,76) (71,74) (72,70) (73,76) (74,71) (75,65) (76,61) (77,70) (78,68) (79,68) (80,70) (81,65) (82,59) (83,62) (84,62) (85,70) (86,80) (87,78) (88,78) (89,79) (90,71) (91,67) (92,63) (93,67) (94,61) (95,62) (96,59) (97,51) (98,51) (99,52) (100,49) (101,53) (102,56) (103,64) (104,61) (105,54) (106,60) (107,56) (108,57) (109,56) (110,67) (111,65) (112,63) (113,65) (114,76) (115,74) (116,76) (117,77) (118,80) (119,80) (120,79) (121,80) (122,73) (123,69) (124,68) (125,65) (126,66) (127,70) (128,74) (129,71) (130,68) (131,72) (132,82) (133,90) (134,89) (135,87) (136,93) (137,84) (138,81) (139,82) (140,79) (141,82) (142,81) (143,80) (144,81) (145,84) (146,93) (147,93) (148,93) (149,82) (150,86) (151,84) (152,84) (153,78) (154,80) (155,83) (156,84) (157,76) (158,76) (159,80) (160,82) (161,88) (162,88) (163,88) (164,87) (165,80) (166,78) (167,79) (168,79) (169,72) (170,76) (171,71) (172,70) (173,64) (174,69) (175,74) (176,79) (177,79) (178,76) (179,75) (180,76) (181,78) (182,75) (183,74) (184,69) (185,77) (186,65) (187,65) (188,66) (189,66) (190,62) (191,56) (192,46) (193,48) (194,49) (195,54) (196,55) (197,54) (198,56) (199,58) (200,64) (201,67) (202,67) (203,69) (204,72) (205,67) (206,65) (207,70) (208,61) (209,64) (210,69) (211,70) (212,69) (213,73) (214,66) (215,67) (216,67) (217,66) (218,63) (219,62) (220,67) (221,69) (222,72) (223,71) (224,67) (225,69) (226,68) (227,60) (228,67) (229,74) (230,72) (231,77) (232,76) (233,86) (234,90) (235,86) (236,87) (237,81) (238,78) (239,74) (240,69) (241,60) (242,62) (243,70) (244,71) (245,78) (246,87) (247,81) (248,79) (249,91) (250,91) (251,100) (252,100) (253,95) (254,98) (255,97) (256,102) (257,99) (258,103) (259,108) (260,112) (261,120) (262,121) (263,136) (264,136) (265,133) (266,136) (267,147) (268,150) (269,149) 
(999,-66) (998,-63) (975,-34) (700,106) (634,127) (387,188) (336,177) (272,161) (46,89) (41,81) (1,4) (0,1) (270,160) (271,159) 
(999,-66) (998,-63) (975,-34) (700,106) (634,127) (387,188) (336,177) (272,161) (46,89) (41,81) (1,4) (0,1) (335,176) (273,156) (274,151) (275,147) (276,145) (277,156) (278,152) (279,152) (280,149) (281,146) (282,144) (283,138) (284,138) (285,143) (286,141) (287,145) (288,144) (289,143) (290,157) (291,153) (292,160) (293,159) (294,161) (295,158) (296,163) (297,157) (298,151) (299,152) (300,147) (301,150) (302,151) (303,144) (304,137) (305,144) (306,140) (307,140) (308,131) (309,122) (310,131) (311,142) (312,151) (313,155) (314,149) (315,152) (316,158) (317,166) (318,167) (319,172) (320,170) (321,161) (322,159) (323,157) (324,155) (325,160) (326,162) (327,164) (328,167) (329,171) (330,174) (331,175) (332,172) (333,173) (334,174) 
(999,-66) (998,-63) (975,-34) (700,106) (634,127) (387,188) (336,177) (272,161) (46,89) (41,81) (1,4) (0,1) (335,176) 
(999,-66) (998,-63) (975,-34) (700,106) (634,127) (387,188) (336,177) (272,161) (46,89) (41,81) (1,4) (0,1) (633,122) (388,187) 
(999,-66) (998,-63) (975,-34) (700,106) (634,127) (387,188) (336,177) (272,161) (46,89) (41,81) (1,4) (0,1) (633,122) (388,187) (389,177) (390,177) (391,164) (392,162) (393,165) (394,165) (395,162) (396,150) (397,147) (398,159) (399,154) (400,161) (401,158) (402,154) (403,154) (404,149) (405,151) (406,152) (407,151) (408,150) (409,149) (410,143) (411,152) (412,148) (413,149) (414,150) (415,145) (416,148) (417,149) (418,153) (419,150) (420,154) (421,154) (422,149) (423,147) (424,148) (425,136) (426,124) (427,122) (428,122) (429,125) (430,133) (431,137) (432,130) (433,125) (434,118) (435,110) (436,119) (437,114) (438,113) (439,107) (440,101) (441,99) (442,96) (443,98) (444,96) (445,98) (446,86) (447,86) (448,84) (449,76) (450,74) (451,72) (452,73) (453,76) (454,74) (455,82) (456,79) (457,77) (458,77) (459,66) (460,63) (461,55) (462,52) (463,60) (464,64) (465,66) (466,64) (467,60) (468,58) (469,53) (470,59) (471,63) (472,59) (473,65) (474,79) (475,80) (476,79) (477,75) (478,76) (479,76) (480,78) (481,83) (482,80) (483,68) (484,63) (485,67) (486,56) (487,63) (488,68) (489,59) (490,55) (491,64) (492,60) (493,65) (494,70) (495,71) (496,77) (497,69) (498,68) (499,78) (500,80) (501,81) (502,85) (503,85) (504,86) (505,84) (506,81) (507,88) (508,83) (509,90) (510,83) (511,76) (512,76) (513,78) (514,79) (515,79) (516,78) (517,75) (518,67) (519,67) (520,65) (521,57) (522,64) (523,68) (524,56) (525,47) (526,45) (527,47) (528,46) (529,51) (530,45) (531,43) (532,32) (533,33) (534,36) (535,43) (536,40) (537,33) (538,38) (539,37) (540,34) (541,35) (542,27) (543,34) (544,37) (545,43) (546,41) (547,45) (548,48) (549,57) (550,57) (551,63) (552,63) (553,63) (554,69) (555,79) (556,77) (557,78) (558,76) (559,73) (560,77) (561,77) (562,75) (563,64) (564,60) (565,55) (566,55) (567,61) (568,69) (569,71) (570,76) (571,70) (572,69) (573,71) (574,81) (575,84) (576,84) (577,83) (578,77) (579,71) (580,71) (581,77) (582,71) (583,71) (584,72) (585,76) (586,62) (587,77) (588,80) (589,83) (590,76) (591,69) (592,70) (593,76) (594,63) (595,67) (596,77) (597,86) (598,83) (599,76) (600,74) (601,73) (602,72) (603,74) (604,74) (605,78) (606,79) (607,83) (608,81) (609,72) (610,65) (611,68) (612,80) (613,86) (614,87) (615,88) (616,95) (617,95) (618,94) (619,98) (620,96) (621,93) (622,88) (623,87) (624,103) (625,96) (626,100) (627,102) (628,106) (629,112) (630,110) (631,110) (632,111) 
(999,-66) (998,-63) (975,-34) (700,106) (634,127) (387,188) (336,177) (272,161) (46,89) (41,81) (1,4) (0,1) (633,122) (388,187) 
(999,-66) (998,-63) (975,-34) (700,106) (634,127) (387,188) (336,177) (272,161) (46,89) (41,81) (1,4) (0,1) (702,103) (701,103) 
(999,-66) (998,-63) (975,-34) (700,106) (634,127) (387,188) (336,177) (272,161) (46,89) (41,81) (1,4) (0,1) (702,103) (703,102) (704,101) (705,96) (706,88) (707,74) (708,76) (709,79) (710,83) (711,90) (712,91) (713,91) (714,88) (715,94) (716,92) (717,93) (718,84) (719,89) (720,75) (721,74) (722,70) (723,72) (724,74) (725,70) (726,60) (727,58) (728,56) (729,55) (730,52) (731,54) (732,58) (733,54) (734,51) (735,42) (736,39) (737,29) (738,29) (739,37) (740,36) (741,39) (742,34) (743,40) (744,38) (745,34) (746,30) (747,23) (748,24) (749,18) (750,10) (751,5) (752,-3) (753,-6) (754,-6) (755,-10) (756,-14) (757,-17) (758,-20) (759,-24) (760,-26) (761,-33) (762,-23) (763,-27) (764,-18) (765,-11) (766,-10) (767,-1) (768,10) (769,10) (770,9) (771,11) (772,10) (773,10) (774,8) (775,7) (776,-4) (777,-6) (778,-6) (779,-2) (780,-1) (781,6) (782,8) (783,6) (784,-4) (785,-4) (786,5) (787,6) (788,5) (789,11) (790,12) (791,8) (792,4) (793,0) (794,3) (795,1) (796,5) (797,1) (798,14) (799,17) (800,16) (801,9) (802,7) (803,9) (804,3) (805,2) (806,-2) (807,-2) (808,-13) (809,-19) (810,-14) (811,-14) (812,-7) (813,-1) (814,2) (815,4) (816,10) (817,-3) (818,-3) (819,-5) (820,-7) (821,1) (822,14) (823,14) (824,14) (825,10) (826,6) (827,4) (828,6) (829,8) (830,12) (831,16) (832,18) (833,14) (834,17) (835,14) (836,14) (837,10) (838,6) (839,-2) (840,-4) (841,-15) (842,-9) (843,-10) (844,-11) (845,-14) (846,-13) (847,-12) (848,-24) (849,-26) (850,-27) (851,-30) (852,-39) (853,-44) (854,-41) (855,-39) (856,-46) (857,-56) (858,-53) (859,-49) (860,-53) (861,-55) (862,-59) (863,-60) (864,-67) (865,-55) (866,-55) (867,-50) (868,-58) (869,-54) (870,-57) (871,-64) (872,-61) (873,-69) (874,-70) (875,-73) (876,-72) (877,-73) (878,-72) (879,-74) (880,-69) (881,-70) (882,-59) (883,-49) (884,-45) (885,-45) (886,-37) (887,-27) (888,-35) (889,-41) (890,-44) (891,-46) (892,-42) (893,-39) (894,-35) (895,-45) (896,-47) (897,-42) (898,-43) (899,-43) (900,-40) (901,-40) (902,-51) (903,-44) (904,-55) (905,-56) (906,-60) (907,-55) (908,-59) (909,-66) (910,-68) (911,-68) (912,-72) (913,-75) (914,-62) (915,-55) (916,-57) (917,-55) (918,-47) (919,-54) (920,-51) (921,-45) (922,-43) (923,-41) (924,-31) (925,-35) (926,-30) (927,-29) (928,-36) (929,-32) (930,-25) (931,-31) (932,-30) (933,-27) (934,-37) (935,-34) (936,-39) (937,-41) (938,-45) (939,-54) (940,-46) (941,-45) (942,-54) (943,-50) (944,-50) (945,-45) (946,-45) (947,-53) (948,-59) (949,-52) (950,-60) (951,-60) (952,-50) (953,-54) (954,-57) (955,-55) (956,-53) (957,-63) (958,-66) (959,-67) (960,-60) (961,-59) (962,-54) (963,-54) (964,-52) (965,-48) (966,-40) (967,-46) (968,-45) (969,-41) (970,-40) (971,-37) (972,-41) (973,-44) (974,-44) 
(999,-66) (998,-63) (975,-34) (700,106) (634,127) (387,188) (336,177) (272,161) (46,89) (41,81) (1,4) (0,1) (997,-69) (976,-38) 
(999,-66) (998,-63) (975,-34) (700,106) (634,127) (387,188) (336,177) (272,161) (46,89) (41,81) (1,4) (0,1) (997,-69) (976,-38) (977,-42) (978,-45) (979,-55) (980,-57) (981,-56) (982,-61) (983,-66) (984,-74) (985,-69) (986,-73) (987,-67) (988,-70) (989,-72) (990,-65) (991,-67) (992,-68) (993,-72) (994,-69) (995,-71) (996,-76) 
TD 3 :
(999,-66) (998,-63) (975,-34) (700,106) (634,127) (387,188) (336,177) (272,161) (46,89) (41,81) (1,4) (0,1) (5,8) (2,-6) (4,1) (3,-4) 
(999,-66) (998,-63) (975,-34) (700,106) (634,127) (387,188) (336,177) (272,161) (46,89) (41,81) (1,4) (0,1) (5,8) (2,-6) (4,1) (3,-4) 
(999,-66) (998,-63) (975,-34) (700,106) (634,127) (387,188) (336,177) (272,161) (46,89) (41,81) (1,4) (0,1) (5,8) (2,-6) (33,59) (6,9) 
(999,-66) (998,-63) (975,-34) (700,106) (634,127) (387,188) (336,177) (272,161) (46,89) (41,81) (1,4) (0,1) (5,8) (2,-6) (33,59) (6,9) (7,8) (8,5) (9,4) (10,0) (11,12) (12,7) (13,3) (14,11) (15,13) (16,13) (17,15) (18,18) (19,26) (20,30) (21,31) (22,30) (23,28) (24,32) (25,35) (26,32) (27,36) (28,36) (29,36) (30,37) (31,40) (32,49) 
(999,-66) (998,-63) (975,-34) (700,106) (634,127) (387,188) (336,177) (272,161) (46,89) (41,81) (1,4) (0,1) (5,8) (2,-6) (33,59) (6,9) (34,53) (35,59) (36,60) (37,59) (38,63) (39,68) (40,70) 
(999,-66) (998,-63) (975,-34) (700,106) (634,127) (387,188) (336,177) (272,161) (46,89) (41,81) (1,4) (0,1) (45,84) (42,80) (44,79) (43,77) 
(999,-66) (998,-63) (975,-34) (700,106) (634,127) (387,188) (336,177) (272,161) (46,89) (41,81) (1,4) (0,1) (45,84) (42,80) (44,79) 
(999,-66) (998,-63) (975,-34) (700,106) (634,127) (387,188) (336,177) (272,161) (46,89) (41,81) (1,4) (0,1) (270,160) (63,89) (48,83) (47,81) 
(999,-66) (998,-63) (975,-34) (700,106) (634,127) (387,188) (336,177) (272,161) (46,89) (41,81) (1,4) (0,1) (270,160) (63,89) (48,83) (49,82) (50,78) (51,72) (52,66) (53,70) (54,69) (55,71) (56,75) (57,77) (58,86) (59,82) (60,81) (61,83) (62,78) 
(999,-66) (998,-63) (975,-34) (700,106) (634,127) (387,188) (336,177) (272,161) (46,89) (41,81) (1,4) (0,1) (270,160) (63,89) (48,83) (64,89) (65,89) (66,85) (67,81) (68,77) (69,71) (70,76) (71,74) (72,70) (73,76) (74,71) (75,65) (76,61) (77,70) (78,68) (79,68) (80,70) (81,65) (82,59) (83,62) (84,62) (85,70) (86,80) (87,78) (88,78) (89,79) (90,71) (91,67) (92,63) (93,67) (94,61) (95,62) (96,59) (97,51) (98,51) (99,52) (100,49) (101,53) (102,56) (103,64) (104,61) (105,54) (106,60) (107,56) (108,57) (109,56) (110,67) (111,65) (112,63) (113,65) (114,76) (115,74) (116,76) (117,77) (118,80) (119,80) (120,79) (121,80) (122,73) (123,69) (124,68) (125,65) (126,66) (127,70) (128,74) (129,71) (130,68) (131,72) (132,82) (133,90) (134,89) (135,87) (136,93) (137,84) (138,81) (139,82) (140,79) (141,82) (142,81) (143,80) (144,81) (145,84) (146,93) (147,93) (148,93) (149,82) (150,86) (151,84) (152,84) (153,78) (154,80) (155,83) (156,84) (157,76) (158,76) (159,80) (160,82) (161,88) (162,88) (163,88) (164,87) (165,80) (166,78) (167,79) (168,79) (169,72) (170,76) (171,71) (172,70) (173,64) (174,69) (175,74) (176,79) (177,79) (178,76) (179,75) (180,76) (181,78) (182,75) (183,74) (184,69) (185,77) (186,65) (187,65) (188,66) (189,66) (190,62) (191,56) (192,46) (193,48) (194,49) (195,54) (196,55) (197,54) (198,56) (199,58) (200,64) (201,67) (202,67) (203,69) (204,72) (205,67) (206,65) (207,70) (208,61) (209,64) (210,69) (211,70) (212,69) (213,73) (214,66) (215,67) (216,67) (217,66) (218,63) (219,62) (220,67) (221,69) (222,72) (223,71) (224,67) (225,69) (226,68) (227,60) (228,67) (229,74) (230,72) (231,77) (232,76) (233,86) (234,90) (235,86) (236,87) (237,81) (238,78) (239,74) (240,69) (241,60) (242,62) (243,70) (244,71) (245,78) (246,87) (247,81) (248,79) (249,91) (250,91) (251,100) (252,100) (253,95) (254,98) (255,97) (256,102) (257,99) (258,103) (259,108) (260,112) (261,120) (262,121) (263,136) (264,136) (265,133) (266,136) (267,147) (268,150) (269,149) 
(999,-66) (998,-63) (975,-34) (700,106) (634,127) (387,188) (336,177) (272,161) (46,89) (41,81) (1,4) (0,1) (270,160) (271,159) 
(999,-66) (998,-63) (975,-34) (700,106) (634,127) (387,188) (336,177) (272,161) (46,89) (41,81) (1,4) (0,1) (270,160) (271,159) 
(999,-66) (998,-63) (975,-34) (700,106) (634,127) (387,188) (336,177) (272,161) (46,89) (41,81) (1,4) (0,1) (335,176) (331,175) (319,172) (273,156) (274,151) (275,147) (276,145) (277,156) (278,152) (279,152) (280,149) (281,146) (282,144) (283,138) (284,138) (285,143) (286,141) (287,145) (288,144) (289,143) (290,157) (291,153) (292,160) (293,159) (294,161) (295,158) (296,163) (297,157) (298,151) (299,152) (300,147) (301,150) (302,151) (303,144) (304,137) (305,144) (306,140) (307,140) (308,131) (309,122) (310,131) (311,142) (312,151) (313,155) (314,149) (315,152) (316,158) (317,166) (318,167) 
(999,-66) (998,-63) (975,-34) (700,106) (634,127) (387,188) (336,177) (272,161) (46,89) (41,81) (1,4) (0,1) (335,176) (331,175) (319,172) (320,170) (321,161) (322,159) (323,157) (324,155) (325,160) (326,162) (327,164) (328,167) (329,171) (330,174) 
(999,-66) (998,-63) (975,-34) (700,106) (634,127) (387,188) (336,177) (272,161) (46,89) (41,81) (1,4) (0,1) (335,176) (331,175) (319,172) (332,172) (333,173) (334,174) 
(999,-66) (998,-63) (975,-34) (700,106) (634,127) (387,188) (336,177) (272,161) (46,89) (41,81) (1,4) (0,1) (702,103) (701,103) 
(999,-66) (998,-63) (975,-34) (700,106) (634,127) (387,188) (336,177) (272,161) (46,89) (41,81) (1,4) (0,1) (702,103) (701,103) 
(999,-66) (998,-63) (975,-34) (700,106) (634,127) (387,188) (336,177) (272,161) (46,89) (41,81) (1,4) (0,1) (702,103) (971,-37) (703,102) 
(999,-66) (998,-63) (975,-34) (700,106) (634,127) (387,188) (336,177) (272,161) (46,89) (41,81) (1,4) (0,1) (702,103) (971,-37) (703,102) (704,101) (705,96) (706,88) (707,74) (708,76) (709,79) (710,83) (711,90) (712,91) (713,91) (714,88) (715,94) (716,92) (717,93) (718,84) (719,89) (720,75) (721,74) (722,70) (723,72) (724,74) (725,70) (726,60) (727,58) (728,56) (729,55) (730,52) (731,54) (732,58) (733,54) (734,51) (735,42) (736,39) (737,29) (738,29) (739,37) (740,36) (741,39) (742,34) (743,40) (744,38) (745,34) (746,30) (747,23) (748,24) (749,18) (750,10) (751,5) (752,-3) (753,-6) (754,-6) (755,-10) (756,-14) (757,-17) (758,-20) (759,-24) (760,-26) (761,-33) (762,-23) (763,-27) (764,-18) (765,-11) (766,-10) (767,-1) (768,10) (769,10) (770,9) (771,11) (772,10) (773,10) (774,8) (775,7) (776,-4) (777,-6) (778,-6) (779,-2) (780,-1) (781,6) (782,8) (783,6) (784,-4) (785,-4) (786,5) (787,6) (788,5) (789,11) (790,12) (791,8) (792,4) (793,0) (794,3) (795,1) (796,5) (797,1) (798,14) (799,17) (800,16) (801,9) (802,7) (803,9) (804,3) (805,2) (806,-2) (807,-2) (808,-13) (809,-19) (810,-14) (811,-14) (812,-7) (813,-1) (814,2) (815,4) (816,10) (817,-3) (818,-3) (819,-5) (820,-7) (821,1) (822,14) (823,14) (824,14) (825,10) (826,6) (827,4) (828,6) (829,8) (830,12) (831,16) (832,18) (833,14) (834,17) (835,14) (836,14) (837,10) (838,6) (839,-2) (840,-4) (841,-15) (842,-9) (843,-10) (844,-11) (845,-14) (846,-13) (847,-12) (848,-24) (849,-26) (850,-27) (851,-30) (852,-39) (853,-44) (854,-41) (855,-39) (856,-46) (857,-56) (858,-53) (859,-49) (860,-53) (861,-55) (862,-59) (863,-60) (864,-67) (865,-55) (866,-55) (867,-50) (868,-58) (869,-54) (870,-57) (871,-64) (872,-61) (873,-69) (874,-70) (875,-73) (876,-72) (877,-73) (878,-72) (879,-74) (880,-69) (881,-70) (882,-59) (883,-49) (884,-45) (885,-45) (886,-37) (887,-27) (888,-35) (889,-41) (890,-44) (891,-46) (892,-42) (893,-39) (894,-35) (895,-45) (896,-47) (897,-42) (898,-43) (899,-43) (900,-40) (901,-40) (902,-51) (903,-44) (904,-55) (905,-56) (906,-60) (907,-55) (908,-59) (909,-66) (910,-68) (911,-68) (912,-72) (913,-75) (914,-62) (915,-55) (916,-57) (917,-55) (918,-47) (919,-54) (920,-51) (921,-45) (922,-43) (923,-41) (924,-31) (925,-35) (926,-30) (927,-29) (928,-36) (929,-32) (930,-25) (931,-31) (932,-30) (933,-27) (934,-37) (935,-34) (936,-39) (937,-41) (938,-45) (939,-54) (940,-46) (941,-45) (942,-54) (943,-50) (944,-50) (945,-45) (946,-45) (947,-53) (948,-59) (949,-52) (950,-60) (951,-60) (952,-50) (953,-54) (954,-57) (955,-55) (956,-53) (957,-63) (958,-66) (959,-67) (960,-60) (961,-59) (962,-54) (963,-54) (964,-52) (965,-48) (966,-40) (967,-46) (968,-45) (969,-41) (970,-40) 
(999,-66) (998,-63) (975,-34) (700,106) (634,127) (387,188) (336,177) (272,161) (46,89) (41,81) (1,4) (0,1) (702,103) (971,-37) (703,102) (972,-41) (973,-44) (974,-44) 
(999,-66) (998,-63) (975,-34) (700,106) (634,127) (387,188) (336,177) (272,161) (46,89) (41,81) (1,4) (0,1) (997,-69) (976,-38) (996,-76) (995,-71) (994,-69) (977,-42) 
(999,-66) (998,-63) (975,-34) (700,106) (634,127) (387,188) (336,177) (272,161) (46,89) (41,81) (1,4) (0,1) (997,-69) (976,-38) (996,-76) (995,-71) (994,-69) (977,-42) (978,-45) (979,-55) (980,-57) (981,-56) (982,-61) (983,-66) (984,-74) (985,-69) (986,-73) (987,-67) (988,-70) (989,-72) (990,-65) (991,-67) (992,-68) (993,-72) 
(999,-66) (998,-63) (975,-34) (700,106) (634,127) (387,188) (336,177) (272,161) (46,89) (41,81) (1,4) (0,1) (997,-69) (976,-38) (996,-76) (995,-71) (994,-69) (977,-42) 
(999,-66) (998,-63) (975,-34) (700,106) (634,127) (387,188) (336,177) (272,161) (46,89) (41,81) (1,4) (0,1) (997,-69) (976,-38) (996,-76) (995,-71) (994,-69) (977,-42) 
TD 4 :
(999,-66) (998,-63) (975,-34) (700,106) (634,127) (387,188) (336,177) (272,161) (46,89) (41,81) (1,4) (0,1) (5,8) (2,-6) (33,59) (6,9) (7,8) (8,5) (9,4) (10,0) (11,12) (12,7) (13,3) (14,11) (15,13) (16,13) (17,15) (18,18) (19,26) (20,30) (21,31) (22,30) (23,28) (24,32) (25,35) (26,32) (27,36) (28,36) (29,36) (30,37) (31,40) (32,49) 
(999,-66) (998,-63) (975,-34) (700,106) (634,127) (387,188) (336,177) (272,161) (46,89) (41,81) (1,4) (0,1) (45,84) (42,80) (44,79) (43,77) 
(999,-66) (998,-63) (975,-34) (700,106) (634,127) (387,188) (336,177) (272,161) (46,89) (41,81) (1,4) (0,1) (45,84) (42,80) (44,79) (43,77) 
(999,-66) (998,-63) (975,-34) (700,106) (634,127) (387,188) (336,177) (272,161) (46,89) (41,81) (1,4) (0,1) (270,160) (63,89) (48,83) (47,81) 
(999,-66) (998,-63) (975,-34) (700,106) (634,127) (387,188) (336,177) (272,161) (46,89) (41,81) (1,4) (0,1) (270,160) (63,89) (48,83) (47,81) 
(999,-66) (998,-63) (975,-34) (700,106) (634,127) (387,188) (336,177) (272,161) (46,89) (41,81) (1,4) (0,1) (270,160) (63,89) (48,83) (49,82) 
(999,-66) (998,-63) (975,-34) (700,106) (634,127) (387,188) (336,177) (272,161) (46,89) (41,81) (1,4) (0,1) (270,160) (63,89) (48,83) (49,82) (50,78) (51,72) (52,66) (53,70) (54,69) (55,71) (56,75) (57,77) (58,86) (59,82) (60,81) (61,83) (62,78) 
(999,-66) (998,-63) (975,-34) (700,106) (634,127) (387,188) (336,177) (272,161) (46,89) (41,81) (1,4) (0,1) (270,160) (63,89) (48,83) (64,89) 
(999,-66) (998,-63) (975,-34) (700,106) (634,127) (387,188) (336,177) (272,161) (46,89) (41,81) (1,4) (0,1) (270,160) (63,89) (48,83) (64,89) (65,89) (66,85) (67,81) (68,77) (69,71) (70,76) (71,74) (72,70) (73,76) (74,71) (75,65) (76,61) (77,70) (78,68) (79,68) (80,70) (81,65) (82,59) (83,62) (84,62) (85,70) (86,80) (87,78) (88,78) (89,79) (90,71) (91,67) (92,63) (93,67) (94,61) (95,62) (96,59) (97,51) (98,51) (99,52) (100,49) (101,53) (102,56) (103,64) (104,61) (105,54) (106,60) (107,56) (108,57) (109,56) (110,67) (111,65) (112,63) (113,65) (114,76) (115,74) (116,76) (117,77) (118,80) (119,80) (120,79) (121,80) (122,73) (123,69) (124,68) (125,65) (126,66) (127,70) (128,74) (129,71) (130,68) (131,72) (132,82) (133,90) (134,89) (135,87) (136,93) (137,84) (138,81) (139,82) (140,79) (141,82) (142,81) (143,80) (144,81) (145,84) (146,93) (147,93) (148,93) (149,82) (150,86) (151,84) (152,84) (153,78) (154,80) (155,83) (156,84) (157,76) (158,76) (159,80) (160,82) (161,88) (162,88) (163,88) (164,87) (165,80) (166,78) (167,79) (168,79) (169,72) (170,76) (171,71) (172,70) (173,64) (174,69) (175,74) (176,79) (177,79) (178,76) (179,75) (180,76) (181,78) (182,75) (183,74) (184,69) (185,77) (186,65) (187,65) (188,66) (189,66) (190,62) (191,56) (192,46) (193,48) (194,49) (195,54) (196,55) (197,54) (198,56) (199,58) (200,64) (201,67) (202,67) (203,69) (204,72) (205,67) (206,65) (207,70) (208,61) (209,64) (210,69) (211,70) (212,69) (213,73) (214,66) (215,67) (216,67) (217,66) (218,63) (219,62) (220,67) (221,69) (222,72) (223,71) (224,67) (225,69) (226,68) (227,60) (228,67) (229,74) (230,72) (231,77) (232,76) (233,86) (234,90) (235,86) (236,87) (237,81) (238,78) (239,74) (240,69) (241,60) (242,62) (243,70) (244,71) (245,78) (246,87) (247,81) (248,79) (249,91) (250,91) (251,100) (252,100) (253,95) (254,98) (255,97) (256,102) (257,99) (258,103) (259,108) (260,112) (261,120) (262,121) (263,136) (264,136) (265,133) (266,136) (267,147) (268,150) (269,149) 
(999,-66) (998,-63) (975,-34) (700,106) (634,127) (387,188) (336,177) (272,161) (46,89) (41,81) (1,4) (0,1) (335,176) (331,175) (319,172) (273,156) 
(999,-66) (998,-63) (975,-34) (700,106) (634,127) (387,188) (336,177) (272,161) (46,89) (41,81) (1,4) (0,1) (335,176) (331,175) (319,172) (273,156) (274,151) (275,147) (276,145) (277,156) (278,152) (279,152) (280,149) (281,146) (282,144) (283,138) (284,138) (285,143) (286,141) (287,145) (288,144) (289,143) (290,157) (291,153) (292,160) (293,159) (294,161) (295,158) (296,163) (297,157) (298,151) (299,152) (300,147) (301,150) (302,151) (303,144) (304,137) (305,144) (306,140) (307,140) (308,131) (309,122) (310,131) (311,142) (312,151) (313,155) (314,149) (315,152) (316,158) (317,166) (318,167) 
(999,-66) (998,-63) (975,-34) (700,106) (634,127) (387,188) (336,177) (272,161) (46,89) (41,81) (1,4) (0,1) (335,176) (331,175) (319,172) (330,174) (320,170) (321,161) (322,159) (323,157) (324,155) (325,160) (326,162) (327,164) (328,167) (329,171) 
(999,-66) (998,-63) (975,-34) (700,106) (634,127) (387,188) (336,177) (272,161) (46,89) (41,81) (1,4) (0,1) (335,176) (331,175) (319,172) (330,174) 
(999,-66) (998,-63) (975,-34) (700,106) (634,127) (387,188) (336,177) (272,161) (46,89) (41,81) (1,4) (0,1) (702,103) (971,-37) (703,102) (704,101) 
(999,-66) (998,-63) (975,-34) (700,106) (634,127) (387,188) (336,177) (272,161) (46,89) (41,81) (1,4) (0,1) (702,103) (971,-37) (703,102) (704,101) (705,96) (706,88) (707,74) (708,76) (709,79) (710,83) (711,90) (712,91) (713,91) (714,88) (715,94) (716,92) (717,93) (718,84) (719,89) (720,75) (721,74) (722,70) (723,72) (724,74) (725,70) (726,60) (727,58) (728,56) (729,55) (730,52) (731,54) (732,58) (733,54) (734,51) (735,42) (736,39) (737,29) (738,29) (739,37) (740,36) (741,39) (742,34) (743,40) (744,38) (745,34) (746,30) (747,23) (748,24) (749,18) (750,10) (751,5) (752,-3) (753,-6) (754,-6) (755,-10) (756,-14) (757,-17) (758,-20) (759,-24) (760,-26) (761,-33) (762,-23) (763,-27) (764,-18) (765,-11) (766,-10) (767,-1) (768,10) (769,10) (770,9) (771,11) (772,10) (773,10) (774,8) (775,7) (776,-4) (777,-6) (778,-6) (779,-2) (780,-1) (781,6) (782,8) (783,6) (784,-4) (785,-4) (786,5) (787,6) (788,5) (789,11) (790,12) (791,8) (792,4) (793,0) (794,3) (795,1) (796,5) (797,1) (798,14) (799,17) (800,16) (801,9) (802,7) (803,9) (804,3) (805,2) (806,-2) (807,-2) (808,-13) (809,-19) (810,-14) (811,-14) (812,-7) (813,-1) (814,2) (815,4) (816,10) (817,-3) (818,-3) (819,-5) (820,-7) (821,1) (822,14) (823,14) (824,14) (825,10) (826,6) (827,4) (828,6) (829,8) (830,12) (831,16) (832,18) (833,14) (834,17) (835,14) (836,14) (837,10) (838,6) (839,-2) (840,-4) (841,-15) (842,-9) (843,-10) (844,-11) (845,-14) (846,-13) (847,-12) (848,-24) (849,-26) (850,-27) (851,-30) (852,-39) (853,-44) (854,-41) (855,-39) (856,-46) (857,-56) (858,-53) (859,-49) (860,-53) (861,-55) (862,-59) (863,-60) (864,-67) (865,-55) (866,-55) (867,-50) (868,-58) (869,-54) (870,-57) (871,-64) (872,-61) (873,-69) (874,-70) (875,-73) (876,-72) (877,-73) (878,-72) (879,-74) (880,-69) (881,-70) (882,-59) (883,-49) (884,-45) (885,-45) (886,-37) (887,-27) (888,-35) (889,-41) (890,-44) (891,-46) (892,-42) (893,-39) (894,-35) (895,-45) (896,-47) (897,-42) (898,-43) (899,-43) (900,-40) (901,-40) (902,-51) (903,-44) (904,-55) (905,-56) (906,-60) (907,-55) (908,-59) (909,-66) (910,-68) (911,-68) (912,-72) (913,-75) (914,-62) (915,-55) (916,-57) (917,-55) (918,-47) (919,-54) (920,-51) (921,-45) (922,-43) (923,-41) (924,-31) (925,-35) (926,-30) (927,-29) (928,-36) (929,-32) (930,-25) (931,-31) (932,-30) (933,-27) (934,-37) (935,-34) (936,-39) (937,-41) (938,-45) (939,-54) (940,-46) (941,-45) (942,-54) (943,-50) (944,-50) (945,-45) (946,-45) (947,-53) (948,-59) (949,-52) (950,-60) (951,-60) (952,-50) (953,-54) (954,-57) (955,-55) (956,-53) (957,-63) (958,-66) (959,-67) (960,-60) (961,-59) (962,-54) (963,-54) (964,-52) (965,-48) (966,-40) (967,-46) (968,-45) (969,-41) (970,-40) 
(999,-66) (998,-63) (975,-34) (700,106) (634,127) (387,188) (336,177) (272,161) (46,89) (41,81) (1,4) (0,1) (702,103) (971,-37) (703,102) (972,-41) 
(999,-66) (998,-63) (975,-34) (700,106) (634,127) (387,188) (336,177) (272,161) (46,89) (41,81) (1,4) (0,1) (702,103) (971,-37) (703,102) (972,-41) (973,-44) (974,-44) 
(999,-66) (998,-63) (975,-34) (700,106) (634,127) (387,188) (336,177) (272,161) (46,89) (41,81) (1,4) (0,1) (997,-69) (976,-38) (996,-76) (995,-71) (994,-69) (977,-42) (993,-72) (992,-68) (978,-45) 
(999,-66) (998,-63) (975,-34) (700,106) (634,127) (387,188) (336,177) (272,161) (46,89) (41,81) (1,4) (0,1) (997,-69) (976,-38) (996,-76) (995,-71) (994,-69) (977,-42) (993,-72) (992,-68) (978,-45) (979,-55) (980,-57) (981,-56) (982,-61) (983,-66) (984,-74) (985,-69) (986,-73) (987,-67) (988,-70) (989,-72) (990,-65) (991,-67) 
(999,-66) (998,-63) (975,-34) (700,106) (634,127) (387,188) (336,177) (272,161) (46,89) (41,81) (1,4) (0,1) (997,-69) (976,-38) (996,-76) (995,-71) (994,-69) (977,-42) (993,-72) (992,-68) (978,-45) 
TD 5 :
(999,-66) (998,-63) (975,-34) (700,106) (634,127) (387,188) (336,177) (272,161) (46,89) (41,81) (1,4) (0,1) (5,8) (2,-6) (33,59) (6,9) (7,8) (20,30) (11,12) (8,5) (9,4) (10,0) 
(999,-66) (998,-63) (975,-34) (700,106) (634,127) (387,188) (336,177) (272,161) (46,89) (41,81) (1,4) (0,1) (5,8) (2,-6) (33,59) (6,9) (7,8) (20,30) (11,12) (8,5) (12,7) (13,3) (14,11) (15,13) (16,13) (17,15) (18,18) (19,26) 
(999,-66) (998,-63) (975,-34) (700,106) (634,127) (387,188) (336,177) (272,161) (46,89) (41,81) (1,4) (0,1) (5,8) (2,-6) (33,59) (6,9) (7,8) (20,30) (11,12) (8,5) (21,31) (22,30) (23,28) (24,32) (25,35) (26,32) (27,36) (28,36) (29,36) (30,37) (31,40) (32,49) 
(999,-66) (998,-63) (975,-34) (700,106) (634,127) (387,188) (336,177) (272,161) (46,89) (41,81) (1,4) (0,1) (270,160) (63,89) (48,83) (49,82) (58,86) (50,78) (51,72) (52,66) (53,70) (54,69) (55,71) (56,75) (57,77) 
(999,-66) (998,-63) (975,-34) (700,106) (634,127) (387,188) (336,177) (272,161) (46,89) (41,81) (1,4) (0,1) (270,160) (63,89) (48,83) (49,82) (58,86) (59,82) (60,81) (61,83) (62,78) 
(999,-66) (998,-63) (975,-34) (700,106) (634,127) (387,188) (336,177) (272,161) (46,89) (41,81) (1,4) (0,1) (270,160) (63,89) (48,83) (64,89) (65,89) 
(999,-66) (998,-63) (975,-34) (700,106) (634,127) (387,188) (336,177) (272,161) (46,89) (41,81) (1,4) (0,1) (270,160) (63,89) (48,83) (64,89) (65,89) (66,85) (67,81) (68,77) (69,71) (70,76) (71,74) (72,70) (73,76) (74,71) (75,65) (76,61) (77,70) (78,68) (79,68) (80,70) (81,65) (82,59) (83,62) (84,62) (85,70) (86,80) (87,78) (88,78) (89,79) (90,71) (91,67) (92,63) (93,67) (94,61) (95,62) (96,59) (97,51) (98,51) (99,52) (100,49) (101,53) (102,56) (103,64) (104,61) (105,54) (106,60) (107,56) (108,57) (109,56) (110,67) (111,65) (112,63) (113,65) (114,76) (115,74) (116,76) (117,77) (118,80) (119,80) (120,79) (121,80) (122,73) (123,69) (124,68) (125,65) (126,66) (127,70) (128,74) (129,71) (130,68) (131,72) (132,82) (133,90) (134,89) (135,87) (136,93) (137,84) (138,81) (139,82) (140,79) (141,82) (142,81) (143,80) (144,81) (145,84) (146,93) (147,93) (148,93) (149,82) (150,86) (151,84) (152,84) (153,78) (154,80) (155,83) (156,84) (157,76) (158,76) (159,80) (160,82) (161,88) (162,88) (163,88) (164,87) (165,80) (166,78) (167,79) (168,79) (169,72) (170,76) (171,71) (172,70) (173,64) (174,69) (175,74) (176,79) (177,79) (178,76) (179,75) (180,76) (181,78) (182,75) (183,74) (184,69) (185,77) (186,65) (187,65) (188,66) (189,66) (190,62) (191,56) (192,46) (193,48) (194,49) (195,54) (196,55) (197,54) (198,56) (199,58) (200,64) (201,67) (202,67) (203,69) (204,72) (205,67) (206,65) (207,70) (208,61) (209,64) (210,69) (211,70) (212,69) (213,73) (214,66) (215,67) (216,67) (217,66) (218,63) (219,62) (220,67) (221,69) (222,72) (223,71) (224,67) (225,69) (226,68) (227,60) (228,67) (229,74) (230,72) (231,77) (232,76) (233,86) (234,90) (235,86) (236,87) (237,81) (238,78) (239,74) (240,69) (241,60) (242,62) (243,70) (244,71) (245,78) (246,87) (247,81) (248,79) (249,91) (250,91) (251,100) (252,100) (253,95) (254,98) (255,97) (256,102) (257,99) (258,103) (259,108) (260,112) (261,120) (262,121) (263,136) (264,136) (265,133) (266,136) (267,147) (268,150) (269,149) 
(999,-66) (998,-63) (975,-34) (700,106) (634,127) (387,188) (336,177) (272,161) (46,89) (41,81) (1,4) (0,1) (335,176) (331,175) (319,172) (273,156) (296,163) (274,151) (275,147) (276,145) (277,156) (278,152) (279,152) (280,149) (281,146) (282,144) (283,138) (284,138) (285,143) (286,141) (287,145) (288,144) (289,143) (290,157) (291,153) (292,160) (293,159) (294,161) (295,158) 
(999,-66) (998,-63) (975,-34) (700,106) (634,127) (387,188) (336,177) (272,161) (46,89) (41,81) (1,4) (0,1) (335,176) (331,175) (319,172) (273,156) (296,163) (297,157) (298,151) (299,152) (300,147) (301,150) (302,151) (303,144) (304,137) (305,144) (306,140) (307,140) (308,131) (309,122) (310,131) (311,142) (312,151) (313,155) (314,149) (315,152) (316,158) (317,166) (318,167) 
(999,-66) (998,-63) (975,-34) (700,106) (634,127) (387,188) (336,177) (272,161) (46,89) (41,81) (1,4) (0,1) (702,103) (971,-37) (703,102) (704,101) (970,-40) (717,93) (715,94) (705,96) (706,88) (707,74) (708,76) (709,79) (710,83) (711,90) (712,91) (713,91) (714,88) 
(999,-66) (998,-63) (975,-34) (700,106) (634,127) (387,188) (336,177) (272,161) (46,89) (41,81) (1,4) (0,1) (702,103) (971,-37) (703,102) (704,101) (970,-40) (717,93) (715,94) (716,92) 
(999,-66) (998,-63) (975,-34) (700,106) (634,127) (387,188) (336,177) (272,161) (46,89) (41,81) (1,4) (0,1) (702,103) (971,-37) (703,102) (704,101) (970,-40) (717,93) (715,94) (718,84) (719,89) (720,75) (721,74) (722,70) (723,72) (724,74) (725,70) (726,60) (727,58) (728,56) (729,55) (730,52) (731,54) (732,58) (733,54) (734,51) (735,42) (736,39) (737,29) (738,29) (739,37) (740,36) (741,39) (742,34) (743,40) (744,38) (745,34) (746,30) (747,23) (748,24) (749,18) (750,10) (751,5) (752,-3) (753,-6) (754,-6) (755,-10) (756,-14) (757,-17) (758,-20) (759,-24) (760,-26) (761,-33) (762,-23) (763,-27) (764,-18) (765,-11) (766,-10) (767,-1) (768,10) (769,10) (770,9) (771,11) (772,10) (773,10) (774,8) (775,7) (776,-4) (777,-6) (778,-6) (779,-2) (780,-1) (781,6) (782,8) (783,6) (784,-4) (785,-4) (786,5) (787,6) (788,5) (789,11) (790,12) (791,8) (792,4) (793,0) (794,3) (795,1) (796,5) (797,1) (798,14) (799,17) (800,16) (801,9) (802,7) (803,9) (804,3) (805,2) (806,-2) (807,-2) (808,-13) (809,-19) (810,-14) (811,-14) (812,-7) (813,-1) (814,2) (815,4) (816,10) (817,-3) (818,-3) (819,-5) (820,-7) (821,1) (822,14) (823,14) (824,14) (825,10) (826,6) (827,4) (828,6) (829,8) (830,12) (831,16) (832,18) (833,14) (834,17) (835,14) (836,14) (837,10) (838,6) (839,-2) (840,-4) (841,-15) (842,-9) (843,-10) (844,-11) (845,-14) (846,-13) (847,-12) (848,-24) (849,-26) (850,-27) (851,-30) (852,-39) (853,-44) (854,-41) (855,-39) (856,-46) (857,-56) (858,-53) (859,-49) (860,-53) (861,-55) (862,-59) (863,-60) (864,-67) (865,-55) (866,-55) (867,-50) (868,-58) (869,-54) (870,-57) (871,-64) (872,-61) (873,-69) (874,-70) (875,-73) (876,-72) (877,-73) (878,-72) (879,-74) (880,-69) (881,-70) (882,-59) (883,-49) (884,-45) (885,-45) (886,-37) (887,-27) (888,-35) (889,-41) (890,-44) (891,-46) (892,-42) (893,-39) (894,-35) (895,-45) (896,-47) (897,-42) (898,-43) (899,-43) (900,-40) (901,-40) (902,-51) (903,-44) (904,-55) (905,-56) (906,-60) (907,-55) (908,-59) (909,-66) (910,-68) (911,-68) (912,-72) (913,-75) (914,-62) (915,-55) (916,-57) (917,-55) (918,-47) (919,-54) (920,-51) (921,-45) (922,-43) (923,-41) (924,-31) (925,-35) (926,-30) (927,-29) (928,-36) (929,-32) (930,-25) (931,-31) (932,-30) (933,-27) (934,-37) (935,-34) (936,-39) (937,-41) (938,-45) (939,-54) (940,-46) (941,-45) (942,-54) (943,-50) (944,-50) (945,-45) (946,-45) (947,-53) (948,-59) (949,-52) (950,-60) (951,-60) (952,-50) (953,-54) (954,-57) (955,-55) (956,-53) (957,-63) (958,-66) (959,-67) (960,-60) (961,-59) (962,-54) (963,-54) (964,-52) (965,-48) (966,-40) (967,-46) (968,-45) (969,-41) 
(999,-66) (998,-63) (975,-34) (700,106) (634,127) (387,188) (336,177) (272,161) (46,89) (41,81) (1,4) (0,1) (702,103) (971,-37) (703,102) (704,101) (970,-40) (717,93) (715,94) 
(999,-66) (998,-63) (975,-34) (700,106) (634,127) (387,188) (336,177) (272,161) (46,89) (41,81) (1,4) (0,1) (702,103) (971,-37) (703,102) (972,-41) (974,-44) (973,-44) 
(999,-66) (998,-63) (975,-34) (700,106) (634,127) (387,188) (336,177) (272,161) (46,89) (41,81) (1,4) (0,1) (702,103) (971,-37) (703,102) (972,-41) (974,-44) 
(999,-66) (998,-63) (975,-34) (700,106) (634,127) (387,188) (336,177) (272,161) (46,89) (41,81) (1,4) (0,1) (997,-69) (976,-38) (996,-76) (995,-71) (994,-69) (977,-42) (993,-72) (992,-68) (978,-45) (991,-67) (990,-65) (979,-55) (980,-57) (981,-56) (982,-61) (983,-66) (984,-74) (985,-69) (986,-73) (987,-67) (988,-70) (989,-72) 
(999,-66) (998,-63) (975,-34) (700,106) (634,127) (387,188) (336,177) (272,161) (46,89) (41,81) (1,4) (0,1) (997,-69) (976,-38) (996,-76) (995,-71) (994,-69) (977,-42) (993,-72) (992,-68) (978,-45) (991,-67) (990,-65) 
TD 6 :
(999,-66) (998,-63) (975,-34) (700,106) (634,127) (387,188) (336,177) (272,161) (46,89) (41,81) (1,4) (0,1) (5,8) (2,-6) (33,59) (6,9) (7,8) (20,30) (11,12) (8,5) (9,4) (10,0) 
(999,-66) (998,-63) (975,-34) (700,106) (634,127) (387,188) (336,177) (272,161) (46,89) (41,81) (1,4) (0,1) (5,8) (2,-6) (33,59) (6,9) (7,8) (20,30) (11,12) (8,5) (21,31) 
(999,-66) (998,-63) (975,-34) (700,106) (634,127) (387,188) (336,177) (272,161) (46,89) (41,81) (1,4) (0,1) (5,8) (2,-6) (33,59) (6,9) (7,8) (20,30) (11,12) (8,5) (21,31) (22,30) (23,28) (24,32) (25,35) (26,32) (27,36) (28,36) (29,36) (30,37) (31,40) (32,49) 
(999,-66) (998,-63) (975,-34) (700,106) (634,127) (387,188) (336,177) (272,161) (46,89) (41,81) (1,4) (0,1) (270,160) (63,89) (48,83) (49,82) (58,86) (50,78) 
(999,-66) (998,-63) (975,-34) (700,106) (634,127) (387,188) (336,177) (272,161) (46,89) (41,81) (1,4) (0,1) (270,160) (63,89) (48,83) (49,82) (58,86) (50,78) (51,72) (52,66) (53,70) (54,69) (55,71) (56,75) (57,77) 
(999,-66) (998,-63) (975,-34) (700,106) (634,127) (387,188) (336,177) (272,161) (46,89) (41,81) (1,4) (0,1) (270,160) (63,89) (48,83) (49,82) (58,86) (61,83) (59,82) (60,81) 
(999,-66) (998,-63) (975,-34) (700,106) (634,127) (387,188) (336,177) (272,161) (46,89) (41,81) (1,4) (0,1) (270,160) (63,89) (48,83) (49,82) (58,86) (61,83) (62,78) 
(999,-66) (998,-63) (975,-34) (700,106) (634,127) (387,188) (336,177) (272,161) (46,89) (41,81) (1,4) (0,1) (270,160) (63,89) (48,83) (64,89) (65,89) (66,85) 
(999,-66) (998,-63) (975,-34) (700,106) (634,127) (387,188) (336,177) (272,161) (46,89) (41,81) (1,4) (0,1) (270,160) (63,89) (48,83) (64,89) (65,89) (66,85) (67,81) (68,77) (69,71) (70,76) (71,74) (72,70) (73,76) (74,71) (75,65) (76,61) (77,70) (78,68) (79,68) (80,70) (81,65) (82,59) (83,62) (84,62) (85,70) (86,80) (87,78) (88,78) (89,79) (90,71) (91,67) (92,63) (93,67) (94,61) (95,62) (96,59) (97,51) (98,51) (99,52) (100,49) (101,53) (102,56) (103,64) (104,61) (105,54) (106,60) (107,56) (108,57) (109,56) (110,67) (111,65) (112,63) (113,65) (114,76) (115,74) (116,76) (117,77) (118,80) (119,80) (120,79) (121,80) (122,73) (123,69) (124,68) (125,65) (126,66) (127,70) (128,74) (129,71) (130,68) (131,72) (132,82) (133,90) (134,89) (135,87) (136,93) (137,84) (138,81) (139,82) (140,79) (141,82) (142,81) (143,80) (144,81) (145,84) (146,93) (147,93) (148,93) (149,82) (150,86) (151,84) (152,84) (153,78) (154,80) (155,83) (156,84) (157,76) (158,76) (159,80) (160,82) (161,88) (162,88) (163,88) (164,87) (165,80) (166,78) (167,79) (168,79) (169,72) (170,76) (171,71) (172,70) (173,64) (174,69) (175,74) (176,79) (177,79) (178,76) (179,75) (180,76) (181,78) (182,75) (183,74) (184,69) (185,77) (186,65) (187,65) (188,66) (189,66) (190,62) (191,56) (192,46) (193,48) (194,49) (195,54) (196,55) (197,54) (198,56) (199,58) (200,64) (201,67) (202,67) (203,69) (204,72) (205,67) (206,65) (207,70) (208,61) (209,64) (210,69) (211,70) (212,69) (213,73) (214,66) (215,67) (216,67) (217,66) (218,63) (219,62) (220,67) (221,69) (222,72) (223,71) (224,67) (225,69) (226,68) (227,60) (228,67) (229,74) (230,72) (231,77) (232,76) (233,86) (234,90) (235,86) (236,87) (237,81) (238,78) (239,74) (240,69) (241,60) (242,62) (243,70) (244,71) (245,78) (246,87) (247,81) (248,79) (249,91) (250,91) (251,100) (252,100) (253,95) (254,98) (255,97) (256,102) (257,99) (258,103) (259,108) (260,112) (261,120) (262,121) (263,136) (264,136) (265,133) (266,136) (267,147) (268,150) (269,149) 
(999,-66) (998,-63) (975,-34) (700,106) (634,127) (387,188) (336,177) (272,161) (46,89) (41,81) (1,4) (0,1) (335,176) (331,175) (319,172) (273,156) (296,163) (277,156) (274,151) (275,147) (276,145) 
(999,-66) (998,-63) (975,-34) (700,106) (634,127) (387,188) (336,177) (272,161) (46,89) (41,81) (1,4) (0,1) (335,176) (331,175) (319,172) (273,156) (296,163) (277,156) (278,152) (279,152) (280,149) (281,146) (282,144) (283,138) (284,138) (285,143) (286,141) (287,145) (288,144) (289,143) (290,157) (291,153) (292,160) (293,159) (294,161) (295,158) 
(999,-66) (998,-63) (975,-34) (700,106) (634,127) (387,188) (336,177) (272,161) (46,89) (41,81) (1,4) (0,1) (702,103) (971,-37) (703,102) (704,101) (970,-40) (717,93) (715,94) (705,96) 
(999,-66) (998,-63) (975,-34) (700,106) (634,127) (387,188) (336,177) (272,161) (46,89) (41,81) (1,4) (0,1) (702,103) (971,-37) (703,102) (704,101) (970,-40) (717,93) (715,94) (705,96) (706,88) (707,74) (708,76) (709,79) (710,83) (711,90) (712,91) (713,91) (714,88) 
(999,-66) (998,-63) (975,-34) (700,106) (634,127) (387,188) (336,177) (272,161) (46,89) (41,81) (1,4) (0,1) (702,103) (971,-37) (703,102) (704,101) (970,-40) (717,93) (715,94) (716,92) 
(999,-66) (998,-63) (975,-34) (700,106) (634,127) (387,188) (336,177) (272,161) (46,89) (41,81) (1,4) (0,1) (702,103) (971,-37) (703,102) (704,101) (970,-40) (717,93) (715,94) (716,92) 
(999,-66) (998,-63) (975,-34) (700,106) (634,127) (387,188) (336,177) (272,161) (46,89) (41,81) (1,4) (0,1) (702,103) (971,-37) (703,102) (704,101) (970,-40) (717,93) (715,94) (969,-41) (718,84) (719,89) (720,75) (721,74) (722,70) (723,72) (724,74) (725,70) (726,60) (727,58) (728,56) (729,55) (730,52) (731,54) (732,58) (733,54) (734,51) (735,42) (736,39) (737,29) (738,29) (739,37) (740,36) (741,39) (742,34) (743,40) (744,38) (745,34) (746,30) (747,23) (748,24) (749,18) (750,10) (751,5) (752,-3) (753,-6) (754,-6) (755,-10) (756,-14) (757,-17) (758,-20) (759,-24) (760,-26) (761,-33) (762,-23) (763,-27) (764,-18) (765,-11) (766,-10) (767,-1) (768,10) (769,10) (770,9) (771,11) (772,10) (773,10) (774,8) (775,7) (776,-4) (777,-6) (778,-6) (779,-2) (780,-1) (781,6) (782,8) (783,6) (784,-4) (785,-4) (786,5) (787,6) (788,5) (789,11) (790,12) (791,8) (792,4) (793,0) (794,3) (795,1) (796,5) (797,1) (798,14) (799,17) (800,16) (801,9) (802,7) (803,9) (804,3) (805,2) (806,-2) (807,-2) (808,-13) (809,-19) (810,-14) (811,-14) (812,-7) (813,-1) (814,2) (815,4) (816,10) (817,-3) (818,-3) (819,-5) (820,-7) (821,1) (822,14) (823,14) (824,14) (825,10) (826,6) (827,4) (828,6) (829,8) (830,12) (831,16) (832,18) (833,14) (834,17) (835,14) (836,14) (837,10) (838,6) (839,-2) (840,-4) (841,-15) (842,-9) (843,-10) (844,-11) (845,-14) (846,-13) (847,-12) (848,-24) (849,-26) (850,-27) (851,-30) (852,-39) (853,-44) (854,-41) (855,-39) (856,-46) (857,-56) (858,-53) (859,-49) (860,-53) (861,-55) (862,-59) (863,-60) (864,-67) (865,-55) (866,-55) (867,-50) (868,-58) (869,-54) (870,-57) (871,-64) (872,-61) (873,-69) (874,-70) (875,-73) (876,-72) (877,-73) (878,-72) (879,-74) (880,-69) (881,-70) (882,-59) (883,-49) (884,-45) (885,-45) (886,-37) (887,-27) (888,-35) (889,-41) (890,-44) (891,-46) (892,-42) (893,-39) (894,-35) (895,-45) (896,-47) (897,-42) (898,-43) (899,-43) (900,-40) (901,-40) (902,-51) (903,-44) (904,-55) (905,-56) (906,-60) (907,-55) (908,-59) (909,-66) (910,-68) (911,-68) (912,-72) (913,-75) (914,-62) (915,-55) (916,-57) (917,-55) (918,-47) (919,-54) (920,-51) (921,-45) (922,-43) (923,-41) (924,-31) (925,-35) (926,-30) (927,-29) (928,-36) (929,-32) (930,-25) (931,-31) (932,-30) (933,-27) (934,-37) (935,-34) (936,-39) (937,-41) (938,-45) (939,-54) (940,-46) (941,-45) (942,-54) (943,-50) (944,-50) (945,-45) (946,-45) (947,-53) (948,-59) (949,-52) (950,-60) (951,-60) (952,-50) (953,-54) (954,-57) (955,-55) (956,-53) (957,-63) (958,-66) (959,-67) (960,-60) (961,-59) (962,-54) (963,-54) (964,-52) (965,-48) (966,-40) (967,-46) (968,-45) 
(999,-66) (998,-63) (975,-34) (700,106) (634,127) (387,188) (336,177) (272,161) (46,89) (41,81) (1,4) (0,1) (702,103) (971,-37) (703,102) (704,101) (970,-40) (717,93) (715,94) (969,-41) 
(999,-66) (998,-63) (975,-34) (700,106) (634,127) (387,188) (336,177) (272,161) (46,89) (41,81) (1,4) (0,1) (702,103) (971,-37) (703,102) (972,-41) (974,-44) (973,-44) 
(999,-66) (998,-63) (975,-34) (700,106) (634,127) (387,188) (336,177) (272,161) (46,89) (41,81) (1,4) (0,1) (702,103) (971,-37) (703,102) (972,-41) (974,-44) (973,-44) 
(999,-66) (998,-63) (975,-34) (700,106) (634,127) (387,188) (336,177) (272,161) (46,89) (41,81) (1,4) (0,1) (997,-69) (976,-38) (996,-76) (995,-71) (994,-69) (977,-42) (993,-72) (992,-68) (978,-45) (991,-67) (990,-65) (989,-72) (987,-67) (981,-56) (979,-55) (980,-57) 
(999,-66) (998,-63) (975,-34) (700,106) (634,127) (387,188) (336,177) (272,161) (46,89) (41,81) (1,4) (0,1) (997,-69) (976,-38) (996,-76) (995,-71) (994,-69) (977,-42) (993,-72) (992,-68) (978,-45) (991,-67) (990,-65) (989,-72) (987,-67) (981,-56) (982,-61) (983,-66) (984,-74) (985,-69) (986,-73) 
(999,-66) (998,-63) (975,-34) (700,106) (634,127) (387,188) (336,177) (272,161) (46,89) (41,81) (1,4) (0,1) (997,-69) (976,-38) (996,-76) (995,-71) (994,-69) (977,-42) (993,-72) (992,-68) (978,-45) (991,-67) (990,-65) (989,-72) (987,-67) (981,-56) (988,-70) 
TD 7 :
(999,-66) (998,-63) (975,-34) (700,106) (634,127) (387,188) (336,177) (272,161) (46,89) (41,81) (1,4) (0,1) (5,8) (2,-6) (33,59) (6,9) (7,8) (20,30) (11,12) (8,5) (9,4) (10,0) 
(999,-66) (998,-63) (975,-34) (700,106) (634,127) (387,188) (336,177) (272,161) (46,89) (41,81) (1,4) (0,1) (270,160) (63,89) (48,83) (49,82) (58,86) (61,83) (59,82) 
(999,-66) (998,-63) (975,-34) (700,106) (634,127) (387,188) (336,177) (272,161) (46,89) (41,81) (1,4) (0,1) (270,160) (63,89) (48,83) (49,82) (58,86) (61,83) (59,82) (60,81) 
(999,-66) (998,-63) (975,-34) (700,106) (634,127) (387,188) (336,177) (272,161) (46,89) (41,81) (1,4) (0,1) (335,176) (331,175) (319,172) (273,156) (296,163) (277,156) (294,161) (278,152) (279,152) (280,149) (281,146) (282,144) (283,138) (284,138) (285,143) (286,141) (287,145) (288,144) (289,143) (290,157) (291,153) (292,160) (293,159) 
(999,-66) (998,-63) (975,-34) (700,106) (634,127) (387,188) (336,177) (272,161) (46,89) (41,81) (1,4) (0,1) (335,176) (331,175) (319,172) (273,156) (296,163) (277,156) (294,161) (295,158) 
(999,-66) (998,-63) (975,-34) (700,106) (634,127) (387,188) (336,177) (272,161) (46,89) (41,81) (1,4) (0,1) (702,103) (971,-37) (703,102) (704,101) (970,-40) (717,93) (715,94) (705,96) (713,91) (706,88) (707,74) (708,76) (709,79) (710,83) (711,90) (712,91) 
(999,-66) (998,-63) (975,-34) (700,106) (634,127) (387,188) (336,177) (272,161) (46,89) (41,81) (1,4) (0,1) (702,103) (971,-37) (703,102) (704,101) (970,-40) (717,93) (715,94) (705,96) (713,91) (714,88) 
(999,-66) (998,-63) (975,-34) (700,106) (634,127) (387,188) (336,177) (272,161) (46,89) (41,81) (1,4) (0,1) (702,103) (971,-37) (703,102) (704,101) (970,-40) (717,93) (715,94) (969,-41) (966,-40) (719,89) (718,84) 
(999,-66) (998,-63) (975,-34) (700,106) (634,127) (387,188) (336,177) (272,161) (46,89) (41,81) (1,4) (0,1) (702,103) (971,-37) (703,102) (704,101) (970,-40) (717,93) (715,94) (969,-41) (966,-40) (719,89) (720,75) (721,74) (722,70) (723,72) (724,74) (725,70) (726,60) (727,58) (728,56) (729,55) (730,52) (731,54) (732,58) (733,54) (734,51) (735,42) (736,39) (737,29) (738,29) (739,37) (740,36) (741,39) (742,34) (743,40) (744,38) (745,34) (746,30) (747,23) (748,24) (749,18) (750,10) (751,5) (752,-3) (753,-6) (754,-6) (755,-10) (756,-14) (757,-17) (758,-20) (759,-24) (760,-26) (761,-33) (762,-23) (763,-27) (764,-18) (765,-11) (766,-10) (767,-1) (768,10) (769,10) (770,9) (771,11) (772,10) (773,10) (774,8) (775,7) (776,-4) (777,-6) (778,-6) (779,-2) (780,-1) (781,6) (782,8) (783,6) (784,-4) (785,-4) (786,5) (787,6) (788,5) (789,11) (790,12) (791,8) (792,4) (793,0) (794,3) (795,1) (796,5) (797,1) (798,14) (799,17) (800,16) (801,9) (802,7) (803,9) (804,3) (805,2) (806,-2) (807,-2) (808,-13) (809,-19) (810,-14) (811,-14) (812,-7) (813,-1) (814,2) (815,4) (816,10) (817,-3) (818,-3) (819,-5) (820,-7) (821,1) (822,14) (823,14) (824,14) (825,10) (826,6) (827,4) (828,6) (829,8) (830,12) (831,16) (832,18) (833,14) (834,17) (835,14) (836,14) (837,10) (838,6) (839,-2) (840,-4) (841,-15) (842,-9) (843,-10) (844,-11) (845,-14) (846,-13) (847,-12) (848,-24) (849,-26) (850,-27) (851,-30) (852,-39) (853,-44) (854,-41) (855,-39) (856,-46) (857,-56) (858,-53) (859,-49) (860,-53) (861,-55) (862,-59) (863,-60) (864,-67) (865,-55) (866,-55) (867,-50) (868,-58) (869,-54) (870,-57) (871,-64) (872,-61) (873,-69) (874,-70) (875,-73) (876,-72) (877,-73) (878,-72) (879,-74) (880,-69) (881,-70) (882,-59) (883,-49) (884,-45) (885,-45) (886,-37) (887,-27) (888,-35) (889,-41) (890,-44) (891,-46) (892,-42) (893,-39) (894,-35) (895,-45) (896,-47) (897,-42) (898,-43) (899,-43) (900,-40) (901,-40) (902,-51) (903,-44) (904,-55) (905,-56) (906,-60) (907,-55) (908,-59) (909,-66) (910,-68) (911,-68) (912,-72) (913,-75) (914,-62) (915,-55) (916,-57) (917,-55) (918,-47) (919,-54) (920,-51) (921,-45) (922,-43) (923,-41) (924,-31) (925,-35) (926,-30) (927,-29) (928,-36) (929,-32) (930,-25) (931,-31) (932,-30) (933,-27) (934,-37) (935,-34) (936,-39) (937,-41) (938,-45) (939,-54) (940,-46) (941,-45) (942,-54) (943,-50) (944,-50) (945,-45) (946,-45) (947,-53) (948,-59) (949,-52) (950,-60) (951,-60) (952,-50) (953,-54) (954,-57) (955,-55) (956,-53) (957,-63) (958,-66) (959,-67) (960,-60) (961,-59) (962,-54) (963,-54) (964,-52) (965,-48) 
(999,-66) (998,-63) (975,-34) (700,106) (634,127) (387,188) (336,177) (272,161) (46,89) (41,81) (1,4) (0,1) (702,103) (971,-37) (703,102) (704,101) (970,-40) (717,93) (715,94) (969,-41) (966,-40) (719,89) (967,-46) (968,-45) 
(999,-66) (998,-63) (975,-34) (700,106) (634,127) (387,188) (336,177) (272,161) (46,89) (41,81) (1,4) (0,1) (997,-69) (976,-38) (996,-76) (995,-71) (994,-69) (977,-42) (993,-72) (992,-68) (978,-45) (991,-67) (990,-65) (989,-72) (987,-67) (981,-56) (979,-55) 
(999,-66) (998,-63) (975,-34) (700,106) (634,127) (387,188) (336,177) (272,161) (46,89) (41,81) (1,4) (0,1) (997,-69) (976,-38) (996,-76) (995,-71) (994,-69) (977,-42) (993,-72) (992,-68) (978,-45) (991,-67) (990,-65) (989,-72) (987,-67) (981,-56) (979,-55) (980,-57) 
(999,-66) (998,-63) (975,-34) (700,106) (634,127) (387,188) (336,177) (272,161) (46,89) (41,81) (1,4) (0,1) (997,-69) (976,-38) (996,-76) (995,-71) (994,-69) (977,-42) (993,-72) (992,-68) (978,-45) (991,-67) (990,-65) (989,-72) (987,-67) (981,-56) (988,-70) 
TD 8 :
(999,-66) (998,-63) (975,-34) (700,106) (634,127) (387,188) (336,177) (272,161) (46,89) (41,81) (1,4) (0,1) (270,160) (63,89) (48,83) (49,82) (58,86) (61,83) (59,82) (60,81) 
(999,-66) (998,-63) (975,-34) (700,106) (634,127) (387,188) (336,177) (272,161) (46,89) (41,81) (1,4) (0,1) (270,160) (63,89) (48,83) (49,82) (58,86) (61,83) (59,82) (60,81) 
(999,-66) (998,-63) (975,-34) (700,106) (634,127) (387,188) (336,177) (272,161) (46,89) (41,81) (1,4) (0,1) (335,176) (331,175) (319,172) (273,156) (296,163) (277,156) (294,161) (292,160) (278,152) (279,152) (280,149) (281,146) (282,144) (283,138) (284,138) (285,143) (286,141) (287,145) (288,144) (289,143) (290,157) (291,153) 
(999,-66) (998,-63) (975,-34) (700,106) (634,127) (387,188) (336,177) (272,161) (46,89) (41,81) (1,4) (0,1) (335,176) (331,175) (319,172) (273,156) (296,163) (277,156) (294,161) (292,160) (293,159) 
(999,-66) (998,-63) (975,-34) (700,106) (634,127) (387,188) (336,177) (272,161) (46,89) (41,81) (1,4) (0,1) (702,103) (971,-37) (703,102) (704,101) (970,-40) (717,93) (715,94) (705,96) (713,91) (712,91) (706,88) (707,74) (708,76) (709,79) (710,83) (711,90) 
(999,-66) (998,-63) (975,-34) (700,106) (634,127) (387,188) (336,177) (272,161) (46,89) (41,81) (1,4) (0,1) (702,103) (971,-37) (703,102) (704,101) (970,-40) (717,93) (715,94) (705,96) (713,91) (712,91) 
(999,-66) (998,-63) (975,-34) (700,106) (634,127) (387,188) (336,177) (272,161) (46,89) (41,81) (1,4) (0,1) (702,103) (971,-37) (703,102) (704,101) (970,-40) (717,93) (715,94) (969,-41) (966,-40) (719,89) (968,-45) (967,-46) 
(999,-66) (998,-63) (975,-34) (700,106) (634,127) (387,188) (336,177) (272,161) (46,89) (41,81) (1,4) (0,1) (702,103) (971,-37) (703,102) (704,101) (970,-40) (717,93) (715,94) (969,-41) (966,-40) (719,89) (968,-45) 
(999,-66) (998,-63) (975,-34) (700,106) (634,127) (387,188) (336,177) (272,161) (46,89) (41,81) (1,4) (0,1) (997,-69) (976,-38) (996,-76) (995,-71) (994,-69) (977,-42) (993,-72) (992,-68) (978,-45) (991,-67) (990,-65) (989,-72) (987,-67) (981,-56) (979,-55) (980,-57) 
(999,-66) (998,-63) (975,-34) (700,106) (634,127) (387,188) (336,177) (272,161) (46,89) (41,81) (1,4) (0,1) (997,-69) (976,-38) (996,-76) (995,-71) (994,-69) (977,-42) (993,-72) (992,-68) (978,-45) (991,-67) (990,-65) (989,-72) (987,-67) (981,-56) (979,-55) (980,-57) 
TD 9 :
(999,-66) (998,-63) (975,-34) (700,106) (634,127) (387,188) (336,177) (272,161) (46,89) (41,81) (1,4) (0,1) (335,176) (331,175) (319,172) (273,156) (296,163) (277,156) (294,161) (292,160) (293,159) 
(999,-66) (998,-63) (975,-34) (700,106) (634,127) (387,188) (336,177) (272,161) (46,89) (41,81) (1,4) (0,1) (335,176) (331,175) (319,172) (273,156) (296,163) (277,156) (294,161) (292,160) (293,159) 
(999,-66) (998,-63) (975,-34) (700,106) (634,127) (387,188) (336,177) (272,161) (46,89) (41,81) (1,4) (0,1) (702,103) (971,-37) (703,102) (704,101) (970,-40) (717,93) (715,94) (705,96) (713,91) (712,91) (711,90) (706,88) (707,74) (708,76) (709,79) (710,83) 
(999,-66) (998,-63) (975,-34) (700,106) (634,127) (387,188) (336,177) (272,161) (46,89) (41,81) (1,4) (0,1) (702,103) (971,-37) (703,102) (704,101) (970,-40) (717,93) (715,94) (705,96) (713,91) (712,91) (711,90) 
(999,-66) (998,-63) (975,-34) (700,106) (634,127) (387,188) (336,177) (272,161) (46,89) (41,81) (1,4) (0,1) (702,103) (971,-37) (703,102) (704,101) (970,-40) (717,93) (715,94) (969,-41) (966,-40) (719,89) (968,-45) (967,-46) 
(999,-66) (998,-63) (975,-34) (700,106) (634,127) (387,188) (336,177) (272,161) (46,89) (41,81) (1,4) (0,1) (702,103) (971,-37) (703,102) (704,101) (970,-40) (717,93) (715,94) (969,-41) (966,-40) (719,89) (968,-45) (967,-46) 
TD 10 :
TD 11 :
TD 12 :
TD 13 :
TD 14 :
TD 15 :
TD 16 :
TD 17 :
TD 18 :
TD 19 :
TD 20 :
TD 21 :
TD 22 :
TD 23 :
TD 24 :
TD 25 :
TD 26 :
TD 27 :
TD 28 :
TD 29 :
TD 30 :
TD 31 :
TD 32 :
TD 33 :
TD 34 :
TD 35 :
TD 36 :
TD 37 :
TD 38 :
TD 39 :
TD 40 :
TD 41 :
TD 42 :
TD 43 :
TD 44 :
TD 45 :
TD 46 :
TD 47 :
TD 48 :
TD 49 :
TD 50 :
TD 51 :
TD 52 :
TD 53 :
TD 54 :
TD 55 :
TD 56 :
TD 57 :
TD 58 :
TD 59 :
TD 60 :
TD 61 :
TD 62 :
TD 63 :
TD 64 :
TD 65 :
TD 66 :
TD 67 :
TD 68 :
TD 69 :
TD 70 :
TD 71 :
TD 72 :
TD 73 :
TD 74 :
TD 75 :
TD 76 :
Pocket 0 :
()
Pocket 1 :
({  (0,1) ,(1,4) } {  (0,1) ,(1,4) } {  (0,1) ,(1,4) } {  (0,1) ,(1,4) } {  (0,1) ,(1,4) } {  (0,1) ,(1,4) } {  (0,1) ,(1,4) } {  (0,1) ,(1,4) } {  (0,1) ,(1,4) } {  (0,1) ,(1,4) } {  (0,1) ,(1,4) } {  (0,1) ,(1,4) } {  (0,1) ,(1,4) } {  (0,1) ,(1,4) } {  (0,1) ,(1,4) } {  (0,1) ,(1,4) } {  (0,1) ,(1,4) } {  (0,1) ,(1,4) } {  (0,1) ,(1,4) } {  (0,1) ,(1,4) } {  (0,1) ,(1,4) } {  (0,1) ,(1,4) } )
Pocket 2 :
({  (2,-6) ,(0,1) } {  (6,9) ,(5,8) } {  (2,-6) ,(0,1) } {  (6,9) ,(5,8) } {  (43,77) ,(42,80) } {  (43,77) ,(42,80) } {  (43,77) ,(42,80) } {  (271,159) ,(270,160) } {  (271,159) ,(270,160) } {  (999,-66) ,(335,176) } {  (999,-66) ,(335,176) } {  (389,177) ,(388,187) } {  (389,177) ,(388,187) } {  (389,177) ,(388,187) } {  (703,102) ,(702,103) } {  (703,102) ,(702,103) } {  (977,-42) ,(976,-38) } {  (977,-42) ,(976,-38) } )
Pocket 3 :
({  (3,-4) ,(2,-6) } {  (999,-66) ,(4,1) } {  (3,-4) ,(2,-6) } {  (999,-66) ,(4,1) } {  (7,8) ,(6,9) } {  (7,8) ,(6,9) } {  (7,8) ,(6,9) } {  (999,-66) ,(44,79) } {  (999,-66) ,(44,79) } {  (49,82) ,(48,83) } {  (49,82) ,(48,83) } {  (49,82) ,(48,83) } {  (999,-66) ,(271,159) } {  (999,-66) ,(271,159) } {  (320,170) ,(319,172) } {  (320,170) ,(319,172) } {  (320,170) ,(319,172) } {  (999,-66) ,(701,103) } {  (999,-66) ,(701,103) } {  (704,101) ,(703,102) } {  (704,101) ,(703,102) } {  (704,101) ,(703,102) } {  (978,-45) ,(977,-42) } {  (978,-45) ,(977,-42) } {  (978,-45) ,(977,-42) } {  (978,-45) ,(977,-42) } )
Pocket 4 :
({  (7,8) ,(6,9) } {  (999,-66) ,(43,77) } {  (999,-66) ,(43,77) } {  (999,-66) ,(47,81) } {  (999,-66) ,(47,81) } {  (50,78) ,(49,82) } {  (50,78) ,(49,82) } {  (65,89) ,(64,89) } {  (65,89) ,(64,89) } {  (274,151) ,(273,156) } {  (274,151) ,(273,156) } {  (999,-66) ,(330,174) } {  (999,-66) ,(330,174) } {  (705,96) ,(704,101) } {  (705,96) ,(704,101) } {  (973,-44) ,(972,-41) } {  (973,-44) ,(972,-41) } {  (979,-55) ,(978,-45) } {  (979,-55) ,(978,-45) } {  (979,-55) ,(978,-45) } )
Pocket 5 :
({  (8,5) ,(7,8) } {  (12,7) ,(11,12) } {  (8,5) ,(7,8) } {  (12,7) ,(11,12) } {  (8,5) ,(7,8) } {  (12,7) ,(11,12) } {  (59,82) ,(58,86) } {  (59,82) ,(58,86) } {  (66,85) ,(65,89) } {  (66,85) ,(65,89) } {  (297,157) ,(296,163) } {  (297,157) ,(296,163) } {  (716,92) ,(715,94) } {  (716,92) ,(715,94) } {  (716,92) ,(715,94) } {  (716,92) ,(715,94) } {  (999,-66) ,(974,-44) } {  (999,-66) ,(974,-44) } {  (991,-67) ,(990,-65) } {  (991,-67) ,(990,-65) } )
Pocket 6 :
({  (9,4) ,(8,5) } {  (22,30) ,(21,31) } {  (22,30) ,(21,31) } {  (51,72) ,(50,78) } {  (51,72) ,(50,78) } {  (62,78) ,(61,83) } {  (62,78) ,(61,83) } {  (67,81) ,(66,85) } {  (67,81) ,(66,85) } {  (278,152) ,(277,156) } {  (278,152) ,(277,156) } {  (706,88) ,(705,96) } {  (706,88) ,(705,96) } {  (999,-66) ,(716,92) } {  (999,-66) ,(716,92) } {  (999,-66) ,(969,-41) } {  (999,-66) ,(969,-41) } {  (999,-66) ,(973,-44) } {  (999,-66) ,(973,-44) } {  (982,-61) ,(981,-56) } {  (982,-61) ,(981,-56) } {  (982,-61) ,(981,-56) } )
Pocket 7 :
({  (10,0) ,(9,4) } {  (60,81) ,(59,82) } {  (60,81) ,(59,82) } {  (295,158) ,(294,161) } {  (295,158) ,(294,161) } {  (714,88) ,(713,91) } {  (714,88) ,(713,91) } {  (720,75) ,(719,89) } {  (720,75) ,(719,89) } {  (720,75) ,(719,89) } {  (980,-57) ,(979,-55) } {  (980,-57) ,(979,-55) } {  (999,-66) ,(988,-70) } )
Pocket 8 :
({  (999,-66) ,(60,81) } {  (999,-66) ,(60,81) } {  (293,159) ,(292,160) } {  (293,159) ,(292,160) } {  (999,-66) ,(712,91) } {  (999,-66) ,(712,91) } {  (999,-66) ,(968,-45) } {  (999,-66) ,(968,-45) } {  (999,-66) ,(980,-57) } {  (999,-66) ,(980,-57) } )
Pocket 9 :
({  (999,-66) ,(293,159) } {  (999,-66) ,(293,159) } {  (999,-66) ,(711,90) } {  (999,-66) ,(711,90) } {  (999,-66) ,(967,-46) } {  (999,-66) ,(967,-46) } )
Pocket 10 :
()
Pocket 11 :
()
Pocket 12 :
()
Pocket 13 :
()
Pocket 14 :
()
Pocket 15 :
()
Pocket 16 :
()
Pocket 17 :
()
Pocket 18 :
()
Pocket 19 :
()
Pocket 20 :
()
Pocket 21 :
()
Pocket 22 :
()
Pocket 23 :
()
Pocket 24 :
()
Pocket 25 :
()
Pocket 26 :
()
Pocket 27 :
()
Pocket 28 :
()
Pocket 29 :
()
Pocket 30 :
()
Pocket 31 :
()
Pocket 32 :
()
Pocket 33 :
()
Pocket 34 :
()
Pocket 35 :
()
Pocket 36 :
()
Pocket 37 :
()
Pocket 38 :
()
Pocket 39 :
()
Pocket 40 :
()
Pocket 41 :
()
Pocket 42 :
()
Pocket 43 :
()
Pocket 44 :
()
Pocket 45 :
()
Pocket 46 :
()
Pocket 47 :
()
Pocket 48 :
()
Pocket 49 :
()
Pocket 50 :
()
Pocket 51 :
()
Pocket 52 :
()
Pocket 53 :
()
Pocket 54 :
()
Pocket 55 :
()
Pocket 56 :
()
Pocket 57 :
()
Pocket 58 :
()
Pocket 59 :
()
Pocket 60 :
()
Pocket 61 :
()
Pocket 62 :
()
Pocket 63 :
()
Pocket 64 :
()
Pocket 65 :
()
Pocket 66 :
()
Pocket 67 :
()
Pocket 68 :
()
Pocket 69 :
()
Pocket 70 :
()
Pocket 71 :
()
Pocket 72 :
()
Pocket 73 :
()
Pocket 74 :
()
Pocket 75 :
()
