2 layers in onion peeling: 
Layer 1
(9,0) (7,0) (5,0) (1,0) (0,0) 
Layer 2
(8,-1) (6,-1) (4,-1) (3,-1) (2,-1) 
---------------------------------------------------------------------------------------
TD 0 :
(9,0) (8,-1) (7,0) (6,-1) (5,0) (4,-1) (3,-1) (2,-1) (1,0) (0,0) 
TD 1 :
(9,0) (7,0) (5,0) (1,0) (0,0) 
(9,0) (7,0) (5,0) (1,0) (0,0) (2,-1) (3,-1) (4,-1) 
(9,0) (7,0) (5,0) (1,0) (0,0) (6,-1) 
(9,0) (7,0) (5,0) (1,0) (0,0) (8,-1) 
TD 2 :
(9,0) (7,0) (5,0) (1,0) (0,0) (4,-1) (3,-1) (2,-1) 
(9,0) (7,0) (5,0) (1,0) (0,0) (4,-1) (3,-1) (2,-1) 
(9,0) (7,0) (5,0) (1,0) (0,0) (4,-1) (3,-1) (2,-1) 
(9,0) (7,0) (5,0) (1,0) (0,0) (6,-1) 
(9,0) (7,0) (5,0) (1,0) (0,0) (6,-1) 
(9,0) (7,0) (5,0) (1,0) (0,0) (8,-1) 
Pocket 0 :
()
Pocket 1 :
({  (0,0) ,(1,0) } {  (0,0) ,(1,0) } {  (0,0) ,(1,0) } {  (0,0) ,(1,0) } {  (0,0) ,(1,0) } {  (0,0) ,(1,0) } {  (0,0) ,(1,0) } {  (0,0) ,(1,0) } )
