14 layers in onion peeling: 
Layer 1
(99,0) (95,4) (93,6) (92,7) (91,8) (88,10) (87,10) (86,10) (52,9) (10,7) (1,4) (0,2) 
Layer 2
(98,0) (94,4) (90,8) (85,9) (84,9) (13,7) (9,6) (2,3) 
Layer 3
(97,0) (96,1) (89,7) (70,8) (69,8) (56,8) (55,8) (54,8) (53,8) (11,6) (8,5) (3,2) 
Layer 4
(83,7) (73,7) (72,7) (71,7) (60,7) (58,7) (57,7) (51,7) (14,6) (7,4) (6,3) (5,2) (4,0) 
Layer 5
(82,5) (68,6) (65,6) (64,6) (59,6) (44,6) (43,6) (12,5) 
Layer 6
(81,5) (67,5) (66,5) (15,5) 
Layer 7
(80,3) (77,4) (76,4) (74,4) (63,4) (62,4) (61,4) (50,4) (45,4) (16,1) 
Layer 8
(79,3) (75,3) (46,3) (42,3) (17,-1) 
Layer 9
(78,1) (49,2) (47,2) (18,-1) 
Layer 10
(48,1) (41,1) (19,-2) 
Layer 11
(40,-2) (38,0) (37,0) (36,0) (21,-3) (20,-4) 
Layer 12
(39,-3) (35,-3) (23,-3) (22,-4) 
Layer 13
(34,-7) (33,-5) (32,-5) (30,-5) (29,-5) (27,-5) (25,-5) (24,-6) 
Layer 14
(31,-7) (28,-6) (26,-6) 
---------------------------------------------------------------------------------------
TD 0 :
(99,0) (98,0) (97,0) (96,1) (95,4) (94,4) (93,6) (92,7) (91,8) (90,8) (89,7) (88,10) (87,10) (86,10) (85,9) (84,9) (83,7) (82,5) (81,5) (80,3) (79,3) (78,1) (77,4) (76,4) (75,3) (74,4) (73,7) (72,7) (71,7) (70,8) (69,8) (68,6) (67,5) (66,5) (65,6) (64,6) (63,4) (62,4) (61,4) (60,7) (59,6) (58,7) (57,7) (56,8) (55,8) (54,8) (53,8) (52,9) (51,7) (50,4) (49,2) (48,1) (47,2) (46,3) (45,4) (44,6) (43,6) (42,3) (41,1) (40,-2) (39,-3) (38,0) (37,0) (36,0) (35,-3) (34,-7) (33,-5) (32,-5) (31,-7) (30,-5) (29,-5) (28,-6) (27,-5) (26,-6) (25,-5) (24,-6) (23,-3) (22,-4) (21,-3) (20,-4) (19,-2) (18,-1) (17,-1) (16,1) (15,5) (14,6) (13,7) (12,5) (11,6) (10,7) (9,6) (8,5) (7,4) (6,3) (5,2) (4,0) (3,2) (2,3) (1,4) (0,2) 
TD 1 :
(99,0) (95,4) (93,6) (92,7) (91,8) (88,10) (87,10) (86,10) (52,9) (10,7) (1,4) (0,2) 
(99,0) (95,4) (93,6) (92,7) (91,8) (88,10) (87,10) (86,10) (52,9) (10,7) (1,4) (0,2) (2,3) (3,2) (4,0) (5,2) (6,3) (7,4) (8,5) (9,6) 
(99,0) (95,4) (93,6) (92,7) (91,8) (88,10) (87,10) (86,10) (52,9) (10,7) (1,4) (0,2) (11,6) (12,5) (13,7) (14,6) (15,5) (16,1) (17,-1) (18,-1) (19,-2) (20,-4) (21,-3) (22,-4) (23,-3) (24,-6) (25,-5) (26,-6) (27,-5) (28,-6) (29,-5) (30,-5) (31,-7) (32,-5) (33,-5) (34,-7) (35,-3) (36,0) (37,0) (38,0) (39,-3) (40,-2) (41,1) (42,3) (43,6) (44,6) (45,4) (46,3) (47,2) (48,1) (49,2) (50,4) (51,7) 
(99,0) (95,4) (93,6) (92,7) (91,8) (88,10) (87,10) (86,10) (52,9) (10,7) (1,4) (0,2) (53,8) (54,8) (55,8) (56,8) (57,7) (58,7) (59,6) (60,7) (61,4) (62,4) (63,4) (64,6) (65,6) (66,5) (67,5) (68,6) (69,8) (70,8) (71,7) (72,7) (73,7) (74,4) (75,3) (76,4) (77,4) (78,1) (79,3) (80,3) (81,5) (82,5) (83,7) (84,9) (85,9) 
(99,0) (95,4) (93,6) (92,7) (91,8) (88,10) (87,10) (86,10) (52,9) (10,7) (1,4) (0,2) 
(99,0) (95,4) (93,6) (92,7) (91,8) (88,10) (87,10) (86,10) (52,9) (10,7) (1,4) (0,2) 
(99,0) (95,4) (93,6) (92,7) (91,8) (88,10) (87,10) (86,10) (52,9) (10,7) (1,4) (0,2) (89,7) (90,8) 
(99,0) (95,4) (93,6) (92,7) (91,8) (88,10) (87,10) (86,10) (52,9) (10,7) (1,4) (0,2) 
(99,0) (95,4) (93,6) (92,7) (91,8) (88,10) (87,10) (86,10) (52,9) (10,7) (1,4) (0,2) 
(99,0) (95,4) (93,6) (92,7) (91,8) (88,10) (87,10) (86,10) (52,9) (10,7) (1,4) (0,2) (94,4) 
(99,0) (95,4) (93,6) (92,7) (91,8) (88,10) (87,10) (86,10) (52,9) (10,7) (1,4) (0,2) (96,1) (97,0) (98,0) 
TD 2 :
(99,0) (95,4) (93,6) (92,7) (91,8) (88,10) (87,10) (86,10) (52,9) (10,7) (1,4) (0,2) (9,6) (2,3) (3,2) (4,0) (5,2) (6,3) (7,4) (8,5) 
(99,0) (95,4) (93,6) (92,7) (91,8) (88,10) (87,10) (86,10) (52,9) (10,7) (1,4) (0,2) (9,6) (2,3) 
(99,0) (95,4) (93,6) (92,7) (91,8) (88,10) (87,10) (86,10) (52,9) (10,7) (1,4) (0,2) (13,7) (11,6) (12,5) 
(99,0) (95,4) (93,6) (92,7) (91,8) (88,10) (87,10) (86,10) (52,9) (10,7) (1,4) (0,2) (13,7) (14,6) (15,5) (16,1) (17,-1) (18,-1) (19,-2) (20,-4) (21,-3) (22,-4) (23,-3) (24,-6) (25,-5) (26,-6) (27,-5) (28,-6) (29,-5) (30,-5) (31,-7) (32,-5) (33,-5) (34,-7) (35,-3) (36,0) (37,0) (38,0) (39,-3) (40,-2) (41,1) (42,3) (43,6) (44,6) (45,4) (46,3) (47,2) (48,1) (49,2) (50,4) (51,7) 
(99,0) (95,4) (93,6) (92,7) (91,8) (88,10) (87,10) (86,10) (52,9) (10,7) (1,4) (0,2) (85,9) (84,9) (53,8) (54,8) (55,8) (56,8) (57,7) (58,7) (59,6) (60,7) (61,4) (62,4) (63,4) (64,6) (65,6) (66,5) (67,5) (68,6) (69,8) (70,8) (71,7) (72,7) (73,7) (74,4) (75,3) (76,4) (77,4) (78,1) (79,3) (80,3) (81,5) (82,5) (83,7) 
(99,0) (95,4) (93,6) (92,7) (91,8) (88,10) (87,10) (86,10) (52,9) (10,7) (1,4) (0,2) (85,9) (84,9) 
(99,0) (95,4) (93,6) (92,7) (91,8) (88,10) (87,10) (86,10) (52,9) (10,7) (1,4) (0,2) (85,9) (84,9) 
(99,0) (95,4) (93,6) (92,7) (91,8) (88,10) (87,10) (86,10) (52,9) (10,7) (1,4) (0,2) (90,8) (89,7) 
(99,0) (95,4) (93,6) (92,7) (91,8) (88,10) (87,10) (86,10) (52,9) (10,7) (1,4) (0,2) (90,8) 
(99,0) (95,4) (93,6) (92,7) (91,8) (88,10) (87,10) (86,10) (52,9) (10,7) (1,4) (0,2) (94,4) 
(99,0) (95,4) (93,6) (92,7) (91,8) (88,10) (87,10) (86,10) (52,9) (10,7) (1,4) (0,2) (94,4) 
(99,0) (95,4) (93,6) (92,7) (91,8) (88,10) (87,10) (86,10) (52,9) (10,7) (1,4) (0,2) (98,0) (96,1) (97,0) 
TD 3 :
(99,0) (95,4) (93,6) (92,7) (91,8) (88,10) (87,10) (86,10) (52,9) (10,7) (1,4) (0,2) (9,6) (2,3) (8,5) (3,2) (4,0) (5,2) (6,3) (7,4) 
(99,0) (95,4) (93,6) (92,7) (91,8) (88,10) (87,10) (86,10) (52,9) (10,7) (1,4) (0,2) (9,6) (2,3) (8,5) (3,2) 
(99,0) (95,4) (93,6) (92,7) (91,8) (88,10) (87,10) (86,10) (52,9) (10,7) (1,4) (0,2) (13,7) (11,6) 
(99,0) (95,4) (93,6) (92,7) (91,8) (88,10) (87,10) (86,10) (52,9) (10,7) (1,4) (0,2) (13,7) (11,6) (12,5) 
(99,0) (95,4) (93,6) (92,7) (91,8) (88,10) (87,10) (86,10) (52,9) (10,7) (1,4) (0,2) (85,9) (84,9) (70,8) (69,8) (56,8) (55,8) (54,8) (53,8) 
(99,0) (95,4) (93,6) (92,7) (91,8) (88,10) (87,10) (86,10) (52,9) (10,7) (1,4) (0,2) (85,9) (84,9) (70,8) (69,8) (56,8) (55,8) (54,8) (53,8) 
(99,0) (95,4) (93,6) (92,7) (91,8) (88,10) (87,10) (86,10) (52,9) (10,7) (1,4) (0,2) (85,9) (84,9) (70,8) (69,8) (56,8) (55,8) (54,8) (53,8) 
(99,0) (95,4) (93,6) (92,7) (91,8) (88,10) (87,10) (86,10) (52,9) (10,7) (1,4) (0,2) (85,9) (84,9) (70,8) (69,8) (56,8) (55,8) (54,8) (53,8) 
(99,0) (95,4) (93,6) (92,7) (91,8) (88,10) (87,10) (86,10) (52,9) (10,7) (1,4) (0,2) (85,9) (84,9) (70,8) (69,8) (56,8) (55,8) (54,8) (53,8) (57,7) (58,7) (59,6) (60,7) (61,4) (62,4) (63,4) (64,6) (65,6) (66,5) (67,5) (68,6) 
(99,0) (95,4) (93,6) (92,7) (91,8) (88,10) (87,10) (86,10) (52,9) (10,7) (1,4) (0,2) (85,9) (84,9) (70,8) (69,8) (56,8) (55,8) (54,8) (53,8) 
(99,0) (95,4) (93,6) (92,7) (91,8) (88,10) (87,10) (86,10) (52,9) (10,7) (1,4) (0,2) (85,9) (84,9) (70,8) (69,8) (56,8) (55,8) (54,8) (53,8) (71,7) (72,7) (73,7) (74,4) (75,3) (76,4) (77,4) (78,1) (79,3) (80,3) (81,5) (82,5) (83,7) 
(99,0) (95,4) (93,6) (92,7) (91,8) (88,10) (87,10) (86,10) (52,9) (10,7) (1,4) (0,2) (90,8) (89,7) 
(99,0) (95,4) (93,6) (92,7) (91,8) (88,10) (87,10) (86,10) (52,9) (10,7) (1,4) (0,2) (90,8) (89,7) 
(99,0) (95,4) (93,6) (92,7) (91,8) (88,10) (87,10) (86,10) (52,9) (10,7) (1,4) (0,2) (98,0) (97,0) (96,1) 
(99,0) (95,4) (93,6) (92,7) (91,8) (88,10) (87,10) (86,10) (52,9) (10,7) (1,4) (0,2) (98,0) (97,0) (96,1) 
TD 4 :
(99,0) (95,4) (93,6) (92,7) (91,8) (88,10) (87,10) (86,10) (52,9) (10,7) (1,4) (0,2) (9,6) (2,3) (8,5) (3,2) (7,4) (6,3) (5,2) (4,0) 
(99,0) (95,4) (93,6) (92,7) (91,8) (88,10) (87,10) (86,10) (52,9) (10,7) (1,4) (0,2) (9,6) (2,3) (8,5) (3,2) (7,4) (6,3) (5,2) (4,0) 
(99,0) (95,4) (93,6) (92,7) (91,8) (88,10) (87,10) (86,10) (52,9) (10,7) (1,4) (0,2) (9,6) (2,3) (8,5) (3,2) (7,4) (6,3) (5,2) (4,0) 
(99,0) (95,4) (93,6) (92,7) (91,8) (88,10) (87,10) (86,10) (52,9) (10,7) (1,4) (0,2) (9,6) (2,3) (8,5) (3,2) (7,4) (6,3) (5,2) (4,0) 
(99,0) (95,4) (93,6) (92,7) (91,8) (88,10) (87,10) (86,10) (52,9) (10,7) (1,4) (0,2) (85,9) (84,9) (70,8) (69,8) (56,8) (55,8) (54,8) (53,8) (60,7) (58,7) (57,7) 
(99,0) (95,4) (93,6) (92,7) (91,8) (88,10) (87,10) (86,10) (52,9) (10,7) (1,4) (0,2) (85,9) (84,9) (70,8) (69,8) (56,8) (55,8) (54,8) (53,8) (60,7) (58,7) (57,7) 
(99,0) (95,4) (93,6) (92,7) (91,8) (88,10) (87,10) (86,10) (52,9) (10,7) (1,4) (0,2) (85,9) (84,9) (70,8) (69,8) (56,8) (55,8) (54,8) (53,8) (60,7) (58,7) (57,7) (59,6) 
(99,0) (95,4) (93,6) (92,7) (91,8) (88,10) (87,10) (86,10) (52,9) (10,7) (1,4) (0,2) (85,9) (84,9) (70,8) (69,8) (56,8) (55,8) (54,8) (53,8) (60,7) (58,7) (57,7) (61,4) (62,4) (63,4) (64,6) (65,6) (66,5) (67,5) (68,6) 
(99,0) (95,4) (93,6) (92,7) (91,8) (88,10) (87,10) (86,10) (52,9) (10,7) (1,4) (0,2) (85,9) (84,9) (70,8) (69,8) (56,8) (55,8) (54,8) (53,8) (83,7) (73,7) (72,7) (71,7) 
(99,0) (95,4) (93,6) (92,7) (91,8) (88,10) (87,10) (86,10) (52,9) (10,7) (1,4) (0,2) (85,9) (84,9) (70,8) (69,8) (56,8) (55,8) (54,8) (53,8) (83,7) (73,7) (72,7) (71,7) 
(99,0) (95,4) (93,6) (92,7) (91,8) (88,10) (87,10) (86,10) (52,9) (10,7) (1,4) (0,2) (85,9) (84,9) (70,8) (69,8) (56,8) (55,8) (54,8) (53,8) (83,7) (73,7) (72,7) (71,7) 
(99,0) (95,4) (93,6) (92,7) (91,8) (88,10) (87,10) (86,10) (52,9) (10,7) (1,4) (0,2) (85,9) (84,9) (70,8) (69,8) (56,8) (55,8) (54,8) (53,8) (83,7) (73,7) (72,7) (71,7) (74,4) (75,3) (76,4) (77,4) (78,1) (79,3) (80,3) (81,5) (82,5) 
TD 5 :
(99,0) (95,4) (93,6) (92,7) (91,8) (88,10) (87,10) (86,10) (52,9) (10,7) (1,4) (0,2) (85,9) (84,9) (70,8) (69,8) (56,8) (55,8) (54,8) (53,8) (60,7) (58,7) (57,7) (59,6) 
(99,0) (95,4) (93,6) (92,7) (91,8) (88,10) (87,10) (86,10) (52,9) (10,7) (1,4) (0,2) (85,9) (84,9) (70,8) (69,8) (56,8) (55,8) (54,8) (53,8) (60,7) (58,7) (57,7) (59,6) 
(99,0) (95,4) (93,6) (92,7) (91,8) (88,10) (87,10) (86,10) (52,9) (10,7) (1,4) (0,2) (85,9) (84,9) (70,8) (69,8) (56,8) (55,8) (54,8) (53,8) (60,7) (58,7) (57,7) (68,6) (65,6) (64,6) (61,4) (62,4) (63,4) 
(99,0) (95,4) (93,6) (92,7) (91,8) (88,10) (87,10) (86,10) (52,9) (10,7) (1,4) (0,2) (85,9) (84,9) (70,8) (69,8) (56,8) (55,8) (54,8) (53,8) (60,7) (58,7) (57,7) (68,6) (65,6) (64,6) 
(99,0) (95,4) (93,6) (92,7) (91,8) (88,10) (87,10) (86,10) (52,9) (10,7) (1,4) (0,2) (85,9) (84,9) (70,8) (69,8) (56,8) (55,8) (54,8) (53,8) (60,7) (58,7) (57,7) (68,6) (65,6) (64,6) (66,5) (67,5) 
(99,0) (95,4) (93,6) (92,7) (91,8) (88,10) (87,10) (86,10) (52,9) (10,7) (1,4) (0,2) (85,9) (84,9) (70,8) (69,8) (56,8) (55,8) (54,8) (53,8) (60,7) (58,7) (57,7) (68,6) (65,6) (64,6) 
(99,0) (95,4) (93,6) (92,7) (91,8) (88,10) (87,10) (86,10) (52,9) (10,7) (1,4) (0,2) (85,9) (84,9) (70,8) (69,8) (56,8) (55,8) (54,8) (53,8) (83,7) (73,7) (72,7) (71,7) (82,5) (74,4) (75,3) (76,4) (77,4) (78,1) (79,3) (80,3) (81,5) 
TD 6 :
(99,0) (95,4) (93,6) (92,7) (91,8) (88,10) (87,10) (86,10) (52,9) (10,7) (1,4) (0,2) (85,9) (84,9) (70,8) (69,8) (56,8) (55,8) (54,8) (53,8) (60,7) (58,7) (57,7) (68,6) (65,6) (64,6) (67,5) (66,5) 
(99,0) (95,4) (93,6) (92,7) (91,8) (88,10) (87,10) (86,10) (52,9) (10,7) (1,4) (0,2) (85,9) (84,9) (70,8) (69,8) (56,8) (55,8) (54,8) (53,8) (60,7) (58,7) (57,7) (68,6) (65,6) (64,6) (67,5) (66,5) 
(99,0) (95,4) (93,6) (92,7) (91,8) (88,10) (87,10) (86,10) (52,9) (10,7) (1,4) (0,2) (85,9) (84,9) (70,8) (69,8) (56,8) (55,8) (54,8) (53,8) (60,7) (58,7) (57,7) (68,6) (65,6) (64,6) (67,5) (66,5) 
(99,0) (95,4) (93,6) (92,7) (91,8) (88,10) (87,10) (86,10) (52,9) (10,7) (1,4) (0,2) (85,9) (84,9) (70,8) (69,8) (56,8) (55,8) (54,8) (53,8) (83,7) (73,7) (72,7) (71,7) (82,5) (81,5) (74,4) (75,3) (76,4) (77,4) (78,1) (79,3) (80,3) 
TD 7 :
(99,0) (95,4) (93,6) (92,7) (91,8) (88,10) (87,10) (86,10) (52,9) (10,7) (1,4) (0,2) (85,9) (84,9) (70,8) (69,8) (56,8) (55,8) (54,8) (53,8) (83,7) (73,7) (72,7) (71,7) (82,5) (81,5) (80,3) (77,4) (76,4) (74,4) 
(99,0) (95,4) (93,6) (92,7) (91,8) (88,10) (87,10) (86,10) (52,9) (10,7) (1,4) (0,2) (85,9) (84,9) (70,8) (69,8) (56,8) (55,8) (54,8) (53,8) (83,7) (73,7) (72,7) (71,7) (82,5) (81,5) (80,3) (77,4) (76,4) (74,4) (75,3) 
(99,0) (95,4) (93,6) (92,7) (91,8) (88,10) (87,10) (86,10) (52,9) (10,7) (1,4) (0,2) (85,9) (84,9) (70,8) (69,8) (56,8) (55,8) (54,8) (53,8) (83,7) (73,7) (72,7) (71,7) (82,5) (81,5) (80,3) (77,4) (76,4) (74,4) 
(99,0) (95,4) (93,6) (92,7) (91,8) (88,10) (87,10) (86,10) (52,9) (10,7) (1,4) (0,2) (85,9) (84,9) (70,8) (69,8) (56,8) (55,8) (54,8) (53,8) (83,7) (73,7) (72,7) (71,7) (82,5) (81,5) (80,3) (77,4) (76,4) (74,4) (78,1) (79,3) 
TD 8 :
(99,0) (95,4) (93,6) (92,7) (91,8) (88,10) (87,10) (86,10) (52,9) (10,7) (1,4) (0,2) (85,9) (84,9) (70,8) (69,8) (56,8) (55,8) (54,8) (53,8) (83,7) (73,7) (72,7) (71,7) (82,5) (81,5) (80,3) (77,4) (76,4) (74,4) (75,3) 
(99,0) (95,4) (93,6) (92,7) (91,8) (88,10) (87,10) (86,10) (52,9) (10,7) (1,4) (0,2) (85,9) (84,9) (70,8) (69,8) (56,8) (55,8) (54,8) (53,8) (83,7) (73,7) (72,7) (71,7) (82,5) (81,5) (80,3) (77,4) (76,4) (74,4) (75,3) 
(99,0) (95,4) (93,6) (92,7) (91,8) (88,10) (87,10) (86,10) (52,9) (10,7) (1,4) (0,2) (85,9) (84,9) (70,8) (69,8) (56,8) (55,8) (54,8) (53,8) (83,7) (73,7) (72,7) (71,7) (82,5) (81,5) (80,3) (77,4) (76,4) (74,4) (79,3) (78,1) 
TD 9 :
(99,0) (95,4) (93,6) (92,7) (91,8) (88,10) (87,10) (86,10) (52,9) (10,7) (1,4) (0,2) (85,9) (84,9) (70,8) (69,8) (56,8) (55,8) (54,8) (53,8) (83,7) (73,7) (72,7) (71,7) (82,5) (81,5) (80,3) (77,4) (76,4) (74,4) (79,3) (78,1) 
TD 10 :
TD 11 :
TD 12 :
TD 13 :
TD 14 :
Pocket 0 :
()
Pocket 1 :
({  (0,2) ,(1,4) } {  (0,2) ,(1,4) } {  (0,2) ,(1,4) } {  (0,2) ,(1,4) } {  (0,2) ,(1,4) } {  (0,2) ,(1,4) } {  (0,2) ,(1,4) } {  (0,2) ,(1,4) } {  (0,2) ,(1,4) } {  (0,2) ,(1,4) } {  (0,2) ,(1,4) } {  (0,2) ,(1,4) } {  (0,2) ,(1,4) } {  (0,2) ,(1,4) } {  (0,2) ,(1,4) } {  (0,2) ,(1,4) } {  (0,2) ,(1,4) } {  (0,2) ,(1,4) } {  (0,2) ,(1,4) } {  (0,2) ,(1,4) } {  (0,2) ,(1,4) } {  (0,2) ,(1,4) } )
Pocket 2 :
({  (2,3) ,(0,2) } {  (99,0) ,(9,6) } {  (2,3) ,(0,2) } {  (99,0) ,(9,6) } {  (14,6) ,(13,7) } {  (14,6) ,(13,7) } {  (85,9) ,(84,9) } {  (85,9) ,(84,9) } {  (85,9) ,(84,9) } {  (99,0) ,(90,8) } {  (99,0) ,(90,8) } {  (99,0) ,(94,4) } {  (99,0) ,(94,4) } {  (99,0) ,(98,0) } )
Pocket 3 :
({  (3,2) ,(2,3) } {  (99,0) ,(8,5) } {  (3,2) ,(2,3) } {  (99,0) ,(8,5) } {  (12,5) ,(11,6) } {  (12,5) ,(11,6) } {  (54,8) ,(53,8) } {  (54,8) ,(53,8) } {  (54,8) ,(53,8) } {  (54,8) ,(53,8) } {  (54,8) ,(53,8) } {  (54,8) ,(53,8) } {  (54,8) ,(53,8) } {  (99,0) ,(89,7) } {  (99,0) ,(89,7) } {  (97,0) ,(96,1) } {  (97,0) ,(96,1) } )
Pocket 4 :
({  (4,0) ,(3,2) } {  (6,3) ,(5,2) } {  (4,0) ,(3,2) } {  (6,3) ,(5,2) } {  (4,0) ,(3,2) } {  (6,3) ,(5,2) } {  (4,0) ,(3,2) } {  (6,3) ,(5,2) } {  (58,7) ,(57,7) } {  (58,7) ,(57,7) } {  (58,7) ,(57,7) } {  (58,7) ,(57,7) } {  (72,7) ,(71,7) } {  (72,7) ,(71,7) } {  (72,7) ,(71,7) } {  (72,7) ,(71,7) } )
Pocket 5 :
({  (99,0) ,(59,6) } {  (99,0) ,(59,6) } {  (65,6) ,(64,6) } {  (65,6) ,(64,6) } {  (65,6) ,(64,6) } {  (65,6) ,(64,6) } {  (99,0) ,(82,5) } )
Pocket 6 :
({  (67,5) ,(66,5) } {  (67,5) ,(66,5) } {  (67,5) ,(66,5) } {  (99,0) ,(81,5) } )
Pocket 7 :
({  (75,3) ,(74,4) } {  (75,3) ,(74,4) } {  (75,3) ,(74,4) } {  (75,3) ,(74,4) } )
Pocket 8 :
({  (99,0) ,(75,3) } {  (99,0) ,(75,3) } {  (99,0) ,(79,3) } )
Pocket 9 :
({  (99,0) ,(78,1) } )
Pocket 10 :
()
Pocket 11 :
()
Pocket 12 :
()
Pocket 13 :
()
