12 layers in onion peeling: 
Layer 1
(99,0) (12,3) (0,0) 
Layer 2
(98,-2) (97,-1) (10,2) (1,-1) 
Layer 3
(96,-2) (92,-1) (11,1) (9,1) (2,-1) 
Layer 4
(95,-3) (93,-2) (20,0) (8,-1) (3,-2) 
Layer 5
(94,-5) (91,-3) (78,-2) (77,-2) (51,-2) (19,-2) (13,-2) (5,-3) (4,-4) 
Layer 6
(90,-4) (54,-3) (53,-3) (52,-3) (50,-3) (24,-3) (23,-3) (22,-3) (21,-3) (18,-3) (6,-4) 
Layer 7
(89,-6) (85,-5) (79,-4) (76,-4) (56,-4) (28,-4) (27,-4) (26,-4) (25,-4) (15,-4) (14,-4) (7,-4) 
Layer 8
(88,-6) (80,-5) (55,-5) (49,-5) (46,-5) (45,-5) (44,-5) (35,-5) (32,-5) (29,-5) (17,-5) (16,-7) 
Layer 9
(87,-6) (86,-6) (84,-6) (83,-6) (66,-6) (61,-6) (48,-6) (47,-6) (34,-6) (33,-6) (30,-6) 
Layer 10
(82,-10) (81,-9) (75,-7) (70,-7) (69,-7) (67,-7) (57,-7) (41,-7) (31,-8) 
Layer 11
(74,-8) (72,-8) (71,-8) (68,-8) (65,-8) (64,-8) (63,-8) (62,-8) (60,-8) (43,-8) (42,-8) (36,-10) 
Layer 12
(73,-9) (59,-9) (58,-9) (40,-10) (37,-11) 
---------------------------------------------------------------------------------------
TD 0 :
(99,0) (98,-2) (97,-1) (96,-2) (95,-3) (94,-5) (93,-2) (92,-1) (91,-3) (90,-4) (89,-6) (88,-6) (87,-6) (86,-6) (85,-5) (84,-6) (83,-6) (82,-10) (81,-9) (80,-5) (79,-4) (78,-2) (77,-2) (76,-4) (75,-7) (74,-8) (73,-9) (72,-8) (71,-8) (70,-7) (69,-7) (68,-8) (67,-7) (66,-6) (65,-8) (64,-8) (63,-8) (62,-8) (61,-6) (60,-8) (59,-9) (58,-9) (57,-7) (56,-4) (55,-5) (54,-3) (53,-3) (52,-3) (51,-2) (50,-3) (49,-5) (48,-6) (47,-6) (46,-5) (45,-5) (44,-5) (43,-8) (42,-8) (41,-7) (40,-10) (39,-11) (38,-14) (37,-11) (36,-10) (35,-5) (34,-6) (33,-6) (32,-5) (31,-8) (30,-6) (29,-5) (28,-4) (27,-4) (26,-4) (25,-4) (24,-3) (23,-3) (22,-3) (21,-3) (20,0) (19,-2) (18,-3) (17,-5) (16,-7) (15,-4) (14,-4) (13,-2) (12,3) (11,1) (10,2) (9,1) (8,-1) (7,-4) (6,-4) (5,-3) (4,-4) (3,-2) (2,-1) (1,-1) (0,0) 
TD 1 :
(99,0) (12,3) (0,0) (1,-1) (2,-1) (3,-2) (4,-4) (5,-3) (6,-4) (7,-4) (8,-1) (9,1) (10,2) (11,1) 
(99,0) (12,3) (0,0) (13,-2) (14,-4) (15,-4) (16,-7) (17,-5) (18,-3) (19,-2) (20,0) (21,-3) (22,-3) (23,-3) (24,-3) (25,-4) (26,-4) (27,-4) (28,-4) (29,-5) (30,-6) (31,-8) (32,-5) (33,-6) (34,-6) (35,-5) (36,-10) (37,-11) (38,-14) (39,-11) (40,-10) (41,-7) (42,-8) (43,-8) (44,-5) (45,-5) (46,-5) (47,-6) (48,-6) (49,-5) (50,-3) (51,-2) (52,-3) (53,-3) (54,-3) (55,-5) (56,-4) (57,-7) (58,-9) (59,-9) (60,-8) (61,-6) (62,-8) (63,-8) (64,-8) (65,-8) (66,-6) (67,-7) (68,-8) (69,-7) (70,-7) (71,-8) (72,-8) (73,-9) (74,-8) (75,-7) (76,-4) (77,-2) (78,-2) (79,-4) (80,-5) (81,-9) (82,-10) (83,-6) (84,-6) (85,-5) (86,-6) (87,-6) (88,-6) (89,-6) (90,-4) (91,-3) (92,-1) (93,-2) (94,-5) (95,-3) (96,-2) (97,-1) (98,-2) 
TD 2 :
(99,0) (12,3) (0,0) (10,2) (1,-1) (2,-1) (3,-2) (4,-4) (5,-3) (6,-4) (7,-4) (8,-1) (9,1) 
(99,0) (12,3) (0,0) (10,2) (1,-1) (11,1) 
(99,0) (12,3) (0,0) (98,-2) (97,-1) (13,-2) (14,-4) (15,-4) (16,-7) (17,-5) (18,-3) (19,-2) (20,0) (21,-3) (22,-3) (23,-3) (24,-3) (25,-4) (26,-4) (27,-4) (28,-4) (29,-5) (30,-6) (31,-8) (32,-5) (33,-6) (34,-6) (35,-5) (36,-10) (37,-11) (38,-14) (39,-11) (40,-10) (41,-7) (42,-8) (43,-8) (44,-5) (45,-5) (46,-5) (47,-6) (48,-6) (49,-5) (50,-3) (51,-2) (52,-3) (53,-3) (54,-3) (55,-5) (56,-4) (57,-7) (58,-9) (59,-9) (60,-8) (61,-6) (62,-8) (63,-8) (64,-8) (65,-8) (66,-6) (67,-7) (68,-8) (69,-7) (70,-7) (71,-8) (72,-8) (73,-9) (74,-8) (75,-7) (76,-4) (77,-2) (78,-2) (79,-4) (80,-5) (81,-9) (82,-10) (83,-6) (84,-6) (85,-5) (86,-6) (87,-6) (88,-6) (89,-6) (90,-4) (91,-3) (92,-1) (93,-2) (94,-5) (95,-3) (96,-2) 
(99,0) (12,3) (0,0) (98,-2) (97,-1) 
TD 3 :
(99,0) (12,3) (0,0) (10,2) (1,-1) (9,1) (2,-1) (3,-2) (4,-4) (5,-3) (6,-4) (7,-4) (8,-1) 
(99,0) (12,3) (0,0) (10,2) (1,-1) (9,1) (2,-1) 
(99,0) (12,3) (0,0) (10,2) (1,-1) (11,1) 
(99,0) (12,3) (0,0) (10,2) (1,-1) (11,1) 
(99,0) (12,3) (0,0) (98,-2) (97,-1) (96,-2) (92,-1) (13,-2) (14,-4) (15,-4) (16,-7) (17,-5) (18,-3) (19,-2) (20,0) (21,-3) (22,-3) (23,-3) (24,-3) (25,-4) (26,-4) (27,-4) (28,-4) (29,-5) (30,-6) (31,-8) (32,-5) (33,-6) (34,-6) (35,-5) (36,-10) (37,-11) (38,-14) (39,-11) (40,-10) (41,-7) (42,-8) (43,-8) (44,-5) (45,-5) (46,-5) (47,-6) (48,-6) (49,-5) (50,-3) (51,-2) (52,-3) (53,-3) (54,-3) (55,-5) (56,-4) (57,-7) (58,-9) (59,-9) (60,-8) (61,-6) (62,-8) (63,-8) (64,-8) (65,-8) (66,-6) (67,-7) (68,-8) (69,-7) (70,-7) (71,-8) (72,-8) (73,-9) (74,-8) (75,-7) (76,-4) (77,-2) (78,-2) (79,-4) (80,-5) (81,-9) (82,-10) (83,-6) (84,-6) (85,-5) (86,-6) (87,-6) (88,-6) (89,-6) (90,-4) (91,-3) 
(99,0) (12,3) (0,0) (98,-2) (97,-1) (96,-2) (92,-1) (93,-2) (94,-5) (95,-3) 
TD 4 :
(99,0) (12,3) (0,0) (10,2) (1,-1) (9,1) (2,-1) (8,-1) (3,-2) (4,-4) (5,-3) (6,-4) (7,-4) 
(99,0) (12,3) (0,0) (10,2) (1,-1) (9,1) (2,-1) (8,-1) (3,-2) 
(99,0) (12,3) (0,0) (98,-2) (97,-1) (96,-2) (92,-1) (20,0) (13,-2) (14,-4) (15,-4) (16,-7) (17,-5) (18,-3) (19,-2) 
(99,0) (12,3) (0,0) (98,-2) (97,-1) (96,-2) (92,-1) (20,0) (21,-3) (22,-3) (23,-3) (24,-3) (25,-4) (26,-4) (27,-4) (28,-4) (29,-5) (30,-6) (31,-8) (32,-5) (33,-6) (34,-6) (35,-5) (36,-10) (37,-11) (38,-14) (39,-11) (40,-10) (41,-7) (42,-8) (43,-8) (44,-5) (45,-5) (46,-5) (47,-6) (48,-6) (49,-5) (50,-3) (51,-2) (52,-3) (53,-3) (54,-3) (55,-5) (56,-4) (57,-7) (58,-9) (59,-9) (60,-8) (61,-6) (62,-8) (63,-8) (64,-8) (65,-8) (66,-6) (67,-7) (68,-8) (69,-7) (70,-7) (71,-8) (72,-8) (73,-9) (74,-8) (75,-7) (76,-4) (77,-2) (78,-2) (79,-4) (80,-5) (81,-9) (82,-10) (83,-6) (84,-6) (85,-5) (86,-6) (87,-6) (88,-6) (89,-6) (90,-4) (91,-3) 
(99,0) (12,3) (0,0) (98,-2) (97,-1) (96,-2) (92,-1) (95,-3) (93,-2) 
(99,0) (12,3) (0,0) (98,-2) (97,-1) (96,-2) (92,-1) (95,-3) (93,-2) (94,-5) 
TD 5 :
(99,0) (12,3) (0,0) (10,2) (1,-1) (9,1) (2,-1) (8,-1) (3,-2) (5,-3) (4,-4) 
(99,0) (12,3) (0,0) (10,2) (1,-1) (9,1) (2,-1) (8,-1) (3,-2) (5,-3) (4,-4) (6,-4) (7,-4) 
(99,0) (12,3) (0,0) (98,-2) (97,-1) (96,-2) (92,-1) (20,0) (19,-2) (13,-2) 
(99,0) (12,3) (0,0) (98,-2) (97,-1) (96,-2) (92,-1) (20,0) (19,-2) (13,-2) (14,-4) (15,-4) (16,-7) (17,-5) (18,-3) 
(99,0) (12,3) (0,0) (98,-2) (97,-1) (96,-2) (92,-1) (20,0) (19,-2) (13,-2) 
(99,0) (12,3) (0,0) (98,-2) (97,-1) (96,-2) (92,-1) (20,0) (91,-3) (78,-2) (77,-2) (51,-2) (21,-3) (22,-3) (23,-3) (24,-3) (25,-4) (26,-4) (27,-4) (28,-4) (29,-5) (30,-6) (31,-8) (32,-5) (33,-6) (34,-6) (35,-5) (36,-10) (37,-11) (38,-14) (39,-11) (40,-10) (41,-7) (42,-8) (43,-8) (44,-5) (45,-5) (46,-5) (47,-6) (48,-6) (49,-5) (50,-3) 
(99,0) (12,3) (0,0) (98,-2) (97,-1) (96,-2) (92,-1) (20,0) (91,-3) (78,-2) (77,-2) (51,-2) (52,-3) (53,-3) (54,-3) (55,-5) (56,-4) (57,-7) (58,-9) (59,-9) (60,-8) (61,-6) (62,-8) (63,-8) (64,-8) (65,-8) (66,-6) (67,-7) (68,-8) (69,-7) (70,-7) (71,-8) (72,-8) (73,-9) (74,-8) (75,-7) (76,-4) 
(99,0) (12,3) (0,0) (98,-2) (97,-1) (96,-2) (92,-1) (20,0) (91,-3) (78,-2) (77,-2) (51,-2) 
(99,0) (12,3) (0,0) (98,-2) (97,-1) (96,-2) (92,-1) (20,0) (91,-3) (78,-2) (77,-2) (51,-2) (79,-4) (80,-5) (81,-9) (82,-10) (83,-6) (84,-6) (85,-5) (86,-6) (87,-6) (88,-6) (89,-6) (90,-4) 
(99,0) (12,3) (0,0) (98,-2) (97,-1) (96,-2) (92,-1) (20,0) (91,-3) (78,-2) (77,-2) (51,-2) 
(99,0) (12,3) (0,0) (98,-2) (97,-1) (96,-2) (92,-1) (95,-3) (93,-2) (94,-5) 
TD 6 :
(99,0) (12,3) (0,0) (10,2) (1,-1) (9,1) (2,-1) (8,-1) (3,-2) (5,-3) (4,-4) (6,-4) (7,-4) 
(99,0) (12,3) (0,0) (98,-2) (97,-1) (96,-2) (92,-1) (20,0) (19,-2) (13,-2) (18,-3) (14,-4) (15,-4) (16,-7) (17,-5) 
(99,0) (12,3) (0,0) (98,-2) (97,-1) (96,-2) (92,-1) (20,0) (19,-2) (13,-2) (18,-3) 
(99,0) (12,3) (0,0) (98,-2) (97,-1) (96,-2) (92,-1) (20,0) (91,-3) (78,-2) (77,-2) (51,-2) (50,-3) (24,-3) (23,-3) (22,-3) (21,-3) 
(99,0) (12,3) (0,0) (98,-2) (97,-1) (96,-2) (92,-1) (20,0) (91,-3) (78,-2) (77,-2) (51,-2) (50,-3) (24,-3) (23,-3) (22,-3) (21,-3) 
(99,0) (12,3) (0,0) (98,-2) (97,-1) (96,-2) (92,-1) (20,0) (91,-3) (78,-2) (77,-2) (51,-2) (50,-3) (24,-3) (23,-3) (22,-3) (21,-3) 
(99,0) (12,3) (0,0) (98,-2) (97,-1) (96,-2) (92,-1) (20,0) (91,-3) (78,-2) (77,-2) (51,-2) (50,-3) (24,-3) (23,-3) (22,-3) (21,-3) 
(99,0) (12,3) (0,0) (98,-2) (97,-1) (96,-2) (92,-1) (20,0) (91,-3) (78,-2) (77,-2) (51,-2) (50,-3) (24,-3) (23,-3) (22,-3) (21,-3) (25,-4) (26,-4) (27,-4) (28,-4) (29,-5) (30,-6) (31,-8) (32,-5) (33,-6) (34,-6) (35,-5) (36,-10) (37,-11) (38,-14) (39,-11) (40,-10) (41,-7) (42,-8) (43,-8) (44,-5) (45,-5) (46,-5) (47,-6) (48,-6) (49,-5) 
(99,0) (12,3) (0,0) (98,-2) (97,-1) (96,-2) (92,-1) (20,0) (91,-3) (78,-2) (77,-2) (51,-2) (50,-3) (24,-3) (23,-3) (22,-3) (21,-3) 
(99,0) (12,3) (0,0) (98,-2) (97,-1) (96,-2) (92,-1) (20,0) (91,-3) (78,-2) (77,-2) (51,-2) (54,-3) (53,-3) (52,-3) 
(99,0) (12,3) (0,0) (98,-2) (97,-1) (96,-2) (92,-1) (20,0) (91,-3) (78,-2) (77,-2) (51,-2) (54,-3) (53,-3) (52,-3) 
(99,0) (12,3) (0,0) (98,-2) (97,-1) (96,-2) (92,-1) (20,0) (91,-3) (78,-2) (77,-2) (51,-2) (54,-3) (53,-3) (52,-3) 
(99,0) (12,3) (0,0) (98,-2) (97,-1) (96,-2) (92,-1) (20,0) (91,-3) (78,-2) (77,-2) (51,-2) (54,-3) (53,-3) (52,-3) (55,-5) (56,-4) (57,-7) (58,-9) (59,-9) (60,-8) (61,-6) (62,-8) (63,-8) (64,-8) (65,-8) (66,-6) (67,-7) (68,-8) (69,-7) (70,-7) (71,-8) (72,-8) (73,-9) (74,-8) (75,-7) (76,-4) 
(99,0) (12,3) (0,0) (98,-2) (97,-1) (96,-2) (92,-1) (20,0) (91,-3) (78,-2) (77,-2) (51,-2) (90,-4) (79,-4) (80,-5) (81,-9) (82,-10) (83,-6) (84,-6) (85,-5) (86,-6) (87,-6) (88,-6) (89,-6) 
TD 7 :
(99,0) (12,3) (0,0) (10,2) (1,-1) (9,1) (2,-1) (8,-1) (3,-2) (5,-3) (4,-4) (6,-4) (7,-4) 
(99,0) (12,3) (0,0) (98,-2) (97,-1) (96,-2) (92,-1) (20,0) (19,-2) (13,-2) (18,-3) (15,-4) (14,-4) 
(99,0) (12,3) (0,0) (98,-2) (97,-1) (96,-2) (92,-1) (20,0) (19,-2) (13,-2) (18,-3) (15,-4) (14,-4) 
(99,0) (12,3) (0,0) (98,-2) (97,-1) (96,-2) (92,-1) (20,0) (19,-2) (13,-2) (18,-3) (15,-4) (14,-4) (16,-7) (17,-5) 
(99,0) (12,3) (0,0) (98,-2) (97,-1) (96,-2) (92,-1) (20,0) (91,-3) (78,-2) (77,-2) (51,-2) (50,-3) (24,-3) (23,-3) (22,-3) (21,-3) (28,-4) (27,-4) (26,-4) (25,-4) 
(99,0) (12,3) (0,0) (98,-2) (97,-1) (96,-2) (92,-1) (20,0) (91,-3) (78,-2) (77,-2) (51,-2) (50,-3) (24,-3) (23,-3) (22,-3) (21,-3) (28,-4) (27,-4) (26,-4) (25,-4) 
(99,0) (12,3) (0,0) (98,-2) (97,-1) (96,-2) (92,-1) (20,0) (91,-3) (78,-2) (77,-2) (51,-2) (50,-3) (24,-3) (23,-3) (22,-3) (21,-3) (28,-4) (27,-4) (26,-4) (25,-4) 
(99,0) (12,3) (0,0) (98,-2) (97,-1) (96,-2) (92,-1) (20,0) (91,-3) (78,-2) (77,-2) (51,-2) (50,-3) (24,-3) (23,-3) (22,-3) (21,-3) (28,-4) (27,-4) (26,-4) (25,-4) 
(99,0) (12,3) (0,0) (98,-2) (97,-1) (96,-2) (92,-1) (20,0) (91,-3) (78,-2) (77,-2) (51,-2) (50,-3) (24,-3) (23,-3) (22,-3) (21,-3) (28,-4) (27,-4) (26,-4) (25,-4) (29,-5) (30,-6) (31,-8) (32,-5) (33,-6) (34,-6) (35,-5) (36,-10) (37,-11) (38,-14) (39,-11) (40,-10) (41,-7) (42,-8) (43,-8) (44,-5) (45,-5) (46,-5) (47,-6) (48,-6) (49,-5) 
(99,0) (12,3) (0,0) (98,-2) (97,-1) (96,-2) (92,-1) (20,0) (91,-3) (78,-2) (77,-2) (51,-2) (54,-3) (53,-3) (52,-3) (76,-4) (56,-4) (55,-5) 
(99,0) (12,3) (0,0) (98,-2) (97,-1) (96,-2) (92,-1) (20,0) (91,-3) (78,-2) (77,-2) (51,-2) (54,-3) (53,-3) (52,-3) (76,-4) (56,-4) (57,-7) (58,-9) (59,-9) (60,-8) (61,-6) (62,-8) (63,-8) (64,-8) (65,-8) (66,-6) (67,-7) (68,-8) (69,-7) (70,-7) (71,-8) (72,-8) (73,-9) (74,-8) (75,-7) 
(99,0) (12,3) (0,0) (98,-2) (97,-1) (96,-2) (92,-1) (20,0) (91,-3) (78,-2) (77,-2) (51,-2) (54,-3) (53,-3) (52,-3) (76,-4) (56,-4) 
(99,0) (12,3) (0,0) (98,-2) (97,-1) (96,-2) (92,-1) (20,0) (91,-3) (78,-2) (77,-2) (51,-2) (90,-4) (89,-6) (85,-5) (79,-4) 
(99,0) (12,3) (0,0) (98,-2) (97,-1) (96,-2) (92,-1) (20,0) (91,-3) (78,-2) (77,-2) (51,-2) (90,-4) (89,-6) (85,-5) (79,-4) (80,-5) (81,-9) (82,-10) (83,-6) (84,-6) 
(99,0) (12,3) (0,0) (98,-2) (97,-1) (96,-2) (92,-1) (20,0) (91,-3) (78,-2) (77,-2) (51,-2) (90,-4) (89,-6) (85,-5) (79,-4) (86,-6) (87,-6) (88,-6) 
TD 8 :
(99,0) (12,3) (0,0) (98,-2) (97,-1) (96,-2) (92,-1) (20,0) (19,-2) (13,-2) (18,-3) (15,-4) (14,-4) (17,-5) (16,-7) 
(99,0) (12,3) (0,0) (98,-2) (97,-1) (96,-2) (92,-1) (20,0) (19,-2) (13,-2) (18,-3) (15,-4) (14,-4) (17,-5) (16,-7) 
(99,0) (12,3) (0,0) (98,-2) (97,-1) (96,-2) (92,-1) (20,0) (91,-3) (78,-2) (77,-2) (51,-2) (50,-3) (24,-3) (23,-3) (22,-3) (21,-3) (28,-4) (27,-4) (26,-4) (25,-4) (49,-5) (46,-5) (45,-5) (44,-5) (35,-5) (32,-5) (29,-5) 
(99,0) (12,3) (0,0) (98,-2) (97,-1) (96,-2) (92,-1) (20,0) (91,-3) (78,-2) (77,-2) (51,-2) (50,-3) (24,-3) (23,-3) (22,-3) (21,-3) (28,-4) (27,-4) (26,-4) (25,-4) (49,-5) (46,-5) (45,-5) (44,-5) (35,-5) (32,-5) (29,-5) (30,-6) (31,-8) 
(99,0) (12,3) (0,0) (98,-2) (97,-1) (96,-2) (92,-1) (20,0) (91,-3) (78,-2) (77,-2) (51,-2) (50,-3) (24,-3) (23,-3) (22,-3) (21,-3) (28,-4) (27,-4) (26,-4) (25,-4) (49,-5) (46,-5) (45,-5) (44,-5) (35,-5) (32,-5) (29,-5) (33,-6) (34,-6) 
(99,0) (12,3) (0,0) (98,-2) (97,-1) (96,-2) (92,-1) (20,0) (91,-3) (78,-2) (77,-2) (51,-2) (50,-3) (24,-3) (23,-3) (22,-3) (21,-3) (28,-4) (27,-4) (26,-4) (25,-4) (49,-5) (46,-5) (45,-5) (44,-5) (35,-5) (32,-5) (29,-5) (36,-10) (37,-11) (38,-14) (39,-11) (40,-10) (41,-7) (42,-8) (43,-8) 
(99,0) (12,3) (0,0) (98,-2) (97,-1) (96,-2) (92,-1) (20,0) (91,-3) (78,-2) (77,-2) (51,-2) (50,-3) (24,-3) (23,-3) (22,-3) (21,-3) (28,-4) (27,-4) (26,-4) (25,-4) (49,-5) (46,-5) (45,-5) (44,-5) (35,-5) (32,-5) (29,-5) 
(99,0) (12,3) (0,0) (98,-2) (97,-1) (96,-2) (92,-1) (20,0) (91,-3) (78,-2) (77,-2) (51,-2) (50,-3) (24,-3) (23,-3) (22,-3) (21,-3) (28,-4) (27,-4) (26,-4) (25,-4) (49,-5) (46,-5) (45,-5) (44,-5) (35,-5) (32,-5) (29,-5) 
(99,0) (12,3) (0,0) (98,-2) (97,-1) (96,-2) (92,-1) (20,0) (91,-3) (78,-2) (77,-2) (51,-2) (50,-3) (24,-3) (23,-3) (22,-3) (21,-3) (28,-4) (27,-4) (26,-4) (25,-4) (49,-5) (46,-5) (45,-5) (44,-5) (35,-5) (32,-5) (29,-5) (47,-6) (48,-6) 
(99,0) (12,3) (0,0) (98,-2) (97,-1) (96,-2) (92,-1) (20,0) (91,-3) (78,-2) (77,-2) (51,-2) (50,-3) (24,-3) (23,-3) (22,-3) (21,-3) (28,-4) (27,-4) (26,-4) (25,-4) (49,-5) (46,-5) (45,-5) (44,-5) (35,-5) (32,-5) (29,-5) 
(99,0) (12,3) (0,0) (98,-2) (97,-1) (96,-2) (92,-1) (20,0) (91,-3) (78,-2) (77,-2) (51,-2) (54,-3) (53,-3) (52,-3) (76,-4) (56,-4) (55,-5) 
(99,0) (12,3) (0,0) (98,-2) (97,-1) (96,-2) (92,-1) (20,0) (91,-3) (78,-2) (77,-2) (51,-2) (54,-3) (53,-3) (52,-3) (76,-4) (56,-4) (55,-5) 
(99,0) (12,3) (0,0) (98,-2) (97,-1) (96,-2) (92,-1) (20,0) (91,-3) (78,-2) (77,-2) (51,-2) (90,-4) (89,-6) (85,-5) (79,-4) (80,-5) 
(99,0) (12,3) (0,0) (98,-2) (97,-1) (96,-2) (92,-1) (20,0) (91,-3) (78,-2) (77,-2) (51,-2) (90,-4) (89,-6) (85,-5) (79,-4) (80,-5) (81,-9) (82,-10) (83,-6) (84,-6) 
(99,0) (12,3) (0,0) (98,-2) (97,-1) (96,-2) (92,-1) (20,0) (91,-3) (78,-2) (77,-2) (51,-2) (90,-4) (89,-6) (85,-5) (79,-4) (88,-6) (86,-6) (87,-6) 
TD 9 :
(99,0) (12,3) (0,0) (98,-2) (97,-1) (96,-2) (92,-1) (20,0) (91,-3) (78,-2) (77,-2) (51,-2) (50,-3) (24,-3) (23,-3) (22,-3) (21,-3) (28,-4) (27,-4) (26,-4) (25,-4) (49,-5) (46,-5) (45,-5) (44,-5) (35,-5) (32,-5) (29,-5) (30,-6) (31,-8) 
(99,0) (12,3) (0,0) (98,-2) (97,-1) (96,-2) (92,-1) (20,0) (91,-3) (78,-2) (77,-2) (51,-2) (50,-3) (24,-3) (23,-3) (22,-3) (21,-3) (28,-4) (27,-4) (26,-4) (25,-4) (49,-5) (46,-5) (45,-5) (44,-5) (35,-5) (32,-5) (29,-5) (34,-6) (33,-6) 
(99,0) (12,3) (0,0) (98,-2) (97,-1) (96,-2) (92,-1) (20,0) (91,-3) (78,-2) (77,-2) (51,-2) (50,-3) (24,-3) (23,-3) (22,-3) (21,-3) (28,-4) (27,-4) (26,-4) (25,-4) (49,-5) (46,-5) (45,-5) (44,-5) (35,-5) (32,-5) (29,-5) (34,-6) (33,-6) 
(99,0) (12,3) (0,0) (98,-2) (97,-1) (96,-2) (92,-1) (20,0) (91,-3) (78,-2) (77,-2) (51,-2) (50,-3) (24,-3) (23,-3) (22,-3) (21,-3) (28,-4) (27,-4) (26,-4) (25,-4) (49,-5) (46,-5) (45,-5) (44,-5) (35,-5) (32,-5) (29,-5) (34,-6) (33,-6) 
(99,0) (12,3) (0,0) (98,-2) (97,-1) (96,-2) (92,-1) (20,0) (91,-3) (78,-2) (77,-2) (51,-2) (50,-3) (24,-3) (23,-3) (22,-3) (21,-3) (28,-4) (27,-4) (26,-4) (25,-4) (49,-5) (46,-5) (45,-5) (44,-5) (35,-5) (32,-5) (29,-5) (48,-6) (47,-6) 
(99,0) (12,3) (0,0) (98,-2) (97,-1) (96,-2) (92,-1) (20,0) (91,-3) (78,-2) (77,-2) (51,-2) (50,-3) (24,-3) (23,-3) (22,-3) (21,-3) (28,-4) (27,-4) (26,-4) (25,-4) (49,-5) (46,-5) (45,-5) (44,-5) (35,-5) (32,-5) (29,-5) (48,-6) (47,-6) 
(99,0) (12,3) (0,0) (98,-2) (97,-1) (96,-2) (92,-1) (20,0) (91,-3) (78,-2) (77,-2) (51,-2) (50,-3) (24,-3) (23,-3) (22,-3) (21,-3) (28,-4) (27,-4) (26,-4) (25,-4) (49,-5) (46,-5) (45,-5) (44,-5) (35,-5) (32,-5) (29,-5) (48,-6) (47,-6) 
(99,0) (12,3) (0,0) (98,-2) (97,-1) (96,-2) (92,-1) (20,0) (91,-3) (78,-2) (77,-2) (51,-2) (90,-4) (89,-6) (85,-5) (79,-4) (80,-5) (84,-6) (83,-6) (81,-9) (82,-10) 
(99,0) (12,3) (0,0) (98,-2) (97,-1) (96,-2) (92,-1) (20,0) (91,-3) (78,-2) (77,-2) (51,-2) (90,-4) (89,-6) (85,-5) (79,-4) (80,-5) (84,-6) (83,-6) 
(99,0) (12,3) (0,0) (98,-2) (97,-1) (96,-2) (92,-1) (20,0) (91,-3) (78,-2) (77,-2) (51,-2) (90,-4) (89,-6) (85,-5) (79,-4) (80,-5) (84,-6) (83,-6) 
(99,0) (12,3) (0,0) (98,-2) (97,-1) (96,-2) (92,-1) (20,0) (91,-3) (78,-2) (77,-2) (51,-2) (90,-4) (89,-6) (85,-5) (79,-4) (88,-6) (87,-6) (86,-6) 
(99,0) (12,3) (0,0) (98,-2) (97,-1) (96,-2) (92,-1) (20,0) (91,-3) (78,-2) (77,-2) (51,-2) (90,-4) (89,-6) (85,-5) (79,-4) (88,-6) (87,-6) (86,-6) 
TD 10 :
(99,0) (12,3) (0,0) (98,-2) (97,-1) (96,-2) (92,-1) (20,0) (91,-3) (78,-2) (77,-2) (51,-2) (50,-3) (24,-3) (23,-3) (22,-3) (21,-3) (28,-4) (27,-4) (26,-4) (25,-4) (49,-5) (46,-5) (45,-5) (44,-5) (35,-5) (32,-5) (29,-5) (30,-6) (31,-8) 
(99,0) (12,3) (0,0) (98,-2) (97,-1) (96,-2) (92,-1) (20,0) (91,-3) (78,-2) (77,-2) (51,-2) (90,-4) (89,-6) (85,-5) (79,-4) (80,-5) (84,-6) (83,-6) (82,-10) (81,-9) 
(99,0) (12,3) (0,0) (98,-2) (97,-1) (96,-2) (92,-1) (20,0) (91,-3) (78,-2) (77,-2) (51,-2) (90,-4) (89,-6) (85,-5) (79,-4) (80,-5) (84,-6) (83,-6) (82,-10) (81,-9) 
TD 11 :
TD 12 :
Pocket 0 :
()
Pocket 1 :
({  (0,0) ,(1,-1) } {  (11,1) ,(12,3) } {  (0,0) ,(1,-1) } {  (11,1) ,(12,3) } )
Pocket 2 :
({  (1,-1) ,(0,0) } {  (11,1) ,(10,2) } {  (1,-1) ,(0,0) } {  (11,1) ,(10,2) } {  (98,-2) ,(97,-1) } {  (98,-2) ,(97,-1) } )
Pocket 3 :
({  (2,-1) ,(1,-1) } {  (99,0) ,(9,1) } {  (2,-1) ,(1,-1) } {  (99,0) ,(9,1) } {  (99,0) ,(11,1) } {  (99,0) ,(11,1) } {  (93,-2) ,(92,-1) } {  (93,-2) ,(92,-1) } )
Pocket 4 :
({  (3,-2) ,(2,-1) } {  (99,0) ,(8,-1) } {  (3,-2) ,(2,-1) } {  (99,0) ,(8,-1) } {  (21,-3) ,(20,0) } {  (21,-3) ,(20,0) } {  (94,-5) ,(93,-2) } {  (94,-5) ,(93,-2) } )
Pocket 5 :
({  (4,-4) ,(3,-2) } {  (6,-4) ,(5,-3) } {  (4,-4) ,(3,-2) } {  (6,-4) ,(5,-3) } {  (14,-4) ,(13,-2) } {  (14,-4) ,(13,-2) } {  (14,-4) ,(13,-2) } {  (52,-3) ,(51,-2) } {  (52,-3) ,(51,-2) } {  (52,-3) ,(51,-2) } {  (52,-3) ,(51,-2) } {  (52,-3) ,(51,-2) } {  (99,0) ,(94,-5) } )
Pocket 6 :
({  (6,-4) ,(4,-4) } {  (99,0) ,(18,-3) } {  (99,0) ,(18,-3) } {  (22,-3) ,(21,-3) } {  (22,-3) ,(21,-3) } {  (22,-3) ,(21,-3) } {  (22,-3) ,(21,-3) } {  (22,-3) ,(21,-3) } {  (22,-3) ,(21,-3) } {  (53,-3) ,(52,-3) } {  (53,-3) ,(52,-3) } {  (53,-3) ,(52,-3) } {  (53,-3) ,(52,-3) } {  (99,0) ,(90,-4) } )
Pocket 7 :
({  (7,-4) ,(6,-4) } {  (15,-4) ,(14,-4) } {  (15,-4) ,(14,-4) } {  (15,-4) ,(14,-4) } {  (26,-4) ,(25,-4) } {  (26,-4) ,(25,-4) } {  (26,-4) ,(25,-4) } {  (26,-4) ,(25,-4) } {  (26,-4) ,(25,-4) } {  (57,-7) ,(56,-4) } {  (57,-7) ,(56,-4) } {  (57,-7) ,(56,-4) } {  (80,-5) ,(79,-4) } {  (80,-5) ,(79,-4) } {  (80,-5) ,(79,-4) } )
Pocket 8 :
({  (16,-7) ,(14,-4) } {  (99,0) ,(17,-5) } {  (16,-7) ,(14,-4) } {  (99,0) ,(17,-5) } {  (30,-6) ,(29,-5) } {  (30,-6) ,(29,-5) } {  (30,-6) ,(29,-5) } {  (30,-6) ,(29,-5) } {  (30,-6) ,(29,-5) } {  (30,-6) ,(29,-5) } {  (30,-6) ,(29,-5) } {  (30,-6) ,(29,-5) } {  (99,0) ,(55,-5) } {  (99,0) ,(55,-5) } {  (81,-9) ,(80,-5) } {  (81,-9) ,(80,-5) } {  (99,0) ,(88,-6) } )
Pocket 9 :
({  (30,-6) ,(29,-5) } {  (34,-6) ,(33,-6) } {  (34,-6) ,(33,-6) } {  (34,-6) ,(33,-6) } {  (48,-6) ,(47,-6) } {  (48,-6) ,(47,-6) } {  (48,-6) ,(47,-6) } {  (84,-6) ,(83,-6) } {  (84,-6) ,(83,-6) } {  (84,-6) ,(83,-6) } {  (87,-6) ,(86,-6) } {  (87,-6) ,(86,-6) } )
Pocket 10 :
({  (31,-8) ,(30,-6) } {  (82,-10) ,(81,-9) } {  (82,-10) ,(81,-9) } )
Pocket 11 :
()
