21 layers in onion peeling: 
Layer 1
(99,24) (96,24) (4,4) (0,2) 
Layer 2
(98,23) (97,23) (89,22) (5,3) (1,2) 
Layer 3
(95,21) (88,21) (2,2) 
Layer 4
(94,19) (92,20) (90,20) (7,3) (3,1) 
Layer 5
(93,18) (91,19) (85,18) (6,1) 
Layer 6
(87,18) (86,18) (12,2) (8,-1) 
Layer 7
(84,15) (83,17) (82,17) (11,0) (10,-1) (9,-3) 
Layer 8
(81,14) (80,16) (17,1) (13,0) 
Layer 9
(79,12) (32,4) (16,0) (14,-2) 
Layer 10
(78,8) (45,5) (31,3) (19,0) (15,-3) 
Layer 11
(77,7) (48,5) (33,2) (18,-1) 
Layer 12
(76,4) (52,4) (51,4) (47,4) (35,2) (20,-1) 
Layer 13
(75,3) (53,3) (50,3) (49,3) (46,3) (44,3) (43,3) (42,3) (21,-1) 
Layer 14
(74,1) (54,2) (41,2) (39,2) (37,2) (34,1) (29,-1) (22,-5) 
Layer 15
(73,0) (40,1) (38,1) (36,1) (30,-1) (24,-5) (23,-6) 
Layer 16
(72,-1) (71,0) (55,0) (28,-3) (27,-4) (25,-6) 
Layer 17
(70,-2) (69,-2) (56,-2) (26,-7) 
Layer 18
(68,-4) (58,-3) (57,-5) 
Layer 19
(67,-7) (66,-5) (60,-4) (59,-5) 
Layer 20
(65,-6) (61,-8) 
Layer 21
(64,-7) (62,-9) 
---------------------------------------------------------------------------------------
TD 0 :
(99,24) (98,23) (97,23) (96,24) (95,21) (94,19) (93,18) (92,20) (91,19) (90,20) (89,22) (88,21) (87,18) (86,18) (85,18) (84,15) (83,17) (82,17) (81,14) (80,16) (79,12) (78,8) (77,7) (76,4) (75,3) (74,1) (73,0) (72,-1) (71,0) (70,-2) (69,-2) (68,-4) (67,-7) (66,-5) (65,-6) (64,-7) (63,-10) (62,-9) (61,-8) (60,-4) (59,-5) (58,-3) (57,-5) (56,-2) (55,0) (54,2) (53,3) (52,4) (51,4) (50,3) (49,3) (48,5) (47,4) (46,3) (45,5) (44,3) (43,3) (42,3) (41,2) (40,1) (39,2) (38,1) (37,2) (36,1) (35,2) (34,1) (33,2) (32,4) (31,3) (30,-1) (29,-1) (28,-3) (27,-4) (26,-7) (25,-6) (24,-5) (23,-6) (22,-5) (21,-1) (20,-1) (19,0) (18,-1) (17,1) (16,0) (15,-3) (14,-2) (13,0) (12,2) (11,0) (10,-1) (9,-3) (8,-1) (7,3) (6,1) (5,3) (4,4) (3,1) (2,2) (1,2) (0,2) 
TD 1 :
(99,24) (96,24) (4,4) (0,2) (1,2) (2,2) (3,1) 
(99,24) (96,24) (4,4) (0,2) (5,3) (6,1) (7,3) (8,-1) (9,-3) (10,-1) (11,0) (12,2) (13,0) (14,-2) (15,-3) (16,0) (17,1) (18,-1) (19,0) (20,-1) (21,-1) (22,-5) (23,-6) (24,-5) (25,-6) (26,-7) (27,-4) (28,-3) (29,-1) (30,-1) (31,3) (32,4) (33,2) (34,1) (35,2) (36,1) (37,2) (38,1) (39,2) (40,1) (41,2) (42,3) (43,3) (44,3) (45,5) (46,3) (47,4) (48,5) (49,3) (50,3) (51,4) (52,4) (53,3) (54,2) (55,0) (56,-2) (57,-5) (58,-3) (59,-5) (60,-4) (61,-8) (62,-9) (63,-10) (64,-7) (65,-6) (66,-5) (67,-7) (68,-4) (69,-2) (70,-2) (71,0) (72,-1) (73,0) (74,1) (75,3) (76,4) (77,7) (78,8) (79,12) (80,16) (81,14) (82,17) (83,17) (84,15) (85,18) (86,18) (87,18) (88,21) (89,22) (90,20) (91,19) (92,20) (93,18) (94,19) (95,21) 
(99,24) (96,24) (4,4) (0,2) (97,23) (98,23) 
TD 2 :
(99,24) (96,24) (4,4) (0,2) (1,2) (2,2) (3,1) 
(99,24) (96,24) (4,4) (0,2) (89,22) (5,3) 
(99,24) (96,24) (4,4) (0,2) (89,22) (5,3) (6,1) (7,3) (8,-1) (9,-3) (10,-1) (11,0) (12,2) (13,0) (14,-2) (15,-3) (16,0) (17,1) (18,-1) (19,0) (20,-1) (21,-1) (22,-5) (23,-6) (24,-5) (25,-6) (26,-7) (27,-4) (28,-3) (29,-1) (30,-1) (31,3) (32,4) (33,2) (34,1) (35,2) (36,1) (37,2) (38,1) (39,2) (40,1) (41,2) (42,3) (43,3) (44,3) (45,5) (46,3) (47,4) (48,5) (49,3) (50,3) (51,4) (52,4) (53,3) (54,2) (55,0) (56,-2) (57,-5) (58,-3) (59,-5) (60,-4) (61,-8) (62,-9) (63,-10) (64,-7) (65,-6) (66,-5) (67,-7) (68,-4) (69,-2) (70,-2) (71,0) (72,-1) (73,0) (74,1) (75,3) (76,4) (77,7) (78,8) (79,12) (80,16) (81,14) (82,17) (83,17) (84,15) (85,18) (86,18) (87,18) (88,21) 
(99,24) (96,24) (4,4) (0,2) (89,22) (5,3) (90,20) (91,19) (92,20) (93,18) (94,19) (95,21) 
(99,24) (96,24) (4,4) (0,2) (98,23) (97,23) 
(99,24) (96,24) (4,4) (0,2) (98,23) (97,23) 
TD 3 :
(99,24) (96,24) (4,4) (0,2) (1,2) (2,2) (3,1) 
(99,24) (96,24) (4,4) (0,2) (89,22) (5,3) (88,21) (6,1) (7,3) (8,-1) (9,-3) (10,-1) (11,0) (12,2) (13,0) (14,-2) (15,-3) (16,0) (17,1) (18,-1) (19,0) (20,-1) (21,-1) (22,-5) (23,-6) (24,-5) (25,-6) (26,-7) (27,-4) (28,-3) (29,-1) (30,-1) (31,3) (32,4) (33,2) (34,1) (35,2) (36,1) (37,2) (38,1) (39,2) (40,1) (41,2) (42,3) (43,3) (44,3) (45,5) (46,3) (47,4) (48,5) (49,3) (50,3) (51,4) (52,4) (53,3) (54,2) (55,0) (56,-2) (57,-5) (58,-3) (59,-5) (60,-4) (61,-8) (62,-9) (63,-10) (64,-7) (65,-6) (66,-5) (67,-7) (68,-4) (69,-2) (70,-2) (71,0) (72,-1) (73,0) (74,1) (75,3) (76,4) (77,7) (78,8) (79,12) (80,16) (81,14) (82,17) (83,17) (84,15) (85,18) (86,18) (87,18) 
(99,24) (96,24) (4,4) (0,2) (89,22) (5,3) (88,21) 
(99,24) (96,24) (4,4) (0,2) (89,22) (5,3) (95,21) (90,20) (91,19) (92,20) (93,18) (94,19) 
TD 4 :
(99,24) (96,24) (4,4) (0,2) (1,2) (2,2) (3,1) 
(99,24) (96,24) (4,4) (0,2) (89,22) (5,3) (88,21) (7,3) (6,1) 
(99,24) (96,24) (4,4) (0,2) (89,22) (5,3) (88,21) (7,3) (8,-1) (9,-3) (10,-1) (11,0) (12,2) (13,0) (14,-2) (15,-3) (16,0) (17,1) (18,-1) (19,0) (20,-1) (21,-1) (22,-5) (23,-6) (24,-5) (25,-6) (26,-7) (27,-4) (28,-3) (29,-1) (30,-1) (31,3) (32,4) (33,2) (34,1) (35,2) (36,1) (37,2) (38,1) (39,2) (40,1) (41,2) (42,3) (43,3) (44,3) (45,5) (46,3) (47,4) (48,5) (49,3) (50,3) (51,4) (52,4) (53,3) (54,2) (55,0) (56,-2) (57,-5) (58,-3) (59,-5) (60,-4) (61,-8) (62,-9) (63,-10) (64,-7) (65,-6) (66,-5) (67,-7) (68,-4) (69,-2) (70,-2) (71,0) (72,-1) (73,0) (74,1) (75,3) (76,4) (77,7) (78,8) (79,12) (80,16) (81,14) (82,17) (83,17) (84,15) (85,18) (86,18) (87,18) 
(99,24) (96,24) (4,4) (0,2) (89,22) (5,3) (95,21) (94,19) (92,20) (90,20) 
(99,24) (96,24) (4,4) (0,2) (89,22) (5,3) (95,21) (94,19) (92,20) (90,20) (91,19) 
(99,24) (96,24) (4,4) (0,2) (89,22) (5,3) (95,21) (94,19) (92,20) (90,20) (93,18) 
TD 5 :
(99,24) (96,24) (4,4) (0,2) (89,22) (5,3) (88,21) (7,3) (6,1) 
(99,24) (96,24) (4,4) (0,2) (89,22) (5,3) (88,21) (7,3) (85,18) (8,-1) (9,-3) (10,-1) (11,0) (12,2) (13,0) (14,-2) (15,-3) (16,0) (17,1) (18,-1) (19,0) (20,-1) (21,-1) (22,-5) (23,-6) (24,-5) (25,-6) (26,-7) (27,-4) (28,-3) (29,-1) (30,-1) (31,3) (32,4) (33,2) (34,1) (35,2) (36,1) (37,2) (38,1) (39,2) (40,1) (41,2) (42,3) (43,3) (44,3) (45,5) (46,3) (47,4) (48,5) (49,3) (50,3) (51,4) (52,4) (53,3) (54,2) (55,0) (56,-2) (57,-5) (58,-3) (59,-5) (60,-4) (61,-8) (62,-9) (63,-10) (64,-7) (65,-6) (66,-5) (67,-7) (68,-4) (69,-2) (70,-2) (71,0) (72,-1) (73,0) (74,1) (75,3) (76,4) (77,7) (78,8) (79,12) (80,16) (81,14) (82,17) (83,17) (84,15) 
(99,24) (96,24) (4,4) (0,2) (89,22) (5,3) (88,21) (7,3) (85,18) (86,18) (87,18) 
(99,24) (96,24) (4,4) (0,2) (89,22) (5,3) (95,21) (94,19) (92,20) (90,20) (91,19) 
(99,24) (96,24) (4,4) (0,2) (89,22) (5,3) (95,21) (94,19) (92,20) (90,20) (91,19) 
(99,24) (96,24) (4,4) (0,2) (89,22) (5,3) (95,21) (94,19) (92,20) (90,20) (93,18) 
TD 6 :
(99,24) (96,24) (4,4) (0,2) (89,22) (5,3) (88,21) (7,3) (85,18) (12,2) (8,-1) (9,-3) (10,-1) (11,0) 
(99,24) (96,24) (4,4) (0,2) (89,22) (5,3) (88,21) (7,3) (85,18) (12,2) (8,-1) (13,0) (14,-2) (15,-3) (16,0) (17,1) (18,-1) (19,0) (20,-1) (21,-1) (22,-5) (23,-6) (24,-5) (25,-6) (26,-7) (27,-4) (28,-3) (29,-1) (30,-1) (31,3) (32,4) (33,2) (34,1) (35,2) (36,1) (37,2) (38,1) (39,2) (40,1) (41,2) (42,3) (43,3) (44,3) (45,5) (46,3) (47,4) (48,5) (49,3) (50,3) (51,4) (52,4) (53,3) (54,2) (55,0) (56,-2) (57,-5) (58,-3) (59,-5) (60,-4) (61,-8) (62,-9) (63,-10) (64,-7) (65,-6) (66,-5) (67,-7) (68,-4) (69,-2) (70,-2) (71,0) (72,-1) (73,0) (74,1) (75,3) (76,4) (77,7) (78,8) (79,12) (80,16) (81,14) (82,17) (83,17) (84,15) 
(99,24) (96,24) (4,4) (0,2) (89,22) (5,3) (88,21) (7,3) (85,18) (87,18) (86,18) 
(99,24) (96,24) (4,4) (0,2) (89,22) (5,3) (88,21) (7,3) (85,18) (87,18) (86,18) 
TD 7 :
(99,24) (96,24) (4,4) (0,2) (89,22) (5,3) (88,21) (7,3) (85,18) (12,2) (8,-1) (11,0) (10,-1) (9,-3) 
(99,24) (96,24) (4,4) (0,2) (89,22) (5,3) (88,21) (7,3) (85,18) (12,2) (8,-1) (11,0) (10,-1) (9,-3) 
(99,24) (96,24) (4,4) (0,2) (89,22) (5,3) (88,21) (7,3) (85,18) (12,2) (8,-1) (11,0) (10,-1) (9,-3) 
(99,24) (96,24) (4,4) (0,2) (89,22) (5,3) (88,21) (7,3) (85,18) (12,2) (8,-1) (84,15) (83,17) (82,17) (13,0) (14,-2) (15,-3) (16,0) (17,1) (18,-1) (19,0) (20,-1) (21,-1) (22,-5) (23,-6) (24,-5) (25,-6) (26,-7) (27,-4) (28,-3) (29,-1) (30,-1) (31,3) (32,4) (33,2) (34,1) (35,2) (36,1) (37,2) (38,1) (39,2) (40,1) (41,2) (42,3) (43,3) (44,3) (45,5) (46,3) (47,4) (48,5) (49,3) (50,3) (51,4) (52,4) (53,3) (54,2) (55,0) (56,-2) (57,-5) (58,-3) (59,-5) (60,-4) (61,-8) (62,-9) (63,-10) (64,-7) (65,-6) (66,-5) (67,-7) (68,-4) (69,-2) (70,-2) (71,0) (72,-1) (73,0) (74,1) (75,3) (76,4) (77,7) (78,8) (79,12) (80,16) (81,14) 
(99,24) (96,24) (4,4) (0,2) (89,22) (5,3) (88,21) (7,3) (85,18) (12,2) (8,-1) (84,15) (83,17) (82,17) 
(99,24) (96,24) (4,4) (0,2) (89,22) (5,3) (88,21) (7,3) (85,18) (12,2) (8,-1) (84,15) (83,17) (82,17) 
TD 8 :
(99,24) (96,24) (4,4) (0,2) (89,22) (5,3) (88,21) (7,3) (85,18) (12,2) (8,-1) (84,15) (83,17) (82,17) (81,14) (80,16) (17,1) (13,0) (14,-2) (15,-3) (16,0) 
(99,24) (96,24) (4,4) (0,2) (89,22) (5,3) (88,21) (7,3) (85,18) (12,2) (8,-1) (84,15) (83,17) (82,17) (81,14) (80,16) (17,1) (13,0) (18,-1) (19,0) (20,-1) (21,-1) (22,-5) (23,-6) (24,-5) (25,-6) (26,-7) (27,-4) (28,-3) (29,-1) (30,-1) (31,3) (32,4) (33,2) (34,1) (35,2) (36,1) (37,2) (38,1) (39,2) (40,1) (41,2) (42,3) (43,3) (44,3) (45,5) (46,3) (47,4) (48,5) (49,3) (50,3) (51,4) (52,4) (53,3) (54,2) (55,0) (56,-2) (57,-5) (58,-3) (59,-5) (60,-4) (61,-8) (62,-9) (63,-10) (64,-7) (65,-6) (66,-5) (67,-7) (68,-4) (69,-2) (70,-2) (71,0) (72,-1) (73,0) (74,1) (75,3) (76,4) (77,7) (78,8) (79,12) 
(99,24) (96,24) (4,4) (0,2) (89,22) (5,3) (88,21) (7,3) (85,18) (12,2) (8,-1) (84,15) (83,17) (82,17) (81,14) (80,16) (17,1) (13,0) 
TD 9 :
(99,24) (96,24) (4,4) (0,2) (89,22) (5,3) (88,21) (7,3) (85,18) (12,2) (8,-1) (84,15) (83,17) (82,17) (81,14) (80,16) (17,1) (13,0) (16,0) (14,-2) (15,-3) 
(99,24) (96,24) (4,4) (0,2) (89,22) (5,3) (88,21) (7,3) (85,18) (12,2) (8,-1) (84,15) (83,17) (82,17) (81,14) (80,16) (17,1) (13,0) (16,0) (14,-2) 
(99,24) (96,24) (4,4) (0,2) (89,22) (5,3) (88,21) (7,3) (85,18) (12,2) (8,-1) (84,15) (83,17) (82,17) (81,14) (80,16) (17,1) (13,0) (79,12) (32,4) (18,-1) (19,0) (20,-1) (21,-1) (22,-5) (23,-6) (24,-5) (25,-6) (26,-7) (27,-4) (28,-3) (29,-1) (30,-1) (31,3) 
(99,24) (96,24) (4,4) (0,2) (89,22) (5,3) (88,21) (7,3) (85,18) (12,2) (8,-1) (84,15) (83,17) (82,17) (81,14) (80,16) (17,1) (13,0) (79,12) (32,4) (33,2) (34,1) (35,2) (36,1) (37,2) (38,1) (39,2) (40,1) (41,2) (42,3) (43,3) (44,3) (45,5) (46,3) (47,4) (48,5) (49,3) (50,3) (51,4) (52,4) (53,3) (54,2) (55,0) (56,-2) (57,-5) (58,-3) (59,-5) (60,-4) (61,-8) (62,-9) (63,-10) (64,-7) (65,-6) (66,-5) (67,-7) (68,-4) (69,-2) (70,-2) (71,0) (72,-1) (73,0) (74,1) (75,3) (76,4) (77,7) (78,8) 
TD 10 :
(99,24) (96,24) (4,4) (0,2) (89,22) (5,3) (88,21) (7,3) (85,18) (12,2) (8,-1) (84,15) (83,17) (82,17) (81,14) (80,16) (17,1) (13,0) (16,0) (14,-2) (15,-3) 
(99,24) (96,24) (4,4) (0,2) (89,22) (5,3) (88,21) (7,3) (85,18) (12,2) (8,-1) (84,15) (83,17) (82,17) (81,14) (80,16) (17,1) (13,0) (79,12) (32,4) (31,3) (19,0) (18,-1) 
(99,24) (96,24) (4,4) (0,2) (89,22) (5,3) (88,21) (7,3) (85,18) (12,2) (8,-1) (84,15) (83,17) (82,17) (81,14) (80,16) (17,1) (13,0) (79,12) (32,4) (31,3) (19,0) (20,-1) (21,-1) (22,-5) (23,-6) (24,-5) (25,-6) (26,-7) (27,-4) (28,-3) (29,-1) (30,-1) 
(99,24) (96,24) (4,4) (0,2) (89,22) (5,3) (88,21) (7,3) (85,18) (12,2) (8,-1) (84,15) (83,17) (82,17) (81,14) (80,16) (17,1) (13,0) (79,12) (32,4) (31,3) (19,0) 
(99,24) (96,24) (4,4) (0,2) (89,22) (5,3) (88,21) (7,3) (85,18) (12,2) (8,-1) (84,15) (83,17) (82,17) (81,14) (80,16) (17,1) (13,0) (79,12) (32,4) (78,8) (45,5) (33,2) (34,1) (35,2) (36,1) (37,2) (38,1) (39,2) (40,1) (41,2) (42,3) (43,3) (44,3) 
(99,24) (96,24) (4,4) (0,2) (89,22) (5,3) (88,21) (7,3) (85,18) (12,2) (8,-1) (84,15) (83,17) (82,17) (81,14) (80,16) (17,1) (13,0) (79,12) (32,4) (78,8) (45,5) (46,3) (47,4) (48,5) (49,3) (50,3) (51,4) (52,4) (53,3) (54,2) (55,0) (56,-2) (57,-5) (58,-3) (59,-5) (60,-4) (61,-8) (62,-9) (63,-10) (64,-7) (65,-6) (66,-5) (67,-7) (68,-4) (69,-2) (70,-2) (71,0) (72,-1) (73,0) (74,1) (75,3) (76,4) (77,7) 
TD 11 :
(99,24) (96,24) (4,4) (0,2) (89,22) (5,3) (88,21) (7,3) (85,18) (12,2) (8,-1) (84,15) (83,17) (82,17) (81,14) (80,16) (17,1) (13,0) (79,12) (32,4) (31,3) (19,0) (18,-1) 
(99,24) (96,24) (4,4) (0,2) (89,22) (5,3) (88,21) (7,3) (85,18) (12,2) (8,-1) (84,15) (83,17) (82,17) (81,14) (80,16) (17,1) (13,0) (79,12) (32,4) (78,8) (45,5) (33,2) 
(99,24) (96,24) (4,4) (0,2) (89,22) (5,3) (88,21) (7,3) (85,18) (12,2) (8,-1) (84,15) (83,17) (82,17) (81,14) (80,16) (17,1) (13,0) (79,12) (32,4) (78,8) (45,5) (33,2) (34,1) (35,2) (36,1) (37,2) (38,1) (39,2) (40,1) (41,2) (42,3) (43,3) (44,3) 
(99,24) (96,24) (4,4) (0,2) (89,22) (5,3) (88,21) (7,3) (85,18) (12,2) (8,-1) (84,15) (83,17) (82,17) (81,14) (80,16) (17,1) (13,0) (79,12) (32,4) (78,8) (45,5) (77,7) (48,5) (46,3) (47,4) 
(99,24) (96,24) (4,4) (0,2) (89,22) (5,3) (88,21) (7,3) (85,18) (12,2) (8,-1) (84,15) (83,17) (82,17) (81,14) (80,16) (17,1) (13,0) (79,12) (32,4) (78,8) (45,5) (77,7) (48,5) (49,3) (50,3) (51,4) (52,4) (53,3) (54,2) (55,0) (56,-2) (57,-5) (58,-3) (59,-5) (60,-4) (61,-8) (62,-9) (63,-10) (64,-7) (65,-6) (66,-5) (67,-7) (68,-4) (69,-2) (70,-2) (71,0) (72,-1) (73,0) (74,1) (75,3) (76,4) 
TD 12 :
(99,24) (96,24) (4,4) (0,2) (89,22) (5,3) (88,21) (7,3) (85,18) (12,2) (8,-1) (84,15) (83,17) (82,17) (81,14) (80,16) (17,1) (13,0) (79,12) (32,4) (78,8) (45,5) (33,2) (35,2) (34,1) 
(99,24) (96,24) (4,4) (0,2) (89,22) (5,3) (88,21) (7,3) (85,18) (12,2) (8,-1) (84,15) (83,17) (82,17) (81,14) (80,16) (17,1) (13,0) (79,12) (32,4) (78,8) (45,5) (33,2) (35,2) (36,1) (37,2) (38,1) (39,2) (40,1) (41,2) (42,3) (43,3) (44,3) 
(99,24) (96,24) (4,4) (0,2) (89,22) (5,3) (88,21) (7,3) (85,18) (12,2) (8,-1) (84,15) (83,17) (82,17) (81,14) (80,16) (17,1) (13,0) (79,12) (32,4) (78,8) (45,5) (77,7) (48,5) (47,4) (46,3) 
(99,24) (96,24) (4,4) (0,2) (89,22) (5,3) (88,21) (7,3) (85,18) (12,2) (8,-1) (84,15) (83,17) (82,17) (81,14) (80,16) (17,1) (13,0) (79,12) (32,4) (78,8) (45,5) (77,7) (48,5) (47,4) 
(99,24) (96,24) (4,4) (0,2) (89,22) (5,3) (88,21) (7,3) (85,18) (12,2) (8,-1) (84,15) (83,17) (82,17) (81,14) (80,16) (17,1) (13,0) (79,12) (32,4) (78,8) (45,5) (77,7) (48,5) (76,4) (52,4) (51,4) (49,3) (50,3) 
(99,24) (96,24) (4,4) (0,2) (89,22) (5,3) (88,21) (7,3) (85,18) (12,2) (8,-1) (84,15) (83,17) (82,17) (81,14) (80,16) (17,1) (13,0) (79,12) (32,4) (78,8) (45,5) (77,7) (48,5) (76,4) (52,4) (51,4) 
(99,24) (96,24) (4,4) (0,2) (89,22) (5,3) (88,21) (7,3) (85,18) (12,2) (8,-1) (84,15) (83,17) (82,17) (81,14) (80,16) (17,1) (13,0) (79,12) (32,4) (78,8) (45,5) (77,7) (48,5) (76,4) (52,4) (51,4) (53,3) (54,2) (55,0) (56,-2) (57,-5) (58,-3) (59,-5) (60,-4) (61,-8) (62,-9) (63,-10) (64,-7) (65,-6) (66,-5) (67,-7) (68,-4) (69,-2) (70,-2) (71,0) (72,-1) (73,0) (74,1) (75,3) 
TD 13 :
(99,24) (96,24) (4,4) (0,2) (89,22) (5,3) (88,21) (7,3) (85,18) (12,2) (8,-1) (84,15) (83,17) (82,17) (81,14) (80,16) (17,1) (13,0) (79,12) (32,4) (78,8) (45,5) (33,2) (35,2) (44,3) (43,3) (42,3) (36,1) (37,2) (38,1) (39,2) (40,1) (41,2) 
(99,24) (96,24) (4,4) (0,2) (89,22) (5,3) (88,21) (7,3) (85,18) (12,2) (8,-1) (84,15) (83,17) (82,17) (81,14) (80,16) (17,1) (13,0) (79,12) (32,4) (78,8) (45,5) (33,2) (35,2) (44,3) (43,3) (42,3) 
(99,24) (96,24) (4,4) (0,2) (89,22) (5,3) (88,21) (7,3) (85,18) (12,2) (8,-1) (84,15) (83,17) (82,17) (81,14) (80,16) (17,1) (13,0) (79,12) (32,4) (78,8) (45,5) (33,2) (35,2) (44,3) (43,3) (42,3) 
(99,24) (96,24) (4,4) (0,2) (89,22) (5,3) (88,21) (7,3) (85,18) (12,2) (8,-1) (84,15) (83,17) (82,17) (81,14) (80,16) (17,1) (13,0) (79,12) (32,4) (78,8) (45,5) (33,2) (35,2) (44,3) (43,3) (42,3) 
(99,24) (96,24) (4,4) (0,2) (89,22) (5,3) (88,21) (7,3) (85,18) (12,2) (8,-1) (84,15) (83,17) (82,17) (81,14) (80,16) (17,1) (13,0) (79,12) (32,4) (78,8) (45,5) (77,7) (48,5) (47,4) (46,3) 
(99,24) (96,24) (4,4) (0,2) (89,22) (5,3) (88,21) (7,3) (85,18) (12,2) (8,-1) (84,15) (83,17) (82,17) (81,14) (80,16) (17,1) (13,0) (79,12) (32,4) (78,8) (45,5) (77,7) (48,5) (47,4) (46,3) 
(99,24) (96,24) (4,4) (0,2) (89,22) (5,3) (88,21) (7,3) (85,18) (12,2) (8,-1) (84,15) (83,17) (82,17) (81,14) (80,16) (17,1) (13,0) (79,12) (32,4) (78,8) (45,5) (77,7) (48,5) (76,4) (52,4) (51,4) (50,3) (49,3) 
(99,24) (96,24) (4,4) (0,2) (89,22) (5,3) (88,21) (7,3) (85,18) (12,2) (8,-1) (84,15) (83,17) (82,17) (81,14) (80,16) (17,1) (13,0) (79,12) (32,4) (78,8) (45,5) (77,7) (48,5) (76,4) (52,4) (51,4) (50,3) (49,3) 
(99,24) (96,24) (4,4) (0,2) (89,22) (5,3) (88,21) (7,3) (85,18) (12,2) (8,-1) (84,15) (83,17) (82,17) (81,14) (80,16) (17,1) (13,0) (79,12) (32,4) (78,8) (45,5) (77,7) (48,5) (76,4) (52,4) (51,4) (50,3) (49,3) 
(99,24) (96,24) (4,4) (0,2) (89,22) (5,3) (88,21) (7,3) (85,18) (12,2) (8,-1) (84,15) (83,17) (82,17) (81,14) (80,16) (17,1) (13,0) (79,12) (32,4) (78,8) (45,5) (77,7) (48,5) (76,4) (52,4) (51,4) (75,3) (53,3) 
(99,24) (96,24) (4,4) (0,2) (89,22) (5,3) (88,21) (7,3) (85,18) (12,2) (8,-1) (84,15) (83,17) (82,17) (81,14) (80,16) (17,1) (13,0) (79,12) (32,4) (78,8) (45,5) (77,7) (48,5) (76,4) (52,4) (51,4) (75,3) (53,3) (54,2) (55,0) (56,-2) (57,-5) (58,-3) (59,-5) (60,-4) (61,-8) (62,-9) (63,-10) (64,-7) (65,-6) (66,-5) (67,-7) (68,-4) (69,-2) (70,-2) (71,0) (72,-1) (73,0) (74,1) 
TD 14 :
(99,24) (96,24) (4,4) (0,2) (89,22) (5,3) (88,21) (7,3) (85,18) (12,2) (8,-1) (84,15) (83,17) (82,17) (81,14) (80,16) (17,1) (13,0) (79,12) (32,4) (78,8) (45,5) (33,2) (35,2) (44,3) (43,3) (42,3) (41,2) (39,2) (37,2) (36,1) 
(99,24) (96,24) (4,4) (0,2) (89,22) (5,3) (88,21) (7,3) (85,18) (12,2) (8,-1) (84,15) (83,17) (82,17) (81,14) (80,16) (17,1) (13,0) (79,12) (32,4) (78,8) (45,5) (33,2) (35,2) (44,3) (43,3) (42,3) (41,2) (39,2) (37,2) (38,1) 
(99,24) (96,24) (4,4) (0,2) (89,22) (5,3) (88,21) (7,3) (85,18) (12,2) (8,-1) (84,15) (83,17) (82,17) (81,14) (80,16) (17,1) (13,0) (79,12) (32,4) (78,8) (45,5) (33,2) (35,2) (44,3) (43,3) (42,3) (41,2) (39,2) (37,2) (40,1) 
(99,24) (96,24) (4,4) (0,2) (89,22) (5,3) (88,21) (7,3) (85,18) (12,2) (8,-1) (84,15) (83,17) (82,17) (81,14) (80,16) (17,1) (13,0) (79,12) (32,4) (78,8) (45,5) (33,2) (35,2) (44,3) (43,3) (42,3) (41,2) (39,2) (37,2) 
(99,24) (96,24) (4,4) (0,2) (89,22) (5,3) (88,21) (7,3) (85,18) (12,2) (8,-1) (84,15) (83,17) (82,17) (81,14) (80,16) (17,1) (13,0) (79,12) (32,4) (78,8) (45,5) (77,7) (48,5) (76,4) (52,4) (51,4) (75,3) (53,3) (74,1) (54,2) 
(99,24) (96,24) (4,4) (0,2) (89,22) (5,3) (88,21) (7,3) (85,18) (12,2) (8,-1) (84,15) (83,17) (82,17) (81,14) (80,16) (17,1) (13,0) (79,12) (32,4) (78,8) (45,5) (77,7) (48,5) (76,4) (52,4) (51,4) (75,3) (53,3) (74,1) (54,2) (55,0) (56,-2) (57,-5) (58,-3) (59,-5) (60,-4) (61,-8) (62,-9) (63,-10) (64,-7) (65,-6) (66,-5) (67,-7) (68,-4) (69,-2) (70,-2) (71,0) (72,-1) (73,0) 
TD 15 :
(99,24) (96,24) (4,4) (0,2) (89,22) (5,3) (88,21) (7,3) (85,18) (12,2) (8,-1) (84,15) (83,17) (82,17) (81,14) (80,16) (17,1) (13,0) (79,12) (32,4) (78,8) (45,5) (33,2) (35,2) (44,3) (43,3) (42,3) (41,2) (39,2) (37,2) (36,1) 
(99,24) (96,24) (4,4) (0,2) (89,22) (5,3) (88,21) (7,3) (85,18) (12,2) (8,-1) (84,15) (83,17) (82,17) (81,14) (80,16) (17,1) (13,0) (79,12) (32,4) (78,8) (45,5) (33,2) (35,2) (44,3) (43,3) (42,3) (41,2) (39,2) (37,2) (36,1) 
(99,24) (96,24) (4,4) (0,2) (89,22) (5,3) (88,21) (7,3) (85,18) (12,2) (8,-1) (84,15) (83,17) (82,17) (81,14) (80,16) (17,1) (13,0) (79,12) (32,4) (78,8) (45,5) (33,2) (35,2) (44,3) (43,3) (42,3) (41,2) (39,2) (37,2) (38,1) 
(99,24) (96,24) (4,4) (0,2) (89,22) (5,3) (88,21) (7,3) (85,18) (12,2) (8,-1) (84,15) (83,17) (82,17) (81,14) (80,16) (17,1) (13,0) (79,12) (32,4) (78,8) (45,5) (33,2) (35,2) (44,3) (43,3) (42,3) (41,2) (39,2) (37,2) (38,1) 
(99,24) (96,24) (4,4) (0,2) (89,22) (5,3) (88,21) (7,3) (85,18) (12,2) (8,-1) (84,15) (83,17) (82,17) (81,14) (80,16) (17,1) (13,0) (79,12) (32,4) (78,8) (45,5) (33,2) (35,2) (44,3) (43,3) (42,3) (41,2) (39,2) (37,2) (40,1) 
(99,24) (96,24) (4,4) (0,2) (89,22) (5,3) (88,21) (7,3) (85,18) (12,2) (8,-1) (84,15) (83,17) (82,17) (81,14) (80,16) (17,1) (13,0) (79,12) (32,4) (78,8) (45,5) (33,2) (35,2) (44,3) (43,3) (42,3) (41,2) (39,2) (37,2) (40,1) 
(99,24) (96,24) (4,4) (0,2) (89,22) (5,3) (88,21) (7,3) (85,18) (12,2) (8,-1) (84,15) (83,17) (82,17) (81,14) (80,16) (17,1) (13,0) (79,12) (32,4) (78,8) (45,5) (77,7) (48,5) (76,4) (52,4) (51,4) (75,3) (53,3) (74,1) (54,2) (73,0) (55,0) (56,-2) (57,-5) (58,-3) (59,-5) (60,-4) (61,-8) (62,-9) (63,-10) (64,-7) (65,-6) (66,-5) (67,-7) (68,-4) (69,-2) (70,-2) (71,0) (72,-1) 
TD 16 :
(99,24) (96,24) (4,4) (0,2) (89,22) (5,3) (88,21) (7,3) (85,18) (12,2) (8,-1) (84,15) (83,17) (82,17) (81,14) (80,16) (17,1) (13,0) (79,12) (32,4) (78,8) (45,5) (77,7) (48,5) (76,4) (52,4) (51,4) (75,3) (53,3) (74,1) (54,2) (73,0) (72,-1) (71,0) (55,0) 
(99,24) (96,24) (4,4) (0,2) (89,22) (5,3) (88,21) (7,3) (85,18) (12,2) (8,-1) (84,15) (83,17) (82,17) (81,14) (80,16) (17,1) (13,0) (79,12) (32,4) (78,8) (45,5) (77,7) (48,5) (76,4) (52,4) (51,4) (75,3) (53,3) (74,1) (54,2) (73,0) (72,-1) (71,0) (55,0) (56,-2) (57,-5) (58,-3) (59,-5) (60,-4) (61,-8) (62,-9) (63,-10) (64,-7) (65,-6) (66,-5) (67,-7) (68,-4) (69,-2) (70,-2) 
(99,24) (96,24) (4,4) (0,2) (89,22) (5,3) (88,21) (7,3) (85,18) (12,2) (8,-1) (84,15) (83,17) (82,17) (81,14) (80,16) (17,1) (13,0) (79,12) (32,4) (78,8) (45,5) (77,7) (48,5) (76,4) (52,4) (51,4) (75,3) (53,3) (74,1) (54,2) (73,0) (72,-1) (71,0) (55,0) 
TD 17 :
(99,24) (96,24) (4,4) (0,2) (89,22) (5,3) (88,21) (7,3) (85,18) (12,2) (8,-1) (84,15) (83,17) (82,17) (81,14) (80,16) (17,1) (13,0) (79,12) (32,4) (78,8) (45,5) (77,7) (48,5) (76,4) (52,4) (51,4) (75,3) (53,3) (74,1) (54,2) (73,0) (72,-1) (71,0) (55,0) (70,-2) (69,-2) (56,-2) 
(99,24) (96,24) (4,4) (0,2) (89,22) (5,3) (88,21) (7,3) (85,18) (12,2) (8,-1) (84,15) (83,17) (82,17) (81,14) (80,16) (17,1) (13,0) (79,12) (32,4) (78,8) (45,5) (77,7) (48,5) (76,4) (52,4) (51,4) (75,3) (53,3) (74,1) (54,2) (73,0) (72,-1) (71,0) (55,0) (70,-2) (69,-2) (56,-2) (57,-5) (58,-3) (59,-5) (60,-4) (61,-8) (62,-9) (63,-10) (64,-7) (65,-6) (66,-5) (67,-7) (68,-4) 
(99,24) (96,24) (4,4) (0,2) (89,22) (5,3) (88,21) (7,3) (85,18) (12,2) (8,-1) (84,15) (83,17) (82,17) (81,14) (80,16) (17,1) (13,0) (79,12) (32,4) (78,8) (45,5) (77,7) (48,5) (76,4) (52,4) (51,4) (75,3) (53,3) (74,1) (54,2) (73,0) (72,-1) (71,0) (55,0) (70,-2) (69,-2) (56,-2) 
TD 18 :
(99,24) (96,24) (4,4) (0,2) (89,22) (5,3) (88,21) (7,3) (85,18) (12,2) (8,-1) (84,15) (83,17) (82,17) (81,14) (80,16) (17,1) (13,0) (79,12) (32,4) (78,8) (45,5) (77,7) (48,5) (76,4) (52,4) (51,4) (75,3) (53,3) (74,1) (54,2) (73,0) (72,-1) (71,0) (55,0) (70,-2) (69,-2) (56,-2) (68,-4) (58,-3) (57,-5) 
(99,24) (96,24) (4,4) (0,2) (89,22) (5,3) (88,21) (7,3) (85,18) (12,2) (8,-1) (84,15) (83,17) (82,17) (81,14) (80,16) (17,1) (13,0) (79,12) (32,4) (78,8) (45,5) (77,7) (48,5) (76,4) (52,4) (51,4) (75,3) (53,3) (74,1) (54,2) (73,0) (72,-1) (71,0) (55,0) (70,-2) (69,-2) (56,-2) (68,-4) (58,-3) (57,-5) (59,-5) (60,-4) (61,-8) (62,-9) (63,-10) (64,-7) (65,-6) (66,-5) (67,-7) 
TD 19 :
(99,24) (96,24) (4,4) (0,2) (89,22) (5,3) (88,21) (7,3) (85,18) (12,2) (8,-1) (84,15) (83,17) (82,17) (81,14) (80,16) (17,1) (13,0) (79,12) (32,4) (78,8) (45,5) (77,7) (48,5) (76,4) (52,4) (51,4) (75,3) (53,3) (74,1) (54,2) (73,0) (72,-1) (71,0) (55,0) (70,-2) (69,-2) (56,-2) (68,-4) (58,-3) (57,-5) (67,-7) (66,-5) (60,-4) (59,-5) 
(99,24) (96,24) (4,4) (0,2) (89,22) (5,3) (88,21) (7,3) (85,18) (12,2) (8,-1) (84,15) (83,17) (82,17) (81,14) (80,16) (17,1) (13,0) (79,12) (32,4) (78,8) (45,5) (77,7) (48,5) (76,4) (52,4) (51,4) (75,3) (53,3) (74,1) (54,2) (73,0) (72,-1) (71,0) (55,0) (70,-2) (69,-2) (56,-2) (68,-4) (58,-3) (57,-5) (67,-7) (66,-5) (60,-4) (59,-5) (61,-8) (62,-9) (63,-10) (64,-7) (65,-6) 
(99,24) (96,24) (4,4) (0,2) (89,22) (5,3) (88,21) (7,3) (85,18) (12,2) (8,-1) (84,15) (83,17) (82,17) (81,14) (80,16) (17,1) (13,0) (79,12) (32,4) (78,8) (45,5) (77,7) (48,5) (76,4) (52,4) (51,4) (75,3) (53,3) (74,1) (54,2) (73,0) (72,-1) (71,0) (55,0) (70,-2) (69,-2) (56,-2) (68,-4) (58,-3) (57,-5) (67,-7) (66,-5) (60,-4) (59,-5) 
TD 20 :
(99,24) (96,24) (4,4) (0,2) (89,22) (5,3) (88,21) (7,3) (85,18) (12,2) (8,-1) (84,15) (83,17) (82,17) (81,14) (80,16) (17,1) (13,0) (79,12) (32,4) (78,8) (45,5) (77,7) (48,5) (76,4) (52,4) (51,4) (75,3) (53,3) (74,1) (54,2) (73,0) (72,-1) (71,0) (55,0) (70,-2) (69,-2) (56,-2) (68,-4) (58,-3) (57,-5) (67,-7) (66,-5) (60,-4) (59,-5) (65,-6) (61,-8) (62,-9) (63,-10) (64,-7) 
TD 21 :
(99,24) (96,24) (4,4) (0,2) (89,22) (5,3) (88,21) (7,3) (85,18) (12,2) (8,-1) (84,15) (83,17) (82,17) (81,14) (80,16) (17,1) (13,0) (79,12) (32,4) (78,8) (45,5) (77,7) (48,5) (76,4) (52,4) (51,4) (75,3) (53,3) (74,1) (54,2) (73,0) (72,-1) (71,0) (55,0) (70,-2) (69,-2) (56,-2) (68,-4) (58,-3) (57,-5) (67,-7) (66,-5) (60,-4) (59,-5) (65,-6) (61,-8) (64,-7) (62,-9) (63,-10) 
Pocket 0 :
()
Pocket 1 :
({  (0,2) ,(1,2) } {  (3,1) ,(4,4) } {  (0,2) ,(1,2) } {  (3,1) ,(4,4) } {  (0,2) ,(1,2) } {  (3,1) ,(4,4) } )
Pocket 2 :
({  (1,2) ,(0,2) } {  (6,1) ,(5,3) } {  (6,1) ,(5,3) } {  (6,1) ,(5,3) } {  (98,23) ,(97,23) } {  (98,23) ,(97,23) } )
Pocket 3 :
({  (2,2) ,(1,2) } {  (99,24) ,(88,21) } {  (99,24) ,(88,21) } {  (99,24) ,(95,21) } )
Pocket 4 :
({  (3,1) ,(2,2) } {  (8,-1) ,(7,3) } {  (8,-1) ,(7,3) } {  (91,19) ,(90,20) } {  (91,19) ,(90,20) } {  (91,19) ,(90,20) } )
Pocket 5 :
({  (6,1) ,(7,3) } {  (86,18) ,(85,18) } {  (86,18) ,(85,18) } {  (99,24) ,(91,19) } {  (99,24) ,(91,19) } {  (99,24) ,(93,18) } )
Pocket 6 :
({  (8,-1) ,(85,18) } {  (13,0) ,(12,2) } {  (8,-1) ,(85,18) } {  (13,0) ,(12,2) } {  (87,18) ,(86,18) } {  (87,18) ,(86,18) } )
Pocket 7 :
({  (9,-3) ,(8,-1) } {  (11,0) ,(10,-1) } {  (9,-3) ,(8,-1) } {  (11,0) ,(10,-1) } {  (9,-3) ,(8,-1) } {  (11,0) ,(10,-1) } {  (83,17) ,(82,17) } {  (83,17) ,(82,17) } {  (83,17) ,(82,17) } )
Pocket 8 :
({  (13,0) ,(82,17) } {  (18,-1) ,(17,1) } {  (13,0) ,(82,17) } {  (18,-1) ,(17,1) } {  (13,0) ,(82,17) } {  (18,-1) ,(17,1) } )
Pocket 9 :
({  (14,-2) ,(13,0) } {  (99,24) ,(16,0) } {  (14,-2) ,(13,0) } {  (99,24) ,(16,0) } {  (33,2) ,(32,4) } {  (33,2) ,(32,4) } )
Pocket 10 :
({  (15,-3) ,(14,-2) } {  (20,-1) ,(19,0) } {  (20,-1) ,(19,0) } {  (20,-1) ,(19,0) } {  (46,3) ,(45,5) } {  (46,3) ,(45,5) } )
Pocket 11 :
({  (18,-1) ,(19,0) } {  (34,1) ,(33,2) } {  (34,1) ,(33,2) } {  (49,3) ,(48,5) } {  (49,3) ,(48,5) } )
Pocket 12 :
({  (36,1) ,(35,2) } {  (36,1) ,(35,2) } {  (99,24) ,(47,4) } {  (99,24) ,(47,4) } {  (52,4) ,(51,4) } {  (52,4) ,(51,4) } {  (52,4) ,(51,4) } )
Pocket 13 :
({  (43,3) ,(42,3) } {  (43,3) ,(42,3) } {  (43,3) ,(42,3) } {  (43,3) ,(42,3) } {  (99,24) ,(46,3) } {  (99,24) ,(46,3) } {  (50,3) ,(49,3) } {  (50,3) ,(49,3) } {  (50,3) ,(49,3) } {  (54,2) ,(53,3) } {  (54,2) ,(53,3) } )
Pocket 14 :
({  (38,1) ,(37,2) } {  (38,1) ,(37,2) } {  (38,1) ,(37,2) } {  (38,1) ,(37,2) } {  (55,0) ,(54,2) } {  (55,0) ,(54,2) } )
Pocket 15 :
({  (99,24) ,(36,1) } {  (99,24) ,(36,1) } {  (99,24) ,(38,1) } {  (99,24) ,(38,1) } {  (99,24) ,(40,1) } {  (99,24) ,(40,1) } {  (99,24) ,(73,0) } )
Pocket 16 :
({  (56,-2) ,(55,0) } {  (56,-2) ,(55,0) } {  (56,-2) ,(55,0) } )
Pocket 17 :
({  (57,-5) ,(56,-2) } {  (57,-5) ,(56,-2) } {  (57,-5) ,(56,-2) } )
Pocket 18 :
({  (57,-5) ,(56,-2) } {  (59,-5) ,(58,-3) } {  (57,-5) ,(56,-2) } {  (59,-5) ,(58,-3) } )
Pocket 19 :
({  (59,-5) ,(57,-5) } {  (61,-8) ,(60,-4) } {  (59,-5) ,(57,-5) } {  (61,-8) ,(60,-4) } {  (59,-5) ,(57,-5) } {  (61,-8) ,(60,-4) } )
Pocket 20 :
({  (61,-8) ,(59,-5) } {  (99,24) ,(65,-6) } )
