1 layers in onion peeling: 
Layer 1
(9,-1) (8,-1) (7,-1) (6,-1) (5,-1) (2,-1) (1,-1) (0,-1) 
---------------------------------------------------------------------------------------
TD 0 :
(9,-1) (8,-1) (7,-1) (6,-1) (5,-1) (4,-2) (3,-2) (2,-1) (1,-1) (0,-1) 
TD 1 :
(9,-1) (8,-1) (7,-1) (6,-1) (5,-1) (2,-1) (1,-1) (0,-1) 
(9,-1) (8,-1) (7,-1) (6,-1) (5,-1) (2,-1) (1,-1) (0,-1) 
(9,-1) (8,-1) (7,-1) (6,-1) (5,-1) (2,-1) (1,-1) (0,-1) (3,-2) (4,-2) 
(9,-1) (8,-1) (7,-1) (6,-1) (5,-1) (2,-1) (1,-1) (0,-1) 
(9,-1) (8,-1) (7,-1) (6,-1) (5,-1) (2,-1) (1,-1) (0,-1) 
(9,-1) (8,-1) (7,-1) (6,-1) (5,-1) (2,-1) (1,-1) (0,-1) 
(9,-1) (8,-1) (7,-1) (6,-1) (5,-1) (2,-1) (1,-1) (0,-1) 
Pocket 0 :
()
