105 layers in onion peeling: 
Layer 1
(999,-68) (998,-61) (909,49) (382,148) (294,141) (37,63) (0,4) 
Layer 2
(997,-73) (908,48) (381,147) (291,140) (36,58) (3,5) (2,3) (1,-2) 
Layer 3
(996,-78) (994,-74) (911,43) (910,44) (869,53) (386,146) (380,146) (290,138) (38,57) (34,52) (4,3) 
Layer 4
(995,-79) (991,-73) (941,0) (916,33) (906,43) (385,145) (295,138) (39,56) (33,49) (5,1) 
Layer 5
(993,-81) (992,-77) (940,0) (920,27) (912,36) (907,38) (870,50) (860,52) (393,143) (388,143) (293,137) (35,50) (32,47) (7,3) (6,-1) 
Layer 6
(990,-78) (988,-73) (942,-3) (914,33) (905,37) (861,50) (387,142) (384,142) (379,142) (378,142) (292,136) (40,48) (31,43) (16,18) (10,8) (9,6) (8,2) 
Layer 7
(989,-76) (943,-6) (939,0) (917,29) (913,33) (862,49) (392,141) (383,141) (369,141) (296,132) (280,128) (261,123) (159,87) (30,41) (11,5) 
Layer 8
(987,-77) (964,-41) (929,13) (921,23) (915,28) (889,39) (868,46) (395,139) (389,140) (354,138) (288,129) (276,125) (160,86) (29,39) (12,5) 
Layer 9
(986,-85) (962,-39) (938,-2) (922,20) (918,24) (867,46) (394,136) (373,139) (356,138) (297,130) (289,128) (219,105) (161,85) (28,36) (17,14) (15,10) (13,3) 
Layer 10
(985,-88) (965,-45) (963,-41) (924,16) (919,21) (896,33) (892,35) (863,44) (854,46) (377,138) (358,138) (281,125) (260,118) (162,85) (146,79) (41,38) (27,32) (21,20) (19,16) (14,2) 
Layer 11
(984,-93) (967,-52) (950,-23) (928,9) (923,16) (904,28) (897,32) (895,33) (891,35) (888,36) (859,44) (390,135) (371,137) (370,137) (355,135) (282,124) (277,123) (157,83) (42,38) (26,25) (20,17) (18,12) 
Layer 12
(983,-92) (969,-61) (959,-39) (930,6) (925,12) (901,29) (890,35) (858,44) (391,134) (364,136) (284,122) (262,117) (258,116) (164,85) (45,37) (25,22) (23,17) (22,14) 
Layer 13
(982,-94) (978,-84) (975,-77) (966,-56) (960,-42) (951,-27) (944,-16) (931,4) (902,28) (871,39) (396,132) (362,135) (287,122) (263,117) (259,116) (247,112) (220,103) (158,81) (150,78) (43,33) (24,18) 
Layer 14
(981,-98) (979,-91) (968,-61) (961,-46) (952,-31) (936,-6) (932,0) (926,5) (898,28) (894,30) (887,33) (864,39) (398,131) (376,133) (375,133) (357,132) (283,121) (257,115) (163,82) (151,77) (46,31) (44,30) 
Layer 15
(980,-97) (973,-75) (958,-46) (945,-21) (937,-10) (927,1) (899,27) (886,32) (866,37) (853,40) (374,131) (368,132) (367,132) (279,120) (253,112) (172,85) (166,83) (51,32) (49,31) (47,30) 
Layer 16
(977,-93) (974,-82) (972,-75) (953,-37) (949,-30) (935,-12) (903,23) (872,35) (857,38) (372,130) (366,131) (365,131) (363,131) (298,121) (278,117) (217,99) (168,83) (48,29) 
Layer 17
(976,-90) (971,-75) (955,-42) (934,-14) (900,24) (884,30) (873,34) (865,36) (400,124) (361,129) (351,128) (286,118) (264,112) (218,99) (173,84) (167,82) (149,74) (69,36) (50,26) 
Layer 18
(970,-75) (954,-42) (947,-32) (933,-16) (893,24) (855,36) (360,128) (285,116) (250,108) (198,91) (165,80) (154,76) (145,72) (70,33) (52,18) 
Layer 19
(957,-49) (946,-32) (883,27) (852,33) (397,121) (359,127) (353,126) (252,108) (248,107) (148,73) (68,28) (54,18) (53,15) 
Layer 20
(956,-48) (948,-36) (885,18) (874,24) (856,32) (399,120) (352,124) (267,109) (249,105) (205,92) (169,80) (155,75) (147,71) (67,26) (60,22) (57,20) (56,19) (55,14) 
Layer 21
(882,16) (851,30) (402,119) (349,118) (275,110) (268,109) (254,106) (170,80) (156,75) (65,24) (59,15) (58,11) 
Layer 22
(881,14) (875,19) (841,30) (401,115) (350,118) (265,108) (221,95) (171,80) (66,24) (64,20) (61,13) 
Layer 23
(880,9) (876,13) (843,28) (838,30) (835,31) (347,116) (324,114) (269,108) (255,104) (206,90) (176,81) (144,65) (71,22) (63,13) (62,11) 
Layer 24
(879,8) (845,26) (827,30) (348,114) (299,110) (270,106) (246,101) (200,88) (174,78) (152,68) (73,20) (72,14) 
Layer 25
(878,1) (877,8) (850,23) (846,25) (840,27) (403,103) (346,112) (326,112) (256,102) (251,101) (212,91) (199,87) (177,78) (153,68) (75,15) (74,12) 
Layer 26
(849,17) (844,25) (839,27) (344,111) (343,111) (321,111) (266,103) (229,95) (216,92) (175,77) (143,61) (90,23) (78,13) (76,7) 
Layer 27
(848,17) (837,27) (407,99) (342,109) (340,109) (327,109) (325,109) (320,109) (271,103) (222,93) (214,91) (197,83) (142,56) (89,22) (77,8) 
Layer 28
(847,15) (842,22) (834,27) (404,99) (345,108) (300,105) (273,103) (234,95) (213,89) (207,87) (194,81) (181,75) (91,20) (79,8) 
Layer 29
(836,24) (829,27) (408,95) (336,106) (322,105) (272,100) (235,94) (215,89) (204,85) (191,79) (178,73) (88,15) (80,7) 
Layer 30
(833,20) (830,24) (828,25) (339,105) (245,93) (208,85) (201,83) (196,81) (141,49) (92,16) (87,12) (81,7) 
Layer 31
(832,21) (405,93) (338,104) (301,100) (236,91) (203,83) (190,77) (180,71) (94,14) (82,6) 
Layer 32
(831,19) (808,25) (406,92) (341,102) (319,101) (240,91) (202,82) (195,79) (93,13) (85,7) (83,3) 
Layer 33
(826,20) (810,23) (409,91) (337,101) (335,101) (323,100) (303,98) (230,88) (211,84) (192,77) (140,43) (84,3) 
Layer 34
(825,19) (809,22) (410,90) (328,99) (302,97) (274,94) (239,89) (233,88) (209,83) (193,75) (179,68) (128,34) (95,10) (86,3) 
Layer 35
(824,16) (814,21) (797,24) (411,86) (334,96) (318,98) (243,89) (210,83) (184,70) (182,69) (127,33) (96,-1) 
Layer 36
(823,15) (812,21) (807,22) (417,82) (332,95) (304,94) (241,88) (228,86) (189,72) (137,38) (126,30) (97,-4) 
Layer 37
(822,8) (815,18) (813,19) (416,80) (333,92) (317,94) (244,87) (231,84) (223,82) (185,68) (139,38) (129,31) (125,28) (123,26) (99,-7) (98,-9) 
Layer 38
(821,9) (816,14) (811,16) (806,18) (800,19) (331,92) (242,86) (237,85) (227,82) (183,66) (138,37) (135,35) (130,31) (107,3) (104,-2) (100,-14) 
Layer 39
(820,9) (804,18) (329,91) (238,83) (232,82) (224,80) (187,67) (136,34) (106,-2) (103,-7) (102,-10) (101,-17) 
Layer 40
(819,3) (817,10) (803,18) (711,32) (310,89) (225,77) (186,66) (134,29) (124,19) (105,-4) 
Layer 41
(818,5) (805,16) (799,18) (415,74) (330,86) (305,86) (226,74) (188,63) (133,25) (122,15) (117,9) (108,-2) 
Layer 42
(802,16) (798,18) (413,74) (316,84) (311,84) (132,23) (120,12) (109,-8) 
Layer 43
(801,16) (710,30) (412,74) (309,81) (131,21) (119,9) (118,8) (110,-18) 
Layer 44
(796,14) (717,27) (414,73) (313,80) (307,80) (121,7) (116,1) (111,-22) 
Layer 45
(795,14) (712,27) (418,72) (306,78) (115,-6) (112,-22) 
Layer 46
(794,14) (422,70) (308,77) (114,-12) (113,-18) 
Layer 47
(793,9) (789,14) (419,70) (315,76) (314,76) (312,76) 
Layer 48
(792,-3) (790,6) (788,13) (713,25) (420,69) 
Layer 49
(791,-2) (787,2) (757,13) (716,24) (423,68) (421,68) 
Layer 50
(786,0) (752,14) (709,23) (431,61) (424,61) 
Layer 51
(785,-6) (784,-2) (758,11) (718,18) (428,59) (425,55) 
Layer 52
(783,-11) (782,-7) (778,0) (759,9) (739,14) (715,18) (430,58) (426,52) 
Layer 53
(781,-10) (777,0) (756,9) (724,16) (451,54) (429,56) (427,53) 
Layer 54
(780,-17) (776,-4) (770,0) (755,9) (719,16) (432,55) 
Layer 55
(779,-14) (775,-6) (760,5) (741,10) (722,15) (447,52) (433,53) 
Layer 56
(774,-8) (773,-7) (753,6) (750,7) (740,10) (723,14) (703,17) (448,50) (435,45) (434,44) 
Layer 57
(772,-12) (771,-8) (751,6) (714,15) (453,47) (452,47) (449,46) (442,43) (440,41) (437,38) (436,35) 
Layer 58
(769,-16) (768,-10) (766,-5) (765,-4) (742,8) (708,15) (450,46) (441,41) (439,38) (438,36) 
Layer 59
(767,-12) (764,-4) (761,-2) (749,4) (721,11) (704,13) (446,43) (445,43) (443,39) 
Layer 60
(763,-16) (762,-10) (754,0) (745,3) (725,8) (720,9) (702,12) (454,38) (444,38) 
Layer 61
(748,1) (706,10) (455,31) 
Layer 62
(747,-1) (746,1) (743,2) (705,10) (459,30) (456,23) 
Layer 63
(744,-2) (738,3) (707,7) (696,8) (457,24) 
Layer 64
(737,0) (726,2) (701,6) (460,20) (458,20) 
Layer 65
(736,0) (700,6) (495,17) (463,18) (461,10) 
Layer 66
(735,-2) (697,6) (464,16) (462,11) 
Layer 67
(734,-8) (727,-5) (694,4) (497,13) (465,14) 
Layer 68
(733,-9) (695,3) (500,11) (499,11) (496,11) (466,9) 
Layer 69
(732,-10) (728,-8) (699,1) (498,10) (494,10) (467,6) 
Layer 70
(731,-17) (729,-12) (698,0) (693,1) (501,9) (468,5) 
Layer 71
(730,-16) (692,-4) (502,6) (469,3) 
Layer 72
(691,-9) (507,5) (486,3) (470,0) 
Layer 73
(690,-17) (689,-14) (688,-13) (506,4) (505,4) (490,3) (483,2) (477,1) (476,0) (471,-5) 
Layer 74
(687,-15) (675,-13) (493,3) (484,2) (478,1) (472,-6) 
Layer 75
(686,-20) (673,-13) (503,2) (487,1) (480,0) (473,-6) 
Layer 76
(685,-20) (674,-14) (508,0) (488,0) (479,-1) (474,-7) 
Layer 77
(684,-27) (677,-17) (636,-13) (504,-2) (492,-1) (489,-1) (482,-2) (475,-9) 
Layer 78
(683,-29) (676,-17) (639,-14) (485,-4) (481,-6) 
Layer 79
(682,-30) (679,-23) (672,-18) (491,-6) 
Layer 80
(681,-30) (678,-23) (671,-18) (640,-16) (509,-8) 
Layer 81
(680,-29) (670,-22) (641,-17) (510,-12) 
Layer 82
(669,-24) (638,-19) (511,-14) 
Layer 83
(668,-29) (637,-20) (569,-18) (519,-18) (512,-22) 
Layer 84
(667,-32) (664,-28) (633,-20) (632,-20) (576,-20) (513,-22) 
Layer 85
(666,-35) (665,-31) (631,-21) (574,-21) (516,-22) (514,-24) 
Layer 86
(663,-32) (634,-22) (577,-22) (572,-22) (546,-22) (537,-22) (527,-22) (522,-22) (518,-24) (515,-26) 
Layer 87
(662,-33) (642,-26) (622,-24) (611,-23) (570,-23) (528,-23) (526,-23) (521,-23) (517,-27) 
Layer 88
(661,-38) (656,-34) (626,-25) (610,-24) (578,-24) (573,-24) (571,-24) (545,-24) (530,-24) (525,-24) (520,-26) 
Layer 89
(660,-43) (659,-41) (657,-38) (643,-31) (635,-28) (629,-26) (623,-25) (608,-25) (606,-25) (604,-25) (603,-25) (523,-25) 
Layer 90
(658,-45) (655,-39) (644,-32) (624,-26) (621,-26) (612,-26) (605,-26) (579,-26) (568,-26) (529,-26) (524,-26) 
Layer 91
(654,-43) (645,-35) (630,-28) (620,-27) (609,-27) (547,-27) (538,-27) (531,-29) 
Layer 92
(653,-45) (646,-36) (628,-31) (607,-28) (567,-28) (566,-28) (536,-29) (535,-30) (532,-36) 
Layer 93
(652,-56) (651,-50) (649,-42) (648,-39) (627,-31) (575,-30) (550,-30) (539,-31) (533,-40) 
Layer 94
(650,-48) (647,-39) (613,-31) (548,-31) (541,-31) (534,-41) 
Layer 95
(625,-34) (580,-32) (549,-33) (543,-34) (540,-36) 
Layer 96
(619,-35) (602,-34) (599,-34) (581,-34) (551,-34) (544,-35) (542,-40) 
Layer 97
(618,-37) (617,-35) (564,-35) (552,-38) 
Layer 98
(616,-46) (615,-40) (614,-38) (590,-36) (582,-36) (565,-36) (553,-41) 
Layer 99
(601,-37) (591,-37) (563,-37) (556,-41) (554,-43) 
Layer 100
(600,-40) (598,-38) (559,-42) (555,-48) 
Layer 101
(597,-43) (592,-39) (561,-42) (558,-44) (557,-48) 
Layer 102
(596,-43) (594,-41) (593,-40) (560,-43) 
Layer 103
(595,-44) (584,-44) (562,-44) 
Layer 104
(589,-46) (583,-45) 
Layer 105
(588,-51) (587,-48) (585,-48) 
---------------------------------------------------------------------------------------
TD 0 :
(999,-68) (998,-61) (997,-73) (996,-78) (995,-79) (994,-74) (993,-81) (992,-77) (991,-73) (990,-78) (989,-76) (988,-73) (987,-77) (986,-85) (985,-88) (984,-93) (983,-92) (982,-94) (981,-98) (980,-97) (979,-91) (978,-84) (977,-93) (976,-90) (975,-77) (974,-82) (973,-75) (972,-75) (971,-75) (970,-75) (969,-61) (968,-61) (967,-52) (966,-56) (965,-45) (964,-41) (963,-41) (962,-39) (961,-46) (960,-42) (959,-39) (958,-46) (957,-49) (956,-48) (955,-42) (954,-42) (953,-37) (952,-31) (951,-27) (950,-23) (949,-30) (948,-36) (947,-32) (946,-32) (945,-21) (944,-16) (943,-6) (942,-3) (941,0) (940,0) (939,0) (938,-2) (937,-10) (936,-6) (935,-12) (934,-14) (933,-16) (932,0) (931,4) (930,6) (929,13) (928,9) (927,1) (926,5) (925,12) (924,16) (923,16) (922,20) (921,23) (920,27) (919,21) (918,24) (917,29) (916,33) (915,28) (914,33) (913,33) (912,36) (911,43) (910,44) (909,49) (908,48) (907,38) (906,43) (905,37) (904,28) (903,23) (902,28) (901,29) (900,24) (899,27) (898,28) (897,32) (896,33) (895,33) (894,30) (893,24) (892,35) (891,35) (890,35) (889,39) (888,36) (887,33) (886,32) (885,18) (884,30) (883,27) (882,16) (881,14) (880,9) (879,8) (878,1) (877,8) (876,13) (875,19) (874,24) (873,34) (872,35) (871,39) (870,50) (869,53) (868,46) (867,46) (866,37) (865,36) (864,39) (863,44) (862,49) (861,50) (860,52) (859,44) (858,44) (857,38) (856,32) (855,36) (854,46) (853,40) (852,33) (851,30) (850,23) (849,17) (848,17) (847,15) (846,25) (845,26) (844,25) (843,28) (842,22) (841,30) (840,27) (839,27) (838,30) (837,27) (836,24) (835,31) (834,27) (833,20) (832,21) (831,19) (830,24) (829,27) (828,25) (827,30) (826,20) (825,19) (824,16) (823,15) (822,8) (821,9) (820,9) (819,3) (818,5) (817,10) (816,14) (815,18) (814,21) (813,19) (812,21) (811,16) (810,23) (809,22) (808,25) (807,22) (806,18) (805,16) (804,18) (803,18) (802,16) (801,16) (800,19) (799,18) (798,18) (797,24) (796,14) (795,14) (794,14) (793,9) (792,-3) (791,-2) (790,6) (789,14) (788,13) (787,2) (786,0) (785,-6) (784,-2) (783,-11) (782,-7) (781,-10) (780,-17) (779,-14) (778,0) (777,0) (776,-4) (775,-6) (774,-8) (773,-7) (772,-12) (771,-8) (770,0) (769,-16) (768,-10) (767,-12) (766,-5) (765,-4) (764,-4) (763,-16) (762,-10) (761,-2) (760,5) (759,9) (758,11) (757,13) (756,9) (755,9) (754,0) (753,6) (752,14) (751,6) (750,7) (749,4) (748,1) (747,-1) (746,1) (745,3) (744,-2) (743,2) (742,8) (741,10) (740,10) (739,14) (738,3) (737,0) (736,0) (735,-2) (734,-8) (733,-9) (732,-10) (731,-17) (730,-16) (729,-12) (728,-8) (727,-5) (726,2) (725,8) (724,16) (723,14) (722,15) (721,11) (720,9) (719,16) (718,18) (717,27) (716,24) (715,18) (714,15) (713,25) (712,27) (711,32) (710,30) (709,23) (708,15) (707,7) (706,10) (705,10) (704,13) (703,17) (702,12) (701,6) (700,6) (699,1) (698,0) (697,6) (696,8) (695,3) (694,4) (693,1) (692,-4) (691,-9) (690,-17) (689,-14) (688,-13) (687,-15) (686,-20) (685,-20) (684,-27) (683,-29) (682,-30) (681,-30) (680,-29) (679,-23) (678,-23) (677,-17) (676,-17) (675,-13) (674,-14) (673,-13) (672,-18) (671,-18) (670,-22) (669,-24) (668,-29) (667,-32) (666,-35) (665,-31) (664,-28) (663,-32) (662,-33) (661,-38) (660,-43) (659,-41) (658,-45) (657,-38) (656,-34) (655,-39) (654,-43) (653,-45) (652,-56) (651,-50) (650,-48) (649,-42) (648,-39) (647,-39) (646,-36) (645,-35) (644,-32) (643,-31) (642,-26) (641,-17) (640,-16) (639,-14) (638,-19) (637,-20) (636,-13) (635,-28) (634,-22) (633,-20) (632,-20) (631,-21) (630,-28) (629,-26) (628,-31) (627,-31) (626,-25) (625,-34) (624,-26) (623,-25) (622,-24) (621,-26) (620,-27) (619,-35) (618,-37) (617,-35) (616,-46) (615,-40) (614,-38) (613,-31) (612,-26) (611,-23) (610,-24) (609,-27) (608,-25) (607,-28) (606,-25) (605,-26) (604,-25) (603,-25) (602,-34) (601,-37) (600,-40) (599,-34) (598,-38) (597,-43) (596,-43) (595,-44) (594,-41) (593,-40) (592,-39) (591,-37) (590,-36) (589,-46) (588,-51) (587,-48) (586,-53) (585,-48) (584,-44) (583,-45) (582,-36) (581,-34) (580,-32) (579,-26) (578,-24) (577,-22) (576,-20) (575,-30) (574,-21) (573,-24) (572,-22) (571,-24) (570,-23) (569,-18) (568,-26) (567,-28) (566,-28) (565,-36) (564,-35) (563,-37) (562,-44) (561,-42) (560,-43) (559,-42) (558,-44) (557,-48) (556,-41) (555,-48) (554,-43) (553,-41) (552,-38) (551,-34) (550,-30) (549,-33) (548,-31) (547,-27) (546,-22) (545,-24) (544,-35) (543,-34) (542,-40) (541,-31) (540,-36) (539,-31) (538,-27) (537,-22) (536,-29) (535,-30) (534,-41) (533,-40) (532,-36) (531,-29) (530,-24) (529,-26) (528,-23) (527,-22) (526,-23) (525,-24) (524,-26) (523,-25) (522,-22) (521,-23) (520,-26) (519,-18) (518,-24) (517,-27) (516,-22) (515,-26) (514,-24) (513,-22) (512,-22) (511,-14) (510,-12) (509,-8) (508,0) (507,5) (506,4) (505,4) (504,-2) (503,2) (502,6) (501,9) (500,11) (499,11) (498,10) (497,13) (496,11) (495,17) (494,10) (493,3) (492,-1) (491,-6) (490,3) (489,-1) (488,0) (487,1) (486,3) (485,-4) (484,2) (483,2) (482,-2) (481,-6) (480,0) (479,-1) (478,1) (477,1) (476,0) (475,-9) (474,-7) (473,-6) (472,-6) (471,-5) (470,0) (469,3) (468,5) (467,6) (466,9) (465,14) (464,16) (463,18) (462,11) (461,10) (460,20) (459,30) (458,20) (457,24) (456,23) (455,31) (454,38) (453,47) (452,47) (451,54) (450,46) (449,46) (448,50) (447,52) (446,43) (445,43) (444,38) (443,39) (442,43) (441,41) (440,41) (439,38) (438,36) (437,38) (436,35) (435,45) (434,44) (433,53) (432,55) (431,61) (430,58) (429,56) (428,59) (427,53) (426,52) (425,55) (424,61) (423,68) (422,70) (421,68) (420,69) (419,70) (418,72) (417,82) (416,80) (415,74) (414,73) (413,74) (412,74) (411,86) (410,90) (409,91) (408,95) (407,99) (406,92) (405,93) (404,99) (403,103) (402,119) (401,115) (400,124) (399,120) (398,131) (397,121) (396,132) (395,139) (394,136) (393,143) (392,141) (391,134) (390,135) (389,140) (388,143) (387,142) (386,146) (385,145) (384,142) (383,141) (382,148) (381,147) (380,146) (379,142) (378,142) (377,138) (376,133) (375,133) (374,131) (373,139) (372,130) (371,137) (370,137) (369,141) (368,132) (367,132) (366,131) (365,131) (364,136) (363,131) (362,135) (361,129) (360,128) (359,127) (358,138) (357,132) (356,138) (355,135) (354,138) (353,126) (352,124) (351,128) (350,118) (349,118) (348,114) (347,116) (346,112) (345,108) (344,111) (343,111) (342,109) (341,102) (340,109) (339,105) (338,104) (337,101) (336,106) (335,101) (334,96) (333,92) (332,95) (331,92) (330,86) (329,91) (328,99) (327,109) (326,112) (325,109) (324,114) (323,100) (322,105) (321,111) (320,109) (319,101) (318,98) (317,94) (316,84) (315,76) (314,76) (313,80) (312,76) (311,84) (310,89) (309,81) (308,77) (307,80) (306,78) (305,86) (304,94) (303,98) (302,97) (301,100) (300,105) (299,110) (298,121) (297,130) (296,132) (295,138) (294,141) (293,137) (292,136) (291,140) (290,138) (289,128) (288,129) (287,122) (286,118) (285,116) (284,122) (283,121) (282,124) (281,125) (280,128) (279,120) (278,117) (277,123) (276,125) (275,110) (274,94) (273,103) (272,100) (271,103) (270,106) (269,108) (268,109) (267,109) (266,103) (265,108) (264,112) (263,117) (262,117) (261,123) (260,118) (259,116) (258,116) (257,115) (256,102) (255,104) (254,106) (253,112) (252,108) (251,101) (250,108) (249,105) (248,107) (247,112) (246,101) (245,93) (244,87) (243,89) (242,86) (241,88) (240,91) (239,89) (238,83) (237,85) (236,91) (235,94) (234,95) (233,88) (232,82) (231,84) (230,88) (229,95) (228,86) (227,82) (226,74) (225,77) (224,80) (223,82) (222,93) (221,95) (220,103) (219,105) (218,99) (217,99) (216,92) (215,89) (214,91) (213,89) (212,91) (211,84) (210,83) (209,83) (208,85) (207,87) (206,90) (205,92) (204,85) (203,83) (202,82) (201,83) (200,88) (199,87) (198,91) (197,83) (196,81) (195,79) (194,81) (193,75) (192,77) (191,79) (190,77) (189,72) (188,63) (187,67) (186,66) (185,68) (184,70) (183,66) (182,69) (181,75) (180,71) (179,68) (178,73) (177,78) (176,81) (175,77) (174,78) (173,84) (172,85) (171,80) (170,80) (169,80) (168,83) (167,82) (166,83) (165,80) (164,85) (163,82) (162,85) (161,85) (160,86) (159,87) (158,81) (157,83) (156,75) (155,75) (154,76) (153,68) (152,68) (151,77) (150,78) (149,74) (148,73) (147,71) (146,79) (145,72) (144,65) (143,61) (142,56) (141,49) (140,43) (139,38) (138,37) (137,38) (136,34) (135,35) (134,29) (133,25) (132,23) (131,21) (130,31) (129,31) (128,34) (127,33) (126,30) (125,28) (124,19) (123,26) (122,15) (121,7) (120,12) (119,9) (118,8) (117,9) (116,1) (115,-6) (114,-12) (113,-18) (112,-22) (111,-22) (110,-18) (109,-8) (108,-2) (107,3) (106,-2) (105,-4) (104,-2) (103,-7) (102,-10) (101,-17) (100,-14) (99,-7) (98,-9) (97,-4) (96,-1) (95,10) (94,14) (93,13) (92,16) (91,20) (90,23) (89,22) (88,15) (87,12) (86,3) (85,7) (84,3) (83,3) (82,6) (81,7) (80,7) (79,8) (78,13) (77,8) (76,7) (75,15) (74,12) (73,20) (72,14) (71,22) (70,33) (69,36) (68,28) (67,26) (66,24) (65,24) (64,20) (63,13) (62,11) (61,13) (60,22) (59,15) (58,11) (57,20) (56,19) (55,14) (54,18) (53,15) (52,18) (51,32) (50,26) (49,31) (48,29) (47,30) (46,31) (45,37) (44,30) (43,33) (42,38) (41,38) (40,48) (39,56) (38,57) (37,63) (36,58) (35,50) (34,52) (33,49) (32,47) (31,43) (30,41) (29,39) (28,36) (27,32) (26,25) (25,22) (24,18) (23,17) (22,14) (21,20) (20,17) (19,16) (18,12) (17,14) (16,18) (15,10) (14,2) (13,3) (12,5) (11,5) (10,8) (9,6) (8,2) (7,3) (6,-1) (5,1) (4,3) (3,5) (2,3) (1,-2) (0,4) 
TD 1 :
(999,-68) (998,-61) (909,49) (382,148) (294,141) (37,63) (0,4) (1,-2) (2,3) (3,5) (4,3) (5,1) (6,-1) (7,3) (8,2) (9,6) (10,8) (11,5) (12,5) (13,3) (14,2) (15,10) (16,18) (17,14) (18,12) (19,16) (20,17) (21,20) (22,14) (23,17) (24,18) (25,22) (26,25) (27,32) (28,36) (29,39) (30,41) (31,43) (32,47) (33,49) (34,52) (35,50) (36,58) 
(999,-68) (998,-61) (909,49) (382,148) (294,141) (37,63) (0,4) (38,57) (39,56) (40,48) (41,38) (42,38) (43,33) (44,30) (45,37) (46,31) (47,30) (48,29) (49,31) (50,26) (51,32) (52,18) (53,15) (54,18) (55,14) (56,19) (57,20) (58,11) (59,15) (60,22) (61,13) (62,11) (63,13) (64,20) (65,24) (66,24) (67,26) (68,28) (69,36) (70,33) (71,22) (72,14) (73,20) (74,12) (75,15) (76,7) (77,8) (78,13) (79,8) (80,7) (81,7) (82,6) (83,3) (84,3) (85,7) (86,3) (87,12) (88,15) (89,22) (90,23) (91,20) (92,16) (93,13) (94,14) (95,10) (96,-1) (97,-4) (98,-9) (99,-7) (100,-14) (101,-17) (102,-10) (103,-7) (104,-2) (105,-4) (106,-2) (107,3) (108,-2) (109,-8) (110,-18) (111,-22) (112,-22) (113,-18) (114,-12) (115,-6) (116,1) (117,9) (118,8) (119,9) (120,12) (121,7) (122,15) (123,26) (124,19) (125,28) (126,30) (127,33) (128,34) (129,31) (130,31) (131,21) (132,23) (133,25) (134,29) (135,35) (136,34) (137,38) (138,37) (139,38) (140,43) (141,49) (142,56) (143,61) (144,65) (145,72) (146,79) (147,71) (148,73) (149,74) (150,78) (151,77) (152,68) (153,68) (154,76) (155,75) (156,75) (157,83) (158,81) (159,87) (160,86) (161,85) (162,85) (163,82) (164,85) (165,80) (166,83) (167,82) (168,83) (169,80) (170,80) (171,80) (172,85) (173,84) (174,78) (175,77) (176,81) (177,78) (178,73) (179,68) (180,71) (181,75) (182,69) (183,66) (184,70) (185,68) (186,66) (187,67) (188,63) (189,72) (190,77) (191,79) (192,77) (193,75) (194,81) (195,79) (196,81) (197,83) (198,91) (199,87) (200,88) (201,83) (202,82) (203,83) (204,85) (205,92) (206,90) (207,87) (208,85) (209,83) (210,83) (211,84) (212,91) (213,89) (214,91) (215,89) (216,92) (217,99) (218,99) (219,105) (220,103) (221,95) (222,93) (223,82) (224,80) (225,77) (226,74) (227,82) (228,86) (229,95) (230,88) (231,84) (232,82) (233,88) (234,95) (235,94) (236,91) (237,85) (238,83) (239,89) (240,91) (241,88) (242,86) (243,89) (244,87) (245,93) (246,101) (247,112) (248,107) (249,105) (250,108) (251,101) (252,108) (253,112) (254,106) (255,104) (256,102) (257,115) (258,116) (259,116) (260,118) (261,123) (262,117) (263,117) (264,112) (265,108) (266,103) (267,109) (268,109) (269,108) (270,106) (271,103) (272,100) (273,103) (274,94) (275,110) (276,125) (277,123) (278,117) (279,120) (280,128) (281,125) (282,124) (283,121) (284,122) (285,116) (286,118) (287,122) (288,129) (289,128) (290,138) (291,140) (292,136) (293,137) 
(999,-68) (998,-61) (909,49) (382,148) (294,141) (37,63) (0,4) (295,138) (296,132) (297,130) (298,121) (299,110) (300,105) (301,100) (302,97) (303,98) (304,94) (305,86) (306,78) (307,80) (308,77) (309,81) (310,89) (311,84) (312,76) (313,80) (314,76) (315,76) (316,84) (317,94) (318,98) (319,101) (320,109) (321,111) (322,105) (323,100) (324,114) (325,109) (326,112) (327,109) (328,99) (329,91) (330,86) (331,92) (332,95) (333,92) (334,96) (335,101) (336,106) (337,101) (338,104) (339,105) (340,109) (341,102) (342,109) (343,111) (344,111) (345,108) (346,112) (347,116) (348,114) (349,118) (350,118) (351,128) (352,124) (353,126) (354,138) (355,135) (356,138) (357,132) (358,138) (359,127) (360,128) (361,129) (362,135) (363,131) (364,136) (365,131) (366,131) (367,132) (368,132) (369,141) (370,137) (371,137) (372,130) (373,139) (374,131) (375,133) (376,133) (377,138) (378,142) (379,142) (380,146) (381,147) 
(999,-68) (998,-61) (909,49) (382,148) (294,141) (37,63) (0,4) (383,141) (384,142) (385,145) (386,146) (387,142) (388,143) (389,140) (390,135) (391,134) (392,141) (393,143) (394,136) (395,139) (396,132) (397,121) (398,131) (399,120) (400,124) (401,115) (402,119) (403,103) (404,99) (405,93) (406,92) (407,99) (408,95) (409,91) (410,90) (411,86) (412,74) (413,74) (414,73) (415,74) (416,80) (417,82) (418,72) (419,70) (420,69) (421,68) (422,70) (423,68) (424,61) (425,55) (426,52) (427,53) (428,59) (429,56) (430,58) (431,61) (432,55) (433,53) (434,44) (435,45) (436,35) (437,38) (438,36) (439,38) (440,41) (441,41) (442,43) (443,39) (444,38) (445,43) (446,43) (447,52) (448,50) (449,46) (450,46) (451,54) (452,47) (453,47) (454,38) (455,31) (456,23) (457,24) (458,20) (459,30) (460,20) (461,10) (462,11) (463,18) (464,16) (465,14) (466,9) (467,6) (468,5) (469,3) (470,0) (471,-5) (472,-6) (473,-6) (474,-7) (475,-9) (476,0) (477,1) (478,1) (479,-1) (480,0) (481,-6) (482,-2) (483,2) (484,2) (485,-4) (486,3) (487,1) (488,0) (489,-1) (490,3) (491,-6) (492,-1) (493,3) (494,10) (495,17) (496,11) (497,13) (498,10) (499,11) (500,11) (501,9) (502,6) (503,2) (504,-2) (505,4) (506,4) (507,5) (508,0) (509,-8) (510,-12) (511,-14) (512,-22) (513,-22) (514,-24) (515,-26) (516,-22) (517,-27) (518,-24) (519,-18) (520,-26) (521,-23) (522,-22) (523,-25) (524,-26) (525,-24) (526,-23) (527,-22) (528,-23) (529,-26) (530,-24) (531,-29) (532,-36) (533,-40) (534,-41) (535,-30) (536,-29) (537,-22) (538,-27) (539,-31) (540,-36) (541,-31) (542,-40) (543,-34) (544,-35) (545,-24) (546,-22) (547,-27) (548,-31) (549,-33) (550,-30) (551,-34) (552,-38) (553,-41) (554,-43) (555,-48) (556,-41) (557,-48) (558,-44) (559,-42) (560,-43) (561,-42) (562,-44) (563,-37) (564,-35) (565,-36) (566,-28) (567,-28) (568,-26) (569,-18) (570,-23) (571,-24) (572,-22) (573,-24) (574,-21) (575,-30) (576,-20) (577,-22) (578,-24) (579,-26) (580,-32) (581,-34) (582,-36) (583,-45) (584,-44) (585,-48) (586,-53) (587,-48) (588,-51) (589,-46) (590,-36) (591,-37) (592,-39) (593,-40) (594,-41) (595,-44) (596,-43) (597,-43) (598,-38) (599,-34) (600,-40) (601,-37) (602,-34) (603,-25) (604,-25) (605,-26) (606,-25) (607,-28) (608,-25) (609,-27) (610,-24) (611,-23) (612,-26) (613,-31) (614,-38) (615,-40) (616,-46) (617,-35) (618,-37) (619,-35) (620,-27) (621,-26) (622,-24) (623,-25) (624,-26) (625,-34) (626,-25) (627,-31) (628,-31) (629,-26) (630,-28) (631,-21) (632,-20) (633,-20) (634,-22) (635,-28) (636,-13) (637,-20) (638,-19) (639,-14) (640,-16) (641,-17) (642,-26) (643,-31) (644,-32) (645,-35) (646,-36) (647,-39) (648,-39) (649,-42) (650,-48) (651,-50) (652,-56) (653,-45) (654,-43) (655,-39) (656,-34) (657,-38) (658,-45) (659,-41) (660,-43) (661,-38) (662,-33) (663,-32) (664,-28) (665,-31) (666,-35) (667,-32) (668,-29) (669,-24) (670,-22) (671,-18) (672,-18) (673,-13) (674,-14) (675,-13) (676,-17) (677,-17) (678,-23) (679,-23) (680,-29) (681,-30) (682,-30) (683,-29) (684,-27) (685,-20) (686,-20) (687,-15) (688,-13) (689,-14) (690,-17) (691,-9) (692,-4) (693,1) (694,4) (695,3) (696,8) (697,6) (698,0) (699,1) (700,6) (701,6) (702,12) (703,17) (704,13) (705,10) (706,10) (707,7) (708,15) (709,23) (710,30) (711,32) (712,27) (713,25) (714,15) (715,18) (716,24) (717,27) (718,18) (719,16) (720,9) (721,11) (722,15) (723,14) (724,16) (725,8) (726,2) (727,-5) (728,-8) (729,-12) (730,-16) (731,-17) (732,-10) (733,-9) (734,-8) (735,-2) (736,0) (737,0) (738,3) (739,14) (740,10) (741,10) (742,8) (743,2) (744,-2) (745,3) (746,1) (747,-1) (748,1) (749,4) (750,7) (751,6) (752,14) (753,6) (754,0) (755,9) (756,9) (757,13) (758,11) (759,9) (760,5) (761,-2) (762,-10) (763,-16) (764,-4) (765,-4) (766,-5) (767,-12) (768,-10) (769,-16) (770,0) (771,-8) (772,-12) (773,-7) (774,-8) (775,-6) (776,-4) (777,0) (778,0) (779,-14) (780,-17) (781,-10) (782,-7) (783,-11) (784,-2) (785,-6) (786,0) (787,2) (788,13) (789,14) (790,6) (791,-2) (792,-3) (793,9) (794,14) (795,14) (796,14) (797,24) (798,18) (799,18) (800,19) (801,16) (802,16) (803,18) (804,18) (805,16) (806,18) (807,22) (808,25) (809,22) (810,23) (811,16) (812,21) (813,19) (814,21) (815,18) (816,14) (817,10) (818,5) (819,3) (820,9) (821,9) (822,8) (823,15) (824,16) (825,19) (826,20) (827,30) (828,25) (829,27) (830,24) (831,19) (832,21) (833,20) (834,27) (835,31) (836,24) (837,27) (838,30) (839,27) (840,27) (841,30) (842,22) (843,28) (844,25) (845,26) (846,25) (847,15) (848,17) (849,17) (850,23) (851,30) (852,33) (853,40) (854,46) (855,36) (856,32) (857,38) (858,44) (859,44) (860,52) (861,50) (862,49) (863,44) (864,39) (865,36) (866,37) (867,46) (868,46) (869,53) (870,50) (871,39) (872,35) (873,34) (874,24) (875,19) (876,13) (877,8) (878,1) (879,8) (880,9) (881,14) (882,16) (883,27) (884,30) (885,18) (886,32) (887,33) (888,36) (889,39) (890,35) (891,35) (892,35) (893,24) (894,30) (895,33) (896,33) (897,32) (898,28) (899,27) (900,24) (901,29) (902,28) (903,23) (904,28) (905,37) (906,43) (907,38) (908,48) 
(999,-68) (998,-61) (909,49) (382,148) (294,141) (37,63) (0,4) (910,44) (911,43) (912,36) (913,33) (914,33) (915,28) (916,33) (917,29) (918,24) (919,21) (920,27) (921,23) (922,20) (923,16) (924,16) (925,12) (926,5) (927,1) (928,9) (929,13) (930,6) (931,4) (932,0) (933,-16) (934,-14) (935,-12) (936,-6) (937,-10) (938,-2) (939,0) (940,0) (941,0) (942,-3) (943,-6) (944,-16) (945,-21) (946,-32) (947,-32) (948,-36) (949,-30) (950,-23) (951,-27) (952,-31) (953,-37) (954,-42) (955,-42) (956,-48) (957,-49) (958,-46) (959,-39) (960,-42) (961,-46) (962,-39) (963,-41) (964,-41) (965,-45) (966,-56) (967,-52) (968,-61) (969,-61) (970,-75) (971,-75) (972,-75) (973,-75) (974,-82) (975,-77) (976,-90) (977,-93) (978,-84) (979,-91) (980,-97) (981,-98) (982,-94) (983,-92) (984,-93) (985,-88) (986,-85) (987,-77) (988,-73) (989,-76) (990,-78) (991,-73) (992,-77) (993,-81) (994,-74) (995,-79) (996,-78) (997,-73) 
(999,-68) (998,-61) (909,49) (382,148) (294,141) (37,63) (0,4) 
TD 2 :
(999,-68) (998,-61) (909,49) (382,148) (294,141) (37,63) (0,4) (36,58) (3,5) (2,3) (1,-2) 
(999,-68) (998,-61) (909,49) (382,148) (294,141) (37,63) (0,4) (36,58) (3,5) (2,3) (1,-2) 
(999,-68) (998,-61) (909,49) (382,148) (294,141) (37,63) (0,4) (36,58) (3,5) (2,3) (1,-2) (4,3) (5,1) (6,-1) (7,3) (8,2) (9,6) (10,8) (11,5) (12,5) (13,3) (14,2) (15,10) (16,18) (17,14) (18,12) (19,16) (20,17) (21,20) (22,14) (23,17) (24,18) (25,22) (26,25) (27,32) (28,36) (29,39) (30,41) (31,43) (32,47) (33,49) (34,52) (35,50) 
(999,-68) (998,-61) (909,49) (382,148) (294,141) (37,63) (0,4) (36,58) (3,5) (2,3) (1,-2) 
(999,-68) (998,-61) (909,49) (382,148) (294,141) (37,63) (0,4) (291,140) (38,57) (39,56) (40,48) (41,38) (42,38) (43,33) (44,30) (45,37) (46,31) (47,30) (48,29) (49,31) (50,26) (51,32) (52,18) (53,15) (54,18) (55,14) (56,19) (57,20) (58,11) (59,15) (60,22) (61,13) (62,11) (63,13) (64,20) (65,24) (66,24) (67,26) (68,28) (69,36) (70,33) (71,22) (72,14) (73,20) (74,12) (75,15) (76,7) (77,8) (78,13) (79,8) (80,7) (81,7) (82,6) (83,3) (84,3) (85,7) (86,3) (87,12) (88,15) (89,22) (90,23) (91,20) (92,16) (93,13) (94,14) (95,10) (96,-1) (97,-4) (98,-9) (99,-7) (100,-14) (101,-17) (102,-10) (103,-7) (104,-2) (105,-4) (106,-2) (107,3) (108,-2) (109,-8) (110,-18) (111,-22) (112,-22) (113,-18) (114,-12) (115,-6) (116,1) (117,9) (118,8) (119,9) (120,12) (121,7) (122,15) (123,26) (124,19) (125,28) (126,30) (127,33) (128,34) (129,31) (130,31) (131,21) (132,23) (133,25) (134,29) (135,35) (136,34) (137,38) (138,37) (139,38) (140,43) (141,49) (142,56) (143,61) (144,65) (145,72) (146,79) (147,71) (148,73) (149,74) (150,78) (151,77) (152,68) (153,68) (154,76) (155,75) (156,75) (157,83) (158,81) (159,87) (160,86) (161,85) (162,85) (163,82) (164,85) (165,80) (166,83) (167,82) (168,83) (169,80) (170,80) (171,80) (172,85) (173,84) (174,78) (175,77) (176,81) (177,78) (178,73) (179,68) (180,71) (181,75) (182,69) (183,66) (184,70) (185,68) (186,66) (187,67) (188,63) (189,72) (190,77) (191,79) (192,77) (193,75) (194,81) (195,79) (196,81) (197,83) (198,91) (199,87) (200,88) (201,83) (202,82) (203,83) (204,85) (205,92) (206,90) (207,87) (208,85) (209,83) (210,83) (211,84) (212,91) (213,89) (214,91) (215,89) (216,92) (217,99) (218,99) (219,105) (220,103) (221,95) (222,93) (223,82) (224,80) (225,77) (226,74) (227,82) (228,86) (229,95) (230,88) (231,84) (232,82) (233,88) (234,95) (235,94) (236,91) (237,85) (238,83) (239,89) (240,91) (241,88) (242,86) (243,89) (244,87) (245,93) (246,101) (247,112) (248,107) (249,105) (250,108) (251,101) (252,108) (253,112) (254,106) (255,104) (256,102) (257,115) (258,116) (259,116) (260,118) (261,123) (262,117) (263,117) (264,112) (265,108) (266,103) (267,109) (268,109) (269,108) (270,106) (271,103) (272,100) (273,103) (274,94) (275,110) (276,125) (277,123) (278,117) (279,120) (280,128) (281,125) (282,124) (283,121) (284,122) (285,116) (286,118) (287,122) (288,129) (289,128) (290,138) 
(999,-68) (998,-61) (909,49) (382,148) (294,141) (37,63) (0,4) (291,140) (292,136) (293,137) 
(999,-68) (998,-61) (909,49) (382,148) (294,141) (37,63) (0,4) (381,147) (295,138) (296,132) (297,130) (298,121) (299,110) (300,105) (301,100) (302,97) (303,98) (304,94) (305,86) (306,78) (307,80) (308,77) (309,81) (310,89) (311,84) (312,76) (313,80) (314,76) (315,76) (316,84) (317,94) (318,98) (319,101) (320,109) (321,111) (322,105) (323,100) (324,114) (325,109) (326,112) (327,109) (328,99) (329,91) (330,86) (331,92) (332,95) (333,92) (334,96) (335,101) (336,106) (337,101) (338,104) (339,105) (340,109) (341,102) (342,109) (343,111) (344,111) (345,108) (346,112) (347,116) (348,114) (349,118) (350,118) (351,128) (352,124) (353,126) (354,138) (355,135) (356,138) (357,132) (358,138) (359,127) (360,128) (361,129) (362,135) (363,131) (364,136) (365,131) (366,131) (367,132) (368,132) (369,141) (370,137) (371,137) (372,130) (373,139) (374,131) (375,133) (376,133) (377,138) (378,142) (379,142) (380,146) 
(999,-68) (998,-61) (909,49) (382,148) (294,141) (37,63) (0,4) (381,147) 
(999,-68) (998,-61) (909,49) (382,148) (294,141) (37,63) (0,4) (908,48) (383,141) (384,142) (385,145) (386,146) (387,142) (388,143) (389,140) (390,135) (391,134) (392,141) (393,143) (394,136) (395,139) (396,132) (397,121) (398,131) (399,120) (400,124) (401,115) (402,119) (403,103) (404,99) (405,93) (406,92) (407,99) (408,95) (409,91) (410,90) (411,86) (412,74) (413,74) (414,73) (415,74) (416,80) (417,82) (418,72) (419,70) (420,69) (421,68) (422,70) (423,68) (424,61) (425,55) (426,52) (427,53) (428,59) (429,56) (430,58) (431,61) (432,55) (433,53) (434,44) (435,45) (436,35) (437,38) (438,36) (439,38) (440,41) (441,41) (442,43) (443,39) (444,38) (445,43) (446,43) (447,52) (448,50) (449,46) (450,46) (451,54) (452,47) (453,47) (454,38) (455,31) (456,23) (457,24) (458,20) (459,30) (460,20) (461,10) (462,11) (463,18) (464,16) (465,14) (466,9) (467,6) (468,5) (469,3) (470,0) (471,-5) (472,-6) (473,-6) (474,-7) (475,-9) (476,0) (477,1) (478,1) (479,-1) (480,0) (481,-6) (482,-2) (483,2) (484,2) (485,-4) (486,3) (487,1) (488,0) (489,-1) (490,3) (491,-6) (492,-1) (493,3) (494,10) (495,17) (496,11) (497,13) (498,10) (499,11) (500,11) (501,9) (502,6) (503,2) (504,-2) (505,4) (506,4) (507,5) (508,0) (509,-8) (510,-12) (511,-14) (512,-22) (513,-22) (514,-24) (515,-26) (516,-22) (517,-27) (518,-24) (519,-18) (520,-26) (521,-23) (522,-22) (523,-25) (524,-26) (525,-24) (526,-23) (527,-22) (528,-23) (529,-26) (530,-24) (531,-29) (532,-36) (533,-40) (534,-41) (535,-30) (536,-29) (537,-22) (538,-27) (539,-31) (540,-36) (541,-31) (542,-40) (543,-34) (544,-35) (545,-24) (546,-22) (547,-27) (548,-31) (549,-33) (550,-30) (551,-34) (552,-38) (553,-41) (554,-43) (555,-48) (556,-41) (557,-48) (558,-44) (559,-42) (560,-43) (561,-42) (562,-44) (563,-37) (564,-35) (565,-36) (566,-28) (567,-28) (568,-26) (569,-18) (570,-23) (571,-24) (572,-22) (573,-24) (574,-21) (575,-30) (576,-20) (577,-22) (578,-24) (579,-26) (580,-32) (581,-34) (582,-36) (583,-45) (584,-44) (585,-48) (586,-53) (587,-48) (588,-51) (589,-46) (590,-36) (591,-37) (592,-39) (593,-40) (594,-41) (595,-44) (596,-43) (597,-43) (598,-38) (599,-34) (600,-40) (601,-37) (602,-34) (603,-25) (604,-25) (605,-26) (606,-25) (607,-28) (608,-25) (609,-27) (610,-24) (611,-23) (612,-26) (613,-31) (614,-38) (615,-40) (616,-46) (617,-35) (618,-37) (619,-35) (620,-27) (621,-26) (622,-24) (623,-25) (624,-26) (625,-34) (626,-25) (627,-31) (628,-31) (629,-26) (630,-28) (631,-21) (632,-20) (633,-20) (634,-22) (635,-28) (636,-13) (637,-20) (638,-19) (639,-14) (640,-16) (641,-17) (642,-26) (643,-31) (644,-32) (645,-35) (646,-36) (647,-39) (648,-39) (649,-42) (650,-48) (651,-50) (652,-56) (653,-45) (654,-43) (655,-39) (656,-34) (657,-38) (658,-45) (659,-41) (660,-43) (661,-38) (662,-33) (663,-32) (664,-28) (665,-31) (666,-35) (667,-32) (668,-29) (669,-24) (670,-22) (671,-18) (672,-18) (673,-13) (674,-14) (675,-13) (676,-17) (677,-17) (678,-23) (679,-23) (680,-29) (681,-30) (682,-30) (683,-29) (684,-27) (685,-20) (686,-20) (687,-15) (688,-13) (689,-14) (690,-17) (691,-9) (692,-4) (693,1) (694,4) (695,3) (696,8) (697,6) (698,0) (699,1) (700,6) (701,6) (702,12) (703,17) (704,13) (705,10) (706,10) (707,7) (708,15) (709,23) (710,30) (711,32) (712,27) (713,25) (714,15) (715,18) (716,24) (717,27) (718,18) (719,16) (720,9) (721,11) (722,15) (723,14) (724,16) (725,8) (726,2) (727,-5) (728,-8) (729,-12) (730,-16) (731,-17) (732,-10) (733,-9) (734,-8) (735,-2) (736,0) (737,0) (738,3) (739,14) (740,10) (741,10) (742,8) (743,2) (744,-2) (745,3) (746,1) (747,-1) (748,1) (749,4) (750,7) (751,6) (752,14) (753,6) (754,0) (755,9) (756,9) (757,13) (758,11) (759,9) (760,5) (761,-2) (762,-10) (763,-16) (764,-4) (765,-4) (766,-5) (767,-12) (768,-10) (769,-16) (770,0) (771,-8) (772,-12) (773,-7) (774,-8) (775,-6) (776,-4) (777,0) (778,0) (779,-14) (780,-17) (781,-10) (782,-7) (783,-11) (784,-2) (785,-6) (786,0) (787,2) (788,13) (789,14) (790,6) (791,-2) (792,-3) (793,9) (794,14) (795,14) (796,14) (797,24) (798,18) (799,18) (800,19) (801,16) (802,16) (803,18) (804,18) (805,16) (806,18) (807,22) (808,25) (809,22) (810,23) (811,16) (812,21) (813,19) (814,21) (815,18) (816,14) (817,10) (818,5) (819,3) (820,9) (821,9) (822,8) (823,15) (824,16) (825,19) (826,20) (827,30) (828,25) (829,27) (830,24) (831,19) (832,21) (833,20) (834,27) (835,31) (836,24) (837,27) (838,30) (839,27) (840,27) (841,30) (842,22) (843,28) (844,25) (845,26) (846,25) (847,15) (848,17) (849,17) (850,23) (851,30) (852,33) (853,40) (854,46) (855,36) (856,32) (857,38) (858,44) (859,44) (860,52) (861,50) (862,49) (863,44) (864,39) (865,36) (866,37) (867,46) (868,46) (869,53) (870,50) (871,39) (872,35) (873,34) (874,24) (875,19) (876,13) (877,8) (878,1) (879,8) (880,9) (881,14) (882,16) (883,27) (884,30) (885,18) (886,32) (887,33) (888,36) (889,39) (890,35) (891,35) (892,35) (893,24) (894,30) (895,33) (896,33) (897,32) (898,28) (899,27) (900,24) (901,29) (902,28) (903,23) (904,28) (905,37) (906,43) (907,38) 
(999,-68) (998,-61) (909,49) (382,148) (294,141) (37,63) (0,4) (908,48) 
(999,-68) (998,-61) (909,49) (382,148) (294,141) (37,63) (0,4) (997,-73) (910,44) (911,43) (912,36) (913,33) (914,33) (915,28) (916,33) (917,29) (918,24) (919,21) (920,27) (921,23) (922,20) (923,16) (924,16) (925,12) (926,5) (927,1) (928,9) (929,13) (930,6) (931,4) (932,0) (933,-16) (934,-14) (935,-12) (936,-6) (937,-10) (938,-2) (939,0) (940,0) (941,0) (942,-3) (943,-6) (944,-16) (945,-21) (946,-32) (947,-32) (948,-36) (949,-30) (950,-23) (951,-27) (952,-31) (953,-37) (954,-42) (955,-42) (956,-48) (957,-49) (958,-46) (959,-39) (960,-42) (961,-46) (962,-39) (963,-41) (964,-41) (965,-45) (966,-56) (967,-52) (968,-61) (969,-61) (970,-75) (971,-75) (972,-75) (973,-75) (974,-82) (975,-77) (976,-90) (977,-93) (978,-84) (979,-91) (980,-97) (981,-98) (982,-94) (983,-92) (984,-93) (985,-88) (986,-85) (987,-77) (988,-73) (989,-76) (990,-78) (991,-73) (992,-77) (993,-81) (994,-74) (995,-79) (996,-78) 
TD 3 :
(999,-68) (998,-61) (909,49) (382,148) (294,141) (37,63) (0,4) (36,58) (3,5) (2,3) (1,-2) (34,52) (4,3) (5,1) (6,-1) (7,3) (8,2) (9,6) (10,8) (11,5) (12,5) (13,3) (14,2) (15,10) (16,18) (17,14) (18,12) (19,16) (20,17) (21,20) (22,14) (23,17) (24,18) (25,22) (26,25) (27,32) (28,36) (29,39) (30,41) (31,43) (32,47) (33,49) 
(999,-68) (998,-61) (909,49) (382,148) (294,141) (37,63) (0,4) (36,58) (3,5) (2,3) (1,-2) (34,52) (4,3) (35,50) 
(999,-68) (998,-61) (909,49) (382,148) (294,141) (37,63) (0,4) (291,140) (290,138) (38,57) 
(999,-68) (998,-61) (909,49) (382,148) (294,141) (37,63) (0,4) (291,140) (290,138) (38,57) (39,56) (40,48) (41,38) (42,38) (43,33) (44,30) (45,37) (46,31) (47,30) (48,29) (49,31) (50,26) (51,32) (52,18) (53,15) (54,18) (55,14) (56,19) (57,20) (58,11) (59,15) (60,22) (61,13) (62,11) (63,13) (64,20) (65,24) (66,24) (67,26) (68,28) (69,36) (70,33) (71,22) (72,14) (73,20) (74,12) (75,15) (76,7) (77,8) (78,13) (79,8) (80,7) (81,7) (82,6) (83,3) (84,3) (85,7) (86,3) (87,12) (88,15) (89,22) (90,23) (91,20) (92,16) (93,13) (94,14) (95,10) (96,-1) (97,-4) (98,-9) (99,-7) (100,-14) (101,-17) (102,-10) (103,-7) (104,-2) (105,-4) (106,-2) (107,3) (108,-2) (109,-8) (110,-18) (111,-22) (112,-22) (113,-18) (114,-12) (115,-6) (116,1) (117,9) (118,8) (119,9) (120,12) (121,7) (122,15) (123,26) (124,19) (125,28) (126,30) (127,33) (128,34) (129,31) (130,31) (131,21) (132,23) (133,25) (134,29) (135,35) (136,34) (137,38) (138,37) (139,38) (140,43) (141,49) (142,56) (143,61) (144,65) (145,72) (146,79) (147,71) (148,73) (149,74) (150,78) (151,77) (152,68) (153,68) (154,76) (155,75) (156,75) (157,83) (158,81) (159,87) (160,86) (161,85) (162,85) (163,82) (164,85) (165,80) (166,83) (167,82) (168,83) (169,80) (170,80) (171,80) (172,85) (173,84) (174,78) (175,77) (176,81) (177,78) (178,73) (179,68) (180,71) (181,75) (182,69) (183,66) (184,70) (185,68) (186,66) (187,67) (188,63) (189,72) (190,77) (191,79) (192,77) (193,75) (194,81) (195,79) (196,81) (197,83) (198,91) (199,87) (200,88) (201,83) (202,82) (203,83) (204,85) (205,92) (206,90) (207,87) (208,85) (209,83) (210,83) (211,84) (212,91) (213,89) (214,91) (215,89) (216,92) (217,99) (218,99) (219,105) (220,103) (221,95) (222,93) (223,82) (224,80) (225,77) (226,74) (227,82) (228,86) (229,95) (230,88) (231,84) (232,82) (233,88) (234,95) (235,94) (236,91) (237,85) (238,83) (239,89) (240,91) (241,88) (242,86) (243,89) (244,87) (245,93) (246,101) (247,112) (248,107) (249,105) (250,108) (251,101) (252,108) (253,112) (254,106) (255,104) (256,102) (257,115) (258,116) (259,116) (260,118) (261,123) (262,117) (263,117) (264,112) (265,108) (266,103) (267,109) (268,109) (269,108) (270,106) (271,103) (272,100) (273,103) (274,94) (275,110) (276,125) (277,123) (278,117) (279,120) (280,128) (281,125) (282,124) (283,121) (284,122) (285,116) (286,118) (287,122) (288,129) (289,128) 
(999,-68) (998,-61) (909,49) (382,148) (294,141) (37,63) (0,4) (291,140) (290,138) (38,57) 
(999,-68) (998,-61) (909,49) (382,148) (294,141) (37,63) (0,4) (381,147) (380,146) (295,138) (296,132) (297,130) (298,121) (299,110) (300,105) (301,100) (302,97) (303,98) (304,94) (305,86) (306,78) (307,80) (308,77) (309,81) (310,89) (311,84) (312,76) (313,80) (314,76) (315,76) (316,84) (317,94) (318,98) (319,101) (320,109) (321,111) (322,105) (323,100) (324,114) (325,109) (326,112) (327,109) (328,99) (329,91) (330,86) (331,92) (332,95) (333,92) (334,96) (335,101) (336,106) (337,101) (338,104) (339,105) (340,109) (341,102) (342,109) (343,111) (344,111) (345,108) (346,112) (347,116) (348,114) (349,118) (350,118) (351,128) (352,124) (353,126) (354,138) (355,135) (356,138) (357,132) (358,138) (359,127) (360,128) (361,129) (362,135) (363,131) (364,136) (365,131) (366,131) (367,132) (368,132) (369,141) (370,137) (371,137) (372,130) (373,139) (374,131) (375,133) (376,133) (377,138) (378,142) (379,142) 
(999,-68) (998,-61) (909,49) (382,148) (294,141) (37,63) (0,4) (381,147) (380,146) 
(999,-68) (998,-61) (909,49) (382,148) (294,141) (37,63) (0,4) (908,48) (869,53) (386,146) (383,141) (384,142) (385,145) 
(999,-68) (998,-61) (909,49) (382,148) (294,141) (37,63) (0,4) (908,48) (869,53) (386,146) (387,142) (388,143) (389,140) (390,135) (391,134) (392,141) (393,143) (394,136) (395,139) (396,132) (397,121) (398,131) (399,120) (400,124) (401,115) (402,119) (403,103) (404,99) (405,93) (406,92) (407,99) (408,95) (409,91) (410,90) (411,86) (412,74) (413,74) (414,73) (415,74) (416,80) (417,82) (418,72) (419,70) (420,69) (421,68) (422,70) (423,68) (424,61) (425,55) (426,52) (427,53) (428,59) (429,56) (430,58) (431,61) (432,55) (433,53) (434,44) (435,45) (436,35) (437,38) (438,36) (439,38) (440,41) (441,41) (442,43) (443,39) (444,38) (445,43) (446,43) (447,52) (448,50) (449,46) (450,46) (451,54) (452,47) (453,47) (454,38) (455,31) (456,23) (457,24) (458,20) (459,30) (460,20) (461,10) (462,11) (463,18) (464,16) (465,14) (466,9) (467,6) (468,5) (469,3) (470,0) (471,-5) (472,-6) (473,-6) (474,-7) (475,-9) (476,0) (477,1) (478,1) (479,-1) (480,0) (481,-6) (482,-2) (483,2) (484,2) (485,-4) (486,3) (487,1) (488,0) (489,-1) (490,3) (491,-6) (492,-1) (493,3) (494,10) (495,17) (496,11) (497,13) (498,10) (499,11) (500,11) (501,9) (502,6) (503,2) (504,-2) (505,4) (506,4) (507,5) (508,0) (509,-8) (510,-12) (511,-14) (512,-22) (513,-22) (514,-24) (515,-26) (516,-22) (517,-27) (518,-24) (519,-18) (520,-26) (521,-23) (522,-22) (523,-25) (524,-26) (525,-24) (526,-23) (527,-22) (528,-23) (529,-26) (530,-24) (531,-29) (532,-36) (533,-40) (534,-41) (535,-30) (536,-29) (537,-22) (538,-27) (539,-31) (540,-36) (541,-31) (542,-40) (543,-34) (544,-35) (545,-24) (546,-22) (547,-27) (548,-31) (549,-33) (550,-30) (551,-34) (552,-38) (553,-41) (554,-43) (555,-48) (556,-41) (557,-48) (558,-44) (559,-42) (560,-43) (561,-42) (562,-44) (563,-37) (564,-35) (565,-36) (566,-28) (567,-28) (568,-26) (569,-18) (570,-23) (571,-24) (572,-22) (573,-24) (574,-21) (575,-30) (576,-20) (577,-22) (578,-24) (579,-26) (580,-32) (581,-34) (582,-36) (583,-45) (584,-44) (585,-48) (586,-53) (587,-48) (588,-51) (589,-46) (590,-36) (591,-37) (592,-39) (593,-40) (594,-41) (595,-44) (596,-43) (597,-43) (598,-38) (599,-34) (600,-40) (601,-37) (602,-34) (603,-25) (604,-25) (605,-26) (606,-25) (607,-28) (608,-25) (609,-27) (610,-24) (611,-23) (612,-26) (613,-31) (614,-38) (615,-40) (616,-46) (617,-35) (618,-37) (619,-35) (620,-27) (621,-26) (622,-24) (623,-25) (624,-26) (625,-34) (626,-25) (627,-31) (628,-31) (629,-26) (630,-28) (631,-21) (632,-20) (633,-20) (634,-22) (635,-28) (636,-13) (637,-20) (638,-19) (639,-14) (640,-16) (641,-17) (642,-26) (643,-31) (644,-32) (645,-35) (646,-36) (647,-39) (648,-39) (649,-42) (650,-48) (651,-50) (652,-56) (653,-45) (654,-43) (655,-39) (656,-34) (657,-38) (658,-45) (659,-41) (660,-43) (661,-38) (662,-33) (663,-32) (664,-28) (665,-31) (666,-35) (667,-32) (668,-29) (669,-24) (670,-22) (671,-18) (672,-18) (673,-13) (674,-14) (675,-13) (676,-17) (677,-17) (678,-23) (679,-23) (680,-29) (681,-30) (682,-30) (683,-29) (684,-27) (685,-20) (686,-20) (687,-15) (688,-13) (689,-14) (690,-17) (691,-9) (692,-4) (693,1) (694,4) (695,3) (696,8) (697,6) (698,0) (699,1) (700,6) (701,6) (702,12) (703,17) (704,13) (705,10) (706,10) (707,7) (708,15) (709,23) (710,30) (711,32) (712,27) (713,25) (714,15) (715,18) (716,24) (717,27) (718,18) (719,16) (720,9) (721,11) (722,15) (723,14) (724,16) (725,8) (726,2) (727,-5) (728,-8) (729,-12) (730,-16) (731,-17) (732,-10) (733,-9) (734,-8) (735,-2) (736,0) (737,0) (738,3) (739,14) (740,10) (741,10) (742,8) (743,2) (744,-2) (745,3) (746,1) (747,-1) (748,1) (749,4) (750,7) (751,6) (752,14) (753,6) (754,0) (755,9) (756,9) (757,13) (758,11) (759,9) (760,5) (761,-2) (762,-10) (763,-16) (764,-4) (765,-4) (766,-5) (767,-12) (768,-10) (769,-16) (770,0) (771,-8) (772,-12) (773,-7) (774,-8) (775,-6) (776,-4) (777,0) (778,0) (779,-14) (780,-17) (781,-10) (782,-7) (783,-11) (784,-2) (785,-6) (786,0) (787,2) (788,13) (789,14) (790,6) (791,-2) (792,-3) (793,9) (794,14) (795,14) (796,14) (797,24) (798,18) (799,18) (800,19) (801,16) (802,16) (803,18) (804,18) (805,16) (806,18) (807,22) (808,25) (809,22) (810,23) (811,16) (812,21) (813,19) (814,21) (815,18) (816,14) (817,10) (818,5) (819,3) (820,9) (821,9) (822,8) (823,15) (824,16) (825,19) (826,20) (827,30) (828,25) (829,27) (830,24) (831,19) (832,21) (833,20) (834,27) (835,31) (836,24) (837,27) (838,30) (839,27) (840,27) (841,30) (842,22) (843,28) (844,25) (845,26) (846,25) (847,15) (848,17) (849,17) (850,23) (851,30) (852,33) (853,40) (854,46) (855,36) (856,32) (857,38) (858,44) (859,44) (860,52) (861,50) (862,49) (863,44) (864,39) (865,36) (866,37) (867,46) (868,46) 
(999,-68) (998,-61) (909,49) (382,148) (294,141) (37,63) (0,4) (908,48) (869,53) (386,146) (870,50) (871,39) (872,35) (873,34) (874,24) (875,19) (876,13) (877,8) (878,1) (879,8) (880,9) (881,14) (882,16) (883,27) (884,30) (885,18) (886,32) (887,33) (888,36) (889,39) (890,35) (891,35) (892,35) (893,24) (894,30) (895,33) (896,33) (897,32) (898,28) (899,27) (900,24) (901,29) (902,28) (903,23) (904,28) (905,37) (906,43) (907,38) 
(999,-68) (998,-61) (909,49) (382,148) (294,141) (37,63) (0,4) (997,-73) (996,-78) (994,-74) (911,43) (910,44) 
(999,-68) (998,-61) (909,49) (382,148) (294,141) (37,63) (0,4) (997,-73) (996,-78) (994,-74) (911,43) (910,44) 
(999,-68) (998,-61) (909,49) (382,148) (294,141) (37,63) (0,4) (997,-73) (996,-78) (994,-74) (911,43) (910,44) (912,36) (913,33) (914,33) (915,28) (916,33) (917,29) (918,24) (919,21) (920,27) (921,23) (922,20) (923,16) (924,16) (925,12) (926,5) (927,1) (928,9) (929,13) (930,6) (931,4) (932,0) (933,-16) (934,-14) (935,-12) (936,-6) (937,-10) (938,-2) (939,0) (940,0) (941,0) (942,-3) (943,-6) (944,-16) (945,-21) (946,-32) (947,-32) (948,-36) (949,-30) (950,-23) (951,-27) (952,-31) (953,-37) (954,-42) (955,-42) (956,-48) (957,-49) (958,-46) (959,-39) (960,-42) (961,-46) (962,-39) (963,-41) (964,-41) (965,-45) (966,-56) (967,-52) (968,-61) (969,-61) (970,-75) (971,-75) (972,-75) (973,-75) (974,-82) (975,-77) (976,-90) (977,-93) (978,-84) (979,-91) (980,-97) (981,-98) (982,-94) (983,-92) (984,-93) (985,-88) (986,-85) (987,-77) (988,-73) (989,-76) (990,-78) (991,-73) (992,-77) (993,-81) 
(999,-68) (998,-61) (909,49) (382,148) (294,141) (37,63) (0,4) (997,-73) (996,-78) (994,-74) (911,43) (910,44) (995,-79) 
TD 4 :
(999,-68) (998,-61) (909,49) (382,148) (294,141) (37,63) (0,4) (36,58) (3,5) (2,3) (1,-2) (34,52) (4,3) (33,49) (5,1) (6,-1) (7,3) (8,2) (9,6) (10,8) (11,5) (12,5) (13,3) (14,2) (15,10) (16,18) (17,14) (18,12) (19,16) (20,17) (21,20) (22,14) (23,17) (24,18) (25,22) (26,25) (27,32) (28,36) (29,39) (30,41) (31,43) (32,47) 
(999,-68) (998,-61) (909,49) (382,148) (294,141) (37,63) (0,4) (36,58) (3,5) (2,3) (1,-2) (34,52) (4,3) (33,49) (5,1) 
(999,-68) (998,-61) (909,49) (382,148) (294,141) (37,63) (0,4) (291,140) (290,138) (38,57) (39,56) 
(999,-68) (998,-61) (909,49) (382,148) (294,141) (37,63) (0,4) (291,140) (290,138) (38,57) (39,56) (40,48) (41,38) (42,38) (43,33) (44,30) (45,37) (46,31) (47,30) (48,29) (49,31) (50,26) (51,32) (52,18) (53,15) (54,18) (55,14) (56,19) (57,20) (58,11) (59,15) (60,22) (61,13) (62,11) (63,13) (64,20) (65,24) (66,24) (67,26) (68,28) (69,36) (70,33) (71,22) (72,14) (73,20) (74,12) (75,15) (76,7) (77,8) (78,13) (79,8) (80,7) (81,7) (82,6) (83,3) (84,3) (85,7) (86,3) (87,12) (88,15) (89,22) (90,23) (91,20) (92,16) (93,13) (94,14) (95,10) (96,-1) (97,-4) (98,-9) (99,-7) (100,-14) (101,-17) (102,-10) (103,-7) (104,-2) (105,-4) (106,-2) (107,3) (108,-2) (109,-8) (110,-18) (111,-22) (112,-22) (113,-18) (114,-12) (115,-6) (116,1) (117,9) (118,8) (119,9) (120,12) (121,7) (122,15) (123,26) (124,19) (125,28) (126,30) (127,33) (128,34) (129,31) (130,31) (131,21) (132,23) (133,25) (134,29) (135,35) (136,34) (137,38) (138,37) (139,38) (140,43) (141,49) (142,56) (143,61) (144,65) (145,72) (146,79) (147,71) (148,73) (149,74) (150,78) (151,77) (152,68) (153,68) (154,76) (155,75) (156,75) (157,83) (158,81) (159,87) (160,86) (161,85) (162,85) (163,82) (164,85) (165,80) (166,83) (167,82) (168,83) (169,80) (170,80) (171,80) (172,85) (173,84) (174,78) (175,77) (176,81) (177,78) (178,73) (179,68) (180,71) (181,75) (182,69) (183,66) (184,70) (185,68) (186,66) (187,67) (188,63) (189,72) (190,77) (191,79) (192,77) (193,75) (194,81) (195,79) (196,81) (197,83) (198,91) (199,87) (200,88) (201,83) (202,82) (203,83) (204,85) (205,92) (206,90) (207,87) (208,85) (209,83) (210,83) (211,84) (212,91) (213,89) (214,91) (215,89) (216,92) (217,99) (218,99) (219,105) (220,103) (221,95) (222,93) (223,82) (224,80) (225,77) (226,74) (227,82) (228,86) (229,95) (230,88) (231,84) (232,82) (233,88) (234,95) (235,94) (236,91) (237,85) (238,83) (239,89) (240,91) (241,88) (242,86) (243,89) (244,87) (245,93) (246,101) (247,112) (248,107) (249,105) (250,108) (251,101) (252,108) (253,112) (254,106) (255,104) (256,102) (257,115) (258,116) (259,116) (260,118) (261,123) (262,117) (263,117) (264,112) (265,108) (266,103) (267,109) (268,109) (269,108) (270,106) (271,103) (272,100) (273,103) (274,94) (275,110) (276,125) (277,123) (278,117) (279,120) (280,128) (281,125) (282,124) (283,121) (284,122) (285,116) (286,118) (287,122) (288,129) (289,128) 
(999,-68) (998,-61) (909,49) (382,148) (294,141) (37,63) (0,4) (381,147) (380,146) (295,138) 
(999,-68) (998,-61) (909,49) (382,148) (294,141) (37,63) (0,4) (381,147) (380,146) (295,138) (296,132) (297,130) (298,121) (299,110) (300,105) (301,100) (302,97) (303,98) (304,94) (305,86) (306,78) (307,80) (308,77) (309,81) (310,89) (311,84) (312,76) (313,80) (314,76) (315,76) (316,84) (317,94) (318,98) (319,101) (320,109) (321,111) (322,105) (323,100) (324,114) (325,109) (326,112) (327,109) (328,99) (329,91) (330,86) (331,92) (332,95) (333,92) (334,96) (335,101) (336,106) (337,101) (338,104) (339,105) (340,109) (341,102) (342,109) (343,111) (344,111) (345,108) (346,112) (347,116) (348,114) (349,118) (350,118) (351,128) (352,124) (353,126) (354,138) (355,135) (356,138) (357,132) (358,138) (359,127) (360,128) (361,129) (362,135) (363,131) (364,136) (365,131) (366,131) (367,132) (368,132) (369,141) (370,137) (371,137) (372,130) (373,139) (374,131) (375,133) (376,133) (377,138) (378,142) (379,142) 
(999,-68) (998,-61) (909,49) (382,148) (294,141) (37,63) (0,4) (908,48) (869,53) (386,146) (385,145) (383,141) (384,142) 
(999,-68) (998,-61) (909,49) (382,148) (294,141) (37,63) (0,4) (908,48) (869,53) (386,146) (385,145) 
(999,-68) (998,-61) (909,49) (382,148) (294,141) (37,63) (0,4) (908,48) (869,53) (386,146) (906,43) (870,50) (871,39) (872,35) (873,34) (874,24) (875,19) (876,13) (877,8) (878,1) (879,8) (880,9) (881,14) (882,16) (883,27) (884,30) (885,18) (886,32) (887,33) (888,36) (889,39) (890,35) (891,35) (892,35) (893,24) (894,30) (895,33) (896,33) (897,32) (898,28) (899,27) (900,24) (901,29) (902,28) (903,23) (904,28) (905,37) 
(999,-68) (998,-61) (909,49) (382,148) (294,141) (37,63) (0,4) (908,48) (869,53) (386,146) (906,43) (907,38) 
(999,-68) (998,-61) (909,49) (382,148) (294,141) (37,63) (0,4) (997,-73) (996,-78) (994,-74) (911,43) (910,44) (991,-73) (941,0) (916,33) (912,36) (913,33) (914,33) (915,28) 
(999,-68) (998,-61) (909,49) (382,148) (294,141) (37,63) (0,4) (997,-73) (996,-78) (994,-74) (911,43) (910,44) (991,-73) (941,0) (916,33) (917,29) (918,24) (919,21) (920,27) (921,23) (922,20) (923,16) (924,16) (925,12) (926,5) (927,1) (928,9) (929,13) (930,6) (931,4) (932,0) (933,-16) (934,-14) (935,-12) (936,-6) (937,-10) (938,-2) (939,0) (940,0) 
(999,-68) (998,-61) (909,49) (382,148) (294,141) (37,63) (0,4) (997,-73) (996,-78) (994,-74) (911,43) (910,44) (991,-73) (941,0) (916,33) (942,-3) (943,-6) (944,-16) (945,-21) (946,-32) (947,-32) (948,-36) (949,-30) (950,-23) (951,-27) (952,-31) (953,-37) (954,-42) (955,-42) (956,-48) (957,-49) (958,-46) (959,-39) (960,-42) (961,-46) (962,-39) (963,-41) (964,-41) (965,-45) (966,-56) (967,-52) (968,-61) (969,-61) (970,-75) (971,-75) (972,-75) (973,-75) (974,-82) (975,-77) (976,-90) (977,-93) (978,-84) (979,-91) (980,-97) (981,-98) (982,-94) (983,-92) (984,-93) (985,-88) (986,-85) (987,-77) (988,-73) (989,-76) (990,-78) 
(999,-68) (998,-61) (909,49) (382,148) (294,141) (37,63) (0,4) (997,-73) (996,-78) (994,-74) (911,43) (910,44) (991,-73) (941,0) (916,33) (992,-77) (993,-81) 
(999,-68) (998,-61) (909,49) (382,148) (294,141) (37,63) (0,4) (997,-73) (996,-78) (994,-74) (911,43) (910,44) (995,-79) 
TD 5 :
(999,-68) (998,-61) (909,49) (382,148) (294,141) (37,63) (0,4) (36,58) (3,5) (2,3) (1,-2) (34,52) (4,3) (33,49) (5,1) (32,47) (7,3) (6,-1) 
(999,-68) (998,-61) (909,49) (382,148) (294,141) (37,63) (0,4) (36,58) (3,5) (2,3) (1,-2) (34,52) (4,3) (33,49) (5,1) (32,47) (7,3) (6,-1) (8,2) (9,6) (10,8) (11,5) (12,5) (13,3) (14,2) (15,10) (16,18) (17,14) (18,12) (19,16) (20,17) (21,20) (22,14) (23,17) (24,18) (25,22) (26,25) (27,32) (28,36) (29,39) (30,41) (31,43) 
(999,-68) (998,-61) (909,49) (382,148) (294,141) (37,63) (0,4) (36,58) (3,5) (2,3) (1,-2) (34,52) (4,3) (33,49) (5,1) (32,47) (7,3) (6,-1) 
(999,-68) (998,-61) (909,49) (382,148) (294,141) (37,63) (0,4) (908,48) (869,53) (386,146) (906,43) (870,50) 
(999,-68) (998,-61) (909,49) (382,148) (294,141) (37,63) (0,4) (908,48) (869,53) (386,146) (906,43) (870,50) (871,39) (872,35) (873,34) (874,24) (875,19) (876,13) (877,8) (878,1) (879,8) (880,9) (881,14) (882,16) (883,27) (884,30) (885,18) (886,32) (887,33) (888,36) (889,39) (890,35) (891,35) (892,35) (893,24) (894,30) (895,33) (896,33) (897,32) (898,28) (899,27) (900,24) (901,29) (902,28) (903,23) (904,28) (905,37) 
(999,-68) (998,-61) (909,49) (382,148) (294,141) (37,63) (0,4) (908,48) (869,53) (386,146) (906,43) (907,38) 
(999,-68) (998,-61) (909,49) (382,148) (294,141) (37,63) (0,4) (908,48) (869,53) (386,146) (906,43) (907,38) 
(999,-68) (998,-61) (909,49) (382,148) (294,141) (37,63) (0,4) (997,-73) (996,-78) (994,-74) (911,43) (910,44) (991,-73) (941,0) (916,33) (912,36) 
(999,-68) (998,-61) (909,49) (382,148) (294,141) (37,63) (0,4) (997,-73) (996,-78) (994,-74) (911,43) (910,44) (991,-73) (941,0) (916,33) (912,36) (913,33) (914,33) (915,28) 
(999,-68) (998,-61) (909,49) (382,148) (294,141) (37,63) (0,4) (997,-73) (996,-78) (994,-74) (911,43) (910,44) (991,-73) (941,0) (916,33) (940,0) (920,27) (917,29) (918,24) (919,21) 
(999,-68) (998,-61) (909,49) (382,148) (294,141) (37,63) (0,4) (997,-73) (996,-78) (994,-74) (911,43) (910,44) (991,-73) (941,0) (916,33) (940,0) (920,27) (921,23) (922,20) (923,16) (924,16) (925,12) (926,5) (927,1) (928,9) (929,13) (930,6) (931,4) (932,0) (933,-16) (934,-14) (935,-12) (936,-6) (937,-10) (938,-2) (939,0) 
(999,-68) (998,-61) (909,49) (382,148) (294,141) (37,63) (0,4) (997,-73) (996,-78) (994,-74) (911,43) (910,44) (991,-73) (941,0) (916,33) (940,0) (920,27) 
(999,-68) (998,-61) (909,49) (382,148) (294,141) (37,63) (0,4) (997,-73) (996,-78) (994,-74) (911,43) (910,44) (991,-73) (941,0) (916,33) (993,-81) (992,-77) 
(999,-68) (998,-61) (909,49) (382,148) (294,141) (37,63) (0,4) (997,-73) (996,-78) (994,-74) (911,43) (910,44) (991,-73) (941,0) (916,33) (993,-81) (992,-77) 
TD 6 :
(999,-68) (998,-61) (909,49) (382,148) (294,141) (37,63) (0,4) (36,58) (3,5) (2,3) (1,-2) (34,52) (4,3) (33,49) (5,1) (32,47) (7,3) (6,-1) (31,43) (16,18) (10,8) (9,6) (8,2) 
(999,-68) (998,-61) (909,49) (382,148) (294,141) (37,63) (0,4) (36,58) (3,5) (2,3) (1,-2) (34,52) (4,3) (33,49) (5,1) (32,47) (7,3) (6,-1) (31,43) (16,18) (10,8) (9,6) (8,2) 
(999,-68) (998,-61) (909,49) (382,148) (294,141) (37,63) (0,4) (36,58) (3,5) (2,3) (1,-2) (34,52) (4,3) (33,49) (5,1) (32,47) (7,3) (6,-1) (31,43) (16,18) (10,8) (9,6) (8,2) (11,5) (12,5) (13,3) (14,2) (15,10) 
(999,-68) (998,-61) (909,49) (382,148) (294,141) (37,63) (0,4) (36,58) (3,5) (2,3) (1,-2) (34,52) (4,3) (33,49) (5,1) (32,47) (7,3) (6,-1) (31,43) (16,18) (10,8) (9,6) (8,2) (17,14) (18,12) (19,16) (20,17) (21,20) (22,14) (23,17) (24,18) (25,22) (26,25) (27,32) (28,36) (29,39) (30,41) 
(999,-68) (998,-61) (909,49) (382,148) (294,141) (37,63) (0,4) (36,58) (3,5) (2,3) (1,-2) (34,52) (4,3) (33,49) (5,1) (32,47) (7,3) (6,-1) (31,43) (16,18) (10,8) (9,6) (8,2) 
(999,-68) (998,-61) (909,49) (382,148) (294,141) (37,63) (0,4) (908,48) (869,53) (386,146) (906,43) (870,50) (905,37) (871,39) (872,35) (873,34) (874,24) (875,19) (876,13) (877,8) (878,1) (879,8) (880,9) (881,14) (882,16) (883,27) (884,30) (885,18) (886,32) (887,33) (888,36) (889,39) (890,35) (891,35) (892,35) (893,24) (894,30) (895,33) (896,33) (897,32) (898,28) (899,27) (900,24) (901,29) (902,28) (903,23) (904,28) 
(999,-68) (998,-61) (909,49) (382,148) (294,141) (37,63) (0,4) (908,48) (869,53) (386,146) (906,43) (870,50) (905,37) 
(999,-68) (998,-61) (909,49) (382,148) (294,141) (37,63) (0,4) (997,-73) (996,-78) (994,-74) (911,43) (910,44) (991,-73) (941,0) (916,33) (912,36) (914,33) (913,33) 
(999,-68) (998,-61) (909,49) (382,148) (294,141) (37,63) (0,4) (997,-73) (996,-78) (994,-74) (911,43) (910,44) (991,-73) (941,0) (916,33) (912,36) (914,33) (915,28) 
TD 7 :
(999,-68) (998,-61) (909,49) (382,148) (294,141) (37,63) (0,4) (36,58) (3,5) (2,3) (1,-2) (34,52) (4,3) (33,49) (5,1) (32,47) (7,3) (6,-1) (31,43) (16,18) (10,8) (9,6) (8,2) (11,5) (12,5) (13,3) (14,2) (15,10) 
(999,-68) (998,-61) (909,49) (382,148) (294,141) (37,63) (0,4) (36,58) (3,5) (2,3) (1,-2) (34,52) (4,3) (33,49) (5,1) (32,47) (7,3) (6,-1) (31,43) (16,18) (10,8) (9,6) (8,2) (30,41) (17,14) (18,12) (19,16) (20,17) (21,20) (22,14) (23,17) (24,18) (25,22) (26,25) (27,32) (28,36) (29,39) 
(999,-68) (998,-61) (909,49) (382,148) (294,141) (37,63) (0,4) (36,58) (3,5) (2,3) (1,-2) (34,52) (4,3) (33,49) (5,1) (32,47) (7,3) (6,-1) (31,43) (16,18) (10,8) (9,6) (8,2) (30,41) 
(999,-68) (998,-61) (909,49) (382,148) (294,141) (37,63) (0,4) (997,-73) (996,-78) (994,-74) (911,43) (910,44) (991,-73) (941,0) (916,33) (912,36) (914,33) (913,33) 
(999,-68) (998,-61) (909,49) (382,148) (294,141) (37,63) (0,4) (997,-73) (996,-78) (994,-74) (911,43) (910,44) (991,-73) (941,0) (916,33) (912,36) (914,33) (913,33) 
TD 8 :
(999,-68) (998,-61) (909,49) (382,148) (294,141) (37,63) (0,4) (36,58) (3,5) (2,3) (1,-2) (34,52) (4,3) (33,49) (5,1) (32,47) (7,3) (6,-1) (31,43) (16,18) (10,8) (9,6) (8,2) (11,5) (12,5) (13,3) (14,2) (15,10) 
(999,-68) (998,-61) (909,49) (382,148) (294,141) (37,63) (0,4) (36,58) (3,5) (2,3) (1,-2) (34,52) (4,3) (33,49) (5,1) (32,47) (7,3) (6,-1) (31,43) (16,18) (10,8) (9,6) (8,2) (30,41) (29,39) (17,14) (18,12) (19,16) (20,17) (21,20) (22,14) (23,17) (24,18) (25,22) (26,25) (27,32) (28,36) 
(999,-68) (998,-61) (909,49) (382,148) (294,141) (37,63) (0,4) (36,58) (3,5) (2,3) (1,-2) (34,52) (4,3) (33,49) (5,1) (32,47) (7,3) (6,-1) (31,43) (16,18) (10,8) (9,6) (8,2) (30,41) (29,39) 
TD 9 :
(999,-68) (998,-61) (909,49) (382,148) (294,141) (37,63) (0,4) (36,58) (3,5) (2,3) (1,-2) (34,52) (4,3) (33,49) (5,1) (32,47) (7,3) (6,-1) (31,43) (16,18) (10,8) (9,6) (8,2) (11,5) (12,5) (15,10) (13,3) (14,2) 
(999,-68) (998,-61) (909,49) (382,148) (294,141) (37,63) (0,4) (36,58) (3,5) (2,3) (1,-2) (34,52) (4,3) (33,49) (5,1) (32,47) (7,3) (6,-1) (31,43) (16,18) (10,8) (9,6) (8,2) (11,5) (12,5) (15,10) (13,3) 
(999,-68) (998,-61) (909,49) (382,148) (294,141) (37,63) (0,4) (36,58) (3,5) (2,3) (1,-2) (34,52) (4,3) (33,49) (5,1) (32,47) (7,3) (6,-1) (31,43) (16,18) (10,8) (9,6) (8,2) (30,41) (29,39) (28,36) (17,14) 
(999,-68) (998,-61) (909,49) (382,148) (294,141) (37,63) (0,4) (36,58) (3,5) (2,3) (1,-2) (34,52) (4,3) (33,49) (5,1) (32,47) (7,3) (6,-1) (31,43) (16,18) (10,8) (9,6) (8,2) (30,41) (29,39) (28,36) (17,14) (18,12) (19,16) (20,17) (21,20) (22,14) (23,17) (24,18) (25,22) (26,25) (27,32) 
(999,-68) (998,-61) (909,49) (382,148) (294,141) (37,63) (0,4) (36,58) (3,5) (2,3) (1,-2) (34,52) (4,3) (33,49) (5,1) (32,47) (7,3) (6,-1) (31,43) (16,18) (10,8) (9,6) (8,2) (30,41) (29,39) (28,36) (17,14) 
TD 10 :
(999,-68) (998,-61) (909,49) (382,148) (294,141) (37,63) (0,4) (36,58) (3,5) (2,3) (1,-2) (34,52) (4,3) (33,49) (5,1) (32,47) (7,3) (6,-1) (31,43) (16,18) (10,8) (9,6) (8,2) (11,5) (12,5) (15,10) (13,3) (14,2) 
(999,-68) (998,-61) (909,49) (382,148) (294,141) (37,63) (0,4) (36,58) (3,5) (2,3) (1,-2) (34,52) (4,3) (33,49) (5,1) (32,47) (7,3) (6,-1) (31,43) (16,18) (10,8) (9,6) (8,2) (30,41) (29,39) (28,36) (17,14) (27,32) (21,20) (19,16) (18,12) 
(999,-68) (998,-61) (909,49) (382,148) (294,141) (37,63) (0,4) (36,58) (3,5) (2,3) (1,-2) (34,52) (4,3) (33,49) (5,1) (32,47) (7,3) (6,-1) (31,43) (16,18) (10,8) (9,6) (8,2) (30,41) (29,39) (28,36) (17,14) (27,32) (21,20) (19,16) (20,17) 
(999,-68) (998,-61) (909,49) (382,148) (294,141) (37,63) (0,4) (36,58) (3,5) (2,3) (1,-2) (34,52) (4,3) (33,49) (5,1) (32,47) (7,3) (6,-1) (31,43) (16,18) (10,8) (9,6) (8,2) (30,41) (29,39) (28,36) (17,14) (27,32) (21,20) (19,16) (22,14) (23,17) (24,18) (25,22) (26,25) 
(999,-68) (998,-61) (909,49) (382,148) (294,141) (37,63) (0,4) (36,58) (3,5) (2,3) (1,-2) (34,52) (4,3) (33,49) (5,1) (32,47) (7,3) (6,-1) (31,43) (16,18) (10,8) (9,6) (8,2) (30,41) (29,39) (28,36) (17,14) (27,32) (21,20) (19,16) 
TD 11 :
(999,-68) (998,-61) (909,49) (382,148) (294,141) (37,63) (0,4) (36,58) (3,5) (2,3) (1,-2) (34,52) (4,3) (33,49) (5,1) (32,47) (7,3) (6,-1) (31,43) (16,18) (10,8) (9,6) (8,2) (30,41) (29,39) (28,36) (17,14) (27,32) (21,20) (19,16) (18,12) 
(999,-68) (998,-61) (909,49) (382,148) (294,141) (37,63) (0,4) (36,58) (3,5) (2,3) (1,-2) (34,52) (4,3) (33,49) (5,1) (32,47) (7,3) (6,-1) (31,43) (16,18) (10,8) (9,6) (8,2) (30,41) (29,39) (28,36) (17,14) (27,32) (21,20) (19,16) (20,17) 
(999,-68) (998,-61) (909,49) (382,148) (294,141) (37,63) (0,4) (36,58) (3,5) (2,3) (1,-2) (34,52) (4,3) (33,49) (5,1) (32,47) (7,3) (6,-1) (31,43) (16,18) (10,8) (9,6) (8,2) (30,41) (29,39) (28,36) (17,14) (27,32) (21,20) (19,16) (20,17) 
(999,-68) (998,-61) (909,49) (382,148) (294,141) (37,63) (0,4) (36,58) (3,5) (2,3) (1,-2) (34,52) (4,3) (33,49) (5,1) (32,47) (7,3) (6,-1) (31,43) (16,18) (10,8) (9,6) (8,2) (30,41) (29,39) (28,36) (17,14) (27,32) (21,20) (19,16) (26,25) (22,14) (23,17) (24,18) (25,22) 
(999,-68) (998,-61) (909,49) (382,148) (294,141) (37,63) (0,4) (36,58) (3,5) (2,3) (1,-2) (34,52) (4,3) (33,49) (5,1) (32,47) (7,3) (6,-1) (31,43) (16,18) (10,8) (9,6) (8,2) (30,41) (29,39) (28,36) (17,14) (27,32) (21,20) (19,16) (26,25) 
TD 12 :
(999,-68) (998,-61) (909,49) (382,148) (294,141) (37,63) (0,4) (36,58) (3,5) (2,3) (1,-2) (34,52) (4,3) (33,49) (5,1) (32,47) (7,3) (6,-1) (31,43) (16,18) (10,8) (9,6) (8,2) (30,41) (29,39) (28,36) (17,14) (27,32) (21,20) (19,16) (26,25) (25,22) (23,17) (22,14) 
(999,-68) (998,-61) (909,49) (382,148) (294,141) (37,63) (0,4) (36,58) (3,5) (2,3) (1,-2) (34,52) (4,3) (33,49) (5,1) (32,47) (7,3) (6,-1) (31,43) (16,18) (10,8) (9,6) (8,2) (30,41) (29,39) (28,36) (17,14) (27,32) (21,20) (19,16) (26,25) (25,22) (23,17) (22,14) (24,18) 
(999,-68) (998,-61) (909,49) (382,148) (294,141) (37,63) (0,4) (36,58) (3,5) (2,3) (1,-2) (34,52) (4,3) (33,49) (5,1) (32,47) (7,3) (6,-1) (31,43) (16,18) (10,8) (9,6) (8,2) (30,41) (29,39) (28,36) (17,14) (27,32) (21,20) (19,16) (26,25) (25,22) (23,17) (22,14) 
TD 13 :
(999,-68) (998,-61) (909,49) (382,148) (294,141) (37,63) (0,4) (36,58) (3,5) (2,3) (1,-2) (34,52) (4,3) (33,49) (5,1) (32,47) (7,3) (6,-1) (31,43) (16,18) (10,8) (9,6) (8,2) (30,41) (29,39) (28,36) (17,14) (27,32) (21,20) (19,16) (26,25) (25,22) (23,17) (22,14) (24,18) 
TD 14 :
TD 15 :
TD 16 :
TD 17 :
TD 18 :
TD 19 :
TD 20 :
TD 21 :
TD 22 :
TD 23 :
TD 24 :
TD 25 :
TD 26 :
TD 27 :
TD 28 :
TD 29 :
TD 30 :
TD 31 :
TD 32 :
TD 33 :
TD 34 :
TD 35 :
TD 36 :
TD 37 :
TD 38 :
TD 39 :
TD 40 :
TD 41 :
TD 42 :
TD 43 :
TD 44 :
TD 45 :
TD 46 :
TD 47 :
TD 48 :
TD 49 :
TD 50 :
TD 51 :
TD 52 :
TD 53 :
TD 54 :
TD 55 :
TD 56 :
TD 57 :
TD 58 :
TD 59 :
TD 60 :
TD 61 :
TD 62 :
TD 63 :
TD 64 :
TD 65 :
TD 66 :
TD 67 :
TD 68 :
TD 69 :
TD 70 :
TD 71 :
TD 72 :
TD 73 :
TD 74 :
TD 75 :
TD 76 :
TD 77 :
TD 78 :
TD 79 :
TD 80 :
TD 81 :
TD 82 :
TD 83 :
TD 84 :
TD 85 :
TD 86 :
TD 87 :
TD 88 :
TD 89 :
TD 90 :
TD 91 :
TD 92 :
TD 93 :
TD 94 :
TD 95 :
TD 96 :
TD 97 :
TD 98 :
TD 99 :
TD 100 :
TD 101 :
TD 102 :
TD 103 :
TD 104 :
TD 105 :
Pocket 0 :
()
Pocket 1 :
({  (0,4) ,(1,-2) } {  (36,58) ,(37,63) } {  (0,4) ,(1,-2) } {  (36,58) ,(37,63) } {  (0,4) ,(1,-2) } {  (36,58) ,(37,63) } {  (0,4) ,(1,-2) } {  (36,58) ,(37,63) } {  (0,4) ,(1,-2) } {  (36,58) ,(37,63) } {  (0,4) ,(1,-2) } {  (36,58) ,(37,63) } )
Pocket 2 :
({  (1,-2) ,(0,4) } {  (3,5) ,(2,3) } {  (1,-2) ,(0,4) } {  (3,5) ,(2,3) } {  (1,-2) ,(0,4) } {  (3,5) ,(2,3) } {  (1,-2) ,(0,4) } {  (3,5) ,(2,3) } {  (292,136) ,(291,140) } {  (292,136) ,(291,140) } {  (999,-68) ,(381,147) } {  (999,-68) ,(381,147) } {  (999,-68) ,(908,48) } {  (999,-68) ,(908,48) } {  (999,-68) ,(997,-73) } )
Pocket 3 :
({  (4,3) ,(1,-2) } {  (35,50) ,(34,52) } {  (4,3) ,(1,-2) } {  (35,50) ,(34,52) } {  (39,56) ,(38,57) } {  (39,56) ,(38,57) } {  (39,56) ,(38,57) } {  (999,-68) ,(380,146) } {  (999,-68) ,(380,146) } {  (387,142) ,(386,146) } {  (387,142) ,(386,146) } {  (387,142) ,(386,146) } {  (911,43) ,(910,44) } {  (911,43) ,(910,44) } {  (911,43) ,(910,44) } {  (911,43) ,(910,44) } )
Pocket 4 :
({  (5,1) ,(4,3) } {  (999,-68) ,(33,49) } {  (5,1) ,(4,3) } {  (999,-68) ,(33,49) } {  (40,48) ,(39,56) } {  (40,48) ,(39,56) } {  (296,132) ,(295,138) } {  (296,132) ,(295,138) } {  (999,-68) ,(385,145) } {  (999,-68) ,(385,145) } {  (907,38) ,(906,43) } {  (907,38) ,(906,43) } {  (917,29) ,(916,33) } {  (917,29) ,(916,33) } {  (917,29) ,(916,33) } {  (917,29) ,(916,33) } {  (999,-68) ,(995,-79) } )
Pocket 5 :
({  (6,-1) ,(5,1) } {  (8,2) ,(7,3) } {  (6,-1) ,(5,1) } {  (8,2) ,(7,3) } {  (6,-1) ,(5,1) } {  (8,2) ,(7,3) } {  (871,39) ,(870,50) } {  (871,39) ,(870,50) } {  (999,-68) ,(907,38) } {  (999,-68) ,(907,38) } {  (913,33) ,(912,36) } {  (913,33) ,(912,36) } {  (921,23) ,(920,27) } {  (921,23) ,(920,27) } {  (921,23) ,(920,27) } {  (993,-81) ,(992,-77) } {  (993,-81) ,(992,-77) } )
Pocket 6 :
({  (8,2) ,(6,-1) } {  (10,8) ,(9,6) } {  (8,2) ,(6,-1) } {  (10,8) ,(9,6) } {  (8,2) ,(6,-1) } {  (10,8) ,(9,6) } {  (8,2) ,(6,-1) } {  (10,8) ,(9,6) } {  (8,2) ,(6,-1) } {  (10,8) ,(9,6) } {  (999,-68) ,(905,37) } {  (999,-68) ,(905,37) } {  (915,28) ,(914,33) } {  (915,28) ,(914,33) } )
Pocket 7 :
({  (11,5) ,(8,2) } {  (999,-68) ,(30,41) } {  (999,-68) ,(30,41) } {  (999,-68) ,(913,33) } {  (999,-68) ,(913,33) } )
Pocket 8 :
({  (12,5) ,(11,5) } {  (999,-68) ,(29,39) } {  (999,-68) ,(29,39) } )
Pocket 9 :
({  (13,3) ,(12,5) } {  (999,-68) ,(15,10) } {  (13,3) ,(12,5) } {  (999,-68) ,(15,10) } {  (18,12) ,(17,14) } {  (18,12) ,(17,14) } {  (18,12) ,(17,14) } )
Pocket 10 :
({  (14,2) ,(13,3) } {  (20,17) ,(19,16) } {  (20,17) ,(19,16) } {  (20,17) ,(19,16) } {  (20,17) ,(19,16) } )
Pocket 11 :
({  (18,12) ,(19,16) } {  (999,-68) ,(20,17) } {  (999,-68) ,(20,17) } {  (999,-68) ,(26,25) } {  (999,-68) ,(26,25) } )
Pocket 12 :
({  (22,14) ,(26,25) } {  (24,18) ,(23,17) } {  (22,14) ,(26,25) } {  (24,18) ,(23,17) } {  (22,14) ,(26,25) } {  (24,18) ,(23,17) } )
Pocket 13 :
({  (24,18) ,(22,14) } )
Pocket 14 :
()
Pocket 15 :
()
Pocket 16 :
()
Pocket 17 :
()
Pocket 18 :
()
Pocket 19 :
()
Pocket 20 :
()
Pocket 21 :
()
Pocket 22 :
()
Pocket 23 :
()
Pocket 24 :
()
Pocket 25 :
()
Pocket 26 :
()
Pocket 27 :
()
Pocket 28 :
()
Pocket 29 :
()
Pocket 30 :
()
Pocket 31 :
()
Pocket 32 :
()
Pocket 33 :
()
Pocket 34 :
()
Pocket 35 :
()
Pocket 36 :
()
Pocket 37 :
()
Pocket 38 :
()
Pocket 39 :
()
Pocket 40 :
()
Pocket 41 :
()
Pocket 42 :
()
Pocket 43 :
()
Pocket 44 :
()
Pocket 45 :
()
Pocket 46 :
()
Pocket 47 :
()
Pocket 48 :
()
Pocket 49 :
()
Pocket 50 :
()
Pocket 51 :
()
Pocket 52 :
()
Pocket 53 :
()
Pocket 54 :
()
Pocket 55 :
()
Pocket 56 :
()
Pocket 57 :
()
Pocket 58 :
()
Pocket 59 :
()
Pocket 60 :
()
Pocket 61 :
()
Pocket 62 :
()
Pocket 63 :
()
Pocket 64 :
()
Pocket 65 :
()
Pocket 66 :
()
Pocket 67 :
()
Pocket 68 :
()
Pocket 69 :
()
Pocket 70 :
()
Pocket 71 :
()
Pocket 72 :
()
Pocket 73 :
()
Pocket 74 :
()
Pocket 75 :
()
Pocket 76 :
()
Pocket 77 :
()
Pocket 78 :
()
Pocket 79 :
()
Pocket 80 :
()
Pocket 81 :
()
Pocket 82 :
()
Pocket 83 :
()
Pocket 84 :
()
Pocket 85 :
()
Pocket 86 :
()
Pocket 87 :
()
Pocket 88 :
()
Pocket 89 :
()
Pocket 90 :
()
Pocket 91 :
()
Pocket 92 :
()
Pocket 93 :
()
Pocket 94 :
()
Pocket 95 :
()
Pocket 96 :
()
Pocket 97 :
()
Pocket 98 :
()
Pocket 99 :
()
Pocket 100 :
()
Pocket 101 :
()
Pocket 102 :
()
Pocket 103 :
()
Pocket 104 :
()
