1 layers in onion peeling: 
Layer 1
(9,1) (8,1) (7,1) (6,1) (5,1) (4,1) (3,1) (2,1) (0,0) 
---------------------------------------------------------------------------------------
TD 0 :
(9,1) (8,1) (7,1) (6,1) (5,1) (4,1) (3,1) (2,1) (1,0) (0,0) 
TD 1 :
(9,1) (8,1) (7,1) (6,1) (5,1) (4,1) (3,1) (2,1) (0,0) (1,0) 
(9,1) (8,1) (7,1) (6,1) (5,1) (4,1) (3,1) (2,1) (0,0) 
(9,1) (8,1) (7,1) (6,1) (5,1) (4,1) (3,1) (2,1) (0,0) 
(9,1) (8,1) (7,1) (6,1) (5,1) (4,1) (3,1) (2,1) (0,0) 
(9,1) (8,1) (7,1) (6,1) (5,1) (4,1) (3,1) (2,1) (0,0) 
(9,1) (8,1) (7,1) (6,1) (5,1) (4,1) (3,1) (2,1) (0,0) 
(9,1) (8,1) (7,1) (6,1) (5,1) (4,1) (3,1) (2,1) (0,0) 
(9,1) (8,1) (7,1) (6,1) (5,1) (4,1) (3,1) (2,1) (0,0) 
Pocket 0 :
()
