11 layers in onion peeling: 
Layer 1
(99,36) (89,42) (69,41) (9,14) (6,12) (4,9) (3,7) (1,2) (0,-1) 
Layer 2
(98,32) (90,39) (88,40) (70,41) (38,27) (10,14) (8,13) (7,12) (5,9) (2,4) 
Layer 3
(97,31) (94,35) (93,36) (92,37) (91,38) (87,39) (68,40) (11,14) 
Layer 4
(96,32) (95,33) (86,39) (71,39) (62,37) (28,21) (14,14) (13,12) (12,10) 
Layer 5
(85,36) (76,37) (67,38) (64,37) (37,25) (29,21) (16,14) (15,12) 
Layer 6
(84,34) (73,37) (72,37) (66,37) (65,37) (49,30) (36,24) (32,22) (26,19) (20,15) (17,13) 
Layer 7
(83,33) (75,36) (74,36) (63,36) (43,27) (39,25) (35,23) (31,21) (27,19) (22,16) (18,13) 
Layer 8
(82,32) (80,33) (78,34) (77,34) (61,34) (58,33) (52,31) (50,30) (40,25) (30,20) (24,17) (21,15) (19,13) 
Layer 9
(81,32) (79,33) (59,33) (56,32) (51,30) (47,28) (41,25) (33,21) (25,17) (23,16) 
Layer 10
(60,32) (57,32) (48,28) (46,27) (42,25) (34,21) 
Layer 11
(55,29) (54,30) (53,30) (45,25) (44,24) 
---------------------------------------------------------------------------------------
TD 0 :
(99,36) (98,32) (97,31) (96,32) (95,33) (94,35) (93,36) (92,37) (91,38) (90,39) (89,42) (88,40) (87,39) (86,39) (85,36) (84,34) (83,33) (82,32) (81,32) (80,33) (79,33) (78,34) (77,34) (76,37) (75,36) (74,36) (73,37) (72,37) (71,39) (70,41) (69,41) (68,40) (67,38) (66,37) (65,37) (64,37) (63,36) (62,37) (61,34) (60,32) (59,33) (58,33) (57,32) (56,32) (55,29) (54,30) (53,30) (52,31) (51,30) (50,30) (49,30) (48,28) (47,28) (46,27) (45,25) (44,24) (43,27) (42,25) (41,25) (40,25) (39,25) (38,27) (37,25) (36,24) (35,23) (34,21) (33,21) (32,22) (31,21) (30,20) (29,21) (28,21) (27,19) (26,19) (25,17) (24,17) (23,16) (22,16) (21,15) (20,15) (19,13) (18,13) (17,13) (16,14) (15,12) (14,14) (13,12) (12,10) (11,14) (10,14) (9,14) (8,13) (7,12) (6,12) (5,9) (4,9) (3,7) (2,4) (1,2) (0,-1) 
TD 1 :
(99,36) (89,42) (69,41) (9,14) (6,12) (4,9) (3,7) (1,2) (0,-1) 
(99,36) (89,42) (69,41) (9,14) (6,12) (4,9) (3,7) (1,2) (0,-1) (2,4) 
(99,36) (89,42) (69,41) (9,14) (6,12) (4,9) (3,7) (1,2) (0,-1) 
(99,36) (89,42) (69,41) (9,14) (6,12) (4,9) (3,7) (1,2) (0,-1) (5,9) 
(99,36) (89,42) (69,41) (9,14) (6,12) (4,9) (3,7) (1,2) (0,-1) (7,12) (8,13) 
(99,36) (89,42) (69,41) (9,14) (6,12) (4,9) (3,7) (1,2) (0,-1) (10,14) (11,14) (12,10) (13,12) (14,14) (15,12) (16,14) (17,13) (18,13) (19,13) (20,15) (21,15) (22,16) (23,16) (24,17) (25,17) (26,19) (27,19) (28,21) (29,21) (30,20) (31,21) (32,22) (33,21) (34,21) (35,23) (36,24) (37,25) (38,27) (39,25) (40,25) (41,25) (42,25) (43,27) (44,24) (45,25) (46,27) (47,28) (48,28) (49,30) (50,30) (51,30) (52,31) (53,30) (54,30) (55,29) (56,32) (57,32) (58,33) (59,33) (60,32) (61,34) (62,37) (63,36) (64,37) (65,37) (66,37) (67,38) (68,40) 
(99,36) (89,42) (69,41) (9,14) (6,12) (4,9) (3,7) (1,2) (0,-1) (70,41) (71,39) (72,37) (73,37) (74,36) (75,36) (76,37) (77,34) (78,34) (79,33) (80,33) (81,32) (82,32) (83,33) (84,34) (85,36) (86,39) (87,39) (88,40) 
(99,36) (89,42) (69,41) (9,14) (6,12) (4,9) (3,7) (1,2) (0,-1) (90,39) (91,38) (92,37) (93,36) (94,35) (95,33) (96,32) (97,31) (98,32) 
TD 2 :
(99,36) (89,42) (69,41) (9,14) (6,12) (4,9) (3,7) (1,2) (0,-1) (2,4) 
(99,36) (89,42) (69,41) (9,14) (6,12) (4,9) (3,7) (1,2) (0,-1) (5,9) 
(99,36) (89,42) (69,41) (9,14) (6,12) (4,9) (3,7) (1,2) (0,-1) (5,9) 
(99,36) (89,42) (69,41) (9,14) (6,12) (4,9) (3,7) (1,2) (0,-1) (8,13) (7,12) 
(99,36) (89,42) (69,41) (9,14) (6,12) (4,9) (3,7) (1,2) (0,-1) (8,13) (7,12) 
(99,36) (89,42) (69,41) (9,14) (6,12) (4,9) (3,7) (1,2) (0,-1) (8,13) (7,12) 
(99,36) (89,42) (69,41) (9,14) (6,12) (4,9) (3,7) (1,2) (0,-1) (38,27) (10,14) 
(99,36) (89,42) (69,41) (9,14) (6,12) (4,9) (3,7) (1,2) (0,-1) (38,27) (10,14) (11,14) (12,10) (13,12) (14,14) (15,12) (16,14) (17,13) (18,13) (19,13) (20,15) (21,15) (22,16) (23,16) (24,17) (25,17) (26,19) (27,19) (28,21) (29,21) (30,20) (31,21) (32,22) (33,21) (34,21) (35,23) (36,24) (37,25) 
(99,36) (89,42) (69,41) (9,14) (6,12) (4,9) (3,7) (1,2) (0,-1) (38,27) (10,14) (39,25) (40,25) (41,25) (42,25) (43,27) (44,24) (45,25) (46,27) (47,28) (48,28) (49,30) (50,30) (51,30) (52,31) (53,30) (54,30) (55,29) (56,32) (57,32) (58,33) (59,33) (60,32) (61,34) (62,37) (63,36) (64,37) (65,37) (66,37) (67,38) (68,40) 
(99,36) (89,42) (69,41) (9,14) (6,12) (4,9) (3,7) (1,2) (0,-1) (88,40) (70,41) 
(99,36) (89,42) (69,41) (9,14) (6,12) (4,9) (3,7) (1,2) (0,-1) (88,40) (70,41) (71,39) (72,37) (73,37) (74,36) (75,36) (76,37) (77,34) (78,34) (79,33) (80,33) (81,32) (82,32) (83,33) (84,34) (85,36) (86,39) (87,39) 
(99,36) (89,42) (69,41) (9,14) (6,12) (4,9) (3,7) (1,2) (0,-1) (88,40) (70,41) 
(99,36) (89,42) (69,41) (9,14) (6,12) (4,9) (3,7) (1,2) (0,-1) (98,32) (90,39) 
(99,36) (89,42) (69,41) (9,14) (6,12) (4,9) (3,7) (1,2) (0,-1) (98,32) (90,39) (91,38) (92,37) (93,36) (94,35) (95,33) (96,32) (97,31) 
TD 3 :
(99,36) (89,42) (69,41) (9,14) (6,12) (4,9) (3,7) (1,2) (0,-1) (38,27) (10,14) (11,14) (12,10) (13,12) (14,14) (15,12) (16,14) (17,13) (18,13) (19,13) (20,15) (21,15) (22,16) (23,16) (24,17) (25,17) (26,19) (27,19) (28,21) (29,21) (30,20) (31,21) (32,22) (33,21) (34,21) (35,23) (36,24) (37,25) 
(99,36) (89,42) (69,41) (9,14) (6,12) (4,9) (3,7) (1,2) (0,-1) (38,27) (10,14) (68,40) (39,25) (40,25) (41,25) (42,25) (43,27) (44,24) (45,25) (46,27) (47,28) (48,28) (49,30) (50,30) (51,30) (52,31) (53,30) (54,30) (55,29) (56,32) (57,32) (58,33) (59,33) (60,32) (61,34) (62,37) (63,36) (64,37) (65,37) (66,37) (67,38) 
(99,36) (89,42) (69,41) (9,14) (6,12) (4,9) (3,7) (1,2) (0,-1) (38,27) (10,14) (68,40) 
(99,36) (89,42) (69,41) (9,14) (6,12) (4,9) (3,7) (1,2) (0,-1) (88,40) (70,41) (87,39) (71,39) (72,37) (73,37) (74,36) (75,36) (76,37) (77,34) (78,34) (79,33) (80,33) (81,32) (82,32) (83,33) (84,34) (85,36) (86,39) 
(99,36) (89,42) (69,41) (9,14) (6,12) (4,9) (3,7) (1,2) (0,-1) (88,40) (70,41) (87,39) 
(99,36) (89,42) (69,41) (9,14) (6,12) (4,9) (3,7) (1,2) (0,-1) (98,32) (90,39) (97,31) (94,35) (93,36) (92,37) (91,38) 
(99,36) (89,42) (69,41) (9,14) (6,12) (4,9) (3,7) (1,2) (0,-1) (98,32) (90,39) (97,31) (94,35) (93,36) (92,37) (91,38) 
(99,36) (89,42) (69,41) (9,14) (6,12) (4,9) (3,7) (1,2) (0,-1) (98,32) (90,39) (97,31) (94,35) (93,36) (92,37) (91,38) 
(99,36) (89,42) (69,41) (9,14) (6,12) (4,9) (3,7) (1,2) (0,-1) (98,32) (90,39) (97,31) (94,35) (93,36) (92,37) (91,38) 
(99,36) (89,42) (69,41) (9,14) (6,12) (4,9) (3,7) (1,2) (0,-1) (98,32) (90,39) (97,31) (94,35) (93,36) (92,37) (91,38) (95,33) (96,32) 
TD 4 :
(99,36) (89,42) (69,41) (9,14) (6,12) (4,9) (3,7) (1,2) (0,-1) (38,27) (10,14) (11,14) (28,21) (14,14) (13,12) (12,10) 
(99,36) (89,42) (69,41) (9,14) (6,12) (4,9) (3,7) (1,2) (0,-1) (38,27) (10,14) (11,14) (28,21) (14,14) (13,12) (12,10) 
(99,36) (89,42) (69,41) (9,14) (6,12) (4,9) (3,7) (1,2) (0,-1) (38,27) (10,14) (11,14) (28,21) (14,14) (13,12) (12,10) (15,12) (16,14) (17,13) (18,13) (19,13) (20,15) (21,15) (22,16) (23,16) (24,17) (25,17) (26,19) (27,19) 
(99,36) (89,42) (69,41) (9,14) (6,12) (4,9) (3,7) (1,2) (0,-1) (38,27) (10,14) (11,14) (28,21) (14,14) (13,12) (12,10) (29,21) (30,20) (31,21) (32,22) (33,21) (34,21) (35,23) (36,24) (37,25) 
(99,36) (89,42) (69,41) (9,14) (6,12) (4,9) (3,7) (1,2) (0,-1) (38,27) (10,14) (68,40) (62,37) (39,25) (40,25) (41,25) (42,25) (43,27) (44,24) (45,25) (46,27) (47,28) (48,28) (49,30) (50,30) (51,30) (52,31) (53,30) (54,30) (55,29) (56,32) (57,32) (58,33) (59,33) (60,32) (61,34) 
(99,36) (89,42) (69,41) (9,14) (6,12) (4,9) (3,7) (1,2) (0,-1) (38,27) (10,14) (68,40) (62,37) (63,36) (64,37) (65,37) (66,37) (67,38) 
(99,36) (89,42) (69,41) (9,14) (6,12) (4,9) (3,7) (1,2) (0,-1) (88,40) (70,41) (87,39) (86,39) (71,39) 
(99,36) (89,42) (69,41) (9,14) (6,12) (4,9) (3,7) (1,2) (0,-1) (88,40) (70,41) (87,39) (86,39) (71,39) (72,37) (73,37) (74,36) (75,36) (76,37) (77,34) (78,34) (79,33) (80,33) (81,32) (82,32) (83,33) (84,34) (85,36) 
(99,36) (89,42) (69,41) (9,14) (6,12) (4,9) (3,7) (1,2) (0,-1) (88,40) (70,41) (87,39) (86,39) (71,39) 
(99,36) (89,42) (69,41) (9,14) (6,12) (4,9) (3,7) (1,2) (0,-1) (98,32) (90,39) (97,31) (94,35) (93,36) (92,37) (91,38) (96,32) (95,33) 
(99,36) (89,42) (69,41) (9,14) (6,12) (4,9) (3,7) (1,2) (0,-1) (98,32) (90,39) (97,31) (94,35) (93,36) (92,37) (91,38) (96,32) (95,33) 
TD 5 :
(99,36) (89,42) (69,41) (9,14) (6,12) (4,9) (3,7) (1,2) (0,-1) (38,27) (10,14) (11,14) (28,21) (14,14) (13,12) (12,10) (16,14) (15,12) 
(99,36) (89,42) (69,41) (9,14) (6,12) (4,9) (3,7) (1,2) (0,-1) (38,27) (10,14) (11,14) (28,21) (14,14) (13,12) (12,10) (16,14) (15,12) (17,13) (18,13) (19,13) (20,15) (21,15) (22,16) (23,16) (24,17) (25,17) (26,19) (27,19) 
(99,36) (89,42) (69,41) (9,14) (6,12) (4,9) (3,7) (1,2) (0,-1) (38,27) (10,14) (11,14) (28,21) (14,14) (13,12) (12,10) (37,25) (29,21) 
(99,36) (89,42) (69,41) (9,14) (6,12) (4,9) (3,7) (1,2) (0,-1) (38,27) (10,14) (11,14) (28,21) (14,14) (13,12) (12,10) (37,25) (29,21) (30,20) (31,21) (32,22) (33,21) (34,21) (35,23) (36,24) 
(99,36) (89,42) (69,41) (9,14) (6,12) (4,9) (3,7) (1,2) (0,-1) (38,27) (10,14) (11,14) (28,21) (14,14) (13,12) (12,10) (37,25) (29,21) 
(99,36) (89,42) (69,41) (9,14) (6,12) (4,9) (3,7) (1,2) (0,-1) (38,27) (10,14) (68,40) (62,37) (67,38) (64,37) (63,36) 
(99,36) (89,42) (69,41) (9,14) (6,12) (4,9) (3,7) (1,2) (0,-1) (38,27) (10,14) (68,40) (62,37) (67,38) (64,37) (65,37) (66,37) 
(99,36) (89,42) (69,41) (9,14) (6,12) (4,9) (3,7) (1,2) (0,-1) (38,27) (10,14) (68,40) (62,37) (67,38) (64,37) 
(99,36) (89,42) (69,41) (9,14) (6,12) (4,9) (3,7) (1,2) (0,-1) (88,40) (70,41) (87,39) (86,39) (71,39) (85,36) (76,37) (72,37) (73,37) (74,36) (75,36) 
(99,36) (89,42) (69,41) (9,14) (6,12) (4,9) (3,7) (1,2) (0,-1) (88,40) (70,41) (87,39) (86,39) (71,39) (85,36) (76,37) (77,34) (78,34) (79,33) (80,33) (81,32) (82,32) (83,33) (84,34) 
TD 6 :
(99,36) (89,42) (69,41) (9,14) (6,12) (4,9) (3,7) (1,2) (0,-1) (38,27) (10,14) (11,14) (28,21) (14,14) (13,12) (12,10) (16,14) (15,12) (26,19) (20,15) (17,13) (18,13) (19,13) 
(99,36) (89,42) (69,41) (9,14) (6,12) (4,9) (3,7) (1,2) (0,-1) (38,27) (10,14) (11,14) (28,21) (14,14) (13,12) (12,10) (16,14) (15,12) (26,19) (20,15) (17,13) (21,15) (22,16) (23,16) (24,17) (25,17) 
(99,36) (89,42) (69,41) (9,14) (6,12) (4,9) (3,7) (1,2) (0,-1) (38,27) (10,14) (11,14) (28,21) (14,14) (13,12) (12,10) (16,14) (15,12) (26,19) (20,15) (17,13) (27,19) 
(99,36) (89,42) (69,41) (9,14) (6,12) (4,9) (3,7) (1,2) (0,-1) (38,27) (10,14) (11,14) (28,21) (14,14) (13,12) (12,10) (37,25) (29,21) (36,24) (32,22) (30,20) (31,21) 
(99,36) (89,42) (69,41) (9,14) (6,12) (4,9) (3,7) (1,2) (0,-1) (38,27) (10,14) (11,14) (28,21) (14,14) (13,12) (12,10) (37,25) (29,21) (36,24) (32,22) (33,21) (34,21) (35,23) 
(99,36) (89,42) (69,41) (9,14) (6,12) (4,9) (3,7) (1,2) (0,-1) (38,27) (10,14) (11,14) (28,21) (14,14) (13,12) (12,10) (37,25) (29,21) (36,24) (32,22) 
(99,36) (89,42) (69,41) (9,14) (6,12) (4,9) (3,7) (1,2) (0,-1) (38,27) (10,14) (68,40) (62,37) (67,38) (64,37) (66,37) (65,37) 
(99,36) (89,42) (69,41) (9,14) (6,12) (4,9) (3,7) (1,2) (0,-1) (38,27) (10,14) (68,40) (62,37) (67,38) (64,37) (66,37) (65,37) 
(99,36) (89,42) (69,41) (9,14) (6,12) (4,9) (3,7) (1,2) (0,-1) (38,27) (10,14) (68,40) (62,37) (67,38) (64,37) (66,37) (65,37) 
(99,36) (89,42) (69,41) (9,14) (6,12) (4,9) (3,7) (1,2) (0,-1) (88,40) (70,41) (87,39) (86,39) (71,39) (85,36) (76,37) (73,37) (72,37) 
(99,36) (89,42) (69,41) (9,14) (6,12) (4,9) (3,7) (1,2) (0,-1) (88,40) (70,41) (87,39) (86,39) (71,39) (85,36) (76,37) (73,37) (72,37) 
(99,36) (89,42) (69,41) (9,14) (6,12) (4,9) (3,7) (1,2) (0,-1) (88,40) (70,41) (87,39) (86,39) (71,39) (85,36) (76,37) (73,37) (72,37) (74,36) (75,36) 
(99,36) (89,42) (69,41) (9,14) (6,12) (4,9) (3,7) (1,2) (0,-1) (88,40) (70,41) (87,39) (86,39) (71,39) (85,36) (76,37) (84,34) (77,34) (78,34) (79,33) (80,33) (81,32) (82,32) (83,33) 
TD 7 :
(99,36) (89,42) (69,41) (9,14) (6,12) (4,9) (3,7) (1,2) (0,-1) (38,27) (10,14) (11,14) (28,21) (14,14) (13,12) (12,10) (16,14) (15,12) (26,19) (20,15) (17,13) (18,13) (19,13) 
(99,36) (89,42) (69,41) (9,14) (6,12) (4,9) (3,7) (1,2) (0,-1) (38,27) (10,14) (11,14) (28,21) (14,14) (13,12) (12,10) (16,14) (15,12) (26,19) (20,15) (17,13) (22,16) (21,15) 
(99,36) (89,42) (69,41) (9,14) (6,12) (4,9) (3,7) (1,2) (0,-1) (38,27) (10,14) (11,14) (28,21) (14,14) (13,12) (12,10) (16,14) (15,12) (26,19) (20,15) (17,13) (22,16) (23,16) (24,17) (25,17) 
(99,36) (89,42) (69,41) (9,14) (6,12) (4,9) (3,7) (1,2) (0,-1) (38,27) (10,14) (11,14) (28,21) (14,14) (13,12) (12,10) (16,14) (15,12) (26,19) (20,15) (17,13) (27,19) 
(99,36) (89,42) (69,41) (9,14) (6,12) (4,9) (3,7) (1,2) (0,-1) (38,27) (10,14) (11,14) (28,21) (14,14) (13,12) (12,10) (16,14) (15,12) (26,19) (20,15) (17,13) (27,19) 
(99,36) (89,42) (69,41) (9,14) (6,12) (4,9) (3,7) (1,2) (0,-1) (38,27) (10,14) (11,14) (28,21) (14,14) (13,12) (12,10) (37,25) (29,21) (36,24) (32,22) (31,21) (30,20) 
(99,36) (89,42) (69,41) (9,14) (6,12) (4,9) (3,7) (1,2) (0,-1) (38,27) (10,14) (11,14) (28,21) (14,14) (13,12) (12,10) (37,25) (29,21) (36,24) (32,22) (31,21) 
(99,36) (89,42) (69,41) (9,14) (6,12) (4,9) (3,7) (1,2) (0,-1) (38,27) (10,14) (11,14) (28,21) (14,14) (13,12) (12,10) (37,25) (29,21) (36,24) (32,22) (35,23) (33,21) (34,21) 
(99,36) (89,42) (69,41) (9,14) (6,12) (4,9) (3,7) (1,2) (0,-1) (38,27) (10,14) (11,14) (28,21) (14,14) (13,12) (12,10) (37,25) (29,21) (36,24) (32,22) (35,23) 
(99,36) (89,42) (69,41) (9,14) (6,12) (4,9) (3,7) (1,2) (0,-1) (88,40) (70,41) (87,39) (86,39) (71,39) (85,36) (76,37) (73,37) (72,37) (75,36) (74,36) 
(99,36) (89,42) (69,41) (9,14) (6,12) (4,9) (3,7) (1,2) (0,-1) (88,40) (70,41) (87,39) (86,39) (71,39) (85,36) (76,37) (73,37) (72,37) (75,36) (74,36) 
(99,36) (89,42) (69,41) (9,14) (6,12) (4,9) (3,7) (1,2) (0,-1) (88,40) (70,41) (87,39) (86,39) (71,39) (85,36) (76,37) (73,37) (72,37) (75,36) (74,36) 
(99,36) (89,42) (69,41) (9,14) (6,12) (4,9) (3,7) (1,2) (0,-1) (88,40) (70,41) (87,39) (86,39) (71,39) (85,36) (76,37) (84,34) (83,33) (77,34) (78,34) (79,33) (80,33) (81,32) (82,32) 
TD 8 :
(99,36) (89,42) (69,41) (9,14) (6,12) (4,9) (3,7) (1,2) (0,-1) (38,27) (10,14) (11,14) (28,21) (14,14) (13,12) (12,10) (16,14) (15,12) (26,19) (20,15) (17,13) (18,13) (19,13) 
(99,36) (89,42) (69,41) (9,14) (6,12) (4,9) (3,7) (1,2) (0,-1) (38,27) (10,14) (11,14) (28,21) (14,14) (13,12) (12,10) (16,14) (15,12) (26,19) (20,15) (17,13) (22,16) (21,15) 
(99,36) (89,42) (69,41) (9,14) (6,12) (4,9) (3,7) (1,2) (0,-1) (38,27) (10,14) (11,14) (28,21) (14,14) (13,12) (12,10) (16,14) (15,12) (26,19) (20,15) (17,13) (22,16) (21,15) 
(99,36) (89,42) (69,41) (9,14) (6,12) (4,9) (3,7) (1,2) (0,-1) (38,27) (10,14) (11,14) (28,21) (14,14) (13,12) (12,10) (16,14) (15,12) (26,19) (20,15) (17,13) (22,16) (24,17) (23,16) 
(99,36) (89,42) (69,41) (9,14) (6,12) (4,9) (3,7) (1,2) (0,-1) (38,27) (10,14) (11,14) (28,21) (14,14) (13,12) (12,10) (16,14) (15,12) (26,19) (20,15) (17,13) (22,16) (24,17) (25,17) 
(99,36) (89,42) (69,41) (9,14) (6,12) (4,9) (3,7) (1,2) (0,-1) (38,27) (10,14) (11,14) (28,21) (14,14) (13,12) (12,10) (37,25) (29,21) (36,24) (32,22) (31,21) (30,20) 
(99,36) (89,42) (69,41) (9,14) (6,12) (4,9) (3,7) (1,2) (0,-1) (38,27) (10,14) (11,14) (28,21) (14,14) (13,12) (12,10) (37,25) (29,21) (36,24) (32,22) (31,21) (30,20) 
(99,36) (89,42) (69,41) (9,14) (6,12) (4,9) (3,7) (1,2) (0,-1) (88,40) (70,41) (87,39) (86,39) (71,39) (85,36) (76,37) (84,34) (83,33) (82,32) (80,33) (78,34) (77,34) 
(99,36) (89,42) (69,41) (9,14) (6,12) (4,9) (3,7) (1,2) (0,-1) (88,40) (70,41) (87,39) (86,39) (71,39) (85,36) (76,37) (84,34) (83,33) (82,32) (80,33) (78,34) (77,34) 
(99,36) (89,42) (69,41) (9,14) (6,12) (4,9) (3,7) (1,2) (0,-1) (88,40) (70,41) (87,39) (86,39) (71,39) (85,36) (76,37) (84,34) (83,33) (82,32) (80,33) (78,34) (77,34) (79,33) 
(99,36) (89,42) (69,41) (9,14) (6,12) (4,9) (3,7) (1,2) (0,-1) (88,40) (70,41) (87,39) (86,39) (71,39) (85,36) (76,37) (84,34) (83,33) (82,32) (80,33) (78,34) (77,34) (81,32) 
TD 9 :
(99,36) (89,42) (69,41) (9,14) (6,12) (4,9) (3,7) (1,2) (0,-1) (38,27) (10,14) (11,14) (28,21) (14,14) (13,12) (12,10) (16,14) (15,12) (26,19) (20,15) (17,13) (22,16) (24,17) (23,16) 
(99,36) (89,42) (69,41) (9,14) (6,12) (4,9) (3,7) (1,2) (0,-1) (38,27) (10,14) (11,14) (28,21) (14,14) (13,12) (12,10) (16,14) (15,12) (26,19) (20,15) (17,13) (22,16) (24,17) (25,17) 
(99,36) (89,42) (69,41) (9,14) (6,12) (4,9) (3,7) (1,2) (0,-1) (38,27) (10,14) (11,14) (28,21) (14,14) (13,12) (12,10) (16,14) (15,12) (26,19) (20,15) (17,13) (22,16) (24,17) (25,17) 
(99,36) (89,42) (69,41) (9,14) (6,12) (4,9) (3,7) (1,2) (0,-1) (88,40) (70,41) (87,39) (86,39) (71,39) (85,36) (76,37) (84,34) (83,33) (82,32) (80,33) (78,34) (77,34) (79,33) 
(99,36) (89,42) (69,41) (9,14) (6,12) (4,9) (3,7) (1,2) (0,-1) (88,40) (70,41) (87,39) (86,39) (71,39) (85,36) (76,37) (84,34) (83,33) (82,32) (80,33) (78,34) (77,34) (79,33) 
(99,36) (89,42) (69,41) (9,14) (6,12) (4,9) (3,7) (1,2) (0,-1) (88,40) (70,41) (87,39) (86,39) (71,39) (85,36) (76,37) (84,34) (83,33) (82,32) (80,33) (78,34) (77,34) (81,32) 
TD 10 :
TD 11 :
Pocket 0 :
()
Pocket 1 :
({  (0,-1) ,(1,2) } {  (0,-1) ,(1,2) } {  (0,-1) ,(1,2) } {  (0,-1) ,(1,2) } {  (0,-1) ,(1,2) } {  (0,-1) ,(1,2) } {  (0,-1) ,(1,2) } {  (0,-1) ,(1,2) } {  (0,-1) ,(1,2) } {  (0,-1) ,(1,2) } {  (0,-1) ,(1,2) } {  (0,-1) ,(1,2) } {  (0,-1) ,(1,2) } {  (0,-1) ,(1,2) } {  (0,-1) ,(1,2) } {  (0,-1) ,(1,2) } )
Pocket 2 :
({  (2,4) ,(0,-1) } {  (99,36) ,(5,9) } {  (99,36) ,(5,9) } {  (8,13) ,(7,12) } {  (8,13) ,(7,12) } {  (8,13) ,(7,12) } {  (11,14) ,(10,14) } {  (11,14) ,(10,14) } {  (11,14) ,(10,14) } {  (71,39) ,(70,41) } {  (71,39) ,(70,41) } {  (71,39) ,(70,41) } {  (91,38) ,(90,39) } {  (91,38) ,(90,39) } )
Pocket 3 :
({  (11,14) ,(10,14) } {  (99,36) ,(68,40) } {  (99,36) ,(68,40) } {  (99,36) ,(87,39) } {  (99,36) ,(87,39) } {  (92,37) ,(91,38) } {  (92,37) ,(91,38) } {  (92,37) ,(91,38) } {  (92,37) ,(91,38) } {  (92,37) ,(91,38) } )
Pocket 4 :
({  (12,10) ,(11,14) } {  (14,14) ,(13,12) } {  (12,10) ,(11,14) } {  (14,14) ,(13,12) } {  (12,10) ,(11,14) } {  (14,14) ,(13,12) } {  (12,10) ,(11,14) } {  (14,14) ,(13,12) } {  (63,36) ,(62,37) } {  (63,36) ,(62,37) } {  (72,37) ,(71,39) } {  (72,37) ,(71,39) } {  (72,37) ,(71,39) } {  (96,32) ,(95,33) } {  (96,32) ,(95,33) } )
Pocket 5 :
({  (15,12) ,(12,10) } {  (17,13) ,(16,14) } {  (15,12) ,(12,10) } {  (17,13) ,(16,14) } {  (30,20) ,(29,21) } {  (30,20) ,(29,21) } {  (30,20) ,(29,21) } {  (65,37) ,(64,37) } {  (65,37) ,(64,37) } {  (65,37) ,(64,37) } {  (77,34) ,(76,37) } {  (77,34) ,(76,37) } )
Pocket 6 :
({  (17,13) ,(15,12) } {  (21,15) ,(20,15) } {  (17,13) ,(15,12) } {  (21,15) ,(20,15) } {  (17,13) ,(15,12) } {  (21,15) ,(20,15) } {  (33,21) ,(32,22) } {  (33,21) ,(32,22) } {  (33,21) ,(32,22) } {  (66,37) ,(65,37) } {  (66,37) ,(65,37) } {  (66,37) ,(65,37) } {  (73,37) ,(72,37) } {  (73,37) ,(72,37) } {  (73,37) ,(72,37) } {  (99,36) ,(84,34) } )
Pocket 7 :
({  (18,13) ,(17,13) } {  (23,16) ,(22,16) } {  (23,16) ,(22,16) } {  (99,36) ,(27,19) } {  (99,36) ,(27,19) } {  (99,36) ,(31,21) } {  (99,36) ,(31,21) } {  (99,36) ,(35,23) } {  (99,36) ,(35,23) } {  (75,36) ,(74,36) } {  (75,36) ,(74,36) } {  (75,36) ,(74,36) } {  (99,36) ,(83,33) } )
Pocket 8 :
({  (19,13) ,(18,13) } {  (99,36) ,(21,15) } {  (99,36) ,(21,15) } {  (25,17) ,(24,17) } {  (25,17) ,(24,17) } {  (99,36) ,(30,20) } {  (99,36) ,(30,20) } {  (78,34) ,(77,34) } {  (78,34) ,(77,34) } {  (78,34) ,(77,34) } {  (78,34) ,(77,34) } )
Pocket 9 :
({  (23,16) ,(24,17) } {  (99,36) ,(25,17) } {  (99,36) ,(25,17) } {  (99,36) ,(79,33) } {  (99,36) ,(79,33) } {  (99,36) ,(81,32) } )
Pocket 10 :
()
