92 layers in onion peeling: 
Layer 1
(999,177) (980,210) (754,304) (688,329) (327,171) (87,60) (70,52) (0,3) 
Layer 2
(998,174) (997,177) (979,209) (753,304) (686,327) (332,170) (88,60) (86,59) (69,50) (66,48) (1,2) 
Layer 3
(996,171) (978,208) (760,301) (685,326) (330,169) (80,54) (72,49) (65,44) (3,-5) (2,-6) 
Layer 4
(995,172) (981,199) (954,218) (755,299) (687,324) (680,321) (328,168) (91,59) (89,58) (68,46) (4,-6) 
Layer 5
(994,166) (991,178) (982,197) (955,217) (936,225) (756,298) (690,320) (682,321) (326,165) (85,55) (73,48) (62,39) (8,-10) (7,-11) (5,-17) 
Layer 6
(993,168) (992,171) (990,177) (988,182) (975,202) (935,223) (759,296) (689,320) (684,320) (329,166) (92,58) (84,54) (67,43) (27,6) (9,-15) (6,-19) 
Layer 7
(989,178) (987,182) (983,189) (976,200) (973,203) (953,213) (917,230) (758,296) (752,298) (749,299) (683,319) (331,164) (83,52) (79,50) (71,45) (64,40) (33,10) (10,-20) 
Layer 8
(986,183) (977,197) (956,210) (921,228) (757,296) (748,299) (692,313) (681,315) (90,55) (78,49) (61,35) (32,6) (11,-22) 
Layer 9
(985,183) (974,197) (962,205) (928,222) (751,297) (694,310) (679,313) (334,162) (81,50) (63,36) (31,2) (26,-4) (12,-24) 
Layer 10
(984,181) (972,193) (958,205) (918,226) (750,297) (737,300) (693,310) (691,310) (678,307) (325,158) (95,55) (75,43) (60,32) (34,5) (25,-7) (13,-30) 
Layer 11
(971,188) (968,195) (963,200) (961,202) (946,211) (920,224) (747,296) (736,299) (695,307) (677,304) (333,161) (319,155) (105,58) (94,53) (76,43) (38,8) (30,-2) (23,-14) (15,-34) (14,-37) 
Layer 12
(970,186) (967,195) (957,204) (914,223) (763,289) (697,302) (675,299) (350,167) (336,161) (82,44) (77,41) (74,39) (39,8) (35,3) (24,-13) (22,-17) (16,-32) 
Layer 13
(969,188) (966,195) (960,201) (934,214) (916,222) (761,289) (696,301) (674,298) (321,154) (93,49) (58,23) (40,8) (36,3) (29,-6) (28,-8) (19,-33) (17,-43) 
Layer 14
(965,189) (964,195) (959,199) (947,207) (937,212) (927,217) (762,286) (735,292) (698,298) (676,297) (651,288) (320,153) (104,52) (96,48) (59,22) (37,4) (21,-32) (20,-36) (18,-44) 
Layer 15
(952,203) (948,206) (944,208) (919,220) (742,290) (672,295) (335,159) (323,154) (97,48) (50,14) (42,-1) (41,-8) 
Layer 16
(951,203) (949,204) (915,221) (772,278) (738,289) (734,290) (673,292) (348,164) (324,154) (106,52) (57,19) (49,9) (44,1) (43,-8) 
Layer 17
(950,198) (945,203) (933,211) (926,214) (746,286) (741,288) (699,289) (671,285) (656,281) (322,153) (108,51) (103,48) (55,13) (51,10) (45,2) 
Layer 18
(943,201) (938,205) (922,215) (743,287) (740,288) (733,288) (670,283) (655,279) (346,162) (318,150) (107,50) (56,13) (52,9) (46,0) 
Layer 19
(942,195) (940,201) (939,203) (929,210) (923,214) (912,219) (739,287) (717,285) (668,279) (652,277) (349,163) (213,100) (101,43) (98,41) (54,8) (48,1) (47,-4) 
Layer 20
(941,194) (925,212) (913,218) (911,219) (764,277) (745,283) (716,283) (669,279) (654,277) (351,163) (317,148) (102,42) (53,5) 
Layer 21
(932,204) (931,205) (930,206) (924,210) (765,274) (732,282) (657,277) (650,275) (347,160) (316,146) (226,103) (100,40) (99,39) 
Layer 22
(910,212) (892,220) (773,270) (770,271) (744,279) (731,279) (728,279) (720,279) (718,279) (658,277) (648,274) (337,155) (115,47) (109,42) 
Layer 23
(909,203) (893,216) (771,269) (729,278) (719,278) (653,275) (352,160) (212,93) (116,47) (111,37) (110,31) 
Layer 24
(908,197) (906,203) (897,209) (894,211) (774,266) (730,277) (727,277) (726,277) (722,277) (700,277) (667,274) (659,272) (617,260) (345,156) (227,99) (118,46) (117,45) (113,40) (112,38) 
Layer 25
(907,199) (891,211) (769,267) (715,276) (660,272) (649,269) (623,261) (355,159) (211,90) (114,41) 
Layer 26
(905,193) (904,199) (895,206) (766,267) (725,274) (701,274) (666,272) (353,158) (228,98) (214,91) (120,43) (119,34) 
Layer 27
(903,196) (898,203) (896,205) (767,265) (724,273) (721,273) (714,273) (661,269) (356,159) (339,151) (225,93) (121,39) 
Layer 28
(902,191) (901,195) (899,200) (890,206) (775,259) (768,261) (723,272) (662,269) (354,156) (344,152) (215,87) (122,36) 
Layer 29
(900,197) (885,208) (776,258) (703,271) (665,269) (647,263) (620,253) (342,150) (210,84) (131,40) (128,36) (123,29) 
Layer 30
(889,201) (888,204) (887,205) (884,208) (777,254) (702,269) (663,267) (618,252) (343,150) (222,89) (132,35) (124,25) 
Layer 31
(886,205) (778,253) (711,266) (645,260) (622,253) (338,147) (229,92) (209,81) (129,30) (127,28) (125,22) 
Layer 32
(883,202) (882,204) (779,246) (713,263) (704,265) (664,260) (638,256) (619,251) (616,250) (340,146) (315,135) (237,96) (224,89) (130,29) (126,24) 
Layer 33
(881,202) (780,240) (712,263) (710,263) (646,256) (639,255) (621,251) (615,249) (341,143) (236,95) (217,83) (133,27) 
Layer 34
(880,190) (789,235) (706,262) (641,255) (632,253) (357,147) (235,94) (223,86) (135,27) (134,25) 
Layer 35
(879,182) (829,211) (782,236) (707,261) (642,255) (624,249) (314,127) (242,97) (230,90) (139,29) (138,28) (137,27) (136,25) 
Layer 36
(878,175) (794,229) (709,258) (705,259) (644,254) (637,253) (614,245) (360,145) (241,96) (239,95) (208,75) (143,25) (140,22) 
Layer 37
(877,175) (828,207) (792,228) (708,256) (640,253) (625,248) (613,244) (363,146) (238,94) (221,83) (193,63) (144,23) (141,16) 
Layer 38
(876,167) (864,177) (831,204) (797,225) (793,226) (643,253) (633,250) (612,243) (359,144) (232,89) (216,78) (142,18) 
Layer 39
(875,160) (873,164) (866,173) (865,174) (830,203) (798,224) (781,228) (634,249) (626,247) (358,141) (265,102) (233,87) (218,78) (194,59) (145,17) 
Layer 40
(874,161) (872,164) (832,200) (799,223) (788,226) (783,227) (636,248) (627,246) (611,241) (311,120) (266,101) (231,84) (207,69) (148,19) (146,15) 
Layer 41
(871,161) (868,167) (867,168) (827,202) (801,219) (791,225) (631,245) (628,245) (313,120) (258,97) (234,85) (220,75) (206,65) (163,30) (147,16) 
Layer 42
(870,155) (869,163) (863,170) (862,171) (826,201) (795,222) (635,240) (610,235) (362,139) (264,99) (240,87) (205,64) (162,27) (149,15) 
Layer 43
(861,162) (860,165) (825,199) (802,217) (796,221) (630,238) (609,234) (365,140) (304,115) (257,95) (243,87) (195,55) (165,28) (154,17) (152,15) (150,11) 
Layer 44
(859,159) (858,164) (836,185) (803,216) (800,218) (784,222) (629,237) (366,140) (309,117) (259,95) (219,70) (189,49) (161,22) (151,12) 
Layer 45
(857,162) (833,187) (804,215) (790,220) (787,221) (608,225) (598,222) (364,139) (307,116) (256,92) (192,51) (188,47) (168,27) (158,16) (153,9) 
Layer 46
(856,163) (843,176) (835,184) (806,208) (785,218) (597,217) (561,208) (361,137) (308,115) (280,103) (255,90) (191,49) (164,21) (157,13) (155,8) 
Layer 47
(855,154) (854,163) (837,181) (808,206) (786,217) (604,216) (587,213) (569,208) (305,113) (279,102) (267,96) (246,84) (198,52) (190,46) (187,43) (186,42) (167,23) (156,9) 
Layer 48
(853,157) (851,165) (850,166) (849,167) (847,169) (844,172) (841,175) (839,177) (809,204) (805,207) (600,215) (570,207) (306,113) (278,101) (245,83) (200,53) (166,21) (159,12) 
Layer 49
(852,159) (842,172) (838,176) (812,201) (607,214) (603,214) (599,213) (567,205) (310,114) (282,102) (272,97) (260,91) (244,81) (202,54) (169,20) (160,7) 
Layer 50
(848,164) (824,189) (811,201) (602,213) (586,209) (560,202) (312,114) (271,96) (203,54) (185,36) (171,20) (170,13) 
Layer 51
(846,165) (823,189) (807,200) (601,211) (591,209) (568,204) (562,202) (371,134) (283,101) (270,95) (254,85) (204,53) (199,49) (197,47) (179,23) (173,14) (172,11) 
Layer 52
(845,165) (822,188) (813,194) (810,196) (605,208) (590,207) (576,205) (563,202) (368,132) (284,101) (268,92) (201,49) (184,29) (174,15) 
Layer 53
(840,169) (834,175) (821,186) (814,191) (606,207) (596,207) (581,205) (564,200) (281,99) (276,96) (248,78) (196,43) (183,26) (176,15) (175,13) 
Layer 54
(820,184) (819,186) (815,187) (589,205) (588,205) (571,202) (285,100) (261,86) (247,76) (180,18) (178,15) (177,11) 
Layer 55
(818,172) (817,182) (594,202) (582,203) (579,203) (572,202) (367,129) (303,105) (269,90) (181,18) 
Layer 56
(816,176) (585,202) (580,202) (566,199) (425,149) (369,129) (293,99) (286,96) (277,92) (262,84) (252,76) (182,18) 
Layer 57
(595,199) (593,201) (592,201) (584,201) (573,200) (559,196) (372,130) (288,94) (263,83) (253,76) (249,70) 
Layer 58
(583,198) (578,200) (577,200) (575,200) (414,144) (373,128) (292,95) (273,86) (250,71) 
Layer 59
(574,199) (426,148) (370,126) (291,94) (274,86) (251,68) 
Layer 60
(565,192) (557,190) (444,153) (294,94) (275,85) 
Layer 61
(558,189) (556,189) (445,153) (290,91) (287,89) 
Layer 62
(555,187) (424,144) (416,141) (289,90) 
Layer 63
(554,178) (447,151) (415,139) (302,95) (295,89) 
Layer 64
(553,176) (552,177) (446,150) (420,140) (301,90) (300,89) (296,83) 
Layer 65
(551,172) (546,171) (443,147) (417,138) (297,83) 
Layer 66
(550,169) (544,170) (423,140) (388,124) (299,79) (298,76) 
Layer 67
(549,159) (547,163) (545,165) (543,166) (528,163) (422,139) (418,137) (375,115) (374,113) 
Layer 68
(548,157) (540,162) (529,163) (427,139) (419,136) (387,120) (379,115) (377,113) (376,112) 
Layer 69
(542,160) (531,162) (526,161) (439,141) (431,139) (421,136) (412,132) (389,120) (378,110) 
Layer 70
(541,155) (538,159) (530,161) (527,161) (428,138) (380,111) 
Layer 71
(539,154) (532,159) (517,156) (442,141) (429,138) (413,129) (390,116) (381,110) 
Layer 72
(537,148) (536,151) (534,156) (525,157) (524,157) (448,142) (430,138) (386,112) (383,110) (382,109) 
Layer 73
(535,153) (533,156) (521,155) (440,139) (437,138) (408,124) (384,109) 
Layer 74
(523,152) (518,154) (441,139) (432,135) (391,112) (385,108) 
Layer 75
(522,152) (516,153) (436,136) (433,135) (410,122) (392,110) 
Layer 76
(520,149) (515,152) (450,138) (438,133) (409,120) (393,106) 
Layer 77
(519,148) (508,146) (449,135) (434,131) (411,120) (397,107) (394,99) 
Layer 78
(514,145) (505,145) (435,130) (403,110) (398,106) (396,101) (395,98) 
Layer 79
(513,139) (512,141) (507,142) (500,141) (451,133) (407,112) (404,110) (399,103) 
Layer 80
(511,132) (509,138) (506,141) (499,140) (455,132) (452,131) (405,109) (400,101) 
Layer 81
(510,133) (501,140) (470,133) (456,129) (406,106) (401,102) 
Layer 82
(504,133) (503,137) (502,137) (465,131) (454,128) (402,100) 
Layer 83
(498,136) (497,136) (453,126) 
Layer 84
(496,129) (471,129) (457,126) 
Layer 85
(495,124) (487,126) (464,127) (459,122) (458,119) 
Layer 86
(494,120) (493,121) (488,125) (484,126) (466,124) (463,123) (461,116) (460,112) 
Layer 87
(492,120) (483,124) (469,122) (462,119) 
Layer 88
(491,114) (489,121) (479,122) (467,120) 
Layer 89
(490,114) (485,121) (468,120) 
Layer 90
(486,119) (480,120) (474,120) (473,120) (472,119) 
Layer 91
(482,119) (475,118) 
Layer 92
(481,118) (477,117) (476,116) 
---------------------------------------------------------------------------------------
TD 0 :
(999,177) (998,174) (997,177) (996,171) (995,172) (994,166) (993,168) (992,171) (991,178) (990,177) (989,178) (988,182) (987,182) (986,183) (985,183) (984,181) (983,189) (982,197) (981,199) (980,210) (979,209) (978,208) (977,197) (976,200) (975,202) (974,197) (973,203) (972,193) (971,188) (970,186) (969,188) (968,195) (967,195) (966,195) (965,189) (964,195) (963,200) (962,205) (961,202) (960,201) (959,199) (958,205) (957,204) (956,210) (955,217) (954,218) (953,213) (952,203) (951,203) (950,198) (949,204) (948,206) (947,207) (946,211) (945,203) (944,208) (943,201) (942,195) (941,194) (940,201) (939,203) (938,205) (937,212) (936,225) (935,223) (934,214) (933,211) (932,204) (931,205) (930,206) (929,210) (928,222) (927,217) (926,214) (925,212) (924,210) (923,214) (922,215) (921,228) (920,224) (919,220) (918,226) (917,230) (916,222) (915,221) (914,223) (913,218) (912,219) (911,219) (910,212) (909,203) (908,197) (907,199) (906,203) (905,193) (904,199) (903,196) (902,191) (901,195) (900,197) (899,200) (898,203) (897,209) (896,205) (895,206) (894,211) (893,216) (892,220) (891,211) (890,206) (889,201) (888,204) (887,205) (886,205) (885,208) (884,208) (883,202) (882,204) (881,202) (880,190) (879,182) (878,175) (877,175) (876,167) (875,160) (874,161) (873,164) (872,164) (871,161) (870,155) (869,163) (868,167) (867,168) (866,173) (865,174) (864,177) (863,170) (862,171) (861,162) (860,165) (859,159) (858,164) (857,162) (856,163) (855,154) (854,163) (853,157) (852,159) (851,165) (850,166) (849,167) (848,164) (847,169) (846,165) (845,165) (844,172) (843,176) (842,172) (841,175) (840,169) (839,177) (838,176) (837,181) (836,185) (835,184) (834,175) (833,187) (832,200) (831,204) (830,203) (829,211) (828,207) (827,202) (826,201) (825,199) (824,189) (823,189) (822,188) (821,186) (820,184) (819,186) (818,172) (817,182) (816,176) (815,187) (814,191) (813,194) (812,201) (811,201) (810,196) (809,204) (808,206) (807,200) (806,208) (805,207) (804,215) (803,216) (802,217) (801,219) (800,218) (799,223) (798,224) (797,225) (796,221) (795,222) (794,229) (793,226) (792,228) (791,225) (790,220) (789,235) (788,226) (787,221) (786,217) (785,218) (784,222) (783,227) (782,236) (781,228) (780,240) (779,246) (778,253) (777,254) (776,258) (775,259) (774,266) (773,270) (772,278) (771,269) (770,271) (769,267) (768,261) (767,265) (766,267) (765,274) (764,277) (763,289) (762,286) (761,289) (760,301) (759,296) (758,296) (757,296) (756,298) (755,299) (754,304) (753,304) (752,298) (751,297) (750,297) (749,299) (748,299) (747,296) (746,286) (745,283) (744,279) (743,287) (742,290) (741,288) (740,288) (739,287) (738,289) (737,300) (736,299) (735,292) (734,290) (733,288) (732,282) (731,279) (730,277) (729,278) (728,279) (727,277) (726,277) (725,274) (724,273) (723,272) (722,277) (721,273) (720,279) (719,278) (718,279) (717,285) (716,283) (715,276) (714,273) (713,263) (712,263) (711,266) (710,263) (709,258) (708,256) (707,261) (706,262) (705,259) (704,265) (703,271) (702,269) (701,274) (700,277) (699,289) (698,298) (697,302) (696,301) (695,307) (694,310) (693,310) (692,313) (691,310) (690,320) (689,320) (688,329) (687,324) (686,327) (685,326) (684,320) (683,319) (682,321) (681,315) (680,321) (679,313) (678,307) (677,304) (676,297) (675,299) (674,298) (673,292) (672,295) (671,285) (670,283) (669,279) (668,279) (667,274) (666,272) (665,269) (664,260) (663,267) (662,269) (661,269) (660,272) (659,272) (658,277) (657,277) (656,281) (655,279) (654,277) (653,275) (652,277) (651,288) (650,275) (649,269) (648,274) (647,263) (646,256) (645,260) (644,254) (643,253) (642,255) (641,255) (640,253) (639,255) (638,256) (637,253) (636,248) (635,240) (634,249) (633,250) (632,253) (631,245) (630,238) (629,237) (628,245) (627,246) (626,247) (625,248) (624,249) (623,261) (622,253) (621,251) (620,253) (619,251) (618,252) (617,260) (616,250) (615,249) (614,245) (613,244) (612,243) (611,241) (610,235) (609,234) (608,225) (607,214) (606,207) (605,208) (604,216) (603,214) (602,213) (601,211) (600,215) (599,213) (598,222) (597,217) (596,207) (595,199) (594,202) (593,201) (592,201) (591,209) (590,207) (589,205) (588,205) (587,213) (586,209) (585,202) (584,201) (583,198) (582,203) (581,205) (580,202) (579,203) (578,200) (577,200) (576,205) (575,200) (574,199) (573,200) (572,202) (571,202) (570,207) (569,208) (568,204) (567,205) (566,199) (565,192) (564,200) (563,202) (562,202) (561,208) (560,202) (559,196) (558,189) (557,190) (556,189) (555,187) (554,178) (553,176) (552,177) (551,172) (550,169) (549,159) (548,157) (547,163) (546,171) (545,165) (544,170) (543,166) (542,160) (541,155) (540,162) (539,154) (538,159) (537,148) (536,151) (535,153) (534,156) (533,156) (532,159) (531,162) (530,161) (529,163) (528,163) (527,161) (526,161) (525,157) (524,157) (523,152) (522,152) (521,155) (520,149) (519,148) (518,154) (517,156) (516,153) (515,152) (514,145) (513,139) (512,141) (511,132) (510,133) (509,138) (508,146) (507,142) (506,141) (505,145) (504,133) (503,137) (502,137) (501,140) (500,141) (499,140) (498,136) (497,136) (496,129) (495,124) (494,120) (493,121) (492,120) (491,114) (490,114) (489,121) (488,125) (487,126) (486,119) (485,121) (484,126) (483,124) (482,119) (481,118) (480,120) (479,122) (478,115) (477,117) (476,116) (475,118) (474,120) (473,120) (472,119) (471,129) (470,133) (469,122) (468,120) (467,120) (466,124) (465,131) (464,127) (463,123) (462,119) (461,116) (460,112) (459,122) (458,119) (457,126) (456,129) (455,132) (454,128) (453,126) (452,131) (451,133) (450,138) (449,135) (448,142) (447,151) (446,150) (445,153) (444,153) (443,147) (442,141) (441,139) (440,139) (439,141) (438,133) (437,138) (436,136) (435,130) (434,131) (433,135) (432,135) (431,139) (430,138) (429,138) (428,138) (427,139) (426,148) (425,149) (424,144) (423,140) (422,139) (421,136) (420,140) (419,136) (418,137) (417,138) (416,141) (415,139) (414,144) (413,129) (412,132) (411,120) (410,122) (409,120) (408,124) (407,112) (406,106) (405,109) (404,110) (403,110) (402,100) (401,102) (400,101) (399,103) (398,106) (397,107) (396,101) (395,98) (394,99) (393,106) (392,110) (391,112) (390,116) (389,120) (388,124) (387,120) (386,112) (385,108) (384,109) (383,110) (382,109) (381,110) (380,111) (379,115) (378,110) (377,113) (376,112) (375,115) (374,113) (373,128) (372,130) (371,134) (370,126) (369,129) (368,132) (367,129) (366,140) (365,140) (364,139) (363,146) (362,139) (361,137) (360,145) (359,144) (358,141) (357,147) (356,159) (355,159) (354,156) (353,158) (352,160) (351,163) (350,167) (349,163) (348,164) (347,160) (346,162) (345,156) (344,152) (343,150) (342,150) (341,143) (340,146) (339,151) (338,147) (337,155) (336,161) (335,159) (334,162) (333,161) (332,170) (331,164) (330,169) (329,166) (328,168) (327,171) (326,165) (325,158) (324,154) (323,154) (322,153) (321,154) (320,153) (319,155) (318,150) (317,148) (316,146) (315,135) (314,127) (313,120) (312,114) (311,120) (310,114) (309,117) (308,115) (307,116) (306,113) (305,113) (304,115) (303,105) (302,95) (301,90) (300,89) (299,79) (298,76) (297,83) (296,83) (295,89) (294,94) (293,99) (292,95) (291,94) (290,91) (289,90) (288,94) (287,89) (286,96) (285,100) (284,101) (283,101) (282,102) (281,99) (280,103) (279,102) (278,101) (277,92) (276,96) (275,85) (274,86) (273,86) (272,97) (271,96) (270,95) (269,90) (268,92) (267,96) (266,101) (265,102) (264,99) (263,83) (262,84) (261,86) (260,91) (259,95) (258,97) (257,95) (256,92) (255,90) (254,85) (253,76) (252,76) (251,68) (250,71) (249,70) (248,78) (247,76) (246,84) (245,83) (244,81) (243,87) (242,97) (241,96) (240,87) (239,95) (238,94) (237,96) (236,95) (235,94) (234,85) (233,87) (232,89) (231,84) (230,90) (229,92) (228,98) (227,99) (226,103) (225,93) (224,89) (223,86) (222,89) (221,83) (220,75) (219,70) (218,78) (217,83) (216,78) (215,87) (214,91) (213,100) (212,93) (211,90) (210,84) (209,81) (208,75) (207,69) (206,65) (205,64) (204,53) (203,54) (202,54) (201,49) (200,53) (199,49) (198,52) (197,47) (196,43) (195,55) (194,59) (193,63) (192,51) (191,49) (190,46) (189,49) (188,47) (187,43) (186,42) (185,36) (184,29) (183,26) (182,18) (181,18) (180,18) (179,23) (178,15) (177,11) (176,15) (175,13) (174,15) (173,14) (172,11) (171,20) (170,13) (169,20) (168,27) (167,23) (166,21) (165,28) (164,21) (163,30) (162,27) (161,22) (160,7) (159,12) (158,16) (157,13) (156,9) (155,8) (154,17) (153,9) (152,15) (151,12) (150,11) (149,15) (148,19) (147,16) (146,15) (145,17) (144,23) (143,25) (142,18) (141,16) (140,22) (139,29) (138,28) (137,27) (136,25) (135,27) (134,25) (133,27) (132,35) (131,40) (130,29) (129,30) (128,36) (127,28) (126,24) (125,22) (124,25) (123,29) (122,36) (121,39) (120,43) (119,34) (118,46) (117,45) (116,47) (115,47) (114,41) (113,40) (112,38) (111,37) (110,31) (109,42) (108,51) (107,50) (106,52) (105,58) (104,52) (103,48) (102,42) (101,43) (100,40) (99,39) (98,41) (97,48) (96,48) (95,55) (94,53) (93,49) (92,58) (91,59) (90,55) (89,58) (88,60) (87,60) (86,59) (85,55) (84,54) (83,52) (82,44) (81,50) (80,54) (79,50) (78,49) (77,41) (76,43) (75,43) (74,39) (73,48) (72,49) (71,45) (70,52) (69,50) (68,46) (67,43) (66,48) (65,44) (64,40) (63,36) (62,39) (61,35) (60,32) (59,22) (58,23) (57,19) (56,13) (55,13) (54,8) (53,5) (52,9) (51,10) (50,14) (49,9) (48,1) (47,-4) (46,0) (45,2) (44,1) (43,-8) (42,-1) (41,-8) (40,8) (39,8) (38,8) (37,4) (36,3) (35,3) (34,5) (33,10) (32,6) (31,2) (30,-2) (29,-6) (28,-8) (27,6) (26,-4) (25,-7) (24,-13) (23,-14) (22,-17) (21,-32) (20,-36) (19,-33) (18,-44) (17,-43) (16,-32) (15,-34) (14,-37) (13,-30) (12,-24) (11,-22) (10,-20) (9,-15) (8,-10) (7,-11) (6,-19) (5,-17) (4,-6) (3,-5) (2,-6) (1,2) (0,3) 
TD 1 :
(999,177) (980,210) (754,304) (688,329) (327,171) (87,60) (70,52) (0,3) (1,2) (2,-6) (3,-5) (4,-6) (5,-17) (6,-19) (7,-11) (8,-10) (9,-15) (10,-20) (11,-22) (12,-24) (13,-30) (14,-37) (15,-34) (16,-32) (17,-43) (18,-44) (19,-33) (20,-36) (21,-32) (22,-17) (23,-14) (24,-13) (25,-7) (26,-4) (27,6) (28,-8) (29,-6) (30,-2) (31,2) (32,6) (33,10) (34,5) (35,3) (36,3) (37,4) (38,8) (39,8) (40,8) (41,-8) (42,-1) (43,-8) (44,1) (45,2) (46,0) (47,-4) (48,1) (49,9) (50,14) (51,10) (52,9) (53,5) (54,8) (55,13) (56,13) (57,19) (58,23) (59,22) (60,32) (61,35) (62,39) (63,36) (64,40) (65,44) (66,48) (67,43) (68,46) (69,50) 
(999,177) (980,210) (754,304) (688,329) (327,171) (87,60) (70,52) (0,3) (71,45) (72,49) (73,48) (74,39) (75,43) (76,43) (77,41) (78,49) (79,50) (80,54) (81,50) (82,44) (83,52) (84,54) (85,55) (86,59) 
(999,177) (980,210) (754,304) (688,329) (327,171) (87,60) (70,52) (0,3) (88,60) (89,58) (90,55) (91,59) (92,58) (93,49) (94,53) (95,55) (96,48) (97,48) (98,41) (99,39) (100,40) (101,43) (102,42) (103,48) (104,52) (105,58) (106,52) (107,50) (108,51) (109,42) (110,31) (111,37) (112,38) (113,40) (114,41) (115,47) (116,47) (117,45) (118,46) (119,34) (120,43) (121,39) (122,36) (123,29) (124,25) (125,22) (126,24) (127,28) (128,36) (129,30) (130,29) (131,40) (132,35) (133,27) (134,25) (135,27) (136,25) (137,27) (138,28) (139,29) (140,22) (141,16) (142,18) (143,25) (144,23) (145,17) (146,15) (147,16) (148,19) (149,15) (150,11) (151,12) (152,15) (153,9) (154,17) (155,8) (156,9) (157,13) (158,16) (159,12) (160,7) (161,22) (162,27) (163,30) (164,21) (165,28) (166,21) (167,23) (168,27) (169,20) (170,13) (171,20) (172,11) (173,14) (174,15) (175,13) (176,15) (177,11) (178,15) (179,23) (180,18) (181,18) (182,18) (183,26) (184,29) (185,36) (186,42) (187,43) (188,47) (189,49) (190,46) (191,49) (192,51) (193,63) (194,59) (195,55) (196,43) (197,47) (198,52) (199,49) (200,53) (201,49) (202,54) (203,54) (204,53) (205,64) (206,65) (207,69) (208,75) (209,81) (210,84) (211,90) (212,93) (213,100) (214,91) (215,87) (216,78) (217,83) (218,78) (219,70) (220,75) (221,83) (222,89) (223,86) (224,89) (225,93) (226,103) (227,99) (228,98) (229,92) (230,90) (231,84) (232,89) (233,87) (234,85) (235,94) (236,95) (237,96) (238,94) (239,95) (240,87) (241,96) (242,97) (243,87) (244,81) (245,83) (246,84) (247,76) (248,78) (249,70) (250,71) (251,68) (252,76) (253,76) (254,85) (255,90) (256,92) (257,95) (258,97) (259,95) (260,91) (261,86) (262,84) (263,83) (264,99) (265,102) (266,101) (267,96) (268,92) (269,90) (270,95) (271,96) (272,97) (273,86) (274,86) (275,85) (276,96) (277,92) (278,101) (279,102) (280,103) (281,99) (282,102) (283,101) (284,101) (285,100) (286,96) (287,89) (288,94) (289,90) (290,91) (291,94) (292,95) (293,99) (294,94) (295,89) (296,83) (297,83) (298,76) (299,79) (300,89) (301,90) (302,95) (303,105) (304,115) (305,113) (306,113) (307,116) (308,115) (309,117) (310,114) (311,120) (312,114) (313,120) (314,127) (315,135) (316,146) (317,148) (318,150) (319,155) (320,153) (321,154) (322,153) (323,154) (324,154) (325,158) (326,165) 
(999,177) (980,210) (754,304) (688,329) (327,171) (87,60) (70,52) (0,3) (328,168) (329,166) (330,169) (331,164) (332,170) (333,161) (334,162) (335,159) (336,161) (337,155) (338,147) (339,151) (340,146) (341,143) (342,150) (343,150) (344,152) (345,156) (346,162) (347,160) (348,164) (349,163) (350,167) (351,163) (352,160) (353,158) (354,156) (355,159) (356,159) (357,147) (358,141) (359,144) (360,145) (361,137) (362,139) (363,146) (364,139) (365,140) (366,140) (367,129) (368,132) (369,129) (370,126) (371,134) (372,130) (373,128) (374,113) (375,115) (376,112) (377,113) (378,110) (379,115) (380,111) (381,110) (382,109) (383,110) (384,109) (385,108) (386,112) (387,120) (388,124) (389,120) (390,116) (391,112) (392,110) (393,106) (394,99) (395,98) (396,101) (397,107) (398,106) (399,103) (400,101) (401,102) (402,100) (403,110) (404,110) (405,109) (406,106) (407,112) (408,124) (409,120) (410,122) (411,120) (412,132) (413,129) (414,144) (415,139) (416,141) (417,138) (418,137) (419,136) (420,140) (421,136) (422,139) (423,140) (424,144) (425,149) (426,148) (427,139) (428,138) (429,138) (430,138) (431,139) (432,135) (433,135) (434,131) (435,130) (436,136) (437,138) (438,133) (439,141) (440,139) (441,139) (442,141) (443,147) (444,153) (445,153) (446,150) (447,151) (448,142) (449,135) (450,138) (451,133) (452,131) (453,126) (454,128) (455,132) (456,129) (457,126) (458,119) (459,122) (460,112) (461,116) (462,119) (463,123) (464,127) (465,131) (466,124) (467,120) (468,120) (469,122) (470,133) (471,129) (472,119) (473,120) (474,120) (475,118) (476,116) (477,117) (478,115) (479,122) (480,120) (481,118) (482,119) (483,124) (484,126) (485,121) (486,119) (487,126) (488,125) (489,121) (490,114) (491,114) (492,120) (493,121) (494,120) (495,124) (496,129) (497,136) (498,136) (499,140) (500,141) (501,140) (502,137) (503,137) (504,133) (505,145) (506,141) (507,142) (508,146) (509,138) (510,133) (511,132) (512,141) (513,139) (514,145) (515,152) (516,153) (517,156) (518,154) (519,148) (520,149) (521,155) (522,152) (523,152) (524,157) (525,157) (526,161) (527,161) (528,163) (529,163) (530,161) (531,162) (532,159) (533,156) (534,156) (535,153) (536,151) (537,148) (538,159) (539,154) (540,162) (541,155) (542,160) (543,166) (544,170) (545,165) (546,171) (547,163) (548,157) (549,159) (550,169) (551,172) (552,177) (553,176) (554,178) (555,187) (556,189) (557,190) (558,189) (559,196) (560,202) (561,208) (562,202) (563,202) (564,200) (565,192) (566,199) (567,205) (568,204) (569,208) (570,207) (571,202) (572,202) (573,200) (574,199) (575,200) (576,205) (577,200) (578,200) (579,203) (580,202) (581,205) (582,203) (583,198) (584,201) (585,202) (586,209) (587,213) (588,205) (589,205) (590,207) (591,209) (592,201) (593,201) (594,202) (595,199) (596,207) (597,217) (598,222) (599,213) (600,215) (601,211) (602,213) (603,214) (604,216) (605,208) (606,207) (607,214) (608,225) (609,234) (610,235) (611,241) (612,243) (613,244) (614,245) (615,249) (616,250) (617,260) (618,252) (619,251) (620,253) (621,251) (622,253) (623,261) (624,249) (625,248) (626,247) (627,246) (628,245) (629,237) (630,238) (631,245) (632,253) (633,250) (634,249) (635,240) (636,248) (637,253) (638,256) (639,255) (640,253) (641,255) (642,255) (643,253) (644,254) (645,260) (646,256) (647,263) (648,274) (649,269) (650,275) (651,288) (652,277) (653,275) (654,277) (655,279) (656,281) (657,277) (658,277) (659,272) (660,272) (661,269) (662,269) (663,267) (664,260) (665,269) (666,272) (667,274) (668,279) (669,279) (670,283) (671,285) (672,295) (673,292) (674,298) (675,299) (676,297) (677,304) (678,307) (679,313) (680,321) (681,315) (682,321) (683,319) (684,320) (685,326) (686,327) (687,324) 
(999,177) (980,210) (754,304) (688,329) (327,171) (87,60) (70,52) (0,3) (689,320) (690,320) (691,310) (692,313) (693,310) (694,310) (695,307) (696,301) (697,302) (698,298) (699,289) (700,277) (701,274) (702,269) (703,271) (704,265) (705,259) (706,262) (707,261) (708,256) (709,258) (710,263) (711,266) (712,263) (713,263) (714,273) (715,276) (716,283) (717,285) (718,279) (719,278) (720,279) (721,273) (722,277) (723,272) (724,273) (725,274) (726,277) (727,277) (728,279) (729,278) (730,277) (731,279) (732,282) (733,288) (734,290) (735,292) (736,299) (737,300) (738,289) (739,287) (740,288) (741,288) (742,290) (743,287) (744,279) (745,283) (746,286) (747,296) (748,299) (749,299) (750,297) (751,297) (752,298) (753,304) 
(999,177) (980,210) (754,304) (688,329) (327,171) (87,60) (70,52) (0,3) (755,299) (756,298) (757,296) (758,296) (759,296) (760,301) (761,289) (762,286) (763,289) (764,277) (765,274) (766,267) (767,265) (768,261) (769,267) (770,271) (771,269) (772,278) (773,270) (774,266) (775,259) (776,258) (777,254) (778,253) (779,246) (780,240) (781,228) (782,236) (783,227) (784,222) (785,218) (786,217) (787,221) (788,226) (789,235) (790,220) (791,225) (792,228) (793,226) (794,229) (795,222) (796,221) (797,225) (798,224) (799,223) (800,218) (801,219) (802,217) (803,216) (804,215) (805,207) (806,208) (807,200) (808,206) (809,204) (810,196) (811,201) (812,201) (813,194) (814,191) (815,187) (816,176) (817,182) (818,172) (819,186) (820,184) (821,186) (822,188) (823,189) (824,189) (825,199) (826,201) (827,202) (828,207) (829,211) (830,203) (831,204) (832,200) (833,187) (834,175) (835,184) (836,185) (837,181) (838,176) (839,177) (840,169) (841,175) (842,172) (843,176) (844,172) (845,165) (846,165) (847,169) (848,164) (849,167) (850,166) (851,165) (852,159) (853,157) (854,163) (855,154) (856,163) (857,162) (858,164) (859,159) (860,165) (861,162) (862,171) (863,170) (864,177) (865,174) (866,173) (867,168) (868,167) (869,163) (870,155) (871,161) (872,164) (873,164) (874,161) (875,160) (876,167) (877,175) (878,175) (879,182) (880,190) (881,202) (882,204) (883,202) (884,208) (885,208) (886,205) (887,205) (888,204) (889,201) (890,206) (891,211) (892,220) (893,216) (894,211) (895,206) (896,205) (897,209) (898,203) (899,200) (900,197) (901,195) (902,191) (903,196) (904,199) (905,193) (906,203) (907,199) (908,197) (909,203) (910,212) (911,219) (912,219) (913,218) (914,223) (915,221) (916,222) (917,230) (918,226) (919,220) (920,224) (921,228) (922,215) (923,214) (924,210) (925,212) (926,214) (927,217) (928,222) (929,210) (930,206) (931,205) (932,204) (933,211) (934,214) (935,223) (936,225) (937,212) (938,205) (939,203) (940,201) (941,194) (942,195) (943,201) (944,208) (945,203) (946,211) (947,207) (948,206) (949,204) (950,198) (951,203) (952,203) (953,213) (954,218) (955,217) (956,210) (957,204) (958,205) (959,199) (960,201) (961,202) (962,205) (963,200) (964,195) (965,189) (966,195) (967,195) (968,195) (969,188) (970,186) (971,188) (972,193) (973,203) (974,197) (975,202) (976,200) (977,197) (978,208) (979,209) 
(999,177) (980,210) (754,304) (688,329) (327,171) (87,60) (70,52) (0,3) (981,199) (982,197) (983,189) (984,181) (985,183) (986,183) (987,182) (988,182) (989,178) (990,177) (991,178) (992,171) (993,168) (994,166) (995,172) (996,171) (997,177) (998,174) 
TD 2 :
(999,177) (980,210) (754,304) (688,329) (327,171) (87,60) (70,52) (0,3) (69,50) (66,48) (1,2) (2,-6) (3,-5) (4,-6) (5,-17) (6,-19) (7,-11) (8,-10) (9,-15) (10,-20) (11,-22) (12,-24) (13,-30) (14,-37) (15,-34) (16,-32) (17,-43) (18,-44) (19,-33) (20,-36) (21,-32) (22,-17) (23,-14) (24,-13) (25,-7) (26,-4) (27,6) (28,-8) (29,-6) (30,-2) (31,2) (32,6) (33,10) (34,5) (35,3) (36,3) (37,4) (38,8) (39,8) (40,8) (41,-8) (42,-1) (43,-8) (44,1) (45,2) (46,0) (47,-4) (48,1) (49,9) (50,14) (51,10) (52,9) (53,5) (54,8) (55,13) (56,13) (57,19) (58,23) (59,22) (60,32) (61,35) (62,39) (63,36) (64,40) (65,44) 
(999,177) (980,210) (754,304) (688,329) (327,171) (87,60) (70,52) (0,3) (69,50) (66,48) (1,2) (67,43) (68,46) 
(999,177) (980,210) (754,304) (688,329) (327,171) (87,60) (70,52) (0,3) (69,50) (66,48) (1,2) 
(999,177) (980,210) (754,304) (688,329) (327,171) (87,60) (70,52) (0,3) (86,59) (71,45) (72,49) (73,48) (74,39) (75,43) (76,43) (77,41) (78,49) (79,50) (80,54) (81,50) (82,44) (83,52) (84,54) (85,55) 
(999,177) (980,210) (754,304) (688,329) (327,171) (87,60) (70,52) (0,3) (86,59) 
(999,177) (980,210) (754,304) (688,329) (327,171) (87,60) (70,52) (0,3) (88,60) 
(999,177) (980,210) (754,304) (688,329) (327,171) (87,60) (70,52) (0,3) (88,60) (89,58) (90,55) (91,59) (92,58) (93,49) (94,53) (95,55) (96,48) (97,48) (98,41) (99,39) (100,40) (101,43) (102,42) (103,48) (104,52) (105,58) (106,52) (107,50) (108,51) (109,42) (110,31) (111,37) (112,38) (113,40) (114,41) (115,47) (116,47) (117,45) (118,46) (119,34) (120,43) (121,39) (122,36) (123,29) (124,25) (125,22) (126,24) (127,28) (128,36) (129,30) (130,29) (131,40) (132,35) (133,27) (134,25) (135,27) (136,25) (137,27) (138,28) (139,29) (140,22) (141,16) (142,18) (143,25) (144,23) (145,17) (146,15) (147,16) (148,19) (149,15) (150,11) (151,12) (152,15) (153,9) (154,17) (155,8) (156,9) (157,13) (158,16) (159,12) (160,7) (161,22) (162,27) (163,30) (164,21) (165,28) (166,21) (167,23) (168,27) (169,20) (170,13) (171,20) (172,11) (173,14) (174,15) (175,13) (176,15) (177,11) (178,15) (179,23) (180,18) (181,18) (182,18) (183,26) (184,29) (185,36) (186,42) (187,43) (188,47) (189,49) (190,46) (191,49) (192,51) (193,63) (194,59) (195,55) (196,43) (197,47) (198,52) (199,49) (200,53) (201,49) (202,54) (203,54) (204,53) (205,64) (206,65) (207,69) (208,75) (209,81) (210,84) (211,90) (212,93) (213,100) (214,91) (215,87) (216,78) (217,83) (218,78) (219,70) (220,75) (221,83) (222,89) (223,86) (224,89) (225,93) (226,103) (227,99) (228,98) (229,92) (230,90) (231,84) (232,89) (233,87) (234,85) (235,94) (236,95) (237,96) (238,94) (239,95) (240,87) (241,96) (242,97) (243,87) (244,81) (245,83) (246,84) (247,76) (248,78) (249,70) (250,71) (251,68) (252,76) (253,76) (254,85) (255,90) (256,92) (257,95) (258,97) (259,95) (260,91) (261,86) (262,84) (263,83) (264,99) (265,102) (266,101) (267,96) (268,92) (269,90) (270,95) (271,96) (272,97) (273,86) (274,86) (275,85) (276,96) (277,92) (278,101) (279,102) (280,103) (281,99) (282,102) (283,101) (284,101) (285,100) (286,96) (287,89) (288,94) (289,90) (290,91) (291,94) (292,95) (293,99) (294,94) (295,89) (296,83) (297,83) (298,76) (299,79) (300,89) (301,90) (302,95) (303,105) (304,115) (305,113) (306,113) (307,116) (308,115) (309,117) (310,114) (311,120) (312,114) (313,120) (314,127) (315,135) (316,146) (317,148) (318,150) (319,155) (320,153) (321,154) (322,153) (323,154) (324,154) (325,158) (326,165) 
(999,177) (980,210) (754,304) (688,329) (327,171) (87,60) (70,52) (0,3) (686,327) (332,170) (328,168) (329,166) (330,169) (331,164) 
(999,177) (980,210) (754,304) (688,329) (327,171) (87,60) (70,52) (0,3) (686,327) (332,170) (333,161) (334,162) (335,159) (336,161) (337,155) (338,147) (339,151) (340,146) (341,143) (342,150) (343,150) (344,152) (345,156) (346,162) (347,160) (348,164) (349,163) (350,167) (351,163) (352,160) (353,158) (354,156) (355,159) (356,159) (357,147) (358,141) (359,144) (360,145) (361,137) (362,139) (363,146) (364,139) (365,140) (366,140) (367,129) (368,132) (369,129) (370,126) (371,134) (372,130) (373,128) (374,113) (375,115) (376,112) (377,113) (378,110) (379,115) (380,111) (381,110) (382,109) (383,110) (384,109) (385,108) (386,112) (387,120) (388,124) (389,120) (390,116) (391,112) (392,110) (393,106) (394,99) (395,98) (396,101) (397,107) (398,106) (399,103) (400,101) (401,102) (402,100) (403,110) (404,110) (405,109) (406,106) (407,112) (408,124) (409,120) (410,122) (411,120) (412,132) (413,129) (414,144) (415,139) (416,141) (417,138) (418,137) (419,136) (420,140) (421,136) (422,139) (423,140) (424,144) (425,149) (426,148) (427,139) (428,138) (429,138) (430,138) (431,139) (432,135) (433,135) (434,131) (435,130) (436,136) (437,138) (438,133) (439,141) (440,139) (441,139) (442,141) (443,147) (444,153) (445,153) (446,150) (447,151) (448,142) (449,135) (450,138) (451,133) (452,131) (453,126) (454,128) (455,132) (456,129) (457,126) (458,119) (459,122) (460,112) (461,116) (462,119) (463,123) (464,127) (465,131) (466,124) (467,120) (468,120) (469,122) (470,133) (471,129) (472,119) (473,120) (474,120) (475,118) (476,116) (477,117) (478,115) (479,122) (480,120) (481,118) (482,119) (483,124) (484,126) (485,121) (486,119) (487,126) (488,125) (489,121) (490,114) (491,114) (492,120) (493,121) (494,120) (495,124) (496,129) (497,136) (498,136) (499,140) (500,141) (501,140) (502,137) (503,137) (504,133) (505,145) (506,141) (507,142) (508,146) (509,138) (510,133) (511,132) (512,141) (513,139) (514,145) (515,152) (516,153) (517,156) (518,154) (519,148) (520,149) (521,155) (522,152) (523,152) (524,157) (525,157) (526,161) (527,161) (528,163) (529,163) (530,161) (531,162) (532,159) (533,156) (534,156) (535,153) (536,151) (537,148) (538,159) (539,154) (540,162) (541,155) (542,160) (543,166) (544,170) (545,165) (546,171) (547,163) (548,157) (549,159) (550,169) (551,172) (552,177) (553,176) (554,178) (555,187) (556,189) (557,190) (558,189) (559,196) (560,202) (561,208) (562,202) (563,202) (564,200) (565,192) (566,199) (567,205) (568,204) (569,208) (570,207) (571,202) (572,202) (573,200) (574,199) (575,200) (576,205) (577,200) (578,200) (579,203) (580,202) (581,205) (582,203) (583,198) (584,201) (585,202) (586,209) (587,213) (588,205) (589,205) (590,207) (591,209) (592,201) (593,201) (594,202) (595,199) (596,207) (597,217) (598,222) (599,213) (600,215) (601,211) (602,213) (603,214) (604,216) (605,208) (606,207) (607,214) (608,225) (609,234) (610,235) (611,241) (612,243) (613,244) (614,245) (615,249) (616,250) (617,260) (618,252) (619,251) (620,253) (621,251) (622,253) (623,261) (624,249) (625,248) (626,247) (627,246) (628,245) (629,237) (630,238) (631,245) (632,253) (633,250) (634,249) (635,240) (636,248) (637,253) (638,256) (639,255) (640,253) (641,255) (642,255) (643,253) (644,254) (645,260) (646,256) (647,263) (648,274) (649,269) (650,275) (651,288) (652,277) (653,275) (654,277) (655,279) (656,281) (657,277) (658,277) (659,272) (660,272) (661,269) (662,269) (663,267) (664,260) (665,269) (666,272) (667,274) (668,279) (669,279) (670,283) (671,285) (672,295) (673,292) (674,298) (675,299) (676,297) (677,304) (678,307) (679,313) (680,321) (681,315) (682,321) (683,319) (684,320) (685,326) 
(999,177) (980,210) (754,304) (688,329) (327,171) (87,60) (70,52) (0,3) (686,327) (332,170) (687,324) 
(999,177) (980,210) (754,304) (688,329) (327,171) (87,60) (70,52) (0,3) (753,304) (689,320) (690,320) (691,310) (692,313) (693,310) (694,310) (695,307) (696,301) (697,302) (698,298) (699,289) (700,277) (701,274) (702,269) (703,271) (704,265) (705,259) (706,262) (707,261) (708,256) (709,258) (710,263) (711,266) (712,263) (713,263) (714,273) (715,276) (716,283) (717,285) (718,279) (719,278) (720,279) (721,273) (722,277) (723,272) (724,273) (725,274) (726,277) (727,277) (728,279) (729,278) (730,277) (731,279) (732,282) (733,288) (734,290) (735,292) (736,299) (737,300) (738,289) (739,287) (740,288) (741,288) (742,290) (743,287) (744,279) (745,283) (746,286) (747,296) (748,299) (749,299) (750,297) (751,297) (752,298) 
(999,177) (980,210) (754,304) (688,329) (327,171) (87,60) (70,52) (0,3) (753,304) 
(999,177) (980,210) (754,304) (688,329) (327,171) (87,60) (70,52) (0,3) (979,209) (755,299) (756,298) (757,296) (758,296) (759,296) (760,301) (761,289) (762,286) (763,289) (764,277) (765,274) (766,267) (767,265) (768,261) (769,267) (770,271) (771,269) (772,278) (773,270) (774,266) (775,259) (776,258) (777,254) (778,253) (779,246) (780,240) (781,228) (782,236) (783,227) (784,222) (785,218) (786,217) (787,221) (788,226) (789,235) (790,220) (791,225) (792,228) (793,226) (794,229) (795,222) (796,221) (797,225) (798,224) (799,223) (800,218) (801,219) (802,217) (803,216) (804,215) (805,207) (806,208) (807,200) (808,206) (809,204) (810,196) (811,201) (812,201) (813,194) (814,191) (815,187) (816,176) (817,182) (818,172) (819,186) (820,184) (821,186) (822,188) (823,189) (824,189) (825,199) (826,201) (827,202) (828,207) (829,211) (830,203) (831,204) (832,200) (833,187) (834,175) (835,184) (836,185) (837,181) (838,176) (839,177) (840,169) (841,175) (842,172) (843,176) (844,172) (845,165) (846,165) (847,169) (848,164) (849,167) (850,166) (851,165) (852,159) (853,157) (854,163) (855,154) (856,163) (857,162) (858,164) (859,159) (860,165) (861,162) (862,171) (863,170) (864,177) (865,174) (866,173) (867,168) (868,167) (869,163) (870,155) (871,161) (872,164) (873,164) (874,161) (875,160) (876,167) (877,175) (878,175) (879,182) (880,190) (881,202) (882,204) (883,202) (884,208) (885,208) (886,205) (887,205) (888,204) (889,201) (890,206) (891,211) (892,220) (893,216) (894,211) (895,206) (896,205) (897,209) (898,203) (899,200) (900,197) (901,195) (902,191) (903,196) (904,199) (905,193) (906,203) (907,199) (908,197) (909,203) (910,212) (911,219) (912,219) (913,218) (914,223) (915,221) (916,222) (917,230) (918,226) (919,220) (920,224) (921,228) (922,215) (923,214) (924,210) (925,212) (926,214) (927,217) (928,222) (929,210) (930,206) (931,205) (932,204) (933,211) (934,214) (935,223) (936,225) (937,212) (938,205) (939,203) (940,201) (941,194) (942,195) (943,201) (944,208) (945,203) (946,211) (947,207) (948,206) (949,204) (950,198) (951,203) (952,203) (953,213) (954,218) (955,217) (956,210) (957,204) (958,205) (959,199) (960,201) (961,202) (962,205) (963,200) (964,195) (965,189) (966,195) (967,195) (968,195) (969,188) (970,186) (971,188) (972,193) (973,203) (974,197) (975,202) (976,200) (977,197) (978,208) 
(999,177) (980,210) (754,304) (688,329) (327,171) (87,60) (70,52) (0,3) (979,209) 
(999,177) (980,210) (754,304) (688,329) (327,171) (87,60) (70,52) (0,3) (998,174) (997,177) (981,199) (982,197) (983,189) (984,181) (985,183) (986,183) (987,182) (988,182) (989,178) (990,177) (991,178) (992,171) (993,168) (994,166) (995,172) (996,171) 
(999,177) (980,210) (754,304) (688,329) (327,171) (87,60) (70,52) (0,3) (998,174) (997,177) 
TD 3 :
(999,177) (980,210) (754,304) (688,329) (327,171) (87,60) (70,52) (0,3) (69,50) (66,48) (1,2) (65,44) (3,-5) (2,-6) 
(999,177) (980,210) (754,304) (688,329) (327,171) (87,60) (70,52) (0,3) (69,50) (66,48) (1,2) (65,44) (3,-5) (2,-6) (4,-6) (5,-17) (6,-19) (7,-11) (8,-10) (9,-15) (10,-20) (11,-22) (12,-24) (13,-30) (14,-37) (15,-34) (16,-32) (17,-43) (18,-44) (19,-33) (20,-36) (21,-32) (22,-17) (23,-14) (24,-13) (25,-7) (26,-4) (27,6) (28,-8) (29,-6) (30,-2) (31,2) (32,6) (33,10) (34,5) (35,3) (36,3) (37,4) (38,8) (39,8) (40,8) (41,-8) (42,-1) (43,-8) (44,1) (45,2) (46,0) (47,-4) (48,1) (49,9) (50,14) (51,10) (52,9) (53,5) (54,8) (55,13) (56,13) (57,19) (58,23) (59,22) (60,32) (61,35) (62,39) (63,36) (64,40) 
(999,177) (980,210) (754,304) (688,329) (327,171) (87,60) (70,52) (0,3) (69,50) (66,48) (1,2) (65,44) (3,-5) (2,-6) 
(999,177) (980,210) (754,304) (688,329) (327,171) (87,60) (70,52) (0,3) (86,59) (80,54) (72,49) (71,45) 
(999,177) (980,210) (754,304) (688,329) (327,171) (87,60) (70,52) (0,3) (86,59) (80,54) (72,49) (73,48) (74,39) (75,43) (76,43) (77,41) (78,49) (79,50) 
(999,177) (980,210) (754,304) (688,329) (327,171) (87,60) (70,52) (0,3) (86,59) (80,54) (72,49) (81,50) (82,44) (83,52) (84,54) (85,55) 
(999,177) (980,210) (754,304) (688,329) (327,171) (87,60) (70,52) (0,3) (686,327) (332,170) (330,169) (328,168) (329,166) 
(999,177) (980,210) (754,304) (688,329) (327,171) (87,60) (70,52) (0,3) (686,327) (332,170) (330,169) (331,164) 
(999,177) (980,210) (754,304) (688,329) (327,171) (87,60) (70,52) (0,3) (686,327) (332,170) (685,326) (333,161) (334,162) (335,159) (336,161) (337,155) (338,147) (339,151) (340,146) (341,143) (342,150) (343,150) (344,152) (345,156) (346,162) (347,160) (348,164) (349,163) (350,167) (351,163) (352,160) (353,158) (354,156) (355,159) (356,159) (357,147) (358,141) (359,144) (360,145) (361,137) (362,139) (363,146) (364,139) (365,140) (366,140) (367,129) (368,132) (369,129) (370,126) (371,134) (372,130) (373,128) (374,113) (375,115) (376,112) (377,113) (378,110) (379,115) (380,111) (381,110) (382,109) (383,110) (384,109) (385,108) (386,112) (387,120) (388,124) (389,120) (390,116) (391,112) (392,110) (393,106) (394,99) (395,98) (396,101) (397,107) (398,106) (399,103) (400,101) (401,102) (402,100) (403,110) (404,110) (405,109) (406,106) (407,112) (408,124) (409,120) (410,122) (411,120) (412,132) (413,129) (414,144) (415,139) (416,141) (417,138) (418,137) (419,136) (420,140) (421,136) (422,139) (423,140) (424,144) (425,149) (426,148) (427,139) (428,138) (429,138) (430,138) (431,139) (432,135) (433,135) (434,131) (435,130) (436,136) (437,138) (438,133) (439,141) (440,139) (441,139) (442,141) (443,147) (444,153) (445,153) (446,150) (447,151) (448,142) (449,135) (450,138) (451,133) (452,131) (453,126) (454,128) (455,132) (456,129) (457,126) (458,119) (459,122) (460,112) (461,116) (462,119) (463,123) (464,127) (465,131) (466,124) (467,120) (468,120) (469,122) (470,133) (471,129) (472,119) (473,120) (474,120) (475,118) (476,116) (477,117) (478,115) (479,122) (480,120) (481,118) (482,119) (483,124) (484,126) (485,121) (486,119) (487,126) (488,125) (489,121) (490,114) (491,114) (492,120) (493,121) (494,120) (495,124) (496,129) (497,136) (498,136) (499,140) (500,141) (501,140) (502,137) (503,137) (504,133) (505,145) (506,141) (507,142) (508,146) (509,138) (510,133) (511,132) (512,141) (513,139) (514,145) (515,152) (516,153) (517,156) (518,154) (519,148) (520,149) (521,155) (522,152) (523,152) (524,157) (525,157) (526,161) (527,161) (528,163) (529,163) (530,161) (531,162) (532,159) (533,156) (534,156) (535,153) (536,151) (537,148) (538,159) (539,154) (540,162) (541,155) (542,160) (543,166) (544,170) (545,165) (546,171) (547,163) (548,157) (549,159) (550,169) (551,172) (552,177) (553,176) (554,178) (555,187) (556,189) (557,190) (558,189) (559,196) (560,202) (561,208) (562,202) (563,202) (564,200) (565,192) (566,199) (567,205) (568,204) (569,208) (570,207) (571,202) (572,202) (573,200) (574,199) (575,200) (576,205) (577,200) (578,200) (579,203) (580,202) (581,205) (582,203) (583,198) (584,201) (585,202) (586,209) (587,213) (588,205) (589,205) (590,207) (591,209) (592,201) (593,201) (594,202) (595,199) (596,207) (597,217) (598,222) (599,213) (600,215) (601,211) (602,213) (603,214) (604,216) (605,208) (606,207) (607,214) (608,225) (609,234) (610,235) (611,241) (612,243) (613,244) (614,245) (615,249) (616,250) (617,260) (618,252) (619,251) (620,253) (621,251) (622,253) (623,261) (624,249) (625,248) (626,247) (627,246) (628,245) (629,237) (630,238) (631,245) (632,253) (633,250) (634,249) (635,240) (636,248) (637,253) (638,256) (639,255) (640,253) (641,255) (642,255) (643,253) (644,254) (645,260) (646,256) (647,263) (648,274) (649,269) (650,275) (651,288) (652,277) (653,275) (654,277) (655,279) (656,281) (657,277) (658,277) (659,272) (660,272) (661,269) (662,269) (663,267) (664,260) (665,269) (666,272) (667,274) (668,279) (669,279) (670,283) (671,285) (672,295) (673,292) (674,298) (675,299) (676,297) (677,304) (678,307) (679,313) (680,321) (681,315) (682,321) (683,319) (684,320) 
(999,177) (980,210) (754,304) (688,329) (327,171) (87,60) (70,52) (0,3) (686,327) (332,170) (685,326) 
(999,177) (980,210) (754,304) (688,329) (327,171) (87,60) (70,52) (0,3) (979,209) (978,208) (760,301) (755,299) (756,298) (757,296) (758,296) (759,296) 
(999,177) (980,210) (754,304) (688,329) (327,171) (87,60) (70,52) (0,3) (979,209) (978,208) (760,301) (761,289) (762,286) (763,289) (764,277) (765,274) (766,267) (767,265) (768,261) (769,267) (770,271) (771,269) (772,278) (773,270) (774,266) (775,259) (776,258) (777,254) (778,253) (779,246) (780,240) (781,228) (782,236) (783,227) (784,222) (785,218) (786,217) (787,221) (788,226) (789,235) (790,220) (791,225) (792,228) (793,226) (794,229) (795,222) (796,221) (797,225) (798,224) (799,223) (800,218) (801,219) (802,217) (803,216) (804,215) (805,207) (806,208) (807,200) (808,206) (809,204) (810,196) (811,201) (812,201) (813,194) (814,191) (815,187) (816,176) (817,182) (818,172) (819,186) (820,184) (821,186) (822,188) (823,189) (824,189) (825,199) (826,201) (827,202) (828,207) (829,211) (830,203) (831,204) (832,200) (833,187) (834,175) (835,184) (836,185) (837,181) (838,176) (839,177) (840,169) (841,175) (842,172) (843,176) (844,172) (845,165) (846,165) (847,169) (848,164) (849,167) (850,166) (851,165) (852,159) (853,157) (854,163) (855,154) (856,163) (857,162) (858,164) (859,159) (860,165) (861,162) (862,171) (863,170) (864,177) (865,174) (866,173) (867,168) (868,167) (869,163) (870,155) (871,161) (872,164) (873,164) (874,161) (875,160) (876,167) (877,175) (878,175) (879,182) (880,190) (881,202) (882,204) (883,202) (884,208) (885,208) (886,205) (887,205) (888,204) (889,201) (890,206) (891,211) (892,220) (893,216) (894,211) (895,206) (896,205) (897,209) (898,203) (899,200) (900,197) (901,195) (902,191) (903,196) (904,199) (905,193) (906,203) (907,199) (908,197) (909,203) (910,212) (911,219) (912,219) (913,218) (914,223) (915,221) (916,222) (917,230) (918,226) (919,220) (920,224) (921,228) (922,215) (923,214) (924,210) (925,212) (926,214) (927,217) (928,222) (929,210) (930,206) (931,205) (932,204) (933,211) (934,214) (935,223) (936,225) (937,212) (938,205) (939,203) (940,201) (941,194) (942,195) (943,201) (944,208) (945,203) (946,211) (947,207) (948,206) (949,204) (950,198) (951,203) (952,203) (953,213) (954,218) (955,217) (956,210) (957,204) (958,205) (959,199) (960,201) (961,202) (962,205) (963,200) (964,195) (965,189) (966,195) (967,195) (968,195) (969,188) (970,186) (971,188) (972,193) (973,203) (974,197) (975,202) (976,200) (977,197) 
(999,177) (980,210) (754,304) (688,329) (327,171) (87,60) (70,52) (0,3) (979,209) (978,208) (760,301) 
(999,177) (980,210) (754,304) (688,329) (327,171) (87,60) (70,52) (0,3) (998,174) (997,177) (996,171) (981,199) (982,197) (983,189) (984,181) (985,183) (986,183) (987,182) (988,182) (989,178) (990,177) (991,178) (992,171) (993,168) (994,166) (995,172) 
TD 4 :
(999,177) (980,210) (754,304) (688,329) (327,171) (87,60) (70,52) (0,3) (69,50) (66,48) (1,2) (65,44) (3,-5) (2,-6) (4,-6) (5,-17) (6,-19) (7,-11) (8,-10) (9,-15) (10,-20) (11,-22) (12,-24) (13,-30) (14,-37) (15,-34) (16,-32) (17,-43) (18,-44) (19,-33) (20,-36) (21,-32) (22,-17) (23,-14) (24,-13) (25,-7) (26,-4) (27,6) (28,-8) (29,-6) (30,-2) (31,2) (32,6) (33,10) (34,5) (35,3) (36,3) (37,4) (38,8) (39,8) (40,8) (41,-8) (42,-1) (43,-8) (44,1) (45,2) (46,0) (47,-4) (48,1) (49,9) (50,14) (51,10) (52,9) (53,5) (54,8) (55,13) (56,13) (57,19) (58,23) (59,22) (60,32) (61,35) (62,39) (63,36) (64,40) 
(999,177) (980,210) (754,304) (688,329) (327,171) (87,60) (70,52) (0,3) (686,327) (332,170) (330,169) (328,168) 
(999,177) (980,210) (754,304) (688,329) (327,171) (87,60) (70,52) (0,3) (686,327) (332,170) (330,169) (328,168) (329,166) 
(999,177) (980,210) (754,304) (688,329) (327,171) (87,60) (70,52) (0,3) (686,327) (332,170) (685,326) (680,321) (333,161) (334,162) (335,159) (336,161) (337,155) (338,147) (339,151) (340,146) (341,143) (342,150) (343,150) (344,152) (345,156) (346,162) (347,160) (348,164) (349,163) (350,167) (351,163) (352,160) (353,158) (354,156) (355,159) (356,159) (357,147) (358,141) (359,144) (360,145) (361,137) (362,139) (363,146) (364,139) (365,140) (366,140) (367,129) (368,132) (369,129) (370,126) (371,134) (372,130) (373,128) (374,113) (375,115) (376,112) (377,113) (378,110) (379,115) (380,111) (381,110) (382,109) (383,110) (384,109) (385,108) (386,112) (387,120) (388,124) (389,120) (390,116) (391,112) (392,110) (393,106) (394,99) (395,98) (396,101) (397,107) (398,106) (399,103) (400,101) (401,102) (402,100) (403,110) (404,110) (405,109) (406,106) (407,112) (408,124) (409,120) (410,122) (411,120) (412,132) (413,129) (414,144) (415,139) (416,141) (417,138) (418,137) (419,136) (420,140) (421,136) (422,139) (423,140) (424,144) (425,149) (426,148) (427,139) (428,138) (429,138) (430,138) (431,139) (432,135) (433,135) (434,131) (435,130) (436,136) (437,138) (438,133) (439,141) (440,139) (441,139) (442,141) (443,147) (444,153) (445,153) (446,150) (447,151) (448,142) (449,135) (450,138) (451,133) (452,131) (453,126) (454,128) (455,132) (456,129) (457,126) (458,119) (459,122) (460,112) (461,116) (462,119) (463,123) (464,127) (465,131) (466,124) (467,120) (468,120) (469,122) (470,133) (471,129) (472,119) (473,120) (474,120) (475,118) (476,116) (477,117) (478,115) (479,122) (480,120) (481,118) (482,119) (483,124) (484,126) (485,121) (486,119) (487,126) (488,125) (489,121) (490,114) (491,114) (492,120) (493,121) (494,120) (495,124) (496,129) (497,136) (498,136) (499,140) (500,141) (501,140) (502,137) (503,137) (504,133) (505,145) (506,141) (507,142) (508,146) (509,138) (510,133) (511,132) (512,141) (513,139) (514,145) (515,152) (516,153) (517,156) (518,154) (519,148) (520,149) (521,155) (522,152) (523,152) (524,157) (525,157) (526,161) (527,161) (528,163) (529,163) (530,161) (531,162) (532,159) (533,156) (534,156) (535,153) (536,151) (537,148) (538,159) (539,154) (540,162) (541,155) (542,160) (543,166) (544,170) (545,165) (546,171) (547,163) (548,157) (549,159) (550,169) (551,172) (552,177) (553,176) (554,178) (555,187) (556,189) (557,190) (558,189) (559,196) (560,202) (561,208) (562,202) (563,202) (564,200) (565,192) (566,199) (567,205) (568,204) (569,208) (570,207) (571,202) (572,202) (573,200) (574,199) (575,200) (576,205) (577,200) (578,200) (579,203) (580,202) (581,205) (582,203) (583,198) (584,201) (585,202) (586,209) (587,213) (588,205) (589,205) (590,207) (591,209) (592,201) (593,201) (594,202) (595,199) (596,207) (597,217) (598,222) (599,213) (600,215) (601,211) (602,213) (603,214) (604,216) (605,208) (606,207) (607,214) (608,225) (609,234) (610,235) (611,241) (612,243) (613,244) (614,245) (615,249) (616,250) (617,260) (618,252) (619,251) (620,253) (621,251) (622,253) (623,261) (624,249) (625,248) (626,247) (627,246) (628,245) (629,237) (630,238) (631,245) (632,253) (633,250) (634,249) (635,240) (636,248) (637,253) (638,256) (639,255) (640,253) (641,255) (642,255) (643,253) (644,254) (645,260) (646,256) (647,263) (648,274) (649,269) (650,275) (651,288) (652,277) (653,275) (654,277) (655,279) (656,281) (657,277) (658,277) (659,272) (660,272) (661,269) (662,269) (663,267) (664,260) (665,269) (666,272) (667,274) (668,279) (669,279) (670,283) (671,285) (672,295) (673,292) (674,298) (675,299) (676,297) (677,304) (678,307) (679,313) 
(999,177) (980,210) (754,304) (688,329) (327,171) (87,60) (70,52) (0,3) (686,327) (332,170) (685,326) (680,321) (681,315) (682,321) (683,319) (684,320) 
(999,177) (980,210) (754,304) (688,329) (327,171) (87,60) (70,52) (0,3) (979,209) (978,208) (760,301) (755,299) 
(999,177) (980,210) (754,304) (688,329) (327,171) (87,60) (70,52) (0,3) (979,209) (978,208) (760,301) (755,299) (756,298) (757,296) (758,296) (759,296) 
(999,177) (980,210) (754,304) (688,329) (327,171) (87,60) (70,52) (0,3) (979,209) (978,208) (760,301) (954,218) (761,289) (762,286) (763,289) (764,277) (765,274) (766,267) (767,265) (768,261) (769,267) (770,271) (771,269) (772,278) (773,270) (774,266) (775,259) (776,258) (777,254) (778,253) (779,246) (780,240) (781,228) (782,236) (783,227) (784,222) (785,218) (786,217) (787,221) (788,226) (789,235) (790,220) (791,225) (792,228) (793,226) (794,229) (795,222) (796,221) (797,225) (798,224) (799,223) (800,218) (801,219) (802,217) (803,216) (804,215) (805,207) (806,208) (807,200) (808,206) (809,204) (810,196) (811,201) (812,201) (813,194) (814,191) (815,187) (816,176) (817,182) (818,172) (819,186) (820,184) (821,186) (822,188) (823,189) (824,189) (825,199) (826,201) (827,202) (828,207) (829,211) (830,203) (831,204) (832,200) (833,187) (834,175) (835,184) (836,185) (837,181) (838,176) (839,177) (840,169) (841,175) (842,172) (843,176) (844,172) (845,165) (846,165) (847,169) (848,164) (849,167) (850,166) (851,165) (852,159) (853,157) (854,163) (855,154) (856,163) (857,162) (858,164) (859,159) (860,165) (861,162) (862,171) (863,170) (864,177) (865,174) (866,173) (867,168) (868,167) (869,163) (870,155) (871,161) (872,164) (873,164) (874,161) (875,160) (876,167) (877,175) (878,175) (879,182) (880,190) (881,202) (882,204) (883,202) (884,208) (885,208) (886,205) (887,205) (888,204) (889,201) (890,206) (891,211) (892,220) (893,216) (894,211) (895,206) (896,205) (897,209) (898,203) (899,200) (900,197) (901,195) (902,191) (903,196) (904,199) (905,193) (906,203) (907,199) (908,197) (909,203) (910,212) (911,219) (912,219) (913,218) (914,223) (915,221) (916,222) (917,230) (918,226) (919,220) (920,224) (921,228) (922,215) (923,214) (924,210) (925,212) (926,214) (927,217) (928,222) (929,210) (930,206) (931,205) (932,204) (933,211) (934,214) (935,223) (936,225) (937,212) (938,205) (939,203) (940,201) (941,194) (942,195) (943,201) (944,208) (945,203) (946,211) (947,207) (948,206) (949,204) (950,198) (951,203) (952,203) (953,213) 
(999,177) (980,210) (754,304) (688,329) (327,171) (87,60) (70,52) (0,3) (979,209) (978,208) (760,301) (954,218) (955,217) (956,210) (957,204) (958,205) (959,199) (960,201) (961,202) (962,205) (963,200) (964,195) (965,189) (966,195) (967,195) (968,195) (969,188) (970,186) (971,188) (972,193) (973,203) (974,197) (975,202) (976,200) (977,197) 
(999,177) (980,210) (754,304) (688,329) (327,171) (87,60) (70,52) (0,3) (998,174) (997,177) (996,171) (995,172) (981,199) 
(999,177) (980,210) (754,304) (688,329) (327,171) (87,60) (70,52) (0,3) (998,174) (997,177) (996,171) (995,172) (981,199) (982,197) (983,189) (984,181) (985,183) (986,183) (987,182) (988,182) (989,178) (990,177) (991,178) (992,171) (993,168) (994,166) 
TD 5 :
(999,177) (980,210) (754,304) (688,329) (327,171) (87,60) (70,52) (0,3) (69,50) (66,48) (1,2) (65,44) (3,-5) (2,-6) (4,-6) (62,39) (8,-10) (7,-11) (5,-17) (6,-19) 
(999,177) (980,210) (754,304) (688,329) (327,171) (87,60) (70,52) (0,3) (69,50) (66,48) (1,2) (65,44) (3,-5) (2,-6) (4,-6) (62,39) (8,-10) (7,-11) (5,-17) 
(999,177) (980,210) (754,304) (688,329) (327,171) (87,60) (70,52) (0,3) (69,50) (66,48) (1,2) (65,44) (3,-5) (2,-6) (4,-6) (62,39) (8,-10) (7,-11) (5,-17) (9,-15) (10,-20) (11,-22) (12,-24) (13,-30) (14,-37) (15,-34) (16,-32) (17,-43) (18,-44) (19,-33) (20,-36) (21,-32) (22,-17) (23,-14) (24,-13) (25,-7) (26,-4) (27,6) (28,-8) (29,-6) (30,-2) (31,2) (32,6) (33,10) (34,5) (35,3) (36,3) (37,4) (38,8) (39,8) (40,8) (41,-8) (42,-1) (43,-8) (44,1) (45,2) (46,0) (47,-4) (48,1) (49,9) (50,14) (51,10) (52,9) (53,5) (54,8) (55,13) (56,13) (57,19) (58,23) (59,22) (60,32) (61,35) 
(999,177) (980,210) (754,304) (688,329) (327,171) (87,60) (70,52) (0,3) (69,50) (66,48) (1,2) (65,44) (3,-5) (2,-6) (4,-6) (62,39) (8,-10) (7,-11) (5,-17) (63,36) (64,40) 
(999,177) (980,210) (754,304) (688,329) (327,171) (87,60) (70,52) (0,3) (686,327) (332,170) (685,326) (680,321) (682,321) (681,315) 
(999,177) (980,210) (754,304) (688,329) (327,171) (87,60) (70,52) (0,3) (686,327) (332,170) (685,326) (680,321) (682,321) (683,319) (684,320) 
(999,177) (980,210) (754,304) (688,329) (327,171) (87,60) (70,52) (0,3) (979,209) (978,208) (760,301) (755,299) (756,298) 
(999,177) (980,210) (754,304) (688,329) (327,171) (87,60) (70,52) (0,3) (979,209) (978,208) (760,301) (755,299) (756,298) (757,296) (758,296) (759,296) 
(999,177) (980,210) (754,304) (688,329) (327,171) (87,60) (70,52) (0,3) (979,209) (978,208) (760,301) (954,218) (936,225) (761,289) (762,286) (763,289) (764,277) (765,274) (766,267) (767,265) (768,261) (769,267) (770,271) (771,269) (772,278) (773,270) (774,266) (775,259) (776,258) (777,254) (778,253) (779,246) (780,240) (781,228) (782,236) (783,227) (784,222) (785,218) (786,217) (787,221) (788,226) (789,235) (790,220) (791,225) (792,228) (793,226) (794,229) (795,222) (796,221) (797,225) (798,224) (799,223) (800,218) (801,219) (802,217) (803,216) (804,215) (805,207) (806,208) (807,200) (808,206) (809,204) (810,196) (811,201) (812,201) (813,194) (814,191) (815,187) (816,176) (817,182) (818,172) (819,186) (820,184) (821,186) (822,188) (823,189) (824,189) (825,199) (826,201) (827,202) (828,207) (829,211) (830,203) (831,204) (832,200) (833,187) (834,175) (835,184) (836,185) (837,181) (838,176) (839,177) (840,169) (841,175) (842,172) (843,176) (844,172) (845,165) (846,165) (847,169) (848,164) (849,167) (850,166) (851,165) (852,159) (853,157) (854,163) (855,154) (856,163) (857,162) (858,164) (859,159) (860,165) (861,162) (862,171) (863,170) (864,177) (865,174) (866,173) (867,168) (868,167) (869,163) (870,155) (871,161) (872,164) (873,164) (874,161) (875,160) (876,167) (877,175) (878,175) (879,182) (880,190) (881,202) (882,204) (883,202) (884,208) (885,208) (886,205) (887,205) (888,204) (889,201) (890,206) (891,211) (892,220) (893,216) (894,211) (895,206) (896,205) (897,209) (898,203) (899,200) (900,197) (901,195) (902,191) (903,196) (904,199) (905,193) (906,203) (907,199) (908,197) (909,203) (910,212) (911,219) (912,219) (913,218) (914,223) (915,221) (916,222) (917,230) (918,226) (919,220) (920,224) (921,228) (922,215) (923,214) (924,210) (925,212) (926,214) (927,217) (928,222) (929,210) (930,206) (931,205) (932,204) (933,211) (934,214) (935,223) 
(999,177) (980,210) (754,304) (688,329) (327,171) (87,60) (70,52) (0,3) (979,209) (978,208) (760,301) (954,218) (936,225) (937,212) (938,205) (939,203) (940,201) (941,194) (942,195) (943,201) (944,208) (945,203) (946,211) (947,207) (948,206) (949,204) (950,198) (951,203) (952,203) (953,213) 
(999,177) (980,210) (754,304) (688,329) (327,171) (87,60) (70,52) (0,3) (979,209) (978,208) (760,301) (954,218) (955,217) 
(999,177) (980,210) (754,304) (688,329) (327,171) (87,60) (70,52) (0,3) (979,209) (978,208) (760,301) (954,218) (955,217) (956,210) (957,204) (958,205) (959,199) (960,201) (961,202) (962,205) (963,200) (964,195) (965,189) (966,195) (967,195) (968,195) (969,188) (970,186) (971,188) (972,193) (973,203) (974,197) (975,202) (976,200) (977,197) 
(999,177) (980,210) (754,304) (688,329) (327,171) (87,60) (70,52) (0,3) (998,174) (997,177) (996,171) (995,172) (981,199) (994,166) (991,178) (982,197) 
(999,177) (980,210) (754,304) (688,329) (327,171) (87,60) (70,52) (0,3) (998,174) (997,177) (996,171) (995,172) (981,199) (994,166) (991,178) (982,197) (983,189) (984,181) (985,183) (986,183) (987,182) (988,182) (989,178) (990,177) 
(999,177) (980,210) (754,304) (688,329) (327,171) (87,60) (70,52) (0,3) (998,174) (997,177) (996,171) (995,172) (981,199) (994,166) (991,178) (982,197) (992,171) (993,168) 
TD 6 :
(999,177) (980,210) (754,304) (688,329) (327,171) (87,60) (70,52) (0,3) (69,50) (66,48) (1,2) (65,44) (3,-5) (2,-6) (4,-6) (62,39) (8,-10) (7,-11) (5,-17) (6,-19) 
(999,177) (980,210) (754,304) (688,329) (327,171) (87,60) (70,52) (0,3) (69,50) (66,48) (1,2) (65,44) (3,-5) (2,-6) (4,-6) (62,39) (8,-10) (7,-11) (5,-17) (27,6) (9,-15) 
(999,177) (980,210) (754,304) (688,329) (327,171) (87,60) (70,52) (0,3) (69,50) (66,48) (1,2) (65,44) (3,-5) (2,-6) (4,-6) (62,39) (8,-10) (7,-11) (5,-17) (27,6) (9,-15) (10,-20) (11,-22) (12,-24) (13,-30) (14,-37) (15,-34) (16,-32) (17,-43) (18,-44) (19,-33) (20,-36) (21,-32) (22,-17) (23,-14) (24,-13) (25,-7) (26,-4) 
(999,177) (980,210) (754,304) (688,329) (327,171) (87,60) (70,52) (0,3) (69,50) (66,48) (1,2) (65,44) (3,-5) (2,-6) (4,-6) (62,39) (8,-10) (7,-11) (5,-17) (27,6) (9,-15) (28,-8) (29,-6) (30,-2) (31,2) (32,6) (33,10) (34,5) (35,3) (36,3) (37,4) (38,8) (39,8) (40,8) (41,-8) (42,-1) (43,-8) (44,1) (45,2) (46,0) (47,-4) (48,1) (49,9) (50,14) (51,10) (52,9) (53,5) (54,8) (55,13) (56,13) (57,19) (58,23) (59,22) (60,32) (61,35) 
(999,177) (980,210) (754,304) (688,329) (327,171) (87,60) (70,52) (0,3) (686,327) (332,170) (685,326) (680,321) (682,321) (684,320) (683,319) 
(999,177) (980,210) (754,304) (688,329) (327,171) (87,60) (70,52) (0,3) (686,327) (332,170) (685,326) (680,321) (682,321) (684,320) 
(999,177) (980,210) (754,304) (688,329) (327,171) (87,60) (70,52) (0,3) (979,209) (978,208) (760,301) (755,299) (756,298) (759,296) (757,296) (758,296) 
(999,177) (980,210) (754,304) (688,329) (327,171) (87,60) (70,52) (0,3) (979,209) (978,208) (760,301) (755,299) (756,298) (759,296) 
(999,177) (980,210) (754,304) (688,329) (327,171) (87,60) (70,52) (0,3) (979,209) (978,208) (760,301) (954,218) (936,225) (935,223) (761,289) (762,286) (763,289) (764,277) (765,274) (766,267) (767,265) (768,261) (769,267) (770,271) (771,269) (772,278) (773,270) (774,266) (775,259) (776,258) (777,254) (778,253) (779,246) (780,240) (781,228) (782,236) (783,227) (784,222) (785,218) (786,217) (787,221) (788,226) (789,235) (790,220) (791,225) (792,228) (793,226) (794,229) (795,222) (796,221) (797,225) (798,224) (799,223) (800,218) (801,219) (802,217) (803,216) (804,215) (805,207) (806,208) (807,200) (808,206) (809,204) (810,196) (811,201) (812,201) (813,194) (814,191) (815,187) (816,176) (817,182) (818,172) (819,186) (820,184) (821,186) (822,188) (823,189) (824,189) (825,199) (826,201) (827,202) (828,207) (829,211) (830,203) (831,204) (832,200) (833,187) (834,175) (835,184) (836,185) (837,181) (838,176) (839,177) (840,169) (841,175) (842,172) (843,176) (844,172) (845,165) (846,165) (847,169) (848,164) (849,167) (850,166) (851,165) (852,159) (853,157) (854,163) (855,154) (856,163) (857,162) (858,164) (859,159) (860,165) (861,162) (862,171) (863,170) (864,177) (865,174) (866,173) (867,168) (868,167) (869,163) (870,155) (871,161) (872,164) (873,164) (874,161) (875,160) (876,167) (877,175) (878,175) (879,182) (880,190) (881,202) (882,204) (883,202) (884,208) (885,208) (886,205) (887,205) (888,204) (889,201) (890,206) (891,211) (892,220) (893,216) (894,211) (895,206) (896,205) (897,209) (898,203) (899,200) (900,197) (901,195) (902,191) (903,196) (904,199) (905,193) (906,203) (907,199) (908,197) (909,203) (910,212) (911,219) (912,219) (913,218) (914,223) (915,221) (916,222) (917,230) (918,226) (919,220) (920,224) (921,228) (922,215) (923,214) (924,210) (925,212) (926,214) (927,217) (928,222) (929,210) (930,206) (931,205) (932,204) (933,211) (934,214) 
(999,177) (980,210) (754,304) (688,329) (327,171) (87,60) (70,52) (0,3) (979,209) (978,208) (760,301) (954,218) (936,225) (935,223) 
(999,177) (980,210) (754,304) (688,329) (327,171) (87,60) (70,52) (0,3) (979,209) (978,208) (760,301) (954,218) (955,217) (975,202) (956,210) (957,204) (958,205) (959,199) (960,201) (961,202) (962,205) (963,200) (964,195) (965,189) (966,195) (967,195) (968,195) (969,188) (970,186) (971,188) (972,193) (973,203) (974,197) 
(999,177) (980,210) (754,304) (688,329) (327,171) (87,60) (70,52) (0,3) (979,209) (978,208) (760,301) (954,218) (955,217) (975,202) (976,200) (977,197) 
(999,177) (980,210) (754,304) (688,329) (327,171) (87,60) (70,52) (0,3) (998,174) (997,177) (996,171) (995,172) (981,199) (994,166) (991,178) (982,197) (990,177) (988,182) (983,189) (984,181) (985,183) (986,183) (987,182) 
(999,177) (980,210) (754,304) (688,329) (327,171) (87,60) (70,52) (0,3) (998,174) (997,177) (996,171) (995,172) (981,199) (994,166) (991,178) (982,197) (990,177) (988,182) (989,178) 
(999,177) (980,210) (754,304) (688,329) (327,171) (87,60) (70,52) (0,3) (998,174) (997,177) (996,171) (995,172) (981,199) (994,166) (991,178) (982,197) (990,177) (988,182) 
(999,177) (980,210) (754,304) (688,329) (327,171) (87,60) (70,52) (0,3) (998,174) (997,177) (996,171) (995,172) (981,199) (994,166) (991,178) (982,197) (993,168) (992,171) 
(999,177) (980,210) (754,304) (688,329) (327,171) (87,60) (70,52) (0,3) (998,174) (997,177) (996,171) (995,172) (981,199) (994,166) (991,178) (982,197) (993,168) (992,171) 
TD 7 :
(999,177) (980,210) (754,304) (688,329) (327,171) (87,60) (70,52) (0,3) (69,50) (66,48) (1,2) (65,44) (3,-5) (2,-6) (4,-6) (62,39) (8,-10) (7,-11) (5,-17) (27,6) (9,-15) (10,-20) (11,-22) (12,-24) (13,-30) (14,-37) (15,-34) (16,-32) (17,-43) (18,-44) (19,-33) (20,-36) (21,-32) (22,-17) (23,-14) (24,-13) (25,-7) (26,-4) 
(999,177) (980,210) (754,304) (688,329) (327,171) (87,60) (70,52) (0,3) (69,50) (66,48) (1,2) (65,44) (3,-5) (2,-6) (4,-6) (62,39) (8,-10) (7,-11) (5,-17) (27,6) (9,-15) (33,10) (28,-8) (29,-6) (30,-2) (31,2) (32,6) 
(999,177) (980,210) (754,304) (688,329) (327,171) (87,60) (70,52) (0,3) (69,50) (66,48) (1,2) (65,44) (3,-5) (2,-6) (4,-6) (62,39) (8,-10) (7,-11) (5,-17) (27,6) (9,-15) (33,10) (34,5) (35,3) (36,3) (37,4) (38,8) (39,8) (40,8) (41,-8) (42,-1) (43,-8) (44,1) (45,2) (46,0) (47,-4) (48,1) (49,9) (50,14) (51,10) (52,9) (53,5) (54,8) (55,13) (56,13) (57,19) (58,23) (59,22) (60,32) (61,35) 
(999,177) (980,210) (754,304) (688,329) (327,171) (87,60) (70,52) (0,3) (686,327) (332,170) (685,326) (680,321) (682,321) (684,320) (683,319) 
(999,177) (980,210) (754,304) (688,329) (327,171) (87,60) (70,52) (0,3) (686,327) (332,170) (685,326) (680,321) (682,321) (684,320) (683,319) 
(999,177) (980,210) (754,304) (688,329) (327,171) (87,60) (70,52) (0,3) (979,209) (978,208) (760,301) (755,299) (756,298) (759,296) (758,296) (757,296) 
(999,177) (980,210) (754,304) (688,329) (327,171) (87,60) (70,52) (0,3) (979,209) (978,208) (760,301) (755,299) (756,298) (759,296) (758,296) 
(999,177) (980,210) (754,304) (688,329) (327,171) (87,60) (70,52) (0,3) (979,209) (978,208) (760,301) (954,218) (936,225) (935,223) (917,230) (761,289) (762,286) (763,289) (764,277) (765,274) (766,267) (767,265) (768,261) (769,267) (770,271) (771,269) (772,278) (773,270) (774,266) (775,259) (776,258) (777,254) (778,253) (779,246) (780,240) (781,228) (782,236) (783,227) (784,222) (785,218) (786,217) (787,221) (788,226) (789,235) (790,220) (791,225) (792,228) (793,226) (794,229) (795,222) (796,221) (797,225) (798,224) (799,223) (800,218) (801,219) (802,217) (803,216) (804,215) (805,207) (806,208) (807,200) (808,206) (809,204) (810,196) (811,201) (812,201) (813,194) (814,191) (815,187) (816,176) (817,182) (818,172) (819,186) (820,184) (821,186) (822,188) (823,189) (824,189) (825,199) (826,201) (827,202) (828,207) (829,211) (830,203) (831,204) (832,200) (833,187) (834,175) (835,184) (836,185) (837,181) (838,176) (839,177) (840,169) (841,175) (842,172) (843,176) (844,172) (845,165) (846,165) (847,169) (848,164) (849,167) (850,166) (851,165) (852,159) (853,157) (854,163) (855,154) (856,163) (857,162) (858,164) (859,159) (860,165) (861,162) (862,171) (863,170) (864,177) (865,174) (866,173) (867,168) (868,167) (869,163) (870,155) (871,161) (872,164) (873,164) (874,161) (875,160) (876,167) (877,175) (878,175) (879,182) (880,190) (881,202) (882,204) (883,202) (884,208) (885,208) (886,205) (887,205) (888,204) (889,201) (890,206) (891,211) (892,220) (893,216) (894,211) (895,206) (896,205) (897,209) (898,203) (899,200) (900,197) (901,195) (902,191) (903,196) (904,199) (905,193) (906,203) (907,199) (908,197) (909,203) (910,212) (911,219) (912,219) (913,218) (914,223) (915,221) (916,222) 
(999,177) (980,210) (754,304) (688,329) (327,171) (87,60) (70,52) (0,3) (979,209) (978,208) (760,301) (954,218) (936,225) (935,223) (917,230) (918,226) (919,220) (920,224) (921,228) (922,215) (923,214) (924,210) (925,212) (926,214) (927,217) (928,222) (929,210) (930,206) (931,205) (932,204) (933,211) (934,214) 
(999,177) (980,210) (754,304) (688,329) (327,171) (87,60) (70,52) (0,3) (979,209) (978,208) (760,301) (954,218) (955,217) (975,202) (973,203) (956,210) (957,204) (958,205) (959,199) (960,201) (961,202) (962,205) (963,200) (964,195) (965,189) (966,195) (967,195) (968,195) (969,188) (970,186) (971,188) (972,193) 
(999,177) (980,210) (754,304) (688,329) (327,171) (87,60) (70,52) (0,3) (979,209) (978,208) (760,301) (954,218) (955,217) (975,202) (973,203) (974,197) 
(999,177) (980,210) (754,304) (688,329) (327,171) (87,60) (70,52) (0,3) (979,209) (978,208) (760,301) (954,218) (955,217) (975,202) (976,200) 
(999,177) (980,210) (754,304) (688,329) (327,171) (87,60) (70,52) (0,3) (979,209) (978,208) (760,301) (954,218) (955,217) (975,202) (976,200) (977,197) 
(999,177) (980,210) (754,304) (688,329) (327,171) (87,60) (70,52) (0,3) (998,174) (997,177) (996,171) (995,172) (981,199) (994,166) (991,178) (982,197) (990,177) (988,182) (987,182) (983,189) 
(999,177) (980,210) (754,304) (688,329) (327,171) (87,60) (70,52) (0,3) (998,174) (997,177) (996,171) (995,172) (981,199) (994,166) (991,178) (982,197) (990,177) (988,182) (987,182) (983,189) (984,181) (985,183) (986,183) 
(999,177) (980,210) (754,304) (688,329) (327,171) (87,60) (70,52) (0,3) (998,174) (997,177) (996,171) (995,172) (981,199) (994,166) (991,178) (982,197) (990,177) (988,182) (987,182) (983,189) 
(999,177) (980,210) (754,304) (688,329) (327,171) (87,60) (70,52) (0,3) (998,174) (997,177) (996,171) (995,172) (981,199) (994,166) (991,178) (982,197) (990,177) (988,182) (989,178) 
TD 8 :
(999,177) (980,210) (754,304) (688,329) (327,171) (87,60) (70,52) (0,3) (69,50) (66,48) (1,2) (65,44) (3,-5) (2,-6) (4,-6) (62,39) (8,-10) (7,-11) (5,-17) (27,6) (9,-15) (10,-20) (11,-22) (12,-24) (13,-30) (14,-37) (15,-34) (16,-32) (17,-43) (18,-44) (19,-33) (20,-36) (21,-32) (22,-17) (23,-14) (24,-13) (25,-7) (26,-4) 
(999,177) (980,210) (754,304) (688,329) (327,171) (87,60) (70,52) (0,3) (69,50) (66,48) (1,2) (65,44) (3,-5) (2,-6) (4,-6) (62,39) (8,-10) (7,-11) (5,-17) (27,6) (9,-15) (33,10) (32,6) (28,-8) (29,-6) (30,-2) (31,2) 
(999,177) (980,210) (754,304) (688,329) (327,171) (87,60) (70,52) (0,3) (69,50) (66,48) (1,2) (65,44) (3,-5) (2,-6) (4,-6) (62,39) (8,-10) (7,-11) (5,-17) (27,6) (9,-15) (33,10) (32,6) 
(999,177) (980,210) (754,304) (688,329) (327,171) (87,60) (70,52) (0,3) (69,50) (66,48) (1,2) (65,44) (3,-5) (2,-6) (4,-6) (62,39) (8,-10) (7,-11) (5,-17) (27,6) (9,-15) (33,10) (61,35) (34,5) (35,3) (36,3) (37,4) (38,8) (39,8) (40,8) (41,-8) (42,-1) (43,-8) (44,1) (45,2) (46,0) (47,-4) (48,1) (49,9) (50,14) (51,10) (52,9) (53,5) (54,8) (55,13) (56,13) (57,19) (58,23) (59,22) (60,32) 
(999,177) (980,210) (754,304) (688,329) (327,171) (87,60) (70,52) (0,3) (69,50) (66,48) (1,2) (65,44) (3,-5) (2,-6) (4,-6) (62,39) (8,-10) (7,-11) (5,-17) (27,6) (9,-15) (33,10) (61,35) 
(999,177) (980,210) (754,304) (688,329) (327,171) (87,60) (70,52) (0,3) (979,209) (978,208) (760,301) (755,299) (756,298) (759,296) (758,296) (757,296) 
(999,177) (980,210) (754,304) (688,329) (327,171) (87,60) (70,52) (0,3) (979,209) (978,208) (760,301) (755,299) (756,298) (759,296) (758,296) (757,296) 
(999,177) (980,210) (754,304) (688,329) (327,171) (87,60) (70,52) (0,3) (979,209) (978,208) (760,301) (954,218) (936,225) (935,223) (917,230) (921,228) (918,226) (919,220) (920,224) 
(999,177) (980,210) (754,304) (688,329) (327,171) (87,60) (70,52) (0,3) (979,209) (978,208) (760,301) (954,218) (936,225) (935,223) (917,230) (921,228) (922,215) (923,214) (924,210) (925,212) (926,214) (927,217) (928,222) (929,210) (930,206) (931,205) (932,204) (933,211) (934,214) 
(999,177) (980,210) (754,304) (688,329) (327,171) (87,60) (70,52) (0,3) (979,209) (978,208) (760,301) (954,218) (955,217) (975,202) (973,203) (956,210) 
(999,177) (980,210) (754,304) (688,329) (327,171) (87,60) (70,52) (0,3) (979,209) (978,208) (760,301) (954,218) (955,217) (975,202) (973,203) (956,210) (957,204) (958,205) (959,199) (960,201) (961,202) (962,205) (963,200) (964,195) (965,189) (966,195) (967,195) (968,195) (969,188) (970,186) (971,188) (972,193) 
(999,177) (980,210) (754,304) (688,329) (327,171) (87,60) (70,52) (0,3) (979,209) (978,208) (760,301) (954,218) (955,217) (975,202) (976,200) (977,197) 
(999,177) (980,210) (754,304) (688,329) (327,171) (87,60) (70,52) (0,3) (979,209) (978,208) (760,301) (954,218) (955,217) (975,202) (976,200) (977,197) 
(999,177) (980,210) (754,304) (688,329) (327,171) (87,60) (70,52) (0,3) (998,174) (997,177) (996,171) (995,172) (981,199) (994,166) (991,178) (982,197) (990,177) (988,182) (987,182) (983,189) (986,183) (984,181) (985,183) 
TD 9 :
(999,177) (980,210) (754,304) (688,329) (327,171) (87,60) (70,52) (0,3) (69,50) (66,48) (1,2) (65,44) (3,-5) (2,-6) (4,-6) (62,39) (8,-10) (7,-11) (5,-17) (27,6) (9,-15) (10,-20) (11,-22) (26,-4) (12,-24) (13,-30) (14,-37) (15,-34) (16,-32) (17,-43) (18,-44) (19,-33) (20,-36) (21,-32) (22,-17) (23,-14) (24,-13) (25,-7) 
(999,177) (980,210) (754,304) (688,329) (327,171) (87,60) (70,52) (0,3) (69,50) (66,48) (1,2) (65,44) (3,-5) (2,-6) (4,-6) (62,39) (8,-10) (7,-11) (5,-17) (27,6) (9,-15) (10,-20) (11,-22) (26,-4) (12,-24) 
(999,177) (980,210) (754,304) (688,329) (327,171) (87,60) (70,52) (0,3) (69,50) (66,48) (1,2) (65,44) (3,-5) (2,-6) (4,-6) (62,39) (8,-10) (7,-11) (5,-17) (27,6) (9,-15) (33,10) (32,6) (31,2) (28,-8) (29,-6) (30,-2) 
(999,177) (980,210) (754,304) (688,329) (327,171) (87,60) (70,52) (0,3) (69,50) (66,48) (1,2) (65,44) (3,-5) (2,-6) (4,-6) (62,39) (8,-10) (7,-11) (5,-17) (27,6) (9,-15) (33,10) (32,6) (31,2) 
(999,177) (980,210) (754,304) (688,329) (327,171) (87,60) (70,52) (0,3) (979,209) (978,208) (760,301) (954,218) (936,225) (935,223) (917,230) (921,228) (928,222) (922,215) (923,214) (924,210) (925,212) (926,214) (927,217) 
(999,177) (980,210) (754,304) (688,329) (327,171) (87,60) (70,52) (0,3) (979,209) (978,208) (760,301) (954,218) (936,225) (935,223) (917,230) (921,228) (928,222) (929,210) (930,206) (931,205) (932,204) (933,211) (934,214) 
(999,177) (980,210) (754,304) (688,329) (327,171) (87,60) (70,52) (0,3) (979,209) (978,208) (760,301) (954,218) (955,217) (975,202) (973,203) (956,210) (962,205) (957,204) (958,205) (959,199) (960,201) (961,202) 
(999,177) (980,210) (754,304) (688,329) (327,171) (87,60) (70,52) (0,3) (979,209) (978,208) (760,301) (954,218) (955,217) (975,202) (973,203) (956,210) (962,205) (963,200) (964,195) (965,189) (966,195) (967,195) (968,195) (969,188) (970,186) (971,188) (972,193) 
(999,177) (980,210) (754,304) (688,329) (327,171) (87,60) (70,52) (0,3) (998,174) (997,177) (996,171) (995,172) (981,199) (994,166) (991,178) (982,197) (990,177) (988,182) (987,182) (983,189) (986,183) (985,183) (984,181) 
TD 10 :
(999,177) (980,210) (754,304) (688,329) (327,171) (87,60) (70,52) (0,3) (69,50) (66,48) (1,2) (65,44) (3,-5) (2,-6) (4,-6) (62,39) (8,-10) (7,-11) (5,-17) (27,6) (9,-15) (10,-20) (11,-22) (26,-4) (12,-24) (25,-7) (13,-30) (14,-37) (15,-34) (16,-32) (17,-43) (18,-44) (19,-33) (20,-36) (21,-32) (22,-17) (23,-14) (24,-13) 
(999,177) (980,210) (754,304) (688,329) (327,171) (87,60) (70,52) (0,3) (69,50) (66,48) (1,2) (65,44) (3,-5) (2,-6) (4,-6) (62,39) (8,-10) (7,-11) (5,-17) (27,6) (9,-15) (10,-20) (11,-22) (26,-4) (12,-24) (25,-7) (13,-30) 
(999,177) (980,210) (754,304) (688,329) (327,171) (87,60) (70,52) (0,3) (979,209) (978,208) (760,301) (954,218) (955,217) (975,202) (973,203) (956,210) (962,205) (958,205) (957,204) 
(999,177) (980,210) (754,304) (688,329) (327,171) (87,60) (70,52) (0,3) (979,209) (978,208) (760,301) (954,218) (955,217) (975,202) (973,203) (956,210) (962,205) (958,205) (959,199) (960,201) (961,202) 
(999,177) (980,210) (754,304) (688,329) (327,171) (87,60) (70,52) (0,3) (979,209) (978,208) (760,301) (954,218) (955,217) (975,202) (973,203) (956,210) (962,205) (972,193) (963,200) (964,195) (965,189) (966,195) (967,195) (968,195) (969,188) (970,186) (971,188) 
(999,177) (980,210) (754,304) (688,329) (327,171) (87,60) (70,52) (0,3) (979,209) (978,208) (760,301) (954,218) (955,217) (975,202) (973,203) (956,210) (962,205) (972,193) 
(999,177) (980,210) (754,304) (688,329) (327,171) (87,60) (70,52) (0,3) (998,174) (997,177) (996,171) (995,172) (981,199) (994,166) (991,178) (982,197) (990,177) (988,182) (987,182) (983,189) (986,183) (985,183) (984,181) 
TD 11 :
(999,177) (980,210) (754,304) (688,329) (327,171) (87,60) (70,52) (0,3) (69,50) (66,48) (1,2) (65,44) (3,-5) (2,-6) (4,-6) (62,39) (8,-10) (7,-11) (5,-17) (27,6) (9,-15) (10,-20) (11,-22) (26,-4) (12,-24) (25,-7) (13,-30) (23,-14) (15,-34) (14,-37) 
(999,177) (980,210) (754,304) (688,329) (327,171) (87,60) (70,52) (0,3) (69,50) (66,48) (1,2) (65,44) (3,-5) (2,-6) (4,-6) (62,39) (8,-10) (7,-11) (5,-17) (27,6) (9,-15) (10,-20) (11,-22) (26,-4) (12,-24) (25,-7) (13,-30) (23,-14) (15,-34) (14,-37) (16,-32) (17,-43) (18,-44) (19,-33) (20,-36) (21,-32) (22,-17) 
(999,177) (980,210) (754,304) (688,329) (327,171) (87,60) (70,52) (0,3) (69,50) (66,48) (1,2) (65,44) (3,-5) (2,-6) (4,-6) (62,39) (8,-10) (7,-11) (5,-17) (27,6) (9,-15) (10,-20) (11,-22) (26,-4) (12,-24) (25,-7) (13,-30) (23,-14) (15,-34) (14,-37) (24,-13) 
(999,177) (980,210) (754,304) (688,329) (327,171) (87,60) (70,52) (0,3) (979,209) (978,208) (760,301) (954,218) (955,217) (975,202) (973,203) (956,210) (962,205) (958,205) (961,202) (959,199) (960,201) 
(999,177) (980,210) (754,304) (688,329) (327,171) (87,60) (70,52) (0,3) (979,209) (978,208) (760,301) (954,218) (955,217) (975,202) (973,203) (956,210) (962,205) (958,205) (961,202) 
(999,177) (980,210) (754,304) (688,329) (327,171) (87,60) (70,52) (0,3) (979,209) (978,208) (760,301) (954,218) (955,217) (975,202) (973,203) (956,210) (962,205) (972,193) (971,188) (968,195) (963,200) 
(999,177) (980,210) (754,304) (688,329) (327,171) (87,60) (70,52) (0,3) (979,209) (978,208) (760,301) (954,218) (955,217) (975,202) (973,203) (956,210) (962,205) (972,193) (971,188) (968,195) (963,200) (964,195) (965,189) (966,195) (967,195) 
(999,177) (980,210) (754,304) (688,329) (327,171) (87,60) (70,52) (0,3) (979,209) (978,208) (760,301) (954,218) (955,217) (975,202) (973,203) (956,210) (962,205) (972,193) (971,188) (968,195) (963,200) (969,188) (970,186) 
TD 12 :
(999,177) (980,210) (754,304) (688,329) (327,171) (87,60) (70,52) (0,3) (69,50) (66,48) (1,2) (65,44) (3,-5) (2,-6) (4,-6) (62,39) (8,-10) (7,-11) (5,-17) (27,6) (9,-15) (10,-20) (11,-22) (26,-4) (12,-24) (25,-7) (13,-30) (23,-14) (15,-34) (14,-37) (22,-17) (16,-32) (17,-43) (18,-44) (19,-33) (20,-36) (21,-32) 
(999,177) (980,210) (754,304) (688,329) (327,171) (87,60) (70,52) (0,3) (69,50) (66,48) (1,2) (65,44) (3,-5) (2,-6) (4,-6) (62,39) (8,-10) (7,-11) (5,-17) (27,6) (9,-15) (10,-20) (11,-22) (26,-4) (12,-24) (25,-7) (13,-30) (23,-14) (15,-34) (14,-37) (22,-17) (16,-32) 
(999,177) (980,210) (754,304) (688,329) (327,171) (87,60) (70,52) (0,3) (69,50) (66,48) (1,2) (65,44) (3,-5) (2,-6) (4,-6) (62,39) (8,-10) (7,-11) (5,-17) (27,6) (9,-15) (10,-20) (11,-22) (26,-4) (12,-24) (25,-7) (13,-30) (23,-14) (15,-34) (14,-37) (24,-13) 
(999,177) (980,210) (754,304) (688,329) (327,171) (87,60) (70,52) (0,3) (69,50) (66,48) (1,2) (65,44) (3,-5) (2,-6) (4,-6) (62,39) (8,-10) (7,-11) (5,-17) (27,6) (9,-15) (10,-20) (11,-22) (26,-4) (12,-24) (25,-7) (13,-30) (23,-14) (15,-34) (14,-37) (24,-13) 
(999,177) (980,210) (754,304) (688,329) (327,171) (87,60) (70,52) (0,3) (979,209) (978,208) (760,301) (954,218) (955,217) (975,202) (973,203) (956,210) (962,205) (972,193) (971,188) (968,195) (963,200) (967,195) (964,195) (965,189) (966,195) 
(999,177) (980,210) (754,304) (688,329) (327,171) (87,60) (70,52) (0,3) (979,209) (978,208) (760,301) (954,218) (955,217) (975,202) (973,203) (956,210) (962,205) (972,193) (971,188) (968,195) (963,200) (967,195) 
(999,177) (980,210) (754,304) (688,329) (327,171) (87,60) (70,52) (0,3) (979,209) (978,208) (760,301) (954,218) (955,217) (975,202) (973,203) (956,210) (962,205) (972,193) (971,188) (968,195) (963,200) (970,186) (969,188) 
TD 13 :
(999,177) (980,210) (754,304) (688,329) (327,171) (87,60) (70,52) (0,3) (69,50) (66,48) (1,2) (65,44) (3,-5) (2,-6) (4,-6) (62,39) (8,-10) (7,-11) (5,-17) (27,6) (9,-15) (10,-20) (11,-22) (26,-4) (12,-24) (25,-7) (13,-30) (23,-14) (15,-34) (14,-37) (22,-17) (16,-32) (19,-33) (17,-43) (18,-44) 
(999,177) (980,210) (754,304) (688,329) (327,171) (87,60) (70,52) (0,3) (69,50) (66,48) (1,2) (65,44) (3,-5) (2,-6) (4,-6) (62,39) (8,-10) (7,-11) (5,-17) (27,6) (9,-15) (10,-20) (11,-22) (26,-4) (12,-24) (25,-7) (13,-30) (23,-14) (15,-34) (14,-37) (22,-17) (16,-32) (19,-33) (17,-43) (20,-36) (21,-32) 
(999,177) (980,210) (754,304) (688,329) (327,171) (87,60) (70,52) (0,3) (979,209) (978,208) (760,301) (954,218) (955,217) (975,202) (973,203) (956,210) (962,205) (972,193) (971,188) (968,195) (963,200) (967,195) (966,195) (964,195) (965,189) 
(999,177) (980,210) (754,304) (688,329) (327,171) (87,60) (70,52) (0,3) (979,209) (978,208) (760,301) (954,218) (955,217) (975,202) (973,203) (956,210) (962,205) (972,193) (971,188) (968,195) (963,200) (967,195) (966,195) 
(999,177) (980,210) (754,304) (688,329) (327,171) (87,60) (70,52) (0,3) (979,209) (978,208) (760,301) (954,218) (955,217) (975,202) (973,203) (956,210) (962,205) (972,193) (971,188) (968,195) (963,200) (970,186) (969,188) 
TD 14 :
(999,177) (980,210) (754,304) (688,329) (327,171) (87,60) (70,52) (0,3) (69,50) (66,48) (1,2) (65,44) (3,-5) (2,-6) (4,-6) (62,39) (8,-10) (7,-11) (5,-17) (27,6) (9,-15) (10,-20) (11,-22) (26,-4) (12,-24) (25,-7) (13,-30) (23,-14) (15,-34) (14,-37) (22,-17) (16,-32) (19,-33) (17,-43) (18,-44) 
(999,177) (980,210) (754,304) (688,329) (327,171) (87,60) (70,52) (0,3) (69,50) (66,48) (1,2) (65,44) (3,-5) (2,-6) (4,-6) (62,39) (8,-10) (7,-11) (5,-17) (27,6) (9,-15) (10,-20) (11,-22) (26,-4) (12,-24) (25,-7) (13,-30) (23,-14) (15,-34) (14,-37) (22,-17) (16,-32) (19,-33) (17,-43) (21,-32) (20,-36) 
(999,177) (980,210) (754,304) (688,329) (327,171) (87,60) (70,52) (0,3) (69,50) (66,48) (1,2) (65,44) (3,-5) (2,-6) (4,-6) (62,39) (8,-10) (7,-11) (5,-17) (27,6) (9,-15) (10,-20) (11,-22) (26,-4) (12,-24) (25,-7) (13,-30) (23,-14) (15,-34) (14,-37) (22,-17) (16,-32) (19,-33) (17,-43) (21,-32) (20,-36) 
(999,177) (980,210) (754,304) (688,329) (327,171) (87,60) (70,52) (0,3) (69,50) (66,48) (1,2) (65,44) (3,-5) (2,-6) (4,-6) (62,39) (8,-10) (7,-11) (5,-17) (27,6) (9,-15) (10,-20) (11,-22) (26,-4) (12,-24) (25,-7) (13,-30) (23,-14) (15,-34) (14,-37) (22,-17) (16,-32) (19,-33) (17,-43) (21,-32) (20,-36) 
(999,177) (980,210) (754,304) (688,329) (327,171) (87,60) (70,52) (0,3) (979,209) (978,208) (760,301) (954,218) (955,217) (975,202) (973,203) (956,210) (962,205) (972,193) (971,188) (968,195) (963,200) (967,195) (966,195) (965,189) (964,195) 
(999,177) (980,210) (754,304) (688,329) (327,171) (87,60) (70,52) (0,3) (979,209) (978,208) (760,301) (954,218) (955,217) (975,202) (973,203) (956,210) (962,205) (972,193) (971,188) (968,195) (963,200) (967,195) (966,195) (965,189) (964,195) 
TD 15 :
TD 16 :
TD 17 :
TD 18 :
TD 19 :
TD 20 :
TD 21 :
TD 22 :
TD 23 :
TD 24 :
TD 25 :
TD 26 :
TD 27 :
TD 28 :
TD 29 :
TD 30 :
TD 31 :
TD 32 :
TD 33 :
TD 34 :
TD 35 :
TD 36 :
TD 37 :
TD 38 :
TD 39 :
TD 40 :
TD 41 :
TD 42 :
TD 43 :
TD 44 :
TD 45 :
TD 46 :
TD 47 :
TD 48 :
TD 49 :
TD 50 :
TD 51 :
TD 52 :
TD 53 :
TD 54 :
TD 55 :
TD 56 :
TD 57 :
TD 58 :
TD 59 :
TD 60 :
TD 61 :
TD 62 :
TD 63 :
TD 64 :
TD 65 :
TD 66 :
TD 67 :
TD 68 :
TD 69 :
TD 70 :
TD 71 :
TD 72 :
TD 73 :
TD 74 :
TD 75 :
TD 76 :
TD 77 :
TD 78 :
TD 79 :
TD 80 :
TD 81 :
TD 82 :
TD 83 :
TD 84 :
TD 85 :
TD 86 :
TD 87 :
TD 88 :
TD 89 :
TD 90 :
TD 91 :
TD 92 :
Pocket 0 :
()
Pocket 1 :
({  (0,3) ,(1,2) } {  (69,50) ,(70,52) } {  (0,3) ,(1,2) } {  (69,50) ,(70,52) } {  (0,3) ,(1,2) } {  (69,50) ,(70,52) } {  (0,3) ,(1,2) } {  (69,50) ,(70,52) } {  (0,3) ,(1,2) } {  (69,50) ,(70,52) } {  (0,3) ,(1,2) } {  (69,50) ,(70,52) } {  (0,3) ,(1,2) } {  (69,50) ,(70,52) } )
Pocket 2 :
({  (1,2) ,(0,3) } {  (67,43) ,(66,48) } {  (1,2) ,(0,3) } {  (67,43) ,(66,48) } {  (1,2) ,(0,3) } {  (67,43) ,(66,48) } {  (999,177) ,(86,59) } {  (999,177) ,(86,59) } {  (89,58) ,(88,60) } {  (89,58) ,(88,60) } {  (333,161) ,(332,170) } {  (333,161) ,(332,170) } {  (333,161) ,(332,170) } {  (999,177) ,(753,304) } {  (999,177) ,(753,304) } {  (999,177) ,(979,209) } {  (999,177) ,(979,209) } {  (998,174) ,(997,177) } {  (998,174) ,(997,177) } )
Pocket 3 :
({  (2,-6) ,(1,2) } {  (4,-6) ,(3,-5) } {  (2,-6) ,(1,2) } {  (4,-6) ,(3,-5) } {  (2,-6) ,(1,2) } {  (4,-6) ,(3,-5) } {  (73,48) ,(72,49) } {  (73,48) ,(72,49) } {  (73,48) ,(72,49) } {  (331,164) ,(330,169) } {  (331,164) ,(330,169) } {  (999,177) ,(685,326) } {  (999,177) ,(685,326) } {  (761,289) ,(760,301) } {  (761,289) ,(760,301) } {  (761,289) ,(760,301) } {  (999,177) ,(996,171) } )
Pocket 4 :
({  (4,-6) ,(2,-6) } {  (329,166) ,(328,168) } {  (329,166) ,(328,168) } {  (681,315) ,(680,321) } {  (681,315) ,(680,321) } {  (756,298) ,(755,299) } {  (756,298) ,(755,299) } {  (955,217) ,(954,218) } {  (955,217) ,(954,218) } {  (982,197) ,(981,199) } {  (982,197) ,(981,199) } )
Pocket 5 :
({  (5,-17) ,(4,-6) } {  (8,-10) ,(7,-11) } {  (5,-17) ,(4,-6) } {  (8,-10) ,(7,-11) } {  (5,-17) ,(4,-6) } {  (8,-10) ,(7,-11) } {  (5,-17) ,(4,-6) } {  (8,-10) ,(7,-11) } {  (683,319) ,(682,321) } {  (683,319) ,(682,321) } {  (757,296) ,(756,298) } {  (757,296) ,(756,298) } {  (937,212) ,(936,225) } {  (937,212) ,(936,225) } {  (956,210) ,(955,217) } {  (956,210) ,(955,217) } {  (983,189) ,(982,197) } {  (983,189) ,(982,197) } {  (983,189) ,(982,197) } )
Pocket 6 :
({  (6,-19) ,(5,-17) } {  (10,-20) ,(9,-15) } {  (10,-20) ,(9,-15) } {  (10,-20) ,(9,-15) } {  (999,177) ,(684,320) } {  (999,177) ,(684,320) } {  (999,177) ,(759,296) } {  (999,177) ,(759,296) } {  (999,177) ,(935,223) } {  (999,177) ,(935,223) } {  (976,200) ,(975,202) } {  (976,200) ,(975,202) } {  (989,178) ,(988,182) } {  (989,178) ,(988,182) } {  (989,178) ,(988,182) } {  (993,168) ,(992,171) } {  (993,168) ,(992,171) } )
Pocket 7 :
({  (10,-20) ,(9,-15) } {  (34,5) ,(33,10) } {  (34,5) ,(33,10) } {  (999,177) ,(683,319) } {  (999,177) ,(683,319) } {  (999,177) ,(758,296) } {  (999,177) ,(758,296) } {  (918,226) ,(917,230) } {  (918,226) ,(917,230) } {  (974,197) ,(973,203) } {  (974,197) ,(973,203) } {  (977,197) ,(976,200) } {  (977,197) ,(976,200) } {  (984,181) ,(983,189) } {  (984,181) ,(983,189) } {  (984,181) ,(983,189) } {  (999,177) ,(989,178) } )
Pocket 8 :
({  (11,-22) ,(10,-20) } {  (999,177) ,(32,6) } {  (999,177) ,(32,6) } {  (999,177) ,(61,35) } {  (999,177) ,(61,35) } {  (999,177) ,(757,296) } {  (999,177) ,(757,296) } {  (922,215) ,(921,228) } {  (922,215) ,(921,228) } {  (957,204) ,(956,210) } {  (957,204) ,(956,210) } {  (999,177) ,(977,197) } {  (999,177) ,(977,197) } {  (999,177) ,(986,183) } )
Pocket 9 :
({  (12,-24) ,(11,-22) } {  (999,177) ,(26,-4) } {  (12,-24) ,(11,-22) } {  (999,177) ,(26,-4) } {  (999,177) ,(31,2) } {  (999,177) ,(31,2) } {  (929,210) ,(928,222) } {  (929,210) ,(928,222) } {  (963,200) ,(962,205) } {  (963,200) ,(962,205) } {  (999,177) ,(985,183) } )
Pocket 10 :
({  (13,-30) ,(12,-24) } {  (999,177) ,(25,-7) } {  (13,-30) ,(12,-24) } {  (999,177) ,(25,-7) } {  (959,199) ,(958,205) } {  (959,199) ,(958,205) } {  (999,177) ,(972,193) } {  (999,177) ,(972,193) } {  (999,177) ,(984,181) } )
Pocket 11 :
({  (14,-37) ,(13,-30) } {  (16,-32) ,(15,-34) } {  (14,-37) ,(13,-30) } {  (16,-32) ,(15,-34) } {  (14,-37) ,(13,-30) } {  (16,-32) ,(15,-34) } {  (999,177) ,(961,202) } {  (999,177) ,(961,202) } {  (964,195) ,(963,200) } {  (964,195) ,(963,200) } {  (964,195) ,(963,200) } )
Pocket 12 :
({  (16,-32) ,(14,-37) } {  (999,177) ,(22,-17) } {  (16,-32) ,(14,-37) } {  (999,177) ,(22,-17) } {  (999,177) ,(24,-13) } {  (999,177) ,(24,-13) } {  (999,177) ,(967,195) } {  (999,177) ,(967,195) } {  (999,177) ,(970,186) } )
Pocket 13 :
({  (17,-43) ,(16,-32) } {  (20,-36) ,(19,-33) } {  (17,-43) ,(16,-32) } {  (20,-36) ,(19,-33) } {  (999,177) ,(966,195) } {  (999,177) ,(966,195) } {  (999,177) ,(969,188) } )
Pocket 14 :
({  (18,-44) ,(17,-43) } {  (21,-32) ,(20,-36) } {  (21,-32) ,(20,-36) } {  (21,-32) ,(20,-36) } {  (965,189) ,(964,195) } {  (965,189) ,(964,195) } )
Pocket 15 :
()
Pocket 16 :
()
Pocket 17 :
()
Pocket 18 :
()
Pocket 19 :
()
Pocket 20 :
()
Pocket 21 :
()
Pocket 22 :
()
Pocket 23 :
()
Pocket 24 :
()
Pocket 25 :
()
Pocket 26 :
()
Pocket 27 :
()
Pocket 28 :
()
Pocket 29 :
()
Pocket 30 :
()
Pocket 31 :
()
Pocket 32 :
()
Pocket 33 :
()
Pocket 34 :
()
Pocket 35 :
()
Pocket 36 :
()
Pocket 37 :
()
Pocket 38 :
()
Pocket 39 :
()
Pocket 40 :
()
Pocket 41 :
()
Pocket 42 :
()
Pocket 43 :
()
Pocket 44 :
()
Pocket 45 :
()
Pocket 46 :
()
Pocket 47 :
()
Pocket 48 :
()
Pocket 49 :
()
Pocket 50 :
()
Pocket 51 :
()
Pocket 52 :
()
Pocket 53 :
()
Pocket 54 :
()
Pocket 55 :
()
Pocket 56 :
()
Pocket 57 :
()
Pocket 58 :
()
Pocket 59 :
()
Pocket 60 :
()
Pocket 61 :
()
Pocket 62 :
()
Pocket 63 :
()
Pocket 64 :
()
Pocket 65 :
()
Pocket 66 :
()
Pocket 67 :
()
Pocket 68 :
()
Pocket 69 :
()
Pocket 70 :
()
Pocket 71 :
()
Pocket 72 :
()
Pocket 73 :
()
Pocket 74 :
()
Pocket 75 :
()
Pocket 76 :
()
Pocket 77 :
()
Pocket 78 :
()
Pocket 79 :
()
Pocket 80 :
()
Pocket 81 :
()
Pocket 82 :
()
Pocket 83 :
()
Pocket 84 :
()
Pocket 85 :
()
Pocket 86 :
()
Pocket 87 :
()
Pocket 88 :
()
Pocket 89 :
()
Pocket 90 :
()
Pocket 91 :
()
