122 layers in onion peeling: 
Layer 1
(999,-55) (996,-53) (213,80) (26,30) (5,13) (0,4) 
Layer 2
(998,-59) (997,-56) (995,-53) (214,78) (123,54) (27,26) (18,23) (12,16) (2,4) (1,-3) 
Layer 3
(994,-57) (212,75) (124,54) (24,21) (11,13) (4,3) (3,-1) 
Layer 4
(993,-60) (989,-58) (335,54) (215,70) (211,70) (115,50) (13,14) (10,11) (6,1) 
Layer 5
(992,-64) (991,-61) (988,-59) (353,49) (336,51) (223,63) (216,63) (125,51) (15,13) (9,6) (8,4) (7,-2) 
Layer 6
(990,-64) (981,-59) (351,47) (334,49) (222,62) (114,47) (16,13) (14,6) 
Layer 7
(987,-65) (978,-62) (348,47) (219,61) (218,61) (210,60) (122,48) (23,15) (17,9) 
Layer 8
(986,-71) (979,-63) (352,46) (221,59) (118,45) (28,16) (25,15) (19,10) 
Layer 9
(985,-70) (983,-68) (982,-67) (980,-65) (350,45) (337,47) (217,58) (120,45) (116,44) (31,15) (21,11) (20,10) 
Layer 10
(984,-72) (977,-68) (973,-66) (349,45) (220,57) (204,55) (126,45) (119,44) (22,11) 
Layer 11
(976,-69) (969,-66) (354,43) (295,50) (224,56) (205,55) (121,43) (32,13) (29,11) 
Layer 12
(975,-74) (974,-72) (971,-70) (968,-69) (339,43) (294,49) (209,55) (202,54) (127,39) (107,35) (30,11) 
Layer 13
(972,-71) (970,-70) (344,42) (226,51) (208,52) (201,52) (199,52) (113,36) (108,35) (33,8) 
Layer 14
(967,-72) (347,40) (341,41) (225,50) (203,51) (185,49) (106,34) (34,6) 
Layer 15
(966,-79) (361,37) (345,40) (272,46) (227,48) (183,46) (117,36) (112,35) (104,33) (36,5) (35,1) 
Layer 16
(965,-82) (964,-81) (360,37) (338,40) (274,44) (206,47) (186,46) (105,32) (37,3) 
Layer 17
(963,-87) (962,-82) (371,33) (340,39) (293,42) (229,45) (207,46) (184,45) (109,32) (61,10) (38,-1) 
Layer 18
(961,-82) (372,31) (333,38) (273,42) (200,45) (182,44) (110,27) (39,-2) 
Layer 19
(960,-90) (359,33) (342,36) (296,40) (271,41) (231,41) (228,41) (157,38) (111,27) (42,-1) (40,-8) 
Layer 20
(959,-102) (958,-99) (957,-98) (355,33) (343,34) (292,38) (270,39) (230,40) (198,39) (156,36) (128,30) (103,22) (60,4) (44,-6) (41,-9) 
Layer 21
(956,-109) (370,29) (346,33) (291,38) (265,39) (158,36) (102,19) (62,2) (43,-10) 
Layer 22
(955,-115) (936,-105) (373,28) (332,33) (298,37) (232,38) (159,36) (101,17) (58,-3) (45,-10) 
Layer 23
(954,-117) (940,-108) (933,-105) (375,26) (362,29) (356,30) (290,37) (287,37) (286,37) (275,37) (269,37) (264,37) (197,36) (163,34) (130,26) (59,-3) (52,-7) (50,-9) (46,-17) 
Layer 24
(953,-117) (941,-110) (934,-107) (931,-106) (369,25) (325,33) (308,35) (288,36) (285,36) (237,36) (189,35) (150,30) (129,25) (51,-9) (49,-13) (47,-19) 
Layer 25
(952,-127) (950,-119) (935,-108) (932,-107) (377,23) (330,32) (305,35) (301,35) (297,35) (289,35) (187,34) (161,29) (137,21) (131,19) (63,-5) (57,-9) (53,-13) (48,-20) 
Layer 26
(951,-126) (944,-118) (938,-112) (937,-111) (374,22) (328,32) (303,34) (302,34) (299,34) (267,34) (261,34) (257,34) (196,34) (164,28) (151,25) (100,8) (64,-6) (56,-14) (55,-16) (54,-22) 
Layer 27
(949,-125) (939,-114) (378,20) (331,31) (277,33) (268,33) (263,33) (241,33) (188,32) (181,31) (160,27) (152,25) (99,6) (80,-1) (65,-8) 
Layer 28
(948,-128) (946,-124) (943,-120) (929,-114) (368,22) (329,30) (306,31) (259,32) (245,32) (243,32) (233,32) (195,31) (155,25) (139,20) (81,-1) (77,-3) (76,-4) (66,-14) 
Layer 29
(947,-127) (945,-123) (930,-116) (376,20) (363,23) (357,24) (327,29) (304,31) (284,31) (260,31) (244,31) (240,31) (162,26) (132,17) (78,-3) (68,-13) (67,-15) 
Layer 30
(942,-122) (928,-117) (367,20) (358,22) (323,28) (309,30) (280,30) (242,30) (238,30) (165,26) (149,22) (138,18) (82,-5) (75,-8) (71,-13) (69,-19) 
Layer 31
(927,-120) (926,-119) (379,17) (366,20) (326,27) (311,29) (283,29) (278,29) (258,29) (247,29) (235,29) (194,27) (178,26) (154,22) (136,17) (83,-5) (73,-11) (70,-22) 
Layer 32
(925,-129) (910,-123) (382,16) (324,27) (310,28) (300,28) (266,28) (256,28) (190,26) (177,25) (148,20) (140,17) (79,-8) (74,-14) (72,-18) 
Layer 33
(924,-131) (912,-127) (909,-126) (380,16) (314,27) (307,27) (282,27) (262,27) (246,27) (239,27) (166,23) (133,14) (87,-6) (84,-14) 
Layer 34
(923,-135) (911,-129) (906,-127) (383,15) (318,26) (281,26) (234,25) (176,23) (167,21) (135,13) (97,-5) (89,-9) (85,-13) 
Layer 35
(922,-142) (913,-131) (387,13) (365,18) (322,25) (317,25) (316,25) (313,25) (253,25) (193,23) (175,22) (153,17) (134,11) (98,-5) (86,-13) 
Layer 36
(921,-141) (907,-130) (364,18) (312,24) (254,24) (236,24) (179,21) (168,19) (142,13) (96,-8) (88,-12) 
Layer 37
(920,-148) (918,-142) (915,-138) (914,-137) (908,-131) (385,12) (321,22) (252,23) (180,21) (169,18) (141,8) (90,-13) 
Layer 38
(919,-148) (917,-142) (916,-141) (905,-131) (397,8) (381,12) (315,22) (276,22) (255,22) (192,21) (174,18) (144,9) (95,-11) (93,-14) (91,-19) 
Layer 39
(904,-132) (386,10) (320,19) (279,21) (248,21) (191,18) (173,15) (143,7) (94,-13) (92,-20) 
Layer 40
(903,-133) (389,8) (384,9) (319,19) (171,13) (145,7) 
Layer 41
(902,-142) (881,-134) (395,6) (249,16) (170,12) (146,6) 
Layer 42
(901,-154) (899,-149) (884,-141) (880,-139) (398,5) (250,11) (172,11) (147,6) 
Layer 43
(900,-155) (879,-139) (404,1) (394,3) (388,4) (251,8) 
Layer 44
(898,-154) (897,-153) (885,-144) (882,-143) (393,1) (390,0) 
Layer 45
(896,-161) (886,-149) (883,-146) (396,0) (392,-1) (391,-3) 
Layer 46
(895,-163) (889,-153) (888,-152) (878,-145) (403,-3) (399,-4) 
Layer 47
(894,-168) (890,-162) (887,-158) (877,-148) (866,-143) (402,-7) (401,-7) (400,-8) 
Layer 48
(893,-170) (872,-147) (871,-146) (405,-8) 
Layer 49
(892,-170) (870,-147) (867,-145) (406,-12) 
Layer 50
(891,-171) (875,-153) (869,-147) (407,-19) 
Layer 51
(876,-155) (873,-152) (868,-147) (408,-23) 
Layer 52
(874,-155) (865,-151) (409,-31) 
Layer 53
(864,-154) (863,-151) (411,-34) (410,-39) 
Layer 54
(862,-159) (861,-157) (860,-156) (412,-48) 
Layer 55
(859,-159) (413,-52) 
Layer 56
(858,-163) (855,-160) (432,-58) (417,-57) (414,-58) 
Layer 57
(857,-164) (856,-162) (458,-66) (433,-61) (419,-60) (418,-60) (415,-61) 
Layer 58
(854,-166) (422,-61) (416,-64) 
Layer 59
(853,-171) (843,-168) (457,-70) (431,-64) (420,-67) 
Layer 60
(852,-173) (833,-166) (459,-73) (446,-70) (440,-69) (421,-67) 
Layer 61
(851,-175) (847,-173) (844,-172) (435,-70) (434,-70) (423,-72) 
Layer 62
(850,-175) (834,-170) (447,-73) (438,-73) (430,-73) (424,-79) 
Layer 63
(849,-177) (848,-175) (832,-171) (445,-75) (428,-76) (425,-83) 
Layer 64
(846,-179) (845,-178) (841,-174) (831,-171) (455,-79) (448,-78) (441,-77) (429,-77) (426,-85) 
Layer 65
(842,-176) (454,-79) (439,-78) (436,-79) (427,-84) 
Layer 66
(840,-177) (836,-175) (451,-79) (437,-80) 
Layer 67
(839,-181) (835,-178) (830,-176) (453,-80) (442,-82) 
Layer 68
(838,-187) (837,-184) (829,-179) (460,-82) (452,-82) (443,-84) 
Layer 69
(828,-188) (715,-150) (461,-83) (456,-83) (450,-83) (444,-85) 
Layer 70
(827,-193) (717,-151) (474,-87) (449,-84) 
Layer 71
(826,-194) (719,-152) (473,-87) (469,-89) (462,-94) 
Layer 72
(825,-203) (790,-180) (716,-152) (713,-151) (470,-91) (467,-92) (463,-98) 
Layer 73
(824,-210) (791,-182) (718,-154) (471,-92) (464,-97) 
Layer 74
(823,-215) (807,-197) (798,-190) (789,-186) (714,-154) (518,-104) (472,-94) (466,-98) (465,-99) 
Layer 75
(822,-214) (802,-194) (800,-192) (792,-188) (788,-186) (720,-158) (712,-155) (519,-105) (475,-98) (468,-98) 
Layer 76
(821,-222) (808,-201) (797,-191) (763,-176) (746,-169) (711,-156) (530,-108) (476,-101) 
Layer 77
(820,-227) (819,-220) (812,-210) (803,-199) (796,-191) (762,-176) (752,-172) (721,-160) (531,-111) (477,-105) 
Layer 78
(818,-226) (816,-219) (813,-214) (811,-211) (801,-197) (786,-187) (739,-169) (705,-158) (532,-113) (516,-110) (480,-110) (479,-112) (478,-114) 
Layer 79
(817,-231) (815,-221) (814,-219) (809,-209) (806,-205) (799,-196) (783,-186) (751,-174) (704,-158) (529,-114) (520,-112) (481,-112) 
Layer 80
(810,-212) (804,-204) (793,-193) (787,-189) (761,-178) (745,-172) (706,-159) (517,-113) (482,-119) 
Layer 81
(805,-211) (795,-201) (784,-190) (781,-187) (765,-180) (744,-172) (722,-165) (707,-161) (521,-114) (487,-119) (483,-121) 
Layer 82
(794,-203) (785,-192) (748,-175) (700,-161) (522,-115) (515,-115) (488,-120) (484,-125) 
Layer 83
(782,-191) (750,-176) (740,-173) (710,-164) (527,-117) (524,-117) (523,-117) (492,-122) (485,-126) 
Layer 84
(780,-191) (779,-190) (756,-179) (709,-164) (533,-120) (525,-118) (489,-124) (486,-127) 
Layer 85
(778,-191) (764,-183) (755,-179) (749,-177) (743,-175) (701,-163) (526,-120) (509,-121) (493,-126) (490,-131) 
Layer 86
(777,-194) (776,-191) (754,-179) (725,-171) (703,-165) (548,-126) (528,-123) (514,-124) (505,-125) (491,-130) 
Layer 87
(775,-193) (773,-191) (753,-179) (540,-128) (513,-125) (504,-126) (500,-128) (494,-132) 
Layer 88
(774,-193) (766,-188) (747,-179) (742,-177) (543,-130) (534,-128) (503,-127) (495,-132) 
Layer 89
(772,-192) (767,-189) (757,-184) (741,-178) (723,-173) (708,-169) (535,-129) (501,-130) (498,-132) (496,-135) 
Layer 90
(771,-197) (770,-193) (768,-190) (724,-174) (538,-130) (502,-130) (497,-137) 
Layer 91
(769,-192) (738,-181) (702,-169) (542,-131) (539,-131) (506,-131) (499,-135) 
Layer 92
(760,-189) (694,-171) (541,-133) (537,-133) (508,-133) (507,-139) 
Layer 93
(759,-191) (732,-182) (726,-180) (549,-135) (536,-135) (510,-136) 
Layer 94
(758,-191) (699,-174) (687,-171) (547,-136) (546,-136) (512,-137) (511,-138) 
Layer 95
(737,-190) (730,-183) (698,-175) (545,-141) (544,-143) 
Layer 96
(736,-198) (733,-191) (731,-187) (729,-183) (697,-175) (553,-143) (550,-145) 
Layer 97
(735,-198) (734,-194) (728,-183) (688,-174) (559,-148) (552,-149) (551,-154) 
Layer 98
(727,-185) (692,-176) (558,-150) (556,-150) (554,-154) 
Layer 99
(696,-178) (693,-177) (562,-151) (561,-151) (555,-153) 
Layer 100
(695,-178) (645,-168) (563,-154) (557,-153) 
Layer 101
(691,-182) (689,-179) (661,-172) (564,-155) (560,-155) 
Layer 102
(690,-182) (660,-173) (643,-169) (566,-156) (565,-156) 
Layer 103
(686,-187) (684,-186) (665,-177) (659,-175) (644,-170) (567,-163) 
Layer 104
(685,-188) (642,-171) (569,-165) (568,-173) 
Layer 105
(683,-192) (675,-185) (663,-180) (646,-173) (632,-172) (572,-169) (570,-170) 
Layer 106
(682,-194) (676,-186) (672,-184) (631,-175) (594,-172) (573,-171) (571,-173) 
Layer 107
(681,-199) (677,-188) (673,-186) (666,-183) (637,-178) (574,-176) 
Layer 108
(680,-201) (679,-198) (678,-195) (674,-189) (662,-185) (641,-179) (633,-178) (595,-177) (575,-181) 
Layer 109
(671,-189) (667,-187) (664,-186) (658,-184) (647,-181) (576,-183) 
Layer 110
(670,-189) (653,-186) (636,-183) (630,-183) (627,-183) (577,-184) 
Layer 111
(669,-194) (668,-191) (649,-187) (638,-185) (628,-184) (626,-184) (591,-184) (578,-187) 
Layer 112
(657,-193) (640,-186) (593,-185) (582,-196) (579,-202) 
Layer 113
(656,-200) (654,-193) (652,-191) (635,-186) (634,-186) (596,-187) (590,-189) (580,-201) 
Layer 114
(655,-198) (648,-190) (613,-188) (592,-189) (589,-191) (583,-199) (581,-205) 
Layer 115
(651,-195) (650,-194) (639,-190) (629,-189) (611,-192) (588,-199) (584,-202) 
Layer 116
(625,-192) (620,-191) (612,-192) (598,-198) (585,-204) 
Layer 117
(624,-199) (619,-192) (599,-198) (587,-204) (586,-205) 
Layer 118
(623,-209) (622,-202) (621,-195) (618,-195) (616,-195) (597,-200) 
Layer 119
(617,-197) (614,-196) (605,-200) (602,-202) (600,-207) 
Layer 120
(615,-197) (603,-203) (601,-216) 
Layer 121
(610,-201) (607,-203) (604,-205) 
Layer 122
(609,-203) (606,-204) 
---------------------------------------------------------------------------------------
TD 0 :
(999,-55) (998,-59) (997,-56) (996,-53) (995,-53) (994,-57) (993,-60) (992,-64) (991,-61) (990,-64) (989,-58) (988,-59) (987,-65) (986,-71) (985,-70) (984,-72) (983,-68) (982,-67) (981,-59) (980,-65) (979,-63) (978,-62) (977,-68) (976,-69) (975,-74) (974,-72) (973,-66) (972,-71) (971,-70) (970,-70) (969,-66) (968,-69) (967,-72) (966,-79) (965,-82) (964,-81) (963,-87) (962,-82) (961,-82) (960,-90) (959,-102) (958,-99) (957,-98) (956,-109) (955,-115) (954,-117) (953,-117) (952,-127) (951,-126) (950,-119) (949,-125) (948,-128) (947,-127) (946,-124) (945,-123) (944,-118) (943,-120) (942,-122) (941,-110) (940,-108) (939,-114) (938,-112) (937,-111) (936,-105) (935,-108) (934,-107) (933,-105) (932,-107) (931,-106) (930,-116) (929,-114) (928,-117) (927,-120) (926,-119) (925,-129) (924,-131) (923,-135) (922,-142) (921,-141) (920,-148) (919,-148) (918,-142) (917,-142) (916,-141) (915,-138) (914,-137) (913,-131) (912,-127) (911,-129) (910,-123) (909,-126) (908,-131) (907,-130) (906,-127) (905,-131) (904,-132) (903,-133) (902,-142) (901,-154) (900,-155) (899,-149) (898,-154) (897,-153) (896,-161) (895,-163) (894,-168) (893,-170) (892,-170) (891,-171) (890,-162) (889,-153) (888,-152) (887,-158) (886,-149) (885,-144) (884,-141) (883,-146) (882,-143) (881,-134) (880,-139) (879,-139) (878,-145) (877,-148) (876,-155) (875,-153) (874,-155) (873,-152) (872,-147) (871,-146) (870,-147) (869,-147) (868,-147) (867,-145) (866,-143) (865,-151) (864,-154) (863,-151) (862,-159) (861,-157) (860,-156) (859,-159) (858,-163) (857,-164) (856,-162) (855,-160) (854,-166) (853,-171) (852,-173) (851,-175) (850,-175) (849,-177) (848,-175) (847,-173) (846,-179) (845,-178) (844,-172) (843,-168) (842,-176) (841,-174) (840,-177) (839,-181) (838,-187) (837,-184) (836,-175) (835,-178) (834,-170) (833,-166) (832,-171) (831,-171) (830,-176) (829,-179) (828,-188) (827,-193) (826,-194) (825,-203) (824,-210) (823,-215) (822,-214) (821,-222) (820,-227) (819,-220) (818,-226) (817,-231) (816,-219) (815,-221) (814,-219) (813,-214) (812,-210) (811,-211) (810,-212) (809,-209) (808,-201) (807,-197) (806,-205) (805,-211) (804,-204) (803,-199) (802,-194) (801,-197) (800,-192) (799,-196) (798,-190) (797,-191) (796,-191) (795,-201) (794,-203) (793,-193) (792,-188) (791,-182) (790,-180) (789,-186) (788,-186) (787,-189) (786,-187) (785,-192) (784,-190) (783,-186) (782,-191) (781,-187) (780,-191) (779,-190) (778,-191) (777,-194) (776,-191) (775,-193) (774,-193) (773,-191) (772,-192) (771,-197) (770,-193) (769,-192) (768,-190) (767,-189) (766,-188) (765,-180) (764,-183) (763,-176) (762,-176) (761,-178) (760,-189) (759,-191) (758,-191) (757,-184) (756,-179) (755,-179) (754,-179) (753,-179) (752,-172) (751,-174) (750,-176) (749,-177) (748,-175) (747,-179) (746,-169) (745,-172) (744,-172) (743,-175) (742,-177) (741,-178) (740,-173) (739,-169) (738,-181) (737,-190) (736,-198) (735,-198) (734,-194) (733,-191) (732,-182) (731,-187) (730,-183) (729,-183) (728,-183) (727,-185) (726,-180) (725,-171) (724,-174) (723,-173) (722,-165) (721,-160) (720,-158) (719,-152) (718,-154) (717,-151) (716,-152) (715,-150) (714,-154) (713,-151) (712,-155) (711,-156) (710,-164) (709,-164) (708,-169) (707,-161) (706,-159) (705,-158) (704,-158) (703,-165) (702,-169) (701,-163) (700,-161) (699,-174) (698,-175) (697,-175) (696,-178) (695,-178) (694,-171) (693,-177) (692,-176) (691,-182) (690,-182) (689,-179) (688,-174) (687,-171) (686,-187) (685,-188) (684,-186) (683,-192) (682,-194) (681,-199) (680,-201) (679,-198) (678,-195) (677,-188) (676,-186) (675,-185) (674,-189) (673,-186) (672,-184) (671,-189) (670,-189) (669,-194) (668,-191) (667,-187) (666,-183) (665,-177) (664,-186) (663,-180) (662,-185) (661,-172) (660,-173) (659,-175) (658,-184) (657,-193) (656,-200) (655,-198) (654,-193) (653,-186) (652,-191) (651,-195) (650,-194) (649,-187) (648,-190) (647,-181) (646,-173) (645,-168) (644,-170) (643,-169) (642,-171) (641,-179) (640,-186) (639,-190) (638,-185) (637,-178) (636,-183) (635,-186) (634,-186) (633,-178) (632,-172) (631,-175) (630,-183) (629,-189) (628,-184) (627,-183) (626,-184) (625,-192) (624,-199) (623,-209) (622,-202) (621,-195) (620,-191) (619,-192) (618,-195) (617,-197) (616,-195) (615,-197) (614,-196) (613,-188) (612,-192) (611,-192) (610,-201) (609,-203) (608,-205) (607,-203) (606,-204) (605,-200) (604,-205) (603,-203) (602,-202) (601,-216) (600,-207) (599,-198) (598,-198) (597,-200) (596,-187) (595,-177) (594,-172) (593,-185) (592,-189) (591,-184) (590,-189) (589,-191) (588,-199) (587,-204) (586,-205) (585,-204) (584,-202) (583,-199) (582,-196) (581,-205) (580,-201) (579,-202) (578,-187) (577,-184) (576,-183) (575,-181) (574,-176) (573,-171) (572,-169) (571,-173) (570,-170) (569,-165) (568,-173) (567,-163) (566,-156) (565,-156) (564,-155) (563,-154) (562,-151) (561,-151) (560,-155) (559,-148) (558,-150) (557,-153) (556,-150) (555,-153) (554,-154) (553,-143) (552,-149) (551,-154) (550,-145) (549,-135) (548,-126) (547,-136) (546,-136) (545,-141) (544,-143) (543,-130) (542,-131) (541,-133) (540,-128) (539,-131) (538,-130) (537,-133) (536,-135) (535,-129) (534,-128) (533,-120) (532,-113) (531,-111) (530,-108) (529,-114) (528,-123) (527,-117) (526,-120) (525,-118) (524,-117) (523,-117) (522,-115) (521,-114) (520,-112) (519,-105) (518,-104) (517,-113) (516,-110) (515,-115) (514,-124) (513,-125) (512,-137) (511,-138) (510,-136) (509,-121) (508,-133) (507,-139) (506,-131) (505,-125) (504,-126) (503,-127) (502,-130) (501,-130) (500,-128) (499,-135) (498,-132) (497,-137) (496,-135) (495,-132) (494,-132) (493,-126) (492,-122) (491,-130) (490,-131) (489,-124) (488,-120) (487,-119) (486,-127) (485,-126) (484,-125) (483,-121) (482,-119) (481,-112) (480,-110) (479,-112) (478,-114) (477,-105) (476,-101) (475,-98) (474,-87) (473,-87) (472,-94) (471,-92) (470,-91) (469,-89) (468,-98) (467,-92) (466,-98) (465,-99) (464,-97) (463,-98) (462,-94) (461,-83) (460,-82) (459,-73) (458,-66) (457,-70) (456,-83) (455,-79) (454,-79) (453,-80) (452,-82) (451,-79) (450,-83) (449,-84) (448,-78) (447,-73) (446,-70) (445,-75) (444,-85) (443,-84) (442,-82) (441,-77) (440,-69) (439,-78) (438,-73) (437,-80) (436,-79) (435,-70) (434,-70) (433,-61) (432,-58) (431,-64) (430,-73) (429,-77) (428,-76) (427,-84) (426,-85) (425,-83) (424,-79) (423,-72) (422,-61) (421,-67) (420,-67) (419,-60) (418,-60) (417,-57) (416,-64) (415,-61) (414,-58) (413,-52) (412,-48) (411,-34) (410,-39) (409,-31) (408,-23) (407,-19) (406,-12) (405,-8) (404,1) (403,-3) (402,-7) (401,-7) (400,-8) (399,-4) (398,5) (397,8) (396,0) (395,6) (394,3) (393,1) (392,-1) (391,-3) (390,0) (389,8) (388,4) (387,13) (386,10) (385,12) (384,9) (383,15) (382,16) (381,12) (380,16) (379,17) (378,20) (377,23) (376,20) (375,26) (374,22) (373,28) (372,31) (371,33) (370,29) (369,25) (368,22) (367,20) (366,20) (365,18) (364,18) (363,23) (362,29) (361,37) (360,37) (359,33) (358,22) (357,24) (356,30) (355,33) (354,43) (353,49) (352,46) (351,47) (350,45) (349,45) (348,47) (347,40) (346,33) (345,40) (344,42) (343,34) (342,36) (341,41) (340,39) (339,43) (338,40) (337,47) (336,51) (335,54) (334,49) (333,38) (332,33) (331,31) (330,32) (329,30) (328,32) (327,29) (326,27) (325,33) (324,27) (323,28) (322,25) (321,22) (320,19) (319,19) (318,26) (317,25) (316,25) (315,22) (314,27) (313,25) (312,24) (311,29) (310,28) (309,30) (308,35) (307,27) (306,31) (305,35) (304,31) (303,34) (302,34) (301,35) (300,28) (299,34) (298,37) (297,35) (296,40) (295,50) (294,49) (293,42) (292,38) (291,38) (290,37) (289,35) (288,36) (287,37) (286,37) (285,36) (284,31) (283,29) (282,27) (281,26) (280,30) (279,21) (278,29) (277,33) (276,22) (275,37) (274,44) (273,42) (272,46) (271,41) (270,39) (269,37) (268,33) (267,34) (266,28) (265,39) (264,37) (263,33) (262,27) (261,34) (260,31) (259,32) (258,29) (257,34) (256,28) (255,22) (254,24) (253,25) (252,23) (251,8) (250,11) (249,16) (248,21) (247,29) (246,27) (245,32) (244,31) (243,32) (242,30) (241,33) (240,31) (239,27) (238,30) (237,36) (236,24) (235,29) (234,25) (233,32) (232,38) (231,41) (230,40) (229,45) (228,41) (227,48) (226,51) (225,50) (224,56) (223,63) (222,62) (221,59) (220,57) (219,61) (218,61) (217,58) (216,63) (215,70) (214,78) (213,80) (212,75) (211,70) (210,60) (209,55) (208,52) (207,46) (206,47) (205,55) (204,55) (203,51) (202,54) (201,52) (200,45) (199,52) (198,39) (197,36) (196,34) (195,31) (194,27) (193,23) (192,21) (191,18) (190,26) (189,35) (188,32) (187,34) (186,46) (185,49) (184,45) (183,46) (182,44) (181,31) (180,21) (179,21) (178,26) (177,25) (176,23) (175,22) (174,18) (173,15) (172,11) (171,13) (170,12) (169,18) (168,19) (167,21) (166,23) (165,26) (164,28) (163,34) (162,26) (161,29) (160,27) (159,36) (158,36) (157,38) (156,36) (155,25) (154,22) (153,17) (152,25) (151,25) (150,30) (149,22) (148,20) (147,6) (146,6) (145,7) (144,9) (143,7) (142,13) (141,8) (140,17) (139,20) (138,18) (137,21) (136,17) (135,13) (134,11) (133,14) (132,17) (131,19) (130,26) (129,25) (128,30) (127,39) (126,45) (125,51) (124,54) (123,54) (122,48) (121,43) (120,45) (119,44) (118,45) (117,36) (116,44) (115,50) (114,47) (113,36) (112,35) (111,27) (110,27) (109,32) (108,35) (107,35) (106,34) (105,32) (104,33) (103,22) (102,19) (101,17) (100,8) (99,6) (98,-5) (97,-5) (96,-8) (95,-11) (94,-13) (93,-14) (92,-20) (91,-19) (90,-13) (89,-9) (88,-12) (87,-6) (86,-13) (85,-13) (84,-14) (83,-5) (82,-5) (81,-1) (80,-1) (79,-8) (78,-3) (77,-3) (76,-4) (75,-8) (74,-14) (73,-11) (72,-18) (71,-13) (70,-22) (69,-19) (68,-13) (67,-15) (66,-14) (65,-8) (64,-6) (63,-5) (62,2) (61,10) (60,4) (59,-3) (58,-3) (57,-9) (56,-14) (55,-16) (54,-22) (53,-13) (52,-7) (51,-9) (50,-9) (49,-13) (48,-20) (47,-19) (46,-17) (45,-10) (44,-6) (43,-10) (42,-1) (41,-9) (40,-8) (39,-2) (38,-1) (37,3) (36,5) (35,1) (34,6) (33,8) (32,13) (31,15) (30,11) (29,11) (28,16) (27,26) (26,30) (25,15) (24,21) (23,15) (22,11) (21,11) (20,10) (19,10) (18,23) (17,9) (16,13) (15,13) (14,6) (13,14) (12,16) (11,13) (10,11) (9,6) (8,4) (7,-2) (6,1) (5,13) (4,3) (3,-1) (2,4) (1,-3) (0,4) 
TD 1 :
(999,-55) (996,-53) (213,80) (26,30) (5,13) (0,4) (1,-3) (2,4) (3,-1) (4,3) 
(999,-55) (996,-53) (213,80) (26,30) (5,13) (0,4) (6,1) (7,-2) (8,4) (9,6) (10,11) (11,13) (12,16) (13,14) (14,6) (15,13) (16,13) (17,9) (18,23) (19,10) (20,10) (21,11) (22,11) (23,15) (24,21) (25,15) 
(999,-55) (996,-53) (213,80) (26,30) (5,13) (0,4) (27,26) (28,16) (29,11) (30,11) (31,15) (32,13) (33,8) (34,6) (35,1) (36,5) (37,3) (38,-1) (39,-2) (40,-8) (41,-9) (42,-1) (43,-10) (44,-6) (45,-10) (46,-17) (47,-19) (48,-20) (49,-13) (50,-9) (51,-9) (52,-7) (53,-13) (54,-22) (55,-16) (56,-14) (57,-9) (58,-3) (59,-3) (60,4) (61,10) (62,2) (63,-5) (64,-6) (65,-8) (66,-14) (67,-15) (68,-13) (69,-19) (70,-22) (71,-13) (72,-18) (73,-11) (74,-14) (75,-8) (76,-4) (77,-3) (78,-3) (79,-8) (80,-1) (81,-1) (82,-5) (83,-5) (84,-14) (85,-13) (86,-13) (87,-6) (88,-12) (89,-9) (90,-13) (91,-19) (92,-20) (93,-14) (94,-13) (95,-11) (96,-8) (97,-5) (98,-5) (99,6) (100,8) (101,17) (102,19) (103,22) (104,33) (105,32) (106,34) (107,35) (108,35) (109,32) (110,27) (111,27) (112,35) (113,36) (114,47) (115,50) (116,44) (117,36) (118,45) (119,44) (120,45) (121,43) (122,48) (123,54) (124,54) (125,51) (126,45) (127,39) (128,30) (129,25) (130,26) (131,19) (132,17) (133,14) (134,11) (135,13) (136,17) (137,21) (138,18) (139,20) (140,17) (141,8) (142,13) (143,7) (144,9) (145,7) (146,6) (147,6) (148,20) (149,22) (150,30) (151,25) (152,25) (153,17) (154,22) (155,25) (156,36) (157,38) (158,36) (159,36) (160,27) (161,29) (162,26) (163,34) (164,28) (165,26) (166,23) (167,21) (168,19) (169,18) (170,12) (171,13) (172,11) (173,15) (174,18) (175,22) (176,23) (177,25) (178,26) (179,21) (180,21) (181,31) (182,44) (183,46) (184,45) (185,49) (186,46) (187,34) (188,32) (189,35) (190,26) (191,18) (192,21) (193,23) (194,27) (195,31) (196,34) (197,36) (198,39) (199,52) (200,45) (201,52) (202,54) (203,51) (204,55) (205,55) (206,47) (207,46) (208,52) (209,55) (210,60) (211,70) (212,75) 
(999,-55) (996,-53) (213,80) (26,30) (5,13) (0,4) (214,78) (215,70) (216,63) (217,58) (218,61) (219,61) (220,57) (221,59) (222,62) (223,63) (224,56) (225,50) (226,51) (227,48) (228,41) (229,45) (230,40) (231,41) (232,38) (233,32) (234,25) (235,29) (236,24) (237,36) (238,30) (239,27) (240,31) (241,33) (242,30) (243,32) (244,31) (245,32) (246,27) (247,29) (248,21) (249,16) (250,11) (251,8) (252,23) (253,25) (254,24) (255,22) (256,28) (257,34) (258,29) (259,32) (260,31) (261,34) (262,27) (263,33) (264,37) (265,39) (266,28) (267,34) (268,33) (269,37) (270,39) (271,41) (272,46) (273,42) (274,44) (275,37) (276,22) (277,33) (278,29) (279,21) (280,30) (281,26) (282,27) (283,29) (284,31) (285,36) (286,37) (287,37) (288,36) (289,35) (290,37) (291,38) (292,38) (293,42) (294,49) (295,50) (296,40) (297,35) (298,37) (299,34) (300,28) (301,35) (302,34) (303,34) (304,31) (305,35) (306,31) (307,27) (308,35) (309,30) (310,28) (311,29) (312,24) (313,25) (314,27) (315,22) (316,25) (317,25) (318,26) (319,19) (320,19) (321,22) (322,25) (323,28) (324,27) (325,33) (326,27) (327,29) (328,32) (329,30) (330,32) (331,31) (332,33) (333,38) (334,49) (335,54) (336,51) (337,47) (338,40) (339,43) (340,39) (341,41) (342,36) (343,34) (344,42) (345,40) (346,33) (347,40) (348,47) (349,45) (350,45) (351,47) (352,46) (353,49) (354,43) (355,33) (356,30) (357,24) (358,22) (359,33) (360,37) (361,37) (362,29) (363,23) (364,18) (365,18) (366,20) (367,20) (368,22) (369,25) (370,29) (371,33) (372,31) (373,28) (374,22) (375,26) (376,20) (377,23) (378,20) (379,17) (380,16) (381,12) (382,16) (383,15) (384,9) (385,12) (386,10) (387,13) (388,4) (389,8) (390,0) (391,-3) (392,-1) (393,1) (394,3) (395,6) (396,0) (397,8) (398,5) (399,-4) (400,-8) (401,-7) (402,-7) (403,-3) (404,1) (405,-8) (406,-12) (407,-19) (408,-23) (409,-31) (410,-39) (411,-34) (412,-48) (413,-52) (414,-58) (415,-61) (416,-64) (417,-57) (418,-60) (419,-60) (420,-67) (421,-67) (422,-61) (423,-72) (424,-79) (425,-83) (426,-85) (427,-84) (428,-76) (429,-77) (430,-73) (431,-64) (432,-58) (433,-61) (434,-70) (435,-70) (436,-79) (437,-80) (438,-73) (439,-78) (440,-69) (441,-77) (442,-82) (443,-84) (444,-85) (445,-75) (446,-70) (447,-73) (448,-78) (449,-84) (450,-83) (451,-79) (452,-82) (453,-80) (454,-79) (455,-79) (456,-83) (457,-70) (458,-66) (459,-73) (460,-82) (461,-83) (462,-94) (463,-98) (464,-97) (465,-99) (466,-98) (467,-92) (468,-98) (469,-89) (470,-91) (471,-92) (472,-94) (473,-87) (474,-87) (475,-98) (476,-101) (477,-105) (478,-114) (479,-112) (480,-110) (481,-112) (482,-119) (483,-121) (484,-125) (485,-126) (486,-127) (487,-119) (488,-120) (489,-124) (490,-131) (491,-130) (492,-122) (493,-126) (494,-132) (495,-132) (496,-135) (497,-137) (498,-132) (499,-135) (500,-128) (501,-130) (502,-130) (503,-127) (504,-126) (505,-125) (506,-131) (507,-139) (508,-133) (509,-121) (510,-136) (511,-138) (512,-137) (513,-125) (514,-124) (515,-115) (516,-110) (517,-113) (518,-104) (519,-105) (520,-112) (521,-114) (522,-115) (523,-117) (524,-117) (525,-118) (526,-120) (527,-117) (528,-123) (529,-114) (530,-108) (531,-111) (532,-113) (533,-120) (534,-128) (535,-129) (536,-135) (537,-133) (538,-130) (539,-131) (540,-128) (541,-133) (542,-131) (543,-130) (544,-143) (545,-141) (546,-136) (547,-136) (548,-126) (549,-135) (550,-145) (551,-154) (552,-149) (553,-143) (554,-154) (555,-153) (556,-150) (557,-153) (558,-150) (559,-148) (560,-155) (561,-151) (562,-151) (563,-154) (564,-155) (565,-156) (566,-156) (567,-163) (568,-173) (569,-165) (570,-170) (571,-173) (572,-169) (573,-171) (574,-176) (575,-181) (576,-183) (577,-184) (578,-187) (579,-202) (580,-201) (581,-205) (582,-196) (583,-199) (584,-202) (585,-204) (586,-205) (587,-204) (588,-199) (589,-191) (590,-189) (591,-184) (592,-189) (593,-185) (594,-172) (595,-177) (596,-187) (597,-200) (598,-198) (599,-198) (600,-207) (601,-216) (602,-202) (603,-203) (604,-205) (605,-200) (606,-204) (607,-203) (608,-205) (609,-203) (610,-201) (611,-192) (612,-192) (613,-188) (614,-196) (615,-197) (616,-195) (617,-197) (618,-195) (619,-192) (620,-191) (621,-195) (622,-202) (623,-209) (624,-199) (625,-192) (626,-184) (627,-183) (628,-184) (629,-189) (630,-183) (631,-175) (632,-172) (633,-178) (634,-186) (635,-186) (636,-183) (637,-178) (638,-185) (639,-190) (640,-186) (641,-179) (642,-171) (643,-169) (644,-170) (645,-168) (646,-173) (647,-181) (648,-190) (649,-187) (650,-194) (651,-195) (652,-191) (653,-186) (654,-193) (655,-198) (656,-200) (657,-193) (658,-184) (659,-175) (660,-173) (661,-172) (662,-185) (663,-180) (664,-186) (665,-177) (666,-183) (667,-187) (668,-191) (669,-194) (670,-189) (671,-189) (672,-184) (673,-186) (674,-189) (675,-185) (676,-186) (677,-188) (678,-195) (679,-198) (680,-201) (681,-199) (682,-194) (683,-192) (684,-186) (685,-188) (686,-187) (687,-171) (688,-174) (689,-179) (690,-182) (691,-182) (692,-176) (693,-177) (694,-171) (695,-178) (696,-178) (697,-175) (698,-175) (699,-174) (700,-161) (701,-163) (702,-169) (703,-165) (704,-158) (705,-158) (706,-159) (707,-161) (708,-169) (709,-164) (710,-164) (711,-156) (712,-155) (713,-151) (714,-154) (715,-150) (716,-152) (717,-151) (718,-154) (719,-152) (720,-158) (721,-160) (722,-165) (723,-173) (724,-174) (725,-171) (726,-180) (727,-185) (728,-183) (729,-183) (730,-183) (731,-187) (732,-182) (733,-191) (734,-194) (735,-198) (736,-198) (737,-190) (738,-181) (739,-169) (740,-173) (741,-178) (742,-177) (743,-175) (744,-172) (745,-172) (746,-169) (747,-179) (748,-175) (749,-177) (750,-176) (751,-174) (752,-172) (753,-179) (754,-179) (755,-179) (756,-179) (757,-184) (758,-191) (759,-191) (760,-189) (761,-178) (762,-176) (763,-176) (764,-183) (765,-180) (766,-188) (767,-189) (768,-190) (769,-192) (770,-193) (771,-197) (772,-192) (773,-191) (774,-193) (775,-193) (776,-191) (777,-194) (778,-191) (779,-190) (780,-191) (781,-187) (782,-191) (783,-186) (784,-190) (785,-192) (786,-187) (787,-189) (788,-186) (789,-186) (790,-180) (791,-182) (792,-188) (793,-193) (794,-203) (795,-201) (796,-191) (797,-191) (798,-190) (799,-196) (800,-192) (801,-197) (802,-194) (803,-199) (804,-204) (805,-211) (806,-205) (807,-197) (808,-201) (809,-209) (810,-212) (811,-211) (812,-210) (813,-214) (814,-219) (815,-221) (816,-219) (817,-231) (818,-226) (819,-220) (820,-227) (821,-222) (822,-214) (823,-215) (824,-210) (825,-203) (826,-194) (827,-193) (828,-188) (829,-179) (830,-176) (831,-171) (832,-171) (833,-166) (834,-170) (835,-178) (836,-175) (837,-184) (838,-187) (839,-181) (840,-177) (841,-174) (842,-176) (843,-168) (844,-172) (845,-178) (846,-179) (847,-173) (848,-175) (849,-177) (850,-175) (851,-175) (852,-173) (853,-171) (854,-166) (855,-160) (856,-162) (857,-164) (858,-163) (859,-159) (860,-156) (861,-157) (862,-159) (863,-151) (864,-154) (865,-151) (866,-143) (867,-145) (868,-147) (869,-147) (870,-147) (871,-146) (872,-147) (873,-152) (874,-155) (875,-153) (876,-155) (877,-148) (878,-145) (879,-139) (880,-139) (881,-134) (882,-143) (883,-146) (884,-141) (885,-144) (886,-149) (887,-158) (888,-152) (889,-153) (890,-162) (891,-171) (892,-170) (893,-170) (894,-168) (895,-163) (896,-161) (897,-153) (898,-154) (899,-149) (900,-155) (901,-154) (902,-142) (903,-133) (904,-132) (905,-131) (906,-127) (907,-130) (908,-131) (909,-126) (910,-123) (911,-129) (912,-127) (913,-131) (914,-137) (915,-138) (916,-141) (917,-142) (918,-142) (919,-148) (920,-148) (921,-141) (922,-142) (923,-135) (924,-131) (925,-129) (926,-119) (927,-120) (928,-117) (929,-114) (930,-116) (931,-106) (932,-107) (933,-105) (934,-107) (935,-108) (936,-105) (937,-111) (938,-112) (939,-114) (940,-108) (941,-110) (942,-122) (943,-120) (944,-118) (945,-123) (946,-124) (947,-127) (948,-128) (949,-125) (950,-119) (951,-126) (952,-127) (953,-117) (954,-117) (955,-115) (956,-109) (957,-98) (958,-99) (959,-102) (960,-90) (961,-82) (962,-82) (963,-87) (964,-81) (965,-82) (966,-79) (967,-72) (968,-69) (969,-66) (970,-70) (971,-70) (972,-71) (973,-66) (974,-72) (975,-74) (976,-69) (977,-68) (978,-62) (979,-63) (980,-65) (981,-59) (982,-67) (983,-68) (984,-72) (985,-70) (986,-71) (987,-65) (988,-59) (989,-58) (990,-64) (991,-61) (992,-64) (993,-60) (994,-57) (995,-53) 
(999,-55) (996,-53) (213,80) (26,30) (5,13) (0,4) (997,-56) (998,-59) 
TD 2 :
(999,-55) (996,-53) (213,80) (26,30) (5,13) (0,4) (2,4) (1,-3) 
(999,-55) (996,-53) (213,80) (26,30) (5,13) (0,4) (2,4) (1,-3) (3,-1) (4,3) 
(999,-55) (996,-53) (213,80) (26,30) (5,13) (0,4) (18,23) (12,16) (6,1) (7,-2) (8,4) (9,6) (10,11) (11,13) 
(999,-55) (996,-53) (213,80) (26,30) (5,13) (0,4) (18,23) (12,16) (13,14) (14,6) (15,13) (16,13) (17,9) 
(999,-55) (996,-53) (213,80) (26,30) (5,13) (0,4) (18,23) (12,16) (19,10) (20,10) (21,11) (22,11) (23,15) (24,21) (25,15) 
(999,-55) (996,-53) (213,80) (26,30) (5,13) (0,4) (123,54) (27,26) 
(999,-55) (996,-53) (213,80) (26,30) (5,13) (0,4) (123,54) (27,26) (28,16) (29,11) (30,11) (31,15) (32,13) (33,8) (34,6) (35,1) (36,5) (37,3) (38,-1) (39,-2) (40,-8) (41,-9) (42,-1) (43,-10) (44,-6) (45,-10) (46,-17) (47,-19) (48,-20) (49,-13) (50,-9) (51,-9) (52,-7) (53,-13) (54,-22) (55,-16) (56,-14) (57,-9) (58,-3) (59,-3) (60,4) (61,10) (62,2) (63,-5) (64,-6) (65,-8) (66,-14) (67,-15) (68,-13) (69,-19) (70,-22) (71,-13) (72,-18) (73,-11) (74,-14) (75,-8) (76,-4) (77,-3) (78,-3) (79,-8) (80,-1) (81,-1) (82,-5) (83,-5) (84,-14) (85,-13) (86,-13) (87,-6) (88,-12) (89,-9) (90,-13) (91,-19) (92,-20) (93,-14) (94,-13) (95,-11) (96,-8) (97,-5) (98,-5) (99,6) (100,8) (101,17) (102,19) (103,22) (104,33) (105,32) (106,34) (107,35) (108,35) (109,32) (110,27) (111,27) (112,35) (113,36) (114,47) (115,50) (116,44) (117,36) (118,45) (119,44) (120,45) (121,43) (122,48) 
(999,-55) (996,-53) (213,80) (26,30) (5,13) (0,4) (123,54) (27,26) (124,54) (125,51) (126,45) (127,39) (128,30) (129,25) (130,26) (131,19) (132,17) (133,14) (134,11) (135,13) (136,17) (137,21) (138,18) (139,20) (140,17) (141,8) (142,13) (143,7) (144,9) (145,7) (146,6) (147,6) (148,20) (149,22) (150,30) (151,25) (152,25) (153,17) (154,22) (155,25) (156,36) (157,38) (158,36) (159,36) (160,27) (161,29) (162,26) (163,34) (164,28) (165,26) (166,23) (167,21) (168,19) (169,18) (170,12) (171,13) (172,11) (173,15) (174,18) (175,22) (176,23) (177,25) (178,26) (179,21) (180,21) (181,31) (182,44) (183,46) (184,45) (185,49) (186,46) (187,34) (188,32) (189,35) (190,26) (191,18) (192,21) (193,23) (194,27) (195,31) (196,34) (197,36) (198,39) (199,52) (200,45) (201,52) (202,54) (203,51) (204,55) (205,55) (206,47) (207,46) (208,52) (209,55) (210,60) (211,70) (212,75) 
(999,-55) (996,-53) (213,80) (26,30) (5,13) (0,4) (995,-53) (214,78) 
(999,-55) (996,-53) (213,80) (26,30) (5,13) (0,4) (995,-53) (214,78) (215,70) (216,63) (217,58) (218,61) (219,61) (220,57) (221,59) (222,62) (223,63) (224,56) (225,50) (226,51) (227,48) (228,41) (229,45) (230,40) (231,41) (232,38) (233,32) (234,25) (235,29) (236,24) (237,36) (238,30) (239,27) (240,31) (241,33) (242,30) (243,32) (244,31) (245,32) (246,27) (247,29) (248,21) (249,16) (250,11) (251,8) (252,23) (253,25) (254,24) (255,22) (256,28) (257,34) (258,29) (259,32) (260,31) (261,34) (262,27) (263,33) (264,37) (265,39) (266,28) (267,34) (268,33) (269,37) (270,39) (271,41) (272,46) (273,42) (274,44) (275,37) (276,22) (277,33) (278,29) (279,21) (280,30) (281,26) (282,27) (283,29) (284,31) (285,36) (286,37) (287,37) (288,36) (289,35) (290,37) (291,38) (292,38) (293,42) (294,49) (295,50) (296,40) (297,35) (298,37) (299,34) (300,28) (301,35) (302,34) (303,34) (304,31) (305,35) (306,31) (307,27) (308,35) (309,30) (310,28) (311,29) (312,24) (313,25) (314,27) (315,22) (316,25) (317,25) (318,26) (319,19) (320,19) (321,22) (322,25) (323,28) (324,27) (325,33) (326,27) (327,29) (328,32) (329,30) (330,32) (331,31) (332,33) (333,38) (334,49) (335,54) (336,51) (337,47) (338,40) (339,43) (340,39) (341,41) (342,36) (343,34) (344,42) (345,40) (346,33) (347,40) (348,47) (349,45) (350,45) (351,47) (352,46) (353,49) (354,43) (355,33) (356,30) (357,24) (358,22) (359,33) (360,37) (361,37) (362,29) (363,23) (364,18) (365,18) (366,20) (367,20) (368,22) (369,25) (370,29) (371,33) (372,31) (373,28) (374,22) (375,26) (376,20) (377,23) (378,20) (379,17) (380,16) (381,12) (382,16) (383,15) (384,9) (385,12) (386,10) (387,13) (388,4) (389,8) (390,0) (391,-3) (392,-1) (393,1) (394,3) (395,6) (396,0) (397,8) (398,5) (399,-4) (400,-8) (401,-7) (402,-7) (403,-3) (404,1) (405,-8) (406,-12) (407,-19) (408,-23) (409,-31) (410,-39) (411,-34) (412,-48) (413,-52) (414,-58) (415,-61) (416,-64) (417,-57) (418,-60) (419,-60) (420,-67) (421,-67) (422,-61) (423,-72) (424,-79) (425,-83) (426,-85) (427,-84) (428,-76) (429,-77) (430,-73) (431,-64) (432,-58) (433,-61) (434,-70) (435,-70) (436,-79) (437,-80) (438,-73) (439,-78) (440,-69) (441,-77) (442,-82) (443,-84) (444,-85) (445,-75) (446,-70) (447,-73) (448,-78) (449,-84) (450,-83) (451,-79) (452,-82) (453,-80) (454,-79) (455,-79) (456,-83) (457,-70) (458,-66) (459,-73) (460,-82) (461,-83) (462,-94) (463,-98) (464,-97) (465,-99) (466,-98) (467,-92) (468,-98) (469,-89) (470,-91) (471,-92) (472,-94) (473,-87) (474,-87) (475,-98) (476,-101) (477,-105) (478,-114) (479,-112) (480,-110) (481,-112) (482,-119) (483,-121) (484,-125) (485,-126) (486,-127) (487,-119) (488,-120) (489,-124) (490,-131) (491,-130) (492,-122) (493,-126) (494,-132) (495,-132) (496,-135) (497,-137) (498,-132) (499,-135) (500,-128) (501,-130) (502,-130) (503,-127) (504,-126) (505,-125) (506,-131) (507,-139) (508,-133) (509,-121) (510,-136) (511,-138) (512,-137) (513,-125) (514,-124) (515,-115) (516,-110) (517,-113) (518,-104) (519,-105) (520,-112) (521,-114) (522,-115) (523,-117) (524,-117) (525,-118) (526,-120) (527,-117) (528,-123) (529,-114) (530,-108) (531,-111) (532,-113) (533,-120) (534,-128) (535,-129) (536,-135) (537,-133) (538,-130) (539,-131) (540,-128) (541,-133) (542,-131) (543,-130) (544,-143) (545,-141) (546,-136) (547,-136) (548,-126) (549,-135) (550,-145) (551,-154) (552,-149) (553,-143) (554,-154) (555,-153) (556,-150) (557,-153) (558,-150) (559,-148) (560,-155) (561,-151) (562,-151) (563,-154) (564,-155) (565,-156) (566,-156) (567,-163) (568,-173) (569,-165) (570,-170) (571,-173) (572,-169) (573,-171) (574,-176) (575,-181) (576,-183) (577,-184) (578,-187) (579,-202) (580,-201) (581,-205) (582,-196) (583,-199) (584,-202) (585,-204) (586,-205) (587,-204) (588,-199) (589,-191) (590,-189) (591,-184) (592,-189) (593,-185) (594,-172) (595,-177) (596,-187) (597,-200) (598,-198) (599,-198) (600,-207) (601,-216) (602,-202) (603,-203) (604,-205) (605,-200) (606,-204) (607,-203) (608,-205) (609,-203) (610,-201) (611,-192) (612,-192) (613,-188) (614,-196) (615,-197) (616,-195) (617,-197) (618,-195) (619,-192) (620,-191) (621,-195) (622,-202) (623,-209) (624,-199) (625,-192) (626,-184) (627,-183) (628,-184) (629,-189) (630,-183) (631,-175) (632,-172) (633,-178) (634,-186) (635,-186) (636,-183) (637,-178) (638,-185) (639,-190) (640,-186) (641,-179) (642,-171) (643,-169) (644,-170) (645,-168) (646,-173) (647,-181) (648,-190) (649,-187) (650,-194) (651,-195) (652,-191) (653,-186) (654,-193) (655,-198) (656,-200) (657,-193) (658,-184) (659,-175) (660,-173) (661,-172) (662,-185) (663,-180) (664,-186) (665,-177) (666,-183) (667,-187) (668,-191) (669,-194) (670,-189) (671,-189) (672,-184) (673,-186) (674,-189) (675,-185) (676,-186) (677,-188) (678,-195) (679,-198) (680,-201) (681,-199) (682,-194) (683,-192) (684,-186) (685,-188) (686,-187) (687,-171) (688,-174) (689,-179) (690,-182) (691,-182) (692,-176) (693,-177) (694,-171) (695,-178) (696,-178) (697,-175) (698,-175) (699,-174) (700,-161) (701,-163) (702,-169) (703,-165) (704,-158) (705,-158) (706,-159) (707,-161) (708,-169) (709,-164) (710,-164) (711,-156) (712,-155) (713,-151) (714,-154) (715,-150) (716,-152) (717,-151) (718,-154) (719,-152) (720,-158) (721,-160) (722,-165) (723,-173) (724,-174) (725,-171) (726,-180) (727,-185) (728,-183) (729,-183) (730,-183) (731,-187) (732,-182) (733,-191) (734,-194) (735,-198) (736,-198) (737,-190) (738,-181) (739,-169) (740,-173) (741,-178) (742,-177) (743,-175) (744,-172) (745,-172) (746,-169) (747,-179) (748,-175) (749,-177) (750,-176) (751,-174) (752,-172) (753,-179) (754,-179) (755,-179) (756,-179) (757,-184) (758,-191) (759,-191) (760,-189) (761,-178) (762,-176) (763,-176) (764,-183) (765,-180) (766,-188) (767,-189) (768,-190) (769,-192) (770,-193) (771,-197) (772,-192) (773,-191) (774,-193) (775,-193) (776,-191) (777,-194) (778,-191) (779,-190) (780,-191) (781,-187) (782,-191) (783,-186) (784,-190) (785,-192) (786,-187) (787,-189) (788,-186) (789,-186) (790,-180) (791,-182) (792,-188) (793,-193) (794,-203) (795,-201) (796,-191) (797,-191) (798,-190) (799,-196) (800,-192) (801,-197) (802,-194) (803,-199) (804,-204) (805,-211) (806,-205) (807,-197) (808,-201) (809,-209) (810,-212) (811,-211) (812,-210) (813,-214) (814,-219) (815,-221) (816,-219) (817,-231) (818,-226) (819,-220) (820,-227) (821,-222) (822,-214) (823,-215) (824,-210) (825,-203) (826,-194) (827,-193) (828,-188) (829,-179) (830,-176) (831,-171) (832,-171) (833,-166) (834,-170) (835,-178) (836,-175) (837,-184) (838,-187) (839,-181) (840,-177) (841,-174) (842,-176) (843,-168) (844,-172) (845,-178) (846,-179) (847,-173) (848,-175) (849,-177) (850,-175) (851,-175) (852,-173) (853,-171) (854,-166) (855,-160) (856,-162) (857,-164) (858,-163) (859,-159) (860,-156) (861,-157) (862,-159) (863,-151) (864,-154) (865,-151) (866,-143) (867,-145) (868,-147) (869,-147) (870,-147) (871,-146) (872,-147) (873,-152) (874,-155) (875,-153) (876,-155) (877,-148) (878,-145) (879,-139) (880,-139) (881,-134) (882,-143) (883,-146) (884,-141) (885,-144) (886,-149) (887,-158) (888,-152) (889,-153) (890,-162) (891,-171) (892,-170) (893,-170) (894,-168) (895,-163) (896,-161) (897,-153) (898,-154) (899,-149) (900,-155) (901,-154) (902,-142) (903,-133) (904,-132) (905,-131) (906,-127) (907,-130) (908,-131) (909,-126) (910,-123) (911,-129) (912,-127) (913,-131) (914,-137) (915,-138) (916,-141) (917,-142) (918,-142) (919,-148) (920,-148) (921,-141) (922,-142) (923,-135) (924,-131) (925,-129) (926,-119) (927,-120) (928,-117) (929,-114) (930,-116) (931,-106) (932,-107) (933,-105) (934,-107) (935,-108) (936,-105) (937,-111) (938,-112) (939,-114) (940,-108) (941,-110) (942,-122) (943,-120) (944,-118) (945,-123) (946,-124) (947,-127) (948,-128) (949,-125) (950,-119) (951,-126) (952,-127) (953,-117) (954,-117) (955,-115) (956,-109) (957,-98) (958,-99) (959,-102) (960,-90) (961,-82) (962,-82) (963,-87) (964,-81) (965,-82) (966,-79) (967,-72) (968,-69) (969,-66) (970,-70) (971,-70) (972,-71) (973,-66) (974,-72) (975,-74) (976,-69) (977,-68) (978,-62) (979,-63) (980,-65) (981,-59) (982,-67) (983,-68) (984,-72) (985,-70) (986,-71) (987,-65) (988,-59) (989,-58) (990,-64) (991,-61) (992,-64) (993,-60) (994,-57) 
(999,-55) (996,-53) (213,80) (26,30) (5,13) (0,4) (995,-53) (214,78) 
(999,-55) (996,-53) (213,80) (26,30) (5,13) (0,4) (998,-59) (997,-56) 
(999,-55) (996,-53) (213,80) (26,30) (5,13) (0,4) (998,-59) (997,-56) 
TD 3 :
(999,-55) (996,-53) (213,80) (26,30) (5,13) (0,4) (2,4) (1,-3) (4,3) (3,-1) 
(999,-55) (996,-53) (213,80) (26,30) (5,13) (0,4) (2,4) (1,-3) (4,3) (3,-1) 
(999,-55) (996,-53) (213,80) (26,30) (5,13) (0,4) (18,23) (12,16) (11,13) (6,1) (7,-2) (8,4) (9,6) (10,11) 
(999,-55) (996,-53) (213,80) (26,30) (5,13) (0,4) (18,23) (12,16) (11,13) 
(999,-55) (996,-53) (213,80) (26,30) (5,13) (0,4) (18,23) (12,16) (24,21) (19,10) (20,10) (21,11) (22,11) (23,15) 
(999,-55) (996,-53) (213,80) (26,30) (5,13) (0,4) (18,23) (12,16) (24,21) (25,15) 
(999,-55) (996,-53) (213,80) (26,30) (5,13) (0,4) (123,54) (27,26) (212,75) (124,54) 
(999,-55) (996,-53) (213,80) (26,30) (5,13) (0,4) (123,54) (27,26) (212,75) (124,54) (125,51) (126,45) (127,39) (128,30) (129,25) (130,26) (131,19) (132,17) (133,14) (134,11) (135,13) (136,17) (137,21) (138,18) (139,20) (140,17) (141,8) (142,13) (143,7) (144,9) (145,7) (146,6) (147,6) (148,20) (149,22) (150,30) (151,25) (152,25) (153,17) (154,22) (155,25) (156,36) (157,38) (158,36) (159,36) (160,27) (161,29) (162,26) (163,34) (164,28) (165,26) (166,23) (167,21) (168,19) (169,18) (170,12) (171,13) (172,11) (173,15) (174,18) (175,22) (176,23) (177,25) (178,26) (179,21) (180,21) (181,31) (182,44) (183,46) (184,45) (185,49) (186,46) (187,34) (188,32) (189,35) (190,26) (191,18) (192,21) (193,23) (194,27) (195,31) (196,34) (197,36) (198,39) (199,52) (200,45) (201,52) (202,54) (203,51) (204,55) (205,55) (206,47) (207,46) (208,52) (209,55) (210,60) (211,70) 
(999,-55) (996,-53) (213,80) (26,30) (5,13) (0,4) (123,54) (27,26) (212,75) (124,54) 
(999,-55) (996,-53) (213,80) (26,30) (5,13) (0,4) (995,-53) (214,78) (994,-57) (215,70) (216,63) (217,58) (218,61) (219,61) (220,57) (221,59) (222,62) (223,63) (224,56) (225,50) (226,51) (227,48) (228,41) (229,45) (230,40) (231,41) (232,38) (233,32) (234,25) (235,29) (236,24) (237,36) (238,30) (239,27) (240,31) (241,33) (242,30) (243,32) (244,31) (245,32) (246,27) (247,29) (248,21) (249,16) (250,11) (251,8) (252,23) (253,25) (254,24) (255,22) (256,28) (257,34) (258,29) (259,32) (260,31) (261,34) (262,27) (263,33) (264,37) (265,39) (266,28) (267,34) (268,33) (269,37) (270,39) (271,41) (272,46) (273,42) (274,44) (275,37) (276,22) (277,33) (278,29) (279,21) (280,30) (281,26) (282,27) (283,29) (284,31) (285,36) (286,37) (287,37) (288,36) (289,35) (290,37) (291,38) (292,38) (293,42) (294,49) (295,50) (296,40) (297,35) (298,37) (299,34) (300,28) (301,35) (302,34) (303,34) (304,31) (305,35) (306,31) (307,27) (308,35) (309,30) (310,28) (311,29) (312,24) (313,25) (314,27) (315,22) (316,25) (317,25) (318,26) (319,19) (320,19) (321,22) (322,25) (323,28) (324,27) (325,33) (326,27) (327,29) (328,32) (329,30) (330,32) (331,31) (332,33) (333,38) (334,49) (335,54) (336,51) (337,47) (338,40) (339,43) (340,39) (341,41) (342,36) (343,34) (344,42) (345,40) (346,33) (347,40) (348,47) (349,45) (350,45) (351,47) (352,46) (353,49) (354,43) (355,33) (356,30) (357,24) (358,22) (359,33) (360,37) (361,37) (362,29) (363,23) (364,18) (365,18) (366,20) (367,20) (368,22) (369,25) (370,29) (371,33) (372,31) (373,28) (374,22) (375,26) (376,20) (377,23) (378,20) (379,17) (380,16) (381,12) (382,16) (383,15) (384,9) (385,12) (386,10) (387,13) (388,4) (389,8) (390,0) (391,-3) (392,-1) (393,1) (394,3) (395,6) (396,0) (397,8) (398,5) (399,-4) (400,-8) (401,-7) (402,-7) (403,-3) (404,1) (405,-8) (406,-12) (407,-19) (408,-23) (409,-31) (410,-39) (411,-34) (412,-48) (413,-52) (414,-58) (415,-61) (416,-64) (417,-57) (418,-60) (419,-60) (420,-67) (421,-67) (422,-61) (423,-72) (424,-79) (425,-83) (426,-85) (427,-84) (428,-76) (429,-77) (430,-73) (431,-64) (432,-58) (433,-61) (434,-70) (435,-70) (436,-79) (437,-80) (438,-73) (439,-78) (440,-69) (441,-77) (442,-82) (443,-84) (444,-85) (445,-75) (446,-70) (447,-73) (448,-78) (449,-84) (450,-83) (451,-79) (452,-82) (453,-80) (454,-79) (455,-79) (456,-83) (457,-70) (458,-66) (459,-73) (460,-82) (461,-83) (462,-94) (463,-98) (464,-97) (465,-99) (466,-98) (467,-92) (468,-98) (469,-89) (470,-91) (471,-92) (472,-94) (473,-87) (474,-87) (475,-98) (476,-101) (477,-105) (478,-114) (479,-112) (480,-110) (481,-112) (482,-119) (483,-121) (484,-125) (485,-126) (486,-127) (487,-119) (488,-120) (489,-124) (490,-131) (491,-130) (492,-122) (493,-126) (494,-132) (495,-132) (496,-135) (497,-137) (498,-132) (499,-135) (500,-128) (501,-130) (502,-130) (503,-127) (504,-126) (505,-125) (506,-131) (507,-139) (508,-133) (509,-121) (510,-136) (511,-138) (512,-137) (513,-125) (514,-124) (515,-115) (516,-110) (517,-113) (518,-104) (519,-105) (520,-112) (521,-114) (522,-115) (523,-117) (524,-117) (525,-118) (526,-120) (527,-117) (528,-123) (529,-114) (530,-108) (531,-111) (532,-113) (533,-120) (534,-128) (535,-129) (536,-135) (537,-133) (538,-130) (539,-131) (540,-128) (541,-133) (542,-131) (543,-130) (544,-143) (545,-141) (546,-136) (547,-136) (548,-126) (549,-135) (550,-145) (551,-154) (552,-149) (553,-143) (554,-154) (555,-153) (556,-150) (557,-153) (558,-150) (559,-148) (560,-155) (561,-151) (562,-151) (563,-154) (564,-155) (565,-156) (566,-156) (567,-163) (568,-173) (569,-165) (570,-170) (571,-173) (572,-169) (573,-171) (574,-176) (575,-181) (576,-183) (577,-184) (578,-187) (579,-202) (580,-201) (581,-205) (582,-196) (583,-199) (584,-202) (585,-204) (586,-205) (587,-204) (588,-199) (589,-191) (590,-189) (591,-184) (592,-189) (593,-185) (594,-172) (595,-177) (596,-187) (597,-200) (598,-198) (599,-198) (600,-207) (601,-216) (602,-202) (603,-203) (604,-205) (605,-200) (606,-204) (607,-203) (608,-205) (609,-203) (610,-201) (611,-192) (612,-192) (613,-188) (614,-196) (615,-197) (616,-195) (617,-197) (618,-195) (619,-192) (620,-191) (621,-195) (622,-202) (623,-209) (624,-199) (625,-192) (626,-184) (627,-183) (628,-184) (629,-189) (630,-183) (631,-175) (632,-172) (633,-178) (634,-186) (635,-186) (636,-183) (637,-178) (638,-185) (639,-190) (640,-186) (641,-179) (642,-171) (643,-169) (644,-170) (645,-168) (646,-173) (647,-181) (648,-190) (649,-187) (650,-194) (651,-195) (652,-191) (653,-186) (654,-193) (655,-198) (656,-200) (657,-193) (658,-184) (659,-175) (660,-173) (661,-172) (662,-185) (663,-180) (664,-186) (665,-177) (666,-183) (667,-187) (668,-191) (669,-194) (670,-189) (671,-189) (672,-184) (673,-186) (674,-189) (675,-185) (676,-186) (677,-188) (678,-195) (679,-198) (680,-201) (681,-199) (682,-194) (683,-192) (684,-186) (685,-188) (686,-187) (687,-171) (688,-174) (689,-179) (690,-182) (691,-182) (692,-176) (693,-177) (694,-171) (695,-178) (696,-178) (697,-175) (698,-175) (699,-174) (700,-161) (701,-163) (702,-169) (703,-165) (704,-158) (705,-158) (706,-159) (707,-161) (708,-169) (709,-164) (710,-164) (711,-156) (712,-155) (713,-151) (714,-154) (715,-150) (716,-152) (717,-151) (718,-154) (719,-152) (720,-158) (721,-160) (722,-165) (723,-173) (724,-174) (725,-171) (726,-180) (727,-185) (728,-183) (729,-183) (730,-183) (731,-187) (732,-182) (733,-191) (734,-194) (735,-198) (736,-198) (737,-190) (738,-181) (739,-169) (740,-173) (741,-178) (742,-177) (743,-175) (744,-172) (745,-172) (746,-169) (747,-179) (748,-175) (749,-177) (750,-176) (751,-174) (752,-172) (753,-179) (754,-179) (755,-179) (756,-179) (757,-184) (758,-191) (759,-191) (760,-189) (761,-178) (762,-176) (763,-176) (764,-183) (765,-180) (766,-188) (767,-189) (768,-190) (769,-192) (770,-193) (771,-197) (772,-192) (773,-191) (774,-193) (775,-193) (776,-191) (777,-194) (778,-191) (779,-190) (780,-191) (781,-187) (782,-191) (783,-186) (784,-190) (785,-192) (786,-187) (787,-189) (788,-186) (789,-186) (790,-180) (791,-182) (792,-188) (793,-193) (794,-203) (795,-201) (796,-191) (797,-191) (798,-190) (799,-196) (800,-192) (801,-197) (802,-194) (803,-199) (804,-204) (805,-211) (806,-205) (807,-197) (808,-201) (809,-209) (810,-212) (811,-211) (812,-210) (813,-214) (814,-219) (815,-221) (816,-219) (817,-231) (818,-226) (819,-220) (820,-227) (821,-222) (822,-214) (823,-215) (824,-210) (825,-203) (826,-194) (827,-193) (828,-188) (829,-179) (830,-176) (831,-171) (832,-171) (833,-166) (834,-170) (835,-178) (836,-175) (837,-184) (838,-187) (839,-181) (840,-177) (841,-174) (842,-176) (843,-168) (844,-172) (845,-178) (846,-179) (847,-173) (848,-175) (849,-177) (850,-175) (851,-175) (852,-173) (853,-171) (854,-166) (855,-160) (856,-162) (857,-164) (858,-163) (859,-159) (860,-156) (861,-157) (862,-159) (863,-151) (864,-154) (865,-151) (866,-143) (867,-145) (868,-147) (869,-147) (870,-147) (871,-146) (872,-147) (873,-152) (874,-155) (875,-153) (876,-155) (877,-148) (878,-145) (879,-139) (880,-139) (881,-134) (882,-143) (883,-146) (884,-141) (885,-144) (886,-149) (887,-158) (888,-152) (889,-153) (890,-162) (891,-171) (892,-170) (893,-170) (894,-168) (895,-163) (896,-161) (897,-153) (898,-154) (899,-149) (900,-155) (901,-154) (902,-142) (903,-133) (904,-132) (905,-131) (906,-127) (907,-130) (908,-131) (909,-126) (910,-123) (911,-129) (912,-127) (913,-131) (914,-137) (915,-138) (916,-141) (917,-142) (918,-142) (919,-148) (920,-148) (921,-141) (922,-142) (923,-135) (924,-131) (925,-129) (926,-119) (927,-120) (928,-117) (929,-114) (930,-116) (931,-106) (932,-107) (933,-105) (934,-107) (935,-108) (936,-105) (937,-111) (938,-112) (939,-114) (940,-108) (941,-110) (942,-122) (943,-120) (944,-118) (945,-123) (946,-124) (947,-127) (948,-128) (949,-125) (950,-119) (951,-126) (952,-127) (953,-117) (954,-117) (955,-115) (956,-109) (957,-98) (958,-99) (959,-102) (960,-90) (961,-82) (962,-82) (963,-87) (964,-81) (965,-82) (966,-79) (967,-72) (968,-69) (969,-66) (970,-70) (971,-70) (972,-71) (973,-66) (974,-72) (975,-74) (976,-69) (977,-68) (978,-62) (979,-63) (980,-65) (981,-59) (982,-67) (983,-68) (984,-72) (985,-70) (986,-71) (987,-65) (988,-59) (989,-58) (990,-64) (991,-61) (992,-64) (993,-60) 
TD 4 :
(999,-55) (996,-53) (213,80) (26,30) (5,13) (0,4) (18,23) (12,16) (11,13) (10,11) (6,1) (7,-2) (8,4) (9,6) 
(999,-55) (996,-53) (213,80) (26,30) (5,13) (0,4) (18,23) (12,16) (11,13) (10,11) (6,1) 
(999,-55) (996,-53) (213,80) (26,30) (5,13) (0,4) (123,54) (27,26) (212,75) (124,54) (211,70) (125,51) (126,45) (127,39) (128,30) (129,25) (130,26) (131,19) (132,17) (133,14) (134,11) (135,13) (136,17) (137,21) (138,18) (139,20) (140,17) (141,8) (142,13) (143,7) (144,9) (145,7) (146,6) (147,6) (148,20) (149,22) (150,30) (151,25) (152,25) (153,17) (154,22) (155,25) (156,36) (157,38) (158,36) (159,36) (160,27) (161,29) (162,26) (163,34) (164,28) (165,26) (166,23) (167,21) (168,19) (169,18) (170,12) (171,13) (172,11) (173,15) (174,18) (175,22) (176,23) (177,25) (178,26) (179,21) (180,21) (181,31) (182,44) (183,46) (184,45) (185,49) (186,46) (187,34) (188,32) (189,35) (190,26) (191,18) (192,21) (193,23) (194,27) (195,31) (196,34) (197,36) (198,39) (199,52) (200,45) (201,52) (202,54) (203,51) (204,55) (205,55) (206,47) (207,46) (208,52) (209,55) (210,60) 
(999,-55) (996,-53) (213,80) (26,30) (5,13) (0,4) (123,54) (27,26) (212,75) (124,54) (211,70) 
(999,-55) (996,-53) (213,80) (26,30) (5,13) (0,4) (995,-53) (214,78) (994,-57) (993,-60) (989,-58) (335,54) (215,70) 
(999,-55) (996,-53) (213,80) (26,30) (5,13) (0,4) (995,-53) (214,78) (994,-57) (993,-60) (989,-58) (335,54) (215,70) (216,63) (217,58) (218,61) (219,61) (220,57) (221,59) (222,62) (223,63) (224,56) (225,50) (226,51) (227,48) (228,41) (229,45) (230,40) (231,41) (232,38) (233,32) (234,25) (235,29) (236,24) (237,36) (238,30) (239,27) (240,31) (241,33) (242,30) (243,32) (244,31) (245,32) (246,27) (247,29) (248,21) (249,16) (250,11) (251,8) (252,23) (253,25) (254,24) (255,22) (256,28) (257,34) (258,29) (259,32) (260,31) (261,34) (262,27) (263,33) (264,37) (265,39) (266,28) (267,34) (268,33) (269,37) (270,39) (271,41) (272,46) (273,42) (274,44) (275,37) (276,22) (277,33) (278,29) (279,21) (280,30) (281,26) (282,27) (283,29) (284,31) (285,36) (286,37) (287,37) (288,36) (289,35) (290,37) (291,38) (292,38) (293,42) (294,49) (295,50) (296,40) (297,35) (298,37) (299,34) (300,28) (301,35) (302,34) (303,34) (304,31) (305,35) (306,31) (307,27) (308,35) (309,30) (310,28) (311,29) (312,24) (313,25) (314,27) (315,22) (316,25) (317,25) (318,26) (319,19) (320,19) (321,22) (322,25) (323,28) (324,27) (325,33) (326,27) (327,29) (328,32) (329,30) (330,32) (331,31) (332,33) (333,38) (334,49) 
(999,-55) (996,-53) (213,80) (26,30) (5,13) (0,4) (995,-53) (214,78) (994,-57) (993,-60) (989,-58) (335,54) (215,70) (336,51) (337,47) (338,40) (339,43) (340,39) (341,41) (342,36) (343,34) (344,42) (345,40) (346,33) (347,40) (348,47) (349,45) (350,45) (351,47) (352,46) (353,49) (354,43) (355,33) (356,30) (357,24) (358,22) (359,33) (360,37) (361,37) (362,29) (363,23) (364,18) (365,18) (366,20) (367,20) (368,22) (369,25) (370,29) (371,33) (372,31) (373,28) (374,22) (375,26) (376,20) (377,23) (378,20) (379,17) (380,16) (381,12) (382,16) (383,15) (384,9) (385,12) (386,10) (387,13) (388,4) (389,8) (390,0) (391,-3) (392,-1) (393,1) (394,3) (395,6) (396,0) (397,8) (398,5) (399,-4) (400,-8) (401,-7) (402,-7) (403,-3) (404,1) (405,-8) (406,-12) (407,-19) (408,-23) (409,-31) (410,-39) (411,-34) (412,-48) (413,-52) (414,-58) (415,-61) (416,-64) (417,-57) (418,-60) (419,-60) (420,-67) (421,-67) (422,-61) (423,-72) (424,-79) (425,-83) (426,-85) (427,-84) (428,-76) (429,-77) (430,-73) (431,-64) (432,-58) (433,-61) (434,-70) (435,-70) (436,-79) (437,-80) (438,-73) (439,-78) (440,-69) (441,-77) (442,-82) (443,-84) (444,-85) (445,-75) (446,-70) (447,-73) (448,-78) (449,-84) (450,-83) (451,-79) (452,-82) (453,-80) (454,-79) (455,-79) (456,-83) (457,-70) (458,-66) (459,-73) (460,-82) (461,-83) (462,-94) (463,-98) (464,-97) (465,-99) (466,-98) (467,-92) (468,-98) (469,-89) (470,-91) (471,-92) (472,-94) (473,-87) (474,-87) (475,-98) (476,-101) (477,-105) (478,-114) (479,-112) (480,-110) (481,-112) (482,-119) (483,-121) (484,-125) (485,-126) (486,-127) (487,-119) (488,-120) (489,-124) (490,-131) (491,-130) (492,-122) (493,-126) (494,-132) (495,-132) (496,-135) (497,-137) (498,-132) (499,-135) (500,-128) (501,-130) (502,-130) (503,-127) (504,-126) (505,-125) (506,-131) (507,-139) (508,-133) (509,-121) (510,-136) (511,-138) (512,-137) (513,-125) (514,-124) (515,-115) (516,-110) (517,-113) (518,-104) (519,-105) (520,-112) (521,-114) (522,-115) (523,-117) (524,-117) (525,-118) (526,-120) (527,-117) (528,-123) (529,-114) (530,-108) (531,-111) (532,-113) (533,-120) (534,-128) (535,-129) (536,-135) (537,-133) (538,-130) (539,-131) (540,-128) (541,-133) (542,-131) (543,-130) (544,-143) (545,-141) (546,-136) (547,-136) (548,-126) (549,-135) (550,-145) (551,-154) (552,-149) (553,-143) (554,-154) (555,-153) (556,-150) (557,-153) (558,-150) (559,-148) (560,-155) (561,-151) (562,-151) (563,-154) (564,-155) (565,-156) (566,-156) (567,-163) (568,-173) (569,-165) (570,-170) (571,-173) (572,-169) (573,-171) (574,-176) (575,-181) (576,-183) (577,-184) (578,-187) (579,-202) (580,-201) (581,-205) (582,-196) (583,-199) (584,-202) (585,-204) (586,-205) (587,-204) (588,-199) (589,-191) (590,-189) (591,-184) (592,-189) (593,-185) (594,-172) (595,-177) (596,-187) (597,-200) (598,-198) (599,-198) (600,-207) (601,-216) (602,-202) (603,-203) (604,-205) (605,-200) (606,-204) (607,-203) (608,-205) (609,-203) (610,-201) (611,-192) (612,-192) (613,-188) (614,-196) (615,-197) (616,-195) (617,-197) (618,-195) (619,-192) (620,-191) (621,-195) (622,-202) (623,-209) (624,-199) (625,-192) (626,-184) (627,-183) (628,-184) (629,-189) (630,-183) (631,-175) (632,-172) (633,-178) (634,-186) (635,-186) (636,-183) (637,-178) (638,-185) (639,-190) (640,-186) (641,-179) (642,-171) (643,-169) (644,-170) (645,-168) (646,-173) (647,-181) (648,-190) (649,-187) (650,-194) (651,-195) (652,-191) (653,-186) (654,-193) (655,-198) (656,-200) (657,-193) (658,-184) (659,-175) (660,-173) (661,-172) (662,-185) (663,-180) (664,-186) (665,-177) (666,-183) (667,-187) (668,-191) (669,-194) (670,-189) (671,-189) (672,-184) (673,-186) (674,-189) (675,-185) (676,-186) (677,-188) (678,-195) (679,-198) (680,-201) (681,-199) (682,-194) (683,-192) (684,-186) (685,-188) (686,-187) (687,-171) (688,-174) (689,-179) (690,-182) (691,-182) (692,-176) (693,-177) (694,-171) (695,-178) (696,-178) (697,-175) (698,-175) (699,-174) (700,-161) (701,-163) (702,-169) (703,-165) (704,-158) (705,-158) (706,-159) (707,-161) (708,-169) (709,-164) (710,-164) (711,-156) (712,-155) (713,-151) (714,-154) (715,-150) (716,-152) (717,-151) (718,-154) (719,-152) (720,-158) (721,-160) (722,-165) (723,-173) (724,-174) (725,-171) (726,-180) (727,-185) (728,-183) (729,-183) (730,-183) (731,-187) (732,-182) (733,-191) (734,-194) (735,-198) (736,-198) (737,-190) (738,-181) (739,-169) (740,-173) (741,-178) (742,-177) (743,-175) (744,-172) (745,-172) (746,-169) (747,-179) (748,-175) (749,-177) (750,-176) (751,-174) (752,-172) (753,-179) (754,-179) (755,-179) (756,-179) (757,-184) (758,-191) (759,-191) (760,-189) (761,-178) (762,-176) (763,-176) (764,-183) (765,-180) (766,-188) (767,-189) (768,-190) (769,-192) (770,-193) (771,-197) (772,-192) (773,-191) (774,-193) (775,-193) (776,-191) (777,-194) (778,-191) (779,-190) (780,-191) (781,-187) (782,-191) (783,-186) (784,-190) (785,-192) (786,-187) (787,-189) (788,-186) (789,-186) (790,-180) (791,-182) (792,-188) (793,-193) (794,-203) (795,-201) (796,-191) (797,-191) (798,-190) (799,-196) (800,-192) (801,-197) (802,-194) (803,-199) (804,-204) (805,-211) (806,-205) (807,-197) (808,-201) (809,-209) (810,-212) (811,-211) (812,-210) (813,-214) (814,-219) (815,-221) (816,-219) (817,-231) (818,-226) (819,-220) (820,-227) (821,-222) (822,-214) (823,-215) (824,-210) (825,-203) (826,-194) (827,-193) (828,-188) (829,-179) (830,-176) (831,-171) (832,-171) (833,-166) (834,-170) (835,-178) (836,-175) (837,-184) (838,-187) (839,-181) (840,-177) (841,-174) (842,-176) (843,-168) (844,-172) (845,-178) (846,-179) (847,-173) (848,-175) (849,-177) (850,-175) (851,-175) (852,-173) (853,-171) (854,-166) (855,-160) (856,-162) (857,-164) (858,-163) (859,-159) (860,-156) (861,-157) (862,-159) (863,-151) (864,-154) (865,-151) (866,-143) (867,-145) (868,-147) (869,-147) (870,-147) (871,-146) (872,-147) (873,-152) (874,-155) (875,-153) (876,-155) (877,-148) (878,-145) (879,-139) (880,-139) (881,-134) (882,-143) (883,-146) (884,-141) (885,-144) (886,-149) (887,-158) (888,-152) (889,-153) (890,-162) (891,-171) (892,-170) (893,-170) (894,-168) (895,-163) (896,-161) (897,-153) (898,-154) (899,-149) (900,-155) (901,-154) (902,-142) (903,-133) (904,-132) (905,-131) (906,-127) (907,-130) (908,-131) (909,-126) (910,-123) (911,-129) (912,-127) (913,-131) (914,-137) (915,-138) (916,-141) (917,-142) (918,-142) (919,-148) (920,-148) (921,-141) (922,-142) (923,-135) (924,-131) (925,-129) (926,-119) (927,-120) (928,-117) (929,-114) (930,-116) (931,-106) (932,-107) (933,-105) (934,-107) (935,-108) (936,-105) (937,-111) (938,-112) (939,-114) (940,-108) (941,-110) (942,-122) (943,-120) (944,-118) (945,-123) (946,-124) (947,-127) (948,-128) (949,-125) (950,-119) (951,-126) (952,-127) (953,-117) (954,-117) (955,-115) (956,-109) (957,-98) (958,-99) (959,-102) (960,-90) (961,-82) (962,-82) (963,-87) (964,-81) (965,-82) (966,-79) (967,-72) (968,-69) (969,-66) (970,-70) (971,-70) (972,-71) (973,-66) (974,-72) (975,-74) (976,-69) (977,-68) (978,-62) (979,-63) (980,-65) (981,-59) (982,-67) (983,-68) (984,-72) (985,-70) (986,-71) (987,-65) (988,-59) 
(999,-55) (996,-53) (213,80) (26,30) (5,13) (0,4) (995,-53) (214,78) (994,-57) (993,-60) (989,-58) (335,54) (215,70) (990,-64) (991,-61) (992,-64) 
TD 5 :
(999,-55) (996,-53) (213,80) (26,30) (5,13) (0,4) (18,23) (12,16) (11,13) (10,11) (6,1) (9,6) (8,4) (7,-2) 
(999,-55) (996,-53) (213,80) (26,30) (5,13) (0,4) (18,23) (12,16) (11,13) (10,11) (6,1) (9,6) (8,4) (7,-2) 
(999,-55) (996,-53) (213,80) (26,30) (5,13) (0,4) (18,23) (12,16) (11,13) (10,11) (6,1) (9,6) (8,4) (7,-2) 
(999,-55) (996,-53) (213,80) (26,30) (5,13) (0,4) (123,54) (27,26) (212,75) (124,54) (211,70) (125,51) 
(999,-55) (996,-53) (213,80) (26,30) (5,13) (0,4) (123,54) (27,26) (212,75) (124,54) (211,70) (125,51) (126,45) (127,39) (128,30) (129,25) (130,26) (131,19) (132,17) (133,14) (134,11) (135,13) (136,17) (137,21) (138,18) (139,20) (140,17) (141,8) (142,13) (143,7) (144,9) (145,7) (146,6) (147,6) (148,20) (149,22) (150,30) (151,25) (152,25) (153,17) (154,22) (155,25) (156,36) (157,38) (158,36) (159,36) (160,27) (161,29) (162,26) (163,34) (164,28) (165,26) (166,23) (167,21) (168,19) (169,18) (170,12) (171,13) (172,11) (173,15) (174,18) (175,22) (176,23) (177,25) (178,26) (179,21) (180,21) (181,31) (182,44) (183,46) (184,45) (185,49) (186,46) (187,34) (188,32) (189,35) (190,26) (191,18) (192,21) (193,23) (194,27) (195,31) (196,34) (197,36) (198,39) (199,52) (200,45) (201,52) (202,54) (203,51) (204,55) (205,55) (206,47) (207,46) (208,52) (209,55) (210,60) 
(999,-55) (996,-53) (213,80) (26,30) (5,13) (0,4) (995,-53) (214,78) (994,-57) (993,-60) (989,-58) (335,54) (215,70) (223,63) (216,63) 
(999,-55) (996,-53) (213,80) (26,30) (5,13) (0,4) (995,-53) (214,78) (994,-57) (993,-60) (989,-58) (335,54) (215,70) (223,63) (216,63) (217,58) (218,61) (219,61) (220,57) (221,59) (222,62) 
(999,-55) (996,-53) (213,80) (26,30) (5,13) (0,4) (995,-53) (214,78) (994,-57) (993,-60) (989,-58) (335,54) (215,70) (223,63) (216,63) (224,56) (225,50) (226,51) (227,48) (228,41) (229,45) (230,40) (231,41) (232,38) (233,32) (234,25) (235,29) (236,24) (237,36) (238,30) (239,27) (240,31) (241,33) (242,30) (243,32) (244,31) (245,32) (246,27) (247,29) (248,21) (249,16) (250,11) (251,8) (252,23) (253,25) (254,24) (255,22) (256,28) (257,34) (258,29) (259,32) (260,31) (261,34) (262,27) (263,33) (264,37) (265,39) (266,28) (267,34) (268,33) (269,37) (270,39) (271,41) (272,46) (273,42) (274,44) (275,37) (276,22) (277,33) (278,29) (279,21) (280,30) (281,26) (282,27) (283,29) (284,31) (285,36) (286,37) (287,37) (288,36) (289,35) (290,37) (291,38) (292,38) (293,42) (294,49) (295,50) (296,40) (297,35) (298,37) (299,34) (300,28) (301,35) (302,34) (303,34) (304,31) (305,35) (306,31) (307,27) (308,35) (309,30) (310,28) (311,29) (312,24) (313,25) (314,27) (315,22) (316,25) (317,25) (318,26) (319,19) (320,19) (321,22) (322,25) (323,28) (324,27) (325,33) (326,27) (327,29) (328,32) (329,30) (330,32) (331,31) (332,33) (333,38) (334,49) 
(999,-55) (996,-53) (213,80) (26,30) (5,13) (0,4) (995,-53) (214,78) (994,-57) (993,-60) (989,-58) (335,54) (215,70) (988,-59) (353,49) (336,51) 
(999,-55) (996,-53) (213,80) (26,30) (5,13) (0,4) (995,-53) (214,78) (994,-57) (993,-60) (989,-58) (335,54) (215,70) (988,-59) (353,49) (336,51) (337,47) (338,40) (339,43) (340,39) (341,41) (342,36) (343,34) (344,42) (345,40) (346,33) (347,40) (348,47) (349,45) (350,45) (351,47) (352,46) 
(999,-55) (996,-53) (213,80) (26,30) (5,13) (0,4) (995,-53) (214,78) (994,-57) (993,-60) (989,-58) (335,54) (215,70) (988,-59) (353,49) (336,51) (354,43) (355,33) (356,30) (357,24) (358,22) (359,33) (360,37) (361,37) (362,29) (363,23) (364,18) (365,18) (366,20) (367,20) (368,22) (369,25) (370,29) (371,33) (372,31) (373,28) (374,22) (375,26) (376,20) (377,23) (378,20) (379,17) (380,16) (381,12) (382,16) (383,15) (384,9) (385,12) (386,10) (387,13) (388,4) (389,8) (390,0) (391,-3) (392,-1) (393,1) (394,3) (395,6) (396,0) (397,8) (398,5) (399,-4) (400,-8) (401,-7) (402,-7) (403,-3) (404,1) (405,-8) (406,-12) (407,-19) (408,-23) (409,-31) (410,-39) (411,-34) (412,-48) (413,-52) (414,-58) (415,-61) (416,-64) (417,-57) (418,-60) (419,-60) (420,-67) (421,-67) (422,-61) (423,-72) (424,-79) (425,-83) (426,-85) (427,-84) (428,-76) (429,-77) (430,-73) (431,-64) (432,-58) (433,-61) (434,-70) (435,-70) (436,-79) (437,-80) (438,-73) (439,-78) (440,-69) (441,-77) (442,-82) (443,-84) (444,-85) (445,-75) (446,-70) (447,-73) (448,-78) (449,-84) (450,-83) (451,-79) (452,-82) (453,-80) (454,-79) (455,-79) (456,-83) (457,-70) (458,-66) (459,-73) (460,-82) (461,-83) (462,-94) (463,-98) (464,-97) (465,-99) (466,-98) (467,-92) (468,-98) (469,-89) (470,-91) (471,-92) (472,-94) (473,-87) (474,-87) (475,-98) (476,-101) (477,-105) (478,-114) (479,-112) (480,-110) (481,-112) (482,-119) (483,-121) (484,-125) (485,-126) (486,-127) (487,-119) (488,-120) (489,-124) (490,-131) (491,-130) (492,-122) (493,-126) (494,-132) (495,-132) (496,-135) (497,-137) (498,-132) (499,-135) (500,-128) (501,-130) (502,-130) (503,-127) (504,-126) (505,-125) (506,-131) (507,-139) (508,-133) (509,-121) (510,-136) (511,-138) (512,-137) (513,-125) (514,-124) (515,-115) (516,-110) (517,-113) (518,-104) (519,-105) (520,-112) (521,-114) (522,-115) (523,-117) (524,-117) (525,-118) (526,-120) (527,-117) (528,-123) (529,-114) (530,-108) (531,-111) (532,-113) (533,-120) (534,-128) (535,-129) (536,-135) (537,-133) (538,-130) (539,-131) (540,-128) (541,-133) (542,-131) (543,-130) (544,-143) (545,-141) (546,-136) (547,-136) (548,-126) (549,-135) (550,-145) (551,-154) (552,-149) (553,-143) (554,-154) (555,-153) (556,-150) (557,-153) (558,-150) (559,-148) (560,-155) (561,-151) (562,-151) (563,-154) (564,-155) (565,-156) (566,-156) (567,-163) (568,-173) (569,-165) (570,-170) (571,-173) (572,-169) (573,-171) (574,-176) (575,-181) (576,-183) (577,-184) (578,-187) (579,-202) (580,-201) (581,-205) (582,-196) (583,-199) (584,-202) (585,-204) (586,-205) (587,-204) (588,-199) (589,-191) (590,-189) (591,-184) (592,-189) (593,-185) (594,-172) (595,-177) (596,-187) (597,-200) (598,-198) (599,-198) (600,-207) (601,-216) (602,-202) (603,-203) (604,-205) (605,-200) (606,-204) (607,-203) (608,-205) (609,-203) (610,-201) (611,-192) (612,-192) (613,-188) (614,-196) (615,-197) (616,-195) (617,-197) (618,-195) (619,-192) (620,-191) (621,-195) (622,-202) (623,-209) (624,-199) (625,-192) (626,-184) (627,-183) (628,-184) (629,-189) (630,-183) (631,-175) (632,-172) (633,-178) (634,-186) (635,-186) (636,-183) (637,-178) (638,-185) (639,-190) (640,-186) (641,-179) (642,-171) (643,-169) (644,-170) (645,-168) (646,-173) (647,-181) (648,-190) (649,-187) (650,-194) (651,-195) (652,-191) (653,-186) (654,-193) (655,-198) (656,-200) (657,-193) (658,-184) (659,-175) (660,-173) (661,-172) (662,-185) (663,-180) (664,-186) (665,-177) (666,-183) (667,-187) (668,-191) (669,-194) (670,-189) (671,-189) (672,-184) (673,-186) (674,-189) (675,-185) (676,-186) (677,-188) (678,-195) (679,-198) (680,-201) (681,-199) (682,-194) (683,-192) (684,-186) (685,-188) (686,-187) (687,-171) (688,-174) (689,-179) (690,-182) (691,-182) (692,-176) (693,-177) (694,-171) (695,-178) (696,-178) (697,-175) (698,-175) (699,-174) (700,-161) (701,-163) (702,-169) (703,-165) (704,-158) (705,-158) (706,-159) (707,-161) (708,-169) (709,-164) (710,-164) (711,-156) (712,-155) (713,-151) (714,-154) (715,-150) (716,-152) (717,-151) (718,-154) (719,-152) (720,-158) (721,-160) (722,-165) (723,-173) (724,-174) (725,-171) (726,-180) (727,-185) (728,-183) (729,-183) (730,-183) (731,-187) (732,-182) (733,-191) (734,-194) (735,-198) (736,-198) (737,-190) (738,-181) (739,-169) (740,-173) (741,-178) (742,-177) (743,-175) (744,-172) (745,-172) (746,-169) (747,-179) (748,-175) (749,-177) (750,-176) (751,-174) (752,-172) (753,-179) (754,-179) (755,-179) (756,-179) (757,-184) (758,-191) (759,-191) (760,-189) (761,-178) (762,-176) (763,-176) (764,-183) (765,-180) (766,-188) (767,-189) (768,-190) (769,-192) (770,-193) (771,-197) (772,-192) (773,-191) (774,-193) (775,-193) (776,-191) (777,-194) (778,-191) (779,-190) (780,-191) (781,-187) (782,-191) (783,-186) (784,-190) (785,-192) (786,-187) (787,-189) (788,-186) (789,-186) (790,-180) (791,-182) (792,-188) (793,-193) (794,-203) (795,-201) (796,-191) (797,-191) (798,-190) (799,-196) (800,-192) (801,-197) (802,-194) (803,-199) (804,-204) (805,-211) (806,-205) (807,-197) (808,-201) (809,-209) (810,-212) (811,-211) (812,-210) (813,-214) (814,-219) (815,-221) (816,-219) (817,-231) (818,-226) (819,-220) (820,-227) (821,-222) (822,-214) (823,-215) (824,-210) (825,-203) (826,-194) (827,-193) (828,-188) (829,-179) (830,-176) (831,-171) (832,-171) (833,-166) (834,-170) (835,-178) (836,-175) (837,-184) (838,-187) (839,-181) (840,-177) (841,-174) (842,-176) (843,-168) (844,-172) (845,-178) (846,-179) (847,-173) (848,-175) (849,-177) (850,-175) (851,-175) (852,-173) (853,-171) (854,-166) (855,-160) (856,-162) (857,-164) (858,-163) (859,-159) (860,-156) (861,-157) (862,-159) (863,-151) (864,-154) (865,-151) (866,-143) (867,-145) (868,-147) (869,-147) (870,-147) (871,-146) (872,-147) (873,-152) (874,-155) (875,-153) (876,-155) (877,-148) (878,-145) (879,-139) (880,-139) (881,-134) (882,-143) (883,-146) (884,-141) (885,-144) (886,-149) (887,-158) (888,-152) (889,-153) (890,-162) (891,-171) (892,-170) (893,-170) (894,-168) (895,-163) (896,-161) (897,-153) (898,-154) (899,-149) (900,-155) (901,-154) (902,-142) (903,-133) (904,-132) (905,-131) (906,-127) (907,-130) (908,-131) (909,-126) (910,-123) (911,-129) (912,-127) (913,-131) (914,-137) (915,-138) (916,-141) (917,-142) (918,-142) (919,-148) (920,-148) (921,-141) (922,-142) (923,-135) (924,-131) (925,-129) (926,-119) (927,-120) (928,-117) (929,-114) (930,-116) (931,-106) (932,-107) (933,-105) (934,-107) (935,-108) (936,-105) (937,-111) (938,-112) (939,-114) (940,-108) (941,-110) (942,-122) (943,-120) (944,-118) (945,-123) (946,-124) (947,-127) (948,-128) (949,-125) (950,-119) (951,-126) (952,-127) (953,-117) (954,-117) (955,-115) (956,-109) (957,-98) (958,-99) (959,-102) (960,-90) (961,-82) (962,-82) (963,-87) (964,-81) (965,-82) (966,-79) (967,-72) (968,-69) (969,-66) (970,-70) (971,-70) (972,-71) (973,-66) (974,-72) (975,-74) (976,-69) (977,-68) (978,-62) (979,-63) (980,-65) (981,-59) (982,-67) (983,-68) (984,-72) (985,-70) (986,-71) (987,-65) 
(999,-55) (996,-53) (213,80) (26,30) (5,13) (0,4) (995,-53) (214,78) (994,-57) (993,-60) (989,-58) (335,54) (215,70) (988,-59) (353,49) (336,51) 
(999,-55) (996,-53) (213,80) (26,30) (5,13) (0,4) (995,-53) (214,78) (994,-57) (993,-60) (989,-58) (335,54) (215,70) (992,-64) (991,-61) (990,-64) 
(999,-55) (996,-53) (213,80) (26,30) (5,13) (0,4) (995,-53) (214,78) (994,-57) (993,-60) (989,-58) (335,54) (215,70) (992,-64) (991,-61) 
TD 6 :
(999,-55) (996,-53) (213,80) (26,30) (5,13) (0,4) (995,-53) (214,78) (994,-57) (993,-60) (989,-58) (335,54) (215,70) (223,63) (216,63) (222,62) (217,58) (218,61) (219,61) (220,57) (221,59) 
(999,-55) (996,-53) (213,80) (26,30) (5,13) (0,4) (995,-53) (214,78) (994,-57) (993,-60) (989,-58) (335,54) (215,70) (223,63) (216,63) (222,62) 
(999,-55) (996,-53) (213,80) (26,30) (5,13) (0,4) (995,-53) (214,78) (994,-57) (993,-60) (989,-58) (335,54) (215,70) (223,63) (216,63) (334,49) (224,56) (225,50) (226,51) (227,48) (228,41) (229,45) (230,40) (231,41) (232,38) (233,32) (234,25) (235,29) (236,24) (237,36) (238,30) (239,27) (240,31) (241,33) (242,30) (243,32) (244,31) (245,32) (246,27) (247,29) (248,21) (249,16) (250,11) (251,8) (252,23) (253,25) (254,24) (255,22) (256,28) (257,34) (258,29) (259,32) (260,31) (261,34) (262,27) (263,33) (264,37) (265,39) (266,28) (267,34) (268,33) (269,37) (270,39) (271,41) (272,46) (273,42) (274,44) (275,37) (276,22) (277,33) (278,29) (279,21) (280,30) (281,26) (282,27) (283,29) (284,31) (285,36) (286,37) (287,37) (288,36) (289,35) (290,37) (291,38) (292,38) (293,42) (294,49) (295,50) (296,40) (297,35) (298,37) (299,34) (300,28) (301,35) (302,34) (303,34) (304,31) (305,35) (306,31) (307,27) (308,35) (309,30) (310,28) (311,29) (312,24) (313,25) (314,27) (315,22) (316,25) (317,25) (318,26) (319,19) (320,19) (321,22) (322,25) (323,28) (324,27) (325,33) (326,27) (327,29) (328,32) (329,30) (330,32) (331,31) (332,33) (333,38) 
(999,-55) (996,-53) (213,80) (26,30) (5,13) (0,4) (995,-53) (214,78) (994,-57) (993,-60) (989,-58) (335,54) (215,70) (223,63) (216,63) (334,49) 
(999,-55) (996,-53) (213,80) (26,30) (5,13) (0,4) (995,-53) (214,78) (994,-57) (993,-60) (989,-58) (335,54) (215,70) (988,-59) (353,49) (336,51) (351,47) (337,47) (338,40) (339,43) (340,39) (341,41) (342,36) (343,34) (344,42) (345,40) (346,33) (347,40) (348,47) (349,45) (350,45) 
(999,-55) (996,-53) (213,80) (26,30) (5,13) (0,4) (995,-53) (214,78) (994,-57) (993,-60) (989,-58) (335,54) (215,70) (988,-59) (353,49) (336,51) (351,47) (352,46) 
(999,-55) (996,-53) (213,80) (26,30) (5,13) (0,4) (995,-53) (214,78) (994,-57) (993,-60) (989,-58) (335,54) (215,70) (988,-59) (353,49) (336,51) (981,-59) (354,43) (355,33) (356,30) (357,24) (358,22) (359,33) (360,37) (361,37) (362,29) (363,23) (364,18) (365,18) (366,20) (367,20) (368,22) (369,25) (370,29) (371,33) (372,31) (373,28) (374,22) (375,26) (376,20) (377,23) (378,20) (379,17) (380,16) (381,12) (382,16) (383,15) (384,9) (385,12) (386,10) (387,13) (388,4) (389,8) (390,0) (391,-3) (392,-1) (393,1) (394,3) (395,6) (396,0) (397,8) (398,5) (399,-4) (400,-8) (401,-7) (402,-7) (403,-3) (404,1) (405,-8) (406,-12) (407,-19) (408,-23) (409,-31) (410,-39) (411,-34) (412,-48) (413,-52) (414,-58) (415,-61) (416,-64) (417,-57) (418,-60) (419,-60) (420,-67) (421,-67) (422,-61) (423,-72) (424,-79) (425,-83) (426,-85) (427,-84) (428,-76) (429,-77) (430,-73) (431,-64) (432,-58) (433,-61) (434,-70) (435,-70) (436,-79) (437,-80) (438,-73) (439,-78) (440,-69) (441,-77) (442,-82) (443,-84) (444,-85) (445,-75) (446,-70) (447,-73) (448,-78) (449,-84) (450,-83) (451,-79) (452,-82) (453,-80) (454,-79) (455,-79) (456,-83) (457,-70) (458,-66) (459,-73) (460,-82) (461,-83) (462,-94) (463,-98) (464,-97) (465,-99) (466,-98) (467,-92) (468,-98) (469,-89) (470,-91) (471,-92) (472,-94) (473,-87) (474,-87) (475,-98) (476,-101) (477,-105) (478,-114) (479,-112) (480,-110) (481,-112) (482,-119) (483,-121) (484,-125) (485,-126) (486,-127) (487,-119) (488,-120) (489,-124) (490,-131) (491,-130) (492,-122) (493,-126) (494,-132) (495,-132) (496,-135) (497,-137) (498,-132) (499,-135) (500,-128) (501,-130) (502,-130) (503,-127) (504,-126) (505,-125) (506,-131) (507,-139) (508,-133) (509,-121) (510,-136) (511,-138) (512,-137) (513,-125) (514,-124) (515,-115) (516,-110) (517,-113) (518,-104) (519,-105) (520,-112) (521,-114) (522,-115) (523,-117) (524,-117) (525,-118) (526,-120) (527,-117) (528,-123) (529,-114) (530,-108) (531,-111) (532,-113) (533,-120) (534,-128) (535,-129) (536,-135) (537,-133) (538,-130) (539,-131) (540,-128) (541,-133) (542,-131) (543,-130) (544,-143) (545,-141) (546,-136) (547,-136) (548,-126) (549,-135) (550,-145) (551,-154) (552,-149) (553,-143) (554,-154) (555,-153) (556,-150) (557,-153) (558,-150) (559,-148) (560,-155) (561,-151) (562,-151) (563,-154) (564,-155) (565,-156) (566,-156) (567,-163) (568,-173) (569,-165) (570,-170) (571,-173) (572,-169) (573,-171) (574,-176) (575,-181) (576,-183) (577,-184) (578,-187) (579,-202) (580,-201) (581,-205) (582,-196) (583,-199) (584,-202) (585,-204) (586,-205) (587,-204) (588,-199) (589,-191) (590,-189) (591,-184) (592,-189) (593,-185) (594,-172) (595,-177) (596,-187) (597,-200) (598,-198) (599,-198) (600,-207) (601,-216) (602,-202) (603,-203) (604,-205) (605,-200) (606,-204) (607,-203) (608,-205) (609,-203) (610,-201) (611,-192) (612,-192) (613,-188) (614,-196) (615,-197) (616,-195) (617,-197) (618,-195) (619,-192) (620,-191) (621,-195) (622,-202) (623,-209) (624,-199) (625,-192) (626,-184) (627,-183) (628,-184) (629,-189) (630,-183) (631,-175) (632,-172) (633,-178) (634,-186) (635,-186) (636,-183) (637,-178) (638,-185) (639,-190) (640,-186) (641,-179) (642,-171) (643,-169) (644,-170) (645,-168) (646,-173) (647,-181) (648,-190) (649,-187) (650,-194) (651,-195) (652,-191) (653,-186) (654,-193) (655,-198) (656,-200) (657,-193) (658,-184) (659,-175) (660,-173) (661,-172) (662,-185) (663,-180) (664,-186) (665,-177) (666,-183) (667,-187) (668,-191) (669,-194) (670,-189) (671,-189) (672,-184) (673,-186) (674,-189) (675,-185) (676,-186) (677,-188) (678,-195) (679,-198) (680,-201) (681,-199) (682,-194) (683,-192) (684,-186) (685,-188) (686,-187) (687,-171) (688,-174) (689,-179) (690,-182) (691,-182) (692,-176) (693,-177) (694,-171) (695,-178) (696,-178) (697,-175) (698,-175) (699,-174) (700,-161) (701,-163) (702,-169) (703,-165) (704,-158) (705,-158) (706,-159) (707,-161) (708,-169) (709,-164) (710,-164) (711,-156) (712,-155) (713,-151) (714,-154) (715,-150) (716,-152) (717,-151) (718,-154) (719,-152) (720,-158) (721,-160) (722,-165) (723,-173) (724,-174) (725,-171) (726,-180) (727,-185) (728,-183) (729,-183) (730,-183) (731,-187) (732,-182) (733,-191) (734,-194) (735,-198) (736,-198) (737,-190) (738,-181) (739,-169) (740,-173) (741,-178) (742,-177) (743,-175) (744,-172) (745,-172) (746,-169) (747,-179) (748,-175) (749,-177) (750,-176) (751,-174) (752,-172) (753,-179) (754,-179) (755,-179) (756,-179) (757,-184) (758,-191) (759,-191) (760,-189) (761,-178) (762,-176) (763,-176) (764,-183) (765,-180) (766,-188) (767,-189) (768,-190) (769,-192) (770,-193) (771,-197) (772,-192) (773,-191) (774,-193) (775,-193) (776,-191) (777,-194) (778,-191) (779,-190) (780,-191) (781,-187) (782,-191) (783,-186) (784,-190) (785,-192) (786,-187) (787,-189) (788,-186) (789,-186) (790,-180) (791,-182) (792,-188) (793,-193) (794,-203) (795,-201) (796,-191) (797,-191) (798,-190) (799,-196) (800,-192) (801,-197) (802,-194) (803,-199) (804,-204) (805,-211) (806,-205) (807,-197) (808,-201) (809,-209) (810,-212) (811,-211) (812,-210) (813,-214) (814,-219) (815,-221) (816,-219) (817,-231) (818,-226) (819,-220) (820,-227) (821,-222) (822,-214) (823,-215) (824,-210) (825,-203) (826,-194) (827,-193) (828,-188) (829,-179) (830,-176) (831,-171) (832,-171) (833,-166) (834,-170) (835,-178) (836,-175) (837,-184) (838,-187) (839,-181) (840,-177) (841,-174) (842,-176) (843,-168) (844,-172) (845,-178) (846,-179) (847,-173) (848,-175) (849,-177) (850,-175) (851,-175) (852,-173) (853,-171) (854,-166) (855,-160) (856,-162) (857,-164) (858,-163) (859,-159) (860,-156) (861,-157) (862,-159) (863,-151) (864,-154) (865,-151) (866,-143) (867,-145) (868,-147) (869,-147) (870,-147) (871,-146) (872,-147) (873,-152) (874,-155) (875,-153) (876,-155) (877,-148) (878,-145) (879,-139) (880,-139) (881,-134) (882,-143) (883,-146) (884,-141) (885,-144) (886,-149) (887,-158) (888,-152) (889,-153) (890,-162) (891,-171) (892,-170) (893,-170) (894,-168) (895,-163) (896,-161) (897,-153) (898,-154) (899,-149) (900,-155) (901,-154) (902,-142) (903,-133) (904,-132) (905,-131) (906,-127) (907,-130) (908,-131) (909,-126) (910,-123) (911,-129) (912,-127) (913,-131) (914,-137) (915,-138) (916,-141) (917,-142) (918,-142) (919,-148) (920,-148) (921,-141) (922,-142) (923,-135) (924,-131) (925,-129) (926,-119) (927,-120) (928,-117) (929,-114) (930,-116) (931,-106) (932,-107) (933,-105) (934,-107) (935,-108) (936,-105) (937,-111) (938,-112) (939,-114) (940,-108) (941,-110) (942,-122) (943,-120) (944,-118) (945,-123) (946,-124) (947,-127) (948,-128) (949,-125) (950,-119) (951,-126) (952,-127) (953,-117) (954,-117) (955,-115) (956,-109) (957,-98) (958,-99) (959,-102) (960,-90) (961,-82) (962,-82) (963,-87) (964,-81) (965,-82) (966,-79) (967,-72) (968,-69) (969,-66) (970,-70) (971,-70) (972,-71) (973,-66) (974,-72) (975,-74) (976,-69) (977,-68) (978,-62) (979,-63) (980,-65) 
(999,-55) (996,-53) (213,80) (26,30) (5,13) (0,4) (995,-53) (214,78) (994,-57) (993,-60) (989,-58) (335,54) (215,70) (988,-59) (353,49) (336,51) (981,-59) (982,-67) (983,-68) (984,-72) (985,-70) (986,-71) (987,-65) 
(999,-55) (996,-53) (213,80) (26,30) (5,13) (0,4) (995,-53) (214,78) (994,-57) (993,-60) (989,-58) (335,54) (215,70) (992,-64) (991,-61) (990,-64) 
TD 7 :
(999,-55) (996,-53) (213,80) (26,30) (5,13) (0,4) (995,-53) (214,78) (994,-57) (993,-60) (989,-58) (335,54) (215,70) (223,63) (216,63) (222,62) (219,61) (218,61) (217,58) 
(999,-55) (996,-53) (213,80) (26,30) (5,13) (0,4) (995,-53) (214,78) (994,-57) (993,-60) (989,-58) (335,54) (215,70) (223,63) (216,63) (222,62) (219,61) (218,61) 
(999,-55) (996,-53) (213,80) (26,30) (5,13) (0,4) (995,-53) (214,78) (994,-57) (993,-60) (989,-58) (335,54) (215,70) (223,63) (216,63) (222,62) (219,61) (218,61) (220,57) (221,59) 
(999,-55) (996,-53) (213,80) (26,30) (5,13) (0,4) (995,-53) (214,78) (994,-57) (993,-60) (989,-58) (335,54) (215,70) (988,-59) (353,49) (336,51) (351,47) (348,47) (337,47) (338,40) (339,43) (340,39) (341,41) (342,36) (343,34) (344,42) (345,40) (346,33) (347,40) 
(999,-55) (996,-53) (213,80) (26,30) (5,13) (0,4) (995,-53) (214,78) (994,-57) (993,-60) (989,-58) (335,54) (215,70) (988,-59) (353,49) (336,51) (351,47) (348,47) (349,45) (350,45) 
(999,-55) (996,-53) (213,80) (26,30) (5,13) (0,4) (995,-53) (214,78) (994,-57) (993,-60) (989,-58) (335,54) (215,70) (988,-59) (353,49) (336,51) (981,-59) (978,-62) (354,43) (355,33) (356,30) (357,24) (358,22) (359,33) (360,37) (361,37) (362,29) (363,23) (364,18) (365,18) (366,20) (367,20) (368,22) (369,25) (370,29) (371,33) (372,31) (373,28) (374,22) (375,26) (376,20) (377,23) (378,20) (379,17) (380,16) (381,12) (382,16) (383,15) (384,9) (385,12) (386,10) (387,13) (388,4) (389,8) (390,0) (391,-3) (392,-1) (393,1) (394,3) (395,6) (396,0) (397,8) (398,5) (399,-4) (400,-8) (401,-7) (402,-7) (403,-3) (404,1) (405,-8) (406,-12) (407,-19) (408,-23) (409,-31) (410,-39) (411,-34) (412,-48) (413,-52) (414,-58) (415,-61) (416,-64) (417,-57) (418,-60) (419,-60) (420,-67) (421,-67) (422,-61) (423,-72) (424,-79) (425,-83) (426,-85) (427,-84) (428,-76) (429,-77) (430,-73) (431,-64) (432,-58) (433,-61) (434,-70) (435,-70) (436,-79) (437,-80) (438,-73) (439,-78) (440,-69) (441,-77) (442,-82) (443,-84) (444,-85) (445,-75) (446,-70) (447,-73) (448,-78) (449,-84) (450,-83) (451,-79) (452,-82) (453,-80) (454,-79) (455,-79) (456,-83) (457,-70) (458,-66) (459,-73) (460,-82) (461,-83) (462,-94) (463,-98) (464,-97) (465,-99) (466,-98) (467,-92) (468,-98) (469,-89) (470,-91) (471,-92) (472,-94) (473,-87) (474,-87) (475,-98) (476,-101) (477,-105) (478,-114) (479,-112) (480,-110) (481,-112) (482,-119) (483,-121) (484,-125) (485,-126) (486,-127) (487,-119) (488,-120) (489,-124) (490,-131) (491,-130) (492,-122) (493,-126) (494,-132) (495,-132) (496,-135) (497,-137) (498,-132) (499,-135) (500,-128) (501,-130) (502,-130) (503,-127) (504,-126) (505,-125) (506,-131) (507,-139) (508,-133) (509,-121) (510,-136) (511,-138) (512,-137) (513,-125) (514,-124) (515,-115) (516,-110) (517,-113) (518,-104) (519,-105) (520,-112) (521,-114) (522,-115) (523,-117) (524,-117) (525,-118) (526,-120) (527,-117) (528,-123) (529,-114) (530,-108) (531,-111) (532,-113) (533,-120) (534,-128) (535,-129) (536,-135) (537,-133) (538,-130) (539,-131) (540,-128) (541,-133) (542,-131) (543,-130) (544,-143) (545,-141) (546,-136) (547,-136) (548,-126) (549,-135) (550,-145) (551,-154) (552,-149) (553,-143) (554,-154) (555,-153) (556,-150) (557,-153) (558,-150) (559,-148) (560,-155) (561,-151) (562,-151) (563,-154) (564,-155) (565,-156) (566,-156) (567,-163) (568,-173) (569,-165) (570,-170) (571,-173) (572,-169) (573,-171) (574,-176) (575,-181) (576,-183) (577,-184) (578,-187) (579,-202) (580,-201) (581,-205) (582,-196) (583,-199) (584,-202) (585,-204) (586,-205) (587,-204) (588,-199) (589,-191) (590,-189) (591,-184) (592,-189) (593,-185) (594,-172) (595,-177) (596,-187) (597,-200) (598,-198) (599,-198) (600,-207) (601,-216) (602,-202) (603,-203) (604,-205) (605,-200) (606,-204) (607,-203) (608,-205) (609,-203) (610,-201) (611,-192) (612,-192) (613,-188) (614,-196) (615,-197) (616,-195) (617,-197) (618,-195) (619,-192) (620,-191) (621,-195) (622,-202) (623,-209) (624,-199) (625,-192) (626,-184) (627,-183) (628,-184) (629,-189) (630,-183) (631,-175) (632,-172) (633,-178) (634,-186) (635,-186) (636,-183) (637,-178) (638,-185) (639,-190) (640,-186) (641,-179) (642,-171) (643,-169) (644,-170) (645,-168) (646,-173) (647,-181) (648,-190) (649,-187) (650,-194) (651,-195) (652,-191) (653,-186) (654,-193) (655,-198) (656,-200) (657,-193) (658,-184) (659,-175) (660,-173) (661,-172) (662,-185) (663,-180) (664,-186) (665,-177) (666,-183) (667,-187) (668,-191) (669,-194) (670,-189) (671,-189) (672,-184) (673,-186) (674,-189) (675,-185) (676,-186) (677,-188) (678,-195) (679,-198) (680,-201) (681,-199) (682,-194) (683,-192) (684,-186) (685,-188) (686,-187) (687,-171) (688,-174) (689,-179) (690,-182) (691,-182) (692,-176) (693,-177) (694,-171) (695,-178) (696,-178) (697,-175) (698,-175) (699,-174) (700,-161) (701,-163) (702,-169) (703,-165) (704,-158) (705,-158) (706,-159) (707,-161) (708,-169) (709,-164) (710,-164) (711,-156) (712,-155) (713,-151) (714,-154) (715,-150) (716,-152) (717,-151) (718,-154) (719,-152) (720,-158) (721,-160) (722,-165) (723,-173) (724,-174) (725,-171) (726,-180) (727,-185) (728,-183) (729,-183) (730,-183) (731,-187) (732,-182) (733,-191) (734,-194) (735,-198) (736,-198) (737,-190) (738,-181) (739,-169) (740,-173) (741,-178) (742,-177) (743,-175) (744,-172) (745,-172) (746,-169) (747,-179) (748,-175) (749,-177) (750,-176) (751,-174) (752,-172) (753,-179) (754,-179) (755,-179) (756,-179) (757,-184) (758,-191) (759,-191) (760,-189) (761,-178) (762,-176) (763,-176) (764,-183) (765,-180) (766,-188) (767,-189) (768,-190) (769,-192) (770,-193) (771,-197) (772,-192) (773,-191) (774,-193) (775,-193) (776,-191) (777,-194) (778,-191) (779,-190) (780,-191) (781,-187) (782,-191) (783,-186) (784,-190) (785,-192) (786,-187) (787,-189) (788,-186) (789,-186) (790,-180) (791,-182) (792,-188) (793,-193) (794,-203) (795,-201) (796,-191) (797,-191) (798,-190) (799,-196) (800,-192) (801,-197) (802,-194) (803,-199) (804,-204) (805,-211) (806,-205) (807,-197) (808,-201) (809,-209) (810,-212) (811,-211) (812,-210) (813,-214) (814,-219) (815,-221) (816,-219) (817,-231) (818,-226) (819,-220) (820,-227) (821,-222) (822,-214) (823,-215) (824,-210) (825,-203) (826,-194) (827,-193) (828,-188) (829,-179) (830,-176) (831,-171) (832,-171) (833,-166) (834,-170) (835,-178) (836,-175) (837,-184) (838,-187) (839,-181) (840,-177) (841,-174) (842,-176) (843,-168) (844,-172) (845,-178) (846,-179) (847,-173) (848,-175) (849,-177) (850,-175) (851,-175) (852,-173) (853,-171) (854,-166) (855,-160) (856,-162) (857,-164) (858,-163) (859,-159) (860,-156) (861,-157) (862,-159) (863,-151) (864,-154) (865,-151) (866,-143) (867,-145) (868,-147) (869,-147) (870,-147) (871,-146) (872,-147) (873,-152) (874,-155) (875,-153) (876,-155) (877,-148) (878,-145) (879,-139) (880,-139) (881,-134) (882,-143) (883,-146) (884,-141) (885,-144) (886,-149) (887,-158) (888,-152) (889,-153) (890,-162) (891,-171) (892,-170) (893,-170) (894,-168) (895,-163) (896,-161) (897,-153) (898,-154) (899,-149) (900,-155) (901,-154) (902,-142) (903,-133) (904,-132) (905,-131) (906,-127) (907,-130) (908,-131) (909,-126) (910,-123) (911,-129) (912,-127) (913,-131) (914,-137) (915,-138) (916,-141) (917,-142) (918,-142) (919,-148) (920,-148) (921,-141) (922,-142) (923,-135) (924,-131) (925,-129) (926,-119) (927,-120) (928,-117) (929,-114) (930,-116) (931,-106) (932,-107) (933,-105) (934,-107) (935,-108) (936,-105) (937,-111) (938,-112) (939,-114) (940,-108) (941,-110) (942,-122) (943,-120) (944,-118) (945,-123) (946,-124) (947,-127) (948,-128) (949,-125) (950,-119) (951,-126) (952,-127) (953,-117) (954,-117) (955,-115) (956,-109) (957,-98) (958,-99) (959,-102) (960,-90) (961,-82) (962,-82) (963,-87) (964,-81) (965,-82) (966,-79) (967,-72) (968,-69) (969,-66) (970,-70) (971,-70) (972,-71) (973,-66) (974,-72) (975,-74) (976,-69) (977,-68) 
(999,-55) (996,-53) (213,80) (26,30) (5,13) (0,4) (995,-53) (214,78) (994,-57) (993,-60) (989,-58) (335,54) (215,70) (988,-59) (353,49) (336,51) (981,-59) (978,-62) (979,-63) (980,-65) 
(999,-55) (996,-53) (213,80) (26,30) (5,13) (0,4) (995,-53) (214,78) (994,-57) (993,-60) (989,-58) (335,54) (215,70) (988,-59) (353,49) (336,51) (981,-59) (987,-65) (982,-67) (983,-68) (984,-72) (985,-70) (986,-71) 
TD 8 :
(999,-55) (996,-53) (213,80) (26,30) (5,13) (0,4) (995,-53) (214,78) (994,-57) (993,-60) (989,-58) (335,54) (215,70) (223,63) (216,63) (222,62) (219,61) (218,61) (221,59) (220,57) 
(999,-55) (996,-53) (213,80) (26,30) (5,13) (0,4) (995,-53) (214,78) (994,-57) (993,-60) (989,-58) (335,54) (215,70) (223,63) (216,63) (222,62) (219,61) (218,61) (221,59) 
(999,-55) (996,-53) (213,80) (26,30) (5,13) (0,4) (995,-53) (214,78) (994,-57) (993,-60) (989,-58) (335,54) (215,70) (988,-59) (353,49) (336,51) (981,-59) (978,-62) (979,-63) 
(999,-55) (996,-53) (213,80) (26,30) (5,13) (0,4) (995,-53) (214,78) (994,-57) (993,-60) (989,-58) (335,54) (215,70) (988,-59) (353,49) (336,51) (981,-59) (978,-62) (979,-63) (980,-65) 
(999,-55) (996,-53) (213,80) (26,30) (5,13) (0,4) (995,-53) (214,78) (994,-57) (993,-60) (989,-58) (335,54) (215,70) (988,-59) (353,49) (336,51) (981,-59) (987,-65) (986,-71) (982,-67) (983,-68) (984,-72) (985,-70) 
TD 9 :
(999,-55) (996,-53) (213,80) (26,30) (5,13) (0,4) (995,-53) (214,78) (994,-57) (993,-60) (989,-58) (335,54) (215,70) (988,-59) (353,49) (336,51) (981,-59) (978,-62) (979,-63) (980,-65) 
(999,-55) (996,-53) (213,80) (26,30) (5,13) (0,4) (995,-53) (214,78) (994,-57) (993,-60) (989,-58) (335,54) (215,70) (988,-59) (353,49) (336,51) (981,-59) (978,-62) (979,-63) (980,-65) 
(999,-55) (996,-53) (213,80) (26,30) (5,13) (0,4) (995,-53) (214,78) (994,-57) (993,-60) (989,-58) (335,54) (215,70) (988,-59) (353,49) (336,51) (981,-59) (987,-65) (986,-71) (985,-70) (983,-68) (982,-67) 
(999,-55) (996,-53) (213,80) (26,30) (5,13) (0,4) (995,-53) (214,78) (994,-57) (993,-60) (989,-58) (335,54) (215,70) (988,-59) (353,49) (336,51) (981,-59) (987,-65) (986,-71) (985,-70) (983,-68) (982,-67) 
(999,-55) (996,-53) (213,80) (26,30) (5,13) (0,4) (995,-53) (214,78) (994,-57) (993,-60) (989,-58) (335,54) (215,70) (988,-59) (353,49) (336,51) (981,-59) (987,-65) (986,-71) (985,-70) (983,-68) (982,-67) (984,-72) 
TD 10 :
(999,-55) (996,-53) (213,80) (26,30) (5,13) (0,4) (995,-53) (214,78) (994,-57) (993,-60) (989,-58) (335,54) (215,70) (988,-59) (353,49) (336,51) (981,-59) (987,-65) (986,-71) (985,-70) (983,-68) (982,-67) (984,-72) 
TD 11 :
TD 12 :
TD 13 :
TD 14 :
TD 15 :
TD 16 :
TD 17 :
TD 18 :
TD 19 :
TD 20 :
TD 21 :
TD 22 :
TD 23 :
TD 24 :
TD 25 :
TD 26 :
TD 27 :
TD 28 :
TD 29 :
TD 30 :
TD 31 :
TD 32 :
TD 33 :
TD 34 :
TD 35 :
TD 36 :
TD 37 :
TD 38 :
TD 39 :
TD 40 :
TD 41 :
TD 42 :
TD 43 :
TD 44 :
TD 45 :
TD 46 :
TD 47 :
TD 48 :
TD 49 :
TD 50 :
TD 51 :
TD 52 :
TD 53 :
TD 54 :
TD 55 :
TD 56 :
TD 57 :
TD 58 :
TD 59 :
TD 60 :
TD 61 :
TD 62 :
TD 63 :
TD 64 :
TD 65 :
TD 66 :
TD 67 :
TD 68 :
TD 69 :
TD 70 :
TD 71 :
TD 72 :
TD 73 :
TD 74 :
TD 75 :
TD 76 :
TD 77 :
TD 78 :
TD 79 :
TD 80 :
TD 81 :
TD 82 :
TD 83 :
TD 84 :
TD 85 :
TD 86 :
TD 87 :
TD 88 :
TD 89 :
TD 90 :
TD 91 :
TD 92 :
TD 93 :
TD 94 :
TD 95 :
TD 96 :
TD 97 :
TD 98 :
TD 99 :
TD 100 :
TD 101 :
TD 102 :
TD 103 :
TD 104 :
TD 105 :
TD 106 :
TD 107 :
TD 108 :
TD 109 :
TD 110 :
TD 111 :
TD 112 :
TD 113 :
TD 114 :
TD 115 :
TD 116 :
TD 117 :
TD 118 :
TD 119 :
TD 120 :
TD 121 :
TD 122 :
Pocket 0 :
()
Pocket 1 :
({  (0,4) ,(1,-3) } {  (4,3) ,(5,13) } {  (0,4) ,(1,-3) } {  (4,3) ,(5,13) } {  (0,4) ,(1,-3) } {  (4,3) ,(5,13) } {  (0,4) ,(1,-3) } {  (4,3) ,(5,13) } {  (0,4) ,(1,-3) } {  (4,3) ,(5,13) } )
Pocket 2 :
({  (1,-3) ,(0,4) } {  (3,-1) ,(2,4) } {  (1,-3) ,(0,4) } {  (3,-1) ,(2,4) } {  (13,14) ,(12,16) } {  (13,14) ,(12,16) } {  (13,14) ,(12,16) } {  (28,16) ,(27,26) } {  (28,16) ,(27,26) } {  (28,16) ,(27,26) } {  (215,70) ,(214,78) } {  (215,70) ,(214,78) } {  (215,70) ,(214,78) } {  (998,-59) ,(997,-56) } {  (998,-59) ,(997,-56) } )
Pocket 3 :
({  (3,-1) ,(1,-3) } {  (999,-55) ,(4,3) } {  (3,-1) ,(1,-3) } {  (999,-55) ,(4,3) } {  (999,-55) ,(11,13) } {  (999,-55) ,(11,13) } {  (25,15) ,(24,21) } {  (25,15) ,(24,21) } {  (125,51) ,(124,54) } {  (125,51) ,(124,54) } {  (125,51) ,(124,54) } {  (999,-55) ,(994,-57) } )
Pocket 4 :
({  (6,1) ,(11,13) } {  (999,-55) ,(10,11) } {  (6,1) ,(11,13) } {  (999,-55) ,(10,11) } {  (999,-55) ,(211,70) } {  (999,-55) ,(211,70) } {  (216,63) ,(215,70) } {  (216,63) ,(215,70) } {  (216,63) ,(215,70) } {  (216,63) ,(215,70) } )
Pocket 5 :
({  (7,-2) ,(6,1) } {  (9,6) ,(8,4) } {  (7,-2) ,(6,1) } {  (9,6) ,(8,4) } {  (7,-2) ,(6,1) } {  (9,6) ,(8,4) } {  (126,45) ,(125,51) } {  (126,45) ,(125,51) } {  (217,58) ,(216,63) } {  (217,58) ,(216,63) } {  (217,58) ,(216,63) } {  (337,47) ,(336,51) } {  (337,47) ,(336,51) } {  (337,47) ,(336,51) } {  (337,47) ,(336,51) } {  (992,-64) ,(991,-61) } {  (992,-64) ,(991,-61) } )
Pocket 6 :
({  (999,-55) ,(222,62) } {  (999,-55) ,(222,62) } {  (999,-55) ,(334,49) } {  (999,-55) ,(334,49) } {  (352,46) ,(351,47) } {  (352,46) ,(351,47) } {  (982,-67) ,(981,-59) } {  (982,-67) ,(981,-59) } {  (999,-55) ,(990,-64) } )
Pocket 7 :
({  (219,61) ,(218,61) } {  (219,61) ,(218,61) } {  (219,61) ,(218,61) } {  (349,45) ,(348,47) } {  (349,45) ,(348,47) } {  (979,-63) ,(978,-62) } {  (979,-63) ,(978,-62) } {  (999,-55) ,(987,-65) } )
Pocket 8 :
({  (999,-55) ,(221,59) } {  (999,-55) ,(221,59) } {  (980,-65) ,(979,-63) } {  (980,-65) ,(979,-63) } {  (999,-55) ,(986,-71) } )
Pocket 9 :
({  (999,-55) ,(980,-65) } {  (999,-55) ,(980,-65) } {  (983,-68) ,(982,-67) } {  (983,-68) ,(982,-67) } {  (983,-68) ,(982,-67) } )
Pocket 10 :
({  (999,-55) ,(984,-72) } )
Pocket 11 :
()
Pocket 12 :
()
Pocket 13 :
()
Pocket 14 :
()
Pocket 15 :
()
Pocket 16 :
()
Pocket 17 :
()
Pocket 18 :
()
Pocket 19 :
()
Pocket 20 :
()
Pocket 21 :
()
Pocket 22 :
()
Pocket 23 :
()
Pocket 24 :
()
Pocket 25 :
()
Pocket 26 :
()
Pocket 27 :
()
Pocket 28 :
()
Pocket 29 :
()
Pocket 30 :
()
Pocket 31 :
()
Pocket 32 :
()
Pocket 33 :
()
Pocket 34 :
()
Pocket 35 :
()
Pocket 36 :
()
Pocket 37 :
()
Pocket 38 :
()
Pocket 39 :
()
Pocket 40 :
()
Pocket 41 :
()
Pocket 42 :
()
Pocket 43 :
()
Pocket 44 :
()
Pocket 45 :
()
Pocket 46 :
()
Pocket 47 :
()
Pocket 48 :
()
Pocket 49 :
()
Pocket 50 :
()
Pocket 51 :
()
Pocket 52 :
()
Pocket 53 :
()
Pocket 54 :
()
Pocket 55 :
()
Pocket 56 :
()
Pocket 57 :
()
Pocket 58 :
()
Pocket 59 :
()
Pocket 60 :
()
Pocket 61 :
()
Pocket 62 :
()
Pocket 63 :
()
Pocket 64 :
()
Pocket 65 :
()
Pocket 66 :
()
Pocket 67 :
()
Pocket 68 :
()
Pocket 69 :
()
Pocket 70 :
()
Pocket 71 :
()
Pocket 72 :
()
Pocket 73 :
()
Pocket 74 :
()
Pocket 75 :
()
Pocket 76 :
()
Pocket 77 :
()
Pocket 78 :
()
Pocket 79 :
()
Pocket 80 :
()
Pocket 81 :
()
Pocket 82 :
()
Pocket 83 :
()
Pocket 84 :
()
Pocket 85 :
()
Pocket 86 :
()
Pocket 87 :
()
Pocket 88 :
()
Pocket 89 :
()
Pocket 90 :
()
Pocket 91 :
()
Pocket 92 :
()
Pocket 93 :
()
Pocket 94 :
()
Pocket 95 :
()
Pocket 96 :
()
Pocket 97 :
()
Pocket 98 :
()
Pocket 99 :
()
Pocket 100 :
()
Pocket 101 :
()
Pocket 102 :
()
Pocket 103 :
()
Pocket 104 :
()
Pocket 105 :
()
Pocket 106 :
()
Pocket 107 :
()
Pocket 108 :
()
Pocket 109 :
()
Pocket 110 :
()
Pocket 111 :
()
Pocket 112 :
()
Pocket 113 :
()
Pocket 114 :
()
Pocket 115 :
()
Pocket 116 :
()
Pocket 117 :
()
Pocket 118 :
()
Pocket 119 :
()
Pocket 120 :
()
Pocket 121 :
()
