2 layers in onion peeling: 
Layer 1
(9,0) (8,0) (7,0) (0,-1) 
Layer 2
(6,-1) (5,-1) (4,-1) (2,-1) (1,-1) 
---------------------------------------------------------------------------------------
TD 0 :
(9,0) (8,0) (7,0) (6,-1) (5,-1) (4,-1) (3,-2) (2,-1) (1,-1) (0,-1) 
TD 1 :
(9,0) (8,0) (7,0) (0,-1) (1,-1) (2,-1) (3,-2) (4,-1) (5,-1) (6,-1) 
(9,0) (8,0) (7,0) (0,-1) 
(9,0) (8,0) (7,0) (0,-1) 
TD 2 :
(9,0) (8,0) (7,0) (0,-1) (6,-1) (5,-1) (4,-1) (2,-1) (1,-1) 
(9,0) (8,0) (7,0) (0,-1) (6,-1) (5,-1) (4,-1) (2,-1) (1,-1) (3,-2) 
(9,0) (8,0) (7,0) (0,-1) (6,-1) (5,-1) (4,-1) (2,-1) (1,-1) 
(9,0) (8,0) (7,0) (0,-1) (6,-1) (5,-1) (4,-1) (2,-1) (1,-1) 
Pocket 0 :
()
Pocket 1 :
({  (0,-1) ,(1,-1) } {  (6,-1) ,(7,0) } {  (0,-1) ,(1,-1) } {  (6,-1) ,(7,0) } {  (0,-1) ,(1,-1) } {  (6,-1) ,(7,0) } )
