12 layers in onion peeling: 
Layer 1
(99,20) (96,24) (86,26) (73,25) (49,23) (32,21) (22,19) (3,5) (0,0) 
Layer 2
(98,19) (97,21) (95,23) (88,25) (33,21) (23,19) (21,18) (4,4) (2,2) (1,1) 
Layer 3
(94,21) (92,22) (87,24) (85,24) (47,22) (34,21) (28,19) (19,16) (15,12) (5,1) 
Layer 4
(93,21) (91,22) (89,23) (76,23) (74,23) (36,21) (20,16) (8,4) (6,2) 
Layer 5
(90,22) (84,22) (77,22) (72,22) (38,20) (30,19) (25,17) (18,13) (16,11) (13,8) (10,5) (9,4) (7,2) 
Layer 6
(83,21) (79,21) (78,21) (75,21) (71,21) (67,21) (39,20) (31,19) (26,17) (24,16) (14,8) (12,6) (11,4) 
Layer 7
(82,19) (69,20) (68,20) (56,20) (48,20) (46,20) (43,20) (42,20) (41,20) (35,19) (27,17) (17,10) 
Layer 8
(81,19) (70,19) (52,19) (51,19) (50,19) (45,19) (37,19) (29,17) 
Layer 9
(80,18) (57,18) (55,18) (44,18) (40,17) 
Layer 10
(66,16) (58,17) (53,17) 
Layer 11
(65,15) (54,16) 
Layer 12
(64,12) (63,13) (62,14) (59,15) 
---------------------------------------------------------------------------------------
TD 0 :
(99,20) (98,19) (97,21) (96,24) (95,23) (94,21) (93,21) (92,22) (91,22) (90,22) (89,23) (88,25) (87,24) (86,26) (85,24) (84,22) (83,21) (82,19) (81,19) (80,18) (79,21) (78,21) (77,22) (76,23) (75,21) (74,23) (73,25) (72,22) (71,21) (70,19) (69,20) (68,20) (67,21) (66,16) (65,15) (64,12) (63,13) (62,14) (61,13) (60,14) (59,15) (58,17) (57,18) (56,20) (55,18) (54,16) (53,17) (52,19) (51,19) (50,19) (49,23) (48,20) (47,22) (46,20) (45,19) (44,18) (43,20) (42,20) (41,20) (40,17) (39,20) (38,20) (37,19) (36,21) (35,19) (34,21) (33,21) (32,21) (31,19) (30,19) (29,17) (28,19) (27,17) (26,17) (25,17) (24,16) (23,19) (22,19) (21,18) (20,16) (19,16) (18,13) (17,10) (16,11) (15,12) (14,8) (13,8) (12,6) (11,4) (10,5) (9,4) (8,4) (7,2) (6,2) (5,1) (4,4) (3,5) (2,2) (1,1) (0,0) 
TD 1 :
(99,20) (96,24) (86,26) (73,25) (49,23) (32,21) (22,19) (3,5) (0,0) (1,1) (2,2) 
(99,20) (96,24) (86,26) (73,25) (49,23) (32,21) (22,19) (3,5) (0,0) (4,4) (5,1) (6,2) (7,2) (8,4) (9,4) (10,5) (11,4) (12,6) (13,8) (14,8) (15,12) (16,11) (17,10) (18,13) (19,16) (20,16) (21,18) 
(99,20) (96,24) (86,26) (73,25) (49,23) (32,21) (22,19) (3,5) (0,0) (23,19) (24,16) (25,17) (26,17) (27,17) (28,19) (29,17) (30,19) (31,19) 
(99,20) (96,24) (86,26) (73,25) (49,23) (32,21) (22,19) (3,5) (0,0) (33,21) (34,21) (35,19) (36,21) (37,19) (38,20) (39,20) (40,17) (41,20) (42,20) (43,20) (44,18) (45,19) (46,20) (47,22) (48,20) 
(99,20) (96,24) (86,26) (73,25) (49,23) (32,21) (22,19) (3,5) (0,0) (50,19) (51,19) (52,19) (53,17) (54,16) (55,18) (56,20) (57,18) (58,17) (59,15) (60,14) (61,13) (62,14) (63,13) (64,12) (65,15) (66,16) (67,21) (68,20) (69,20) (70,19) (71,21) (72,22) 
(99,20) (96,24) (86,26) (73,25) (49,23) (32,21) (22,19) (3,5) (0,0) (74,23) (75,21) (76,23) (77,22) (78,21) (79,21) (80,18) (81,19) (82,19) (83,21) (84,22) (85,24) 
(99,20) (96,24) (86,26) (73,25) (49,23) (32,21) (22,19) (3,5) (0,0) (87,24) (88,25) (89,23) (90,22) (91,22) (92,22) (93,21) (94,21) (95,23) 
(99,20) (96,24) (86,26) (73,25) (49,23) (32,21) (22,19) (3,5) (0,0) (97,21) (98,19) 
TD 2 :
(99,20) (96,24) (86,26) (73,25) (49,23) (32,21) (22,19) (3,5) (0,0) (2,2) (1,1) 
(99,20) (96,24) (86,26) (73,25) (49,23) (32,21) (22,19) (3,5) (0,0) (2,2) (1,1) 
(99,20) (96,24) (86,26) (73,25) (49,23) (32,21) (22,19) (3,5) (0,0) (21,18) (4,4) 
(99,20) (96,24) (86,26) (73,25) (49,23) (32,21) (22,19) (3,5) (0,0) (21,18) (4,4) (5,1) (6,2) (7,2) (8,4) (9,4) (10,5) (11,4) (12,6) (13,8) (14,8) (15,12) (16,11) (17,10) (18,13) (19,16) (20,16) 
(99,20) (96,24) (86,26) (73,25) (49,23) (32,21) (22,19) (3,5) (0,0) (21,18) (4,4) 
(99,20) (96,24) (86,26) (73,25) (49,23) (32,21) (22,19) (3,5) (0,0) (23,19) 
(99,20) (96,24) (86,26) (73,25) (49,23) (32,21) (22,19) (3,5) (0,0) (23,19) (24,16) (25,17) (26,17) (27,17) (28,19) (29,17) (30,19) (31,19) 
(99,20) (96,24) (86,26) (73,25) (49,23) (32,21) (22,19) (3,5) (0,0) (33,21) 
(99,20) (96,24) (86,26) (73,25) (49,23) (32,21) (22,19) (3,5) (0,0) (33,21) (34,21) (35,19) (36,21) (37,19) (38,20) (39,20) (40,17) (41,20) (42,20) (43,20) (44,18) (45,19) (46,20) (47,22) (48,20) 
(99,20) (96,24) (86,26) (73,25) (49,23) (32,21) (22,19) (3,5) (0,0) (95,23) (88,25) (87,24) 
(99,20) (96,24) (86,26) (73,25) (49,23) (32,21) (22,19) (3,5) (0,0) (95,23) (88,25) (89,23) (90,22) (91,22) (92,22) (93,21) (94,21) 
(99,20) (96,24) (86,26) (73,25) (49,23) (32,21) (22,19) (3,5) (0,0) (95,23) (88,25) 
(99,20) (96,24) (86,26) (73,25) (49,23) (32,21) (22,19) (3,5) (0,0) (98,19) (97,21) 
(99,20) (96,24) (86,26) (73,25) (49,23) (32,21) (22,19) (3,5) (0,0) (98,19) (97,21) 
TD 3 :
(99,20) (96,24) (86,26) (73,25) (49,23) (32,21) (22,19) (3,5) (0,0) (21,18) (4,4) (19,16) (15,12) (5,1) (6,2) (7,2) (8,4) (9,4) (10,5) (11,4) (12,6) (13,8) (14,8) 
(99,20) (96,24) (86,26) (73,25) (49,23) (32,21) (22,19) (3,5) (0,0) (21,18) (4,4) (19,16) (15,12) (5,1) (16,11) (17,10) (18,13) 
(99,20) (96,24) (86,26) (73,25) (49,23) (32,21) (22,19) (3,5) (0,0) (21,18) (4,4) (19,16) (15,12) (5,1) (20,16) 
(99,20) (96,24) (86,26) (73,25) (49,23) (32,21) (22,19) (3,5) (0,0) (23,19) (28,19) (24,16) (25,17) (26,17) (27,17) 
(99,20) (96,24) (86,26) (73,25) (49,23) (32,21) (22,19) (3,5) (0,0) (23,19) (28,19) (29,17) (30,19) (31,19) 
(99,20) (96,24) (86,26) (73,25) (49,23) (32,21) (22,19) (3,5) (0,0) (33,21) (47,22) (34,21) 
(99,20) (96,24) (86,26) (73,25) (49,23) (32,21) (22,19) (3,5) (0,0) (33,21) (47,22) (34,21) (35,19) (36,21) (37,19) (38,20) (39,20) (40,17) (41,20) (42,20) (43,20) (44,18) (45,19) (46,20) 
(99,20) (96,24) (86,26) (73,25) (49,23) (32,21) (22,19) (3,5) (0,0) (33,21) (47,22) (34,21) (48,20) 
(99,20) (96,24) (86,26) (73,25) (49,23) (32,21) (22,19) (3,5) (0,0) (95,23) (88,25) (87,24) 
(99,20) (96,24) (86,26) (73,25) (49,23) (32,21) (22,19) (3,5) (0,0) (95,23) (88,25) (87,24) 
(99,20) (96,24) (86,26) (73,25) (49,23) (32,21) (22,19) (3,5) (0,0) (95,23) (88,25) (94,21) (92,22) (89,23) (90,22) (91,22) 
(99,20) (96,24) (86,26) (73,25) (49,23) (32,21) (22,19) (3,5) (0,0) (95,23) (88,25) (94,21) (92,22) (93,21) 
TD 4 :
(99,20) (96,24) (86,26) (73,25) (49,23) (32,21) (22,19) (3,5) (0,0) (21,18) (4,4) (19,16) (15,12) (5,1) (8,4) (6,2) (7,2) 
(99,20) (96,24) (86,26) (73,25) (49,23) (32,21) (22,19) (3,5) (0,0) (21,18) (4,4) (19,16) (15,12) (5,1) (8,4) (6,2) (9,4) (10,5) (11,4) (12,6) (13,8) (14,8) 
(99,20) (96,24) (86,26) (73,25) (49,23) (32,21) (22,19) (3,5) (0,0) (21,18) (4,4) (19,16) (15,12) (5,1) (20,16) 
(99,20) (96,24) (86,26) (73,25) (49,23) (32,21) (22,19) (3,5) (0,0) (21,18) (4,4) (19,16) (15,12) (5,1) (20,16) 
(99,20) (96,24) (86,26) (73,25) (49,23) (32,21) (22,19) (3,5) (0,0) (33,21) (47,22) (34,21) (36,21) (35,19) 
(99,20) (96,24) (86,26) (73,25) (49,23) (32,21) (22,19) (3,5) (0,0) (33,21) (47,22) (34,21) (36,21) (37,19) (38,20) (39,20) (40,17) (41,20) (42,20) (43,20) (44,18) (45,19) (46,20) 
(99,20) (96,24) (86,26) (73,25) (49,23) (32,21) (22,19) (3,5) (0,0) (95,23) (88,25) (94,21) (92,22) (91,22) (89,23) 
(99,20) (96,24) (86,26) (73,25) (49,23) (32,21) (22,19) (3,5) (0,0) (95,23) (88,25) (94,21) (92,22) (91,22) (89,23) (90,22) 
(99,20) (96,24) (86,26) (73,25) (49,23) (32,21) (22,19) (3,5) (0,0) (95,23) (88,25) (94,21) (92,22) (91,22) (89,23) 
(99,20) (96,24) (86,26) (73,25) (49,23) (32,21) (22,19) (3,5) (0,0) (95,23) (88,25) (94,21) (92,22) (93,21) 
TD 5 :
(99,20) (96,24) (86,26) (73,25) (49,23) (32,21) (22,19) (3,5) (0,0) (21,18) (4,4) (19,16) (15,12) (5,1) (8,4) (6,2) (7,2) 
(99,20) (96,24) (86,26) (73,25) (49,23) (32,21) (22,19) (3,5) (0,0) (21,18) (4,4) (19,16) (15,12) (5,1) (8,4) (6,2) (13,8) (10,5) (9,4) 
(99,20) (96,24) (86,26) (73,25) (49,23) (32,21) (22,19) (3,5) (0,0) (21,18) (4,4) (19,16) (15,12) (5,1) (8,4) (6,2) (13,8) (10,5) (9,4) 
(99,20) (96,24) (86,26) (73,25) (49,23) (32,21) (22,19) (3,5) (0,0) (21,18) (4,4) (19,16) (15,12) (5,1) (8,4) (6,2) (13,8) (10,5) (9,4) (11,4) (12,6) 
(99,20) (96,24) (86,26) (73,25) (49,23) (32,21) (22,19) (3,5) (0,0) (21,18) (4,4) (19,16) (15,12) (5,1) (8,4) (6,2) (13,8) (10,5) (9,4) (14,8) 
(99,20) (96,24) (86,26) (73,25) (49,23) (32,21) (22,19) (3,5) (0,0) (33,21) (47,22) (34,21) (36,21) (38,20) (37,19) 
(99,20) (96,24) (86,26) (73,25) (49,23) (32,21) (22,19) (3,5) (0,0) (33,21) (47,22) (34,21) (36,21) (38,20) (39,20) (40,17) (41,20) (42,20) (43,20) (44,18) (45,19) (46,20) 
(99,20) (96,24) (86,26) (73,25) (49,23) (32,21) (22,19) (3,5) (0,0) (95,23) (88,25) (94,21) (92,22) (91,22) (89,23) (90,22) 
TD 6 :
(99,20) (96,24) (86,26) (73,25) (49,23) (32,21) (22,19) (3,5) (0,0) (21,18) (4,4) (19,16) (15,12) (5,1) (8,4) (6,2) (13,8) (10,5) (9,4) (12,6) (11,4) 
(99,20) (96,24) (86,26) (73,25) (49,23) (32,21) (22,19) (3,5) (0,0) (21,18) (4,4) (19,16) (15,12) (5,1) (8,4) (6,2) (13,8) (10,5) (9,4) (12,6) (11,4) 
(99,20) (96,24) (86,26) (73,25) (49,23) (32,21) (22,19) (3,5) (0,0) (21,18) (4,4) (19,16) (15,12) (5,1) (8,4) (6,2) (13,8) (10,5) (9,4) (14,8) 
(99,20) (96,24) (86,26) (73,25) (49,23) (32,21) (22,19) (3,5) (0,0) (21,18) (4,4) (19,16) (15,12) (5,1) (8,4) (6,2) (13,8) (10,5) (9,4) (14,8) 
(99,20) (96,24) (86,26) (73,25) (49,23) (32,21) (22,19) (3,5) (0,0) (33,21) (47,22) (34,21) (36,21) (38,20) (39,20) 
(99,20) (96,24) (86,26) (73,25) (49,23) (32,21) (22,19) (3,5) (0,0) (33,21) (47,22) (34,21) (36,21) (38,20) (39,20) (40,17) (41,20) (42,20) (43,20) (44,18) (45,19) (46,20) 
TD 7 :
(99,20) (96,24) (86,26) (73,25) (49,23) (32,21) (22,19) (3,5) (0,0) (33,21) (47,22) (34,21) (36,21) (38,20) (39,20) (46,20) (43,20) (42,20) (41,20) (40,17) 
(99,20) (96,24) (86,26) (73,25) (49,23) (32,21) (22,19) (3,5) (0,0) (33,21) (47,22) (34,21) (36,21) (38,20) (39,20) (46,20) (43,20) (42,20) (41,20) 
(99,20) (96,24) (86,26) (73,25) (49,23) (32,21) (22,19) (3,5) (0,0) (33,21) (47,22) (34,21) (36,21) (38,20) (39,20) (46,20) (43,20) (42,20) (41,20) 
(99,20) (96,24) (86,26) (73,25) (49,23) (32,21) (22,19) (3,5) (0,0) (33,21) (47,22) (34,21) (36,21) (38,20) (39,20) (46,20) (43,20) (42,20) (41,20) (44,18) (45,19) 
(99,20) (96,24) (86,26) (73,25) (49,23) (32,21) (22,19) (3,5) (0,0) (33,21) (47,22) (34,21) (36,21) (38,20) (39,20) (46,20) (43,20) (42,20) (41,20) 
TD 8 :
(99,20) (96,24) (86,26) (73,25) (49,23) (32,21) (22,19) (3,5) (0,0) (33,21) (47,22) (34,21) (36,21) (38,20) (39,20) (46,20) (43,20) (42,20) (41,20) (45,19) (44,18) 
(99,20) (96,24) (86,26) (73,25) (49,23) (32,21) (22,19) (3,5) (0,0) (33,21) (47,22) (34,21) (36,21) (38,20) (39,20) (46,20) (43,20) (42,20) (41,20) (45,19) 
TD 9 :
(99,20) (96,24) (86,26) (73,25) (49,23) (32,21) (22,19) (3,5) (0,0) (33,21) (47,22) (34,21) (36,21) (38,20) (39,20) (46,20) (43,20) (42,20) (41,20) (45,19) (44,18) 
(99,20) (96,24) (86,26) (73,25) (49,23) (32,21) (22,19) (3,5) (0,0) (33,21) (47,22) (34,21) (36,21) (38,20) (39,20) (46,20) (43,20) (42,20) (41,20) (45,19) (44,18) 
TD 10 :
TD 11 :
TD 12 :
Pocket 0 :
()
Pocket 1 :
({  (0,0) ,(1,1) } {  (2,2) ,(3,5) } {  (0,0) ,(1,1) } {  (2,2) ,(3,5) } {  (0,0) ,(1,1) } {  (2,2) ,(3,5) } {  (0,0) ,(1,1) } {  (2,2) ,(3,5) } {  (0,0) ,(1,1) } {  (2,2) ,(3,5) } {  (0,0) ,(1,1) } {  (2,2) ,(3,5) } {  (0,0) ,(1,1) } {  (2,2) ,(3,5) } {  (0,0) ,(1,1) } {  (2,2) ,(3,5) } )
Pocket 2 :
({  (1,1) ,(0,0) } {  (99,20) ,(2,2) } {  (1,1) ,(0,0) } {  (99,20) ,(2,2) } {  (5,1) ,(4,4) } {  (5,1) ,(4,4) } {  (5,1) ,(4,4) } {  (24,16) ,(23,19) } {  (24,16) ,(23,19) } {  (34,21) ,(33,21) } {  (34,21) ,(33,21) } {  (89,23) ,(88,25) } {  (89,23) ,(88,25) } {  (89,23) ,(88,25) } {  (98,19) ,(97,21) } {  (98,19) ,(97,21) } )
Pocket 3 :
({  (5,1) ,(4,4) } {  (16,11) ,(15,12) } {  (5,1) ,(4,4) } {  (16,11) ,(15,12) } {  (5,1) ,(4,4) } {  (16,11) ,(15,12) } {  (29,17) ,(28,19) } {  (29,17) ,(28,19) } {  (35,19) ,(34,21) } {  (35,19) ,(34,21) } {  (35,19) ,(34,21) } {  (99,20) ,(87,24) } {  (99,20) ,(87,24) } {  (93,21) ,(92,22) } {  (93,21) ,(92,22) } )
Pocket 4 :
({  (6,2) ,(5,1) } {  (9,4) ,(8,4) } {  (6,2) ,(5,1) } {  (9,4) ,(8,4) } {  (99,20) ,(20,16) } {  (99,20) ,(20,16) } {  (37,19) ,(36,21) } {  (37,19) ,(36,21) } {  (90,22) ,(89,23) } {  (90,22) ,(89,23) } {  (90,22) ,(89,23) } {  (99,20) ,(93,21) } )
Pocket 5 :
({  (7,2) ,(6,2) } {  (10,5) ,(9,4) } {  (10,5) ,(9,4) } {  (10,5) ,(9,4) } {  (10,5) ,(9,4) } {  (39,20) ,(38,20) } {  (39,20) ,(38,20) } {  (99,20) ,(90,22) } )
Pocket 6 :
({  (11,4) ,(9,4) } {  (99,20) ,(12,6) } {  (11,4) ,(9,4) } {  (99,20) ,(12,6) } {  (99,20) ,(14,8) } {  (99,20) ,(14,8) } {  (40,17) ,(39,20) } {  (40,17) ,(39,20) } )
Pocket 7 :
({  (42,20) ,(41,20) } {  (42,20) ,(41,20) } {  (42,20) ,(41,20) } {  (42,20) ,(41,20) } {  (42,20) ,(41,20) } )
Pocket 8 :
({  (99,20) ,(45,19) } {  (99,20) ,(45,19) } )
Pocket 9 :
({  (99,20) ,(44,18) } {  (99,20) ,(44,18) } )
Pocket 10 :
()
Pocket 11 :
()
