96 layers in onion peeling: 
Layer 1
(999,-31) (996,-28) (988,-23) (801,56) (265,114) (22,60) (19,56) (1,2) (0,-2) 
Layer 2
(998,-33) (997,-30) (989,-25) (802,53) (266,113) (21,57) (20,56) (18,51) (2,3) 
Layer 3
(995,-31) (800,52) (797,53) (264,112) (23,56) (13,34) (10,26) (3,1) 
Layer 4
(994,-33) (993,-31) (808,46) (799,49) (268,110) (263,110) (38,59) (26,55) (15,37) (12,30) (11,27) (8,18) (7,15) (4,-8) 
Layer 5
(992,-36) (991,-35) (990,-34) (960,-21) (798,48) (267,107) (257,105) (28,53) (17,38) (9,20) (6,4) (5,-8) 
Layer 6
(987,-36) (986,-34) (804,45) (796,48) (269,106) (262,105) (27,51) (16,35) (14,24) 
Layer 7
(985,-46) (984,-42) (958,-22) (809,42) (803,44) (271,103) (260,104) (36,53) (29,50) (24,45) 
Layer 8
(983,-48) (959,-23) (912,-3) (805,40) (776,46) (270,101) (255,101) (233,97) (37,53) (30,50) (25,44) 
Layer 9
(982,-50) (961,-27) (930,-11) (807,37) (768,43) (604,64) (261,100) (253,99) (234,95) (44,54) (39,52) (32,49) (31,47) 
Layer 10
(981,-52) (957,-25) (908,-4) (816,32) (806,35) (767,43) (603,61) (256,98) (59,56) (43,52) (33,49) 
Layer 11
(980,-54) (962,-32) (931,-14) (817,31) (775,39) (272,96) (252,97) (61,56) (34,49) 
Layer 12
(979,-62) (978,-58) (965,-36) (964,-35) (963,-34) (946,-24) (913,-8) (872,8) (823,26) (795,35) (779,38) (772,39) (275,95) (258,95) (254,95) (51,52) (42,48) (35,40) 
Layer 13
(977,-62) (976,-59) (974,-54) (969,-47) (956,-34) (945,-26) (932,-19) (914,-10) (910,-8) (821,25) (774,38) (602,58) (279,93) (259,93) (251,93) (235,90) (97,61) (60,53) (45,49) (40,45) 
Layer 14
(975,-61) (970,-51) (966,-46) (947,-28) (929,-18) (915,-11) (822,24) (771,38) (605,57) (274,92) (242,90) (232,89) (49,50) (41,45) 
Layer 15
(973,-61) (968,-50) (967,-49) (949,-31) (934,-21) (928,-18) (911,-10) (820,24) (766,37) (281,91) (277,91) (241,89) (50,50) (46,48) 
Layer 16
(972,-64) (953,-36) (948,-31) (944,-28) (941,-26) (925,-18) (907,-10) (869,5) (824,22) (810,26) (778,34) (773,35) (599,55) (278,90) (244,86) (231,84) (214,81) (58,50) (48,48) (47,47) 
Layer 17
(971,-63) (955,-39) (943,-28) (933,-23) (909,-12) (878,1) (870,4) (813,25) (769,35) (606,54) (273,89) (221,82) (64,51) (55,49) (53,47) (52,45) 
Layer 18
(954,-42) (952,-38) (951,-36) (950,-35) (942,-28) (868,4) (818,23) (812,25) (780,32) (601,54) (318,84) (276,88) (229,83) (62,50) (57,49) (56,48) (54,45) 
Layer 19
(940,-30) (936,-27) (927,-22) (862,6) (825,20) (811,25) (777,32) (598,54) (280,87) (249,85) (240,84) (63,50) 
Layer 20
(939,-33) (937,-29) (926,-22) (871,2) (815,22) (794,27) (770,31) (600,52) (283,86) (282,86) (236,83) (230,82) (96,56) (88,53) (66,44) (65,43) 
Layer 21
(938,-39) (935,-28) (918,-19) (865,2) (819,20) (765,29) (607,51) (284,84) (243,82) (216,79) (98,54) (86,51) (72,46) (71,45) (67,36) 
Layer 22
(924,-28) (923,-23) (873,-2) (826,16) (814,20) (790,24) (608,49) (317,78) (250,82) (237,81) (217,79) (100,53) (75,45) (70,42) (68,33) 
Layer 23
(922,-29) (919,-23) (906,-16) (864,1) (793,23) (609,46) (246,81) (239,81) (213,78) (95,50) (92,49) (81,45) (73,41) (69,33) 
Layer 24
(921,-28) (917,-23) (916,-22) (876,-4) (860,2) (781,24) (639,42) (298,75) (238,80) (222,79) (215,78) (87,47) (84,46) (76,42) (74,37) 
Layer 25
(920,-27) (905,-19) (874,-4) (867,-1) (788,22) (782,23) (764,26) (285,76) (245,79) (227,79) (101,50) (85,46) (78,40) (77,38) 
Layer 26
(904,-19) (863,0) (791,21) (785,22) (758,26) (610,42) (319,72) (228,77) (218,76) (204,73) (99,49) (83,44) (79,38) 
Layer 27
(903,-25) (890,-13) (875,-6) (859,1) (783,22) (754,26) (597,43) (345,69) (299,73) (248,75) (220,74) (205,71) (89,45) (82,42) (80,39) 
Layer 28
(902,-29) (901,-27) (889,-15) (879,-8) (858,1) (828,9) (784,20) (641,38) (315,70) (293,72) (247,74) (223,74) (208,71) (93,44) (90,40) 
Layer 29
(900,-28) (899,-27) (877,-8) (861,-2) (851,1) (827,8) (792,17) (787,18) (759,23) (630,39) (297,71) (226,72) (206,69) (91,41) 
Layer 30
(898,-33) (897,-29) (895,-24) (894,-23) (866,-4) (843,3) (789,17) (757,23) (637,38) (301,70) (224,71) (212,69) (105,44) (102,43) (94,40) 
Layer 31
(896,-32) (893,-24) (881,-15) (857,-2) (849,1) (786,16) (649,36) (640,37) (300,70) (290,70) (286,70) (207,67) (110,45) (106,43) (104,42) (103,38) 
Layer 32
(892,-25) (891,-24) (882,-16) (880,-15) (856,-3) (852,-1) (751,20) (647,35) (316,68) (292,69) (288,69) (219,67) (203,64) (109,44) (108,39) (107,34) 
Layer 33
(888,-23) (884,-20) (855,-3) (848,-1) (755,19) (646,35) (346,65) (314,67) (296,67) (294,67) (287,67) (225,67) (209,65) (111,44) 
Layer 34
(887,-24) (885,-22) (850,-2) (763,17) (642,35) (347,64) (313,66) (311,66) (302,66) (289,66) (211,63) (121,44) (114,42) (113,41) (112,36) 
Layer 35
(886,-31) (883,-27) (847,-2) (844,-1) (762,17) (631,36) (611,38) (343,64) (291,65) (202,61) (122,42) (115,35) 
Layer 36
(854,-12) (853,-9) (846,-2) (761,16) (756,17) (636,34) (344,63) (312,64) (210,60) (123,41) (116,34) 
Layer 37
(845,-3) (760,16) (643,33) (342,62) (320,63) (307,62) (196,53) (125,41) (117,34) 
Layer 38
(842,-11) (829,0) (753,14) (648,32) (595,37) (341,60) (295,61) (201,53) (124,39) (118,32) 
Layer 39
(841,-14) (752,14) (650,31) (635,33) (349,59) (310,60) (306,60) (305,60) (197,46) (120,34) (119,30) 
Layer 40
(840,-16) (833,-13) (749,12) (638,32) (615,34) (348,57) (303,59) (200,45) (126,32) 
Layer 41
(839,-20) (832,-14) (750,11) (634,32) (624,33) (325,58) (308,58) (189,43) (127,29) 
Layer 42
(838,-21) (836,-19) (831,-14) (747,9) (645,30) (625,32) (340,56) (309,57) (195,43) (128,28) 
Layer 43
(837,-22) (834,-18) (830,-16) (748,8) (664,25) (644,29) (629,31) (332,56) (324,56) (304,55) (188,41) (129,27) 
Layer 44
(835,-25) (745,7) (651,27) (632,29) (612,31) (326,55) (323,55) (199,42) (187,40) (151,29) (130,21) 
Layer 45
(746,3) (665,23) (596,32) (337,54) (333,54) (331,54) (328,54) (190,39) (143,25) (131,19) 
Layer 46
(744,-8) (669,21) (658,23) (633,27) (626,28) (353,52) (321,53) (193,39) (145,25) (132,16) 
Layer 47
(743,-10) (742,-8) (667,21) (652,23) (620,27) (350,52) (339,52) (329,52) (327,52) (194,37) (186,36) (149,24) (133,14) 
Layer 48
(741,-19) (740,-17) (668,20) (666,21) (618,26) (336,51) (335,51) (322,50) (192,36) (152,24) (144,18) (134,5) 
Layer 49
(739,-19) (663,17) (659,18) (619,25) (594,28) (351,48) (338,49) (330,49) (198,36) (191,34) (150,21) (148,19) (146,17) (139,8) (135,1) 
Layer 50
(738,-22) (674,11) (662,16) (627,23) (616,25) (352,45) (334,45) (153,21) (147,16) (141,8) (137,2) (136,-1) 
Layer 51
(737,-26) (670,12) (653,17) (613,25) (354,42) (178,20) (159,17) (154,15) (142,9) (140,5) (138,-3) 
Layer 52
(736,-33) (732,-25) (671,8) (655,15) (628,21) (614,24) (593,26) (379,35) (185,20) (155,14) 
Layer 53
(735,-34) (733,-28) (728,-23) (677,4) (657,13) (621,22) (592,25) (355,32) (176,17) (160,14) (157,13) (156,9) 
Layer 54
(734,-32) (731,-29) (676,4) (661,11) (656,13) (617,22) (356,30) (175,16) (158,9) 
Layer 55
(730,-30) (729,-28) (675,4) (660,10) (654,12) (623,20) (359,29) (177,16) (161,10) 
Layer 56
(727,-34) (726,-29) (722,-26) (678,1) (622,20) (591,21) (436,26) (361,28) (183,16) (174,10) (162,-2) 
Layer 57
(725,-34) (723,-27) (679,-1) (673,2) (590,19) (538,22) (408,26) (384,26) (381,26) (362,26) (360,26) (357,26) (180,13) (172,6) (163,-7) 
Layer 58
(724,-37) (721,-31) (680,-2) (586,18) (437,25) (399,25) (383,25) (364,25) (363,25) (358,25) (182,12) (179,11) (171,4) (164,-8) 
Layer 59
(720,-31) (681,-4) (587,15) (537,20) (427,24) (426,24) (380,24) (378,24) (377,24) (184,12) (173,5) (169,-2) (165,-17) 
Layer 60
(719,-35) (682,-6) (589,14) (540,19) (410,23) (376,23) (181,6) (168,-7) (166,-14) 
Layer 61
(718,-36) (683,-7) (585,13) (536,19) (440,22) (439,22) (438,22) (425,22) (387,22) (386,22) (365,21) (170,-8) (167,-11) 
Layer 62
(717,-41) (716,-38) (705,-27) (672,-5) (584,12) (539,18) (434,21) (428,21) (420,21) (400,21) (385,21) (366,20) 
Layer 63
(715,-45) (713,-36) (695,-24) (686,-20) (588,10) (535,16) (435,19) (429,19) (424,19) (409,19) (406,19) (367,17) 
Layer 64
(714,-44) (712,-38) (707,-34) (685,-22) (583,3) (541,13) (421,18) (388,18) (368,15) 
Layer 65
(711,-38) (704,-33) (692,-26) (684,-22) (581,2) (533,12) (411,17) (405,17) (404,17) (382,17) (375,14) (369,11) 
Layer 66
(710,-45) (706,-36) (694,-28) (688,-25) (580,2) (534,10) (433,16) (423,16) (419,16) (389,14) (370,11) 
Layer 67
(709,-49) (703,-36) (696,-31) (689,-26) (578,0) (543,7) (441,13) (407,15) (398,14) (374,11) (373,10) (372,9) (371,8) 
Layer 68
(708,-47) (702,-39) (693,-30) (690,-27) (687,-26) (582,-2) (542,7) (422,14) (392,12) (390,9) 
Layer 69
(701,-48) (699,-40) (697,-36) (691,-30) (579,-2) (544,4) (444,12) (430,13) (412,12) (401,11) (397,10) (393,9) (391,6) 
Layer 70
(700,-48) (698,-39) (577,-2) (443,11) (431,12) (418,12) (403,10) (396,4) (394,-2) 
Layer 71
(576,-2) (445,10) (432,11) (402,5) (395,-1) 
Layer 72
(575,-7) (552,-2) (531,2) (442,10) (413,5) 
Layer 73
(574,-8) (571,-7) (556,-3) (532,1) (446,7) (415,3) (414,2) 
Layer 74
(573,-9) (563,-6) (554,-4) (530,0) (457,4) (417,-2) (416,-7) 
Layer 75
(572,-13) (566,-7) (551,-4) (545,-3) (529,-1) (458,3) (447,1) 
Layer 76
(570,-13) (557,-7) (454,-1) (451,-2) (448,-3) 
Layer 77
(569,-17) (568,-14) (565,-11) (555,-7) (456,-2) (455,-2) (449,-3) 
Layer 78
(567,-15) (564,-11) (562,-10) (550,-9) (459,-3) (452,-3) (450,-10) 
Layer 79
(561,-21) (560,-18) (558,-14) (553,-10) (546,-9) (453,-4) 
Layer 80
(559,-17) (547,-12) (527,-8) (487,-6) (465,-5) (463,-6) (462,-7) (460,-10) 
Layer 81
(549,-13) (528,-9) (484,-6) (464,-6) (461,-11) 
Layer 82
(548,-13) (483,-10) (466,-11) 
Layer 83
(526,-15) (521,-13) (485,-11) (467,-15) 
Layer 84
(525,-15) (481,-14) (478,-14) (471,-18) (468,-24) 
Layer 85
(524,-20) (522,-17) (482,-15) (480,-15) (474,-17) (472,-19) (470,-24) (469,-31) 
Layer 86
(523,-19) (520,-18) (512,-17) (486,-16) (475,-18) (473,-19) 
Layer 87
(519,-20) (508,-18) (489,-17) (479,-19) (477,-23) (476,-25) 
Layer 88
(518,-31) (515,-20) (511,-19) (507,-18) (488,-19) 
Layer 89
(517,-31) (514,-21) (490,-25) 
Layer 90
(516,-31) (513,-22) (510,-22) (491,-26) 
Layer 91
(509,-25) (506,-24) (492,-31) 
Layer 92
(505,-38) (504,-36) (493,-33) 
Layer 93
(503,-36) (494,-45) 
Layer 94
(502,-42) (495,-52) 
Layer 95
(501,-46) (500,-46) (496,-61) 
Layer 96
(499,-53) (497,-64) 
---------------------------------------------------------------------------------------
TD 0 :
(999,-31) (998,-33) (997,-30) (996,-28) (995,-31) (994,-33) (993,-31) (992,-36) (991,-35) (990,-34) (989,-25) (988,-23) (987,-36) (986,-34) (985,-46) (984,-42) (983,-48) (982,-50) (981,-52) (980,-54) (979,-62) (978,-58) (977,-62) (976,-59) (975,-61) (974,-54) (973,-61) (972,-64) (971,-63) (970,-51) (969,-47) (968,-50) (967,-49) (966,-46) (965,-36) (964,-35) (963,-34) (962,-32) (961,-27) (960,-21) (959,-23) (958,-22) (957,-25) (956,-34) (955,-39) (954,-42) (953,-36) (952,-38) (951,-36) (950,-35) (949,-31) (948,-31) (947,-28) (946,-24) (945,-26) (944,-28) (943,-28) (942,-28) (941,-26) (940,-30) (939,-33) (938,-39) (937,-29) (936,-27) (935,-28) (934,-21) (933,-23) (932,-19) (931,-14) (930,-11) (929,-18) (928,-18) (927,-22) (926,-22) (925,-18) (924,-28) (923,-23) (922,-29) (921,-28) (920,-27) (919,-23) (918,-19) (917,-23) (916,-22) (915,-11) (914,-10) (913,-8) (912,-3) (911,-10) (910,-8) (909,-12) (908,-4) (907,-10) (906,-16) (905,-19) (904,-19) (903,-25) (902,-29) (901,-27) (900,-28) (899,-27) (898,-33) (897,-29) (896,-32) (895,-24) (894,-23) (893,-24) (892,-25) (891,-24) (890,-13) (889,-15) (888,-23) (887,-24) (886,-31) (885,-22) (884,-20) (883,-27) (882,-16) (881,-15) (880,-15) (879,-8) (878,1) (877,-8) (876,-4) (875,-6) (874,-4) (873,-2) (872,8) (871,2) (870,4) (869,5) (868,4) (867,-1) (866,-4) (865,2) (864,1) (863,0) (862,6) (861,-2) (860,2) (859,1) (858,1) (857,-2) (856,-3) (855,-3) (854,-12) (853,-9) (852,-1) (851,1) (850,-2) (849,1) (848,-1) (847,-2) (846,-2) (845,-3) (844,-1) (843,3) (842,-11) (841,-14) (840,-16) (839,-20) (838,-21) (837,-22) (836,-19) (835,-25) (834,-18) (833,-13) (832,-14) (831,-14) (830,-16) (829,0) (828,9) (827,8) (826,16) (825,20) (824,22) (823,26) (822,24) (821,25) (820,24) (819,20) (818,23) (817,31) (816,32) (815,22) (814,20) (813,25) (812,25) (811,25) (810,26) (809,42) (808,46) (807,37) (806,35) (805,40) (804,45) (803,44) (802,53) (801,56) (800,52) (799,49) (798,48) (797,53) (796,48) (795,35) (794,27) (793,23) (792,17) (791,21) (790,24) (789,17) (788,22) (787,18) (786,16) (785,22) (784,20) (783,22) (782,23) (781,24) (780,32) (779,38) (778,34) (777,32) (776,46) (775,39) (774,38) (773,35) (772,39) (771,38) (770,31) (769,35) (768,43) (767,43) (766,37) (765,29) (764,26) (763,17) (762,17) (761,16) (760,16) (759,23) (758,26) (757,23) (756,17) (755,19) (754,26) (753,14) (752,14) (751,20) (750,11) (749,12) (748,8) (747,9) (746,3) (745,7) (744,-8) (743,-10) (742,-8) (741,-19) (740,-17) (739,-19) (738,-22) (737,-26) (736,-33) (735,-34) (734,-32) (733,-28) (732,-25) (731,-29) (730,-30) (729,-28) (728,-23) (727,-34) (726,-29) (725,-34) (724,-37) (723,-27) (722,-26) (721,-31) (720,-31) (719,-35) (718,-36) (717,-41) (716,-38) (715,-45) (714,-44) (713,-36) (712,-38) (711,-38) (710,-45) (709,-49) (708,-47) (707,-34) (706,-36) (705,-27) (704,-33) (703,-36) (702,-39) (701,-48) (700,-48) (699,-40) (698,-39) (697,-36) (696,-31) (695,-24) (694,-28) (693,-30) (692,-26) (691,-30) (690,-27) (689,-26) (688,-25) (687,-26) (686,-20) (685,-22) (684,-22) (683,-7) (682,-6) (681,-4) (680,-2) (679,-1) (678,1) (677,4) (676,4) (675,4) (674,11) (673,2) (672,-5) (671,8) (670,12) (669,21) (668,20) (667,21) (666,21) (665,23) (664,25) (663,17) (662,16) (661,11) (660,10) (659,18) (658,23) (657,13) (656,13) (655,15) (654,12) (653,17) (652,23) (651,27) (650,31) (649,36) (648,32) (647,35) (646,35) (645,30) (644,29) (643,33) (642,35) (641,38) (640,37) (639,42) (638,32) (637,38) (636,34) (635,33) (634,32) (633,27) (632,29) (631,36) (630,39) (629,31) (628,21) (627,23) (626,28) (625,32) (624,33) (623,20) (622,20) (621,22) (620,27) (619,25) (618,26) (617,22) (616,25) (615,34) (614,24) (613,25) (612,31) (611,38) (610,42) (609,46) (608,49) (607,51) (606,54) (605,57) (604,64) (603,61) (602,58) (601,54) (600,52) (599,55) (598,54) (597,43) (596,32) (595,37) (594,28) (593,26) (592,25) (591,21) (590,19) (589,14) (588,10) (587,15) (586,18) (585,13) (584,12) (583,3) (582,-2) (581,2) (580,2) (579,-2) (578,0) (577,-2) (576,-2) (575,-7) (574,-8) (573,-9) (572,-13) (571,-7) (570,-13) (569,-17) (568,-14) (567,-15) (566,-7) (565,-11) (564,-11) (563,-6) (562,-10) (561,-21) (560,-18) (559,-17) (558,-14) (557,-7) (556,-3) (555,-7) (554,-4) (553,-10) (552,-2) (551,-4) (550,-9) (549,-13) (548,-13) (547,-12) (546,-9) (545,-3) (544,4) (543,7) (542,7) (541,13) (540,19) (539,18) (538,22) (537,20) (536,19) (535,16) (534,10) (533,12) (532,1) (531,2) (530,0) (529,-1) (528,-9) (527,-8) (526,-15) (525,-15) (524,-20) (523,-19) (522,-17) (521,-13) (520,-18) (519,-20) (518,-31) (517,-31) (516,-31) (515,-20) (514,-21) (513,-22) (512,-17) (511,-19) (510,-22) (509,-25) (508,-18) (507,-18) (506,-24) (505,-38) (504,-36) (503,-36) (502,-42) (501,-46) (500,-46) (499,-53) (498,-62) (497,-64) (496,-61) (495,-52) (494,-45) (493,-33) (492,-31) (491,-26) (490,-25) (489,-17) (488,-19) (487,-6) (486,-16) (485,-11) (484,-6) (483,-10) (482,-15) (481,-14) (480,-15) (479,-19) (478,-14) (477,-23) (476,-25) (475,-18) (474,-17) (473,-19) (472,-19) (471,-18) (470,-24) (469,-31) (468,-24) (467,-15) (466,-11) (465,-5) (464,-6) (463,-6) (462,-7) (461,-11) (460,-10) (459,-3) (458,3) (457,4) (456,-2) (455,-2) (454,-1) (453,-4) (452,-3) (451,-2) (450,-10) (449,-3) (448,-3) (447,1) (446,7) (445,10) (444,12) (443,11) (442,10) (441,13) (440,22) (439,22) (438,22) (437,25) (436,26) (435,19) (434,21) (433,16) (432,11) (431,12) (430,13) (429,19) (428,21) (427,24) (426,24) (425,22) (424,19) (423,16) (422,14) (421,18) (420,21) (419,16) (418,12) (417,-2) (416,-7) (415,3) (414,2) (413,5) (412,12) (411,17) (410,23) (409,19) (408,26) (407,15) (406,19) (405,17) (404,17) (403,10) (402,5) (401,11) (400,21) (399,25) (398,14) (397,10) (396,4) (395,-1) (394,-2) (393,9) (392,12) (391,6) (390,9) (389,14) (388,18) (387,22) (386,22) (385,21) (384,26) (383,25) (382,17) (381,26) (380,24) (379,35) (378,24) (377,24) (376,23) (375,14) (374,11) (373,10) (372,9) (371,8) (370,11) (369,11) (368,15) (367,17) (366,20) (365,21) (364,25) (363,25) (362,26) (361,28) (360,26) (359,29) (358,25) (357,26) (356,30) (355,32) (354,42) (353,52) (352,45) (351,48) (350,52) (349,59) (348,57) (347,64) (346,65) (345,69) (344,63) (343,64) (342,62) (341,60) (340,56) (339,52) (338,49) (337,54) (336,51) (335,51) (334,45) (333,54) (332,56) (331,54) (330,49) (329,52) (328,54) (327,52) (326,55) (325,58) (324,56) (323,55) (322,50) (321,53) (320,63) (319,72) (318,84) (317,78) (316,68) (315,70) (314,67) (313,66) (312,64) (311,66) (310,60) (309,57) (308,58) (307,62) (306,60) (305,60) (304,55) (303,59) (302,66) (301,70) (300,70) (299,73) (298,75) (297,71) (296,67) (295,61) (294,67) (293,72) (292,69) (291,65) (290,70) (289,66) (288,69) (287,67) (286,70) (285,76) (284,84) (283,86) (282,86) (281,91) (280,87) (279,93) (278,90) (277,91) (276,88) (275,95) (274,92) (273,89) (272,96) (271,103) (270,101) (269,106) (268,110) (267,107) (266,113) (265,114) (264,112) (263,110) (262,105) (261,100) (260,104) (259,93) (258,95) (257,105) (256,98) (255,101) (254,95) (253,99) (252,97) (251,93) (250,82) (249,85) (248,75) (247,74) (246,81) (245,79) (244,86) (243,82) (242,90) (241,89) (240,84) (239,81) (238,80) (237,81) (236,83) (235,90) (234,95) (233,97) (232,89) (231,84) (230,82) (229,83) (228,77) (227,79) (226,72) (225,67) (224,71) (223,74) (222,79) (221,82) (220,74) (219,67) (218,76) (217,79) (216,79) (215,78) (214,81) (213,78) (212,69) (211,63) (210,60) (209,65) (208,71) (207,67) (206,69) (205,71) (204,73) (203,64) (202,61) (201,53) (200,45) (199,42) (198,36) (197,46) (196,53) (195,43) (194,37) (193,39) (192,36) (191,34) (190,39) (189,43) (188,41) (187,40) (186,36) (185,20) (184,12) (183,16) (182,12) (181,6) (180,13) (179,11) (178,20) (177,16) (176,17) (175,16) (174,10) (173,5) (172,6) (171,4) (170,-8) (169,-2) (168,-7) (167,-11) (166,-14) (165,-17) (164,-8) (163,-7) (162,-2) (161,10) (160,14) (159,17) (158,9) (157,13) (156,9) (155,14) (154,15) (153,21) (152,24) (151,29) (150,21) (149,24) (148,19) (147,16) (146,17) (145,25) (144,18) (143,25) (142,9) (141,8) (140,5) (139,8) (138,-3) (137,2) (136,-1) (135,1) (134,5) (133,14) (132,16) (131,19) (130,21) (129,27) (128,28) (127,29) (126,32) (125,41) (124,39) (123,41) (122,42) (121,44) (120,34) (119,30) (118,32) (117,34) (116,34) (115,35) (114,42) (113,41) (112,36) (111,44) (110,45) (109,44) (108,39) (107,34) (106,43) (105,44) (104,42) (103,38) (102,43) (101,50) (100,53) (99,49) (98,54) (97,61) (96,56) (95,50) (94,40) (93,44) (92,49) (91,41) (90,40) (89,45) (88,53) (87,47) (86,51) (85,46) (84,46) (83,44) (82,42) (81,45) (80,39) (79,38) (78,40) (77,38) (76,42) (75,45) (74,37) (73,41) (72,46) (71,45) (70,42) (69,33) (68,33) (67,36) (66,44) (65,43) (64,51) (63,50) (62,50) (61,56) (60,53) (59,56) (58,50) (57,49) (56,48) (55,49) (54,45) (53,47) (52,45) (51,52) (50,50) (49,50) (48,48) (47,47) (46,48) (45,49) (44,54) (43,52) (42,48) (41,45) (40,45) (39,52) (38,59) (37,53) (36,53) (35,40) (34,49) (33,49) (32,49) (31,47) (30,50) (29,50) (28,53) (27,51) (26,55) (25,44) (24,45) (23,56) (22,60) (21,57) (20,56) (19,56) (18,51) (17,38) (16,35) (15,37) (14,24) (13,34) (12,30) (11,27) (10,26) (9,20) (8,18) (7,15) (6,4) (5,-8) (4,-8) (3,1) (2,3) (1,2) (0,-2) 
TD 1 :
(999,-31) (996,-28) (988,-23) (801,56) (265,114) (22,60) (19,56) (1,2) (0,-2) 
(999,-31) (996,-28) (988,-23) (801,56) (265,114) (22,60) (19,56) (1,2) (0,-2) (2,3) (3,1) (4,-8) (5,-8) (6,4) (7,15) (8,18) (9,20) (10,26) (11,27) (12,30) (13,34) (14,24) (15,37) (16,35) (17,38) (18,51) 
(999,-31) (996,-28) (988,-23) (801,56) (265,114) (22,60) (19,56) (1,2) (0,-2) (20,56) (21,57) 
(999,-31) (996,-28) (988,-23) (801,56) (265,114) (22,60) (19,56) (1,2) (0,-2) (23,56) (24,45) (25,44) (26,55) (27,51) (28,53) (29,50) (30,50) (31,47) (32,49) (33,49) (34,49) (35,40) (36,53) (37,53) (38,59) (39,52) (40,45) (41,45) (42,48) (43,52) (44,54) (45,49) (46,48) (47,47) (48,48) (49,50) (50,50) (51,52) (52,45) (53,47) (54,45) (55,49) (56,48) (57,49) (58,50) (59,56) (60,53) (61,56) (62,50) (63,50) (64,51) (65,43) (66,44) (67,36) (68,33) (69,33) (70,42) (71,45) (72,46) (73,41) (74,37) (75,45) (76,42) (77,38) (78,40) (79,38) (80,39) (81,45) (82,42) (83,44) (84,46) (85,46) (86,51) (87,47) (88,53) (89,45) (90,40) (91,41) (92,49) (93,44) (94,40) (95,50) (96,56) (97,61) (98,54) (99,49) (100,53) (101,50) (102,43) (103,38) (104,42) (105,44) (106,43) (107,34) (108,39) (109,44) (110,45) (111,44) (112,36) (113,41) (114,42) (115,35) (116,34) (117,34) (118,32) (119,30) (120,34) (121,44) (122,42) (123,41) (124,39) (125,41) (126,32) (127,29) (128,28) (129,27) (130,21) (131,19) (132,16) (133,14) (134,5) (135,1) (136,-1) (137,2) (138,-3) (139,8) (140,5) (141,8) (142,9) (143,25) (144,18) (145,25) (146,17) (147,16) (148,19) (149,24) (150,21) (151,29) (152,24) (153,21) (154,15) (155,14) (156,9) (157,13) (158,9) (159,17) (160,14) (161,10) (162,-2) (163,-7) (164,-8) (165,-17) (166,-14) (167,-11) (168,-7) (169,-2) (170,-8) (171,4) (172,6) (173,5) (174,10) (175,16) (176,17) (177,16) (178,20) (179,11) (180,13) (181,6) (182,12) (183,16) (184,12) (185,20) (186,36) (187,40) (188,41) (189,43) (190,39) (191,34) (192,36) (193,39) (194,37) (195,43) (196,53) (197,46) (198,36) (199,42) (200,45) (201,53) (202,61) (203,64) (204,73) (205,71) (206,69) (207,67) (208,71) (209,65) (210,60) (211,63) (212,69) (213,78) (214,81) (215,78) (216,79) (217,79) (218,76) (219,67) (220,74) (221,82) (222,79) (223,74) (224,71) (225,67) (226,72) (227,79) (228,77) (229,83) (230,82) (231,84) (232,89) (233,97) (234,95) (235,90) (236,83) (237,81) (238,80) (239,81) (240,84) (241,89) (242,90) (243,82) (244,86) (245,79) (246,81) (247,74) (248,75) (249,85) (250,82) (251,93) (252,97) (253,99) (254,95) (255,101) (256,98) (257,105) (258,95) (259,93) (260,104) (261,100) (262,105) (263,110) (264,112) 
(999,-31) (996,-28) (988,-23) (801,56) (265,114) (22,60) (19,56) (1,2) (0,-2) (266,113) (267,107) (268,110) (269,106) (270,101) (271,103) (272,96) (273,89) (274,92) (275,95) (276,88) (277,91) (278,90) (279,93) (280,87) (281,91) (282,86) (283,86) (284,84) (285,76) (286,70) (287,67) (288,69) (289,66) (290,70) (291,65) (292,69) (293,72) (294,67) (295,61) (296,67) (297,71) (298,75) (299,73) (300,70) (301,70) (302,66) (303,59) (304,55) (305,60) (306,60) (307,62) (308,58) (309,57) (310,60) (311,66) (312,64) (313,66) (314,67) (315,70) (316,68) (317,78) (318,84) (319,72) (320,63) (321,53) (322,50) (323,55) (324,56) (325,58) (326,55) (327,52) (328,54) (329,52) (330,49) (331,54) (332,56) (333,54) (334,45) (335,51) (336,51) (337,54) (338,49) (339,52) (340,56) (341,60) (342,62) (343,64) (344,63) (345,69) (346,65) (347,64) (348,57) (349,59) (350,52) (351,48) (352,45) (353,52) (354,42) (355,32) (356,30) (357,26) (358,25) (359,29) (360,26) (361,28) (362,26) (363,25) (364,25) (365,21) (366,20) (367,17) (368,15) (369,11) (370,11) (371,8) (372,9) (373,10) (374,11) (375,14) (376,23) (377,24) (378,24) (379,35) (380,24) (381,26) (382,17) (383,25) (384,26) (385,21) (386,22) (387,22) (388,18) (389,14) (390,9) (391,6) (392,12) (393,9) (394,-2) (395,-1) (396,4) (397,10) (398,14) (399,25) (400,21) (401,11) (402,5) (403,10) (404,17) (405,17) (406,19) (407,15) (408,26) (409,19) (410,23) (411,17) (412,12) (413,5) (414,2) (415,3) (416,-7) (417,-2) (418,12) (419,16) (420,21) (421,18) (422,14) (423,16) (424,19) (425,22) (426,24) (427,24) (428,21) (429,19) (430,13) (431,12) (432,11) (433,16) (434,21) (435,19) (436,26) (437,25) (438,22) (439,22) (440,22) (441,13) (442,10) (443,11) (444,12) (445,10) (446,7) (447,1) (448,-3) (449,-3) (450,-10) (451,-2) (452,-3) (453,-4) (454,-1) (455,-2) (456,-2) (457,4) (458,3) (459,-3) (460,-10) (461,-11) (462,-7) (463,-6) (464,-6) (465,-5) (466,-11) (467,-15) (468,-24) (469,-31) (470,-24) (471,-18) (472,-19) (473,-19) (474,-17) (475,-18) (476,-25) (477,-23) (478,-14) (479,-19) (480,-15) (481,-14) (482,-15) (483,-10) (484,-6) (485,-11) (486,-16) (487,-6) (488,-19) (489,-17) (490,-25) (491,-26) (492,-31) (493,-33) (494,-45) (495,-52) (496,-61) (497,-64) (498,-62) (499,-53) (500,-46) (501,-46) (502,-42) (503,-36) (504,-36) (505,-38) (506,-24) (507,-18) (508,-18) (509,-25) (510,-22) (511,-19) (512,-17) (513,-22) (514,-21) (515,-20) (516,-31) (517,-31) (518,-31) (519,-20) (520,-18) (521,-13) (522,-17) (523,-19) (524,-20) (525,-15) (526,-15) (527,-8) (528,-9) (529,-1) (530,0) (531,2) (532,1) (533,12) (534,10) (535,16) (536,19) (537,20) (538,22) (539,18) (540,19) (541,13) (542,7) (543,7) (544,4) (545,-3) (546,-9) (547,-12) (548,-13) (549,-13) (550,-9) (551,-4) (552,-2) (553,-10) (554,-4) (555,-7) (556,-3) (557,-7) (558,-14) (559,-17) (560,-18) (561,-21) (562,-10) (563,-6) (564,-11) (565,-11) (566,-7) (567,-15) (568,-14) (569,-17) (570,-13) (571,-7) (572,-13) (573,-9) (574,-8) (575,-7) (576,-2) (577,-2) (578,0) (579,-2) (580,2) (581,2) (582,-2) (583,3) (584,12) (585,13) (586,18) (587,15) (588,10) (589,14) (590,19) (591,21) (592,25) (593,26) (594,28) (595,37) (596,32) (597,43) (598,54) (599,55) (600,52) (601,54) (602,58) (603,61) (604,64) (605,57) (606,54) (607,51) (608,49) (609,46) (610,42) (611,38) (612,31) (613,25) (614,24) (615,34) (616,25) (617,22) (618,26) (619,25) (620,27) (621,22) (622,20) (623,20) (624,33) (625,32) (626,28) (627,23) (628,21) (629,31) (630,39) (631,36) (632,29) (633,27) (634,32) (635,33) (636,34) (637,38) (638,32) (639,42) (640,37) (641,38) (642,35) (643,33) (644,29) (645,30) (646,35) (647,35) (648,32) (649,36) (650,31) (651,27) (652,23) (653,17) (654,12) (655,15) (656,13) (657,13) (658,23) (659,18) (660,10) (661,11) (662,16) (663,17) (664,25) (665,23) (666,21) (667,21) (668,20) (669,21) (670,12) (671,8) (672,-5) (673,2) (674,11) (675,4) (676,4) (677,4) (678,1) (679,-1) (680,-2) (681,-4) (682,-6) (683,-7) (684,-22) (685,-22) (686,-20) (687,-26) (688,-25) (689,-26) (690,-27) (691,-30) (692,-26) (693,-30) (694,-28) (695,-24) (696,-31) (697,-36) (698,-39) (699,-40) (700,-48) (701,-48) (702,-39) (703,-36) (704,-33) (705,-27) (706,-36) (707,-34) (708,-47) (709,-49) (710,-45) (711,-38) (712,-38) (713,-36) (714,-44) (715,-45) (716,-38) (717,-41) (718,-36) (719,-35) (720,-31) (721,-31) (722,-26) (723,-27) (724,-37) (725,-34) (726,-29) (727,-34) (728,-23) (729,-28) (730,-30) (731,-29) (732,-25) (733,-28) (734,-32) (735,-34) (736,-33) (737,-26) (738,-22) (739,-19) (740,-17) (741,-19) (742,-8) (743,-10) (744,-8) (745,7) (746,3) (747,9) (748,8) (749,12) (750,11) (751,20) (752,14) (753,14) (754,26) (755,19) (756,17) (757,23) (758,26) (759,23) (760,16) (761,16) (762,17) (763,17) (764,26) (765,29) (766,37) (767,43) (768,43) (769,35) (770,31) (771,38) (772,39) (773,35) (774,38) (775,39) (776,46) (777,32) (778,34) (779,38) (780,32) (781,24) (782,23) (783,22) (784,20) (785,22) (786,16) (787,18) (788,22) (789,17) (790,24) (791,21) (792,17) (793,23) (794,27) (795,35) (796,48) (797,53) (798,48) (799,49) (800,52) 
(999,-31) (996,-28) (988,-23) (801,56) (265,114) (22,60) (19,56) (1,2) (0,-2) (802,53) (803,44) (804,45) (805,40) (806,35) (807,37) (808,46) (809,42) (810,26) (811,25) (812,25) (813,25) (814,20) (815,22) (816,32) (817,31) (818,23) (819,20) (820,24) (821,25) (822,24) (823,26) (824,22) (825,20) (826,16) (827,8) (828,9) (829,0) (830,-16) (831,-14) (832,-14) (833,-13) (834,-18) (835,-25) (836,-19) (837,-22) (838,-21) (839,-20) (840,-16) (841,-14) (842,-11) (843,3) (844,-1) (845,-3) (846,-2) (847,-2) (848,-1) (849,1) (850,-2) (851,1) (852,-1) (853,-9) (854,-12) (855,-3) (856,-3) (857,-2) (858,1) (859,1) (860,2) (861,-2) (862,6) (863,0) (864,1) (865,2) (866,-4) (867,-1) (868,4) (869,5) (870,4) (871,2) (872,8) (873,-2) (874,-4) (875,-6) (876,-4) (877,-8) (878,1) (879,-8) (880,-15) (881,-15) (882,-16) (883,-27) (884,-20) (885,-22) (886,-31) (887,-24) (888,-23) (889,-15) (890,-13) (891,-24) (892,-25) (893,-24) (894,-23) (895,-24) (896,-32) (897,-29) (898,-33) (899,-27) (900,-28) (901,-27) (902,-29) (903,-25) (904,-19) (905,-19) (906,-16) (907,-10) (908,-4) (909,-12) (910,-8) (911,-10) (912,-3) (913,-8) (914,-10) (915,-11) (916,-22) (917,-23) (918,-19) (919,-23) (920,-27) (921,-28) (922,-29) (923,-23) (924,-28) (925,-18) (926,-22) (927,-22) (928,-18) (929,-18) (930,-11) (931,-14) (932,-19) (933,-23) (934,-21) (935,-28) (936,-27) (937,-29) (938,-39) (939,-33) (940,-30) (941,-26) (942,-28) (943,-28) (944,-28) (945,-26) (946,-24) (947,-28) (948,-31) (949,-31) (950,-35) (951,-36) (952,-38) (953,-36) (954,-42) (955,-39) (956,-34) (957,-25) (958,-22) (959,-23) (960,-21) (961,-27) (962,-32) (963,-34) (964,-35) (965,-36) (966,-46) (967,-49) (968,-50) (969,-47) (970,-51) (971,-63) (972,-64) (973,-61) (974,-54) (975,-61) (976,-59) (977,-62) (978,-58) (979,-62) (980,-54) (981,-52) (982,-50) (983,-48) (984,-42) (985,-46) (986,-34) (987,-36) 
(999,-31) (996,-28) (988,-23) (801,56) (265,114) (22,60) (19,56) (1,2) (0,-2) (989,-25) (990,-34) (991,-35) (992,-36) (993,-31) (994,-33) (995,-31) 
(999,-31) (996,-28) (988,-23) (801,56) (265,114) (22,60) (19,56) (1,2) (0,-2) (997,-30) (998,-33) 
TD 2 :
(999,-31) (996,-28) (988,-23) (801,56) (265,114) (22,60) (19,56) (1,2) (0,-2) (18,51) (2,3) (3,1) (4,-8) (5,-8) (6,4) (7,15) (8,18) (9,20) (10,26) (11,27) (12,30) (13,34) (14,24) (15,37) (16,35) (17,38) 
(999,-31) (996,-28) (988,-23) (801,56) (265,114) (22,60) (19,56) (1,2) (0,-2) (18,51) (2,3) 
(999,-31) (996,-28) (988,-23) (801,56) (265,114) (22,60) (19,56) (1,2) (0,-2) (21,57) (20,56) 
(999,-31) (996,-28) (988,-23) (801,56) (265,114) (22,60) (19,56) (1,2) (0,-2) (21,57) (20,56) 
(999,-31) (996,-28) (988,-23) (801,56) (265,114) (22,60) (19,56) (1,2) (0,-2) (21,57) (20,56) 
(999,-31) (996,-28) (988,-23) (801,56) (265,114) (22,60) (19,56) (1,2) (0,-2) (266,113) 
(999,-31) (996,-28) (988,-23) (801,56) (265,114) (22,60) (19,56) (1,2) (0,-2) (266,113) (267,107) (268,110) (269,106) (270,101) (271,103) (272,96) (273,89) (274,92) (275,95) (276,88) (277,91) (278,90) (279,93) (280,87) (281,91) (282,86) (283,86) (284,84) (285,76) (286,70) (287,67) (288,69) (289,66) (290,70) (291,65) (292,69) (293,72) (294,67) (295,61) (296,67) (297,71) (298,75) (299,73) (300,70) (301,70) (302,66) (303,59) (304,55) (305,60) (306,60) (307,62) (308,58) (309,57) (310,60) (311,66) (312,64) (313,66) (314,67) (315,70) (316,68) (317,78) (318,84) (319,72) (320,63) (321,53) (322,50) (323,55) (324,56) (325,58) (326,55) (327,52) (328,54) (329,52) (330,49) (331,54) (332,56) (333,54) (334,45) (335,51) (336,51) (337,54) (338,49) (339,52) (340,56) (341,60) (342,62) (343,64) (344,63) (345,69) (346,65) (347,64) (348,57) (349,59) (350,52) (351,48) (352,45) (353,52) (354,42) (355,32) (356,30) (357,26) (358,25) (359,29) (360,26) (361,28) (362,26) (363,25) (364,25) (365,21) (366,20) (367,17) (368,15) (369,11) (370,11) (371,8) (372,9) (373,10) (374,11) (375,14) (376,23) (377,24) (378,24) (379,35) (380,24) (381,26) (382,17) (383,25) (384,26) (385,21) (386,22) (387,22) (388,18) (389,14) (390,9) (391,6) (392,12) (393,9) (394,-2) (395,-1) (396,4) (397,10) (398,14) (399,25) (400,21) (401,11) (402,5) (403,10) (404,17) (405,17) (406,19) (407,15) (408,26) (409,19) (410,23) (411,17) (412,12) (413,5) (414,2) (415,3) (416,-7) (417,-2) (418,12) (419,16) (420,21) (421,18) (422,14) (423,16) (424,19) (425,22) (426,24) (427,24) (428,21) (429,19) (430,13) (431,12) (432,11) (433,16) (434,21) (435,19) (436,26) (437,25) (438,22) (439,22) (440,22) (441,13) (442,10) (443,11) (444,12) (445,10) (446,7) (447,1) (448,-3) (449,-3) (450,-10) (451,-2) (452,-3) (453,-4) (454,-1) (455,-2) (456,-2) (457,4) (458,3) (459,-3) (460,-10) (461,-11) (462,-7) (463,-6) (464,-6) (465,-5) (466,-11) (467,-15) (468,-24) (469,-31) (470,-24) (471,-18) (472,-19) (473,-19) (474,-17) (475,-18) (476,-25) (477,-23) (478,-14) (479,-19) (480,-15) (481,-14) (482,-15) (483,-10) (484,-6) (485,-11) (486,-16) (487,-6) (488,-19) (489,-17) (490,-25) (491,-26) (492,-31) (493,-33) (494,-45) (495,-52) (496,-61) (497,-64) (498,-62) (499,-53) (500,-46) (501,-46) (502,-42) (503,-36) (504,-36) (505,-38) (506,-24) (507,-18) (508,-18) (509,-25) (510,-22) (511,-19) (512,-17) (513,-22) (514,-21) (515,-20) (516,-31) (517,-31) (518,-31) (519,-20) (520,-18) (521,-13) (522,-17) (523,-19) (524,-20) (525,-15) (526,-15) (527,-8) (528,-9) (529,-1) (530,0) (531,2) (532,1) (533,12) (534,10) (535,16) (536,19) (537,20) (538,22) (539,18) (540,19) (541,13) (542,7) (543,7) (544,4) (545,-3) (546,-9) (547,-12) (548,-13) (549,-13) (550,-9) (551,-4) (552,-2) (553,-10) (554,-4) (555,-7) (556,-3) (557,-7) (558,-14) (559,-17) (560,-18) (561,-21) (562,-10) (563,-6) (564,-11) (565,-11) (566,-7) (567,-15) (568,-14) (569,-17) (570,-13) (571,-7) (572,-13) (573,-9) (574,-8) (575,-7) (576,-2) (577,-2) (578,0) (579,-2) (580,2) (581,2) (582,-2) (583,3) (584,12) (585,13) (586,18) (587,15) (588,10) (589,14) (590,19) (591,21) (592,25) (593,26) (594,28) (595,37) (596,32) (597,43) (598,54) (599,55) (600,52) (601,54) (602,58) (603,61) (604,64) (605,57) (606,54) (607,51) (608,49) (609,46) (610,42) (611,38) (612,31) (613,25) (614,24) (615,34) (616,25) (617,22) (618,26) (619,25) (620,27) (621,22) (622,20) (623,20) (624,33) (625,32) (626,28) (627,23) (628,21) (629,31) (630,39) (631,36) (632,29) (633,27) (634,32) (635,33) (636,34) (637,38) (638,32) (639,42) (640,37) (641,38) (642,35) (643,33) (644,29) (645,30) (646,35) (647,35) (648,32) (649,36) (650,31) (651,27) (652,23) (653,17) (654,12) (655,15) (656,13) (657,13) (658,23) (659,18) (660,10) (661,11) (662,16) (663,17) (664,25) (665,23) (666,21) (667,21) (668,20) (669,21) (670,12) (671,8) (672,-5) (673,2) (674,11) (675,4) (676,4) (677,4) (678,1) (679,-1) (680,-2) (681,-4) (682,-6) (683,-7) (684,-22) (685,-22) (686,-20) (687,-26) (688,-25) (689,-26) (690,-27) (691,-30) (692,-26) (693,-30) (694,-28) (695,-24) (696,-31) (697,-36) (698,-39) (699,-40) (700,-48) (701,-48) (702,-39) (703,-36) (704,-33) (705,-27) (706,-36) (707,-34) (708,-47) (709,-49) (710,-45) (711,-38) (712,-38) (713,-36) (714,-44) (715,-45) (716,-38) (717,-41) (718,-36) (719,-35) (720,-31) (721,-31) (722,-26) (723,-27) (724,-37) (725,-34) (726,-29) (727,-34) (728,-23) (729,-28) (730,-30) (731,-29) (732,-25) (733,-28) (734,-32) (735,-34) (736,-33) (737,-26) (738,-22) (739,-19) (740,-17) (741,-19) (742,-8) (743,-10) (744,-8) (745,7) (746,3) (747,9) (748,8) (749,12) (750,11) (751,20) (752,14) (753,14) (754,26) (755,19) (756,17) (757,23) (758,26) (759,23) (760,16) (761,16) (762,17) (763,17) (764,26) (765,29) (766,37) (767,43) (768,43) (769,35) (770,31) (771,38) (772,39) (773,35) (774,38) (775,39) (776,46) (777,32) (778,34) (779,38) (780,32) (781,24) (782,23) (783,22) (784,20) (785,22) (786,16) (787,18) (788,22) (789,17) (790,24) (791,21) (792,17) (793,23) (794,27) (795,35) (796,48) (797,53) (798,48) (799,49) (800,52) 
(999,-31) (996,-28) (988,-23) (801,56) (265,114) (22,60) (19,56) (1,2) (0,-2) (802,53) 
(999,-31) (996,-28) (988,-23) (801,56) (265,114) (22,60) (19,56) (1,2) (0,-2) (802,53) (803,44) (804,45) (805,40) (806,35) (807,37) (808,46) (809,42) (810,26) (811,25) (812,25) (813,25) (814,20) (815,22) (816,32) (817,31) (818,23) (819,20) (820,24) (821,25) (822,24) (823,26) (824,22) (825,20) (826,16) (827,8) (828,9) (829,0) (830,-16) (831,-14) (832,-14) (833,-13) (834,-18) (835,-25) (836,-19) (837,-22) (838,-21) (839,-20) (840,-16) (841,-14) (842,-11) (843,3) (844,-1) (845,-3) (846,-2) (847,-2) (848,-1) (849,1) (850,-2) (851,1) (852,-1) (853,-9) (854,-12) (855,-3) (856,-3) (857,-2) (858,1) (859,1) (860,2) (861,-2) (862,6) (863,0) (864,1) (865,2) (866,-4) (867,-1) (868,4) (869,5) (870,4) (871,2) (872,8) (873,-2) (874,-4) (875,-6) (876,-4) (877,-8) (878,1) (879,-8) (880,-15) (881,-15) (882,-16) (883,-27) (884,-20) (885,-22) (886,-31) (887,-24) (888,-23) (889,-15) (890,-13) (891,-24) (892,-25) (893,-24) (894,-23) (895,-24) (896,-32) (897,-29) (898,-33) (899,-27) (900,-28) (901,-27) (902,-29) (903,-25) (904,-19) (905,-19) (906,-16) (907,-10) (908,-4) (909,-12) (910,-8) (911,-10) (912,-3) (913,-8) (914,-10) (915,-11) (916,-22) (917,-23) (918,-19) (919,-23) (920,-27) (921,-28) (922,-29) (923,-23) (924,-28) (925,-18) (926,-22) (927,-22) (928,-18) (929,-18) (930,-11) (931,-14) (932,-19) (933,-23) (934,-21) (935,-28) (936,-27) (937,-29) (938,-39) (939,-33) (940,-30) (941,-26) (942,-28) (943,-28) (944,-28) (945,-26) (946,-24) (947,-28) (948,-31) (949,-31) (950,-35) (951,-36) (952,-38) (953,-36) (954,-42) (955,-39) (956,-34) (957,-25) (958,-22) (959,-23) (960,-21) (961,-27) (962,-32) (963,-34) (964,-35) (965,-36) (966,-46) (967,-49) (968,-50) (969,-47) (970,-51) (971,-63) (972,-64) (973,-61) (974,-54) (975,-61) (976,-59) (977,-62) (978,-58) (979,-62) (980,-54) (981,-52) (982,-50) (983,-48) (984,-42) (985,-46) (986,-34) (987,-36) 
(999,-31) (996,-28) (988,-23) (801,56) (265,114) (22,60) (19,56) (1,2) (0,-2) (989,-25) 
(999,-31) (996,-28) (988,-23) (801,56) (265,114) (22,60) (19,56) (1,2) (0,-2) (989,-25) (990,-34) (991,-35) (992,-36) (993,-31) (994,-33) (995,-31) 
(999,-31) (996,-28) (988,-23) (801,56) (265,114) (22,60) (19,56) (1,2) (0,-2) (998,-33) (997,-30) 
(999,-31) (996,-28) (988,-23) (801,56) (265,114) (22,60) (19,56) (1,2) (0,-2) (998,-33) (997,-30) 
TD 3 :
(999,-31) (996,-28) (988,-23) (801,56) (265,114) (22,60) (19,56) (1,2) (0,-2) (18,51) (2,3) (13,34) (10,26) (3,1) (4,-8) (5,-8) (6,4) (7,15) (8,18) (9,20) 
(999,-31) (996,-28) (988,-23) (801,56) (265,114) (22,60) (19,56) (1,2) (0,-2) (18,51) (2,3) (13,34) (10,26) (3,1) (11,27) (12,30) 
(999,-31) (996,-28) (988,-23) (801,56) (265,114) (22,60) (19,56) (1,2) (0,-2) (18,51) (2,3) (13,34) (10,26) (3,1) (14,24) (15,37) (16,35) (17,38) 
(999,-31) (996,-28) (988,-23) (801,56) (265,114) (22,60) (19,56) (1,2) (0,-2) (266,113) (800,52) (797,53) (267,107) (268,110) (269,106) (270,101) (271,103) (272,96) (273,89) (274,92) (275,95) (276,88) (277,91) (278,90) (279,93) (280,87) (281,91) (282,86) (283,86) (284,84) (285,76) (286,70) (287,67) (288,69) (289,66) (290,70) (291,65) (292,69) (293,72) (294,67) (295,61) (296,67) (297,71) (298,75) (299,73) (300,70) (301,70) (302,66) (303,59) (304,55) (305,60) (306,60) (307,62) (308,58) (309,57) (310,60) (311,66) (312,64) (313,66) (314,67) (315,70) (316,68) (317,78) (318,84) (319,72) (320,63) (321,53) (322,50) (323,55) (324,56) (325,58) (326,55) (327,52) (328,54) (329,52) (330,49) (331,54) (332,56) (333,54) (334,45) (335,51) (336,51) (337,54) (338,49) (339,52) (340,56) (341,60) (342,62) (343,64) (344,63) (345,69) (346,65) (347,64) (348,57) (349,59) (350,52) (351,48) (352,45) (353,52) (354,42) (355,32) (356,30) (357,26) (358,25) (359,29) (360,26) (361,28) (362,26) (363,25) (364,25) (365,21) (366,20) (367,17) (368,15) (369,11) (370,11) (371,8) (372,9) (373,10) (374,11) (375,14) (376,23) (377,24) (378,24) (379,35) (380,24) (381,26) (382,17) (383,25) (384,26) (385,21) (386,22) (387,22) (388,18) (389,14) (390,9) (391,6) (392,12) (393,9) (394,-2) (395,-1) (396,4) (397,10) (398,14) (399,25) (400,21) (401,11) (402,5) (403,10) (404,17) (405,17) (406,19) (407,15) (408,26) (409,19) (410,23) (411,17) (412,12) (413,5) (414,2) (415,3) (416,-7) (417,-2) (418,12) (419,16) (420,21) (421,18) (422,14) (423,16) (424,19) (425,22) (426,24) (427,24) (428,21) (429,19) (430,13) (431,12) (432,11) (433,16) (434,21) (435,19) (436,26) (437,25) (438,22) (439,22) (440,22) (441,13) (442,10) (443,11) (444,12) (445,10) (446,7) (447,1) (448,-3) (449,-3) (450,-10) (451,-2) (452,-3) (453,-4) (454,-1) (455,-2) (456,-2) (457,4) (458,3) (459,-3) (460,-10) (461,-11) (462,-7) (463,-6) (464,-6) (465,-5) (466,-11) (467,-15) (468,-24) (469,-31) (470,-24) (471,-18) (472,-19) (473,-19) (474,-17) (475,-18) (476,-25) (477,-23) (478,-14) (479,-19) (480,-15) (481,-14) (482,-15) (483,-10) (484,-6) (485,-11) (486,-16) (487,-6) (488,-19) (489,-17) (490,-25) (491,-26) (492,-31) (493,-33) (494,-45) (495,-52) (496,-61) (497,-64) (498,-62) (499,-53) (500,-46) (501,-46) (502,-42) (503,-36) (504,-36) (505,-38) (506,-24) (507,-18) (508,-18) (509,-25) (510,-22) (511,-19) (512,-17) (513,-22) (514,-21) (515,-20) (516,-31) (517,-31) (518,-31) (519,-20) (520,-18) (521,-13) (522,-17) (523,-19) (524,-20) (525,-15) (526,-15) (527,-8) (528,-9) (529,-1) (530,0) (531,2) (532,1) (533,12) (534,10) (535,16) (536,19) (537,20) (538,22) (539,18) (540,19) (541,13) (542,7) (543,7) (544,4) (545,-3) (546,-9) (547,-12) (548,-13) (549,-13) (550,-9) (551,-4) (552,-2) (553,-10) (554,-4) (555,-7) (556,-3) (557,-7) (558,-14) (559,-17) (560,-18) (561,-21) (562,-10) (563,-6) (564,-11) (565,-11) (566,-7) (567,-15) (568,-14) (569,-17) (570,-13) (571,-7) (572,-13) (573,-9) (574,-8) (575,-7) (576,-2) (577,-2) (578,0) (579,-2) (580,2) (581,2) (582,-2) (583,3) (584,12) (585,13) (586,18) (587,15) (588,10) (589,14) (590,19) (591,21) (592,25) (593,26) (594,28) (595,37) (596,32) (597,43) (598,54) (599,55) (600,52) (601,54) (602,58) (603,61) (604,64) (605,57) (606,54) (607,51) (608,49) (609,46) (610,42) (611,38) (612,31) (613,25) (614,24) (615,34) (616,25) (617,22) (618,26) (619,25) (620,27) (621,22) (622,20) (623,20) (624,33) (625,32) (626,28) (627,23) (628,21) (629,31) (630,39) (631,36) (632,29) (633,27) (634,32) (635,33) (636,34) (637,38) (638,32) (639,42) (640,37) (641,38) (642,35) (643,33) (644,29) (645,30) (646,35) (647,35) (648,32) (649,36) (650,31) (651,27) (652,23) (653,17) (654,12) (655,15) (656,13) (657,13) (658,23) (659,18) (660,10) (661,11) (662,16) (663,17) (664,25) (665,23) (666,21) (667,21) (668,20) (669,21) (670,12) (671,8) (672,-5) (673,2) (674,11) (675,4) (676,4) (677,4) (678,1) (679,-1) (680,-2) (681,-4) (682,-6) (683,-7) (684,-22) (685,-22) (686,-20) (687,-26) (688,-25) (689,-26) (690,-27) (691,-30) (692,-26) (693,-30) (694,-28) (695,-24) (696,-31) (697,-36) (698,-39) (699,-40) (700,-48) (701,-48) (702,-39) (703,-36) (704,-33) (705,-27) (706,-36) (707,-34) (708,-47) (709,-49) (710,-45) (711,-38) (712,-38) (713,-36) (714,-44) (715,-45) (716,-38) (717,-41) (718,-36) (719,-35) (720,-31) (721,-31) (722,-26) (723,-27) (724,-37) (725,-34) (726,-29) (727,-34) (728,-23) (729,-28) (730,-30) (731,-29) (732,-25) (733,-28) (734,-32) (735,-34) (736,-33) (737,-26) (738,-22) (739,-19) (740,-17) (741,-19) (742,-8) (743,-10) (744,-8) (745,7) (746,3) (747,9) (748,8) (749,12) (750,11) (751,20) (752,14) (753,14) (754,26) (755,19) (756,17) (757,23) (758,26) (759,23) (760,16) (761,16) (762,17) (763,17) (764,26) (765,29) (766,37) (767,43) (768,43) (769,35) (770,31) (771,38) (772,39) (773,35) (774,38) (775,39) (776,46) (777,32) (778,34) (779,38) (780,32) (781,24) (782,23) (783,22) (784,20) (785,22) (786,16) (787,18) (788,22) (789,17) (790,24) (791,21) (792,17) (793,23) (794,27) (795,35) (796,48) 
(999,-31) (996,-28) (988,-23) (801,56) (265,114) (22,60) (19,56) (1,2) (0,-2) (266,113) (800,52) (797,53) (798,48) (799,49) 
(999,-31) (996,-28) (988,-23) (801,56) (265,114) (22,60) (19,56) (1,2) (0,-2) (266,113) (800,52) (797,53) 
(999,-31) (996,-28) (988,-23) (801,56) (265,114) (22,60) (19,56) (1,2) (0,-2) (989,-25) (995,-31) (990,-34) (991,-35) (992,-36) (993,-31) (994,-33) 
TD 4 :
(999,-31) (996,-28) (988,-23) (801,56) (265,114) (22,60) (19,56) (1,2) (0,-2) (18,51) (2,3) (13,34) (10,26) (3,1) (8,18) (7,15) (4,-8) (5,-8) (6,4) 
(999,-31) (996,-28) (988,-23) (801,56) (265,114) (22,60) (19,56) (1,2) (0,-2) (18,51) (2,3) (13,34) (10,26) (3,1) (8,18) (7,15) (4,-8) 
(999,-31) (996,-28) (988,-23) (801,56) (265,114) (22,60) (19,56) (1,2) (0,-2) (18,51) (2,3) (13,34) (10,26) (3,1) (8,18) (7,15) (4,-8) (9,20) 
(999,-31) (996,-28) (988,-23) (801,56) (265,114) (22,60) (19,56) (1,2) (0,-2) (18,51) (2,3) (13,34) (10,26) (3,1) (12,30) (11,27) 
(999,-31) (996,-28) (988,-23) (801,56) (265,114) (22,60) (19,56) (1,2) (0,-2) (18,51) (2,3) (13,34) (10,26) (3,1) (12,30) (11,27) 
(999,-31) (996,-28) (988,-23) (801,56) (265,114) (22,60) (19,56) (1,2) (0,-2) (18,51) (2,3) (13,34) (10,26) (3,1) (12,30) (11,27) 
(999,-31) (996,-28) (988,-23) (801,56) (265,114) (22,60) (19,56) (1,2) (0,-2) (18,51) (2,3) (13,34) (10,26) (3,1) (15,37) (14,24) 
(999,-31) (996,-28) (988,-23) (801,56) (265,114) (22,60) (19,56) (1,2) (0,-2) (18,51) (2,3) (13,34) (10,26) (3,1) (15,37) (16,35) (17,38) 
(999,-31) (996,-28) (988,-23) (801,56) (265,114) (22,60) (19,56) (1,2) (0,-2) (266,113) (800,52) (797,53) (268,110) (267,107) 
(999,-31) (996,-28) (988,-23) (801,56) (265,114) (22,60) (19,56) (1,2) (0,-2) (266,113) (800,52) (797,53) (268,110) (269,106) (270,101) (271,103) (272,96) (273,89) (274,92) (275,95) (276,88) (277,91) (278,90) (279,93) (280,87) (281,91) (282,86) (283,86) (284,84) (285,76) (286,70) (287,67) (288,69) (289,66) (290,70) (291,65) (292,69) (293,72) (294,67) (295,61) (296,67) (297,71) (298,75) (299,73) (300,70) (301,70) (302,66) (303,59) (304,55) (305,60) (306,60) (307,62) (308,58) (309,57) (310,60) (311,66) (312,64) (313,66) (314,67) (315,70) (316,68) (317,78) (318,84) (319,72) (320,63) (321,53) (322,50) (323,55) (324,56) (325,58) (326,55) (327,52) (328,54) (329,52) (330,49) (331,54) (332,56) (333,54) (334,45) (335,51) (336,51) (337,54) (338,49) (339,52) (340,56) (341,60) (342,62) (343,64) (344,63) (345,69) (346,65) (347,64) (348,57) (349,59) (350,52) (351,48) (352,45) (353,52) (354,42) (355,32) (356,30) (357,26) (358,25) (359,29) (360,26) (361,28) (362,26) (363,25) (364,25) (365,21) (366,20) (367,17) (368,15) (369,11) (370,11) (371,8) (372,9) (373,10) (374,11) (375,14) (376,23) (377,24) (378,24) (379,35) (380,24) (381,26) (382,17) (383,25) (384,26) (385,21) (386,22) (387,22) (388,18) (389,14) (390,9) (391,6) (392,12) (393,9) (394,-2) (395,-1) (396,4) (397,10) (398,14) (399,25) (400,21) (401,11) (402,5) (403,10) (404,17) (405,17) (406,19) (407,15) (408,26) (409,19) (410,23) (411,17) (412,12) (413,5) (414,2) (415,3) (416,-7) (417,-2) (418,12) (419,16) (420,21) (421,18) (422,14) (423,16) (424,19) (425,22) (426,24) (427,24) (428,21) (429,19) (430,13) (431,12) (432,11) (433,16) (434,21) (435,19) (436,26) (437,25) (438,22) (439,22) (440,22) (441,13) (442,10) (443,11) (444,12) (445,10) (446,7) (447,1) (448,-3) (449,-3) (450,-10) (451,-2) (452,-3) (453,-4) (454,-1) (455,-2) (456,-2) (457,4) (458,3) (459,-3) (460,-10) (461,-11) (462,-7) (463,-6) (464,-6) (465,-5) (466,-11) (467,-15) (468,-24) (469,-31) (470,-24) (471,-18) (472,-19) (473,-19) (474,-17) (475,-18) (476,-25) (477,-23) (478,-14) (479,-19) (480,-15) (481,-14) (482,-15) (483,-10) (484,-6) (485,-11) (486,-16) (487,-6) (488,-19) (489,-17) (490,-25) (491,-26) (492,-31) (493,-33) (494,-45) (495,-52) (496,-61) (497,-64) (498,-62) (499,-53) (500,-46) (501,-46) (502,-42) (503,-36) (504,-36) (505,-38) (506,-24) (507,-18) (508,-18) (509,-25) (510,-22) (511,-19) (512,-17) (513,-22) (514,-21) (515,-20) (516,-31) (517,-31) (518,-31) (519,-20) (520,-18) (521,-13) (522,-17) (523,-19) (524,-20) (525,-15) (526,-15) (527,-8) (528,-9) (529,-1) (530,0) (531,2) (532,1) (533,12) (534,10) (535,16) (536,19) (537,20) (538,22) (539,18) (540,19) (541,13) (542,7) (543,7) (544,4) (545,-3) (546,-9) (547,-12) (548,-13) (549,-13) (550,-9) (551,-4) (552,-2) (553,-10) (554,-4) (555,-7) (556,-3) (557,-7) (558,-14) (559,-17) (560,-18) (561,-21) (562,-10) (563,-6) (564,-11) (565,-11) (566,-7) (567,-15) (568,-14) (569,-17) (570,-13) (571,-7) (572,-13) (573,-9) (574,-8) (575,-7) (576,-2) (577,-2) (578,0) (579,-2) (580,2) (581,2) (582,-2) (583,3) (584,12) (585,13) (586,18) (587,15) (588,10) (589,14) (590,19) (591,21) (592,25) (593,26) (594,28) (595,37) (596,32) (597,43) (598,54) (599,55) (600,52) (601,54) (602,58) (603,61) (604,64) (605,57) (606,54) (607,51) (608,49) (609,46) (610,42) (611,38) (612,31) (613,25) (614,24) (615,34) (616,25) (617,22) (618,26) (619,25) (620,27) (621,22) (622,20) (623,20) (624,33) (625,32) (626,28) (627,23) (628,21) (629,31) (630,39) (631,36) (632,29) (633,27) (634,32) (635,33) (636,34) (637,38) (638,32) (639,42) (640,37) (641,38) (642,35) (643,33) (644,29) (645,30) (646,35) (647,35) (648,32) (649,36) (650,31) (651,27) (652,23) (653,17) (654,12) (655,15) (656,13) (657,13) (658,23) (659,18) (660,10) (661,11) (662,16) (663,17) (664,25) (665,23) (666,21) (667,21) (668,20) (669,21) (670,12) (671,8) (672,-5) (673,2) (674,11) (675,4) (676,4) (677,4) (678,1) (679,-1) (680,-2) (681,-4) (682,-6) (683,-7) (684,-22) (685,-22) (686,-20) (687,-26) (688,-25) (689,-26) (690,-27) (691,-30) (692,-26) (693,-30) (694,-28) (695,-24) (696,-31) (697,-36) (698,-39) (699,-40) (700,-48) (701,-48) (702,-39) (703,-36) (704,-33) (705,-27) (706,-36) (707,-34) (708,-47) (709,-49) (710,-45) (711,-38) (712,-38) (713,-36) (714,-44) (715,-45) (716,-38) (717,-41) (718,-36) (719,-35) (720,-31) (721,-31) (722,-26) (723,-27) (724,-37) (725,-34) (726,-29) (727,-34) (728,-23) (729,-28) (730,-30) (731,-29) (732,-25) (733,-28) (734,-32) (735,-34) (736,-33) (737,-26) (738,-22) (739,-19) (740,-17) (741,-19) (742,-8) (743,-10) (744,-8) (745,7) (746,3) (747,9) (748,8) (749,12) (750,11) (751,20) (752,14) (753,14) (754,26) (755,19) (756,17) (757,23) (758,26) (759,23) (760,16) (761,16) (762,17) (763,17) (764,26) (765,29) (766,37) (767,43) (768,43) (769,35) (770,31) (771,38) (772,39) (773,35) (774,38) (775,39) (776,46) (777,32) (778,34) (779,38) (780,32) (781,24) (782,23) (783,22) (784,20) (785,22) (786,16) (787,18) (788,22) (789,17) (790,24) (791,21) (792,17) (793,23) (794,27) (795,35) (796,48) 
(999,-31) (996,-28) (988,-23) (801,56) (265,114) (22,60) (19,56) (1,2) (0,-2) (266,113) (800,52) (797,53) (799,49) (798,48) 
(999,-31) (996,-28) (988,-23) (801,56) (265,114) (22,60) (19,56) (1,2) (0,-2) (266,113) (800,52) (797,53) (799,49) 
(999,-31) (996,-28) (988,-23) (801,56) (265,114) (22,60) (19,56) (1,2) (0,-2) (989,-25) (995,-31) (994,-33) (993,-31) (990,-34) (991,-35) (992,-36) 
(999,-31) (996,-28) (988,-23) (801,56) (265,114) (22,60) (19,56) (1,2) (0,-2) (989,-25) (995,-31) (994,-33) (993,-31) 
TD 5 :
(999,-31) (996,-28) (988,-23) (801,56) (265,114) (22,60) (19,56) (1,2) (0,-2) (18,51) (2,3) (13,34) (10,26) (3,1) (8,18) (7,15) (4,-8) (6,4) (5,-8) 
(999,-31) (996,-28) (988,-23) (801,56) (265,114) (22,60) (19,56) (1,2) (0,-2) (18,51) (2,3) (13,34) (10,26) (3,1) (8,18) (7,15) (4,-8) (6,4) (5,-8) 
(999,-31) (996,-28) (988,-23) (801,56) (265,114) (22,60) (19,56) (1,2) (0,-2) (18,51) (2,3) (13,34) (10,26) (3,1) (8,18) (7,15) (4,-8) (9,20) 
(999,-31) (996,-28) (988,-23) (801,56) (265,114) (22,60) (19,56) (1,2) (0,-2) (18,51) (2,3) (13,34) (10,26) (3,1) (8,18) (7,15) (4,-8) (9,20) 
(999,-31) (996,-28) (988,-23) (801,56) (265,114) (22,60) (19,56) (1,2) (0,-2) (18,51) (2,3) (13,34) (10,26) (3,1) (15,37) (17,38) (16,35) 
(999,-31) (996,-28) (988,-23) (801,56) (265,114) (22,60) (19,56) (1,2) (0,-2) (18,51) (2,3) (13,34) (10,26) (3,1) (15,37) (17,38) 
(999,-31) (996,-28) (988,-23) (801,56) (265,114) (22,60) (19,56) (1,2) (0,-2) (266,113) (800,52) (797,53) (268,110) (267,107) 
(999,-31) (996,-28) (988,-23) (801,56) (265,114) (22,60) (19,56) (1,2) (0,-2) (266,113) (800,52) (797,53) (268,110) (267,107) 
(999,-31) (996,-28) (988,-23) (801,56) (265,114) (22,60) (19,56) (1,2) (0,-2) (266,113) (800,52) (797,53) (799,49) (798,48) 
(999,-31) (996,-28) (988,-23) (801,56) (265,114) (22,60) (19,56) (1,2) (0,-2) (266,113) (800,52) (797,53) (799,49) (798,48) 
(999,-31) (996,-28) (988,-23) (801,56) (265,114) (22,60) (19,56) (1,2) (0,-2) (989,-25) (995,-31) (994,-33) (993,-31) (992,-36) (991,-35) (990,-34) 
(999,-31) (996,-28) (988,-23) (801,56) (265,114) (22,60) (19,56) (1,2) (0,-2) (989,-25) (995,-31) (994,-33) (993,-31) (992,-36) (991,-35) (990,-34) 
(999,-31) (996,-28) (988,-23) (801,56) (265,114) (22,60) (19,56) (1,2) (0,-2) (989,-25) (995,-31) (994,-33) (993,-31) (992,-36) (991,-35) (990,-34) 
TD 6 :
(999,-31) (996,-28) (988,-23) (801,56) (265,114) (22,60) (19,56) (1,2) (0,-2) (18,51) (2,3) (13,34) (10,26) (3,1) (15,37) (17,38) (16,35) 
(999,-31) (996,-28) (988,-23) (801,56) (265,114) (22,60) (19,56) (1,2) (0,-2) (18,51) (2,3) (13,34) (10,26) (3,1) (15,37) (17,38) (16,35) 
TD 7 :
TD 8 :
TD 9 :
TD 10 :
TD 11 :
TD 12 :
TD 13 :
TD 14 :
TD 15 :
TD 16 :
TD 17 :
TD 18 :
TD 19 :
TD 20 :
TD 21 :
TD 22 :
TD 23 :
TD 24 :
TD 25 :
TD 26 :
TD 27 :
TD 28 :
TD 29 :
TD 30 :
TD 31 :
TD 32 :
TD 33 :
TD 34 :
TD 35 :
TD 36 :
TD 37 :
TD 38 :
TD 39 :
TD 40 :
TD 41 :
TD 42 :
TD 43 :
TD 44 :
TD 45 :
TD 46 :
TD 47 :
TD 48 :
TD 49 :
TD 50 :
TD 51 :
TD 52 :
TD 53 :
TD 54 :
TD 55 :
TD 56 :
TD 57 :
TD 58 :
TD 59 :
TD 60 :
TD 61 :
TD 62 :
TD 63 :
TD 64 :
TD 65 :
TD 66 :
TD 67 :
TD 68 :
TD 69 :
TD 70 :
TD 71 :
TD 72 :
TD 73 :
TD 74 :
TD 75 :
TD 76 :
TD 77 :
TD 78 :
TD 79 :
TD 80 :
TD 81 :
TD 82 :
TD 83 :
TD 84 :
TD 85 :
TD 86 :
TD 87 :
TD 88 :
TD 89 :
TD 90 :
TD 91 :
TD 92 :
TD 93 :
TD 94 :
TD 95 :
TD 96 :
Pocket 0 :
()
Pocket 1 :
({  (0,-2) ,(1,2) } {  (0,-2) ,(1,2) } {  (0,-2) ,(1,2) } {  (0,-2) ,(1,2) } {  (0,-2) ,(1,2) } {  (0,-2) ,(1,2) } {  (0,-2) ,(1,2) } {  (0,-2) ,(1,2) } {  (0,-2) ,(1,2) } {  (0,-2) ,(1,2) } {  (0,-2) ,(1,2) } {  (0,-2) ,(1,2) } {  (0,-2) ,(1,2) } {  (0,-2) ,(1,2) } {  (0,-2) ,(1,2) } {  (0,-2) ,(1,2) } )
Pocket 2 :
({  (2,3) ,(0,-2) } {  (999,-31) ,(18,51) } {  (2,3) ,(0,-2) } {  (999,-31) ,(18,51) } {  (21,57) ,(20,56) } {  (21,57) ,(20,56) } {  (21,57) ,(20,56) } {  (267,107) ,(266,113) } {  (267,107) ,(266,113) } {  (803,44) ,(802,53) } {  (803,44) ,(802,53) } {  (990,-34) ,(989,-25) } {  (990,-34) ,(989,-25) } {  (998,-33) ,(997,-30) } {  (998,-33) ,(997,-30) } )
Pocket 3 :
({  (3,1) ,(2,3) } {  (11,27) ,(10,26) } {  (3,1) ,(2,3) } {  (11,27) ,(10,26) } {  (3,1) ,(2,3) } {  (11,27) ,(10,26) } {  (798,48) ,(797,53) } {  (798,48) ,(797,53) } {  (798,48) ,(797,53) } {  (999,-31) ,(995,-31) } )
Pocket 4 :
({  (4,-8) ,(3,1) } {  (8,18) ,(7,15) } {  (4,-8) ,(3,1) } {  (8,18) ,(7,15) } {  (4,-8) ,(3,1) } {  (8,18) ,(7,15) } {  (12,30) ,(11,27) } {  (12,30) ,(11,27) } {  (12,30) ,(11,27) } {  (16,35) ,(15,37) } {  (16,35) ,(15,37) } {  (269,106) ,(268,110) } {  (269,106) ,(268,110) } {  (999,-31) ,(799,49) } {  (999,-31) ,(799,49) } {  (994,-33) ,(993,-31) } {  (994,-33) ,(993,-31) } )
Pocket 5 :
({  (5,-8) ,(4,-8) } {  (999,-31) ,(6,4) } {  (5,-8) ,(4,-8) } {  (999,-31) ,(6,4) } {  (999,-31) ,(9,20) } {  (999,-31) ,(9,20) } {  (999,-31) ,(17,38) } {  (999,-31) ,(17,38) } {  (999,-31) ,(267,107) } {  (999,-31) ,(267,107) } {  (999,-31) ,(798,48) } {  (999,-31) ,(798,48) } {  (991,-35) ,(990,-34) } {  (991,-35) ,(990,-34) } {  (991,-35) ,(990,-34) } )
Pocket 6 :
({  (999,-31) ,(16,35) } {  (999,-31) ,(16,35) } )
Pocket 7 :
()
Pocket 8 :
()
Pocket 9 :
()
Pocket 10 :
()
Pocket 11 :
()
Pocket 12 :
()
Pocket 13 :
()
Pocket 14 :
()
Pocket 15 :
()
Pocket 16 :
()
Pocket 17 :
()
Pocket 18 :
()
Pocket 19 :
()
Pocket 20 :
()
Pocket 21 :
()
Pocket 22 :
()
Pocket 23 :
()
Pocket 24 :
()
Pocket 25 :
()
Pocket 26 :
()
Pocket 27 :
()
Pocket 28 :
()
Pocket 29 :
()
Pocket 30 :
()
Pocket 31 :
()
Pocket 32 :
()
Pocket 33 :
()
Pocket 34 :
()
Pocket 35 :
()
Pocket 36 :
()
Pocket 37 :
()
Pocket 38 :
()
Pocket 39 :
()
Pocket 40 :
()
Pocket 41 :
()
Pocket 42 :
()
Pocket 43 :
()
Pocket 44 :
()
Pocket 45 :
()
Pocket 46 :
()
Pocket 47 :
()
Pocket 48 :
()
Pocket 49 :
()
Pocket 50 :
()
Pocket 51 :
()
Pocket 52 :
()
Pocket 53 :
()
Pocket 54 :
()
Pocket 55 :
()
Pocket 56 :
()
Pocket 57 :
()
Pocket 58 :
()
Pocket 59 :
()
Pocket 60 :
()
Pocket 61 :
()
Pocket 62 :
()
Pocket 63 :
()
Pocket 64 :
()
Pocket 65 :
()
Pocket 66 :
()
Pocket 67 :
()
Pocket 68 :
()
Pocket 69 :
()
Pocket 70 :
()
Pocket 71 :
()
Pocket 72 :
()
Pocket 73 :
()
Pocket 74 :
()
Pocket 75 :
()
Pocket 76 :
()
Pocket 77 :
()
Pocket 78 :
()
Pocket 79 :
()
Pocket 80 :
()
Pocket 81 :
()
Pocket 82 :
()
Pocket 83 :
()
Pocket 84 :
()
Pocket 85 :
()
Pocket 86 :
()
Pocket 87 :
()
Pocket 88 :
()
Pocket 89 :
()
Pocket 90 :
()
Pocket 91 :
()
Pocket 92 :
()
Pocket 93 :
()
Pocket 94 :
()
Pocket 95 :
()
