18 layers in onion peeling: 
Layer 1
(99,8) (98,11) (97,11) (14,7) (0,-2) 
Layer 2
(96,9) (34,7) (13,6) (5,1) (1,-2) 
Layer 3
(95,8) (15,6) (12,5) (3,-1) (2,-2) 
Layer 4
(94,6) (93,6) (36,6) (35,6) (33,6) (20,6) (19,6) (18,6) (16,5) (6,0) (4,-1) 
Layer 5
(92,3) (21,4) (11,2) (7,-2) 
Layer 6
(91,1) (87,3) (39,3) (37,3) (32,3) (30,3) (17,2) (8,-2) 
Layer 7
(90,-1) (89,1) (78,2) (48,2) (47,2) (38,2) (31,2) (29,2) (23,2) (22,2) (10,-2) (9,-3) 
Layer 8
(88,1) (86,1) (40,1) (28,1) (24,0) 
Layer 9
(85,0) (77,0) (49,0) (41,0) (26,0) (25,0) 
Layer 10
(84,-1) (51,-1) (46,-1) (27,-1) 
Layer 11
(83,-3) (79,-2) (76,-2) (52,-2) (50,-2) (45,-2) (42,-2) 
Layer 12
(82,-4) (81,-3) (74,-3) (53,-3) (43,-3) 
Layer 13
(80,-4) (70,-4) (69,-4) (44,-5) 
Layer 14
(75,-5) (68,-5) (67,-5) (54,-6) 
Layer 15
(73,-7) (72,-6) (57,-7) (55,-9) 
Layer 16
(71,-7) (66,-7) (65,-7) (58,-7) (56,-9) 
Layer 17
(64,-9) (59,-10) 
Layer 18
(63,-10) (60,-11) 
---------------------------------------------------------------------------------------
TD 0 :
(99,8) (98,11) (97,11) (96,9) (95,8) (94,6) (93,6) (92,3) (91,1) (90,-1) (89,1) (88,1) (87,3) (86,1) (85,0) (84,-1) (83,-3) (82,-4) (81,-3) (80,-4) (79,-2) (78,2) (77,0) (76,-2) (75,-5) (74,-3) (73,-7) (72,-6) (71,-7) (70,-4) (69,-4) (68,-5) (67,-5) (66,-7) (65,-7) (64,-9) (63,-10) (62,-12) (61,-12) (60,-11) (59,-10) (58,-7) (57,-7) (56,-9) (55,-9) (54,-6) (53,-3) (52,-2) (51,-1) (50,-2) (49,0) (48,2) (47,2) (46,-1) (45,-2) (44,-5) (43,-3) (42,-2) (41,0) (40,1) (39,3) (38,2) (37,3) (36,6) (35,6) (34,7) (33,6) (32,3) (31,2) (30,3) (29,2) (28,1) (27,-1) (26,0) (25,0) (24,0) (23,2) (22,2) (21,4) (20,6) (19,6) (18,6) (17,2) (16,5) (15,6) (14,7) (13,6) (12,5) (11,2) (10,-2) (9,-3) (8,-2) (7,-2) (6,0) (5,1) (4,-1) (3,-1) (2,-2) (1,-2) (0,-2) 
TD 1 :
(99,8) (98,11) (97,11) (14,7) (0,-2) (1,-2) (2,-2) (3,-1) (4,-1) (5,1) (6,0) (7,-2) (8,-2) (9,-3) (10,-2) (11,2) (12,5) (13,6) 
(99,8) (98,11) (97,11) (14,7) (0,-2) (15,6) (16,5) (17,2) (18,6) (19,6) (20,6) (21,4) (22,2) (23,2) (24,0) (25,0) (26,0) (27,-1) (28,1) (29,2) (30,3) (31,2) (32,3) (33,6) (34,7) (35,6) (36,6) (37,3) (38,2) (39,3) (40,1) (41,0) (42,-2) (43,-3) (44,-5) (45,-2) (46,-1) (47,2) (48,2) (49,0) (50,-2) (51,-1) (52,-2) (53,-3) (54,-6) (55,-9) (56,-9) (57,-7) (58,-7) (59,-10) (60,-11) (61,-12) (62,-12) (63,-10) (64,-9) (65,-7) (66,-7) (67,-5) (68,-5) (69,-4) (70,-4) (71,-7) (72,-6) (73,-7) (74,-3) (75,-5) (76,-2) (77,0) (78,2) (79,-2) (80,-4) (81,-3) (82,-4) (83,-3) (84,-1) (85,0) (86,1) (87,3) (88,1) (89,1) (90,-1) (91,1) (92,3) (93,6) (94,6) (95,8) (96,9) 
(99,8) (98,11) (97,11) (14,7) (0,-2) 
(99,8) (98,11) (97,11) (14,7) (0,-2) 
TD 2 :
(99,8) (98,11) (97,11) (14,7) (0,-2) (13,6) (5,1) (1,-2) (2,-2) (3,-1) (4,-1) 
(99,8) (98,11) (97,11) (14,7) (0,-2) (13,6) (5,1) (1,-2) (6,0) (7,-2) (8,-2) (9,-3) (10,-2) (11,2) (12,5) 
(99,8) (98,11) (97,11) (14,7) (0,-2) (13,6) (5,1) (1,-2) 
(99,8) (98,11) (97,11) (14,7) (0,-2) (96,9) (34,7) (15,6) (16,5) (17,2) (18,6) (19,6) (20,6) (21,4) (22,2) (23,2) (24,0) (25,0) (26,0) (27,-1) (28,1) (29,2) (30,3) (31,2) (32,3) (33,6) 
(99,8) (98,11) (97,11) (14,7) (0,-2) (96,9) (34,7) (35,6) (36,6) (37,3) (38,2) (39,3) (40,1) (41,0) (42,-2) (43,-3) (44,-5) (45,-2) (46,-1) (47,2) (48,2) (49,0) (50,-2) (51,-1) (52,-2) (53,-3) (54,-6) (55,-9) (56,-9) (57,-7) (58,-7) (59,-10) (60,-11) (61,-12) (62,-12) (63,-10) (64,-9) (65,-7) (66,-7) (67,-5) (68,-5) (69,-4) (70,-4) (71,-7) (72,-6) (73,-7) (74,-3) (75,-5) (76,-2) (77,0) (78,2) (79,-2) (80,-4) (81,-3) (82,-4) (83,-3) (84,-1) (85,0) (86,1) (87,3) (88,1) (89,1) (90,-1) (91,1) (92,3) (93,6) (94,6) (95,8) 
TD 3 :
(99,8) (98,11) (97,11) (14,7) (0,-2) (13,6) (5,1) (1,-2) (3,-1) (2,-2) 
(99,8) (98,11) (97,11) (14,7) (0,-2) (13,6) (5,1) (1,-2) (3,-1) (2,-2) (4,-1) 
(99,8) (98,11) (97,11) (14,7) (0,-2) (13,6) (5,1) (1,-2) (12,5) (6,0) (7,-2) (8,-2) (9,-3) (10,-2) (11,2) 
(99,8) (98,11) (97,11) (14,7) (0,-2) (13,6) (5,1) (1,-2) (12,5) 
(99,8) (98,11) (97,11) (14,7) (0,-2) (96,9) (34,7) (15,6) 
(99,8) (98,11) (97,11) (14,7) (0,-2) (96,9) (34,7) (15,6) (16,5) (17,2) (18,6) (19,6) (20,6) (21,4) (22,2) (23,2) (24,0) (25,0) (26,0) (27,-1) (28,1) (29,2) (30,3) (31,2) (32,3) (33,6) 
(99,8) (98,11) (97,11) (14,7) (0,-2) (96,9) (34,7) (95,8) (35,6) (36,6) (37,3) (38,2) (39,3) (40,1) (41,0) (42,-2) (43,-3) (44,-5) (45,-2) (46,-1) (47,2) (48,2) (49,0) (50,-2) (51,-1) (52,-2) (53,-3) (54,-6) (55,-9) (56,-9) (57,-7) (58,-7) (59,-10) (60,-11) (61,-12) (62,-12) (63,-10) (64,-9) (65,-7) (66,-7) (67,-5) (68,-5) (69,-4) (70,-4) (71,-7) (72,-6) (73,-7) (74,-3) (75,-5) (76,-2) (77,0) (78,2) (79,-2) (80,-4) (81,-3) (82,-4) (83,-3) (84,-1) (85,0) (86,1) (87,3) (88,1) (89,1) (90,-1) (91,1) (92,3) (93,6) (94,6) 
TD 4 :
(99,8) (98,11) (97,11) (14,7) (0,-2) (13,6) (5,1) (1,-2) (3,-1) (2,-2) (4,-1) 
(99,8) (98,11) (97,11) (14,7) (0,-2) (13,6) (5,1) (1,-2) (12,5) (6,0) 
(99,8) (98,11) (97,11) (14,7) (0,-2) (13,6) (5,1) (1,-2) (12,5) (6,0) (7,-2) (8,-2) (9,-3) (10,-2) (11,2) 
(99,8) (98,11) (97,11) (14,7) (0,-2) (96,9) (34,7) (15,6) (33,6) (20,6) (19,6) (18,6) (16,5) 
(99,8) (98,11) (97,11) (14,7) (0,-2) (96,9) (34,7) (15,6) (33,6) (20,6) (19,6) (18,6) (16,5) (17,2) 
(99,8) (98,11) (97,11) (14,7) (0,-2) (96,9) (34,7) (15,6) (33,6) (20,6) (19,6) (18,6) (16,5) 
(99,8) (98,11) (97,11) (14,7) (0,-2) (96,9) (34,7) (15,6) (33,6) (20,6) (19,6) (18,6) (16,5) 
(99,8) (98,11) (97,11) (14,7) (0,-2) (96,9) (34,7) (15,6) (33,6) (20,6) (19,6) (18,6) (16,5) (21,4) (22,2) (23,2) (24,0) (25,0) (26,0) (27,-1) (28,1) (29,2) (30,3) (31,2) (32,3) 
(99,8) (98,11) (97,11) (14,7) (0,-2) (96,9) (34,7) (15,6) (33,6) (20,6) (19,6) (18,6) (16,5) 
(99,8) (98,11) (97,11) (14,7) (0,-2) (96,9) (34,7) (95,8) (94,6) (93,6) (36,6) (35,6) 
(99,8) (98,11) (97,11) (14,7) (0,-2) (96,9) (34,7) (95,8) (94,6) (93,6) (36,6) (35,6) 
(99,8) (98,11) (97,11) (14,7) (0,-2) (96,9) (34,7) (95,8) (94,6) (93,6) (36,6) (35,6) (37,3) (38,2) (39,3) (40,1) (41,0) (42,-2) (43,-3) (44,-5) (45,-2) (46,-1) (47,2) (48,2) (49,0) (50,-2) (51,-1) (52,-2) (53,-3) (54,-6) (55,-9) (56,-9) (57,-7) (58,-7) (59,-10) (60,-11) (61,-12) (62,-12) (63,-10) (64,-9) (65,-7) (66,-7) (67,-5) (68,-5) (69,-4) (70,-4) (71,-7) (72,-6) (73,-7) (74,-3) (75,-5) (76,-2) (77,0) (78,2) (79,-2) (80,-4) (81,-3) (82,-4) (83,-3) (84,-1) (85,0) (86,1) (87,3) (88,1) (89,1) (90,-1) (91,1) (92,3) 
(99,8) (98,11) (97,11) (14,7) (0,-2) (96,9) (34,7) (95,8) (94,6) (93,6) (36,6) (35,6) 
TD 5 :
(99,8) (98,11) (97,11) (14,7) (0,-2) (13,6) (5,1) (1,-2) (12,5) (6,0) (11,2) (7,-2) (8,-2) (9,-3) (10,-2) 
(99,8) (98,11) (97,11) (14,7) (0,-2) (13,6) (5,1) (1,-2) (12,5) (6,0) (11,2) (7,-2) 
(99,8) (98,11) (97,11) (14,7) (0,-2) (96,9) (34,7) (15,6) (33,6) (20,6) (19,6) (18,6) (16,5) (21,4) 
(99,8) (98,11) (97,11) (14,7) (0,-2) (96,9) (34,7) (15,6) (33,6) (20,6) (19,6) (18,6) (16,5) (21,4) (22,2) (23,2) (24,0) (25,0) (26,0) (27,-1) (28,1) (29,2) (30,3) (31,2) (32,3) 
(99,8) (98,11) (97,11) (14,7) (0,-2) (96,9) (34,7) (95,8) (94,6) (93,6) (36,6) (35,6) (92,3) (37,3) (38,2) (39,3) (40,1) (41,0) (42,-2) (43,-3) (44,-5) (45,-2) (46,-1) (47,2) (48,2) (49,0) (50,-2) (51,-1) (52,-2) (53,-3) (54,-6) (55,-9) (56,-9) (57,-7) (58,-7) (59,-10) (60,-11) (61,-12) (62,-12) (63,-10) (64,-9) (65,-7) (66,-7) (67,-5) (68,-5) (69,-4) (70,-4) (71,-7) (72,-6) (73,-7) (74,-3) (75,-5) (76,-2) (77,0) (78,2) (79,-2) (80,-4) (81,-3) (82,-4) (83,-3) (84,-1) (85,0) (86,1) (87,3) (88,1) (89,1) (90,-1) (91,1) 
TD 6 :
(99,8) (98,11) (97,11) (14,7) (0,-2) (13,6) (5,1) (1,-2) (12,5) (6,0) (11,2) (7,-2) (8,-2) (9,-3) (10,-2) 
(99,8) (98,11) (97,11) (14,7) (0,-2) (96,9) (34,7) (15,6) (33,6) (20,6) (19,6) (18,6) (16,5) (21,4) (32,3) (30,3) (22,2) (23,2) (24,0) (25,0) (26,0) (27,-1) (28,1) (29,2) 
(99,8) (98,11) (97,11) (14,7) (0,-2) (96,9) (34,7) (15,6) (33,6) (20,6) (19,6) (18,6) (16,5) (21,4) (32,3) (30,3) (31,2) 
(99,8) (98,11) (97,11) (14,7) (0,-2) (96,9) (34,7) (15,6) (33,6) (20,6) (19,6) (18,6) (16,5) (21,4) (32,3) (30,3) 
(99,8) (98,11) (97,11) (14,7) (0,-2) (96,9) (34,7) (95,8) (94,6) (93,6) (36,6) (35,6) (92,3) (91,1) (87,3) (39,3) (37,3) 
(99,8) (98,11) (97,11) (14,7) (0,-2) (96,9) (34,7) (95,8) (94,6) (93,6) (36,6) (35,6) (92,3) (91,1) (87,3) (39,3) (37,3) (38,2) 
(99,8) (98,11) (97,11) (14,7) (0,-2) (96,9) (34,7) (95,8) (94,6) (93,6) (36,6) (35,6) (92,3) (91,1) (87,3) (39,3) (37,3) (40,1) (41,0) (42,-2) (43,-3) (44,-5) (45,-2) (46,-1) (47,2) (48,2) (49,0) (50,-2) (51,-1) (52,-2) (53,-3) (54,-6) (55,-9) (56,-9) (57,-7) (58,-7) (59,-10) (60,-11) (61,-12) (62,-12) (63,-10) (64,-9) (65,-7) (66,-7) (67,-5) (68,-5) (69,-4) (70,-4) (71,-7) (72,-6) (73,-7) (74,-3) (75,-5) (76,-2) (77,0) (78,2) (79,-2) (80,-4) (81,-3) (82,-4) (83,-3) (84,-1) (85,0) (86,1) 
(99,8) (98,11) (97,11) (14,7) (0,-2) (96,9) (34,7) (95,8) (94,6) (93,6) (36,6) (35,6) (92,3) (91,1) (87,3) (39,3) (37,3) (88,1) (89,1) (90,-1) 
TD 7 :
(99,8) (98,11) (97,11) (14,7) (0,-2) (13,6) (5,1) (1,-2) (12,5) (6,0) (11,2) (7,-2) (8,-2) (10,-2) (9,-3) 
(99,8) (98,11) (97,11) (14,7) (0,-2) (13,6) (5,1) (1,-2) (12,5) (6,0) (11,2) (7,-2) (8,-2) (10,-2) (9,-3) 
(99,8) (98,11) (97,11) (14,7) (0,-2) (96,9) (34,7) (15,6) (33,6) (20,6) (19,6) (18,6) (16,5) (21,4) (32,3) (30,3) (29,2) (23,2) (22,2) 
(99,8) (98,11) (97,11) (14,7) (0,-2) (96,9) (34,7) (15,6) (33,6) (20,6) (19,6) (18,6) (16,5) (21,4) (32,3) (30,3) (29,2) (23,2) (22,2) 
(99,8) (98,11) (97,11) (14,7) (0,-2) (96,9) (34,7) (15,6) (33,6) (20,6) (19,6) (18,6) (16,5) (21,4) (32,3) (30,3) (29,2) (23,2) (22,2) (24,0) (25,0) (26,0) (27,-1) (28,1) 
(99,8) (98,11) (97,11) (14,7) (0,-2) (96,9) (34,7) (15,6) (33,6) (20,6) (19,6) (18,6) (16,5) (21,4) (32,3) (30,3) (29,2) (23,2) (22,2) 
(99,8) (98,11) (97,11) (14,7) (0,-2) (96,9) (34,7) (15,6) (33,6) (20,6) (19,6) (18,6) (16,5) (21,4) (32,3) (30,3) (31,2) 
(99,8) (98,11) (97,11) (14,7) (0,-2) (96,9) (34,7) (15,6) (33,6) (20,6) (19,6) (18,6) (16,5) (21,4) (32,3) (30,3) (31,2) 
(99,8) (98,11) (97,11) (14,7) (0,-2) (96,9) (34,7) (95,8) (94,6) (93,6) (36,6) (35,6) (92,3) (91,1) (87,3) (39,3) (37,3) (38,2) 
(99,8) (98,11) (97,11) (14,7) (0,-2) (96,9) (34,7) (95,8) (94,6) (93,6) (36,6) (35,6) (92,3) (91,1) (87,3) (39,3) (37,3) (38,2) 
(99,8) (98,11) (97,11) (14,7) (0,-2) (96,9) (34,7) (95,8) (94,6) (93,6) (36,6) (35,6) (92,3) (91,1) (87,3) (39,3) (37,3) (78,2) (48,2) (47,2) (40,1) (41,0) (42,-2) (43,-3) (44,-5) (45,-2) (46,-1) 
(99,8) (98,11) (97,11) (14,7) (0,-2) (96,9) (34,7) (95,8) (94,6) (93,6) (36,6) (35,6) (92,3) (91,1) (87,3) (39,3) (37,3) (78,2) (48,2) (47,2) 
(99,8) (98,11) (97,11) (14,7) (0,-2) (96,9) (34,7) (95,8) (94,6) (93,6) (36,6) (35,6) (92,3) (91,1) (87,3) (39,3) (37,3) (78,2) (48,2) (47,2) (49,0) (50,-2) (51,-1) (52,-2) (53,-3) (54,-6) (55,-9) (56,-9) (57,-7) (58,-7) (59,-10) (60,-11) (61,-12) (62,-12) (63,-10) (64,-9) (65,-7) (66,-7) (67,-5) (68,-5) (69,-4) (70,-4) (71,-7) (72,-6) (73,-7) (74,-3) (75,-5) (76,-2) (77,0) 
(99,8) (98,11) (97,11) (14,7) (0,-2) (96,9) (34,7) (95,8) (94,6) (93,6) (36,6) (35,6) (92,3) (91,1) (87,3) (39,3) (37,3) (78,2) (48,2) (47,2) (79,-2) (80,-4) (81,-3) (82,-4) (83,-3) (84,-1) (85,0) (86,1) 
(99,8) (98,11) (97,11) (14,7) (0,-2) (96,9) (34,7) (95,8) (94,6) (93,6) (36,6) (35,6) (92,3) (91,1) (87,3) (39,3) (37,3) (90,-1) (89,1) (88,1) 
(99,8) (98,11) (97,11) (14,7) (0,-2) (96,9) (34,7) (95,8) (94,6) (93,6) (36,6) (35,6) (92,3) (91,1) (87,3) (39,3) (37,3) (90,-1) (89,1) 
TD 8 :
(99,8) (98,11) (97,11) (14,7) (0,-2) (96,9) (34,7) (15,6) (33,6) (20,6) (19,6) (18,6) (16,5) (21,4) (32,3) (30,3) (29,2) (23,2) (22,2) (28,1) (24,0) (25,0) (26,0) (27,-1) 
(99,8) (98,11) (97,11) (14,7) (0,-2) (96,9) (34,7) (15,6) (33,6) (20,6) (19,6) (18,6) (16,5) (21,4) (32,3) (30,3) (29,2) (23,2) (22,2) (28,1) (24,0) 
(99,8) (98,11) (97,11) (14,7) (0,-2) (96,9) (34,7) (95,8) (94,6) (93,6) (36,6) (35,6) (92,3) (91,1) (87,3) (39,3) (37,3) (78,2) (48,2) (47,2) (40,1) 
(99,8) (98,11) (97,11) (14,7) (0,-2) (96,9) (34,7) (95,8) (94,6) (93,6) (36,6) (35,6) (92,3) (91,1) (87,3) (39,3) (37,3) (78,2) (48,2) (47,2) (40,1) (41,0) (42,-2) (43,-3) (44,-5) (45,-2) (46,-1) 
(99,8) (98,11) (97,11) (14,7) (0,-2) (96,9) (34,7) (95,8) (94,6) (93,6) (36,6) (35,6) (92,3) (91,1) (87,3) (39,3) (37,3) (78,2) (48,2) (47,2) (86,1) (79,-2) (80,-4) (81,-3) (82,-4) (83,-3) (84,-1) (85,0) 
(99,8) (98,11) (97,11) (14,7) (0,-2) (96,9) (34,7) (95,8) (94,6) (93,6) (36,6) (35,6) (92,3) (91,1) (87,3) (39,3) (37,3) (78,2) (48,2) (47,2) (86,1) 
(99,8) (98,11) (97,11) (14,7) (0,-2) (96,9) (34,7) (95,8) (94,6) (93,6) (36,6) (35,6) (92,3) (91,1) (87,3) (39,3) (37,3) (90,-1) (89,1) (88,1) 
TD 9 :
(99,8) (98,11) (97,11) (14,7) (0,-2) (96,9) (34,7) (15,6) (33,6) (20,6) (19,6) (18,6) (16,5) (21,4) (32,3) (30,3) (29,2) (23,2) (22,2) (28,1) (24,0) (26,0) (25,0) 
(99,8) (98,11) (97,11) (14,7) (0,-2) (96,9) (34,7) (15,6) (33,6) (20,6) (19,6) (18,6) (16,5) (21,4) (32,3) (30,3) (29,2) (23,2) (22,2) (28,1) (24,0) (26,0) (25,0) (27,-1) 
(99,8) (98,11) (97,11) (14,7) (0,-2) (96,9) (34,7) (95,8) (94,6) (93,6) (36,6) (35,6) (92,3) (91,1) (87,3) (39,3) (37,3) (78,2) (48,2) (47,2) (40,1) (41,0) 
(99,8) (98,11) (97,11) (14,7) (0,-2) (96,9) (34,7) (95,8) (94,6) (93,6) (36,6) (35,6) (92,3) (91,1) (87,3) (39,3) (37,3) (78,2) (48,2) (47,2) (40,1) (41,0) (42,-2) (43,-3) (44,-5) (45,-2) (46,-1) 
(99,8) (98,11) (97,11) (14,7) (0,-2) (96,9) (34,7) (95,8) (94,6) (93,6) (36,6) (35,6) (92,3) (91,1) (87,3) (39,3) (37,3) (78,2) (48,2) (47,2) (86,1) (85,0) (79,-2) (80,-4) (81,-3) (82,-4) (83,-3) (84,-1) 
TD 10 :
(99,8) (98,11) (97,11) (14,7) (0,-2) (96,9) (34,7) (15,6) (33,6) (20,6) (19,6) (18,6) (16,5) (21,4) (32,3) (30,3) (29,2) (23,2) (22,2) (28,1) (24,0) (26,0) (25,0) (27,-1) 
(99,8) (98,11) (97,11) (14,7) (0,-2) (96,9) (34,7) (95,8) (94,6) (93,6) (36,6) (35,6) (92,3) (91,1) (87,3) (39,3) (37,3) (78,2) (48,2) (47,2) (40,1) (41,0) (46,-1) (42,-2) (43,-3) (44,-5) (45,-2) 
(99,8) (98,11) (97,11) (14,7) (0,-2) (96,9) (34,7) (95,8) (94,6) (93,6) (36,6) (35,6) (92,3) (91,1) (87,3) (39,3) (37,3) (78,2) (48,2) (47,2) (40,1) (41,0) (46,-1) 
(99,8) (98,11) (97,11) (14,7) (0,-2) (96,9) (34,7) (95,8) (94,6) (93,6) (36,6) (35,6) (92,3) (91,1) (87,3) (39,3) (37,3) (78,2) (48,2) (47,2) (86,1) (85,0) (84,-1) (79,-2) (80,-4) (81,-3) (82,-4) (83,-3) 
TD 11 :
(99,8) (98,11) (97,11) (14,7) (0,-2) (96,9) (34,7) (95,8) (94,6) (93,6) (36,6) (35,6) (92,3) (91,1) (87,3) (39,3) (37,3) (78,2) (48,2) (47,2) (40,1) (41,0) (46,-1) (45,-2) (42,-2) (43,-3) (44,-5) 
(99,8) (98,11) (97,11) (14,7) (0,-2) (96,9) (34,7) (95,8) (94,6) (93,6) (36,6) (35,6) (92,3) (91,1) (87,3) (39,3) (37,3) (78,2) (48,2) (47,2) (40,1) (41,0) (46,-1) (45,-2) (42,-2) 
(99,8) (98,11) (97,11) (14,7) (0,-2) (96,9) (34,7) (95,8) (94,6) (93,6) (36,6) (35,6) (92,3) (91,1) (87,3) (39,3) (37,3) (78,2) (48,2) (47,2) (86,1) (85,0) (84,-1) (83,-3) (79,-2) 
(99,8) (98,11) (97,11) (14,7) (0,-2) (96,9) (34,7) (95,8) (94,6) (93,6) (36,6) (35,6) (92,3) (91,1) (87,3) (39,3) (37,3) (78,2) (48,2) (47,2) (86,1) (85,0) (84,-1) (83,-3) (79,-2) (80,-4) (81,-3) (82,-4) 
TD 12 :
(99,8) (98,11) (97,11) (14,7) (0,-2) (96,9) (34,7) (95,8) (94,6) (93,6) (36,6) (35,6) (92,3) (91,1) (87,3) (39,3) (37,3) (78,2) (48,2) (47,2) (40,1) (41,0) (46,-1) (45,-2) (42,-2) (43,-3) (44,-5) 
(99,8) (98,11) (97,11) (14,7) (0,-2) (96,9) (34,7) (95,8) (94,6) (93,6) (36,6) (35,6) (92,3) (91,1) (87,3) (39,3) (37,3) (78,2) (48,2) (47,2) (86,1) (85,0) (84,-1) (83,-3) (79,-2) (82,-4) (81,-3) (80,-4) 
(99,8) (98,11) (97,11) (14,7) (0,-2) (96,9) (34,7) (95,8) (94,6) (93,6) (36,6) (35,6) (92,3) (91,1) (87,3) (39,3) (37,3) (78,2) (48,2) (47,2) (86,1) (85,0) (84,-1) (83,-3) (79,-2) (82,-4) (81,-3) 
TD 13 :
(99,8) (98,11) (97,11) (14,7) (0,-2) (96,9) (34,7) (95,8) (94,6) (93,6) (36,6) (35,6) (92,3) (91,1) (87,3) (39,3) (37,3) (78,2) (48,2) (47,2) (40,1) (41,0) (46,-1) (45,-2) (42,-2) (43,-3) (44,-5) 
(99,8) (98,11) (97,11) (14,7) (0,-2) (96,9) (34,7) (95,8) (94,6) (93,6) (36,6) (35,6) (92,3) (91,1) (87,3) (39,3) (37,3) (78,2) (48,2) (47,2) (86,1) (85,0) (84,-1) (83,-3) (79,-2) (82,-4) (81,-3) (80,-4) 
TD 14 :
TD 15 :
TD 16 :
TD 17 :
TD 18 :
Pocket 0 :
()
Pocket 1 :
({  (0,-2) ,(1,-2) } {  (13,6) ,(14,7) } {  (0,-2) ,(1,-2) } {  (13,6) ,(14,7) } {  (0,-2) ,(1,-2) } {  (13,6) ,(14,7) } {  (0,-2) ,(1,-2) } {  (13,6) ,(14,7) } )
Pocket 2 :
({  (1,-2) ,(0,-2) } {  (6,0) ,(5,1) } {  (1,-2) ,(0,-2) } {  (6,0) ,(5,1) } {  (1,-2) ,(0,-2) } {  (6,0) ,(5,1) } {  (35,6) ,(34,7) } {  (35,6) ,(34,7) } )
Pocket 3 :
({  (2,-2) ,(1,-2) } {  (4,-1) ,(3,-1) } {  (2,-2) ,(1,-2) } {  (4,-1) ,(3,-1) } {  (99,8) ,(12,5) } {  (99,8) ,(12,5) } {  (16,5) ,(15,6) } {  (16,5) ,(15,6) } {  (99,8) ,(95,8) } )
Pocket 4 :
({  (4,-1) ,(2,-2) } {  (7,-2) ,(6,0) } {  (7,-2) ,(6,0) } {  (17,2) ,(16,5) } {  (17,2) ,(16,5) } {  (17,2) ,(16,5) } {  (17,2) ,(16,5) } {  (17,2) ,(16,5) } {  (17,2) ,(16,5) } {  (36,6) ,(35,6) } {  (36,6) ,(35,6) } {  (36,6) ,(35,6) } {  (36,6) ,(35,6) } )
Pocket 5 :
({  (7,-2) ,(6,0) } {  (99,8) ,(11,2) } {  (7,-2) ,(6,0) } {  (99,8) ,(11,2) } {  (22,2) ,(21,4) } {  (22,2) ,(21,4) } {  (99,8) ,(92,3) } )
Pocket 6 :
({  (8,-2) ,(7,-2) } {  (31,2) ,(30,3) } {  (31,2) ,(30,3) } {  (31,2) ,(30,3) } {  (38,2) ,(37,3) } {  (38,2) ,(37,3) } {  (38,2) ,(37,3) } {  (38,2) ,(37,3) } )
Pocket 7 :
({  (9,-3) ,(8,-2) } {  (99,8) ,(10,-2) } {  (9,-3) ,(8,-2) } {  (99,8) ,(10,-2) } {  (23,2) ,(22,2) } {  (23,2) ,(22,2) } {  (23,2) ,(22,2) } {  (23,2) ,(22,2) } {  (99,8) ,(31,2) } {  (99,8) ,(31,2) } {  (99,8) ,(38,2) } {  (99,8) ,(38,2) } {  (48,2) ,(47,2) } {  (48,2) ,(47,2) } {  (48,2) ,(47,2) } {  (48,2) ,(47,2) } {  (90,-1) ,(89,1) } {  (90,-1) ,(89,1) } )
Pocket 8 :
({  (24,0) ,(22,2) } {  (99,8) ,(28,1) } {  (24,0) ,(22,2) } {  (99,8) ,(28,1) } {  (41,0) ,(40,1) } {  (41,0) ,(40,1) } {  (99,8) ,(86,1) } {  (99,8) ,(86,1) } {  (99,8) ,(88,1) } )
Pocket 9 :
({  (25,0) ,(24,0) } {  (27,-1) ,(26,0) } {  (25,0) ,(24,0) } {  (27,-1) ,(26,0) } {  (42,-2) ,(41,0) } {  (42,-2) ,(41,0) } {  (99,8) ,(85,0) } )
Pocket 10 :
({  (27,-1) ,(25,0) } {  (99,8) ,(46,-1) } {  (99,8) ,(46,-1) } {  (99,8) ,(84,-1) } )
Pocket 11 :
({  (42,-2) ,(46,-1) } {  (99,8) ,(45,-2) } {  (42,-2) ,(46,-1) } {  (99,8) ,(45,-2) } {  (80,-4) ,(79,-2) } {  (80,-4) ,(79,-2) } )
Pocket 12 :
({  (43,-3) ,(42,-2) } {  (82,-4) ,(81,-3) } {  (82,-4) ,(81,-3) } )
Pocket 13 :
({  (44,-5) ,(43,-3) } {  (99,8) ,(80,-4) } )
Pocket 14 :
()
Pocket 15 :
()
Pocket 16 :
()
Pocket 17 :
()
