94 layers in onion peeling: 
Layer 1
(999,-70) (997,-62) (949,17) (423,128) (417,128) (121,109) (58,85) (4,19) (3,17) (0,7) 
Layer 2
(998,-69) (996,-64) (948,10) (416,127) (126,107) (59,82) (54,79) (8,22) (5,17) (1,9) 
Layer 3
(995,-64) (993,-60) (950,5) (947,8) (420,126) (418,126) (125,105) (119,104) (56,78) (9,23) (2,9) 
Layer 4
(994,-67) (991,-61) (972,-32) (951,-1) (946,4) (422,125) (421,125) (120,104) (57,78) (7,17) (6,15) 
Layer 5
(992,-64) (974,-36) (955,-11) (944,1) (943,2) (430,123) (424,124) (123,104) (92,92) (55,74) (10,19) 
Layer 6
(990,-66) (989,-62) (975,-38) (954,-10) (945,-5) (428,123) (425,123) (419,123) (122,101) (118,100) (95,93) (60,74) (53,68) (15,25) (11,19) 
Layer 7
(988,-67) (977,-43) (973,-36) (970,-32) (953,-11) (952,-10) (942,-6) (429,122) (124,101) (96,93) (52,62) (14,23) (13,21) (12,19) 
Layer 8
(987,-68) (976,-42) (969,-31) (957,-17) (940,-7) (426,121) (129,101) (99,90) (61,65) (51,58) (18,27) (17,24) (16,18) 
Layer 9
(986,-69) (983,-62) (971,-37) (956,-20) (938,-9) (434,116) (415,120) (127,99) (117,96) (98,89) (93,86) (63,64) (45,49) (26,32) (19,23) 
Layer 10
(985,-73) (982,-63) (965,-34) (961,-28) (941,-13) (937,-11) (810,22) (433,116) (427,117) (130,96) (116,94) (97,88) (91,84) (62,63) (27,31) (24,28) (22,23) (20,16) 
Layer 11
(984,-73) (981,-64) (979,-58) (966,-37) (962,-31) (939,-13) (811,20) (453,109) (432,114) (431,114) (128,94) (113,93) (102,89) (94,85) (50,50) (25,28) (23,24) (21,18) 
Layer 12
(980,-63) (978,-57) (964,-36) (958,-28) (935,-15) (868,5) (812,19) (454,108) (435,112) (131,94) (104,89) (89,80) (46,46) (31,33) (28,30) 
Layer 13
(968,-43) (967,-41) (963,-35) (960,-32) (936,-17) (865,5) (455,106) (436,109) (132,92) (105,89) (101,87) (90,80) (47,46) (33,34) (32,33) (30,31) (29,27) 
Layer 14
(959,-34) (933,-17) (929,-15) (864,3) (756,31) (456,103) (414,107) (115,90) (103,85) (71,63) (64,58) (48,45) (34,24) 
Layer 15
(934,-22) (932,-18) (866,2) (813,16) (452,103) (438,103) (114,89) (87,72) (49,44) (35,25) 
Layer 16
(931,-19) (928,-17) (867,1) (755,29) (451,100) (439,102) (133,87) (110,84) (106,83) (100,80) (72,60) (44,37) (36,21) 
Layer 17
(930,-22) (869,-1) (770,25) (757,28) (437,101) (413,100) (137,86) (109,83) (88,70) (65,54) (40,27) (37,20) 
Layer 18
(927,-27) (925,-23) (909,-17) (861,0) (758,27) (440,99) (168,87) (112,81) (107,79) (86,68) (67,55) (66,54) (41,26) (39,23) (38,21) 
Layer 19
(926,-31) (924,-27) (862,-1) (744,27) (441,95) (412,97) (170,86) (136,83) (108,77) (80,63) (79,62) (43,25) (42,23) 
Layer 20
(923,-32) (922,-30) (910,-23) (863,-3) (752,24) (457,91) (411,96) (409,96) (165,84) (138,82) (111,77) (81,63) (73,55) (68,50) 
Layer 21
(921,-31) (920,-29) (870,-11) (809,10) (443,92) (405,94) (404,94) (166,83) (134,81) (85,59) (70,51) (69,47) 
Layer 22
(919,-35) (906,-25) (806,10) (442,92) (408,93) (403,93) (169,83) (135,80) (74,53) 
Layer 23
(918,-35) (917,-34) (907,-26) (896,-22) (807,9) (450,90) (410,92) (406,92) (164,82) (139,80) (75,53) 
Layer 24
(916,-38) (915,-33) (908,-28) (899,-24) (808,6) (769,17) (745,23) (449,89) (444,90) (141,80) (82,54) (76,51) 
Layer 25
(914,-41) (913,-39) (912,-38) (911,-37) (905,-31) (900,-29) (860,-13) (759,19) (743,23) (447,84) (402,88) (167,80) (140,76) (78,50) (77,44) 
Layer 26
(904,-32) (898,-29) (872,-19) (858,-14) (771,15) (753,20) (712,29) (458,81) (407,86) (173,80) (163,79) (145,75) (84,49) (83,41) 
Layer 27
(903,-32) (859,-15) (814,0) (754,19) (446,82) (162,77) (142,73) 
Layer 28
(902,-43) (901,-34) (895,-29) (805,2) (742,21) (448,80) (445,80) (171,76) (148,72) (144,71) (143,70) 
Layer 29
(897,-33) (871,-21) (747,19) (723,24) (459,76) (399,79) (187,76) (149,72) (146,69) 
Layer 30
(894,-39) (877,-26) (873,-23) (857,-17) (765,13) (746,19) (460,72) (398,78) (190,76) (147,69) 
Layer 31
(893,-40) (881,-30) (815,-4) (804,0) (766,12) (751,16) (727,22) (461,71) (401,77) (400,77) (191,76) (161,70) (150,66) 
Layer 32
(892,-47) (889,-39) (882,-31) (772,9) (760,13) (714,24) (464,66) (397,74) (198,75) (188,74) (172,72) (160,67) (156,65) (152,61) (151,53) 
Layer 33
(891,-54) (890,-44) (880,-32) (878,-30) (768,10) (722,22) (713,24) (462,66) (197,74) (192,74) (174,71) (157,65) (153,60) 
Layer 34
(888,-46) (886,-40) (879,-33) (874,-29) (793,0) (767,9) (749,14) (706,25) (463,61) (396,67) (193,73) (177,71) (159,65) (155,62) (154,57) 
Layer 35
(887,-46) (883,-38) (803,-4) (763,10) (715,22) (709,23) (465,58) (394,67) (270,70) (189,71) (175,69) (158,57) 
Layer 36
(885,-44) (884,-43) (876,-36) (816,-11) (794,-2) (762,9) (750,13) (716,20) (711,21) (466,55) (392,65) (268,69) (199,70) (176,68) 
Layer 37
(875,-36) (856,-28) (795,-4) (761,8) (724,18) (391,64) (267,68) (204,69) (185,68) (180,67) (178,66) 
Layer 38
(855,-33) (854,-30) (801,-7) (748,11) (741,13) (708,20) (395,63) (291,67) (200,68) (195,68) (194,68) (184,67) (179,61) 
Layer 39
(853,-33) (851,-32) (798,-6) (764,5) (739,13) (707,20) (485,49) (393,60) (293,66) (269,67) (196,65) (181,62) 
Layer 40
(852,-36) (848,-32) (833,-24) (802,-8) (797,-6) (776,1) (773,2) (738,13) (717,17) (615,32) (467,51) (294,65) (205,65) (186,61) (183,59) (182,57) 
Layer 41
(850,-36) (849,-35) (799,-7) (775,0) (710,17) (614,32) (486,48) (292,64) (280,64) (201,63) 
Layer 42
(847,-40) (846,-35) (834,-27) (800,-11) (783,-3) (725,13) (720,14) (613,32) (487,46) (390,55) (266,63) (206,62) (203,57) (202,55) 
Layer 43
(845,-41) (835,-28) (829,-25) (779,-3) (719,14) (612,32) (484,46) (389,55) (295,61) (277,62) (271,62) (207,58) 
Layer 44
(844,-46) (841,-40) (839,-36) (837,-32) (836,-30) (817,-20) (796,-11) (777,-3) (728,11) (704,16) (617,31) (481,46) (290,61) (261,60) (208,56) 
Layer 45
(843,-48) (840,-40) (838,-37) (832,-28) (778,-5) (734,9) (718,13) (618,30) (494,44) (476,46) (302,60) (296,60) (283,60) (210,54) (209,51) 
Layer 46
(842,-51) (830,-28) (792,-11) (731,9) (721,12) (705,15) (653,24) (610,30) (475,46) (297,58) (279,59) (211,51) 
Layer 47
(831,-32) (791,-11) (737,7) (730,9) (619,26) (491,44) (468,46) (289,56) (286,56) (281,56) (262,56) (258,56) (212,48) 
Layer 48
(828,-34) (827,-33) (818,-27) (790,-13) (780,-8) (736,7) (726,9) (703,13) (616,26) (492,43) (483,44) (303,54) (265,55) (214,46) (213,44) 
Layer 49
(826,-36) (782,-10) (774,-6) (740,5) (729,8) (702,13) (611,26) (488,43) (298,54) (284,54) (259,53) (216,42) (215,39) 
Layer 50
(825,-38) (819,-34) (781,-10) (733,6) (652,20) (603,27) (493,42) (479,43) (285,53) (278,53) (276,53) (272,53) (263,52) (217,42) 
Layer 51
(824,-44) (823,-41) (820,-35) (787,-14) (732,4) (651,20) (490,42) (282,52) (275,52) (257,50) (220,35) (218,31) 
Layer 52
(822,-40) (821,-38) (788,-16) (700,10) (663,17) (489,41) (477,42) (301,51) (260,50) (228,37) (223,34) (221,32) (219,27) 
Layer 53
(789,-20) (786,-16) (784,-15) (735,-2) (660,17) (499,39) (480,41) (388,46) (264,50) (255,47) (229,35) (222,31) 
Layer 54
(785,-17) (701,5) (659,16) (607,24) (495,39) (469,41) (300,48) (273,46) (254,44) (230,35) (227,33) (224,31) 
Layer 55
(699,4) (658,15) (604,24) (497,38) (482,39) (299,47) (287,46) (256,43) (231,34) (225,31) 
Layer 56
(698,3) (654,13) (606,23) (496,38) (288,46) (253,41) (239,36) (226,27) 
Layer 57
(697,-4) (696,-3) (666,10) (662,11) (649,14) (602,23) (498,37) (304,45) (274,41) (241,35) (236,32) (232,29) 
Layer 58
(695,-5) (685,1) (664,10) (661,11) (605,22) (500,35) (478,37) (382,40) (306,39) (252,35) (240,34) (233,29) 
Layer 59
(694,-9) (691,-4) (683,1) (665,9) (657,11) (609,21) (470,37) (387,39) (305,38) (246,32) (238,31) (237,30) (234,25) 
Layer 60
(693,-13) (692,-7) (684,0) (656,11) (608,21) (474,36) (386,37) (310,37) (251,31) (245,30) (242,29) (235,25) 
Layer 61
(690,-8) (681,-2) (667,5) (655,10) (650,12) (620,18) (471,35) (385,36) (311,36) (309,36) (247,30) (244,28) (243,27) 
Layer 62
(689,-8) (682,-3) (668,4) (648,11) (601,18) (472,31) (379,34) (307,35) (248,28) 
Layer 63
(688,-15) (686,-9) (680,-5) (647,10) (633,13) (473,30) (377,34) (308,33) (250,28) (249,27) 
Layer 64
(687,-19) (670,-4) (640,10) (621,13) (501,27) (384,33) (312,29) 
Layer 65
(679,-12) (669,-4) (646,7) (623,12) (599,15) (513,25) (381,32) (378,32) (317,23) (314,20) (313,18) 
Layer 66
(678,-20) (677,-12) (672,-7) (645,5) (634,8) (516,21) (383,30) (380,30) (320,18) (315,16) 
Layer 67
(676,-14) (675,-12) (674,-11) (673,-10) (671,-8) (644,4) (635,7) (514,21) (366,26) (318,17) (316,10) 
Layer 68
(643,-2) (639,3) (632,7) (600,11) (512,21) (376,25) (367,24) (319,16) 
Layer 69
(642,-4) (641,-2) (637,3) (636,4) (595,10) (515,20) (373,22) (321,16) 
Layer 70
(638,-1) (622,6) (502,20) (372,21) (323,14) (322,9) 
Layer 71
(631,1) (624,4) (593,8) (517,16) (369,20) (324,10) 
Layer 72
(630,-3) (598,7) (507,16) (375,19) (365,17) (325,8) 
Layer 73
(629,-9) (626,-5) (625,-4) (592,7) (528,12) (506,13) (368,17) (326,4) 
Layer 74
(628,-10) (591,6) (503,13) (374,16) (358,12) (354,10) (327,-5) 
Layer 75
(627,-11) (597,2) (594,3) (518,10) (505,11) (371,13) (361,11) (333,-3) (328,-12) 
Layer 76
(596,-1) (525,9) (504,10) (370,10) (364,9) (359,7) (332,-8) (329,-15) 
Layer 77
(590,-1) (527,8) (511,9) (362,8) (334,-7) (331,-11) (330,-15) 
Layer 78
(589,-7) (538,4) (522,7) (510,8) (508,8) (363,7) (349,1) (335,-13) 
Layer 79
(588,-18) (535,3) (521,7) (360,3) (355,2) (347,-2) (336,-16) 
Layer 80
(587,-26) (586,-23) (585,-21) (539,1) (523,6) (519,6) (353,-1) (348,-2) (341,-11) (337,-17) 
Layer 81
(584,-27) (531,3) (520,5) (509,5) (352,-2) (346,-6) (342,-11) (338,-16) 
Layer 82
(583,-31) (582,-27) (537,-1) (529,3) (524,4) (357,-2) (339,-15) 
Layer 83
(581,-30) (580,-27) (540,-5) (536,-3) (526,2) (356,-5) (343,-15) (340,-20) 
Layer 84
(579,-29) (541,-6) (530,-1) (350,-11) (345,-14) (344,-20) 
Layer 85
(578,-36) (543,-8) (532,-2) (351,-12) 
Layer 86
(577,-40) (576,-37) (574,-34) (542,-8) (533,-3) 
Layer 87
(575,-38) (573,-36) (544,-10) (534,-6) 
Layer 88
(572,-37) (571,-35) (545,-15) 
Layer 89
(570,-35) (553,-23) (546,-22) 
Layer 90
(569,-40) (568,-35) (552,-24) (548,-29) (547,-36) 
Layer 91
(567,-35) (556,-28) (551,-26) (549,-29) 
Layer 92
(566,-35) (561,-32) (554,-28) (550,-30) 
Layer 93
(565,-47) (564,-43) (560,-32) (558,-31) (557,-32) (555,-36) 
Layer 94
(563,-43) (559,-32) 
---------------------------------------------------------------------------------------
TD 0 :
(999,-70) (998,-69) (997,-62) (996,-64) (995,-64) (994,-67) (993,-60) (992,-64) (991,-61) (990,-66) (989,-62) (988,-67) (987,-68) (986,-69) (985,-73) (984,-73) (983,-62) (982,-63) (981,-64) (980,-63) (979,-58) (978,-57) (977,-43) (976,-42) (975,-38) (974,-36) (973,-36) (972,-32) (971,-37) (970,-32) (969,-31) (968,-43) (967,-41) (966,-37) (965,-34) (964,-36) (963,-35) (962,-31) (961,-28) (960,-32) (959,-34) (958,-28) (957,-17) (956,-20) (955,-11) (954,-10) (953,-11) (952,-10) (951,-1) (950,5) (949,17) (948,10) (947,8) (946,4) (945,-5) (944,1) (943,2) (942,-6) (941,-13) (940,-7) (939,-13) (938,-9) (937,-11) (936,-17) (935,-15) (934,-22) (933,-17) (932,-18) (931,-19) (930,-22) (929,-15) (928,-17) (927,-27) (926,-31) (925,-23) (924,-27) (923,-32) (922,-30) (921,-31) (920,-29) (919,-35) (918,-35) (917,-34) (916,-38) (915,-33) (914,-41) (913,-39) (912,-38) (911,-37) (910,-23) (909,-17) (908,-28) (907,-26) (906,-25) (905,-31) (904,-32) (903,-32) (902,-43) (901,-34) (900,-29) (899,-24) (898,-29) (897,-33) (896,-22) (895,-29) (894,-39) (893,-40) (892,-47) (891,-54) (890,-44) (889,-39) (888,-46) (887,-46) (886,-40) (885,-44) (884,-43) (883,-38) (882,-31) (881,-30) (880,-32) (879,-33) (878,-30) (877,-26) (876,-36) (875,-36) (874,-29) (873,-23) (872,-19) (871,-21) (870,-11) (869,-1) (868,5) (867,1) (866,2) (865,5) (864,3) (863,-3) (862,-1) (861,0) (860,-13) (859,-15) (858,-14) (857,-17) (856,-28) (855,-33) (854,-30) (853,-33) (852,-36) (851,-32) (850,-36) (849,-35) (848,-32) (847,-40) (846,-35) (845,-41) (844,-46) (843,-48) (842,-51) (841,-40) (840,-40) (839,-36) (838,-37) (837,-32) (836,-30) (835,-28) (834,-27) (833,-24) (832,-28) (831,-32) (830,-28) (829,-25) (828,-34) (827,-33) (826,-36) (825,-38) (824,-44) (823,-41) (822,-40) (821,-38) (820,-35) (819,-34) (818,-27) (817,-20) (816,-11) (815,-4) (814,0) (813,16) (812,19) (811,20) (810,22) (809,10) (808,6) (807,9) (806,10) (805,2) (804,0) (803,-4) (802,-8) (801,-7) (800,-11) (799,-7) (798,-6) (797,-6) (796,-11) (795,-4) (794,-2) (793,0) (792,-11) (791,-11) (790,-13) (789,-20) (788,-16) (787,-14) (786,-16) (785,-17) (784,-15) (783,-3) (782,-10) (781,-10) (780,-8) (779,-3) (778,-5) (777,-3) (776,1) (775,0) (774,-6) (773,2) (772,9) (771,15) (770,25) (769,17) (768,10) (767,9) (766,12) (765,13) (764,5) (763,10) (762,9) (761,8) (760,13) (759,19) (758,27) (757,28) (756,31) (755,29) (754,19) (753,20) (752,24) (751,16) (750,13) (749,14) (748,11) (747,19) (746,19) (745,23) (744,27) (743,23) (742,21) (741,13) (740,5) (739,13) (738,13) (737,7) (736,7) (735,-2) (734,9) (733,6) (732,4) (731,9) (730,9) (729,8) (728,11) (727,22) (726,9) (725,13) (724,18) (723,24) (722,22) (721,12) (720,14) (719,14) (718,13) (717,17) (716,20) (715,22) (714,24) (713,24) (712,29) (711,21) (710,17) (709,23) (708,20) (707,20) (706,25) (705,15) (704,16) (703,13) (702,13) (701,5) (700,10) (699,4) (698,3) (697,-4) (696,-3) (695,-5) (694,-9) (693,-13) (692,-7) (691,-4) (690,-8) (689,-8) (688,-15) (687,-19) (686,-9) (685,1) (684,0) (683,1) (682,-3) (681,-2) (680,-5) (679,-12) (678,-20) (677,-12) (676,-14) (675,-12) (674,-11) (673,-10) (672,-7) (671,-8) (670,-4) (669,-4) (668,4) (667,5) (666,10) (665,9) (664,10) (663,17) (662,11) (661,11) (660,17) (659,16) (658,15) (657,11) (656,11) (655,10) (654,13) (653,24) (652,20) (651,20) (650,12) (649,14) (648,11) (647,10) (646,7) (645,5) (644,4) (643,-2) (642,-4) (641,-2) (640,10) (639,3) (638,-1) (637,3) (636,4) (635,7) (634,8) (633,13) (632,7) (631,1) (630,-3) (629,-9) (628,-10) (627,-11) (626,-5) (625,-4) (624,4) (623,12) (622,6) (621,13) (620,18) (619,26) (618,30) (617,31) (616,26) (615,32) (614,32) (613,32) (612,32) (611,26) (610,30) (609,21) (608,21) (607,24) (606,23) (605,22) (604,24) (603,27) (602,23) (601,18) (600,11) (599,15) (598,7) (597,2) (596,-1) (595,10) (594,3) (593,8) (592,7) (591,6) (590,-1) (589,-7) (588,-18) (587,-26) (586,-23) (585,-21) (584,-27) (583,-31) (582,-27) (581,-30) (580,-27) (579,-29) (578,-36) (577,-40) (576,-37) (575,-38) (574,-34) (573,-36) (572,-37) (571,-35) (570,-35) (569,-40) (568,-35) (567,-35) (566,-35) (565,-47) (564,-43) (563,-43) (562,-47) (561,-32) (560,-32) (559,-32) (558,-31) (557,-32) (556,-28) (555,-36) (554,-28) (553,-23) (552,-24) (551,-26) (550,-30) (549,-29) (548,-29) (547,-36) (546,-22) (545,-15) (544,-10) (543,-8) (542,-8) (541,-6) (540,-5) (539,1) (538,4) (537,-1) (536,-3) (535,3) (534,-6) (533,-3) (532,-2) (531,3) (530,-1) (529,3) (528,12) (527,8) (526,2) (525,9) (524,4) (523,6) (522,7) (521,7) (520,5) (519,6) (518,10) (517,16) (516,21) (515,20) (514,21) (513,25) (512,21) (511,9) (510,8) (509,5) (508,8) (507,16) (506,13) (505,11) (504,10) (503,13) (502,20) (501,27) (500,35) (499,39) (498,37) (497,38) (496,38) (495,39) (494,44) (493,42) (492,43) (491,44) (490,42) (489,41) (488,43) (487,46) (486,48) (485,49) (484,46) (483,44) (482,39) (481,46) (480,41) (479,43) (478,37) (477,42) (476,46) (475,46) (474,36) (473,30) (472,31) (471,35) (470,37) (469,41) (468,46) (467,51) (466,55) (465,58) (464,66) (463,61) (462,66) (461,71) (460,72) (459,76) (458,81) (457,91) (456,103) (455,106) (454,108) (453,109) (452,103) (451,100) (450,90) (449,89) (448,80) (447,84) (446,82) (445,80) (444,90) (443,92) (442,92) (441,95) (440,99) (439,102) (438,103) (437,101) (436,109) (435,112) (434,116) (433,116) (432,114) (431,114) (430,123) (429,122) (428,123) (427,117) (426,121) (425,123) (424,124) (423,128) (422,125) (421,125) (420,126) (419,123) (418,126) (417,128) (416,127) (415,120) (414,107) (413,100) (412,97) (411,96) (410,92) (409,96) (408,93) (407,86) (406,92) (405,94) (404,94) (403,93) (402,88) (401,77) (400,77) (399,79) (398,78) (397,74) (396,67) (395,63) (394,67) (393,60) (392,65) (391,64) (390,55) (389,55) (388,46) (387,39) (386,37) (385,36) (384,33) (383,30) (382,40) (381,32) (380,30) (379,34) (378,32) (377,34) (376,25) (375,19) (374,16) (373,22) (372,21) (371,13) (370,10) (369,20) (368,17) (367,24) (366,26) (365,17) (364,9) (363,7) (362,8) (361,11) (360,3) (359,7) (358,12) (357,-2) (356,-5) (355,2) (354,10) (353,-1) (352,-2) (351,-12) (350,-11) (349,1) (348,-2) (347,-2) (346,-6) (345,-14) (344,-20) (343,-15) (342,-11) (341,-11) (340,-20) (339,-15) (338,-16) (337,-17) (336,-16) (335,-13) (334,-7) (333,-3) (332,-8) (331,-11) (330,-15) (329,-15) (328,-12) (327,-5) (326,4) (325,8) (324,10) (323,14) (322,9) (321,16) (320,18) (319,16) (318,17) (317,23) (316,10) (315,16) (314,20) (313,18) (312,29) (311,36) (310,37) (309,36) (308,33) (307,35) (306,39) (305,38) (304,45) (303,54) (302,60) (301,51) (300,48) (299,47) (298,54) (297,58) (296,60) (295,61) (294,65) (293,66) (292,64) (291,67) (290,61) (289,56) (288,46) (287,46) (286,56) (285,53) (284,54) (283,60) (282,52) (281,56) (280,64) (279,59) (278,53) (277,62) (276,53) (275,52) (274,41) (273,46) (272,53) (271,62) (270,70) (269,67) (268,69) (267,68) (266,63) (265,55) (264,50) (263,52) (262,56) (261,60) (260,50) (259,53) (258,56) (257,50) (256,43) (255,47) (254,44) (253,41) (252,35) (251,31) (250,28) (249,27) (248,28) (247,30) (246,32) (245,30) (244,28) (243,27) (242,29) (241,35) (240,34) (239,36) (238,31) (237,30) (236,32) (235,25) (234,25) (233,29) (232,29) (231,34) (230,35) (229,35) (228,37) (227,33) (226,27) (225,31) (224,31) (223,34) (222,31) (221,32) (220,35) (219,27) (218,31) (217,42) (216,42) (215,39) (214,46) (213,44) (212,48) (211,51) (210,54) (209,51) (208,56) (207,58) (206,62) (205,65) (204,69) (203,57) (202,55) (201,63) (200,68) (199,70) (198,75) (197,74) (196,65) (195,68) (194,68) (193,73) (192,74) (191,76) (190,76) (189,71) (188,74) (187,76) (186,61) (185,68) (184,67) (183,59) (182,57) (181,62) (180,67) (179,61) (178,66) (177,71) (176,68) (175,69) (174,71) (173,80) (172,72) (171,76) (170,86) (169,83) (168,87) (167,80) (166,83) (165,84) (164,82) (163,79) (162,77) (161,70) (160,67) (159,65) (158,57) (157,65) (156,65) (155,62) (154,57) (153,60) (152,61) (151,53) (150,66) (149,72) (148,72) (147,69) (146,69) (145,75) (144,71) (143,70) (142,73) (141,80) (140,76) (139,80) (138,82) (137,86) (136,83) (135,80) (134,81) (133,87) (132,92) (131,94) (130,96) (129,101) (128,94) (127,99) (126,107) (125,105) (124,101) (123,104) (122,101) (121,109) (120,104) (119,104) (118,100) (117,96) (116,94) (115,90) (114,89) (113,93) (112,81) (111,77) (110,84) (109,83) (108,77) (107,79) (106,83) (105,89) (104,89) (103,85) (102,89) (101,87) (100,80) (99,90) (98,89) (97,88) (96,93) (95,93) (94,85) (93,86) (92,92) (91,84) (90,80) (89,80) (88,70) (87,72) (86,68) (85,59) (84,49) (83,41) (82,54) (81,63) (80,63) (79,62) (78,50) (77,44) (76,51) (75,53) (74,53) (73,55) (72,60) (71,63) (70,51) (69,47) (68,50) (67,55) (66,54) (65,54) (64,58) (63,64) (62,63) (61,65) (60,74) (59,82) (58,85) (57,78) (56,78) (55,74) (54,79) (53,68) (52,62) (51,58) (50,50) (49,44) (48,45) (47,46) (46,46) (45,49) (44,37) (43,25) (42,23) (41,26) (40,27) (39,23) (38,21) (37,20) (36,21) (35,25) (34,24) (33,34) (32,33) (31,33) (30,31) (29,27) (28,30) (27,31) (26,32) (25,28) (24,28) (23,24) (22,23) (21,18) (20,16) (19,23) (18,27) (17,24) (16,18) (15,25) (14,23) (13,21) (12,19) (11,19) (10,19) (9,23) (8,22) (7,17) (6,15) (5,17) (4,19) (3,17) (2,9) (1,9) (0,7) 
TD 1 :
(999,-70) (997,-62) (949,17) (423,128) (417,128) (121,109) (58,85) (4,19) (3,17) (0,7) (1,9) (2,9) 
(999,-70) (997,-62) (949,17) (423,128) (417,128) (121,109) (58,85) (4,19) (3,17) (0,7) 
(999,-70) (997,-62) (949,17) (423,128) (417,128) (121,109) (58,85) (4,19) (3,17) (0,7) (5,17) (6,15) (7,17) (8,22) (9,23) (10,19) (11,19) (12,19) (13,21) (14,23) (15,25) (16,18) (17,24) (18,27) (19,23) (20,16) (21,18) (22,23) (23,24) (24,28) (25,28) (26,32) (27,31) (28,30) (29,27) (30,31) (31,33) (32,33) (33,34) (34,24) (35,25) (36,21) (37,20) (38,21) (39,23) (40,27) (41,26) (42,23) (43,25) (44,37) (45,49) (46,46) (47,46) (48,45) (49,44) (50,50) (51,58) (52,62) (53,68) (54,79) (55,74) (56,78) (57,78) 
(999,-70) (997,-62) (949,17) (423,128) (417,128) (121,109) (58,85) (4,19) (3,17) (0,7) (59,82) (60,74) (61,65) (62,63) (63,64) (64,58) (65,54) (66,54) (67,55) (68,50) (69,47) (70,51) (71,63) (72,60) (73,55) (74,53) (75,53) (76,51) (77,44) (78,50) (79,62) (80,63) (81,63) (82,54) (83,41) (84,49) (85,59) (86,68) (87,72) (88,70) (89,80) (90,80) (91,84) (92,92) (93,86) (94,85) (95,93) (96,93) (97,88) (98,89) (99,90) (100,80) (101,87) (102,89) (103,85) (104,89) (105,89) (106,83) (107,79) (108,77) (109,83) (110,84) (111,77) (112,81) (113,93) (114,89) (115,90) (116,94) (117,96) (118,100) (119,104) (120,104) 
(999,-70) (997,-62) (949,17) (423,128) (417,128) (121,109) (58,85) (4,19) (3,17) (0,7) (122,101) (123,104) (124,101) (125,105) (126,107) (127,99) (128,94) (129,101) (130,96) (131,94) (132,92) (133,87) (134,81) (135,80) (136,83) (137,86) (138,82) (139,80) (140,76) (141,80) (142,73) (143,70) (144,71) (145,75) (146,69) (147,69) (148,72) (149,72) (150,66) (151,53) (152,61) (153,60) (154,57) (155,62) (156,65) (157,65) (158,57) (159,65) (160,67) (161,70) (162,77) (163,79) (164,82) (165,84) (166,83) (167,80) (168,87) (169,83) (170,86) (171,76) (172,72) (173,80) (174,71) (175,69) (176,68) (177,71) (178,66) (179,61) (180,67) (181,62) (182,57) (183,59) (184,67) (185,68) (186,61) (187,76) (188,74) (189,71) (190,76) (191,76) (192,74) (193,73) (194,68) (195,68) (196,65) (197,74) (198,75) (199,70) (200,68) (201,63) (202,55) (203,57) (204,69) (205,65) (206,62) (207,58) (208,56) (209,51) (210,54) (211,51) (212,48) (213,44) (214,46) (215,39) (216,42) (217,42) (218,31) (219,27) (220,35) (221,32) (222,31) (223,34) (224,31) (225,31) (226,27) (227,33) (228,37) (229,35) (230,35) (231,34) (232,29) (233,29) (234,25) (235,25) (236,32) (237,30) (238,31) (239,36) (240,34) (241,35) (242,29) (243,27) (244,28) (245,30) (246,32) (247,30) (248,28) (249,27) (250,28) (251,31) (252,35) (253,41) (254,44) (255,47) (256,43) (257,50) (258,56) (259,53) (260,50) (261,60) (262,56) (263,52) (264,50) (265,55) (266,63) (267,68) (268,69) (269,67) (270,70) (271,62) (272,53) (273,46) (274,41) (275,52) (276,53) (277,62) (278,53) (279,59) (280,64) (281,56) (282,52) (283,60) (284,54) (285,53) (286,56) (287,46) (288,46) (289,56) (290,61) (291,67) (292,64) (293,66) (294,65) (295,61) (296,60) (297,58) (298,54) (299,47) (300,48) (301,51) (302,60) (303,54) (304,45) (305,38) (306,39) (307,35) (308,33) (309,36) (310,37) (311,36) (312,29) (313,18) (314,20) (315,16) (316,10) (317,23) (318,17) (319,16) (320,18) (321,16) (322,9) (323,14) (324,10) (325,8) (326,4) (327,-5) (328,-12) (329,-15) (330,-15) (331,-11) (332,-8) (333,-3) (334,-7) (335,-13) (336,-16) (337,-17) (338,-16) (339,-15) (340,-20) (341,-11) (342,-11) (343,-15) (344,-20) (345,-14) (346,-6) (347,-2) (348,-2) (349,1) (350,-11) (351,-12) (352,-2) (353,-1) (354,10) (355,2) (356,-5) (357,-2) (358,12) (359,7) (360,3) (361,11) (362,8) (363,7) (364,9) (365,17) (366,26) (367,24) (368,17) (369,20) (370,10) (371,13) (372,21) (373,22) (374,16) (375,19) (376,25) (377,34) (378,32) (379,34) (380,30) (381,32) (382,40) (383,30) (384,33) (385,36) (386,37) (387,39) (388,46) (389,55) (390,55) (391,64) (392,65) (393,60) (394,67) (395,63) (396,67) (397,74) (398,78) (399,79) (400,77) (401,77) (402,88) (403,93) (404,94) (405,94) (406,92) (407,86) (408,93) (409,96) (410,92) (411,96) (412,97) (413,100) (414,107) (415,120) (416,127) 
(999,-70) (997,-62) (949,17) (423,128) (417,128) (121,109) (58,85) (4,19) (3,17) (0,7) (418,126) (419,123) (420,126) (421,125) (422,125) 
(999,-70) (997,-62) (949,17) (423,128) (417,128) (121,109) (58,85) (4,19) (3,17) (0,7) (424,124) (425,123) (426,121) (427,117) (428,123) (429,122) (430,123) (431,114) (432,114) (433,116) (434,116) (435,112) (436,109) (437,101) (438,103) (439,102) (440,99) (441,95) (442,92) (443,92) (444,90) (445,80) (446,82) (447,84) (448,80) (449,89) (450,90) (451,100) (452,103) (453,109) (454,108) (455,106) (456,103) (457,91) (458,81) (459,76) (460,72) (461,71) (462,66) (463,61) (464,66) (465,58) (466,55) (467,51) (468,46) (469,41) (470,37) (471,35) (472,31) (473,30) (474,36) (475,46) (476,46) (477,42) (478,37) (479,43) (480,41) (481,46) (482,39) (483,44) (484,46) (485,49) (486,48) (487,46) (488,43) (489,41) (490,42) (491,44) (492,43) (493,42) (494,44) (495,39) (496,38) (497,38) (498,37) (499,39) (500,35) (501,27) (502,20) (503,13) (504,10) (505,11) (506,13) (507,16) (508,8) (509,5) (510,8) (511,9) (512,21) (513,25) (514,21) (515,20) (516,21) (517,16) (518,10) (519,6) (520,5) (521,7) (522,7) (523,6) (524,4) (525,9) (526,2) (527,8) (528,12) (529,3) (530,-1) (531,3) (532,-2) (533,-3) (534,-6) (535,3) (536,-3) (537,-1) (538,4) (539,1) (540,-5) (541,-6) (542,-8) (543,-8) (544,-10) (545,-15) (546,-22) (547,-36) (548,-29) (549,-29) (550,-30) (551,-26) (552,-24) (553,-23) (554,-28) (555,-36) (556,-28) (557,-32) (558,-31) (559,-32) (560,-32) (561,-32) (562,-47) (563,-43) (564,-43) (565,-47) (566,-35) (567,-35) (568,-35) (569,-40) (570,-35) (571,-35) (572,-37) (573,-36) (574,-34) (575,-38) (576,-37) (577,-40) (578,-36) (579,-29) (580,-27) (581,-30) (582,-27) (583,-31) (584,-27) (585,-21) (586,-23) (587,-26) (588,-18) (589,-7) (590,-1) (591,6) (592,7) (593,8) (594,3) (595,10) (596,-1) (597,2) (598,7) (599,15) (600,11) (601,18) (602,23) (603,27) (604,24) (605,22) (606,23) (607,24) (608,21) (609,21) (610,30) (611,26) (612,32) (613,32) (614,32) (615,32) (616,26) (617,31) (618,30) (619,26) (620,18) (621,13) (622,6) (623,12) (624,4) (625,-4) (626,-5) (627,-11) (628,-10) (629,-9) (630,-3) (631,1) (632,7) (633,13) (634,8) (635,7) (636,4) (637,3) (638,-1) (639,3) (640,10) (641,-2) (642,-4) (643,-2) (644,4) (645,5) (646,7) (647,10) (648,11) (649,14) (650,12) (651,20) (652,20) (653,24) (654,13) (655,10) (656,11) (657,11) (658,15) (659,16) (660,17) (661,11) (662,11) (663,17) (664,10) (665,9) (666,10) (667,5) (668,4) (669,-4) (670,-4) (671,-8) (672,-7) (673,-10) (674,-11) (675,-12) (676,-14) (677,-12) (678,-20) (679,-12) (680,-5) (681,-2) (682,-3) (683,1) (684,0) (685,1) (686,-9) (687,-19) (688,-15) (689,-8) (690,-8) (691,-4) (692,-7) (693,-13) (694,-9) (695,-5) (696,-3) (697,-4) (698,3) (699,4) (700,10) (701,5) (702,13) (703,13) (704,16) (705,15) (706,25) (707,20) (708,20) (709,23) (710,17) (711,21) (712,29) (713,24) (714,24) (715,22) (716,20) (717,17) (718,13) (719,14) (720,14) (721,12) (722,22) (723,24) (724,18) (725,13) (726,9) (727,22) (728,11) (729,8) (730,9) (731,9) (732,4) (733,6) (734,9) (735,-2) (736,7) (737,7) (738,13) (739,13) (740,5) (741,13) (742,21) (743,23) (744,27) (745,23) (746,19) (747,19) (748,11) (749,14) (750,13) (751,16) (752,24) (753,20) (754,19) (755,29) (756,31) (757,28) (758,27) (759,19) (760,13) (761,8) (762,9) (763,10) (764,5) (765,13) (766,12) (767,9) (768,10) (769,17) (770,25) (771,15) (772,9) (773,2) (774,-6) (775,0) (776,1) (777,-3) (778,-5) (779,-3) (780,-8) (781,-10) (782,-10) (783,-3) (784,-15) (785,-17) (786,-16) (787,-14) (788,-16) (789,-20) (790,-13) (791,-11) (792,-11) (793,0) (794,-2) (795,-4) (796,-11) (797,-6) (798,-6) (799,-7) (800,-11) (801,-7) (802,-8) (803,-4) (804,0) (805,2) (806,10) (807,9) (808,6) (809,10) (810,22) (811,20) (812,19) (813,16) (814,0) (815,-4) (816,-11) (817,-20) (818,-27) (819,-34) (820,-35) (821,-38) (822,-40) (823,-41) (824,-44) (825,-38) (826,-36) (827,-33) (828,-34) (829,-25) (830,-28) (831,-32) (832,-28) (833,-24) (834,-27) (835,-28) (836,-30) (837,-32) (838,-37) (839,-36) (840,-40) (841,-40) (842,-51) (843,-48) (844,-46) (845,-41) (846,-35) (847,-40) (848,-32) (849,-35) (850,-36) (851,-32) (852,-36) (853,-33) (854,-30) (855,-33) (856,-28) (857,-17) (858,-14) (859,-15) (860,-13) (861,0) (862,-1) (863,-3) (864,3) (865,5) (866,2) (867,1) (868,5) (869,-1) (870,-11) (871,-21) (872,-19) (873,-23) (874,-29) (875,-36) (876,-36) (877,-26) (878,-30) (879,-33) (880,-32) (881,-30) (882,-31) (883,-38) (884,-43) (885,-44) (886,-40) (887,-46) (888,-46) (889,-39) (890,-44) (891,-54) (892,-47) (893,-40) (894,-39) (895,-29) (896,-22) (897,-33) (898,-29) (899,-24) (900,-29) (901,-34) (902,-43) (903,-32) (904,-32) (905,-31) (906,-25) (907,-26) (908,-28) (909,-17) (910,-23) (911,-37) (912,-38) (913,-39) (914,-41) (915,-33) (916,-38) (917,-34) (918,-35) (919,-35) (920,-29) (921,-31) (922,-30) (923,-32) (924,-27) (925,-23) (926,-31) (927,-27) (928,-17) (929,-15) (930,-22) (931,-19) (932,-18) (933,-17) (934,-22) (935,-15) (936,-17) (937,-11) (938,-9) (939,-13) (940,-7) (941,-13) (942,-6) (943,2) (944,1) (945,-5) (946,4) (947,8) (948,10) 
(999,-70) (997,-62) (949,17) (423,128) (417,128) (121,109) (58,85) (4,19) (3,17) (0,7) (950,5) (951,-1) (952,-10) (953,-11) (954,-10) (955,-11) (956,-20) (957,-17) (958,-28) (959,-34) (960,-32) (961,-28) (962,-31) (963,-35) (964,-36) (965,-34) (966,-37) (967,-41) (968,-43) (969,-31) (970,-32) (971,-37) (972,-32) (973,-36) (974,-36) (975,-38) (976,-42) (977,-43) (978,-57) (979,-58) (980,-63) (981,-64) (982,-63) (983,-62) (984,-73) (985,-73) (986,-69) (987,-68) (988,-67) (989,-62) (990,-66) (991,-61) (992,-64) (993,-60) (994,-67) (995,-64) (996,-64) 
(999,-70) (997,-62) (949,17) (423,128) (417,128) (121,109) (58,85) (4,19) (3,17) (0,7) (998,-69) 
TD 2 :
(999,-70) (997,-62) (949,17) (423,128) (417,128) (121,109) (58,85) (4,19) (3,17) (0,7) (1,9) (2,9) 
(999,-70) (997,-62) (949,17) (423,128) (417,128) (121,109) (58,85) (4,19) (3,17) (0,7) (54,79) (8,22) (5,17) 
(999,-70) (997,-62) (949,17) (423,128) (417,128) (121,109) (58,85) (4,19) (3,17) (0,7) (54,79) (8,22) (5,17) (6,15) (7,17) 
(999,-70) (997,-62) (949,17) (423,128) (417,128) (121,109) (58,85) (4,19) (3,17) (0,7) (54,79) (8,22) (5,17) (9,23) (10,19) (11,19) (12,19) (13,21) (14,23) (15,25) (16,18) (17,24) (18,27) (19,23) (20,16) (21,18) (22,23) (23,24) (24,28) (25,28) (26,32) (27,31) (28,30) (29,27) (30,31) (31,33) (32,33) (33,34) (34,24) (35,25) (36,21) (37,20) (38,21) (39,23) (40,27) (41,26) (42,23) (43,25) (44,37) (45,49) (46,46) (47,46) (48,45) (49,44) (50,50) (51,58) (52,62) (53,68) 
(999,-70) (997,-62) (949,17) (423,128) (417,128) (121,109) (58,85) (4,19) (3,17) (0,7) (54,79) (8,22) (5,17) (55,74) (56,78) (57,78) 
(999,-70) (997,-62) (949,17) (423,128) (417,128) (121,109) (58,85) (4,19) (3,17) (0,7) (59,82) 
(999,-70) (997,-62) (949,17) (423,128) (417,128) (121,109) (58,85) (4,19) (3,17) (0,7) (59,82) (60,74) (61,65) (62,63) (63,64) (64,58) (65,54) (66,54) (67,55) (68,50) (69,47) (70,51) (71,63) (72,60) (73,55) (74,53) (75,53) (76,51) (77,44) (78,50) (79,62) (80,63) (81,63) (82,54) (83,41) (84,49) (85,59) (86,68) (87,72) (88,70) (89,80) (90,80) (91,84) (92,92) (93,86) (94,85) (95,93) (96,93) (97,88) (98,89) (99,90) (100,80) (101,87) (102,89) (103,85) (104,89) (105,89) (106,83) (107,79) (108,77) (109,83) (110,84) (111,77) (112,81) (113,93) (114,89) (115,90) (116,94) (117,96) (118,100) (119,104) (120,104) 
(999,-70) (997,-62) (949,17) (423,128) (417,128) (121,109) (58,85) (4,19) (3,17) (0,7) (416,127) (126,107) (122,101) (123,104) (124,101) (125,105) 
(999,-70) (997,-62) (949,17) (423,128) (417,128) (121,109) (58,85) (4,19) (3,17) (0,7) (416,127) (126,107) (127,99) (128,94) (129,101) (130,96) (131,94) (132,92) (133,87) (134,81) (135,80) (136,83) (137,86) (138,82) (139,80) (140,76) (141,80) (142,73) (143,70) (144,71) (145,75) (146,69) (147,69) (148,72) (149,72) (150,66) (151,53) (152,61) (153,60) (154,57) (155,62) (156,65) (157,65) (158,57) (159,65) (160,67) (161,70) (162,77) (163,79) (164,82) (165,84) (166,83) (167,80) (168,87) (169,83) (170,86) (171,76) (172,72) (173,80) (174,71) (175,69) (176,68) (177,71) (178,66) (179,61) (180,67) (181,62) (182,57) (183,59) (184,67) (185,68) (186,61) (187,76) (188,74) (189,71) (190,76) (191,76) (192,74) (193,73) (194,68) (195,68) (196,65) (197,74) (198,75) (199,70) (200,68) (201,63) (202,55) (203,57) (204,69) (205,65) (206,62) (207,58) (208,56) (209,51) (210,54) (211,51) (212,48) (213,44) (214,46) (215,39) (216,42) (217,42) (218,31) (219,27) (220,35) (221,32) (222,31) (223,34) (224,31) (225,31) (226,27) (227,33) (228,37) (229,35) (230,35) (231,34) (232,29) (233,29) (234,25) (235,25) (236,32) (237,30) (238,31) (239,36) (240,34) (241,35) (242,29) (243,27) (244,28) (245,30) (246,32) (247,30) (248,28) (249,27) (250,28) (251,31) (252,35) (253,41) (254,44) (255,47) (256,43) (257,50) (258,56) (259,53) (260,50) (261,60) (262,56) (263,52) (264,50) (265,55) (266,63) (267,68) (268,69) (269,67) (270,70) (271,62) (272,53) (273,46) (274,41) (275,52) (276,53) (277,62) (278,53) (279,59) (280,64) (281,56) (282,52) (283,60) (284,54) (285,53) (286,56) (287,46) (288,46) (289,56) (290,61) (291,67) (292,64) (293,66) (294,65) (295,61) (296,60) (297,58) (298,54) (299,47) (300,48) (301,51) (302,60) (303,54) (304,45) (305,38) (306,39) (307,35) (308,33) (309,36) (310,37) (311,36) (312,29) (313,18) (314,20) (315,16) (316,10) (317,23) (318,17) (319,16) (320,18) (321,16) (322,9) (323,14) (324,10) (325,8) (326,4) (327,-5) (328,-12) (329,-15) (330,-15) (331,-11) (332,-8) (333,-3) (334,-7) (335,-13) (336,-16) (337,-17) (338,-16) (339,-15) (340,-20) (341,-11) (342,-11) (343,-15) (344,-20) (345,-14) (346,-6) (347,-2) (348,-2) (349,1) (350,-11) (351,-12) (352,-2) (353,-1) (354,10) (355,2) (356,-5) (357,-2) (358,12) (359,7) (360,3) (361,11) (362,8) (363,7) (364,9) (365,17) (366,26) (367,24) (368,17) (369,20) (370,10) (371,13) (372,21) (373,22) (374,16) (375,19) (376,25) (377,34) (378,32) (379,34) (380,30) (381,32) (382,40) (383,30) (384,33) (385,36) (386,37) (387,39) (388,46) (389,55) (390,55) (391,64) (392,65) (393,60) (394,67) (395,63) (396,67) (397,74) (398,78) (399,79) (400,77) (401,77) (402,88) (403,93) (404,94) (405,94) (406,92) (407,86) (408,93) (409,96) (410,92) (411,96) (412,97) (413,100) (414,107) (415,120) 
(999,-70) (997,-62) (949,17) (423,128) (417,128) (121,109) (58,85) (4,19) (3,17) (0,7) (416,127) (126,107) 
(999,-70) (997,-62) (949,17) (423,128) (417,128) (121,109) (58,85) (4,19) (3,17) (0,7) (948,10) (424,124) (425,123) (426,121) (427,117) (428,123) (429,122) (430,123) (431,114) (432,114) (433,116) (434,116) (435,112) (436,109) (437,101) (438,103) (439,102) (440,99) (441,95) (442,92) (443,92) (444,90) (445,80) (446,82) (447,84) (448,80) (449,89) (450,90) (451,100) (452,103) (453,109) (454,108) (455,106) (456,103) (457,91) (458,81) (459,76) (460,72) (461,71) (462,66) (463,61) (464,66) (465,58) (466,55) (467,51) (468,46) (469,41) (470,37) (471,35) (472,31) (473,30) (474,36) (475,46) (476,46) (477,42) (478,37) (479,43) (480,41) (481,46) (482,39) (483,44) (484,46) (485,49) (486,48) (487,46) (488,43) (489,41) (490,42) (491,44) (492,43) (493,42) (494,44) (495,39) (496,38) (497,38) (498,37) (499,39) (500,35) (501,27) (502,20) (503,13) (504,10) (505,11) (506,13) (507,16) (508,8) (509,5) (510,8) (511,9) (512,21) (513,25) (514,21) (515,20) (516,21) (517,16) (518,10) (519,6) (520,5) (521,7) (522,7) (523,6) (524,4) (525,9) (526,2) (527,8) (528,12) (529,3) (530,-1) (531,3) (532,-2) (533,-3) (534,-6) (535,3) (536,-3) (537,-1) (538,4) (539,1) (540,-5) (541,-6) (542,-8) (543,-8) (544,-10) (545,-15) (546,-22) (547,-36) (548,-29) (549,-29) (550,-30) (551,-26) (552,-24) (553,-23) (554,-28) (555,-36) (556,-28) (557,-32) (558,-31) (559,-32) (560,-32) (561,-32) (562,-47) (563,-43) (564,-43) (565,-47) (566,-35) (567,-35) (568,-35) (569,-40) (570,-35) (571,-35) (572,-37) (573,-36) (574,-34) (575,-38) (576,-37) (577,-40) (578,-36) (579,-29) (580,-27) (581,-30) (582,-27) (583,-31) (584,-27) (585,-21) (586,-23) (587,-26) (588,-18) (589,-7) (590,-1) (591,6) (592,7) (593,8) (594,3) (595,10) (596,-1) (597,2) (598,7) (599,15) (600,11) (601,18) (602,23) (603,27) (604,24) (605,22) (606,23) (607,24) (608,21) (609,21) (610,30) (611,26) (612,32) (613,32) (614,32) (615,32) (616,26) (617,31) (618,30) (619,26) (620,18) (621,13) (622,6) (623,12) (624,4) (625,-4) (626,-5) (627,-11) (628,-10) (629,-9) (630,-3) (631,1) (632,7) (633,13) (634,8) (635,7) (636,4) (637,3) (638,-1) (639,3) (640,10) (641,-2) (642,-4) (643,-2) (644,4) (645,5) (646,7) (647,10) (648,11) (649,14) (650,12) (651,20) (652,20) (653,24) (654,13) (655,10) (656,11) (657,11) (658,15) (659,16) (660,17) (661,11) (662,11) (663,17) (664,10) (665,9) (666,10) (667,5) (668,4) (669,-4) (670,-4) (671,-8) (672,-7) (673,-10) (674,-11) (675,-12) (676,-14) (677,-12) (678,-20) (679,-12) (680,-5) (681,-2) (682,-3) (683,1) (684,0) (685,1) (686,-9) (687,-19) (688,-15) (689,-8) (690,-8) (691,-4) (692,-7) (693,-13) (694,-9) (695,-5) (696,-3) (697,-4) (698,3) (699,4) (700,10) (701,5) (702,13) (703,13) (704,16) (705,15) (706,25) (707,20) (708,20) (709,23) (710,17) (711,21) (712,29) (713,24) (714,24) (715,22) (716,20) (717,17) (718,13) (719,14) (720,14) (721,12) (722,22) (723,24) (724,18) (725,13) (726,9) (727,22) (728,11) (729,8) (730,9) (731,9) (732,4) (733,6) (734,9) (735,-2) (736,7) (737,7) (738,13) (739,13) (740,5) (741,13) (742,21) (743,23) (744,27) (745,23) (746,19) (747,19) (748,11) (749,14) (750,13) (751,16) (752,24) (753,20) (754,19) (755,29) (756,31) (757,28) (758,27) (759,19) (760,13) (761,8) (762,9) (763,10) (764,5) (765,13) (766,12) (767,9) (768,10) (769,17) (770,25) (771,15) (772,9) (773,2) (774,-6) (775,0) (776,1) (777,-3) (778,-5) (779,-3) (780,-8) (781,-10) (782,-10) (783,-3) (784,-15) (785,-17) (786,-16) (787,-14) (788,-16) (789,-20) (790,-13) (791,-11) (792,-11) (793,0) (794,-2) (795,-4) (796,-11) (797,-6) (798,-6) (799,-7) (800,-11) (801,-7) (802,-8) (803,-4) (804,0) (805,2) (806,10) (807,9) (808,6) (809,10) (810,22) (811,20) (812,19) (813,16) (814,0) (815,-4) (816,-11) (817,-20) (818,-27) (819,-34) (820,-35) (821,-38) (822,-40) (823,-41) (824,-44) (825,-38) (826,-36) (827,-33) (828,-34) (829,-25) (830,-28) (831,-32) (832,-28) (833,-24) (834,-27) (835,-28) (836,-30) (837,-32) (838,-37) (839,-36) (840,-40) (841,-40) (842,-51) (843,-48) (844,-46) (845,-41) (846,-35) (847,-40) (848,-32) (849,-35) (850,-36) (851,-32) (852,-36) (853,-33) (854,-30) (855,-33) (856,-28) (857,-17) (858,-14) (859,-15) (860,-13) (861,0) (862,-1) (863,-3) (864,3) (865,5) (866,2) (867,1) (868,5) (869,-1) (870,-11) (871,-21) (872,-19) (873,-23) (874,-29) (875,-36) (876,-36) (877,-26) (878,-30) (879,-33) (880,-32) (881,-30) (882,-31) (883,-38) (884,-43) (885,-44) (886,-40) (887,-46) (888,-46) (889,-39) (890,-44) (891,-54) (892,-47) (893,-40) (894,-39) (895,-29) (896,-22) (897,-33) (898,-29) (899,-24) (900,-29) (901,-34) (902,-43) (903,-32) (904,-32) (905,-31) (906,-25) (907,-26) (908,-28) (909,-17) (910,-23) (911,-37) (912,-38) (913,-39) (914,-41) (915,-33) (916,-38) (917,-34) (918,-35) (919,-35) (920,-29) (921,-31) (922,-30) (923,-32) (924,-27) (925,-23) (926,-31) (927,-27) (928,-17) (929,-15) (930,-22) (931,-19) (932,-18) (933,-17) (934,-22) (935,-15) (936,-17) (937,-11) (938,-9) (939,-13) (940,-7) (941,-13) (942,-6) (943,2) (944,1) (945,-5) (946,4) (947,8) 
(999,-70) (997,-62) (949,17) (423,128) (417,128) (121,109) (58,85) (4,19) (3,17) (0,7) (948,10) 
(999,-70) (997,-62) (949,17) (423,128) (417,128) (121,109) (58,85) (4,19) (3,17) (0,7) (996,-64) (950,5) (951,-1) (952,-10) (953,-11) (954,-10) (955,-11) (956,-20) (957,-17) (958,-28) (959,-34) (960,-32) (961,-28) (962,-31) (963,-35) (964,-36) (965,-34) (966,-37) (967,-41) (968,-43) (969,-31) (970,-32) (971,-37) (972,-32) (973,-36) (974,-36) (975,-38) (976,-42) (977,-43) (978,-57) (979,-58) (980,-63) (981,-64) (982,-63) (983,-62) (984,-73) (985,-73) (986,-69) (987,-68) (988,-67) (989,-62) (990,-66) (991,-61) (992,-64) (993,-60) (994,-67) (995,-64) 
(999,-70) (997,-62) (949,17) (423,128) (417,128) (121,109) (58,85) (4,19) (3,17) (0,7) (996,-64) 
(999,-70) (997,-62) (949,17) (423,128) (417,128) (121,109) (58,85) (4,19) (3,17) (0,7) (998,-69) 
TD 3 :
(999,-70) (997,-62) (949,17) (423,128) (417,128) (121,109) (58,85) (4,19) (3,17) (0,7) (1,9) (2,9) 
(999,-70) (997,-62) (949,17) (423,128) (417,128) (121,109) (58,85) (4,19) (3,17) (0,7) (54,79) (8,22) (5,17) (9,23) 
(999,-70) (997,-62) (949,17) (423,128) (417,128) (121,109) (58,85) (4,19) (3,17) (0,7) (54,79) (8,22) (5,17) (9,23) (10,19) (11,19) (12,19) (13,21) (14,23) (15,25) (16,18) (17,24) (18,27) (19,23) (20,16) (21,18) (22,23) (23,24) (24,28) (25,28) (26,32) (27,31) (28,30) (29,27) (30,31) (31,33) (32,33) (33,34) (34,24) (35,25) (36,21) (37,20) (38,21) (39,23) (40,27) (41,26) (42,23) (43,25) (44,37) (45,49) (46,46) (47,46) (48,45) (49,44) (50,50) (51,58) (52,62) (53,68) 
(999,-70) (997,-62) (949,17) (423,128) (417,128) (121,109) (58,85) (4,19) (3,17) (0,7) (54,79) (8,22) (5,17) (56,78) (55,74) 
(999,-70) (997,-62) (949,17) (423,128) (417,128) (121,109) (58,85) (4,19) (3,17) (0,7) (54,79) (8,22) (5,17) (56,78) (57,78) 
(999,-70) (997,-62) (949,17) (423,128) (417,128) (121,109) (58,85) (4,19) (3,17) (0,7) (59,82) (119,104) (60,74) (61,65) (62,63) (63,64) (64,58) (65,54) (66,54) (67,55) (68,50) (69,47) (70,51) (71,63) (72,60) (73,55) (74,53) (75,53) (76,51) (77,44) (78,50) (79,62) (80,63) (81,63) (82,54) (83,41) (84,49) (85,59) (86,68) (87,72) (88,70) (89,80) (90,80) (91,84) (92,92) (93,86) (94,85) (95,93) (96,93) (97,88) (98,89) (99,90) (100,80) (101,87) (102,89) (103,85) (104,89) (105,89) (106,83) (107,79) (108,77) (109,83) (110,84) (111,77) (112,81) (113,93) (114,89) (115,90) (116,94) (117,96) (118,100) 
(999,-70) (997,-62) (949,17) (423,128) (417,128) (121,109) (58,85) (4,19) (3,17) (0,7) (59,82) (119,104) (120,104) 
(999,-70) (997,-62) (949,17) (423,128) (417,128) (121,109) (58,85) (4,19) (3,17) (0,7) (416,127) (126,107) (125,105) (122,101) (123,104) (124,101) 
(999,-70) (997,-62) (949,17) (423,128) (417,128) (121,109) (58,85) (4,19) (3,17) (0,7) (416,127) (126,107) (125,105) 
(999,-70) (997,-62) (949,17) (423,128) (417,128) (121,109) (58,85) (4,19) (3,17) (0,7) (948,10) (947,8) (424,124) (425,123) (426,121) (427,117) (428,123) (429,122) (430,123) (431,114) (432,114) (433,116) (434,116) (435,112) (436,109) (437,101) (438,103) (439,102) (440,99) (441,95) (442,92) (443,92) (444,90) (445,80) (446,82) (447,84) (448,80) (449,89) (450,90) (451,100) (452,103) (453,109) (454,108) (455,106) (456,103) (457,91) (458,81) (459,76) (460,72) (461,71) (462,66) (463,61) (464,66) (465,58) (466,55) (467,51) (468,46) (469,41) (470,37) (471,35) (472,31) (473,30) (474,36) (475,46) (476,46) (477,42) (478,37) (479,43) (480,41) (481,46) (482,39) (483,44) (484,46) (485,49) (486,48) (487,46) (488,43) (489,41) (490,42) (491,44) (492,43) (493,42) (494,44) (495,39) (496,38) (497,38) (498,37) (499,39) (500,35) (501,27) (502,20) (503,13) (504,10) (505,11) (506,13) (507,16) (508,8) (509,5) (510,8) (511,9) (512,21) (513,25) (514,21) (515,20) (516,21) (517,16) (518,10) (519,6) (520,5) (521,7) (522,7) (523,6) (524,4) (525,9) (526,2) (527,8) (528,12) (529,3) (530,-1) (531,3) (532,-2) (533,-3) (534,-6) (535,3) (536,-3) (537,-1) (538,4) (539,1) (540,-5) (541,-6) (542,-8) (543,-8) (544,-10) (545,-15) (546,-22) (547,-36) (548,-29) (549,-29) (550,-30) (551,-26) (552,-24) (553,-23) (554,-28) (555,-36) (556,-28) (557,-32) (558,-31) (559,-32) (560,-32) (561,-32) (562,-47) (563,-43) (564,-43) (565,-47) (566,-35) (567,-35) (568,-35) (569,-40) (570,-35) (571,-35) (572,-37) (573,-36) (574,-34) (575,-38) (576,-37) (577,-40) (578,-36) (579,-29) (580,-27) (581,-30) (582,-27) (583,-31) (584,-27) (585,-21) (586,-23) (587,-26) (588,-18) (589,-7) (590,-1) (591,6) (592,7) (593,8) (594,3) (595,10) (596,-1) (597,2) (598,7) (599,15) (600,11) (601,18) (602,23) (603,27) (604,24) (605,22) (606,23) (607,24) (608,21) (609,21) (610,30) (611,26) (612,32) (613,32) (614,32) (615,32) (616,26) (617,31) (618,30) (619,26) (620,18) (621,13) (622,6) (623,12) (624,4) (625,-4) (626,-5) (627,-11) (628,-10) (629,-9) (630,-3) (631,1) (632,7) (633,13) (634,8) (635,7) (636,4) (637,3) (638,-1) (639,3) (640,10) (641,-2) (642,-4) (643,-2) (644,4) (645,5) (646,7) (647,10) (648,11) (649,14) (650,12) (651,20) (652,20) (653,24) (654,13) (655,10) (656,11) (657,11) (658,15) (659,16) (660,17) (661,11) (662,11) (663,17) (664,10) (665,9) (666,10) (667,5) (668,4) (669,-4) (670,-4) (671,-8) (672,-7) (673,-10) (674,-11) (675,-12) (676,-14) (677,-12) (678,-20) (679,-12) (680,-5) (681,-2) (682,-3) (683,1) (684,0) (685,1) (686,-9) (687,-19) (688,-15) (689,-8) (690,-8) (691,-4) (692,-7) (693,-13) (694,-9) (695,-5) (696,-3) (697,-4) (698,3) (699,4) (700,10) (701,5) (702,13) (703,13) (704,16) (705,15) (706,25) (707,20) (708,20) (709,23) (710,17) (711,21) (712,29) (713,24) (714,24) (715,22) (716,20) (717,17) (718,13) (719,14) (720,14) (721,12) (722,22) (723,24) (724,18) (725,13) (726,9) (727,22) (728,11) (729,8) (730,9) (731,9) (732,4) (733,6) (734,9) (735,-2) (736,7) (737,7) (738,13) (739,13) (740,5) (741,13) (742,21) (743,23) (744,27) (745,23) (746,19) (747,19) (748,11) (749,14) (750,13) (751,16) (752,24) (753,20) (754,19) (755,29) (756,31) (757,28) (758,27) (759,19) (760,13) (761,8) (762,9) (763,10) (764,5) (765,13) (766,12) (767,9) (768,10) (769,17) (770,25) (771,15) (772,9) (773,2) (774,-6) (775,0) (776,1) (777,-3) (778,-5) (779,-3) (780,-8) (781,-10) (782,-10) (783,-3) (784,-15) (785,-17) (786,-16) (787,-14) (788,-16) (789,-20) (790,-13) (791,-11) (792,-11) (793,0) (794,-2) (795,-4) (796,-11) (797,-6) (798,-6) (799,-7) (800,-11) (801,-7) (802,-8) (803,-4) (804,0) (805,2) (806,10) (807,9) (808,6) (809,10) (810,22) (811,20) (812,19) (813,16) (814,0) (815,-4) (816,-11) (817,-20) (818,-27) (819,-34) (820,-35) (821,-38) (822,-40) (823,-41) (824,-44) (825,-38) (826,-36) (827,-33) (828,-34) (829,-25) (830,-28) (831,-32) (832,-28) (833,-24) (834,-27) (835,-28) (836,-30) (837,-32) (838,-37) (839,-36) (840,-40) (841,-40) (842,-51) (843,-48) (844,-46) (845,-41) (846,-35) (847,-40) (848,-32) (849,-35) (850,-36) (851,-32) (852,-36) (853,-33) (854,-30) (855,-33) (856,-28) (857,-17) (858,-14) (859,-15) (860,-13) (861,0) (862,-1) (863,-3) (864,3) (865,5) (866,2) (867,1) (868,5) (869,-1) (870,-11) (871,-21) (872,-19) (873,-23) (874,-29) (875,-36) (876,-36) (877,-26) (878,-30) (879,-33) (880,-32) (881,-30) (882,-31) (883,-38) (884,-43) (885,-44) (886,-40) (887,-46) (888,-46) (889,-39) (890,-44) (891,-54) (892,-47) (893,-40) (894,-39) (895,-29) (896,-22) (897,-33) (898,-29) (899,-24) (900,-29) (901,-34) (902,-43) (903,-32) (904,-32) (905,-31) (906,-25) (907,-26) (908,-28) (909,-17) (910,-23) (911,-37) (912,-38) (913,-39) (914,-41) (915,-33) (916,-38) (917,-34) (918,-35) (919,-35) (920,-29) (921,-31) (922,-30) (923,-32) (924,-27) (925,-23) (926,-31) (927,-27) (928,-17) (929,-15) (930,-22) (931,-19) (932,-18) (933,-17) (934,-22) (935,-15) (936,-17) (937,-11) (938,-9) (939,-13) (940,-7) (941,-13) (942,-6) (943,2) (944,1) (945,-5) (946,4) 
(999,-70) (997,-62) (949,17) (423,128) (417,128) (121,109) (58,85) (4,19) (3,17) (0,7) (948,10) (947,8) 
(999,-70) (997,-62) (949,17) (423,128) (417,128) (121,109) (58,85) (4,19) (3,17) (0,7) (996,-64) (995,-64) (993,-60) (950,5) 
(999,-70) (997,-62) (949,17) (423,128) (417,128) (121,109) (58,85) (4,19) (3,17) (0,7) (996,-64) (995,-64) (993,-60) (950,5) (951,-1) (952,-10) (953,-11) (954,-10) (955,-11) (956,-20) (957,-17) (958,-28) (959,-34) (960,-32) (961,-28) (962,-31) (963,-35) (964,-36) (965,-34) (966,-37) (967,-41) (968,-43) (969,-31) (970,-32) (971,-37) (972,-32) (973,-36) (974,-36) (975,-38) (976,-42) (977,-43) (978,-57) (979,-58) (980,-63) (981,-64) (982,-63) (983,-62) (984,-73) (985,-73) (986,-69) (987,-68) (988,-67) (989,-62) (990,-66) (991,-61) (992,-64) 
(999,-70) (997,-62) (949,17) (423,128) (417,128) (121,109) (58,85) (4,19) (3,17) (0,7) (996,-64) (995,-64) (993,-60) (950,5) (994,-67) 
TD 4 :
(999,-70) (997,-62) (949,17) (423,128) (417,128) (121,109) (58,85) (4,19) (3,17) (0,7) (54,79) (8,22) (5,17) (56,78) (57,78) 
(999,-70) (997,-62) (949,17) (423,128) (417,128) (121,109) (58,85) (4,19) (3,17) (0,7) (54,79) (8,22) (5,17) (56,78) (57,78) 
(999,-70) (997,-62) (949,17) (423,128) (417,128) (121,109) (58,85) (4,19) (3,17) (0,7) (59,82) (119,104) (120,104) 
(999,-70) (997,-62) (949,17) (423,128) (417,128) (121,109) (58,85) (4,19) (3,17) (0,7) (59,82) (119,104) (120,104) 
(999,-70) (997,-62) (949,17) (423,128) (417,128) (121,109) (58,85) (4,19) (3,17) (0,7) (948,10) (947,8) (946,4) (424,124) (425,123) (426,121) (427,117) (428,123) (429,122) (430,123) (431,114) (432,114) (433,116) (434,116) (435,112) (436,109) (437,101) (438,103) (439,102) (440,99) (441,95) (442,92) (443,92) (444,90) (445,80) (446,82) (447,84) (448,80) (449,89) (450,90) (451,100) (452,103) (453,109) (454,108) (455,106) (456,103) (457,91) (458,81) (459,76) (460,72) (461,71) (462,66) (463,61) (464,66) (465,58) (466,55) (467,51) (468,46) (469,41) (470,37) (471,35) (472,31) (473,30) (474,36) (475,46) (476,46) (477,42) (478,37) (479,43) (480,41) (481,46) (482,39) (483,44) (484,46) (485,49) (486,48) (487,46) (488,43) (489,41) (490,42) (491,44) (492,43) (493,42) (494,44) (495,39) (496,38) (497,38) (498,37) (499,39) (500,35) (501,27) (502,20) (503,13) (504,10) (505,11) (506,13) (507,16) (508,8) (509,5) (510,8) (511,9) (512,21) (513,25) (514,21) (515,20) (516,21) (517,16) (518,10) (519,6) (520,5) (521,7) (522,7) (523,6) (524,4) (525,9) (526,2) (527,8) (528,12) (529,3) (530,-1) (531,3) (532,-2) (533,-3) (534,-6) (535,3) (536,-3) (537,-1) (538,4) (539,1) (540,-5) (541,-6) (542,-8) (543,-8) (544,-10) (545,-15) (546,-22) (547,-36) (548,-29) (549,-29) (550,-30) (551,-26) (552,-24) (553,-23) (554,-28) (555,-36) (556,-28) (557,-32) (558,-31) (559,-32) (560,-32) (561,-32) (562,-47) (563,-43) (564,-43) (565,-47) (566,-35) (567,-35) (568,-35) (569,-40) (570,-35) (571,-35) (572,-37) (573,-36) (574,-34) (575,-38) (576,-37) (577,-40) (578,-36) (579,-29) (580,-27) (581,-30) (582,-27) (583,-31) (584,-27) (585,-21) (586,-23) (587,-26) (588,-18) (589,-7) (590,-1) (591,6) (592,7) (593,8) (594,3) (595,10) (596,-1) (597,2) (598,7) (599,15) (600,11) (601,18) (602,23) (603,27) (604,24) (605,22) (606,23) (607,24) (608,21) (609,21) (610,30) (611,26) (612,32) (613,32) (614,32) (615,32) (616,26) (617,31) (618,30) (619,26) (620,18) (621,13) (622,6) (623,12) (624,4) (625,-4) (626,-5) (627,-11) (628,-10) (629,-9) (630,-3) (631,1) (632,7) (633,13) (634,8) (635,7) (636,4) (637,3) (638,-1) (639,3) (640,10) (641,-2) (642,-4) (643,-2) (644,4) (645,5) (646,7) (647,10) (648,11) (649,14) (650,12) (651,20) (652,20) (653,24) (654,13) (655,10) (656,11) (657,11) (658,15) (659,16) (660,17) (661,11) (662,11) (663,17) (664,10) (665,9) (666,10) (667,5) (668,4) (669,-4) (670,-4) (671,-8) (672,-7) (673,-10) (674,-11) (675,-12) (676,-14) (677,-12) (678,-20) (679,-12) (680,-5) (681,-2) (682,-3) (683,1) (684,0) (685,1) (686,-9) (687,-19) (688,-15) (689,-8) (690,-8) (691,-4) (692,-7) (693,-13) (694,-9) (695,-5) (696,-3) (697,-4) (698,3) (699,4) (700,10) (701,5) (702,13) (703,13) (704,16) (705,15) (706,25) (707,20) (708,20) (709,23) (710,17) (711,21) (712,29) (713,24) (714,24) (715,22) (716,20) (717,17) (718,13) (719,14) (720,14) (721,12) (722,22) (723,24) (724,18) (725,13) (726,9) (727,22) (728,11) (729,8) (730,9) (731,9) (732,4) (733,6) (734,9) (735,-2) (736,7) (737,7) (738,13) (739,13) (740,5) (741,13) (742,21) (743,23) (744,27) (745,23) (746,19) (747,19) (748,11) (749,14) (750,13) (751,16) (752,24) (753,20) (754,19) (755,29) (756,31) (757,28) (758,27) (759,19) (760,13) (761,8) (762,9) (763,10) (764,5) (765,13) (766,12) (767,9) (768,10) (769,17) (770,25) (771,15) (772,9) (773,2) (774,-6) (775,0) (776,1) (777,-3) (778,-5) (779,-3) (780,-8) (781,-10) (782,-10) (783,-3) (784,-15) (785,-17) (786,-16) (787,-14) (788,-16) (789,-20) (790,-13) (791,-11) (792,-11) (793,0) (794,-2) (795,-4) (796,-11) (797,-6) (798,-6) (799,-7) (800,-11) (801,-7) (802,-8) (803,-4) (804,0) (805,2) (806,10) (807,9) (808,6) (809,10) (810,22) (811,20) (812,19) (813,16) (814,0) (815,-4) (816,-11) (817,-20) (818,-27) (819,-34) (820,-35) (821,-38) (822,-40) (823,-41) (824,-44) (825,-38) (826,-36) (827,-33) (828,-34) (829,-25) (830,-28) (831,-32) (832,-28) (833,-24) (834,-27) (835,-28) (836,-30) (837,-32) (838,-37) (839,-36) (840,-40) (841,-40) (842,-51) (843,-48) (844,-46) (845,-41) (846,-35) (847,-40) (848,-32) (849,-35) (850,-36) (851,-32) (852,-36) (853,-33) (854,-30) (855,-33) (856,-28) (857,-17) (858,-14) (859,-15) (860,-13) (861,0) (862,-1) (863,-3) (864,3) (865,5) (866,2) (867,1) (868,5) (869,-1) (870,-11) (871,-21) (872,-19) (873,-23) (874,-29) (875,-36) (876,-36) (877,-26) (878,-30) (879,-33) (880,-32) (881,-30) (882,-31) (883,-38) (884,-43) (885,-44) (886,-40) (887,-46) (888,-46) (889,-39) (890,-44) (891,-54) (892,-47) (893,-40) (894,-39) (895,-29) (896,-22) (897,-33) (898,-29) (899,-24) (900,-29) (901,-34) (902,-43) (903,-32) (904,-32) (905,-31) (906,-25) (907,-26) (908,-28) (909,-17) (910,-23) (911,-37) (912,-38) (913,-39) (914,-41) (915,-33) (916,-38) (917,-34) (918,-35) (919,-35) (920,-29) (921,-31) (922,-30) (923,-32) (924,-27) (925,-23) (926,-31) (927,-27) (928,-17) (929,-15) (930,-22) (931,-19) (932,-18) (933,-17) (934,-22) (935,-15) (936,-17) (937,-11) (938,-9) (939,-13) (940,-7) (941,-13) (942,-6) (943,2) (944,1) (945,-5) 
(999,-70) (997,-62) (949,17) (423,128) (417,128) (121,109) (58,85) (4,19) (3,17) (0,7) (948,10) (947,8) (946,4) 
(999,-70) (997,-62) (949,17) (423,128) (417,128) (121,109) (58,85) (4,19) (3,17) (0,7) (996,-64) (995,-64) (993,-60) (950,5) (991,-61) (972,-32) (951,-1) 
(999,-70) (997,-62) (949,17) (423,128) (417,128) (121,109) (58,85) (4,19) (3,17) (0,7) (996,-64) (995,-64) (993,-60) (950,5) (991,-61) (972,-32) (951,-1) (952,-10) (953,-11) (954,-10) (955,-11) (956,-20) (957,-17) (958,-28) (959,-34) (960,-32) (961,-28) (962,-31) (963,-35) (964,-36) (965,-34) (966,-37) (967,-41) (968,-43) (969,-31) (970,-32) (971,-37) 
(999,-70) (997,-62) (949,17) (423,128) (417,128) (121,109) (58,85) (4,19) (3,17) (0,7) (996,-64) (995,-64) (993,-60) (950,5) (991,-61) (972,-32) (951,-1) (973,-36) (974,-36) (975,-38) (976,-42) (977,-43) (978,-57) (979,-58) (980,-63) (981,-64) (982,-63) (983,-62) (984,-73) (985,-73) (986,-69) (987,-68) (988,-67) (989,-62) (990,-66) 
(999,-70) (997,-62) (949,17) (423,128) (417,128) (121,109) (58,85) (4,19) (3,17) (0,7) (996,-64) (995,-64) (993,-60) (950,5) (991,-61) (972,-32) (951,-1) (992,-64) 
(999,-70) (997,-62) (949,17) (423,128) (417,128) (121,109) (58,85) (4,19) (3,17) (0,7) (996,-64) (995,-64) (993,-60) (950,5) (994,-67) 
TD 5 :
(999,-70) (997,-62) (949,17) (423,128) (417,128) (121,109) (58,85) (4,19) (3,17) (0,7) (948,10) (947,8) (946,4) (944,1) (943,2) (430,123) (424,124) 
(999,-70) (997,-62) (949,17) (423,128) (417,128) (121,109) (58,85) (4,19) (3,17) (0,7) (948,10) (947,8) (946,4) (944,1) (943,2) (430,123) (424,124) (425,123) (426,121) (427,117) (428,123) (429,122) 
(999,-70) (997,-62) (949,17) (423,128) (417,128) (121,109) (58,85) (4,19) (3,17) (0,7) (948,10) (947,8) (946,4) (944,1) (943,2) (430,123) (424,124) (431,114) (432,114) (433,116) (434,116) (435,112) (436,109) (437,101) (438,103) (439,102) (440,99) (441,95) (442,92) (443,92) (444,90) (445,80) (446,82) (447,84) (448,80) (449,89) (450,90) (451,100) (452,103) (453,109) (454,108) (455,106) (456,103) (457,91) (458,81) (459,76) (460,72) (461,71) (462,66) (463,61) (464,66) (465,58) (466,55) (467,51) (468,46) (469,41) (470,37) (471,35) (472,31) (473,30) (474,36) (475,46) (476,46) (477,42) (478,37) (479,43) (480,41) (481,46) (482,39) (483,44) (484,46) (485,49) (486,48) (487,46) (488,43) (489,41) (490,42) (491,44) (492,43) (493,42) (494,44) (495,39) (496,38) (497,38) (498,37) (499,39) (500,35) (501,27) (502,20) (503,13) (504,10) (505,11) (506,13) (507,16) (508,8) (509,5) (510,8) (511,9) (512,21) (513,25) (514,21) (515,20) (516,21) (517,16) (518,10) (519,6) (520,5) (521,7) (522,7) (523,6) (524,4) (525,9) (526,2) (527,8) (528,12) (529,3) (530,-1) (531,3) (532,-2) (533,-3) (534,-6) (535,3) (536,-3) (537,-1) (538,4) (539,1) (540,-5) (541,-6) (542,-8) (543,-8) (544,-10) (545,-15) (546,-22) (547,-36) (548,-29) (549,-29) (550,-30) (551,-26) (552,-24) (553,-23) (554,-28) (555,-36) (556,-28) (557,-32) (558,-31) (559,-32) (560,-32) (561,-32) (562,-47) (563,-43) (564,-43) (565,-47) (566,-35) (567,-35) (568,-35) (569,-40) (570,-35) (571,-35) (572,-37) (573,-36) (574,-34) (575,-38) (576,-37) (577,-40) (578,-36) (579,-29) (580,-27) (581,-30) (582,-27) (583,-31) (584,-27) (585,-21) (586,-23) (587,-26) (588,-18) (589,-7) (590,-1) (591,6) (592,7) (593,8) (594,3) (595,10) (596,-1) (597,2) (598,7) (599,15) (600,11) (601,18) (602,23) (603,27) (604,24) (605,22) (606,23) (607,24) (608,21) (609,21) (610,30) (611,26) (612,32) (613,32) (614,32) (615,32) (616,26) (617,31) (618,30) (619,26) (620,18) (621,13) (622,6) (623,12) (624,4) (625,-4) (626,-5) (627,-11) (628,-10) (629,-9) (630,-3) (631,1) (632,7) (633,13) (634,8) (635,7) (636,4) (637,3) (638,-1) (639,3) (640,10) (641,-2) (642,-4) (643,-2) (644,4) (645,5) (646,7) (647,10) (648,11) (649,14) (650,12) (651,20) (652,20) (653,24) (654,13) (655,10) (656,11) (657,11) (658,15) (659,16) (660,17) (661,11) (662,11) (663,17) (664,10) (665,9) (666,10) (667,5) (668,4) (669,-4) (670,-4) (671,-8) (672,-7) (673,-10) (674,-11) (675,-12) (676,-14) (677,-12) (678,-20) (679,-12) (680,-5) (681,-2) (682,-3) (683,1) (684,0) (685,1) (686,-9) (687,-19) (688,-15) (689,-8) (690,-8) (691,-4) (692,-7) (693,-13) (694,-9) (695,-5) (696,-3) (697,-4) (698,3) (699,4) (700,10) (701,5) (702,13) (703,13) (704,16) (705,15) (706,25) (707,20) (708,20) (709,23) (710,17) (711,21) (712,29) (713,24) (714,24) (715,22) (716,20) (717,17) (718,13) (719,14) (720,14) (721,12) (722,22) (723,24) (724,18) (725,13) (726,9) (727,22) (728,11) (729,8) (730,9) (731,9) (732,4) (733,6) (734,9) (735,-2) (736,7) (737,7) (738,13) (739,13) (740,5) (741,13) (742,21) (743,23) (744,27) (745,23) (746,19) (747,19) (748,11) (749,14) (750,13) (751,16) (752,24) (753,20) (754,19) (755,29) (756,31) (757,28) (758,27) (759,19) (760,13) (761,8) (762,9) (763,10) (764,5) (765,13) (766,12) (767,9) (768,10) (769,17) (770,25) (771,15) (772,9) (773,2) (774,-6) (775,0) (776,1) (777,-3) (778,-5) (779,-3) (780,-8) (781,-10) (782,-10) (783,-3) (784,-15) (785,-17) (786,-16) (787,-14) (788,-16) (789,-20) (790,-13) (791,-11) (792,-11) (793,0) (794,-2) (795,-4) (796,-11) (797,-6) (798,-6) (799,-7) (800,-11) (801,-7) (802,-8) (803,-4) (804,0) (805,2) (806,10) (807,9) (808,6) (809,10) (810,22) (811,20) (812,19) (813,16) (814,0) (815,-4) (816,-11) (817,-20) (818,-27) (819,-34) (820,-35) (821,-38) (822,-40) (823,-41) (824,-44) (825,-38) (826,-36) (827,-33) (828,-34) (829,-25) (830,-28) (831,-32) (832,-28) (833,-24) (834,-27) (835,-28) (836,-30) (837,-32) (838,-37) (839,-36) (840,-40) (841,-40) (842,-51) (843,-48) (844,-46) (845,-41) (846,-35) (847,-40) (848,-32) (849,-35) (850,-36) (851,-32) (852,-36) (853,-33) (854,-30) (855,-33) (856,-28) (857,-17) (858,-14) (859,-15) (860,-13) (861,0) (862,-1) (863,-3) (864,3) (865,5) (866,2) (867,1) (868,5) (869,-1) (870,-11) (871,-21) (872,-19) (873,-23) (874,-29) (875,-36) (876,-36) (877,-26) (878,-30) (879,-33) (880,-32) (881,-30) (882,-31) (883,-38) (884,-43) (885,-44) (886,-40) (887,-46) (888,-46) (889,-39) (890,-44) (891,-54) (892,-47) (893,-40) (894,-39) (895,-29) (896,-22) (897,-33) (898,-29) (899,-24) (900,-29) (901,-34) (902,-43) (903,-32) (904,-32) (905,-31) (906,-25) (907,-26) (908,-28) (909,-17) (910,-23) (911,-37) (912,-38) (913,-39) (914,-41) (915,-33) (916,-38) (917,-34) (918,-35) (919,-35) (920,-29) (921,-31) (922,-30) (923,-32) (924,-27) (925,-23) (926,-31) (927,-27) (928,-17) (929,-15) (930,-22) (931,-19) (932,-18) (933,-17) (934,-22) (935,-15) (936,-17) (937,-11) (938,-9) (939,-13) (940,-7) (941,-13) (942,-6) 
(999,-70) (997,-62) (949,17) (423,128) (417,128) (121,109) (58,85) (4,19) (3,17) (0,7) (948,10) (947,8) (946,4) (944,1) (943,2) (430,123) (424,124) 
(999,-70) (997,-62) (949,17) (423,128) (417,128) (121,109) (58,85) (4,19) (3,17) (0,7) (948,10) (947,8) (946,4) (944,1) (943,2) (430,123) (424,124) (945,-5) 
(999,-70) (997,-62) (949,17) (423,128) (417,128) (121,109) (58,85) (4,19) (3,17) (0,7) (996,-64) (995,-64) (993,-60) (950,5) (991,-61) (972,-32) (951,-1) (955,-11) (952,-10) (953,-11) (954,-10) 
(999,-70) (997,-62) (949,17) (423,128) (417,128) (121,109) (58,85) (4,19) (3,17) (0,7) (996,-64) (995,-64) (993,-60) (950,5) (991,-61) (972,-32) (951,-1) (955,-11) (956,-20) (957,-17) (958,-28) (959,-34) (960,-32) (961,-28) (962,-31) (963,-35) (964,-36) (965,-34) (966,-37) (967,-41) (968,-43) (969,-31) (970,-32) (971,-37) 
(999,-70) (997,-62) (949,17) (423,128) (417,128) (121,109) (58,85) (4,19) (3,17) (0,7) (996,-64) (995,-64) (993,-60) (950,5) (991,-61) (972,-32) (951,-1) (974,-36) (973,-36) 
(999,-70) (997,-62) (949,17) (423,128) (417,128) (121,109) (58,85) (4,19) (3,17) (0,7) (996,-64) (995,-64) (993,-60) (950,5) (991,-61) (972,-32) (951,-1) (974,-36) (975,-38) (976,-42) (977,-43) (978,-57) (979,-58) (980,-63) (981,-64) (982,-63) (983,-62) (984,-73) (985,-73) (986,-69) (987,-68) (988,-67) (989,-62) (990,-66) 
(999,-70) (997,-62) (949,17) (423,128) (417,128) (121,109) (58,85) (4,19) (3,17) (0,7) (996,-64) (995,-64) (993,-60) (950,5) (991,-61) (972,-32) (951,-1) (992,-64) 
TD 6 :
(999,-70) (997,-62) (949,17) (423,128) (417,128) (121,109) (58,85) (4,19) (3,17) (0,7) (948,10) (947,8) (946,4) (944,1) (943,2) (430,123) (424,124) (428,123) (425,123) 
(999,-70) (997,-62) (949,17) (423,128) (417,128) (121,109) (58,85) (4,19) (3,17) (0,7) (948,10) (947,8) (946,4) (944,1) (943,2) (430,123) (424,124) (428,123) (425,123) (426,121) (427,117) 
(999,-70) (997,-62) (949,17) (423,128) (417,128) (121,109) (58,85) (4,19) (3,17) (0,7) (948,10) (947,8) (946,4) (944,1) (943,2) (430,123) (424,124) (428,123) (425,123) (429,122) 
(999,-70) (997,-62) (949,17) (423,128) (417,128) (121,109) (58,85) (4,19) (3,17) (0,7) (948,10) (947,8) (946,4) (944,1) (943,2) (430,123) (424,124) (945,-5) 
(999,-70) (997,-62) (949,17) (423,128) (417,128) (121,109) (58,85) (4,19) (3,17) (0,7) (948,10) (947,8) (946,4) (944,1) (943,2) (430,123) (424,124) (945,-5) 
(999,-70) (997,-62) (949,17) (423,128) (417,128) (121,109) (58,85) (4,19) (3,17) (0,7) (996,-64) (995,-64) (993,-60) (950,5) (991,-61) (972,-32) (951,-1) (955,-11) (954,-10) (952,-10) (953,-11) 
(999,-70) (997,-62) (949,17) (423,128) (417,128) (121,109) (58,85) (4,19) (3,17) (0,7) (996,-64) (995,-64) (993,-60) (950,5) (991,-61) (972,-32) (951,-1) (955,-11) (954,-10) 
(999,-70) (997,-62) (949,17) (423,128) (417,128) (121,109) (58,85) (4,19) (3,17) (0,7) (996,-64) (995,-64) (993,-60) (950,5) (991,-61) (972,-32) (951,-1) (974,-36) (990,-66) (989,-62) (975,-38) 
(999,-70) (997,-62) (949,17) (423,128) (417,128) (121,109) (58,85) (4,19) (3,17) (0,7) (996,-64) (995,-64) (993,-60) (950,5) (991,-61) (972,-32) (951,-1) (974,-36) (990,-66) (989,-62) (975,-38) (976,-42) (977,-43) (978,-57) (979,-58) (980,-63) (981,-64) (982,-63) (983,-62) (984,-73) (985,-73) (986,-69) (987,-68) (988,-67) 
(999,-70) (997,-62) (949,17) (423,128) (417,128) (121,109) (58,85) (4,19) (3,17) (0,7) (996,-64) (995,-64) (993,-60) (950,5) (991,-61) (972,-32) (951,-1) (974,-36) (990,-66) (989,-62) (975,-38) 
TD 7 :
(999,-70) (997,-62) (949,17) (423,128) (417,128) (121,109) (58,85) (4,19) (3,17) (0,7) (948,10) (947,8) (946,4) (944,1) (943,2) (430,123) (424,124) (428,123) (425,123) (429,122) 
(999,-70) (997,-62) (949,17) (423,128) (417,128) (121,109) (58,85) (4,19) (3,17) (0,7) (948,10) (947,8) (946,4) (944,1) (943,2) (430,123) (424,124) (428,123) (425,123) (429,122) 
(999,-70) (997,-62) (949,17) (423,128) (417,128) (121,109) (58,85) (4,19) (3,17) (0,7) (996,-64) (995,-64) (993,-60) (950,5) (991,-61) (972,-32) (951,-1) (955,-11) (954,-10) (953,-11) (952,-10) 
(999,-70) (997,-62) (949,17) (423,128) (417,128) (121,109) (58,85) (4,19) (3,17) (0,7) (996,-64) (995,-64) (993,-60) (950,5) (991,-61) (972,-32) (951,-1) (955,-11) (954,-10) (953,-11) (952,-10) 
(999,-70) (997,-62) (949,17) (423,128) (417,128) (121,109) (58,85) (4,19) (3,17) (0,7) (996,-64) (995,-64) (993,-60) (950,5) (991,-61) (972,-32) (951,-1) (955,-11) (954,-10) (953,-11) (952,-10) 
(999,-70) (997,-62) (949,17) (423,128) (417,128) (121,109) (58,85) (4,19) (3,17) (0,7) (996,-64) (995,-64) (993,-60) (950,5) (991,-61) (972,-32) (951,-1) (974,-36) (990,-66) (989,-62) (975,-38) (988,-67) (977,-43) (976,-42) 
(999,-70) (997,-62) (949,17) (423,128) (417,128) (121,109) (58,85) (4,19) (3,17) (0,7) (996,-64) (995,-64) (993,-60) (950,5) (991,-61) (972,-32) (951,-1) (974,-36) (990,-66) (989,-62) (975,-38) (988,-67) (977,-43) (978,-57) (979,-58) (980,-63) (981,-64) (982,-63) (983,-62) (984,-73) (985,-73) (986,-69) (987,-68) 
TD 8 :
(999,-70) (997,-62) (949,17) (423,128) (417,128) (121,109) (58,85) (4,19) (3,17) (0,7) (996,-64) (995,-64) (993,-60) (950,5) (991,-61) (972,-32) (951,-1) (974,-36) (990,-66) (989,-62) (975,-38) (988,-67) (977,-43) (976,-42) 
(999,-70) (997,-62) (949,17) (423,128) (417,128) (121,109) (58,85) (4,19) (3,17) (0,7) (996,-64) (995,-64) (993,-60) (950,5) (991,-61) (972,-32) (951,-1) (974,-36) (990,-66) (989,-62) (975,-38) (988,-67) (977,-43) (976,-42) 
(999,-70) (997,-62) (949,17) (423,128) (417,128) (121,109) (58,85) (4,19) (3,17) (0,7) (996,-64) (995,-64) (993,-60) (950,5) (991,-61) (972,-32) (951,-1) (974,-36) (990,-66) (989,-62) (975,-38) (988,-67) (977,-43) (987,-68) (978,-57) (979,-58) (980,-63) (981,-64) (982,-63) (983,-62) (984,-73) (985,-73) (986,-69) 
TD 9 :
(999,-70) (997,-62) (949,17) (423,128) (417,128) (121,109) (58,85) (4,19) (3,17) (0,7) (996,-64) (995,-64) (993,-60) (950,5) (991,-61) (972,-32) (951,-1) (974,-36) (990,-66) (989,-62) (975,-38) (988,-67) (977,-43) (987,-68) (986,-69) (983,-62) (978,-57) (979,-58) (980,-63) (981,-64) (982,-63) 
(999,-70) (997,-62) (949,17) (423,128) (417,128) (121,109) (58,85) (4,19) (3,17) (0,7) (996,-64) (995,-64) (993,-60) (950,5) (991,-61) (972,-32) (951,-1) (974,-36) (990,-66) (989,-62) (975,-38) (988,-67) (977,-43) (987,-68) (986,-69) (983,-62) (984,-73) (985,-73) 
TD 10 :
(999,-70) (997,-62) (949,17) (423,128) (417,128) (121,109) (58,85) (4,19) (3,17) (0,7) (996,-64) (995,-64) (993,-60) (950,5) (991,-61) (972,-32) (951,-1) (974,-36) (990,-66) (989,-62) (975,-38) (988,-67) (977,-43) (987,-68) (986,-69) (983,-62) (982,-63) (978,-57) (979,-58) (980,-63) (981,-64) 
(999,-70) (997,-62) (949,17) (423,128) (417,128) (121,109) (58,85) (4,19) (3,17) (0,7) (996,-64) (995,-64) (993,-60) (950,5) (991,-61) (972,-32) (951,-1) (974,-36) (990,-66) (989,-62) (975,-38) (988,-67) (977,-43) (987,-68) (986,-69) (983,-62) (982,-63) 
(999,-70) (997,-62) (949,17) (423,128) (417,128) (121,109) (58,85) (4,19) (3,17) (0,7) (996,-64) (995,-64) (993,-60) (950,5) (991,-61) (972,-32) (951,-1) (974,-36) (990,-66) (989,-62) (975,-38) (988,-67) (977,-43) (987,-68) (986,-69) (983,-62) (985,-73) (984,-73) 
TD 11 :
(999,-70) (997,-62) (949,17) (423,128) (417,128) (121,109) (58,85) (4,19) (3,17) (0,7) (996,-64) (995,-64) (993,-60) (950,5) (991,-61) (972,-32) (951,-1) (974,-36) (990,-66) (989,-62) (975,-38) (988,-67) (977,-43) (987,-68) (986,-69) (983,-62) (982,-63) (981,-64) (979,-58) (978,-57) 
(999,-70) (997,-62) (949,17) (423,128) (417,128) (121,109) (58,85) (4,19) (3,17) (0,7) (996,-64) (995,-64) (993,-60) (950,5) (991,-61) (972,-32) (951,-1) (974,-36) (990,-66) (989,-62) (975,-38) (988,-67) (977,-43) (987,-68) (986,-69) (983,-62) (982,-63) (981,-64) (979,-58) (980,-63) 
(999,-70) (997,-62) (949,17) (423,128) (417,128) (121,109) (58,85) (4,19) (3,17) (0,7) (996,-64) (995,-64) (993,-60) (950,5) (991,-61) (972,-32) (951,-1) (974,-36) (990,-66) (989,-62) (975,-38) (988,-67) (977,-43) (987,-68) (986,-69) (983,-62) (982,-63) (981,-64) (979,-58) 
(999,-70) (997,-62) (949,17) (423,128) (417,128) (121,109) (58,85) (4,19) (3,17) (0,7) (996,-64) (995,-64) (993,-60) (950,5) (991,-61) (972,-32) (951,-1) (974,-36) (990,-66) (989,-62) (975,-38) (988,-67) (977,-43) (987,-68) (986,-69) (983,-62) (985,-73) (984,-73) 
TD 12 :
(999,-70) (997,-62) (949,17) (423,128) (417,128) (121,109) (58,85) (4,19) (3,17) (0,7) (996,-64) (995,-64) (993,-60) (950,5) (991,-61) (972,-32) (951,-1) (974,-36) (990,-66) (989,-62) (975,-38) (988,-67) (977,-43) (987,-68) (986,-69) (983,-62) (982,-63) (981,-64) (979,-58) (978,-57) 
(999,-70) (997,-62) (949,17) (423,128) (417,128) (121,109) (58,85) (4,19) (3,17) (0,7) (996,-64) (995,-64) (993,-60) (950,5) (991,-61) (972,-32) (951,-1) (974,-36) (990,-66) (989,-62) (975,-38) (988,-67) (977,-43) (987,-68) (986,-69) (983,-62) (982,-63) (981,-64) (979,-58) (978,-57) 
(999,-70) (997,-62) (949,17) (423,128) (417,128) (121,109) (58,85) (4,19) (3,17) (0,7) (996,-64) (995,-64) (993,-60) (950,5) (991,-61) (972,-32) (951,-1) (974,-36) (990,-66) (989,-62) (975,-38) (988,-67) (977,-43) (987,-68) (986,-69) (983,-62) (982,-63) (981,-64) (979,-58) (980,-63) 
TD 13 :
TD 14 :
TD 15 :
TD 16 :
TD 17 :
TD 18 :
TD 19 :
TD 20 :
TD 21 :
TD 22 :
TD 23 :
TD 24 :
TD 25 :
TD 26 :
TD 27 :
TD 28 :
TD 29 :
TD 30 :
TD 31 :
TD 32 :
TD 33 :
TD 34 :
TD 35 :
TD 36 :
TD 37 :
TD 38 :
TD 39 :
TD 40 :
TD 41 :
TD 42 :
TD 43 :
TD 44 :
TD 45 :
TD 46 :
TD 47 :
TD 48 :
TD 49 :
TD 50 :
TD 51 :
TD 52 :
TD 53 :
TD 54 :
TD 55 :
TD 56 :
TD 57 :
TD 58 :
TD 59 :
TD 60 :
TD 61 :
TD 62 :
TD 63 :
TD 64 :
TD 65 :
TD 66 :
TD 67 :
TD 68 :
TD 69 :
TD 70 :
TD 71 :
TD 72 :
TD 73 :
TD 74 :
TD 75 :
TD 76 :
TD 77 :
TD 78 :
TD 79 :
TD 80 :
TD 81 :
TD 82 :
TD 83 :
TD 84 :
TD 85 :
TD 86 :
TD 87 :
TD 88 :
TD 89 :
TD 90 :
TD 91 :
TD 92 :
TD 93 :
TD 94 :
Pocket 0 :
()
Pocket 1 :
({  (0,7) ,(1,9) } {  (2,9) ,(3,17) } {  (0,7) ,(1,9) } {  (2,9) ,(3,17) } {  (0,7) ,(1,9) } {  (2,9) ,(3,17) } {  (0,7) ,(1,9) } {  (2,9) ,(3,17) } {  (0,7) ,(1,9) } {  (2,9) ,(3,17) } {  (0,7) ,(1,9) } {  (2,9) ,(3,17) } {  (0,7) ,(1,9) } {  (2,9) ,(3,17) } {  (0,7) ,(1,9) } {  (2,9) ,(3,17) } {  (0,7) ,(1,9) } {  (2,9) ,(3,17) } )
Pocket 2 :
({  (1,9) ,(0,7) } {  (6,15) ,(5,17) } {  (6,15) ,(5,17) } {  (6,15) ,(5,17) } {  (6,15) ,(5,17) } {  (60,74) ,(59,82) } {  (60,74) ,(59,82) } {  (127,99) ,(126,107) } {  (127,99) ,(126,107) } {  (127,99) ,(126,107) } {  (999,-70) ,(948,10) } {  (999,-70) ,(948,10) } {  (999,-70) ,(996,-64) } {  (999,-70) ,(996,-64) } {  (999,-70) ,(998,-69) } )
Pocket 3 :
({  (2,9) ,(1,9) } {  (10,19) ,(9,23) } {  (10,19) ,(9,23) } {  (57,78) ,(56,78) } {  (57,78) ,(56,78) } {  (120,104) ,(119,104) } {  (120,104) ,(119,104) } {  (999,-70) ,(125,105) } {  (999,-70) ,(125,105) } {  (999,-70) ,(947,8) } {  (999,-70) ,(947,8) } {  (951,-1) ,(950,5) } {  (951,-1) ,(950,5) } {  (951,-1) ,(950,5) } )
Pocket 4 :
({  (999,-70) ,(57,78) } {  (999,-70) ,(57,78) } {  (999,-70) ,(120,104) } {  (999,-70) ,(120,104) } {  (999,-70) ,(946,4) } {  (999,-70) ,(946,4) } {  (952,-10) ,(951,-1) } {  (952,-10) ,(951,-1) } {  (952,-10) ,(951,-1) } {  (952,-10) ,(951,-1) } {  (999,-70) ,(994,-67) } )
Pocket 5 :
({  (425,123) ,(424,124) } {  (425,123) ,(424,124) } {  (425,123) ,(424,124) } {  (425,123) ,(424,124) } {  (425,123) ,(424,124) } {  (956,-20) ,(955,-11) } {  (956,-20) ,(955,-11) } {  (975,-38) ,(974,-36) } {  (975,-38) ,(974,-36) } {  (999,-70) ,(992,-64) } )
Pocket 6 :
({  (426,121) ,(425,123) } {  (426,121) ,(425,123) } {  (426,121) ,(425,123) } {  (999,-70) ,(945,-5) } {  (999,-70) ,(945,-5) } {  (999,-70) ,(954,-10) } {  (999,-70) ,(954,-10) } {  (976,-42) ,(975,-38) } {  (976,-42) ,(975,-38) } {  (976,-42) ,(975,-38) } )
Pocket 7 :
({  (999,-70) ,(429,122) } {  (999,-70) ,(429,122) } {  (953,-11) ,(952,-10) } {  (953,-11) ,(952,-10) } {  (953,-11) ,(952,-10) } {  (978,-57) ,(977,-43) } {  (978,-57) ,(977,-43) } )
Pocket 8 :
({  (999,-70) ,(976,-42) } {  (999,-70) ,(976,-42) } {  (999,-70) ,(987,-68) } )
Pocket 9 :
({  (984,-73) ,(983,-62) } {  (984,-73) ,(983,-62) } )
Pocket 10 :
({  (999,-70) ,(982,-63) } {  (999,-70) ,(982,-63) } {  (999,-70) ,(985,-73) } )
Pocket 11 :
({  (980,-63) ,(979,-58) } {  (980,-63) ,(979,-58) } {  (980,-63) ,(979,-58) } {  (999,-70) ,(984,-73) } )
Pocket 12 :
({  (999,-70) ,(978,-57) } {  (999,-70) ,(978,-57) } {  (999,-70) ,(980,-63) } )
Pocket 13 :
()
Pocket 14 :
()
Pocket 15 :
()
Pocket 16 :
()
Pocket 17 :
()
Pocket 18 :
()
Pocket 19 :
()
Pocket 20 :
()
Pocket 21 :
()
Pocket 22 :
()
Pocket 23 :
()
Pocket 24 :
()
Pocket 25 :
()
Pocket 26 :
()
Pocket 27 :
()
Pocket 28 :
()
Pocket 29 :
()
Pocket 30 :
()
Pocket 31 :
()
Pocket 32 :
()
Pocket 33 :
()
Pocket 34 :
()
Pocket 35 :
()
Pocket 36 :
()
Pocket 37 :
()
Pocket 38 :
()
Pocket 39 :
()
Pocket 40 :
()
Pocket 41 :
()
Pocket 42 :
()
Pocket 43 :
()
Pocket 44 :
()
Pocket 45 :
()
Pocket 46 :
()
Pocket 47 :
()
Pocket 48 :
()
Pocket 49 :
()
Pocket 50 :
()
Pocket 51 :
()
Pocket 52 :
()
Pocket 53 :
()
Pocket 54 :
()
Pocket 55 :
()
Pocket 56 :
()
Pocket 57 :
()
Pocket 58 :
()
Pocket 59 :
()
Pocket 60 :
()
Pocket 61 :
()
Pocket 62 :
()
Pocket 63 :
()
Pocket 64 :
()
Pocket 65 :
()
Pocket 66 :
()
Pocket 67 :
()
Pocket 68 :
()
Pocket 69 :
()
Pocket 70 :
()
Pocket 71 :
()
Pocket 72 :
()
Pocket 73 :
()
Pocket 74 :
()
Pocket 75 :
()
Pocket 76 :
()
Pocket 77 :
()
Pocket 78 :
()
Pocket 79 :
()
Pocket 80 :
()
Pocket 81 :
()
Pocket 82 :
()
Pocket 83 :
()
Pocket 84 :
()
Pocket 85 :
()
Pocket 86 :
()
Pocket 87 :
()
Pocket 88 :
()
Pocket 89 :
()
Pocket 90 :
()
Pocket 91 :
()
Pocket 92 :
()
Pocket 93 :
()
