12 layers in onion peeling: 
Layer 1
(99,8) (98,12) (92,14) (45,27) (41,28) (40,28) (36,26) (29,21) (0,-1) 
Layer 2
(97,10) (93,12) (46,25) (42,26) (39,26) (37,25) (35,24) (28,19) (2,0) (1,-1) 
Layer 3
(96,7) (94,11) (91,12) (44,25) (43,25) (38,24) (31,20) (26,17) (15,9) (3,-2) 
Layer 4
(95,8) (85,12) (47,24) (34,21) (32,20) (30,19) (27,17) (16,9) (11,5) (10,4) (6,0) (4,-2) 
Layer 5
(90,9) (73,15) (70,16) (55,21) (49,21) (48,21) (33,19) (17,9) (13,6) (9,2) (7,0) (5,-3) 
Layer 6
(89,7) (88,8) (86,9) (84,10) (72,15) (69,16) (60,19) (56,20) (53,20) (25,13) (12,4) (8,0) 
Layer 7
(87,8) (74,14) (59,19) (58,19) (57,19) (52,19) (23,10) (18,8) (14,5) 
Layer 8
(83,8) (82,9) (71,14) (61,18) (54,18) (50,18) (24,10) (22,9) (21,8) (19,6) 
Layer 9
(81,7) (68,15) (65,16) (51,17) (20,6) 
Layer 10
(80,7) (66,15) (62,16) 
Layer 11
(79,6) (75,9) (67,14) (64,15) (63,15) 
Layer 12
(78,6) (76,5) 
---------------------------------------------------------------------------------------
TD 0 :
(99,8) (98,12) (97,10) (96,7) (95,8) (94,11) (93,12) (92,14) (91,12) (90,9) (89,7) (88,8) (87,8) (86,9) (85,12) (84,10) (83,8) (82,9) (81,7) (80,7) (79,6) (78,6) (77,5) (76,5) (75,9) (74,14) (73,15) (72,15) (71,14) (70,16) (69,16) (68,15) (67,14) (66,15) (65,16) (64,15) (63,15) (62,16) (61,18) (60,19) (59,19) (58,19) (57,19) (56,20) (55,21) (54,18) (53,20) (52,19) (51,17) (50,18) (49,21) (48,21) (47,24) (46,25) (45,27) (44,25) (43,25) (42,26) (41,28) (40,28) (39,26) (38,24) (37,25) (36,26) (35,24) (34,21) (33,19) (32,20) (31,20) (30,19) (29,21) (28,19) (27,17) (26,17) (25,13) (24,10) (23,10) (22,9) (21,8) (20,6) (19,6) (18,8) (17,9) (16,9) (15,9) (14,5) (13,6) (12,4) (11,5) (10,4) (9,2) (8,0) (7,0) (6,0) (5,-3) (4,-2) (3,-2) (2,0) (1,-1) (0,-1) 
TD 1 :
(99,8) (98,12) (92,14) (45,27) (41,28) (40,28) (36,26) (29,21) (0,-1) (1,-1) (2,0) (3,-2) (4,-2) (5,-3) (6,0) (7,0) (8,0) (9,2) (10,4) (11,5) (12,4) (13,6) (14,5) (15,9) (16,9) (17,9) (18,8) (19,6) (20,6) (21,8) (22,9) (23,10) (24,10) (25,13) (26,17) (27,17) (28,19) 
(99,8) (98,12) (92,14) (45,27) (41,28) (40,28) (36,26) (29,21) (0,-1) (30,19) (31,20) (32,20) (33,19) (34,21) (35,24) 
(99,8) (98,12) (92,14) (45,27) (41,28) (40,28) (36,26) (29,21) (0,-1) (37,25) (38,24) (39,26) 
(99,8) (98,12) (92,14) (45,27) (41,28) (40,28) (36,26) (29,21) (0,-1) 
(99,8) (98,12) (92,14) (45,27) (41,28) (40,28) (36,26) (29,21) (0,-1) (42,26) (43,25) (44,25) 
(99,8) (98,12) (92,14) (45,27) (41,28) (40,28) (36,26) (29,21) (0,-1) (46,25) (47,24) (48,21) (49,21) (50,18) (51,17) (52,19) (53,20) (54,18) (55,21) (56,20) (57,19) (58,19) (59,19) (60,19) (61,18) (62,16) (63,15) (64,15) (65,16) (66,15) (67,14) (68,15) (69,16) (70,16) (71,14) (72,15) (73,15) (74,14) (75,9) (76,5) (77,5) (78,6) (79,6) (80,7) (81,7) (82,9) (83,8) (84,10) (85,12) (86,9) (87,8) (88,8) (89,7) (90,9) (91,12) 
(99,8) (98,12) (92,14) (45,27) (41,28) (40,28) (36,26) (29,21) (0,-1) (93,12) (94,11) (95,8) (96,7) (97,10) 
(99,8) (98,12) (92,14) (45,27) (41,28) (40,28) (36,26) (29,21) (0,-1) 
TD 2 :
(99,8) (98,12) (92,14) (45,27) (41,28) (40,28) (36,26) (29,21) (0,-1) (28,19) (2,0) (1,-1) 
(99,8) (98,12) (92,14) (45,27) (41,28) (40,28) (36,26) (29,21) (0,-1) (28,19) (2,0) (1,-1) (3,-2) (4,-2) (5,-3) (6,0) (7,0) (8,0) (9,2) (10,4) (11,5) (12,4) (13,6) (14,5) (15,9) (16,9) (17,9) (18,8) (19,6) (20,6) (21,8) (22,9) (23,10) (24,10) (25,13) (26,17) (27,17) 
(99,8) (98,12) (92,14) (45,27) (41,28) (40,28) (36,26) (29,21) (0,-1) (28,19) (2,0) (1,-1) 
(99,8) (98,12) (92,14) (45,27) (41,28) (40,28) (36,26) (29,21) (0,-1) (35,24) (30,19) (31,20) (32,20) (33,19) (34,21) 
(99,8) (98,12) (92,14) (45,27) (41,28) (40,28) (36,26) (29,21) (0,-1) (35,24) 
(99,8) (98,12) (92,14) (45,27) (41,28) (40,28) (36,26) (29,21) (0,-1) (39,26) (37,25) 
(99,8) (98,12) (92,14) (45,27) (41,28) (40,28) (36,26) (29,21) (0,-1) (39,26) (37,25) (38,24) 
(99,8) (98,12) (92,14) (45,27) (41,28) (40,28) (36,26) (29,21) (0,-1) (39,26) (37,25) 
(99,8) (98,12) (92,14) (45,27) (41,28) (40,28) (36,26) (29,21) (0,-1) (42,26) 
(99,8) (98,12) (92,14) (45,27) (41,28) (40,28) (36,26) (29,21) (0,-1) (42,26) (43,25) (44,25) 
(99,8) (98,12) (92,14) (45,27) (41,28) (40,28) (36,26) (29,21) (0,-1) (46,25) 
(99,8) (98,12) (92,14) (45,27) (41,28) (40,28) (36,26) (29,21) (0,-1) (46,25) (47,24) (48,21) (49,21) (50,18) (51,17) (52,19) (53,20) (54,18) (55,21) (56,20) (57,19) (58,19) (59,19) (60,19) (61,18) (62,16) (63,15) (64,15) (65,16) (66,15) (67,14) (68,15) (69,16) (70,16) (71,14) (72,15) (73,15) (74,14) (75,9) (76,5) (77,5) (78,6) (79,6) (80,7) (81,7) (82,9) (83,8) (84,10) (85,12) (86,9) (87,8) (88,8) (89,7) (90,9) (91,12) 
(99,8) (98,12) (92,14) (45,27) (41,28) (40,28) (36,26) (29,21) (0,-1) (97,10) (93,12) 
(99,8) (98,12) (92,14) (45,27) (41,28) (40,28) (36,26) (29,21) (0,-1) (97,10) (93,12) (94,11) (95,8) (96,7) 
TD 3 :
(99,8) (98,12) (92,14) (45,27) (41,28) (40,28) (36,26) (29,21) (0,-1) (28,19) (2,0) (1,-1) (26,17) (15,9) (3,-2) (4,-2) (5,-3) (6,0) (7,0) (8,0) (9,2) (10,4) (11,5) (12,4) (13,6) (14,5) 
(99,8) (98,12) (92,14) (45,27) (41,28) (40,28) (36,26) (29,21) (0,-1) (28,19) (2,0) (1,-1) (26,17) (15,9) (3,-2) (16,9) (17,9) (18,8) (19,6) (20,6) (21,8) (22,9) (23,10) (24,10) (25,13) 
(99,8) (98,12) (92,14) (45,27) (41,28) (40,28) (36,26) (29,21) (0,-1) (28,19) (2,0) (1,-1) (26,17) (15,9) (3,-2) (27,17) 
(99,8) (98,12) (92,14) (45,27) (41,28) (40,28) (36,26) (29,21) (0,-1) (35,24) (31,20) (30,19) 
(99,8) (98,12) (92,14) (45,27) (41,28) (40,28) (36,26) (29,21) (0,-1) (35,24) (31,20) (32,20) (33,19) (34,21) 
(99,8) (98,12) (92,14) (45,27) (41,28) (40,28) (36,26) (29,21) (0,-1) (39,26) (37,25) (38,24) 
(99,8) (98,12) (92,14) (45,27) (41,28) (40,28) (36,26) (29,21) (0,-1) (39,26) (37,25) (38,24) 
(99,8) (98,12) (92,14) (45,27) (41,28) (40,28) (36,26) (29,21) (0,-1) (42,26) (44,25) (43,25) 
(99,8) (98,12) (92,14) (45,27) (41,28) (40,28) (36,26) (29,21) (0,-1) (42,26) (44,25) (43,25) 
(99,8) (98,12) (92,14) (45,27) (41,28) (40,28) (36,26) (29,21) (0,-1) (42,26) (44,25) (43,25) 
(99,8) (98,12) (92,14) (45,27) (41,28) (40,28) (36,26) (29,21) (0,-1) (46,25) (91,12) (47,24) (48,21) (49,21) (50,18) (51,17) (52,19) (53,20) (54,18) (55,21) (56,20) (57,19) (58,19) (59,19) (60,19) (61,18) (62,16) (63,15) (64,15) (65,16) (66,15) (67,14) (68,15) (69,16) (70,16) (71,14) (72,15) (73,15) (74,14) (75,9) (76,5) (77,5) (78,6) (79,6) (80,7) (81,7) (82,9) (83,8) (84,10) (85,12) (86,9) (87,8) (88,8) (89,7) (90,9) 
(99,8) (98,12) (92,14) (45,27) (41,28) (40,28) (36,26) (29,21) (0,-1) (46,25) (91,12) 
(99,8) (98,12) (92,14) (45,27) (41,28) (40,28) (36,26) (29,21) (0,-1) (97,10) (93,12) (96,7) (94,11) 
(99,8) (98,12) (92,14) (45,27) (41,28) (40,28) (36,26) (29,21) (0,-1) (97,10) (93,12) (96,7) (94,11) (95,8) 
TD 4 :
(99,8) (98,12) (92,14) (45,27) (41,28) (40,28) (36,26) (29,21) (0,-1) (28,19) (2,0) (1,-1) (26,17) (15,9) (3,-2) (11,5) (10,4) (6,0) (4,-2) (5,-3) 
(99,8) (98,12) (92,14) (45,27) (41,28) (40,28) (36,26) (29,21) (0,-1) (28,19) (2,0) (1,-1) (26,17) (15,9) (3,-2) (11,5) (10,4) (6,0) (4,-2) (7,0) (8,0) (9,2) 
(99,8) (98,12) (92,14) (45,27) (41,28) (40,28) (36,26) (29,21) (0,-1) (28,19) (2,0) (1,-1) (26,17) (15,9) (3,-2) (11,5) (10,4) (6,0) (4,-2) 
(99,8) (98,12) (92,14) (45,27) (41,28) (40,28) (36,26) (29,21) (0,-1) (28,19) (2,0) (1,-1) (26,17) (15,9) (3,-2) (11,5) (10,4) (6,0) (4,-2) (12,4) (13,6) (14,5) 
(99,8) (98,12) (92,14) (45,27) (41,28) (40,28) (36,26) (29,21) (0,-1) (28,19) (2,0) (1,-1) (26,17) (15,9) (3,-2) (16,9) 
(99,8) (98,12) (92,14) (45,27) (41,28) (40,28) (36,26) (29,21) (0,-1) (28,19) (2,0) (1,-1) (26,17) (15,9) (3,-2) (16,9) (17,9) (18,8) (19,6) (20,6) (21,8) (22,9) (23,10) (24,10) (25,13) 
(99,8) (98,12) (92,14) (45,27) (41,28) (40,28) (36,26) (29,21) (0,-1) (28,19) (2,0) (1,-1) (26,17) (15,9) (3,-2) (27,17) 
(99,8) (98,12) (92,14) (45,27) (41,28) (40,28) (36,26) (29,21) (0,-1) (28,19) (2,0) (1,-1) (26,17) (15,9) (3,-2) (27,17) 
(99,8) (98,12) (92,14) (45,27) (41,28) (40,28) (36,26) (29,21) (0,-1) (35,24) (31,20) (30,19) 
(99,8) (98,12) (92,14) (45,27) (41,28) (40,28) (36,26) (29,21) (0,-1) (35,24) (31,20) (30,19) 
(99,8) (98,12) (92,14) (45,27) (41,28) (40,28) (36,26) (29,21) (0,-1) (35,24) (31,20) (34,21) (32,20) 
(99,8) (98,12) (92,14) (45,27) (41,28) (40,28) (36,26) (29,21) (0,-1) (35,24) (31,20) (34,21) (32,20) (33,19) 
(99,8) (98,12) (92,14) (45,27) (41,28) (40,28) (36,26) (29,21) (0,-1) (35,24) (31,20) (34,21) (32,20) 
(99,8) (98,12) (92,14) (45,27) (41,28) (40,28) (36,26) (29,21) (0,-1) (46,25) (91,12) (85,12) (47,24) 
(99,8) (98,12) (92,14) (45,27) (41,28) (40,28) (36,26) (29,21) (0,-1) (46,25) (91,12) (85,12) (47,24) (48,21) (49,21) (50,18) (51,17) (52,19) (53,20) (54,18) (55,21) (56,20) (57,19) (58,19) (59,19) (60,19) (61,18) (62,16) (63,15) (64,15) (65,16) (66,15) (67,14) (68,15) (69,16) (70,16) (71,14) (72,15) (73,15) (74,14) (75,9) (76,5) (77,5) (78,6) (79,6) (80,7) (81,7) (82,9) (83,8) (84,10) 
(99,8) (98,12) (92,14) (45,27) (41,28) (40,28) (36,26) (29,21) (0,-1) (46,25) (91,12) (85,12) (47,24) (86,9) (87,8) (88,8) (89,7) (90,9) 
(99,8) (98,12) (92,14) (45,27) (41,28) (40,28) (36,26) (29,21) (0,-1) (97,10) (93,12) (96,7) (94,11) (95,8) 
TD 5 :
(99,8) (98,12) (92,14) (45,27) (41,28) (40,28) (36,26) (29,21) (0,-1) (28,19) (2,0) (1,-1) (26,17) (15,9) (3,-2) (11,5) (10,4) (6,0) (4,-2) (5,-3) 
(99,8) (98,12) (92,14) (45,27) (41,28) (40,28) (36,26) (29,21) (0,-1) (28,19) (2,0) (1,-1) (26,17) (15,9) (3,-2) (11,5) (10,4) (6,0) (4,-2) (9,2) (7,0) 
(99,8) (98,12) (92,14) (45,27) (41,28) (40,28) (36,26) (29,21) (0,-1) (28,19) (2,0) (1,-1) (26,17) (15,9) (3,-2) (11,5) (10,4) (6,0) (4,-2) (9,2) (7,0) (8,0) 
(99,8) (98,12) (92,14) (45,27) (41,28) (40,28) (36,26) (29,21) (0,-1) (28,19) (2,0) (1,-1) (26,17) (15,9) (3,-2) (11,5) (10,4) (6,0) (4,-2) (9,2) (7,0) 
(99,8) (98,12) (92,14) (45,27) (41,28) (40,28) (36,26) (29,21) (0,-1) (28,19) (2,0) (1,-1) (26,17) (15,9) (3,-2) (11,5) (10,4) (6,0) (4,-2) (13,6) (12,4) 
(99,8) (98,12) (92,14) (45,27) (41,28) (40,28) (36,26) (29,21) (0,-1) (28,19) (2,0) (1,-1) (26,17) (15,9) (3,-2) (11,5) (10,4) (6,0) (4,-2) (13,6) (14,5) 
(99,8) (98,12) (92,14) (45,27) (41,28) (40,28) (36,26) (29,21) (0,-1) (28,19) (2,0) (1,-1) (26,17) (15,9) (3,-2) (16,9) (17,9) 
(99,8) (98,12) (92,14) (45,27) (41,28) (40,28) (36,26) (29,21) (0,-1) (28,19) (2,0) (1,-1) (26,17) (15,9) (3,-2) (16,9) (17,9) (18,8) (19,6) (20,6) (21,8) (22,9) (23,10) (24,10) (25,13) 
(99,8) (98,12) (92,14) (45,27) (41,28) (40,28) (36,26) (29,21) (0,-1) (35,24) (31,20) (34,21) (32,20) (33,19) 
(99,8) (98,12) (92,14) (45,27) (41,28) (40,28) (36,26) (29,21) (0,-1) (35,24) (31,20) (34,21) (32,20) (33,19) 
(99,8) (98,12) (92,14) (45,27) (41,28) (40,28) (36,26) (29,21) (0,-1) (46,25) (91,12) (85,12) (47,24) (73,15) (70,16) (55,21) (49,21) (48,21) 
(99,8) (98,12) (92,14) (45,27) (41,28) (40,28) (36,26) (29,21) (0,-1) (46,25) (91,12) (85,12) (47,24) (73,15) (70,16) (55,21) (49,21) (48,21) 
(99,8) (98,12) (92,14) (45,27) (41,28) (40,28) (36,26) (29,21) (0,-1) (46,25) (91,12) (85,12) (47,24) (73,15) (70,16) (55,21) (49,21) (48,21) (50,18) (51,17) (52,19) (53,20) (54,18) 
(99,8) (98,12) (92,14) (45,27) (41,28) (40,28) (36,26) (29,21) (0,-1) (46,25) (91,12) (85,12) (47,24) (73,15) (70,16) (55,21) (49,21) (48,21) (56,20) (57,19) (58,19) (59,19) (60,19) (61,18) (62,16) (63,15) (64,15) (65,16) (66,15) (67,14) (68,15) (69,16) 
(99,8) (98,12) (92,14) (45,27) (41,28) (40,28) (36,26) (29,21) (0,-1) (46,25) (91,12) (85,12) (47,24) (73,15) (70,16) (55,21) (49,21) (48,21) (71,14) (72,15) 
(99,8) (98,12) (92,14) (45,27) (41,28) (40,28) (36,26) (29,21) (0,-1) (46,25) (91,12) (85,12) (47,24) (73,15) (70,16) (55,21) (49,21) (48,21) (74,14) (75,9) (76,5) (77,5) (78,6) (79,6) (80,7) (81,7) (82,9) (83,8) (84,10) 
(99,8) (98,12) (92,14) (45,27) (41,28) (40,28) (36,26) (29,21) (0,-1) (46,25) (91,12) (85,12) (47,24) (90,9) (86,9) (87,8) (88,8) (89,7) 
TD 6 :
(99,8) (98,12) (92,14) (45,27) (41,28) (40,28) (36,26) (29,21) (0,-1) (28,19) (2,0) (1,-1) (26,17) (15,9) (3,-2) (11,5) (10,4) (6,0) (4,-2) (9,2) (7,0) (8,0) 
(99,8) (98,12) (92,14) (45,27) (41,28) (40,28) (36,26) (29,21) (0,-1) (28,19) (2,0) (1,-1) (26,17) (15,9) (3,-2) (11,5) (10,4) (6,0) (4,-2) (13,6) (12,4) 
(99,8) (98,12) (92,14) (45,27) (41,28) (40,28) (36,26) (29,21) (0,-1) (28,19) (2,0) (1,-1) (26,17) (15,9) (3,-2) (11,5) (10,4) (6,0) (4,-2) (13,6) (12,4) 
(99,8) (98,12) (92,14) (45,27) (41,28) (40,28) (36,26) (29,21) (0,-1) (28,19) (2,0) (1,-1) (26,17) (15,9) (3,-2) (16,9) (17,9) (25,13) (18,8) (19,6) (20,6) (21,8) (22,9) (23,10) (24,10) 
(99,8) (98,12) (92,14) (45,27) (41,28) (40,28) (36,26) (29,21) (0,-1) (28,19) (2,0) (1,-1) (26,17) (15,9) (3,-2) (16,9) (17,9) (25,13) 
(99,8) (98,12) (92,14) (45,27) (41,28) (40,28) (36,26) (29,21) (0,-1) (46,25) (91,12) (85,12) (47,24) (73,15) (70,16) (55,21) (49,21) (48,21) (53,20) (50,18) (51,17) (52,19) 
(99,8) (98,12) (92,14) (45,27) (41,28) (40,28) (36,26) (29,21) (0,-1) (46,25) (91,12) (85,12) (47,24) (73,15) (70,16) (55,21) (49,21) (48,21) (53,20) (54,18) 
(99,8) (98,12) (92,14) (45,27) (41,28) (40,28) (36,26) (29,21) (0,-1) (46,25) (91,12) (85,12) (47,24) (73,15) (70,16) (55,21) (49,21) (48,21) (69,16) (60,19) (56,20) 
(99,8) (98,12) (92,14) (45,27) (41,28) (40,28) (36,26) (29,21) (0,-1) (46,25) (91,12) (85,12) (47,24) (73,15) (70,16) (55,21) (49,21) (48,21) (69,16) (60,19) (56,20) (57,19) (58,19) (59,19) 
(99,8) (98,12) (92,14) (45,27) (41,28) (40,28) (36,26) (29,21) (0,-1) (46,25) (91,12) (85,12) (47,24) (73,15) (70,16) (55,21) (49,21) (48,21) (69,16) (60,19) (56,20) (61,18) (62,16) (63,15) (64,15) (65,16) (66,15) (67,14) (68,15) 
(99,8) (98,12) (92,14) (45,27) (41,28) (40,28) (36,26) (29,21) (0,-1) (46,25) (91,12) (85,12) (47,24) (73,15) (70,16) (55,21) (49,21) (48,21) (69,16) (60,19) (56,20) 
(99,8) (98,12) (92,14) (45,27) (41,28) (40,28) (36,26) (29,21) (0,-1) (46,25) (91,12) (85,12) (47,24) (73,15) (70,16) (55,21) (49,21) (48,21) (72,15) (71,14) 
(99,8) (98,12) (92,14) (45,27) (41,28) (40,28) (36,26) (29,21) (0,-1) (46,25) (91,12) (85,12) (47,24) (73,15) (70,16) (55,21) (49,21) (48,21) (72,15) 
(99,8) (98,12) (92,14) (45,27) (41,28) (40,28) (36,26) (29,21) (0,-1) (46,25) (91,12) (85,12) (47,24) (73,15) (70,16) (55,21) (49,21) (48,21) (84,10) (74,14) (75,9) (76,5) (77,5) (78,6) (79,6) (80,7) (81,7) (82,9) (83,8) 
(99,8) (98,12) (92,14) (45,27) (41,28) (40,28) (36,26) (29,21) (0,-1) (46,25) (91,12) (85,12) (47,24) (73,15) (70,16) (55,21) (49,21) (48,21) (84,10) 
(99,8) (98,12) (92,14) (45,27) (41,28) (40,28) (36,26) (29,21) (0,-1) (46,25) (91,12) (85,12) (47,24) (90,9) (89,7) (88,8) (86,9) 
(99,8) (98,12) (92,14) (45,27) (41,28) (40,28) (36,26) (29,21) (0,-1) (46,25) (91,12) (85,12) (47,24) (90,9) (89,7) (88,8) (86,9) (87,8) 
(99,8) (98,12) (92,14) (45,27) (41,28) (40,28) (36,26) (29,21) (0,-1) (46,25) (91,12) (85,12) (47,24) (90,9) (89,7) (88,8) (86,9) 
TD 7 :
(99,8) (98,12) (92,14) (45,27) (41,28) (40,28) (36,26) (29,21) (0,-1) (28,19) (2,0) (1,-1) (26,17) (15,9) (3,-2) (16,9) (17,9) (25,13) (23,10) (18,8) 
(99,8) (98,12) (92,14) (45,27) (41,28) (40,28) (36,26) (29,21) (0,-1) (28,19) (2,0) (1,-1) (26,17) (15,9) (3,-2) (16,9) (17,9) (25,13) (23,10) (18,8) (19,6) (20,6) (21,8) (22,9) 
(99,8) (98,12) (92,14) (45,27) (41,28) (40,28) (36,26) (29,21) (0,-1) (28,19) (2,0) (1,-1) (26,17) (15,9) (3,-2) (16,9) (17,9) (25,13) (23,10) (18,8) (24,10) 
(99,8) (98,12) (92,14) (45,27) (41,28) (40,28) (36,26) (29,21) (0,-1) (46,25) (91,12) (85,12) (47,24) (73,15) (70,16) (55,21) (49,21) (48,21) (53,20) (52,19) (50,18) (51,17) 
(99,8) (98,12) (92,14) (45,27) (41,28) (40,28) (36,26) (29,21) (0,-1) (46,25) (91,12) (85,12) (47,24) (73,15) (70,16) (55,21) (49,21) (48,21) (53,20) (52,19) 
(99,8) (98,12) (92,14) (45,27) (41,28) (40,28) (36,26) (29,21) (0,-1) (46,25) (91,12) (85,12) (47,24) (73,15) (70,16) (55,21) (49,21) (48,21) (69,16) (60,19) (56,20) (59,19) (58,19) (57,19) 
(99,8) (98,12) (92,14) (45,27) (41,28) (40,28) (36,26) (29,21) (0,-1) (46,25) (91,12) (85,12) (47,24) (73,15) (70,16) (55,21) (49,21) (48,21) (69,16) (60,19) (56,20) (59,19) (58,19) (57,19) 
(99,8) (98,12) (92,14) (45,27) (41,28) (40,28) (36,26) (29,21) (0,-1) (46,25) (91,12) (85,12) (47,24) (73,15) (70,16) (55,21) (49,21) (48,21) (69,16) (60,19) (56,20) (59,19) (58,19) (57,19) 
(99,8) (98,12) (92,14) (45,27) (41,28) (40,28) (36,26) (29,21) (0,-1) (46,25) (91,12) (85,12) (47,24) (73,15) (70,16) (55,21) (49,21) (48,21) (69,16) (60,19) (56,20) (59,19) (58,19) (57,19) 
(99,8) (98,12) (92,14) (45,27) (41,28) (40,28) (36,26) (29,21) (0,-1) (46,25) (91,12) (85,12) (47,24) (73,15) (70,16) (55,21) (49,21) (48,21) (84,10) (74,14) 
(99,8) (98,12) (92,14) (45,27) (41,28) (40,28) (36,26) (29,21) (0,-1) (46,25) (91,12) (85,12) (47,24) (73,15) (70,16) (55,21) (49,21) (48,21) (84,10) (74,14) (75,9) (76,5) (77,5) (78,6) (79,6) (80,7) (81,7) (82,9) (83,8) 
(99,8) (98,12) (92,14) (45,27) (41,28) (40,28) (36,26) (29,21) (0,-1) (46,25) (91,12) (85,12) (47,24) (90,9) (89,7) (88,8) (86,9) (87,8) 
TD 8 :
(99,8) (98,12) (92,14) (45,27) (41,28) (40,28) (36,26) (29,21) (0,-1) (28,19) (2,0) (1,-1) (26,17) (15,9) (3,-2) (16,9) (17,9) (25,13) (23,10) (18,8) (22,9) (21,8) (19,6) (20,6) 
(99,8) (98,12) (92,14) (45,27) (41,28) (40,28) (36,26) (29,21) (0,-1) (28,19) (2,0) (1,-1) (26,17) (15,9) (3,-2) (16,9) (17,9) (25,13) (23,10) (18,8) (22,9) (21,8) (19,6) 
(99,8) (98,12) (92,14) (45,27) (41,28) (40,28) (36,26) (29,21) (0,-1) (28,19) (2,0) (1,-1) (26,17) (15,9) (3,-2) (16,9) (17,9) (25,13) (23,10) (18,8) (22,9) (21,8) (19,6) 
(99,8) (98,12) (92,14) (45,27) (41,28) (40,28) (36,26) (29,21) (0,-1) (28,19) (2,0) (1,-1) (26,17) (15,9) (3,-2) (16,9) (17,9) (25,13) (23,10) (18,8) (24,10) 
(99,8) (98,12) (92,14) (45,27) (41,28) (40,28) (36,26) (29,21) (0,-1) (28,19) (2,0) (1,-1) (26,17) (15,9) (3,-2) (16,9) (17,9) (25,13) (23,10) (18,8) (24,10) 
(99,8) (98,12) (92,14) (45,27) (41,28) (40,28) (36,26) (29,21) (0,-1) (46,25) (91,12) (85,12) (47,24) (73,15) (70,16) (55,21) (49,21) (48,21) (53,20) (52,19) (50,18) 
(99,8) (98,12) (92,14) (45,27) (41,28) (40,28) (36,26) (29,21) (0,-1) (46,25) (91,12) (85,12) (47,24) (73,15) (70,16) (55,21) (49,21) (48,21) (53,20) (52,19) (50,18) (51,17) 
(99,8) (98,12) (92,14) (45,27) (41,28) (40,28) (36,26) (29,21) (0,-1) (46,25) (91,12) (85,12) (47,24) (73,15) (70,16) (55,21) (49,21) (48,21) (84,10) (74,14) (83,8) (82,9) (75,9) (76,5) (77,5) (78,6) (79,6) (80,7) (81,7) 
(99,8) (98,12) (92,14) (45,27) (41,28) (40,28) (36,26) (29,21) (0,-1) (46,25) (91,12) (85,12) (47,24) (73,15) (70,16) (55,21) (49,21) (48,21) (84,10) (74,14) (83,8) (82,9) 
TD 9 :
(99,8) (98,12) (92,14) (45,27) (41,28) (40,28) (36,26) (29,21) (0,-1) (28,19) (2,0) (1,-1) (26,17) (15,9) (3,-2) (16,9) (17,9) (25,13) (23,10) (18,8) (22,9) (21,8) (19,6) (20,6) 
(99,8) (98,12) (92,14) (45,27) (41,28) (40,28) (36,26) (29,21) (0,-1) (46,25) (91,12) (85,12) (47,24) (73,15) (70,16) (55,21) (49,21) (48,21) (53,20) (52,19) (50,18) (51,17) 
(99,8) (98,12) (92,14) (45,27) (41,28) (40,28) (36,26) (29,21) (0,-1) (46,25) (91,12) (85,12) (47,24) (73,15) (70,16) (55,21) (49,21) (48,21) (53,20) (52,19) (50,18) (51,17) 
(99,8) (98,12) (92,14) (45,27) (41,28) (40,28) (36,26) (29,21) (0,-1) (46,25) (91,12) (85,12) (47,24) (73,15) (70,16) (55,21) (49,21) (48,21) (84,10) (74,14) (83,8) (82,9) (81,7) (75,9) (76,5) (77,5) (78,6) (79,6) (80,7) 
TD 10 :
(99,8) (98,12) (92,14) (45,27) (41,28) (40,28) (36,26) (29,21) (0,-1) (46,25) (91,12) (85,12) (47,24) (73,15) (70,16) (55,21) (49,21) (48,21) (84,10) (74,14) (83,8) (82,9) (81,7) (80,7) (75,9) (76,5) (77,5) (78,6) (79,6) 
TD 11 :
(99,8) (98,12) (92,14) (45,27) (41,28) (40,28) (36,26) (29,21) (0,-1) (46,25) (91,12) (85,12) (47,24) (73,15) (70,16) (55,21) (49,21) (48,21) (84,10) (74,14) (83,8) (82,9) (81,7) (80,7) (79,6) (75,9) 
(99,8) (98,12) (92,14) (45,27) (41,28) (40,28) (36,26) (29,21) (0,-1) (46,25) (91,12) (85,12) (47,24) (73,15) (70,16) (55,21) (49,21) (48,21) (84,10) (74,14) (83,8) (82,9) (81,7) (80,7) (79,6) (75,9) (76,5) (77,5) (78,6) 
TD 12 :
(99,8) (98,12) (92,14) (45,27) (41,28) (40,28) (36,26) (29,21) (0,-1) (46,25) (91,12) (85,12) (47,24) (73,15) (70,16) (55,21) (49,21) (48,21) (84,10) (74,14) (83,8) (82,9) (81,7) (80,7) (79,6) (75,9) (78,6) (76,5) (77,5) 
Pocket 0 :
()
Pocket 1 :
({  (0,-1) ,(1,-1) } {  (28,19) ,(29,21) } {  (0,-1) ,(1,-1) } {  (28,19) ,(29,21) } {  (0,-1) ,(1,-1) } {  (28,19) ,(29,21) } {  (0,-1) ,(1,-1) } {  (28,19) ,(29,21) } {  (0,-1) ,(1,-1) } {  (28,19) ,(29,21) } {  (0,-1) ,(1,-1) } {  (28,19) ,(29,21) } {  (0,-1) ,(1,-1) } {  (28,19) ,(29,21) } {  (0,-1) ,(1,-1) } {  (28,19) ,(29,21) } )
Pocket 2 :
({  (1,-1) ,(0,-1) } {  (3,-2) ,(2,0) } {  (1,-1) ,(0,-1) } {  (3,-2) ,(2,0) } {  (1,-1) ,(0,-1) } {  (3,-2) ,(2,0) } {  (99,8) ,(35,24) } {  (99,8) ,(35,24) } {  (38,24) ,(37,25) } {  (38,24) ,(37,25) } {  (38,24) ,(37,25) } {  (43,25) ,(42,26) } {  (43,25) ,(42,26) } {  (47,24) ,(46,25) } {  (47,24) ,(46,25) } {  (94,11) ,(93,12) } {  (94,11) ,(93,12) } )
Pocket 3 :
({  (3,-2) ,(1,-1) } {  (16,9) ,(15,9) } {  (3,-2) ,(1,-1) } {  (16,9) ,(15,9) } {  (3,-2) ,(1,-1) } {  (16,9) ,(15,9) } {  (32,20) ,(31,20) } {  (32,20) ,(31,20) } {  (99,8) ,(38,24) } {  (99,8) ,(38,24) } {  (44,25) ,(43,25) } {  (44,25) ,(43,25) } {  (44,25) ,(43,25) } {  (99,8) ,(91,12) } {  (99,8) ,(91,12) } {  (95,8) ,(94,11) } {  (95,8) ,(94,11) } )
Pocket 4 :
({  (4,-2) ,(3,-2) } {  (7,0) ,(6,0) } {  (4,-2) ,(3,-2) } {  (7,0) ,(6,0) } {  (4,-2) ,(3,-2) } {  (7,0) ,(6,0) } {  (4,-2) ,(3,-2) } {  (7,0) ,(6,0) } {  (17,9) ,(16,9) } {  (17,9) ,(16,9) } {  (99,8) ,(27,17) } {  (99,8) ,(27,17) } {  (99,8) ,(30,19) } {  (99,8) ,(30,19) } {  (33,19) ,(32,20) } {  (33,19) ,(32,20) } {  (33,19) ,(32,20) } {  (48,21) ,(47,24) } {  (48,21) ,(47,24) } {  (48,21) ,(47,24) } {  (99,8) ,(95,8) } )
Pocket 5 :
({  (5,-3) ,(4,-2) } {  (8,0) ,(7,0) } {  (8,0) ,(7,0) } {  (8,0) ,(7,0) } {  (14,5) ,(13,6) } {  (14,5) ,(13,6) } {  (18,8) ,(17,9) } {  (18,8) ,(17,9) } {  (99,8) ,(33,19) } {  (99,8) ,(33,19) } {  (49,21) ,(48,21) } {  (49,21) ,(48,21) } {  (49,21) ,(48,21) } {  (49,21) ,(48,21) } {  (49,21) ,(48,21) } {  (49,21) ,(48,21) } {  (99,8) ,(90,9) } )
Pocket 6 :
({  (8,0) ,(7,0) } {  (99,8) ,(12,4) } {  (99,8) ,(12,4) } {  (99,8) ,(25,13) } {  (99,8) ,(25,13) } {  (54,18) ,(53,20) } {  (54,18) ,(53,20) } {  (57,19) ,(56,20) } {  (57,19) ,(56,20) } {  (57,19) ,(56,20) } {  (57,19) ,(56,20) } {  (99,8) ,(72,15) } {  (99,8) ,(72,15) } {  (99,8) ,(84,10) } {  (99,8) ,(84,10) } {  (87,8) ,(86,9) } {  (87,8) ,(86,9) } {  (87,8) ,(86,9) } )
Pocket 7 :
({  (19,6) ,(18,8) } {  (19,6) ,(18,8) } {  (19,6) ,(18,8) } {  (99,8) ,(52,19) } {  (99,8) ,(52,19) } {  (58,19) ,(57,19) } {  (58,19) ,(57,19) } {  (58,19) ,(57,19) } {  (58,19) ,(57,19) } {  (75,9) ,(74,14) } {  (75,9) ,(74,14) } {  (99,8) ,(87,8) } )
Pocket 8 :
({  (19,6) ,(18,8) } {  (22,9) ,(21,8) } {  (19,6) ,(18,8) } {  (22,9) ,(21,8) } {  (19,6) ,(18,8) } {  (22,9) ,(21,8) } {  (99,8) ,(24,10) } {  (99,8) ,(24,10) } {  (51,17) ,(50,18) } {  (51,17) ,(50,18) } {  (83,8) ,(82,9) } {  (83,8) ,(82,9) } )
Pocket 9 :
({  (20,6) ,(19,6) } {  (99,8) ,(51,17) } {  (99,8) ,(51,17) } {  (99,8) ,(81,7) } )
Pocket 10 :
({  (99,8) ,(80,7) } )
Pocket 11 :
({  (76,5) ,(75,9) } {  (76,5) ,(75,9) } )
