93 layers in onion peeling: 
Layer 1
(999,-15) (884,67) (476,59) (18,20) (17,19) (15,17) (3,4) (0,-8) 
Layer 2
(998,-15) (883,66) (473,58) (16,16) (14,14) (4,3) (2,-3) (1,-11) 
Layer 3
(997,-16) (895,57) (882,62) (475,58) (19,13) (13,12) (12,11) (5,4) 
Layer 4
(996,-28) (993,-23) (894,57) (880,61) (472,57) (420,52) (9,7) (8,5) (7,0) (6,-6) 
Layer 5
(995,-31) (994,-26) (982,-15) (926,31) (910,43) (893,55) (885,59) (474,55) (10,7) 
Layer 6
(992,-28) (981,-15) (913,39) (887,56) (881,58) (477,54) (467,53) (11,7) 
Layer 7
(991,-30) (990,-27) (983,-19) (914,38) (888,55) (466,52) (421,48) (20,7) 
Layer 8
(989,-29) (979,-16) (912,39) (889,54) (879,54) (876,54) (468,51) (441,49) (23,6) (21,0) 
Layer 9
(988,-38) (985,-28) (984,-26) (980,-18) (927,26) (904,44) (892,52) (890,53) (480,50) (461,49) (440,47) (28,4) (22,-1) 
Layer 10
(987,-37) (978,-23) (930,22) (915,35) (911,38) (900,46) (891,52) (789,52) (478,48) (442,47) (422,45) (29,4) (24,0) 
Layer 11
(986,-36) (977,-26) (929,21) (901,44) (897,47) (886,50) (878,51) (791,51) (788,51) (483,47) (444,46) (116,13) (31,0) (27,-2) (25,-4) 
Layer 12
(976,-28) (962,-14) (931,17) (925,23) (896,47) (875,50) (465,46) (419,43) (117,13) (30,-2) (26,-9) 
Layer 13
(975,-32) (974,-30) (928,19) (923,24) (908,37) (898,42) (877,48) (873,48) (855,48) (481,46) (462,45) (445,44) (418,42) (115,9) (32,-8) 
Layer 14
(973,-34) (965,-21) (921,24) (916,29) (909,36) (905,38) (899,41) (874,47) (463,45) (448,44) (338,33) (122,4) (37,-9) (33,-10) 
Layer 15
(972,-46) (971,-38) (966,-24) (960,-17) (917,27) (907,36) (902,39) (871,44) (859,45) (790,46) (778,46) (777,46) (479,45) (432,42) (339,32) (123,4) (110,2) (38,-10) (34,-15) 
Layer 16
(970,-42) (968,-34) (963,-23) (932,11) (906,36) (872,43) (464,44) (423,41) (118,3) (111,2) (36,-16) (35,-17) 
Layer 17
(969,-43) (967,-33) (964,-26) (933,9) (922,20) (903,35) (870,43) (781,43) (770,43) (762,43) (471,43) (469,43) (439,42) (112,1) (39,-16) 
Layer 18
(961,-24) (955,-17) (918,23) (854,42) (787,42) (779,42) (482,42) (446,42) (128,3) (113,1) (40,-16) 
Layer 19
(959,-24) (956,-20) (920,20) (869,37) (858,39) (764,41) (443,40) (424,39) (332,28) (114,1) (41,-23) 
Layer 20
(958,-24) (957,-22) (924,12) (919,17) (860,38) (857,39) (786,40) (782,40) (772,40) (771,40) (460,40) (459,40) (450,40) (433,39) (124,2) (58,-18) (43,-24) (42,-26) 
Layer 21
(954,-30) (942,-7) (934,-1) (868,35) (861,37) (783,39) (774,39) (447,39) (425,37) (354,29) (129,2) (119,-1) (44,-24) 
Layer 22
(953,-35) (952,-30) (943,-9) (941,-7) (862,36) (856,37) (798,38) (796,38) (793,38) (776,38) (773,38) (484,38) (458,38) (438,37) (410,34) (130,1) (45,-27) 
Layer 23
(951,-35) (944,-16) (935,-6) (867,29) (863,31) (853,32) (797,37) (780,37) (431,36) (334,25) (127,-1) (59,-23) (46,-32) 
Layer 24
(950,-39) (948,-29) (945,-21) (940,-13) (936,-9) (866,27) (795,36) (792,36) (769,36) (766,36) (763,36) (452,36) (449,36) (429,35) (340,25) (125,-4) (120,-5) (107,-8) (61,-23) (51,-29) (47,-35) 
Layer 25
(949,-35) (947,-27) (937,-13) (864,26) (775,35) (767,35) (765,35) (455,35) (428,33) (327,23) (126,-4) (106,-9) (65,-22) (52,-29) (50,-33) (48,-37) 
Layer 26
(946,-26) (939,-18) (938,-17) (865,24) (852,27) (799,32) (784,33) (761,34) (470,34) (437,33) (426,32) (329,23) (121,-6) (98,-12) (56,-27) (49,-36) 
Layer 27
(851,19) (850,24) (806,31) (768,33) (503,33) (490,33) (456,33) (451,33) (417,31) (348,24) (330,22) (136,-4) (100,-12) (57,-27) (53,-33) 
Layer 28
(849,21) (847,22) (807,29) (785,32) (486,32) (485,32) (454,32) (453,32) (430,31) (414,30) (331,22) (137,-4) (102,-12) (60,-26) (55,-32) (54,-35) 
Layer 29
(848,20) (835,23) (802,29) (760,31) (489,31) (415,30) (337,22) (138,-6) (131,-7) (109,-11) (92,-16) (66,-26) (63,-32) (62,-34) 
Layer 30
(846,20) (817,26) (794,29) (504,30) (434,30) (427,30) (350,23) (325,20) (135,-8) (97,-16) (76,-23) (67,-27) (64,-34) 
Layer 31
(845,20) (818,25) (800,28) (487,29) (457,29) (435,29) (409,28) (353,23) (335,21) (326,20) (132,-10) (105,-15) (90,-19) (75,-25) (68,-34) 
Layer 32
(844,15) (842,18) (836,21) (808,26) (436,28) (405,27) (351,22) (178,-3) (99,-18) (89,-20) (78,-25) (74,-28) (69,-35) 
Layer 33
(843,13) (834,21) (809,25) (759,26) (416,27) (411,27) (352,22) (208,0) (196,-2) (101,-18) (91,-22) (77,-28) (73,-30) (72,-31) (70,-38) 
Layer 34
(841,6) (837,17) (805,24) (754,26) (753,26) (502,26) (488,26) (412,26) (346,21) (108,-18) (103,-19) (87,-24) (79,-31) (71,-38) 
Layer 35
(840,8) (838,12) (831,17) (804,24) (523,25) (495,25) (413,25) (408,25) (355,21) (336,19) (328,18) (176,-7) (96,-23) (86,-25) (80,-33) 
Layer 36
(839,9) (816,20) (803,22) (756,24) (751,24) (505,24) (347,20) (198,-4) (139,-15) (104,-23) (88,-27) (81,-39) 
Layer 37
(833,10) (832,11) (830,13) (825,15) (814,19) (801,20) (750,23) (524,23) (494,23) (491,23) (349,20) (341,19) (199,-4) (133,-17) (94,-26) (93,-27) (85,-35) (82,-43) 
Layer 38
(829,11) (828,13) (810,19) (758,21) (522,22) (496,22) (406,21) (345,19) (333,17) (197,-6) (134,-17) (95,-30) (83,-41) 
Layer 39
(827,9) (826,12) (819,15) (812,18) (757,21) (752,21) (493,20) (404,19) (343,18) (211,-4) (175,-10) (84,-41) 
Layer 40
(824,11) (823,13) (815,16) (811,17) (755,20) (500,20) (498,20) (497,20) (407,19) (344,18) (200,-6) (194,-7) (177,-11) (141,-22) (140,-24) 
Layer 41
(822,9) (821,10) (813,16) (749,19) (519,19) (506,19) (358,17) (323,13) (195,-7) (145,-23) (142,-29) 
Layer 42
(820,7) (748,17) (520,18) (517,18) (499,18) (403,17) (357,16) (324,13) (207,-6) (172,-15) (148,-24) (143,-28) 
Layer 43
(747,8) (746,13) (744,14) (507,17) (359,16) (342,14) (210,-6) (206,-7) (174,-15) (144,-28) 
Layer 44
(745,13) (501,15) (492,15) (371,15) (245,-1) (204,-8) (173,-16) (149,-27) (146,-30) 
Layer 45
(743,13) (518,14) (356,13) (213,-7) (201,-9) (170,-18) (153,-26) (151,-28) (150,-29) (147,-33) 
Layer 46
(742,13) (737,13) (528,13) (527,13) (521,13) (516,13) (401,13) (398,13) (395,13) (203,-9) (171,-18) (152,-28) 
Layer 47
(741,11) (525,12) (515,12) (396,12) (389,12) (214,-8) (179,-16) (169,-20) (154,-32) 
Layer 48
(740,4) (738,7) (736,10) (531,11) (529,11) (508,11) (402,11) (400,11) (399,11) (394,11) (251,-5) (209,-10) (189,-14) (168,-26) (157,-37) (155,-39) 
Layer 49
(739,-1) (735,4) (734,5) (530,10) (397,10) (318,2) (244,-6) (212,-10) (205,-12) (186,-18) (158,-37) (156,-40) 
Layer 50
(733,0) (526,6) (393,9) (370,7) (314,1) (250,-6) (202,-13) (188,-18) (159,-37) 
Layer 51
(732,-5) (532,4) (391,7) (390,7) (322,1) (248,-7) (228,-10) (193,-17) (187,-19) (166,-33) (160,-37) 
Layer 52
(731,-8) (725,-5) (509,4) (392,5) (388,5) (369,5) (229,-10) (192,-18) (190,-19) (185,-22) (180,-25) (167,-35) (161,-41) 
Layer 53
(730,-13) (727,-9) (726,-8) (724,-6) (513,2) (372,4) (362,4) (360,4) (230,-10) (191,-20) (181,-27) (164,-40) (162,-47) 
Layer 54
(729,-13) (723,-12) (533,1) (364,3) (363,3) (290,-4) (249,-8) (217,-14) (184,-28) (165,-43) (163,-45) 
Layer 55
(728,-20) (514,1) (361,2) (308,-3) (246,-10) (215,-18) (183,-33) (182,-34) 
Layer 56
(722,-23) (717,-19) (535,-2) (510,0) (373,-1) (309,-3) (240,-12) (218,-19) (216,-23) 
Layer 57
(721,-29) (710,-20) (534,-3) (386,-1) (374,-1) (317,-3) (307,-4) (247,-12) (231,-15) (219,-19) 
Layer 58
(720,-31) (716,-27) (709,-20) (511,-3) (366,-2) (302,-6) (289,-7) (243,-14) (221,-21) (220,-28) 
Layer 59
(719,-31) (712,-24) (708,-20) (512,-4) (367,-3) (365,-3) (304,-7) (291,-8) (242,-15) (227,-20) (222,-28) 
Layer 60
(718,-31) (714,-29) (707,-27) (557,-10) (536,-8) (384,-4) (316,-7) (305,-8) (241,-17) (226,-26) (223,-34) 
Layer 61
(715,-32) (713,-30) (706,-29) (556,-11) (368,-5) (321,-7) (312,-8) (288,-11) (252,-16) (238,-19) (232,-24) (225,-31) (224,-35) 
Layer 62
(711,-31) (537,-15) (387,-6) (375,-6) (313,-8) (298,-10) (239,-19) (237,-20) (233,-27) 
Layer 63
(705,-31) (558,-17) (385,-8) (320,-8) (315,-8) (306,-9) (299,-10) (253,-17) (236,-22) (234,-26) 
Layer 64
(704,-36) (702,-31) (591,-21) (547,-18) (383,-10) (319,-9) (303,-10) (296,-11) (255,-18) (235,-26) 
Layer 65
(703,-37) (590,-21) (553,-19) (301,-11) (257,-20) (254,-23) 
Layer 66
(701,-39) (611,-24) (550,-19) (379,-14) (310,-13) (300,-13) (297,-13) (262,-19) (258,-21) (256,-22) 
Layer 67
(700,-42) (612,-27) (559,-20) (546,-19) (378,-14) (311,-14) (286,-17) (261,-20) (260,-22) (259,-24) 
Layer 68
(699,-45) (614,-30) (554,-20) (543,-19) (382,-15) (292,-17) (265,-22) (264,-24) (263,-26) 
Layer 69
(698,-47) (596,-28) (555,-21) (545,-20) (376,-16) (287,-18) (268,-33) (266,-35) 
Layer 70
(697,-48) (560,-22) (552,-21) (542,-20) (381,-18) (295,-18) (293,-18) (267,-35) 
Layer 71
(696,-48) (606,-31) (595,-29) (549,-21) (380,-19) (294,-23) (285,-26) (269,-38) 
Layer 72
(695,-57) (694,-54) (693,-52) (692,-51) (690,-49) (610,-32) (548,-21) (540,-21) (377,-22) (272,-37) (271,-38) (270,-40) 
Layer 73
(691,-51) (688,-49) (613,-33) (551,-22) (284,-36) (274,-38) (273,-40) 
Layer 74
(689,-52) (607,-34) (589,-31) (541,-23) (279,-38) (275,-47) 
Layer 75
(687,-60) (686,-58) (685,-57) (647,-44) (609,-35) (594,-32) (544,-24) (280,-40) (277,-44) (276,-49) 
Layer 76
(684,-62) (648,-46) (608,-35) (592,-32) (538,-25) (283,-41) (278,-44) 
Layer 77
(683,-62) (649,-48) (646,-47) (604,-35) (593,-33) (539,-29) (282,-45) (281,-46) 
Layer 78
(682,-66) (645,-50) (618,-40) (605,-36) (561,-35) 
Layer 79
(681,-76) (680,-69) (679,-67) (650,-53) (620,-41) (617,-40) (597,-37) (588,-37) (574,-37) (562,-41) 
Layer 80
(678,-68) (621,-42) (615,-41) (598,-39) (573,-41) (566,-44) (563,-47) 
Layer 81
(677,-70) (676,-69) (626,-45) (619,-42) (587,-41) (575,-41) (564,-48) 
Layer 82
(675,-74) (653,-58) (622,-45) (603,-42) (568,-47) (567,-49) (565,-53) 
Layer 83
(674,-81) (673,-80) (651,-61) (625,-47) (601,-46) (572,-47) (569,-56) 
Layer 84
(672,-84) (654,-65) (623,-47) (599,-47) (576,-48) (570,-56) 
Layer 85
(671,-90) (669,-86) (652,-65) (644,-60) (628,-52) (616,-48) (577,-54) (571,-57) 
Layer 86
(670,-89) (667,-86) (643,-62) (627,-52) (600,-51) (586,-53) (578,-60) 
Layer 87
(668,-88) (640,-61) (629,-54) (624,-52) (585,-59) (583,-62) (579,-69) 
Layer 88
(666,-89) (665,-86) (637,-60) (602,-56) (584,-64) (580,-72) 
Layer 89
(664,-86) (638,-61) (582,-69) (581,-73) 
Layer 90
(663,-88) (641,-64) (632,-63) (630,-63) 
Layer 91
(662,-94) (655,-81) (642,-67) (639,-64) (633,-67) (631,-70) 
Layer 92
(661,-101) (656,-86) (636,-67) (635,-68) (634,-74) 
Layer 93
(660,-103) (659,-99) (657,-93) 
---------------------------------------------------------------------------------------
TD 0 :
(999,-15) (998,-15) (997,-16) (996,-28) (995,-31) (994,-26) (993,-23) (992,-28) (991,-30) (990,-27) (989,-29) (988,-38) (987,-37) (986,-36) (985,-28) (984,-26) (983,-19) (982,-15) (981,-15) (980,-18) (979,-16) (978,-23) (977,-26) (976,-28) (975,-32) (974,-30) (973,-34) (972,-46) (971,-38) (970,-42) (969,-43) (968,-34) (967,-33) (966,-24) (965,-21) (964,-26) (963,-23) (962,-14) (961,-24) (960,-17) (959,-24) (958,-24) (957,-22) (956,-20) (955,-17) (954,-30) (953,-35) (952,-30) (951,-35) (950,-39) (949,-35) (948,-29) (947,-27) (946,-26) (945,-21) (944,-16) (943,-9) (942,-7) (941,-7) (940,-13) (939,-18) (938,-17) (937,-13) (936,-9) (935,-6) (934,-1) (933,9) (932,11) (931,17) (930,22) (929,21) (928,19) (927,26) (926,31) (925,23) (924,12) (923,24) (922,20) (921,24) (920,20) (919,17) (918,23) (917,27) (916,29) (915,35) (914,38) (913,39) (912,39) (911,38) (910,43) (909,36) (908,37) (907,36) (906,36) (905,38) (904,44) (903,35) (902,39) (901,44) (900,46) (899,41) (898,42) (897,47) (896,47) (895,57) (894,57) (893,55) (892,52) (891,52) (890,53) (889,54) (888,55) (887,56) (886,50) (885,59) (884,67) (883,66) (882,62) (881,58) (880,61) (879,54) (878,51) (877,48) (876,54) (875,50) (874,47) (873,48) (872,43) (871,44) (870,43) (869,37) (868,35) (867,29) (866,27) (865,24) (864,26) (863,31) (862,36) (861,37) (860,38) (859,45) (858,39) (857,39) (856,37) (855,48) (854,42) (853,32) (852,27) (851,19) (850,24) (849,21) (848,20) (847,22) (846,20) (845,20) (844,15) (843,13) (842,18) (841,6) (840,8) (839,9) (838,12) (837,17) (836,21) (835,23) (834,21) (833,10) (832,11) (831,17) (830,13) (829,11) (828,13) (827,9) (826,12) (825,15) (824,11) (823,13) (822,9) (821,10) (820,7) (819,15) (818,25) (817,26) (816,20) (815,16) (814,19) (813,16) (812,18) (811,17) (810,19) (809,25) (808,26) (807,29) (806,31) (805,24) (804,24) (803,22) (802,29) (801,20) (800,28) (799,32) (798,38) (797,37) (796,38) (795,36) (794,29) (793,38) (792,36) (791,51) (790,46) (789,52) (788,51) (787,42) (786,40) (785,32) (784,33) (783,39) (782,40) (781,43) (780,37) (779,42) (778,46) (777,46) (776,38) (775,35) (774,39) (773,38) (772,40) (771,40) (770,43) (769,36) (768,33) (767,35) (766,36) (765,35) (764,41) (763,36) (762,43) (761,34) (760,31) (759,26) (758,21) (757,21) (756,24) (755,20) (754,26) (753,26) (752,21) (751,24) (750,23) (749,19) (748,17) (747,8) (746,13) (745,13) (744,14) (743,13) (742,13) (741,11) (740,4) (739,-1) (738,7) (737,13) (736,10) (735,4) (734,5) (733,0) (732,-5) (731,-8) (730,-13) (729,-13) (728,-20) (727,-9) (726,-8) (725,-5) (724,-6) (723,-12) (722,-23) (721,-29) (720,-31) (719,-31) (718,-31) (717,-19) (716,-27) (715,-32) (714,-29) (713,-30) (712,-24) (711,-31) (710,-20) (709,-20) (708,-20) (707,-27) (706,-29) (705,-31) (704,-36) (703,-37) (702,-31) (701,-39) (700,-42) (699,-45) (698,-47) (697,-48) (696,-48) (695,-57) (694,-54) (693,-52) (692,-51) (691,-51) (690,-49) (689,-52) (688,-49) (687,-60) (686,-58) (685,-57) (684,-62) (683,-62) (682,-66) (681,-76) (680,-69) (679,-67) (678,-68) (677,-70) (676,-69) (675,-74) (674,-81) (673,-80) (672,-84) (671,-90) (670,-89) (669,-86) (668,-88) (667,-86) (666,-89) (665,-86) (664,-86) (663,-88) (662,-94) (661,-101) (660,-103) (659,-99) (658,-97) (657,-93) (656,-86) (655,-81) (654,-65) (653,-58) (652,-65) (651,-61) (650,-53) (649,-48) (648,-46) (647,-44) (646,-47) (645,-50) (644,-60) (643,-62) (642,-67) (641,-64) (640,-61) (639,-64) (638,-61) (637,-60) (636,-67) (635,-68) (634,-74) (633,-67) (632,-63) (631,-70) (630,-63) (629,-54) (628,-52) (627,-52) (626,-45) (625,-47) (624,-52) (623,-47) (622,-45) (621,-42) (620,-41) (619,-42) (618,-40) (617,-40) (616,-48) (615,-41) (614,-30) (613,-33) (612,-27) (611,-24) (610,-32) (609,-35) (608,-35) (607,-34) (606,-31) (605,-36) (604,-35) (603,-42) (602,-56) (601,-46) (600,-51) (599,-47) (598,-39) (597,-37) (596,-28) (595,-29) (594,-32) (593,-33) (592,-32) (591,-21) (590,-21) (589,-31) (588,-37) (587,-41) (586,-53) (585,-59) (584,-64) (583,-62) (582,-69) (581,-73) (580,-72) (579,-69) (578,-60) (577,-54) (576,-48) (575,-41) (574,-37) (573,-41) (572,-47) (571,-57) (570,-56) (569,-56) (568,-47) (567,-49) (566,-44) (565,-53) (564,-48) (563,-47) (562,-41) (561,-35) (560,-22) (559,-20) (558,-17) (557,-10) (556,-11) (555,-21) (554,-20) (553,-19) (552,-21) (551,-22) (550,-19) (549,-21) (548,-21) (547,-18) (546,-19) (545,-20) (544,-24) (543,-19) (542,-20) (541,-23) (540,-21) (539,-29) (538,-25) (537,-15) (536,-8) (535,-2) (534,-3) (533,1) (532,4) (531,11) (530,10) (529,11) (528,13) (527,13) (526,6) (525,12) (524,23) (523,25) (522,22) (521,13) (520,18) (519,19) (518,14) (517,18) (516,13) (515,12) (514,1) (513,2) (512,-4) (511,-3) (510,0) (509,4) (508,11) (507,17) (506,19) (505,24) (504,30) (503,33) (502,26) (501,15) (500,20) (499,18) (498,20) (497,20) (496,22) (495,25) (494,23) (493,20) (492,15) (491,23) (490,33) (489,31) (488,26) (487,29) (486,32) (485,32) (484,38) (483,47) (482,42) (481,46) (480,50) (479,45) (478,48) (477,54) (476,59) (475,58) (474,55) (473,58) (472,57) (471,43) (470,34) (469,43) (468,51) (467,53) (466,52) (465,46) (464,44) (463,45) (462,45) (461,49) (460,40) (459,40) (458,38) (457,29) (456,33) (455,35) (454,32) (453,32) (452,36) (451,33) (450,40) (449,36) (448,44) (447,39) (446,42) (445,44) (444,46) (443,40) (442,47) (441,49) (440,47) (439,42) (438,37) (437,33) (436,28) (435,29) (434,30) (433,39) (432,42) (431,36) (430,31) (429,35) (428,33) (427,30) (426,32) (425,37) (424,39) (423,41) (422,45) (421,48) (420,52) (419,43) (418,42) (417,31) (416,27) (415,30) (414,30) (413,25) (412,26) (411,27) (410,34) (409,28) (408,25) (407,19) (406,21) (405,27) (404,19) (403,17) (402,11) (401,13) (400,11) (399,11) (398,13) (397,10) (396,12) (395,13) (394,11) (393,9) (392,5) (391,7) (390,7) (389,12) (388,5) (387,-6) (386,-1) (385,-8) (384,-4) (383,-10) (382,-15) (381,-18) (380,-19) (379,-14) (378,-14) (377,-22) (376,-16) (375,-6) (374,-1) (373,-1) (372,4) (371,15) (370,7) (369,5) (368,-5) (367,-3) (366,-2) (365,-3) (364,3) (363,3) (362,4) (361,2) (360,4) (359,16) (358,17) (357,16) (356,13) (355,21) (354,29) (353,23) (352,22) (351,22) (350,23) (349,20) (348,24) (347,20) (346,21) (345,19) (344,18) (343,18) (342,14) (341,19) (340,25) (339,32) (338,33) (337,22) (336,19) (335,21) (334,25) (333,17) (332,28) (331,22) (330,22) (329,23) (328,18) (327,23) (326,20) (325,20) (324,13) (323,13) (322,1) (321,-7) (320,-8) (319,-9) (318,2) (317,-3) (316,-7) (315,-8) (314,1) (313,-8) (312,-8) (311,-14) (310,-13) (309,-3) (308,-3) (307,-4) (306,-9) (305,-8) (304,-7) (303,-10) (302,-6) (301,-11) (300,-13) (299,-10) (298,-10) (297,-13) (296,-11) (295,-18) (294,-23) (293,-18) (292,-17) (291,-8) (290,-4) (289,-7) (288,-11) (287,-18) (286,-17) (285,-26) (284,-36) (283,-41) (282,-45) (281,-46) (280,-40) (279,-38) (278,-44) (277,-44) (276,-49) (275,-47) (274,-38) (273,-40) (272,-37) (271,-38) (270,-40) (269,-38) (268,-33) (267,-35) (266,-35) (265,-22) (264,-24) (263,-26) (262,-19) (261,-20) (260,-22) (259,-24) (258,-21) (257,-20) (256,-22) (255,-18) (254,-23) (253,-17) (252,-16) (251,-5) (250,-6) (249,-8) (248,-7) (247,-12) (246,-10) (245,-1) (244,-6) (243,-14) (242,-15) (241,-17) (240,-12) (239,-19) (238,-19) (237,-20) (236,-22) (235,-26) (234,-26) (233,-27) (232,-24) (231,-15) (230,-10) (229,-10) (228,-10) (227,-20) (226,-26) (225,-31) (224,-35) (223,-34) (222,-28) (221,-21) (220,-28) (219,-19) (218,-19) (217,-14) (216,-23) (215,-18) (214,-8) (213,-7) (212,-10) (211,-4) (210,-6) (209,-10) (208,0) (207,-6) (206,-7) (205,-12) (204,-8) (203,-9) (202,-13) (201,-9) (200,-6) (199,-4) (198,-4) (197,-6) (196,-2) (195,-7) (194,-7) (193,-17) (192,-18) (191,-20) (190,-19) (189,-14) (188,-18) (187,-19) (186,-18) (185,-22) (184,-28) (183,-33) (182,-34) (181,-27) (180,-25) (179,-16) (178,-3) (177,-11) (176,-7) (175,-10) (174,-15) (173,-16) (172,-15) (171,-18) (170,-18) (169,-20) (168,-26) (167,-35) (166,-33) (165,-43) (164,-40) (163,-45) (162,-47) (161,-41) (160,-37) (159,-37) (158,-37) (157,-37) (156,-40) (155,-39) (154,-32) (153,-26) (152,-28) (151,-28) (150,-29) (149,-27) (148,-24) (147,-33) (146,-30) (145,-23) (144,-28) (143,-28) (142,-29) (141,-22) (140,-24) (139,-15) (138,-6) (137,-4) (136,-4) (135,-8) (134,-17) (133,-17) (132,-10) (131,-7) (130,1) (129,2) (128,3) (127,-1) (126,-4) (125,-4) (124,2) (123,4) (122,4) (121,-6) (120,-5) (119,-1) (118,3) (117,13) (116,13) (115,9) (114,1) (113,1) (112,1) (111,2) (110,2) (109,-11) (108,-18) (107,-8) (106,-9) (105,-15) (104,-23) (103,-19) (102,-12) (101,-18) (100,-12) (99,-18) (98,-12) (97,-16) (96,-23) (95,-30) (94,-26) (93,-27) (92,-16) (91,-22) (90,-19) (89,-20) (88,-27) (87,-24) (86,-25) (85,-35) (84,-41) (83,-41) (82,-43) (81,-39) (80,-33) (79,-31) (78,-25) (77,-28) (76,-23) (75,-25) (74,-28) (73,-30) (72,-31) (71,-38) (70,-38) (69,-35) (68,-34) (67,-27) (66,-26) (65,-22) (64,-34) (63,-32) (62,-34) (61,-23) (60,-26) (59,-23) (58,-18) (57,-27) (56,-27) (55,-32) (54,-35) (53,-33) (52,-29) (51,-29) (50,-33) (49,-36) (48,-37) (47,-35) (46,-32) (45,-27) (44,-24) (43,-24) (42,-26) (41,-23) (40,-16) (39,-16) (38,-10) (37,-9) (36,-16) (35,-17) (34,-15) (33,-10) (32,-8) (31,0) (30,-2) (29,4) (28,4) (27,-2) (26,-9) (25,-4) (24,0) (23,6) (22,-1) (21,0) (20,7) (19,13) (18,20) (17,19) (16,16) (15,17) (14,14) (13,12) (12,11) (11,7) (10,7) (9,7) (8,5) (7,0) (6,-6) (5,4) (4,3) (3,4) (2,-3) (1,-11) (0,-8) 
TD 1 :
(999,-15) (884,67) (476,59) (18,20) (17,19) (15,17) (3,4) (0,-8) (1,-11) (2,-3) 
(999,-15) (884,67) (476,59) (18,20) (17,19) (15,17) (3,4) (0,-8) (4,3) (5,4) (6,-6) (7,0) (8,5) (9,7) (10,7) (11,7) (12,11) (13,12) (14,14) 
(999,-15) (884,67) (476,59) (18,20) (17,19) (15,17) (3,4) (0,-8) (16,16) 
(999,-15) (884,67) (476,59) (18,20) (17,19) (15,17) (3,4) (0,-8) 
(999,-15) (884,67) (476,59) (18,20) (17,19) (15,17) (3,4) (0,-8) (19,13) (20,7) (21,0) (22,-1) (23,6) (24,0) (25,-4) (26,-9) (27,-2) (28,4) (29,4) (30,-2) (31,0) (32,-8) (33,-10) (34,-15) (35,-17) (36,-16) (37,-9) (38,-10) (39,-16) (40,-16) (41,-23) (42,-26) (43,-24) (44,-24) (45,-27) (46,-32) (47,-35) (48,-37) (49,-36) (50,-33) (51,-29) (52,-29) (53,-33) (54,-35) (55,-32) (56,-27) (57,-27) (58,-18) (59,-23) (60,-26) (61,-23) (62,-34) (63,-32) (64,-34) (65,-22) (66,-26) (67,-27) (68,-34) (69,-35) (70,-38) (71,-38) (72,-31) (73,-30) (74,-28) (75,-25) (76,-23) (77,-28) (78,-25) (79,-31) (80,-33) (81,-39) (82,-43) (83,-41) (84,-41) (85,-35) (86,-25) (87,-24) (88,-27) (89,-20) (90,-19) (91,-22) (92,-16) (93,-27) (94,-26) (95,-30) (96,-23) (97,-16) (98,-12) (99,-18) (100,-12) (101,-18) (102,-12) (103,-19) (104,-23) (105,-15) (106,-9) (107,-8) (108,-18) (109,-11) (110,2) (111,2) (112,1) (113,1) (114,1) (115,9) (116,13) (117,13) (118,3) (119,-1) (120,-5) (121,-6) (122,4) (123,4) (124,2) (125,-4) (126,-4) (127,-1) (128,3) (129,2) (130,1) (131,-7) (132,-10) (133,-17) (134,-17) (135,-8) (136,-4) (137,-4) (138,-6) (139,-15) (140,-24) (141,-22) (142,-29) (143,-28) (144,-28) (145,-23) (146,-30) (147,-33) (148,-24) (149,-27) (150,-29) (151,-28) (152,-28) (153,-26) (154,-32) (155,-39) (156,-40) (157,-37) (158,-37) (159,-37) (160,-37) (161,-41) (162,-47) (163,-45) (164,-40) (165,-43) (166,-33) (167,-35) (168,-26) (169,-20) (170,-18) (171,-18) (172,-15) (173,-16) (174,-15) (175,-10) (176,-7) (177,-11) (178,-3) (179,-16) (180,-25) (181,-27) (182,-34) (183,-33) (184,-28) (185,-22) (186,-18) (187,-19) (188,-18) (189,-14) (190,-19) (191,-20) (192,-18) (193,-17) (194,-7) (195,-7) (196,-2) (197,-6) (198,-4) (199,-4) (200,-6) (201,-9) (202,-13) (203,-9) (204,-8) (205,-12) (206,-7) (207,-6) (208,0) (209,-10) (210,-6) (211,-4) (212,-10) (213,-7) (214,-8) (215,-18) (216,-23) (217,-14) (218,-19) (219,-19) (220,-28) (221,-21) (222,-28) (223,-34) (224,-35) (225,-31) (226,-26) (227,-20) (228,-10) (229,-10) (230,-10) (231,-15) (232,-24) (233,-27) (234,-26) (235,-26) (236,-22) (237,-20) (238,-19) (239,-19) (240,-12) (241,-17) (242,-15) (243,-14) (244,-6) (245,-1) (246,-10) (247,-12) (248,-7) (249,-8) (250,-6) (251,-5) (252,-16) (253,-17) (254,-23) (255,-18) (256,-22) (257,-20) (258,-21) (259,-24) (260,-22) (261,-20) (262,-19) (263,-26) (264,-24) (265,-22) (266,-35) (267,-35) (268,-33) (269,-38) (270,-40) (271,-38) (272,-37) (273,-40) (274,-38) (275,-47) (276,-49) (277,-44) (278,-44) (279,-38) (280,-40) (281,-46) (282,-45) (283,-41) (284,-36) (285,-26) (286,-17) (287,-18) (288,-11) (289,-7) (290,-4) (291,-8) (292,-17) (293,-18) (294,-23) (295,-18) (296,-11) (297,-13) (298,-10) (299,-10) (300,-13) (301,-11) (302,-6) (303,-10) (304,-7) (305,-8) (306,-9) (307,-4) (308,-3) (309,-3) (310,-13) (311,-14) (312,-8) (313,-8) (314,1) (315,-8) (316,-7) (317,-3) (318,2) (319,-9) (320,-8) (321,-7) (322,1) (323,13) (324,13) (325,20) (326,20) (327,23) (328,18) (329,23) (330,22) (331,22) (332,28) (333,17) (334,25) (335,21) (336,19) (337,22) (338,33) (339,32) (340,25) (341,19) (342,14) (343,18) (344,18) (345,19) (346,21) (347,20) (348,24) (349,20) (350,23) (351,22) (352,22) (353,23) (354,29) (355,21) (356,13) (357,16) (358,17) (359,16) (360,4) (361,2) (362,4) (363,3) (364,3) (365,-3) (366,-2) (367,-3) (368,-5) (369,5) (370,7) (371,15) (372,4) (373,-1) (374,-1) (375,-6) (376,-16) (377,-22) (378,-14) (379,-14) (380,-19) (381,-18) (382,-15) (383,-10) (384,-4) (385,-8) (386,-1) (387,-6) (388,5) (389,12) (390,7) (391,7) (392,5) (393,9) (394,11) (395,13) (396,12) (397,10) (398,13) (399,11) (400,11) (401,13) (402,11) (403,17) (404,19) (405,27) (406,21) (407,19) (408,25) (409,28) (410,34) (411,27) (412,26) (413,25) (414,30) (415,30) (416,27) (417,31) (418,42) (419,43) (420,52) (421,48) (422,45) (423,41) (424,39) (425,37) (426,32) (427,30) (428,33) (429,35) (430,31) (431,36) (432,42) (433,39) (434,30) (435,29) (436,28) (437,33) (438,37) (439,42) (440,47) (441,49) (442,47) (443,40) (444,46) (445,44) (446,42) (447,39) (448,44) (449,36) (450,40) (451,33) (452,36) (453,32) (454,32) (455,35) (456,33) (457,29) (458,38) (459,40) (460,40) (461,49) (462,45) (463,45) (464,44) (465,46) (466,52) (467,53) (468,51) (469,43) (470,34) (471,43) (472,57) (473,58) (474,55) (475,58) 
(999,-15) (884,67) (476,59) (18,20) (17,19) (15,17) (3,4) (0,-8) (477,54) (478,48) (479,45) (480,50) (481,46) (482,42) (483,47) (484,38) (485,32) (486,32) (487,29) (488,26) (489,31) (490,33) (491,23) (492,15) (493,20) (494,23) (495,25) (496,22) (497,20) (498,20) (499,18) (500,20) (501,15) (502,26) (503,33) (504,30) (505,24) (506,19) (507,17) (508,11) (509,4) (510,0) (511,-3) (512,-4) (513,2) (514,1) (515,12) (516,13) (517,18) (518,14) (519,19) (520,18) (521,13) (522,22) (523,25) (524,23) (525,12) (526,6) (527,13) (528,13) (529,11) (530,10) (531,11) (532,4) (533,1) (534,-3) (535,-2) (536,-8) (537,-15) (538,-25) (539,-29) (540,-21) (541,-23) (542,-20) (543,-19) (544,-24) (545,-20) (546,-19) (547,-18) (548,-21) (549,-21) (550,-19) (551,-22) (552,-21) (553,-19) (554,-20) (555,-21) (556,-11) (557,-10) (558,-17) (559,-20) (560,-22) (561,-35) (562,-41) (563,-47) (564,-48) (565,-53) (566,-44) (567,-49) (568,-47) (569,-56) (570,-56) (571,-57) (572,-47) (573,-41) (574,-37) (575,-41) (576,-48) (577,-54) (578,-60) (579,-69) (580,-72) (581,-73) (582,-69) (583,-62) (584,-64) (585,-59) (586,-53) (587,-41) (588,-37) (589,-31) (590,-21) (591,-21) (592,-32) (593,-33) (594,-32) (595,-29) (596,-28) (597,-37) (598,-39) (599,-47) (600,-51) (601,-46) (602,-56) (603,-42) (604,-35) (605,-36) (606,-31) (607,-34) (608,-35) (609,-35) (610,-32) (611,-24) (612,-27) (613,-33) (614,-30) (615,-41) (616,-48) (617,-40) (618,-40) (619,-42) (620,-41) (621,-42) (622,-45) (623,-47) (624,-52) (625,-47) (626,-45) (627,-52) (628,-52) (629,-54) (630,-63) (631,-70) (632,-63) (633,-67) (634,-74) (635,-68) (636,-67) (637,-60) (638,-61) (639,-64) (640,-61) (641,-64) (642,-67) (643,-62) (644,-60) (645,-50) (646,-47) (647,-44) (648,-46) (649,-48) (650,-53) (651,-61) (652,-65) (653,-58) (654,-65) (655,-81) (656,-86) (657,-93) (658,-97) (659,-99) (660,-103) (661,-101) (662,-94) (663,-88) (664,-86) (665,-86) (666,-89) (667,-86) (668,-88) (669,-86) (670,-89) (671,-90) (672,-84) (673,-80) (674,-81) (675,-74) (676,-69) (677,-70) (678,-68) (679,-67) (680,-69) (681,-76) (682,-66) (683,-62) (684,-62) (685,-57) (686,-58) (687,-60) (688,-49) (689,-52) (690,-49) (691,-51) (692,-51) (693,-52) (694,-54) (695,-57) (696,-48) (697,-48) (698,-47) (699,-45) (700,-42) (701,-39) (702,-31) (703,-37) (704,-36) (705,-31) (706,-29) (707,-27) (708,-20) (709,-20) (710,-20) (711,-31) (712,-24) (713,-30) (714,-29) (715,-32) (716,-27) (717,-19) (718,-31) (719,-31) (720,-31) (721,-29) (722,-23) (723,-12) (724,-6) (725,-5) (726,-8) (727,-9) (728,-20) (729,-13) (730,-13) (731,-8) (732,-5) (733,0) (734,5) (735,4) (736,10) (737,13) (738,7) (739,-1) (740,4) (741,11) (742,13) (743,13) (744,14) (745,13) (746,13) (747,8) (748,17) (749,19) (750,23) (751,24) (752,21) (753,26) (754,26) (755,20) (756,24) (757,21) (758,21) (759,26) (760,31) (761,34) (762,43) (763,36) (764,41) (765,35) (766,36) (767,35) (768,33) (769,36) (770,43) (771,40) (772,40) (773,38) (774,39) (775,35) (776,38) (777,46) (778,46) (779,42) (780,37) (781,43) (782,40) (783,39) (784,33) (785,32) (786,40) (787,42) (788,51) (789,52) (790,46) (791,51) (792,36) (793,38) (794,29) (795,36) (796,38) (797,37) (798,38) (799,32) (800,28) (801,20) (802,29) (803,22) (804,24) (805,24) (806,31) (807,29) (808,26) (809,25) (810,19) (811,17) (812,18) (813,16) (814,19) (815,16) (816,20) (817,26) (818,25) (819,15) (820,7) (821,10) (822,9) (823,13) (824,11) (825,15) (826,12) (827,9) (828,13) (829,11) (830,13) (831,17) (832,11) (833,10) (834,21) (835,23) (836,21) (837,17) (838,12) (839,9) (840,8) (841,6) (842,18) (843,13) (844,15) (845,20) (846,20) (847,22) (848,20) (849,21) (850,24) (851,19) (852,27) (853,32) (854,42) (855,48) (856,37) (857,39) (858,39) (859,45) (860,38) (861,37) (862,36) (863,31) (864,26) (865,24) (866,27) (867,29) (868,35) (869,37) (870,43) (871,44) (872,43) (873,48) (874,47) (875,50) (876,54) (877,48) (878,51) (879,54) (880,61) (881,58) (882,62) (883,66) 
(999,-15) (884,67) (476,59) (18,20) (17,19) (15,17) (3,4) (0,-8) (885,59) (886,50) (887,56) (888,55) (889,54) (890,53) (891,52) (892,52) (893,55) (894,57) (895,57) (896,47) (897,47) (898,42) (899,41) (900,46) (901,44) (902,39) (903,35) (904,44) (905,38) (906,36) (907,36) (908,37) (909,36) (910,43) (911,38) (912,39) (913,39) (914,38) (915,35) (916,29) (917,27) (918,23) (919,17) (920,20) (921,24) (922,20) (923,24) (924,12) (925,23) (926,31) (927,26) (928,19) (929,21) (930,22) (931,17) (932,11) (933,9) (934,-1) (935,-6) (936,-9) (937,-13) (938,-17) (939,-18) (940,-13) (941,-7) (942,-7) (943,-9) (944,-16) (945,-21) (946,-26) (947,-27) (948,-29) (949,-35) (950,-39) (951,-35) (952,-30) (953,-35) (954,-30) (955,-17) (956,-20) (957,-22) (958,-24) (959,-24) (960,-17) (961,-24) (962,-14) (963,-23) (964,-26) (965,-21) (966,-24) (967,-33) (968,-34) (969,-43) (970,-42) (971,-38) (972,-46) (973,-34) (974,-30) (975,-32) (976,-28) (977,-26) (978,-23) (979,-16) (980,-18) (981,-15) (982,-15) (983,-19) (984,-26) (985,-28) (986,-36) (987,-37) (988,-38) (989,-29) (990,-27) (991,-30) (992,-28) (993,-23) (994,-26) (995,-31) (996,-28) (997,-16) (998,-15) 
TD 2 :
(999,-15) (884,67) (476,59) (18,20) (17,19) (15,17) (3,4) (0,-8) (2,-3) (1,-11) 
(999,-15) (884,67) (476,59) (18,20) (17,19) (15,17) (3,4) (0,-8) (2,-3) (1,-11) 
(999,-15) (884,67) (476,59) (18,20) (17,19) (15,17) (3,4) (0,-8) (14,14) (4,3) 
(999,-15) (884,67) (476,59) (18,20) (17,19) (15,17) (3,4) (0,-8) (14,14) (4,3) (5,4) (6,-6) (7,0) (8,5) (9,7) (10,7) (11,7) (12,11) (13,12) 
(999,-15) (884,67) (476,59) (18,20) (17,19) (15,17) (3,4) (0,-8) (14,14) (4,3) 
(999,-15) (884,67) (476,59) (18,20) (17,19) (15,17) (3,4) (0,-8) (16,16) 
(999,-15) (884,67) (476,59) (18,20) (17,19) (15,17) (3,4) (0,-8) (16,16) 
(999,-15) (884,67) (476,59) (18,20) (17,19) (15,17) (3,4) (0,-8) (473,58) (19,13) (20,7) (21,0) (22,-1) (23,6) (24,0) (25,-4) (26,-9) (27,-2) (28,4) (29,4) (30,-2) (31,0) (32,-8) (33,-10) (34,-15) (35,-17) (36,-16) (37,-9) (38,-10) (39,-16) (40,-16) (41,-23) (42,-26) (43,-24) (44,-24) (45,-27) (46,-32) (47,-35) (48,-37) (49,-36) (50,-33) (51,-29) (52,-29) (53,-33) (54,-35) (55,-32) (56,-27) (57,-27) (58,-18) (59,-23) (60,-26) (61,-23) (62,-34) (63,-32) (64,-34) (65,-22) (66,-26) (67,-27) (68,-34) (69,-35) (70,-38) (71,-38) (72,-31) (73,-30) (74,-28) (75,-25) (76,-23) (77,-28) (78,-25) (79,-31) (80,-33) (81,-39) (82,-43) (83,-41) (84,-41) (85,-35) (86,-25) (87,-24) (88,-27) (89,-20) (90,-19) (91,-22) (92,-16) (93,-27) (94,-26) (95,-30) (96,-23) (97,-16) (98,-12) (99,-18) (100,-12) (101,-18) (102,-12) (103,-19) (104,-23) (105,-15) (106,-9) (107,-8) (108,-18) (109,-11) (110,2) (111,2) (112,1) (113,1) (114,1) (115,9) (116,13) (117,13) (118,3) (119,-1) (120,-5) (121,-6) (122,4) (123,4) (124,2) (125,-4) (126,-4) (127,-1) (128,3) (129,2) (130,1) (131,-7) (132,-10) (133,-17) (134,-17) (135,-8) (136,-4) (137,-4) (138,-6) (139,-15) (140,-24) (141,-22) (142,-29) (143,-28) (144,-28) (145,-23) (146,-30) (147,-33) (148,-24) (149,-27) (150,-29) (151,-28) (152,-28) (153,-26) (154,-32) (155,-39) (156,-40) (157,-37) (158,-37) (159,-37) (160,-37) (161,-41) (162,-47) (163,-45) (164,-40) (165,-43) (166,-33) (167,-35) (168,-26) (169,-20) (170,-18) (171,-18) (172,-15) (173,-16) (174,-15) (175,-10) (176,-7) (177,-11) (178,-3) (179,-16) (180,-25) (181,-27) (182,-34) (183,-33) (184,-28) (185,-22) (186,-18) (187,-19) (188,-18) (189,-14) (190,-19) (191,-20) (192,-18) (193,-17) (194,-7) (195,-7) (196,-2) (197,-6) (198,-4) (199,-4) (200,-6) (201,-9) (202,-13) (203,-9) (204,-8) (205,-12) (206,-7) (207,-6) (208,0) (209,-10) (210,-6) (211,-4) (212,-10) (213,-7) (214,-8) (215,-18) (216,-23) (217,-14) (218,-19) (219,-19) (220,-28) (221,-21) (222,-28) (223,-34) (224,-35) (225,-31) (226,-26) (227,-20) (228,-10) (229,-10) (230,-10) (231,-15) (232,-24) (233,-27) (234,-26) (235,-26) (236,-22) (237,-20) (238,-19) (239,-19) (240,-12) (241,-17) (242,-15) (243,-14) (244,-6) (245,-1) (246,-10) (247,-12) (248,-7) (249,-8) (250,-6) (251,-5) (252,-16) (253,-17) (254,-23) (255,-18) (256,-22) (257,-20) (258,-21) (259,-24) (260,-22) (261,-20) (262,-19) (263,-26) (264,-24) (265,-22) (266,-35) (267,-35) (268,-33) (269,-38) (270,-40) (271,-38) (272,-37) (273,-40) (274,-38) (275,-47) (276,-49) (277,-44) (278,-44) (279,-38) (280,-40) (281,-46) (282,-45) (283,-41) (284,-36) (285,-26) (286,-17) (287,-18) (288,-11) (289,-7) (290,-4) (291,-8) (292,-17) (293,-18) (294,-23) (295,-18) (296,-11) (297,-13) (298,-10) (299,-10) (300,-13) (301,-11) (302,-6) (303,-10) (304,-7) (305,-8) (306,-9) (307,-4) (308,-3) (309,-3) (310,-13) (311,-14) (312,-8) (313,-8) (314,1) (315,-8) (316,-7) (317,-3) (318,2) (319,-9) (320,-8) (321,-7) (322,1) (323,13) (324,13) (325,20) (326,20) (327,23) (328,18) (329,23) (330,22) (331,22) (332,28) (333,17) (334,25) (335,21) (336,19) (337,22) (338,33) (339,32) (340,25) (341,19) (342,14) (343,18) (344,18) (345,19) (346,21) (347,20) (348,24) (349,20) (350,23) (351,22) (352,22) (353,23) (354,29) (355,21) (356,13) (357,16) (358,17) (359,16) (360,4) (361,2) (362,4) (363,3) (364,3) (365,-3) (366,-2) (367,-3) (368,-5) (369,5) (370,7) (371,15) (372,4) (373,-1) (374,-1) (375,-6) (376,-16) (377,-22) (378,-14) (379,-14) (380,-19) (381,-18) (382,-15) (383,-10) (384,-4) (385,-8) (386,-1) (387,-6) (388,5) (389,12) (390,7) (391,7) (392,5) (393,9) (394,11) (395,13) (396,12) (397,10) (398,13) (399,11) (400,11) (401,13) (402,11) (403,17) (404,19) (405,27) (406,21) (407,19) (408,25) (409,28) (410,34) (411,27) (412,26) (413,25) (414,30) (415,30) (416,27) (417,31) (418,42) (419,43) (420,52) (421,48) (422,45) (423,41) (424,39) (425,37) (426,32) (427,30) (428,33) (429,35) (430,31) (431,36) (432,42) (433,39) (434,30) (435,29) (436,28) (437,33) (438,37) (439,42) (440,47) (441,49) (442,47) (443,40) (444,46) (445,44) (446,42) (447,39) (448,44) (449,36) (450,40) (451,33) (452,36) (453,32) (454,32) (455,35) (456,33) (457,29) (458,38) (459,40) (460,40) (461,49) (462,45) (463,45) (464,44) (465,46) (466,52) (467,53) (468,51) (469,43) (470,34) (471,43) (472,57) 
(999,-15) (884,67) (476,59) (18,20) (17,19) (15,17) (3,4) (0,-8) (473,58) (474,55) (475,58) 
(999,-15) (884,67) (476,59) (18,20) (17,19) (15,17) (3,4) (0,-8) (883,66) (477,54) (478,48) (479,45) (480,50) (481,46) (482,42) (483,47) (484,38) (485,32) (486,32) (487,29) (488,26) (489,31) (490,33) (491,23) (492,15) (493,20) (494,23) (495,25) (496,22) (497,20) (498,20) (499,18) (500,20) (501,15) (502,26) (503,33) (504,30) (505,24) (506,19) (507,17) (508,11) (509,4) (510,0) (511,-3) (512,-4) (513,2) (514,1) (515,12) (516,13) (517,18) (518,14) (519,19) (520,18) (521,13) (522,22) (523,25) (524,23) (525,12) (526,6) (527,13) (528,13) (529,11) (530,10) (531,11) (532,4) (533,1) (534,-3) (535,-2) (536,-8) (537,-15) (538,-25) (539,-29) (540,-21) (541,-23) (542,-20) (543,-19) (544,-24) (545,-20) (546,-19) (547,-18) (548,-21) (549,-21) (550,-19) (551,-22) (552,-21) (553,-19) (554,-20) (555,-21) (556,-11) (557,-10) (558,-17) (559,-20) (560,-22) (561,-35) (562,-41) (563,-47) (564,-48) (565,-53) (566,-44) (567,-49) (568,-47) (569,-56) (570,-56) (571,-57) (572,-47) (573,-41) (574,-37) (575,-41) (576,-48) (577,-54) (578,-60) (579,-69) (580,-72) (581,-73) (582,-69) (583,-62) (584,-64) (585,-59) (586,-53) (587,-41) (588,-37) (589,-31) (590,-21) (591,-21) (592,-32) (593,-33) (594,-32) (595,-29) (596,-28) (597,-37) (598,-39) (599,-47) (600,-51) (601,-46) (602,-56) (603,-42) (604,-35) (605,-36) (606,-31) (607,-34) (608,-35) (609,-35) (610,-32) (611,-24) (612,-27) (613,-33) (614,-30) (615,-41) (616,-48) (617,-40) (618,-40) (619,-42) (620,-41) (621,-42) (622,-45) (623,-47) (624,-52) (625,-47) (626,-45) (627,-52) (628,-52) (629,-54) (630,-63) (631,-70) (632,-63) (633,-67) (634,-74) (635,-68) (636,-67) (637,-60) (638,-61) (639,-64) (640,-61) (641,-64) (642,-67) (643,-62) (644,-60) (645,-50) (646,-47) (647,-44) (648,-46) (649,-48) (650,-53) (651,-61) (652,-65) (653,-58) (654,-65) (655,-81) (656,-86) (657,-93) (658,-97) (659,-99) (660,-103) (661,-101) (662,-94) (663,-88) (664,-86) (665,-86) (666,-89) (667,-86) (668,-88) (669,-86) (670,-89) (671,-90) (672,-84) (673,-80) (674,-81) (675,-74) (676,-69) (677,-70) (678,-68) (679,-67) (680,-69) (681,-76) (682,-66) (683,-62) (684,-62) (685,-57) (686,-58) (687,-60) (688,-49) (689,-52) (690,-49) (691,-51) (692,-51) (693,-52) (694,-54) (695,-57) (696,-48) (697,-48) (698,-47) (699,-45) (700,-42) (701,-39) (702,-31) (703,-37) (704,-36) (705,-31) (706,-29) (707,-27) (708,-20) (709,-20) (710,-20) (711,-31) (712,-24) (713,-30) (714,-29) (715,-32) (716,-27) (717,-19) (718,-31) (719,-31) (720,-31) (721,-29) (722,-23) (723,-12) (724,-6) (725,-5) (726,-8) (727,-9) (728,-20) (729,-13) (730,-13) (731,-8) (732,-5) (733,0) (734,5) (735,4) (736,10) (737,13) (738,7) (739,-1) (740,4) (741,11) (742,13) (743,13) (744,14) (745,13) (746,13) (747,8) (748,17) (749,19) (750,23) (751,24) (752,21) (753,26) (754,26) (755,20) (756,24) (757,21) (758,21) (759,26) (760,31) (761,34) (762,43) (763,36) (764,41) (765,35) (766,36) (767,35) (768,33) (769,36) (770,43) (771,40) (772,40) (773,38) (774,39) (775,35) (776,38) (777,46) (778,46) (779,42) (780,37) (781,43) (782,40) (783,39) (784,33) (785,32) (786,40) (787,42) (788,51) (789,52) (790,46) (791,51) (792,36) (793,38) (794,29) (795,36) (796,38) (797,37) (798,38) (799,32) (800,28) (801,20) (802,29) (803,22) (804,24) (805,24) (806,31) (807,29) (808,26) (809,25) (810,19) (811,17) (812,18) (813,16) (814,19) (815,16) (816,20) (817,26) (818,25) (819,15) (820,7) (821,10) (822,9) (823,13) (824,11) (825,15) (826,12) (827,9) (828,13) (829,11) (830,13) (831,17) (832,11) (833,10) (834,21) (835,23) (836,21) (837,17) (838,12) (839,9) (840,8) (841,6) (842,18) (843,13) (844,15) (845,20) (846,20) (847,22) (848,20) (849,21) (850,24) (851,19) (852,27) (853,32) (854,42) (855,48) (856,37) (857,39) (858,39) (859,45) (860,38) (861,37) (862,36) (863,31) (864,26) (865,24) (866,27) (867,29) (868,35) (869,37) (870,43) (871,44) (872,43) (873,48) (874,47) (875,50) (876,54) (877,48) (878,51) (879,54) (880,61) (881,58) (882,62) 
(999,-15) (884,67) (476,59) (18,20) (17,19) (15,17) (3,4) (0,-8) (883,66) 
(999,-15) (884,67) (476,59) (18,20) (17,19) (15,17) (3,4) (0,-8) (998,-15) (885,59) (886,50) (887,56) (888,55) (889,54) (890,53) (891,52) (892,52) (893,55) (894,57) (895,57) (896,47) (897,47) (898,42) (899,41) (900,46) (901,44) (902,39) (903,35) (904,44) (905,38) (906,36) (907,36) (908,37) (909,36) (910,43) (911,38) (912,39) (913,39) (914,38) (915,35) (916,29) (917,27) (918,23) (919,17) (920,20) (921,24) (922,20) (923,24) (924,12) (925,23) (926,31) (927,26) (928,19) (929,21) (930,22) (931,17) (932,11) (933,9) (934,-1) (935,-6) (936,-9) (937,-13) (938,-17) (939,-18) (940,-13) (941,-7) (942,-7) (943,-9) (944,-16) (945,-21) (946,-26) (947,-27) (948,-29) (949,-35) (950,-39) (951,-35) (952,-30) (953,-35) (954,-30) (955,-17) (956,-20) (957,-22) (958,-24) (959,-24) (960,-17) (961,-24) (962,-14) (963,-23) (964,-26) (965,-21) (966,-24) (967,-33) (968,-34) (969,-43) (970,-42) (971,-38) (972,-46) (973,-34) (974,-30) (975,-32) (976,-28) (977,-26) (978,-23) (979,-16) (980,-18) (981,-15) (982,-15) (983,-19) (984,-26) (985,-28) (986,-36) (987,-37) (988,-38) (989,-29) (990,-27) (991,-30) (992,-28) (993,-23) (994,-26) (995,-31) (996,-28) (997,-16) 
TD 3 :
(999,-15) (884,67) (476,59) (18,20) (17,19) (15,17) (3,4) (0,-8) (14,14) (4,3) (13,12) (12,11) (5,4) (6,-6) (7,0) (8,5) (9,7) (10,7) (11,7) 
(999,-15) (884,67) (476,59) (18,20) (17,19) (15,17) (3,4) (0,-8) (14,14) (4,3) (13,12) (12,11) (5,4) 
(999,-15) (884,67) (476,59) (18,20) (17,19) (15,17) (3,4) (0,-8) (14,14) (4,3) (13,12) (12,11) (5,4) 
(999,-15) (884,67) (476,59) (18,20) (17,19) (15,17) (3,4) (0,-8) (473,58) (19,13) 
(999,-15) (884,67) (476,59) (18,20) (17,19) (15,17) (3,4) (0,-8) (473,58) (19,13) (20,7) (21,0) (22,-1) (23,6) (24,0) (25,-4) (26,-9) (27,-2) (28,4) (29,4) (30,-2) (31,0) (32,-8) (33,-10) (34,-15) (35,-17) (36,-16) (37,-9) (38,-10) (39,-16) (40,-16) (41,-23) (42,-26) (43,-24) (44,-24) (45,-27) (46,-32) (47,-35) (48,-37) (49,-36) (50,-33) (51,-29) (52,-29) (53,-33) (54,-35) (55,-32) (56,-27) (57,-27) (58,-18) (59,-23) (60,-26) (61,-23) (62,-34) (63,-32) (64,-34) (65,-22) (66,-26) (67,-27) (68,-34) (69,-35) (70,-38) (71,-38) (72,-31) (73,-30) (74,-28) (75,-25) (76,-23) (77,-28) (78,-25) (79,-31) (80,-33) (81,-39) (82,-43) (83,-41) (84,-41) (85,-35) (86,-25) (87,-24) (88,-27) (89,-20) (90,-19) (91,-22) (92,-16) (93,-27) (94,-26) (95,-30) (96,-23) (97,-16) (98,-12) (99,-18) (100,-12) (101,-18) (102,-12) (103,-19) (104,-23) (105,-15) (106,-9) (107,-8) (108,-18) (109,-11) (110,2) (111,2) (112,1) (113,1) (114,1) (115,9) (116,13) (117,13) (118,3) (119,-1) (120,-5) (121,-6) (122,4) (123,4) (124,2) (125,-4) (126,-4) (127,-1) (128,3) (129,2) (130,1) (131,-7) (132,-10) (133,-17) (134,-17) (135,-8) (136,-4) (137,-4) (138,-6) (139,-15) (140,-24) (141,-22) (142,-29) (143,-28) (144,-28) (145,-23) (146,-30) (147,-33) (148,-24) (149,-27) (150,-29) (151,-28) (152,-28) (153,-26) (154,-32) (155,-39) (156,-40) (157,-37) (158,-37) (159,-37) (160,-37) (161,-41) (162,-47) (163,-45) (164,-40) (165,-43) (166,-33) (167,-35) (168,-26) (169,-20) (170,-18) (171,-18) (172,-15) (173,-16) (174,-15) (175,-10) (176,-7) (177,-11) (178,-3) (179,-16) (180,-25) (181,-27) (182,-34) (183,-33) (184,-28) (185,-22) (186,-18) (187,-19) (188,-18) (189,-14) (190,-19) (191,-20) (192,-18) (193,-17) (194,-7) (195,-7) (196,-2) (197,-6) (198,-4) (199,-4) (200,-6) (201,-9) (202,-13) (203,-9) (204,-8) (205,-12) (206,-7) (207,-6) (208,0) (209,-10) (210,-6) (211,-4) (212,-10) (213,-7) (214,-8) (215,-18) (216,-23) (217,-14) (218,-19) (219,-19) (220,-28) (221,-21) (222,-28) (223,-34) (224,-35) (225,-31) (226,-26) (227,-20) (228,-10) (229,-10) (230,-10) (231,-15) (232,-24) (233,-27) (234,-26) (235,-26) (236,-22) (237,-20) (238,-19) (239,-19) (240,-12) (241,-17) (242,-15) (243,-14) (244,-6) (245,-1) (246,-10) (247,-12) (248,-7) (249,-8) (250,-6) (251,-5) (252,-16) (253,-17) (254,-23) (255,-18) (256,-22) (257,-20) (258,-21) (259,-24) (260,-22) (261,-20) (262,-19) (263,-26) (264,-24) (265,-22) (266,-35) (267,-35) (268,-33) (269,-38) (270,-40) (271,-38) (272,-37) (273,-40) (274,-38) (275,-47) (276,-49) (277,-44) (278,-44) (279,-38) (280,-40) (281,-46) (282,-45) (283,-41) (284,-36) (285,-26) (286,-17) (287,-18) (288,-11) (289,-7) (290,-4) (291,-8) (292,-17) (293,-18) (294,-23) (295,-18) (296,-11) (297,-13) (298,-10) (299,-10) (300,-13) (301,-11) (302,-6) (303,-10) (304,-7) (305,-8) (306,-9) (307,-4) (308,-3) (309,-3) (310,-13) (311,-14) (312,-8) (313,-8) (314,1) (315,-8) (316,-7) (317,-3) (318,2) (319,-9) (320,-8) (321,-7) (322,1) (323,13) (324,13) (325,20) (326,20) (327,23) (328,18) (329,23) (330,22) (331,22) (332,28) (333,17) (334,25) (335,21) (336,19) (337,22) (338,33) (339,32) (340,25) (341,19) (342,14) (343,18) (344,18) (345,19) (346,21) (347,20) (348,24) (349,20) (350,23) (351,22) (352,22) (353,23) (354,29) (355,21) (356,13) (357,16) (358,17) (359,16) (360,4) (361,2) (362,4) (363,3) (364,3) (365,-3) (366,-2) (367,-3) (368,-5) (369,5) (370,7) (371,15) (372,4) (373,-1) (374,-1) (375,-6) (376,-16) (377,-22) (378,-14) (379,-14) (380,-19) (381,-18) (382,-15) (383,-10) (384,-4) (385,-8) (386,-1) (387,-6) (388,5) (389,12) (390,7) (391,7) (392,5) (393,9) (394,11) (395,13) (396,12) (397,10) (398,13) (399,11) (400,11) (401,13) (402,11) (403,17) (404,19) (405,27) (406,21) (407,19) (408,25) (409,28) (410,34) (411,27) (412,26) (413,25) (414,30) (415,30) (416,27) (417,31) (418,42) (419,43) (420,52) (421,48) (422,45) (423,41) (424,39) (425,37) (426,32) (427,30) (428,33) (429,35) (430,31) (431,36) (432,42) (433,39) (434,30) (435,29) (436,28) (437,33) (438,37) (439,42) (440,47) (441,49) (442,47) (443,40) (444,46) (445,44) (446,42) (447,39) (448,44) (449,36) (450,40) (451,33) (452,36) (453,32) (454,32) (455,35) (456,33) (457,29) (458,38) (459,40) (460,40) (461,49) (462,45) (463,45) (464,44) (465,46) (466,52) (467,53) (468,51) (469,43) (470,34) (471,43) (472,57) 
(999,-15) (884,67) (476,59) (18,20) (17,19) (15,17) (3,4) (0,-8) (473,58) (475,58) (474,55) 
(999,-15) (884,67) (476,59) (18,20) (17,19) (15,17) (3,4) (0,-8) (473,58) (475,58) 
(999,-15) (884,67) (476,59) (18,20) (17,19) (15,17) (3,4) (0,-8) (883,66) (882,62) (477,54) (478,48) (479,45) (480,50) (481,46) (482,42) (483,47) (484,38) (485,32) (486,32) (487,29) (488,26) (489,31) (490,33) (491,23) (492,15) (493,20) (494,23) (495,25) (496,22) (497,20) (498,20) (499,18) (500,20) (501,15) (502,26) (503,33) (504,30) (505,24) (506,19) (507,17) (508,11) (509,4) (510,0) (511,-3) (512,-4) (513,2) (514,1) (515,12) (516,13) (517,18) (518,14) (519,19) (520,18) (521,13) (522,22) (523,25) (524,23) (525,12) (526,6) (527,13) (528,13) (529,11) (530,10) (531,11) (532,4) (533,1) (534,-3) (535,-2) (536,-8) (537,-15) (538,-25) (539,-29) (540,-21) (541,-23) (542,-20) (543,-19) (544,-24) (545,-20) (546,-19) (547,-18) (548,-21) (549,-21) (550,-19) (551,-22) (552,-21) (553,-19) (554,-20) (555,-21) (556,-11) (557,-10) (558,-17) (559,-20) (560,-22) (561,-35) (562,-41) (563,-47) (564,-48) (565,-53) (566,-44) (567,-49) (568,-47) (569,-56) (570,-56) (571,-57) (572,-47) (573,-41) (574,-37) (575,-41) (576,-48) (577,-54) (578,-60) (579,-69) (580,-72) (581,-73) (582,-69) (583,-62) (584,-64) (585,-59) (586,-53) (587,-41) (588,-37) (589,-31) (590,-21) (591,-21) (592,-32) (593,-33) (594,-32) (595,-29) (596,-28) (597,-37) (598,-39) (599,-47) (600,-51) (601,-46) (602,-56) (603,-42) (604,-35) (605,-36) (606,-31) (607,-34) (608,-35) (609,-35) (610,-32) (611,-24) (612,-27) (613,-33) (614,-30) (615,-41) (616,-48) (617,-40) (618,-40) (619,-42) (620,-41) (621,-42) (622,-45) (623,-47) (624,-52) (625,-47) (626,-45) (627,-52) (628,-52) (629,-54) (630,-63) (631,-70) (632,-63) (633,-67) (634,-74) (635,-68) (636,-67) (637,-60) (638,-61) (639,-64) (640,-61) (641,-64) (642,-67) (643,-62) (644,-60) (645,-50) (646,-47) (647,-44) (648,-46) (649,-48) (650,-53) (651,-61) (652,-65) (653,-58) (654,-65) (655,-81) (656,-86) (657,-93) (658,-97) (659,-99) (660,-103) (661,-101) (662,-94) (663,-88) (664,-86) (665,-86) (666,-89) (667,-86) (668,-88) (669,-86) (670,-89) (671,-90) (672,-84) (673,-80) (674,-81) (675,-74) (676,-69) (677,-70) (678,-68) (679,-67) (680,-69) (681,-76) (682,-66) (683,-62) (684,-62) (685,-57) (686,-58) (687,-60) (688,-49) (689,-52) (690,-49) (691,-51) (692,-51) (693,-52) (694,-54) (695,-57) (696,-48) (697,-48) (698,-47) (699,-45) (700,-42) (701,-39) (702,-31) (703,-37) (704,-36) (705,-31) (706,-29) (707,-27) (708,-20) (709,-20) (710,-20) (711,-31) (712,-24) (713,-30) (714,-29) (715,-32) (716,-27) (717,-19) (718,-31) (719,-31) (720,-31) (721,-29) (722,-23) (723,-12) (724,-6) (725,-5) (726,-8) (727,-9) (728,-20) (729,-13) (730,-13) (731,-8) (732,-5) (733,0) (734,5) (735,4) (736,10) (737,13) (738,7) (739,-1) (740,4) (741,11) (742,13) (743,13) (744,14) (745,13) (746,13) (747,8) (748,17) (749,19) (750,23) (751,24) (752,21) (753,26) (754,26) (755,20) (756,24) (757,21) (758,21) (759,26) (760,31) (761,34) (762,43) (763,36) (764,41) (765,35) (766,36) (767,35) (768,33) (769,36) (770,43) (771,40) (772,40) (773,38) (774,39) (775,35) (776,38) (777,46) (778,46) (779,42) (780,37) (781,43) (782,40) (783,39) (784,33) (785,32) (786,40) (787,42) (788,51) (789,52) (790,46) (791,51) (792,36) (793,38) (794,29) (795,36) (796,38) (797,37) (798,38) (799,32) (800,28) (801,20) (802,29) (803,22) (804,24) (805,24) (806,31) (807,29) (808,26) (809,25) (810,19) (811,17) (812,18) (813,16) (814,19) (815,16) (816,20) (817,26) (818,25) (819,15) (820,7) (821,10) (822,9) (823,13) (824,11) (825,15) (826,12) (827,9) (828,13) (829,11) (830,13) (831,17) (832,11) (833,10) (834,21) (835,23) (836,21) (837,17) (838,12) (839,9) (840,8) (841,6) (842,18) (843,13) (844,15) (845,20) (846,20) (847,22) (848,20) (849,21) (850,24) (851,19) (852,27) (853,32) (854,42) (855,48) (856,37) (857,39) (858,39) (859,45) (860,38) (861,37) (862,36) (863,31) (864,26) (865,24) (866,27) (867,29) (868,35) (869,37) (870,43) (871,44) (872,43) (873,48) (874,47) (875,50) (876,54) (877,48) (878,51) (879,54) (880,61) (881,58) 
(999,-15) (884,67) (476,59) (18,20) (17,19) (15,17) (3,4) (0,-8) (883,66) (882,62) 
(999,-15) (884,67) (476,59) (18,20) (17,19) (15,17) (3,4) (0,-8) (998,-15) (997,-16) (895,57) (885,59) (886,50) (887,56) (888,55) (889,54) (890,53) (891,52) (892,52) (893,55) (894,57) 
(999,-15) (884,67) (476,59) (18,20) (17,19) (15,17) (3,4) (0,-8) (998,-15) (997,-16) (895,57) (896,47) (897,47) (898,42) (899,41) (900,46) (901,44) (902,39) (903,35) (904,44) (905,38) (906,36) (907,36) (908,37) (909,36) (910,43) (911,38) (912,39) (913,39) (914,38) (915,35) (916,29) (917,27) (918,23) (919,17) (920,20) (921,24) (922,20) (923,24) (924,12) (925,23) (926,31) (927,26) (928,19) (929,21) (930,22) (931,17) (932,11) (933,9) (934,-1) (935,-6) (936,-9) (937,-13) (938,-17) (939,-18) (940,-13) (941,-7) (942,-7) (943,-9) (944,-16) (945,-21) (946,-26) (947,-27) (948,-29) (949,-35) (950,-39) (951,-35) (952,-30) (953,-35) (954,-30) (955,-17) (956,-20) (957,-22) (958,-24) (959,-24) (960,-17) (961,-24) (962,-14) (963,-23) (964,-26) (965,-21) (966,-24) (967,-33) (968,-34) (969,-43) (970,-42) (971,-38) (972,-46) (973,-34) (974,-30) (975,-32) (976,-28) (977,-26) (978,-23) (979,-16) (980,-18) (981,-15) (982,-15) (983,-19) (984,-26) (985,-28) (986,-36) (987,-37) (988,-38) (989,-29) (990,-27) (991,-30) (992,-28) (993,-23) (994,-26) (995,-31) (996,-28) 
TD 4 :
(999,-15) (884,67) (476,59) (18,20) (17,19) (15,17) (3,4) (0,-8) (14,14) (4,3) (13,12) (12,11) (5,4) (9,7) (8,5) (7,0) (6,-6) 
(999,-15) (884,67) (476,59) (18,20) (17,19) (15,17) (3,4) (0,-8) (14,14) (4,3) (13,12) (12,11) (5,4) (9,7) (8,5) (7,0) (6,-6) 
(999,-15) (884,67) (476,59) (18,20) (17,19) (15,17) (3,4) (0,-8) (14,14) (4,3) (13,12) (12,11) (5,4) (9,7) (8,5) (7,0) (6,-6) 
(999,-15) (884,67) (476,59) (18,20) (17,19) (15,17) (3,4) (0,-8) (14,14) (4,3) (13,12) (12,11) (5,4) (9,7) (8,5) (7,0) (6,-6) (10,7) (11,7) 
(999,-15) (884,67) (476,59) (18,20) (17,19) (15,17) (3,4) (0,-8) (473,58) (19,13) (472,57) (420,52) (20,7) (21,0) (22,-1) (23,6) (24,0) (25,-4) (26,-9) (27,-2) (28,4) (29,4) (30,-2) (31,0) (32,-8) (33,-10) (34,-15) (35,-17) (36,-16) (37,-9) (38,-10) (39,-16) (40,-16) (41,-23) (42,-26) (43,-24) (44,-24) (45,-27) (46,-32) (47,-35) (48,-37) (49,-36) (50,-33) (51,-29) (52,-29) (53,-33) (54,-35) (55,-32) (56,-27) (57,-27) (58,-18) (59,-23) (60,-26) (61,-23) (62,-34) (63,-32) (64,-34) (65,-22) (66,-26) (67,-27) (68,-34) (69,-35) (70,-38) (71,-38) (72,-31) (73,-30) (74,-28) (75,-25) (76,-23) (77,-28) (78,-25) (79,-31) (80,-33) (81,-39) (82,-43) (83,-41) (84,-41) (85,-35) (86,-25) (87,-24) (88,-27) (89,-20) (90,-19) (91,-22) (92,-16) (93,-27) (94,-26) (95,-30) (96,-23) (97,-16) (98,-12) (99,-18) (100,-12) (101,-18) (102,-12) (103,-19) (104,-23) (105,-15) (106,-9) (107,-8) (108,-18) (109,-11) (110,2) (111,2) (112,1) (113,1) (114,1) (115,9) (116,13) (117,13) (118,3) (119,-1) (120,-5) (121,-6) (122,4) (123,4) (124,2) (125,-4) (126,-4) (127,-1) (128,3) (129,2) (130,1) (131,-7) (132,-10) (133,-17) (134,-17) (135,-8) (136,-4) (137,-4) (138,-6) (139,-15) (140,-24) (141,-22) (142,-29) (143,-28) (144,-28) (145,-23) (146,-30) (147,-33) (148,-24) (149,-27) (150,-29) (151,-28) (152,-28) (153,-26) (154,-32) (155,-39) (156,-40) (157,-37) (158,-37) (159,-37) (160,-37) (161,-41) (162,-47) (163,-45) (164,-40) (165,-43) (166,-33) (167,-35) (168,-26) (169,-20) (170,-18) (171,-18) (172,-15) (173,-16) (174,-15) (175,-10) (176,-7) (177,-11) (178,-3) (179,-16) (180,-25) (181,-27) (182,-34) (183,-33) (184,-28) (185,-22) (186,-18) (187,-19) (188,-18) (189,-14) (190,-19) (191,-20) (192,-18) (193,-17) (194,-7) (195,-7) (196,-2) (197,-6) (198,-4) (199,-4) (200,-6) (201,-9) (202,-13) (203,-9) (204,-8) (205,-12) (206,-7) (207,-6) (208,0) (209,-10) (210,-6) (211,-4) (212,-10) (213,-7) (214,-8) (215,-18) (216,-23) (217,-14) (218,-19) (219,-19) (220,-28) (221,-21) (222,-28) (223,-34) (224,-35) (225,-31) (226,-26) (227,-20) (228,-10) (229,-10) (230,-10) (231,-15) (232,-24) (233,-27) (234,-26) (235,-26) (236,-22) (237,-20) (238,-19) (239,-19) (240,-12) (241,-17) (242,-15) (243,-14) (244,-6) (245,-1) (246,-10) (247,-12) (248,-7) (249,-8) (250,-6) (251,-5) (252,-16) (253,-17) (254,-23) (255,-18) (256,-22) (257,-20) (258,-21) (259,-24) (260,-22) (261,-20) (262,-19) (263,-26) (264,-24) (265,-22) (266,-35) (267,-35) (268,-33) (269,-38) (270,-40) (271,-38) (272,-37) (273,-40) (274,-38) (275,-47) (276,-49) (277,-44) (278,-44) (279,-38) (280,-40) (281,-46) (282,-45) (283,-41) (284,-36) (285,-26) (286,-17) (287,-18) (288,-11) (289,-7) (290,-4) (291,-8) (292,-17) (293,-18) (294,-23) (295,-18) (296,-11) (297,-13) (298,-10) (299,-10) (300,-13) (301,-11) (302,-6) (303,-10) (304,-7) (305,-8) (306,-9) (307,-4) (308,-3) (309,-3) (310,-13) (311,-14) (312,-8) (313,-8) (314,1) (315,-8) (316,-7) (317,-3) (318,2) (319,-9) (320,-8) (321,-7) (322,1) (323,13) (324,13) (325,20) (326,20) (327,23) (328,18) (329,23) (330,22) (331,22) (332,28) (333,17) (334,25) (335,21) (336,19) (337,22) (338,33) (339,32) (340,25) (341,19) (342,14) (343,18) (344,18) (345,19) (346,21) (347,20) (348,24) (349,20) (350,23) (351,22) (352,22) (353,23) (354,29) (355,21) (356,13) (357,16) (358,17) (359,16) (360,4) (361,2) (362,4) (363,3) (364,3) (365,-3) (366,-2) (367,-3) (368,-5) (369,5) (370,7) (371,15) (372,4) (373,-1) (374,-1) (375,-6) (376,-16) (377,-22) (378,-14) (379,-14) (380,-19) (381,-18) (382,-15) (383,-10) (384,-4) (385,-8) (386,-1) (387,-6) (388,5) (389,12) (390,7) (391,7) (392,5) (393,9) (394,11) (395,13) (396,12) (397,10) (398,13) (399,11) (400,11) (401,13) (402,11) (403,17) (404,19) (405,27) (406,21) (407,19) (408,25) (409,28) (410,34) (411,27) (412,26) (413,25) (414,30) (415,30) (416,27) (417,31) (418,42) (419,43) 
(999,-15) (884,67) (476,59) (18,20) (17,19) (15,17) (3,4) (0,-8) (473,58) (19,13) (472,57) (420,52) (421,48) (422,45) (423,41) (424,39) (425,37) (426,32) (427,30) (428,33) (429,35) (430,31) (431,36) (432,42) (433,39) (434,30) (435,29) (436,28) (437,33) (438,37) (439,42) (440,47) (441,49) (442,47) (443,40) (444,46) (445,44) (446,42) (447,39) (448,44) (449,36) (450,40) (451,33) (452,36) (453,32) (454,32) (455,35) (456,33) (457,29) (458,38) (459,40) (460,40) (461,49) (462,45) (463,45) (464,44) (465,46) (466,52) (467,53) (468,51) (469,43) (470,34) (471,43) 
(999,-15) (884,67) (476,59) (18,20) (17,19) (15,17) (3,4) (0,-8) (473,58) (19,13) (472,57) (420,52) 
(999,-15) (884,67) (476,59) (18,20) (17,19) (15,17) (3,4) (0,-8) (883,66) (882,62) (880,61) (477,54) (478,48) (479,45) (480,50) (481,46) (482,42) (483,47) (484,38) (485,32) (486,32) (487,29) (488,26) (489,31) (490,33) (491,23) (492,15) (493,20) (494,23) (495,25) (496,22) (497,20) (498,20) (499,18) (500,20) (501,15) (502,26) (503,33) (504,30) (505,24) (506,19) (507,17) (508,11) (509,4) (510,0) (511,-3) (512,-4) (513,2) (514,1) (515,12) (516,13) (517,18) (518,14) (519,19) (520,18) (521,13) (522,22) (523,25) (524,23) (525,12) (526,6) (527,13) (528,13) (529,11) (530,10) (531,11) (532,4) (533,1) (534,-3) (535,-2) (536,-8) (537,-15) (538,-25) (539,-29) (540,-21) (541,-23) (542,-20) (543,-19) (544,-24) (545,-20) (546,-19) (547,-18) (548,-21) (549,-21) (550,-19) (551,-22) (552,-21) (553,-19) (554,-20) (555,-21) (556,-11) (557,-10) (558,-17) (559,-20) (560,-22) (561,-35) (562,-41) (563,-47) (564,-48) (565,-53) (566,-44) (567,-49) (568,-47) (569,-56) (570,-56) (571,-57) (572,-47) (573,-41) (574,-37) (575,-41) (576,-48) (577,-54) (578,-60) (579,-69) (580,-72) (581,-73) (582,-69) (583,-62) (584,-64) (585,-59) (586,-53) (587,-41) (588,-37) (589,-31) (590,-21) (591,-21) (592,-32) (593,-33) (594,-32) (595,-29) (596,-28) (597,-37) (598,-39) (599,-47) (600,-51) (601,-46) (602,-56) (603,-42) (604,-35) (605,-36) (606,-31) (607,-34) (608,-35) (609,-35) (610,-32) (611,-24) (612,-27) (613,-33) (614,-30) (615,-41) (616,-48) (617,-40) (618,-40) (619,-42) (620,-41) (621,-42) (622,-45) (623,-47) (624,-52) (625,-47) (626,-45) (627,-52) (628,-52) (629,-54) (630,-63) (631,-70) (632,-63) (633,-67) (634,-74) (635,-68) (636,-67) (637,-60) (638,-61) (639,-64) (640,-61) (641,-64) (642,-67) (643,-62) (644,-60) (645,-50) (646,-47) (647,-44) (648,-46) (649,-48) (650,-53) (651,-61) (652,-65) (653,-58) (654,-65) (655,-81) (656,-86) (657,-93) (658,-97) (659,-99) (660,-103) (661,-101) (662,-94) (663,-88) (664,-86) (665,-86) (666,-89) (667,-86) (668,-88) (669,-86) (670,-89) (671,-90) (672,-84) (673,-80) (674,-81) (675,-74) (676,-69) (677,-70) (678,-68) (679,-67) (680,-69) (681,-76) (682,-66) (683,-62) (684,-62) (685,-57) (686,-58) (687,-60) (688,-49) (689,-52) (690,-49) (691,-51) (692,-51) (693,-52) (694,-54) (695,-57) (696,-48) (697,-48) (698,-47) (699,-45) (700,-42) (701,-39) (702,-31) (703,-37) (704,-36) (705,-31) (706,-29) (707,-27) (708,-20) (709,-20) (710,-20) (711,-31) (712,-24) (713,-30) (714,-29) (715,-32) (716,-27) (717,-19) (718,-31) (719,-31) (720,-31) (721,-29) (722,-23) (723,-12) (724,-6) (725,-5) (726,-8) (727,-9) (728,-20) (729,-13) (730,-13) (731,-8) (732,-5) (733,0) (734,5) (735,4) (736,10) (737,13) (738,7) (739,-1) (740,4) (741,11) (742,13) (743,13) (744,14) (745,13) (746,13) (747,8) (748,17) (749,19) (750,23) (751,24) (752,21) (753,26) (754,26) (755,20) (756,24) (757,21) (758,21) (759,26) (760,31) (761,34) (762,43) (763,36) (764,41) (765,35) (766,36) (767,35) (768,33) (769,36) (770,43) (771,40) (772,40) (773,38) (774,39) (775,35) (776,38) (777,46) (778,46) (779,42) (780,37) (781,43) (782,40) (783,39) (784,33) (785,32) (786,40) (787,42) (788,51) (789,52) (790,46) (791,51) (792,36) (793,38) (794,29) (795,36) (796,38) (797,37) (798,38) (799,32) (800,28) (801,20) (802,29) (803,22) (804,24) (805,24) (806,31) (807,29) (808,26) (809,25) (810,19) (811,17) (812,18) (813,16) (814,19) (815,16) (816,20) (817,26) (818,25) (819,15) (820,7) (821,10) (822,9) (823,13) (824,11) (825,15) (826,12) (827,9) (828,13) (829,11) (830,13) (831,17) (832,11) (833,10) (834,21) (835,23) (836,21) (837,17) (838,12) (839,9) (840,8) (841,6) (842,18) (843,13) (844,15) (845,20) (846,20) (847,22) (848,20) (849,21) (850,24) (851,19) (852,27) (853,32) (854,42) (855,48) (856,37) (857,39) (858,39) (859,45) (860,38) (861,37) (862,36) (863,31) (864,26) (865,24) (866,27) (867,29) (868,35) (869,37) (870,43) (871,44) (872,43) (873,48) (874,47) (875,50) (876,54) (877,48) (878,51) (879,54) 
(999,-15) (884,67) (476,59) (18,20) (17,19) (15,17) (3,4) (0,-8) (883,66) (882,62) (880,61) (881,58) 
(999,-15) (884,67) (476,59) (18,20) (17,19) (15,17) (3,4) (0,-8) (998,-15) (997,-16) (895,57) (894,57) (885,59) (886,50) (887,56) (888,55) (889,54) (890,53) (891,52) (892,52) (893,55) 
(999,-15) (884,67) (476,59) (18,20) (17,19) (15,17) (3,4) (0,-8) (998,-15) (997,-16) (895,57) (894,57) 
(999,-15) (884,67) (476,59) (18,20) (17,19) (15,17) (3,4) (0,-8) (998,-15) (997,-16) (895,57) (996,-28) (993,-23) (896,47) (897,47) (898,42) (899,41) (900,46) (901,44) (902,39) (903,35) (904,44) (905,38) (906,36) (907,36) (908,37) (909,36) (910,43) (911,38) (912,39) (913,39) (914,38) (915,35) (916,29) (917,27) (918,23) (919,17) (920,20) (921,24) (922,20) (923,24) (924,12) (925,23) (926,31) (927,26) (928,19) (929,21) (930,22) (931,17) (932,11) (933,9) (934,-1) (935,-6) (936,-9) (937,-13) (938,-17) (939,-18) (940,-13) (941,-7) (942,-7) (943,-9) (944,-16) (945,-21) (946,-26) (947,-27) (948,-29) (949,-35) (950,-39) (951,-35) (952,-30) (953,-35) (954,-30) (955,-17) (956,-20) (957,-22) (958,-24) (959,-24) (960,-17) (961,-24) (962,-14) (963,-23) (964,-26) (965,-21) (966,-24) (967,-33) (968,-34) (969,-43) (970,-42) (971,-38) (972,-46) (973,-34) (974,-30) (975,-32) (976,-28) (977,-26) (978,-23) (979,-16) (980,-18) (981,-15) (982,-15) (983,-19) (984,-26) (985,-28) (986,-36) (987,-37) (988,-38) (989,-29) (990,-27) (991,-30) (992,-28) 
(999,-15) (884,67) (476,59) (18,20) (17,19) (15,17) (3,4) (0,-8) (998,-15) (997,-16) (895,57) (996,-28) (993,-23) (994,-26) (995,-31) 
TD 5 :
(999,-15) (884,67) (476,59) (18,20) (17,19) (15,17) (3,4) (0,-8) (14,14) (4,3) (13,12) (12,11) (5,4) (9,7) (8,5) (7,0) (6,-6) (10,7) (11,7) 
(999,-15) (884,67) (476,59) (18,20) (17,19) (15,17) (3,4) (0,-8) (998,-15) (997,-16) (895,57) (894,57) (893,55) (885,59) 
(999,-15) (884,67) (476,59) (18,20) (17,19) (15,17) (3,4) (0,-8) (998,-15) (997,-16) (895,57) (894,57) (893,55) (885,59) (886,50) (887,56) (888,55) (889,54) (890,53) (891,52) (892,52) 
(999,-15) (884,67) (476,59) (18,20) (17,19) (15,17) (3,4) (0,-8) (998,-15) (997,-16) (895,57) (894,57) (893,55) (885,59) 
(999,-15) (884,67) (476,59) (18,20) (17,19) (15,17) (3,4) (0,-8) (998,-15) (997,-16) (895,57) (996,-28) (993,-23) (982,-15) (926,31) (910,43) (896,47) (897,47) (898,42) (899,41) (900,46) (901,44) (902,39) (903,35) (904,44) (905,38) (906,36) (907,36) (908,37) (909,36) 
(999,-15) (884,67) (476,59) (18,20) (17,19) (15,17) (3,4) (0,-8) (998,-15) (997,-16) (895,57) (996,-28) (993,-23) (982,-15) (926,31) (910,43) (911,38) (912,39) (913,39) (914,38) (915,35) (916,29) (917,27) (918,23) (919,17) (920,20) (921,24) (922,20) (923,24) (924,12) (925,23) 
(999,-15) (884,67) (476,59) (18,20) (17,19) (15,17) (3,4) (0,-8) (998,-15) (997,-16) (895,57) (996,-28) (993,-23) (982,-15) (926,31) (910,43) (927,26) (928,19) (929,21) (930,22) (931,17) (932,11) (933,9) (934,-1) (935,-6) (936,-9) (937,-13) (938,-17) (939,-18) (940,-13) (941,-7) (942,-7) (943,-9) (944,-16) (945,-21) (946,-26) (947,-27) (948,-29) (949,-35) (950,-39) (951,-35) (952,-30) (953,-35) (954,-30) (955,-17) (956,-20) (957,-22) (958,-24) (959,-24) (960,-17) (961,-24) (962,-14) (963,-23) (964,-26) (965,-21) (966,-24) (967,-33) (968,-34) (969,-43) (970,-42) (971,-38) (972,-46) (973,-34) (974,-30) (975,-32) (976,-28) (977,-26) (978,-23) (979,-16) (980,-18) (981,-15) 
(999,-15) (884,67) (476,59) (18,20) (17,19) (15,17) (3,4) (0,-8) (998,-15) (997,-16) (895,57) (996,-28) (993,-23) (982,-15) (926,31) (910,43) (983,-19) (984,-26) (985,-28) (986,-36) (987,-37) (988,-38) (989,-29) (990,-27) (991,-30) (992,-28) 
(999,-15) (884,67) (476,59) (18,20) (17,19) (15,17) (3,4) (0,-8) (998,-15) (997,-16) (895,57) (996,-28) (993,-23) (995,-31) (994,-26) 
(999,-15) (884,67) (476,59) (18,20) (17,19) (15,17) (3,4) (0,-8) (998,-15) (997,-16) (895,57) (996,-28) (993,-23) (995,-31) (994,-26) 
TD 6 :
(999,-15) (884,67) (476,59) (18,20) (17,19) (15,17) (3,4) (0,-8) (14,14) (4,3) (13,12) (12,11) (5,4) (9,7) (8,5) (7,0) (6,-6) (10,7) (11,7) 
(999,-15) (884,67) (476,59) (18,20) (17,19) (15,17) (3,4) (0,-8) (998,-15) (997,-16) (895,57) (894,57) (893,55) (885,59) (887,56) (886,50) 
(999,-15) (884,67) (476,59) (18,20) (17,19) (15,17) (3,4) (0,-8) (998,-15) (997,-16) (895,57) (894,57) (893,55) (885,59) (887,56) (888,55) (889,54) (890,53) (891,52) (892,52) 
(999,-15) (884,67) (476,59) (18,20) (17,19) (15,17) (3,4) (0,-8) (998,-15) (997,-16) (895,57) (996,-28) (993,-23) (982,-15) (926,31) (910,43) (913,39) (911,38) (912,39) 
(999,-15) (884,67) (476,59) (18,20) (17,19) (15,17) (3,4) (0,-8) (998,-15) (997,-16) (895,57) (996,-28) (993,-23) (982,-15) (926,31) (910,43) (913,39) (914,38) (915,35) (916,29) (917,27) (918,23) (919,17) (920,20) (921,24) (922,20) (923,24) (924,12) (925,23) 
(999,-15) (884,67) (476,59) (18,20) (17,19) (15,17) (3,4) (0,-8) (998,-15) (997,-16) (895,57) (996,-28) (993,-23) (982,-15) (926,31) (910,43) (981,-15) (927,26) (928,19) (929,21) (930,22) (931,17) (932,11) (933,9) (934,-1) (935,-6) (936,-9) (937,-13) (938,-17) (939,-18) (940,-13) (941,-7) (942,-7) (943,-9) (944,-16) (945,-21) (946,-26) (947,-27) (948,-29) (949,-35) (950,-39) (951,-35) (952,-30) (953,-35) (954,-30) (955,-17) (956,-20) (957,-22) (958,-24) (959,-24) (960,-17) (961,-24) (962,-14) (963,-23) (964,-26) (965,-21) (966,-24) (967,-33) (968,-34) (969,-43) (970,-42) (971,-38) (972,-46) (973,-34) (974,-30) (975,-32) (976,-28) (977,-26) (978,-23) (979,-16) (980,-18) 
(999,-15) (884,67) (476,59) (18,20) (17,19) (15,17) (3,4) (0,-8) (998,-15) (997,-16) (895,57) (996,-28) (993,-23) (982,-15) (926,31) (910,43) (981,-15) 
(999,-15) (884,67) (476,59) (18,20) (17,19) (15,17) (3,4) (0,-8) (998,-15) (997,-16) (895,57) (996,-28) (993,-23) (982,-15) (926,31) (910,43) (992,-28) (983,-19) (984,-26) (985,-28) (986,-36) (987,-37) (988,-38) (989,-29) (990,-27) (991,-30) 
TD 7 :
(999,-15) (884,67) (476,59) (18,20) (17,19) (15,17) (3,4) (0,-8) (998,-15) (997,-16) (895,57) (894,57) (893,55) (885,59) (887,56) (888,55) 
(999,-15) (884,67) (476,59) (18,20) (17,19) (15,17) (3,4) (0,-8) (998,-15) (997,-16) (895,57) (894,57) (893,55) (885,59) (887,56) (888,55) (889,54) (890,53) (891,52) (892,52) 
(999,-15) (884,67) (476,59) (18,20) (17,19) (15,17) (3,4) (0,-8) (998,-15) (997,-16) (895,57) (996,-28) (993,-23) (982,-15) (926,31) (910,43) (913,39) (914,38) 
(999,-15) (884,67) (476,59) (18,20) (17,19) (15,17) (3,4) (0,-8) (998,-15) (997,-16) (895,57) (996,-28) (993,-23) (982,-15) (926,31) (910,43) (913,39) (914,38) (915,35) (916,29) (917,27) (918,23) (919,17) (920,20) (921,24) (922,20) (923,24) (924,12) (925,23) 
(999,-15) (884,67) (476,59) (18,20) (17,19) (15,17) (3,4) (0,-8) (998,-15) (997,-16) (895,57) (996,-28) (993,-23) (982,-15) (926,31) (910,43) (992,-28) (991,-30) (990,-27) (983,-19) 
(999,-15) (884,67) (476,59) (18,20) (17,19) (15,17) (3,4) (0,-8) (998,-15) (997,-16) (895,57) (996,-28) (993,-23) (982,-15) (926,31) (910,43) (992,-28) (991,-30) (990,-27) (983,-19) (984,-26) (985,-28) (986,-36) (987,-37) (988,-38) (989,-29) 
(999,-15) (884,67) (476,59) (18,20) (17,19) (15,17) (3,4) (0,-8) (998,-15) (997,-16) (895,57) (996,-28) (993,-23) (982,-15) (926,31) (910,43) (992,-28) (991,-30) (990,-27) (983,-19) 
TD 8 :
(999,-15) (884,67) (476,59) (18,20) (17,19) (15,17) (3,4) (0,-8) (998,-15) (997,-16) (895,57) (894,57) (893,55) (885,59) (887,56) (888,55) (889,54) 
(999,-15) (884,67) (476,59) (18,20) (17,19) (15,17) (3,4) (0,-8) (998,-15) (997,-16) (895,57) (894,57) (893,55) (885,59) (887,56) (888,55) (889,54) (890,53) (891,52) (892,52) 
(999,-15) (884,67) (476,59) (18,20) (17,19) (15,17) (3,4) (0,-8) (998,-15) (997,-16) (895,57) (996,-28) (993,-23) (982,-15) (926,31) (910,43) (992,-28) (991,-30) (990,-27) (983,-19) (989,-29) (984,-26) (985,-28) (986,-36) (987,-37) (988,-38) 
TD 9 :
(999,-15) (884,67) (476,59) (18,20) (17,19) (15,17) (3,4) (0,-8) (998,-15) (997,-16) (895,57) (894,57) (893,55) (885,59) (887,56) (888,55) (889,54) (892,52) (890,53) 
(999,-15) (884,67) (476,59) (18,20) (17,19) (15,17) (3,4) (0,-8) (998,-15) (997,-16) (895,57) (894,57) (893,55) (885,59) (887,56) (888,55) (889,54) (892,52) (890,53) (891,52) 
(999,-15) (884,67) (476,59) (18,20) (17,19) (15,17) (3,4) (0,-8) (998,-15) (997,-16) (895,57) (894,57) (893,55) (885,59) (887,56) (888,55) (889,54) (892,52) (890,53) 
(999,-15) (884,67) (476,59) (18,20) (17,19) (15,17) (3,4) (0,-8) (998,-15) (997,-16) (895,57) (996,-28) (993,-23) (982,-15) (926,31) (910,43) (992,-28) (991,-30) (990,-27) (983,-19) (989,-29) (988,-38) (985,-28) (984,-26) 
(999,-15) (884,67) (476,59) (18,20) (17,19) (15,17) (3,4) (0,-8) (998,-15) (997,-16) (895,57) (996,-28) (993,-23) (982,-15) (926,31) (910,43) (992,-28) (991,-30) (990,-27) (983,-19) (989,-29) (988,-38) (985,-28) (984,-26) 
(999,-15) (884,67) (476,59) (18,20) (17,19) (15,17) (3,4) (0,-8) (998,-15) (997,-16) (895,57) (996,-28) (993,-23) (982,-15) (926,31) (910,43) (992,-28) (991,-30) (990,-27) (983,-19) (989,-29) (988,-38) (985,-28) (984,-26) (986,-36) (987,-37) 
TD 10 :
(999,-15) (884,67) (476,59) (18,20) (17,19) (15,17) (3,4) (0,-8) (998,-15) (997,-16) (895,57) (894,57) (893,55) (885,59) (887,56) (888,55) (889,54) (892,52) (890,53) (891,52) 
(999,-15) (884,67) (476,59) (18,20) (17,19) (15,17) (3,4) (0,-8) (998,-15) (997,-16) (895,57) (894,57) (893,55) (885,59) (887,56) (888,55) (889,54) (892,52) (890,53) (891,52) 
(999,-15) (884,67) (476,59) (18,20) (17,19) (15,17) (3,4) (0,-8) (998,-15) (997,-16) (895,57) (996,-28) (993,-23) (982,-15) (926,31) (910,43) (992,-28) (991,-30) (990,-27) (983,-19) (989,-29) (988,-38) (985,-28) (984,-26) (987,-37) (986,-36) 
TD 11 :
(999,-15) (884,67) (476,59) (18,20) (17,19) (15,17) (3,4) (0,-8) (998,-15) (997,-16) (895,57) (996,-28) (993,-23) (982,-15) (926,31) (910,43) (992,-28) (991,-30) (990,-27) (983,-19) (989,-29) (988,-38) (985,-28) (984,-26) (987,-37) (986,-36) 
TD 12 :
TD 13 :
TD 14 :
TD 15 :
TD 16 :
TD 17 :
TD 18 :
TD 19 :
TD 20 :
TD 21 :
TD 22 :
TD 23 :
TD 24 :
TD 25 :
TD 26 :
TD 27 :
TD 28 :
TD 29 :
TD 30 :
TD 31 :
TD 32 :
TD 33 :
TD 34 :
TD 35 :
TD 36 :
TD 37 :
TD 38 :
TD 39 :
TD 40 :
TD 41 :
TD 42 :
TD 43 :
TD 44 :
TD 45 :
TD 46 :
TD 47 :
TD 48 :
TD 49 :
TD 50 :
TD 51 :
TD 52 :
TD 53 :
TD 54 :
TD 55 :
TD 56 :
TD 57 :
TD 58 :
TD 59 :
TD 60 :
TD 61 :
TD 62 :
TD 63 :
TD 64 :
TD 65 :
TD 66 :
TD 67 :
TD 68 :
TD 69 :
TD 70 :
TD 71 :
TD 72 :
TD 73 :
TD 74 :
TD 75 :
TD 76 :
TD 77 :
TD 78 :
TD 79 :
TD 80 :
TD 81 :
TD 82 :
TD 83 :
TD 84 :
TD 85 :
TD 86 :
TD 87 :
TD 88 :
TD 89 :
TD 90 :
TD 91 :
TD 92 :
TD 93 :
Pocket 0 :
()
Pocket 1 :
({  (0,-8) ,(1,-11) } {  (2,-3) ,(3,4) } {  (0,-8) ,(1,-11) } {  (2,-3) ,(3,4) } {  (0,-8) ,(1,-11) } {  (2,-3) ,(3,4) } {  (0,-8) ,(1,-11) } {  (2,-3) ,(3,4) } {  (0,-8) ,(1,-11) } {  (2,-3) ,(3,4) } {  (0,-8) ,(1,-11) } {  (2,-3) ,(3,4) } {  (0,-8) ,(1,-11) } {  (2,-3) ,(3,4) } )
Pocket 2 :
({  (1,-11) ,(0,-8) } {  (999,-15) ,(2,-3) } {  (1,-11) ,(0,-8) } {  (999,-15) ,(2,-3) } {  (5,4) ,(4,3) } {  (5,4) ,(4,3) } {  (5,4) ,(4,3) } {  (999,-15) ,(16,16) } {  (999,-15) ,(16,16) } {  (474,55) ,(473,58) } {  (474,55) ,(473,58) } {  (999,-15) ,(883,66) } {  (999,-15) ,(883,66) } {  (999,-15) ,(998,-15) } )
Pocket 3 :
({  (5,4) ,(4,3) } {  (13,12) ,(12,11) } {  (5,4) ,(4,3) } {  (13,12) ,(12,11) } {  (5,4) ,(4,3) } {  (13,12) ,(12,11) } {  (20,7) ,(19,13) } {  (20,7) ,(19,13) } {  (999,-15) ,(475,58) } {  (999,-15) ,(475,58) } {  (999,-15) ,(882,62) } {  (999,-15) ,(882,62) } {  (896,47) ,(895,57) } {  (896,47) ,(895,57) } )
Pocket 4 :
({  (6,-6) ,(5,4) } {  (8,5) ,(7,0) } {  (6,-6) ,(5,4) } {  (8,5) ,(7,0) } {  (6,-6) ,(5,4) } {  (8,5) ,(7,0) } {  (6,-6) ,(5,4) } {  (8,5) ,(7,0) } {  (421,48) ,(420,52) } {  (421,48) ,(420,52) } {  (421,48) ,(420,52) } {  (881,58) ,(880,61) } {  (881,58) ,(880,61) } {  (999,-15) ,(894,57) } {  (999,-15) ,(894,57) } {  (994,-26) ,(993,-23) } {  (994,-26) ,(993,-23) } )
Pocket 5 :
({  (10,7) ,(6,-6) } {  (886,50) ,(885,59) } {  (886,50) ,(885,59) } {  (886,50) ,(885,59) } {  (911,38) ,(910,43) } {  (911,38) ,(910,43) } {  (911,38) ,(910,43) } {  (911,38) ,(910,43) } {  (995,-31) ,(994,-26) } {  (995,-31) ,(994,-26) } )
Pocket 6 :
({  (11,7) ,(10,7) } {  (888,55) ,(887,56) } {  (888,55) ,(887,56) } {  (914,38) ,(913,39) } {  (914,38) ,(913,39) } {  (999,-15) ,(981,-15) } {  (999,-15) ,(981,-15) } {  (999,-15) ,(992,-28) } )
Pocket 7 :
({  (889,54) ,(888,55) } {  (889,54) ,(888,55) } {  (915,35) ,(914,38) } {  (915,35) ,(914,38) } {  (984,-26) ,(983,-19) } {  (984,-26) ,(983,-19) } {  (984,-26) ,(983,-19) } )
Pocket 8 :
({  (890,53) ,(889,54) } {  (890,53) ,(889,54) } {  (999,-15) ,(989,-29) } )
Pocket 9 :
({  (891,52) ,(890,53) } {  (891,52) ,(890,53) } {  (891,52) ,(890,53) } {  (985,-28) ,(984,-26) } {  (985,-28) ,(984,-26) } {  (985,-28) ,(984,-26) } )
Pocket 10 :
({  (999,-15) ,(891,52) } {  (999,-15) ,(891,52) } {  (999,-15) ,(987,-37) } )
Pocket 11 :
({  (999,-15) ,(986,-36) } )
Pocket 12 :
()
Pocket 13 :
()
Pocket 14 :
()
Pocket 15 :
()
Pocket 16 :
()
Pocket 17 :
()
Pocket 18 :
()
Pocket 19 :
()
Pocket 20 :
()
Pocket 21 :
()
Pocket 22 :
()
Pocket 23 :
()
Pocket 24 :
()
Pocket 25 :
()
Pocket 26 :
()
Pocket 27 :
()
Pocket 28 :
()
Pocket 29 :
()
Pocket 30 :
()
Pocket 31 :
()
Pocket 32 :
()
Pocket 33 :
()
Pocket 34 :
()
Pocket 35 :
()
Pocket 36 :
()
Pocket 37 :
()
Pocket 38 :
()
Pocket 39 :
()
Pocket 40 :
()
Pocket 41 :
()
Pocket 42 :
()
Pocket 43 :
()
Pocket 44 :
()
Pocket 45 :
()
Pocket 46 :
()
Pocket 47 :
()
Pocket 48 :
()
Pocket 49 :
()
Pocket 50 :
()
Pocket 51 :
()
Pocket 52 :
()
Pocket 53 :
()
Pocket 54 :
()
Pocket 55 :
()
Pocket 56 :
()
Pocket 57 :
()
Pocket 58 :
()
Pocket 59 :
()
Pocket 60 :
()
Pocket 61 :
()
Pocket 62 :
()
Pocket 63 :
()
Pocket 64 :
()
Pocket 65 :
()
Pocket 66 :
()
Pocket 67 :
()
Pocket 68 :
()
Pocket 69 :
()
Pocket 70 :
()
Pocket 71 :
()
Pocket 72 :
()
Pocket 73 :
()
Pocket 74 :
()
Pocket 75 :
()
Pocket 76 :
()
Pocket 77 :
()
Pocket 78 :
()
Pocket 79 :
()
Pocket 80 :
()
Pocket 81 :
()
Pocket 82 :
()
Pocket 83 :
()
Pocket 84 :
()
Pocket 85 :
()
Pocket 86 :
()
Pocket 87 :
()
Pocket 88 :
()
Pocket 89 :
()
Pocket 90 :
()
Pocket 91 :
()
Pocket 92 :
()
