20 layers in onion peeling: 
Layer 1
(99,25) (86,27) (18,9) (2,3) (1,2) (0,0) 
Layer 2
(98,23) (89,26) (85,26) (84,26) (83,26) (19,9) (3,3) 
Layer 3
(97,20) (92,24) (88,25) (82,24) (20,8) (14,6) (4,2) 
Layer 4
(96,20) (93,23) (90,24) (87,24) (81,23) (21,8) (15,6) (5,2) 
Layer 5
(95,20) (91,23) (79,22) (16,6) (8,3) (7,2) (6,1) 
Layer 6
(94,19) (80,21) (17,5) (9,2) 
Layer 7
(78,19) (22,6) (13,3) (10,0) 
Layer 8
(77,17) (24,5) (12,1) (11,0) 
Layer 9
(76,13) (73,13) (58,11) (23,4) 
Layer 10
(75,12) (74,12) (25,4) 
Layer 11
(72,11) (59,9) (28,4) (27,3) (26,1) 
Layer 12
(71,10) (60,9) (29,2) 
Layer 13
(70,9) (69,9) (68,9) (65,9) (62,9) (61,9) (30,2) 
Layer 14
(67,8) (66,8) (57,8) (31,2) 
Layer 15
(64,7) (63,7) (56,7) (51,6) (36,3) (32,2) 
Layer 16
(55,5) (53,6) (52,6) (35,2) (33,1) 
Layer 17
(54,5) (37,2) (34,1) 
Layer 18
(50,2) (49,2) (38,2) 
Layer 19
(48,0) (47,1) (46,1) (45,1) (40,-1) (39,-2) 
Layer 20
(44,-1) (43,-2) (42,-3) (41,-4) 
---------------------------------------------------------------------------------------
TD 0 :
(99,25) (98,23) (97,20) (96,20) (95,20) (94,19) (93,23) (92,24) (91,23) (90,24) (89,26) (88,25) (87,24) (86,27) (85,26) (84,26) (83,26) (82,24) (81,23) (80,21) (79,22) (78,19) (77,17) (76,13) (75,12) (74,12) (73,13) (72,11) (71,10) (70,9) (69,9) (68,9) (67,8) (66,8) (65,9) (64,7) (63,7) (62,9) (61,9) (60,9) (59,9) (58,11) (57,8) (56,7) (55,5) (54,5) (53,6) (52,6) (51,6) (50,2) (49,2) (48,0) (47,1) (46,1) (45,1) (44,-1) (43,-2) (42,-3) (41,-4) (40,-1) (39,-2) (38,2) (37,2) (36,3) (35,2) (34,1) (33,1) (32,2) (31,2) (30,2) (29,2) (28,4) (27,3) (26,1) (25,4) (24,5) (23,4) (22,6) (21,8) (20,8) (19,9) (18,9) (17,5) (16,6) (15,6) (14,6) (13,3) (12,1) (11,0) (10,0) (9,2) (8,3) (7,2) (6,1) (5,2) (4,2) (3,3) (2,3) (1,2) (0,0) 
TD 1 :
(99,25) (86,27) (18,9) (2,3) (1,2) (0,0) 
(99,25) (86,27) (18,9) (2,3) (1,2) (0,0) 
(99,25) (86,27) (18,9) (2,3) (1,2) (0,0) (3,3) (4,2) (5,2) (6,1) (7,2) (8,3) (9,2) (10,0) (11,0) (12,1) (13,3) (14,6) (15,6) (16,6) (17,5) 
(99,25) (86,27) (18,9) (2,3) (1,2) (0,0) (19,9) (20,8) (21,8) (22,6) (23,4) (24,5) (25,4) (26,1) (27,3) (28,4) (29,2) (30,2) (31,2) (32,2) (33,1) (34,1) (35,2) (36,3) (37,2) (38,2) (39,-2) (40,-1) (41,-4) (42,-3) (43,-2) (44,-1) (45,1) (46,1) (47,1) (48,0) (49,2) (50,2) (51,6) (52,6) (53,6) (54,5) (55,5) (56,7) (57,8) (58,11) (59,9) (60,9) (61,9) (62,9) (63,7) (64,7) (65,9) (66,8) (67,8) (68,9) (69,9) (70,9) (71,10) (72,11) (73,13) (74,12) (75,12) (76,13) (77,17) (78,19) (79,22) (80,21) (81,23) (82,24) (83,26) (84,26) (85,26) 
(99,25) (86,27) (18,9) (2,3) (1,2) (0,0) (87,24) (88,25) (89,26) (90,24) (91,23) (92,24) (93,23) (94,19) (95,20) (96,20) (97,20) (98,23) 
TD 2 :
(99,25) (86,27) (18,9) (2,3) (1,2) (0,0) (3,3) (4,2) (5,2) (6,1) (7,2) (8,3) (9,2) (10,0) (11,0) (12,1) (13,3) (14,6) (15,6) (16,6) (17,5) 
(99,25) (86,27) (18,9) (2,3) (1,2) (0,0) (85,26) (84,26) (83,26) (19,9) 
(99,25) (86,27) (18,9) (2,3) (1,2) (0,0) (85,26) (84,26) (83,26) (19,9) (20,8) (21,8) (22,6) (23,4) (24,5) (25,4) (26,1) (27,3) (28,4) (29,2) (30,2) (31,2) (32,2) (33,1) (34,1) (35,2) (36,3) (37,2) (38,2) (39,-2) (40,-1) (41,-4) (42,-3) (43,-2) (44,-1) (45,1) (46,1) (47,1) (48,0) (49,2) (50,2) (51,6) (52,6) (53,6) (54,5) (55,5) (56,7) (57,8) (58,11) (59,9) (60,9) (61,9) (62,9) (63,7) (64,7) (65,9) (66,8) (67,8) (68,9) (69,9) (70,9) (71,10) (72,11) (73,13) (74,12) (75,12) (76,13) (77,17) (78,19) (79,22) (80,21) (81,23) (82,24) 
(99,25) (86,27) (18,9) (2,3) (1,2) (0,0) (85,26) (84,26) (83,26) (19,9) 
(99,25) (86,27) (18,9) (2,3) (1,2) (0,0) (85,26) (84,26) (83,26) (19,9) 
(99,25) (86,27) (18,9) (2,3) (1,2) (0,0) (85,26) (84,26) (83,26) (19,9) 
(99,25) (86,27) (18,9) (2,3) (1,2) (0,0) (98,23) (89,26) (87,24) (88,25) 
(99,25) (86,27) (18,9) (2,3) (1,2) (0,0) (98,23) (89,26) (90,24) (91,23) (92,24) (93,23) (94,19) (95,20) (96,20) (97,20) 
TD 3 :
(99,25) (86,27) (18,9) (2,3) (1,2) (0,0) (3,3) (14,6) (4,2) (5,2) (6,1) (7,2) (8,3) (9,2) (10,0) (11,0) (12,1) (13,3) 
(99,25) (86,27) (18,9) (2,3) (1,2) (0,0) (3,3) (14,6) (4,2) (15,6) (16,6) (17,5) 
(99,25) (86,27) (18,9) (2,3) (1,2) (0,0) (85,26) (84,26) (83,26) (19,9) (82,24) (20,8) 
(99,25) (86,27) (18,9) (2,3) (1,2) (0,0) (85,26) (84,26) (83,26) (19,9) (82,24) (20,8) (21,8) (22,6) (23,4) (24,5) (25,4) (26,1) (27,3) (28,4) (29,2) (30,2) (31,2) (32,2) (33,1) (34,1) (35,2) (36,3) (37,2) (38,2) (39,-2) (40,-1) (41,-4) (42,-3) (43,-2) (44,-1) (45,1) (46,1) (47,1) (48,0) (49,2) (50,2) (51,6) (52,6) (53,6) (54,5) (55,5) (56,7) (57,8) (58,11) (59,9) (60,9) (61,9) (62,9) (63,7) (64,7) (65,9) (66,8) (67,8) (68,9) (69,9) (70,9) (71,10) (72,11) (73,13) (74,12) (75,12) (76,13) (77,17) (78,19) (79,22) (80,21) (81,23) 
(99,25) (86,27) (18,9) (2,3) (1,2) (0,0) (85,26) (84,26) (83,26) (19,9) (82,24) (20,8) 
(99,25) (86,27) (18,9) (2,3) (1,2) (0,0) (98,23) (89,26) (88,25) (87,24) 
(99,25) (86,27) (18,9) (2,3) (1,2) (0,0) (98,23) (89,26) (88,25) 
(99,25) (86,27) (18,9) (2,3) (1,2) (0,0) (98,23) (89,26) (97,20) (92,24) (90,24) (91,23) 
(99,25) (86,27) (18,9) (2,3) (1,2) (0,0) (98,23) (89,26) (97,20) (92,24) (93,23) (94,19) (95,20) (96,20) 
TD 4 :
(99,25) (86,27) (18,9) (2,3) (1,2) (0,0) (3,3) (14,6) (4,2) (5,2) (6,1) (7,2) (8,3) (9,2) (10,0) (11,0) (12,1) (13,3) 
(99,25) (86,27) (18,9) (2,3) (1,2) (0,0) (3,3) (14,6) (4,2) (15,6) 
(99,25) (86,27) (18,9) (2,3) (1,2) (0,0) (3,3) (14,6) (4,2) (15,6) (16,6) (17,5) 
(99,25) (86,27) (18,9) (2,3) (1,2) (0,0) (85,26) (84,26) (83,26) (19,9) (82,24) (20,8) (81,23) (21,8) 
(99,25) (86,27) (18,9) (2,3) (1,2) (0,0) (85,26) (84,26) (83,26) (19,9) (82,24) (20,8) (81,23) (21,8) (22,6) (23,4) (24,5) (25,4) (26,1) (27,3) (28,4) (29,2) (30,2) (31,2) (32,2) (33,1) (34,1) (35,2) (36,3) (37,2) (38,2) (39,-2) (40,-1) (41,-4) (42,-3) (43,-2) (44,-1) (45,1) (46,1) (47,1) (48,0) (49,2) (50,2) (51,6) (52,6) (53,6) (54,5) (55,5) (56,7) (57,8) (58,11) (59,9) (60,9) (61,9) (62,9) (63,7) (64,7) (65,9) (66,8) (67,8) (68,9) (69,9) (70,9) (71,10) (72,11) (73,13) (74,12) (75,12) (76,13) (77,17) (78,19) (79,22) (80,21) 
(99,25) (86,27) (18,9) (2,3) (1,2) (0,0) (85,26) (84,26) (83,26) (19,9) (82,24) (20,8) (81,23) (21,8) 
(99,25) (86,27) (18,9) (2,3) (1,2) (0,0) (98,23) (89,26) (88,25) (87,24) 
(99,25) (86,27) (18,9) (2,3) (1,2) (0,0) (98,23) (89,26) (88,25) (87,24) 
(99,25) (86,27) (18,9) (2,3) (1,2) (0,0) (98,23) (89,26) (97,20) (92,24) (90,24) 
(99,25) (86,27) (18,9) (2,3) (1,2) (0,0) (98,23) (89,26) (97,20) (92,24) (90,24) (91,23) 
(99,25) (86,27) (18,9) (2,3) (1,2) (0,0) (98,23) (89,26) (97,20) (92,24) (96,20) (93,23) 
(99,25) (86,27) (18,9) (2,3) (1,2) (0,0) (98,23) (89,26) (97,20) (92,24) (96,20) (93,23) (94,19) (95,20) 
TD 5 :
(99,25) (86,27) (18,9) (2,3) (1,2) (0,0) (3,3) (14,6) (4,2) (5,2) (8,3) (7,2) (6,1) 
(99,25) (86,27) (18,9) (2,3) (1,2) (0,0) (3,3) (14,6) (4,2) (5,2) (8,3) (7,2) (6,1) 
(99,25) (86,27) (18,9) (2,3) (1,2) (0,0) (3,3) (14,6) (4,2) (5,2) (8,3) (7,2) (6,1) (9,2) (10,0) (11,0) (12,1) (13,3) 
(99,25) (86,27) (18,9) (2,3) (1,2) (0,0) (3,3) (14,6) (4,2) (15,6) (16,6) 
(99,25) (86,27) (18,9) (2,3) (1,2) (0,0) (3,3) (14,6) (4,2) (15,6) (16,6) (17,5) 
(99,25) (86,27) (18,9) (2,3) (1,2) (0,0) (85,26) (84,26) (83,26) (19,9) (82,24) (20,8) (81,23) (21,8) (79,22) (22,6) (23,4) (24,5) (25,4) (26,1) (27,3) (28,4) (29,2) (30,2) (31,2) (32,2) (33,1) (34,1) (35,2) (36,3) (37,2) (38,2) (39,-2) (40,-1) (41,-4) (42,-3) (43,-2) (44,-1) (45,1) (46,1) (47,1) (48,0) (49,2) (50,2) (51,6) (52,6) (53,6) (54,5) (55,5) (56,7) (57,8) (58,11) (59,9) (60,9) (61,9) (62,9) (63,7) (64,7) (65,9) (66,8) (67,8) (68,9) (69,9) (70,9) (71,10) (72,11) (73,13) (74,12) (75,12) (76,13) (77,17) (78,19) 
(99,25) (86,27) (18,9) (2,3) (1,2) (0,0) (85,26) (84,26) (83,26) (19,9) (82,24) (20,8) (81,23) (21,8) (79,22) (80,21) 
(99,25) (86,27) (18,9) (2,3) (1,2) (0,0) (98,23) (89,26) (97,20) (92,24) (90,24) (91,23) 
(99,25) (86,27) (18,9) (2,3) (1,2) (0,0) (98,23) (89,26) (97,20) (92,24) (90,24) (91,23) 
(99,25) (86,27) (18,9) (2,3) (1,2) (0,0) (98,23) (89,26) (97,20) (92,24) (96,20) (93,23) (95,20) (94,19) 
TD 6 :
(99,25) (86,27) (18,9) (2,3) (1,2) (0,0) (3,3) (14,6) (4,2) (5,2) (8,3) (7,2) (6,1) (9,2) (10,0) (11,0) (12,1) (13,3) 
(99,25) (86,27) (18,9) (2,3) (1,2) (0,0) (3,3) (14,6) (4,2) (15,6) (16,6) (17,5) 
(99,25) (86,27) (18,9) (2,3) (1,2) (0,0) (3,3) (14,6) (4,2) (15,6) (16,6) (17,5) 
(99,25) (86,27) (18,9) (2,3) (1,2) (0,0) (85,26) (84,26) (83,26) (19,9) (82,24) (20,8) (81,23) (21,8) (79,22) (80,21) 
(99,25) (86,27) (18,9) (2,3) (1,2) (0,0) (85,26) (84,26) (83,26) (19,9) (82,24) (20,8) (81,23) (21,8) (79,22) (80,21) 
(99,25) (86,27) (18,9) (2,3) (1,2) (0,0) (98,23) (89,26) (97,20) (92,24) (96,20) (93,23) (95,20) (94,19) 
TD 7 :
(99,25) (86,27) (18,9) (2,3) (1,2) (0,0) (3,3) (14,6) (4,2) (5,2) (8,3) (7,2) (6,1) (9,2) (13,3) (10,0) (11,0) (12,1) 
(99,25) (86,27) (18,9) (2,3) (1,2) (0,0) (3,3) (14,6) (4,2) (5,2) (8,3) (7,2) (6,1) (9,2) (13,3) (10,0) 
TD 8 :
(99,25) (86,27) (18,9) (2,3) (1,2) (0,0) (3,3) (14,6) (4,2) (5,2) (8,3) (7,2) (6,1) (9,2) (13,3) (10,0) (12,1) (11,0) 
(99,25) (86,27) (18,9) (2,3) (1,2) (0,0) (3,3) (14,6) (4,2) (5,2) (8,3) (7,2) (6,1) (9,2) (13,3) (10,0) (12,1) (11,0) 
TD 9 :
TD 10 :
TD 11 :
TD 12 :
TD 13 :
TD 14 :
TD 15 :
TD 16 :
TD 17 :
TD 18 :
TD 19 :
TD 20 :
Pocket 0 :
()
Pocket 1 :
({  (0,0) ,(1,2) } {  (0,0) ,(1,2) } {  (0,0) ,(1,2) } {  (0,0) ,(1,2) } {  (0,0) ,(1,2) } {  (0,0) ,(1,2) } {  (0,0) ,(1,2) } {  (0,0) ,(1,2) } {  (0,0) ,(1,2) } {  (0,0) ,(1,2) } )
Pocket 2 :
({  (3,3) ,(0,0) } {  (20,8) ,(19,9) } {  (20,8) ,(19,9) } {  (20,8) ,(19,9) } {  (20,8) ,(19,9) } {  (20,8) ,(19,9) } {  (90,24) ,(89,26) } {  (90,24) ,(89,26) } )
Pocket 3 :
({  (4,2) ,(3,3) } {  (15,6) ,(14,6) } {  (4,2) ,(3,3) } {  (15,6) ,(14,6) } {  (21,8) ,(20,8) } {  (21,8) ,(20,8) } {  (21,8) ,(20,8) } {  (99,25) ,(88,25) } {  (99,25) ,(88,25) } {  (93,23) ,(92,24) } {  (93,23) ,(92,24) } )
Pocket 4 :
({  (5,2) ,(4,2) } {  (16,6) ,(15,6) } {  (16,6) ,(15,6) } {  (22,6) ,(21,8) } {  (22,6) ,(21,8) } {  (22,6) ,(21,8) } {  (99,25) ,(87,24) } {  (99,25) ,(87,24) } {  (91,23) ,(90,24) } {  (91,23) ,(90,24) } {  (94,19) ,(93,23) } {  (94,19) ,(93,23) } )
Pocket 5 :
({  (6,1) ,(5,2) } {  (8,3) ,(7,2) } {  (6,1) ,(5,2) } {  (8,3) ,(7,2) } {  (6,1) ,(5,2) } {  (8,3) ,(7,2) } {  (17,5) ,(16,6) } {  (17,5) ,(16,6) } {  (80,21) ,(79,22) } {  (80,21) ,(79,22) } {  (99,25) ,(91,23) } {  (99,25) ,(91,23) } {  (99,25) ,(95,20) } )
Pocket 6 :
({  (9,2) ,(6,1) } {  (99,25) ,(17,5) } {  (99,25) ,(17,5) } {  (99,25) ,(80,21) } {  (99,25) ,(80,21) } {  (99,25) ,(94,19) } )
Pocket 7 :
({  (10,0) ,(9,2) } {  (99,25) ,(13,3) } {  (10,0) ,(9,2) } {  (99,25) ,(13,3) } )
Pocket 8 :
({  (11,0) ,(10,0) } {  (99,25) ,(12,1) } {  (11,0) ,(10,0) } {  (99,25) ,(12,1) } )
Pocket 9 :
()
Pocket 10 :
()
Pocket 11 :
()
Pocket 12 :
()
Pocket 13 :
()
Pocket 14 :
()
Pocket 15 :
()
Pocket 16 :
()
Pocket 17 :
()
Pocket 18 :
()
Pocket 19 :
()
