13 layers in onion peeling: 
Layer 1
(99,0) (98,1) (96,2) (58,10) (57,10) (55,10) (54,10) (24,8) (6,4) (4,3) (0,0) 
Layer 2
(97,0) (95,2) (59,9) (56,9) (25,8) (7,4) (5,3) (3,2) (2,1) (1,-2) 
Layer 3
(94,2) (62,8) (52,8) (29,7) (8,4) 
Layer 4
(93,2) (63,7) (61,7) (60,7) (53,7) (26,6) (9,4) 
Layer 5
(92,1) (65,5) (43,6) (42,6) (41,6) (38,6) (37,6) (36,6) (27,6) (11,3) (10,2) 
Layer 6
(91,-1) (88,0) (70,4) (64,5) (47,5) (44,5) (40,5) (35,5) (30,5) (28,5) (23,5) (12,1) 
Layer 7
(90,-1) (69,4) (67,4) (66,4) (51,4) (50,4) (49,4) (48,4) (46,4) (45,4) (39,4) (21,4) (18,3) (13,1) 
Layer 8
(89,-1) (68,3) (32,3) (31,3) (22,3) (20,3) (14,0) 
Layer 9
(87,-2) (72,2) (71,2) (34,2) (33,2) (17,1) (15,0) 
Layer 10
(86,-5) (79,-3) (19,1) (16,-1) 
Layer 11
(85,-7) (80,-5) (73,-3) 
Layer 12
(84,-9) (83,-8) (82,-7) (81,-6) (74,-4) 
Layer 13
(78,-6) (76,-5) (75,-5) 
---------------------------------------------------------------------------------------
TD 0 :
(99,0) (98,1) (97,0) (96,2) (95,2) (94,2) (93,2) (92,1) (91,-1) (90,-1) (89,-1) (88,0) (87,-2) (86,-5) (85,-7) (84,-9) (83,-8) (82,-7) (81,-6) (80,-5) (79,-3) (78,-6) (77,-6) (76,-5) (75,-5) (74,-4) (73,-3) (72,2) (71,2) (70,4) (69,4) (68,3) (67,4) (66,4) (65,5) (64,5) (63,7) (62,8) (61,7) (60,7) (59,9) (58,10) (57,10) (56,9) (55,10) (54,10) (53,7) (52,8) (51,4) (50,4) (49,4) (48,4) (47,5) (46,4) (45,4) (44,5) (43,6) (42,6) (41,6) (40,5) (39,4) (38,6) (37,6) (36,6) (35,5) (34,2) (33,2) (32,3) (31,3) (30,5) (29,7) (28,5) (27,6) (26,6) (25,8) (24,8) (23,5) (22,3) (21,4) (20,3) (19,1) (18,3) (17,1) (16,-1) (15,0) (14,0) (13,1) (12,1) (11,3) (10,2) (9,4) (8,4) (7,4) (6,4) (5,3) (4,3) (3,2) (2,1) (1,-2) (0,0) 
TD 1 :
(99,0) (98,1) (96,2) (58,10) (57,10) (55,10) (54,10) (24,8) (6,4) (4,3) (0,0) (1,-2) (2,1) (3,2) 
(99,0) (98,1) (96,2) (58,10) (57,10) (55,10) (54,10) (24,8) (6,4) (4,3) (0,0) (5,3) 
(99,0) (98,1) (96,2) (58,10) (57,10) (55,10) (54,10) (24,8) (6,4) (4,3) (0,0) (7,4) (8,4) (9,4) (10,2) (11,3) (12,1) (13,1) (14,0) (15,0) (16,-1) (17,1) (18,3) (19,1) (20,3) (21,4) (22,3) (23,5) 
(99,0) (98,1) (96,2) (58,10) (57,10) (55,10) (54,10) (24,8) (6,4) (4,3) (0,0) (25,8) (26,6) (27,6) (28,5) (29,7) (30,5) (31,3) (32,3) (33,2) (34,2) (35,5) (36,6) (37,6) (38,6) (39,4) (40,5) (41,6) (42,6) (43,6) (44,5) (45,4) (46,4) (47,5) (48,4) (49,4) (50,4) (51,4) (52,8) (53,7) 
(99,0) (98,1) (96,2) (58,10) (57,10) (55,10) (54,10) (24,8) (6,4) (4,3) (0,0) 
(99,0) (98,1) (96,2) (58,10) (57,10) (55,10) (54,10) (24,8) (6,4) (4,3) (0,0) (56,9) 
(99,0) (98,1) (96,2) (58,10) (57,10) (55,10) (54,10) (24,8) (6,4) (4,3) (0,0) 
(99,0) (98,1) (96,2) (58,10) (57,10) (55,10) (54,10) (24,8) (6,4) (4,3) (0,0) (59,9) (60,7) (61,7) (62,8) (63,7) (64,5) (65,5) (66,4) (67,4) (68,3) (69,4) (70,4) (71,2) (72,2) (73,-3) (74,-4) (75,-5) (76,-5) (77,-6) (78,-6) (79,-3) (80,-5) (81,-6) (82,-7) (83,-8) (84,-9) (85,-7) (86,-5) (87,-2) (88,0) (89,-1) (90,-1) (91,-1) (92,1) (93,2) (94,2) (95,2) 
(99,0) (98,1) (96,2) (58,10) (57,10) (55,10) (54,10) (24,8) (6,4) (4,3) (0,0) (97,0) 
(99,0) (98,1) (96,2) (58,10) (57,10) (55,10) (54,10) (24,8) (6,4) (4,3) (0,0) 
TD 2 :
(99,0) (98,1) (96,2) (58,10) (57,10) (55,10) (54,10) (24,8) (6,4) (4,3) (0,0) (3,2) (2,1) (1,-2) 
(99,0) (98,1) (96,2) (58,10) (57,10) (55,10) (54,10) (24,8) (6,4) (4,3) (0,0) (3,2) (2,1) (1,-2) 
(99,0) (98,1) (96,2) (58,10) (57,10) (55,10) (54,10) (24,8) (6,4) (4,3) (0,0) (3,2) (2,1) (1,-2) 
(99,0) (98,1) (96,2) (58,10) (57,10) (55,10) (54,10) (24,8) (6,4) (4,3) (0,0) (5,3) 
(99,0) (98,1) (96,2) (58,10) (57,10) (55,10) (54,10) (24,8) (6,4) (4,3) (0,0) (5,3) 
(99,0) (98,1) (96,2) (58,10) (57,10) (55,10) (54,10) (24,8) (6,4) (4,3) (0,0) (7,4) 
(99,0) (98,1) (96,2) (58,10) (57,10) (55,10) (54,10) (24,8) (6,4) (4,3) (0,0) (7,4) (8,4) (9,4) (10,2) (11,3) (12,1) (13,1) (14,0) (15,0) (16,-1) (17,1) (18,3) (19,1) (20,3) (21,4) (22,3) (23,5) 
(99,0) (98,1) (96,2) (58,10) (57,10) (55,10) (54,10) (24,8) (6,4) (4,3) (0,0) (25,8) 
(99,0) (98,1) (96,2) (58,10) (57,10) (55,10) (54,10) (24,8) (6,4) (4,3) (0,0) (25,8) (26,6) (27,6) (28,5) (29,7) (30,5) (31,3) (32,3) (33,2) (34,2) (35,5) (36,6) (37,6) (38,6) (39,4) (40,5) (41,6) (42,6) (43,6) (44,5) (45,4) (46,4) (47,5) (48,4) (49,4) (50,4) (51,4) (52,8) (53,7) 
(99,0) (98,1) (96,2) (58,10) (57,10) (55,10) (54,10) (24,8) (6,4) (4,3) (0,0) (56,9) 
(99,0) (98,1) (96,2) (58,10) (57,10) (55,10) (54,10) (24,8) (6,4) (4,3) (0,0) (56,9) 
(99,0) (98,1) (96,2) (58,10) (57,10) (55,10) (54,10) (24,8) (6,4) (4,3) (0,0) (95,2) (59,9) 
(99,0) (98,1) (96,2) (58,10) (57,10) (55,10) (54,10) (24,8) (6,4) (4,3) (0,0) (95,2) (59,9) (60,7) (61,7) (62,8) (63,7) (64,5) (65,5) (66,4) (67,4) (68,3) (69,4) (70,4) (71,2) (72,2) (73,-3) (74,-4) (75,-5) (76,-5) (77,-6) (78,-6) (79,-3) (80,-5) (81,-6) (82,-7) (83,-8) (84,-9) (85,-7) (86,-5) (87,-2) (88,0) (89,-1) (90,-1) (91,-1) (92,1) (93,2) (94,2) 
(99,0) (98,1) (96,2) (58,10) (57,10) (55,10) (54,10) (24,8) (6,4) (4,3) (0,0) (95,2) (59,9) 
(99,0) (98,1) (96,2) (58,10) (57,10) (55,10) (54,10) (24,8) (6,4) (4,3) (0,0) (97,0) 
TD 3 :
(99,0) (98,1) (96,2) (58,10) (57,10) (55,10) (54,10) (24,8) (6,4) (4,3) (0,0) (7,4) (8,4) (9,4) (10,2) (11,3) (12,1) (13,1) (14,0) (15,0) (16,-1) (17,1) (18,3) (19,1) (20,3) (21,4) (22,3) (23,5) 
(99,0) (98,1) (96,2) (58,10) (57,10) (55,10) (54,10) (24,8) (6,4) (4,3) (0,0) (25,8) (52,8) (29,7) (26,6) (27,6) (28,5) 
(99,0) (98,1) (96,2) (58,10) (57,10) (55,10) (54,10) (24,8) (6,4) (4,3) (0,0) (25,8) (52,8) (29,7) (30,5) (31,3) (32,3) (33,2) (34,2) (35,5) (36,6) (37,6) (38,6) (39,4) (40,5) (41,6) (42,6) (43,6) (44,5) (45,4) (46,4) (47,5) (48,4) (49,4) (50,4) (51,4) 
(99,0) (98,1) (96,2) (58,10) (57,10) (55,10) (54,10) (24,8) (6,4) (4,3) (0,0) (25,8) (52,8) (29,7) (53,7) 
(99,0) (98,1) (96,2) (58,10) (57,10) (55,10) (54,10) (24,8) (6,4) (4,3) (0,0) (95,2) (59,9) (94,2) (62,8) (60,7) (61,7) 
(99,0) (98,1) (96,2) (58,10) (57,10) (55,10) (54,10) (24,8) (6,4) (4,3) (0,0) (95,2) (59,9) (94,2) (62,8) (63,7) (64,5) (65,5) (66,4) (67,4) (68,3) (69,4) (70,4) (71,2) (72,2) (73,-3) (74,-4) (75,-5) (76,-5) (77,-6) (78,-6) (79,-3) (80,-5) (81,-6) (82,-7) (83,-8) (84,-9) (85,-7) (86,-5) (87,-2) (88,0) (89,-1) (90,-1) (91,-1) (92,1) (93,2) 
TD 4 :
(99,0) (98,1) (96,2) (58,10) (57,10) (55,10) (54,10) (24,8) (6,4) (4,3) (0,0) (7,4) (8,4) (9,4) (10,2) (11,3) (12,1) (13,1) (14,0) (15,0) (16,-1) (17,1) (18,3) (19,1) (20,3) (21,4) (22,3) (23,5) 
(99,0) (98,1) (96,2) (58,10) (57,10) (55,10) (54,10) (24,8) (6,4) (4,3) (0,0) (25,8) (52,8) (29,7) (26,6) 
(99,0) (98,1) (96,2) (58,10) (57,10) (55,10) (54,10) (24,8) (6,4) (4,3) (0,0) (25,8) (52,8) (29,7) (26,6) (27,6) (28,5) 
(99,0) (98,1) (96,2) (58,10) (57,10) (55,10) (54,10) (24,8) (6,4) (4,3) (0,0) (25,8) (52,8) (29,7) (53,7) 
(99,0) (98,1) (96,2) (58,10) (57,10) (55,10) (54,10) (24,8) (6,4) (4,3) (0,0) (25,8) (52,8) (29,7) (53,7) 
(99,0) (98,1) (96,2) (58,10) (57,10) (55,10) (54,10) (24,8) (6,4) (4,3) (0,0) (95,2) (59,9) (94,2) (62,8) (61,7) (60,7) 
(99,0) (98,1) (96,2) (58,10) (57,10) (55,10) (54,10) (24,8) (6,4) (4,3) (0,0) (95,2) (59,9) (94,2) (62,8) (61,7) (60,7) 
(99,0) (98,1) (96,2) (58,10) (57,10) (55,10) (54,10) (24,8) (6,4) (4,3) (0,0) (95,2) (59,9) (94,2) (62,8) (61,7) (60,7) 
(99,0) (98,1) (96,2) (58,10) (57,10) (55,10) (54,10) (24,8) (6,4) (4,3) (0,0) (95,2) (59,9) (94,2) (62,8) (93,2) (63,7) 
(99,0) (98,1) (96,2) (58,10) (57,10) (55,10) (54,10) (24,8) (6,4) (4,3) (0,0) (95,2) (59,9) (94,2) (62,8) (93,2) (63,7) (64,5) (65,5) (66,4) (67,4) (68,3) (69,4) (70,4) (71,2) (72,2) (73,-3) (74,-4) (75,-5) (76,-5) (77,-6) (78,-6) (79,-3) (80,-5) (81,-6) (82,-7) (83,-8) (84,-9) (85,-7) (86,-5) (87,-2) (88,0) (89,-1) (90,-1) (91,-1) (92,1) 
TD 5 :
(99,0) (98,1) (96,2) (58,10) (57,10) (55,10) (54,10) (24,8) (6,4) (4,3) (0,0) (7,4) (8,4) (9,4) (11,3) (10,2) 
(99,0) (98,1) (96,2) (58,10) (57,10) (55,10) (54,10) (24,8) (6,4) (4,3) (0,0) (7,4) (8,4) (9,4) (11,3) (10,2) (12,1) (13,1) (14,0) (15,0) (16,-1) (17,1) (18,3) (19,1) (20,3) (21,4) (22,3) (23,5) 
(99,0) (98,1) (96,2) (58,10) (57,10) (55,10) (54,10) (24,8) (6,4) (4,3) (0,0) (25,8) (52,8) (29,7) (26,6) (27,6) 
(99,0) (98,1) (96,2) (58,10) (57,10) (55,10) (54,10) (24,8) (6,4) (4,3) (0,0) (25,8) (52,8) (29,7) (26,6) (27,6) (28,5) 
(99,0) (98,1) (96,2) (58,10) (57,10) (55,10) (54,10) (24,8) (6,4) (4,3) (0,0) (95,2) (59,9) (94,2) (62,8) (93,2) (63,7) (92,1) (65,5) (64,5) 
(99,0) (98,1) (96,2) (58,10) (57,10) (55,10) (54,10) (24,8) (6,4) (4,3) (0,0) (95,2) (59,9) (94,2) (62,8) (93,2) (63,7) (92,1) (65,5) (66,4) (67,4) (68,3) (69,4) (70,4) (71,2) (72,2) (73,-3) (74,-4) (75,-5) (76,-5) (77,-6) (78,-6) (79,-3) (80,-5) (81,-6) (82,-7) (83,-8) (84,-9) (85,-7) (86,-5) (87,-2) (88,0) (89,-1) (90,-1) (91,-1) 
TD 6 :
(99,0) (98,1) (96,2) (58,10) (57,10) (55,10) (54,10) (24,8) (6,4) (4,3) (0,0) (7,4) (8,4) (9,4) (11,3) (10,2) (23,5) (12,1) (13,1) (14,0) (15,0) (16,-1) (17,1) (18,3) (19,1) (20,3) (21,4) (22,3) 
(99,0) (98,1) (96,2) (58,10) (57,10) (55,10) (54,10) (24,8) (6,4) (4,3) (0,0) (7,4) (8,4) (9,4) (11,3) (10,2) (23,5) (12,1) 
(99,0) (98,1) (96,2) (58,10) (57,10) (55,10) (54,10) (24,8) (6,4) (4,3) (0,0) (25,8) (52,8) (29,7) (26,6) (27,6) (28,5) 
(99,0) (98,1) (96,2) (58,10) (57,10) (55,10) (54,10) (24,8) (6,4) (4,3) (0,0) (25,8) (52,8) (29,7) (26,6) (27,6) (28,5) 
(99,0) (98,1) (96,2) (58,10) (57,10) (55,10) (54,10) (24,8) (6,4) (4,3) (0,0) (95,2) (59,9) (94,2) (62,8) (93,2) (63,7) (92,1) (65,5) (64,5) 
(99,0) (98,1) (96,2) (58,10) (57,10) (55,10) (54,10) (24,8) (6,4) (4,3) (0,0) (95,2) (59,9) (94,2) (62,8) (93,2) (63,7) (92,1) (65,5) (64,5) 
(99,0) (98,1) (96,2) (58,10) (57,10) (55,10) (54,10) (24,8) (6,4) (4,3) (0,0) (95,2) (59,9) (94,2) (62,8) (93,2) (63,7) (92,1) (65,5) (91,-1) (88,0) (70,4) (66,4) (67,4) (68,3) (69,4) 
(99,0) (98,1) (96,2) (58,10) (57,10) (55,10) (54,10) (24,8) (6,4) (4,3) (0,0) (95,2) (59,9) (94,2) (62,8) (93,2) (63,7) (92,1) (65,5) (91,-1) (88,0) (70,4) (71,2) (72,2) (73,-3) (74,-4) (75,-5) (76,-5) (77,-6) (78,-6) (79,-3) (80,-5) (81,-6) (82,-7) (83,-8) (84,-9) (85,-7) (86,-5) (87,-2) 
(99,0) (98,1) (96,2) (58,10) (57,10) (55,10) (54,10) (24,8) (6,4) (4,3) (0,0) (95,2) (59,9) (94,2) (62,8) (93,2) (63,7) (92,1) (65,5) (91,-1) (88,0) (70,4) (89,-1) (90,-1) 
TD 7 :
(99,0) (98,1) (96,2) (58,10) (57,10) (55,10) (54,10) (24,8) (6,4) (4,3) (0,0) (7,4) (8,4) (9,4) (11,3) (10,2) (23,5) (12,1) (21,4) (18,3) (13,1) (14,0) (15,0) (16,-1) (17,1) 
(99,0) (98,1) (96,2) (58,10) (57,10) (55,10) (54,10) (24,8) (6,4) (4,3) (0,0) (7,4) (8,4) (9,4) (11,3) (10,2) (23,5) (12,1) (21,4) (18,3) (13,1) (19,1) (20,3) 
(99,0) (98,1) (96,2) (58,10) (57,10) (55,10) (54,10) (24,8) (6,4) (4,3) (0,0) (7,4) (8,4) (9,4) (11,3) (10,2) (23,5) (12,1) (21,4) (18,3) (13,1) (22,3) 
(99,0) (98,1) (96,2) (58,10) (57,10) (55,10) (54,10) (24,8) (6,4) (4,3) (0,0) (95,2) (59,9) (94,2) (62,8) (93,2) (63,7) (92,1) (65,5) (91,-1) (88,0) (70,4) (69,4) (67,4) (66,4) 
(99,0) (98,1) (96,2) (58,10) (57,10) (55,10) (54,10) (24,8) (6,4) (4,3) (0,0) (95,2) (59,9) (94,2) (62,8) (93,2) (63,7) (92,1) (65,5) (91,-1) (88,0) (70,4) (69,4) (67,4) (66,4) 
(99,0) (98,1) (96,2) (58,10) (57,10) (55,10) (54,10) (24,8) (6,4) (4,3) (0,0) (95,2) (59,9) (94,2) (62,8) (93,2) (63,7) (92,1) (65,5) (91,-1) (88,0) (70,4) (69,4) (67,4) (66,4) (68,3) 
(99,0) (98,1) (96,2) (58,10) (57,10) (55,10) (54,10) (24,8) (6,4) (4,3) (0,0) (95,2) (59,9) (94,2) (62,8) (93,2) (63,7) (92,1) (65,5) (91,-1) (88,0) (70,4) (69,4) (67,4) (66,4) 
(99,0) (98,1) (96,2) (58,10) (57,10) (55,10) (54,10) (24,8) (6,4) (4,3) (0,0) (95,2) (59,9) (94,2) (62,8) (93,2) (63,7) (92,1) (65,5) (91,-1) (88,0) (70,4) (90,-1) (89,-1) 
TD 8 :
(99,0) (98,1) (96,2) (58,10) (57,10) (55,10) (54,10) (24,8) (6,4) (4,3) (0,0) (7,4) (8,4) (9,4) (11,3) (10,2) (23,5) (12,1) (21,4) (18,3) (13,1) (14,0) (15,0) (16,-1) (17,1) 
(99,0) (98,1) (96,2) (58,10) (57,10) (55,10) (54,10) (24,8) (6,4) (4,3) (0,0) (7,4) (8,4) (9,4) (11,3) (10,2) (23,5) (12,1) (21,4) (18,3) (13,1) (20,3) (19,1) 
(99,0) (98,1) (96,2) (58,10) (57,10) (55,10) (54,10) (24,8) (6,4) (4,3) (0,0) (7,4) (8,4) (9,4) (11,3) (10,2) (23,5) (12,1) (21,4) (18,3) (13,1) (20,3) 
(99,0) (98,1) (96,2) (58,10) (57,10) (55,10) (54,10) (24,8) (6,4) (4,3) (0,0) (7,4) (8,4) (9,4) (11,3) (10,2) (23,5) (12,1) (21,4) (18,3) (13,1) (22,3) 
(99,0) (98,1) (96,2) (58,10) (57,10) (55,10) (54,10) (24,8) (6,4) (4,3) (0,0) (7,4) (8,4) (9,4) (11,3) (10,2) (23,5) (12,1) (21,4) (18,3) (13,1) (22,3) 
(99,0) (98,1) (96,2) (58,10) (57,10) (55,10) (54,10) (24,8) (6,4) (4,3) (0,0) (95,2) (59,9) (94,2) (62,8) (93,2) (63,7) (92,1) (65,5) (91,-1) (88,0) (70,4) (69,4) (67,4) (66,4) (68,3) 
(99,0) (98,1) (96,2) (58,10) (57,10) (55,10) (54,10) (24,8) (6,4) (4,3) (0,0) (95,2) (59,9) (94,2) (62,8) (93,2) (63,7) (92,1) (65,5) (91,-1) (88,0) (70,4) (69,4) (67,4) (66,4) (68,3) 
(99,0) (98,1) (96,2) (58,10) (57,10) (55,10) (54,10) (24,8) (6,4) (4,3) (0,0) (95,2) (59,9) (94,2) (62,8) (93,2) (63,7) (92,1) (65,5) (91,-1) (88,0) (70,4) (90,-1) (89,-1) 
TD 9 :
(99,0) (98,1) (96,2) (58,10) (57,10) (55,10) (54,10) (24,8) (6,4) (4,3) (0,0) (7,4) (8,4) (9,4) (11,3) (10,2) (23,5) (12,1) (21,4) (18,3) (13,1) (14,0) (17,1) (15,0) (16,-1) 
(99,0) (98,1) (96,2) (58,10) (57,10) (55,10) (54,10) (24,8) (6,4) (4,3) (0,0) (7,4) (8,4) (9,4) (11,3) (10,2) (23,5) (12,1) (21,4) (18,3) (13,1) (14,0) (17,1) (15,0) 
TD 10 :
(99,0) (98,1) (96,2) (58,10) (57,10) (55,10) (54,10) (24,8) (6,4) (4,3) (0,0) (7,4) (8,4) (9,4) (11,3) (10,2) (23,5) (12,1) (21,4) (18,3) (13,1) (14,0) (17,1) (15,0) (16,-1) 
TD 11 :
TD 12 :
TD 13 :
Pocket 0 :
()
Pocket 1 :
({  (0,0) ,(1,-2) } {  (3,2) ,(4,3) } {  (0,0) ,(1,-2) } {  (3,2) ,(4,3) } {  (0,0) ,(1,-2) } {  (3,2) ,(4,3) } {  (0,0) ,(1,-2) } {  (3,2) ,(4,3) } {  (0,0) ,(1,-2) } {  (3,2) ,(4,3) } {  (0,0) ,(1,-2) } {  (3,2) ,(4,3) } {  (0,0) ,(1,-2) } {  (3,2) ,(4,3) } {  (0,0) ,(1,-2) } {  (3,2) ,(4,3) } {  (0,0) ,(1,-2) } {  (3,2) ,(4,3) } {  (0,0) ,(1,-2) } {  (3,2) ,(4,3) } )
Pocket 2 :
({  (1,-2) ,(0,0) } {  (3,2) ,(2,1) } {  (1,-2) ,(0,0) } {  (3,2) ,(2,1) } {  (1,-2) ,(0,0) } {  (3,2) ,(2,1) } {  (99,0) ,(5,3) } {  (99,0) ,(5,3) } {  (8,4) ,(7,4) } {  (8,4) ,(7,4) } {  (26,6) ,(25,8) } {  (26,6) ,(25,8) } {  (99,0) ,(56,9) } {  (99,0) ,(56,9) } {  (60,7) ,(59,9) } {  (60,7) ,(59,9) } {  (60,7) ,(59,9) } {  (99,0) ,(97,0) } )
Pocket 3 :
({  (8,4) ,(7,4) } {  (30,5) ,(29,7) } {  (30,5) ,(29,7) } {  (30,5) ,(29,7) } {  (63,7) ,(62,8) } {  (63,7) ,(62,8) } )
Pocket 4 :
({  (9,4) ,(8,4) } {  (27,6) ,(26,6) } {  (27,6) ,(26,6) } {  (99,0) ,(53,7) } {  (99,0) ,(53,7) } {  (61,7) ,(60,7) } {  (61,7) ,(60,7) } {  (61,7) ,(60,7) } {  (64,5) ,(63,7) } {  (64,5) ,(63,7) } )
Pocket 5 :
({  (10,2) ,(9,4) } {  (12,1) ,(11,3) } {  (10,2) ,(9,4) } {  (12,1) ,(11,3) } {  (28,5) ,(27,6) } {  (28,5) ,(27,6) } {  (66,4) ,(65,5) } {  (66,4) ,(65,5) } )
Pocket 6 :
({  (12,1) ,(10,2) } {  (99,0) ,(23,5) } {  (12,1) ,(10,2) } {  (99,0) ,(23,5) } {  (99,0) ,(28,5) } {  (99,0) ,(28,5) } {  (99,0) ,(64,5) } {  (99,0) ,(64,5) } {  (71,2) ,(70,4) } {  (71,2) ,(70,4) } {  (71,2) ,(70,4) } )
Pocket 7 :
({  (13,1) ,(12,1) } {  (19,1) ,(18,3) } {  (13,1) ,(12,1) } {  (19,1) ,(18,3) } {  (13,1) ,(12,1) } {  (19,1) ,(18,3) } {  (67,4) ,(66,4) } {  (67,4) ,(66,4) } {  (67,4) ,(66,4) } {  (67,4) ,(66,4) } {  (99,0) ,(90,-1) } )
Pocket 8 :
({  (14,0) ,(13,1) } {  (99,0) ,(20,3) } {  (99,0) ,(20,3) } {  (99,0) ,(22,3) } {  (99,0) ,(22,3) } {  (99,0) ,(68,3) } {  (99,0) ,(68,3) } {  (99,0) ,(89,-1) } )
Pocket 9 :
({  (15,0) ,(14,0) } {  (99,0) ,(17,1) } {  (15,0) ,(14,0) } {  (99,0) ,(17,1) } )
Pocket 10 :
({  (16,-1) ,(15,0) } )
Pocket 11 :
()
Pocket 12 :
()
