15 layers in onion peeling: 
Layer 1
(99,19) (88,20) (1,1) (0,0) 
Layer 2
(98,17) (95,19) (89,19) (56,13) (2,0) 
Layer 3
(97,16) (94,18) (90,18) (55,12) (3,-1) 
Layer 4
(96,15) (93,17) (92,17) (91,17) (87,17) (57,12) (30,5) (4,-3) 
Layer 5
(86,14) (85,15) (84,15) (61,12) (27,4) (5,-4) 
Layer 6
(83,12) (82,13) (81,13) (79,13) (78,13) (62,12) (28,4) (14,-1) (6,-5) 
Layer 7
(80,12) (77,12) (75,12) (67,12) (60,11) (54,10) (29,4) (17,0) (15,-1) (7,-7) 
Layer 8
(76,11) (68,11) (58,10) (25,2) (18,0) (13,-3) (12,-4) (8,-8) 
Layer 9
(74,9) (66,10) (65,10) (63,10) (59,10) (38,5) (31,3) (24,1) (16,-2) (10,-7) (9,-8) 
Layer 10
(73,9) (69,9) (53,8) (26,1) (19,-1) (11,-8) 
Layer 11
(72,6) (70,8) (64,8) (47,5) (32,2) (23,0) (21,-1) (20,-2) 
Layer 12
(71,6) (52,5) (39,3) (22,-2) 
Layer 13
(51,3) (48,4) (46,4) (40,3) (33,1) 
Layer 14
(50,2) (49,3) (45,3) (44,3) (42,3) (41,3) (37,2) (34,0) 
Layer 15
(43,1) (35,-1) 
---------------------------------------------------------------------------------------
TD 0 :
(99,19) (98,17) (97,16) (96,15) (95,19) (94,18) (93,17) (92,17) (91,17) (90,18) (89,19) (88,20) (87,17) (86,14) (85,15) (84,15) (83,12) (82,13) (81,13) (80,12) (79,13) (78,13) (77,12) (76,11) (75,12) (74,9) (73,9) (72,6) (71,6) (70,8) (69,9) (68,11) (67,12) (66,10) (65,10) (64,8) (63,10) (62,12) (61,12) (60,11) (59,10) (58,10) (57,12) (56,13) (55,12) (54,10) (53,8) (52,5) (51,3) (50,2) (49,3) (48,4) (47,5) (46,4) (45,3) (44,3) (43,1) (42,3) (41,3) (40,3) (39,3) (38,5) (37,2) (36,-1) (35,-1) (34,0) (33,1) (32,2) (31,3) (30,5) (29,4) (28,4) (27,4) (26,1) (25,2) (24,1) (23,0) (22,-2) (21,-1) (20,-2) (19,-1) (18,0) (17,0) (16,-2) (15,-1) (14,-1) (13,-3) (12,-4) (11,-8) (10,-7) (9,-8) (8,-8) (7,-7) (6,-5) (5,-4) (4,-3) (3,-1) (2,0) (1,1) (0,0) 
TD 1 :
(99,19) (88,20) (1,1) (0,0) 
(99,19) (88,20) (1,1) (0,0) (2,0) (3,-1) (4,-3) (5,-4) (6,-5) (7,-7) (8,-8) (9,-8) (10,-7) (11,-8) (12,-4) (13,-3) (14,-1) (15,-1) (16,-2) (17,0) (18,0) (19,-1) (20,-2) (21,-1) (22,-2) (23,0) (24,1) (25,2) (26,1) (27,4) (28,4) (29,4) (30,5) (31,3) (32,2) (33,1) (34,0) (35,-1) (36,-1) (37,2) (38,5) (39,3) (40,3) (41,3) (42,3) (43,1) (44,3) (45,3) (46,4) (47,5) (48,4) (49,3) (50,2) (51,3) (52,5) (53,8) (54,10) (55,12) (56,13) (57,12) (58,10) (59,10) (60,11) (61,12) (62,12) (63,10) (64,8) (65,10) (66,10) (67,12) (68,11) (69,9) (70,8) (71,6) (72,6) (73,9) (74,9) (75,12) (76,11) (77,12) (78,13) (79,13) (80,12) (81,13) (82,13) (83,12) (84,15) (85,15) (86,14) (87,17) 
(99,19) (88,20) (1,1) (0,0) (89,19) (90,18) (91,17) (92,17) (93,17) (94,18) (95,19) (96,15) (97,16) (98,17) 
TD 2 :
(99,19) (88,20) (1,1) (0,0) (56,13) (2,0) (3,-1) (4,-3) (5,-4) (6,-5) (7,-7) (8,-8) (9,-8) (10,-7) (11,-8) (12,-4) (13,-3) (14,-1) (15,-1) (16,-2) (17,0) (18,0) (19,-1) (20,-2) (21,-1) (22,-2) (23,0) (24,1) (25,2) (26,1) (27,4) (28,4) (29,4) (30,5) (31,3) (32,2) (33,1) (34,0) (35,-1) (36,-1) (37,2) (38,5) (39,3) (40,3) (41,3) (42,3) (43,1) (44,3) (45,3) (46,4) (47,5) (48,4) (49,3) (50,2) (51,3) (52,5) (53,8) (54,10) (55,12) 
(99,19) (88,20) (1,1) (0,0) (56,13) (2,0) (57,12) (58,10) (59,10) (60,11) (61,12) (62,12) (63,10) (64,8) (65,10) (66,10) (67,12) (68,11) (69,9) (70,8) (71,6) (72,6) (73,9) (74,9) (75,12) (76,11) (77,12) (78,13) (79,13) (80,12) (81,13) (82,13) (83,12) (84,15) (85,15) (86,14) (87,17) 
(99,19) (88,20) (1,1) (0,0) (98,17) (95,19) (89,19) 
(99,19) (88,20) (1,1) (0,0) (98,17) (95,19) (89,19) (90,18) (91,17) (92,17) (93,17) (94,18) 
(99,19) (88,20) (1,1) (0,0) (98,17) (95,19) (89,19) (96,15) (97,16) 
TD 3 :
(99,19) (88,20) (1,1) (0,0) (56,13) (2,0) (55,12) (3,-1) (4,-3) (5,-4) (6,-5) (7,-7) (8,-8) (9,-8) (10,-7) (11,-8) (12,-4) (13,-3) (14,-1) (15,-1) (16,-2) (17,0) (18,0) (19,-1) (20,-2) (21,-1) (22,-2) (23,0) (24,1) (25,2) (26,1) (27,4) (28,4) (29,4) (30,5) (31,3) (32,2) (33,1) (34,0) (35,-1) (36,-1) (37,2) (38,5) (39,3) (40,3) (41,3) (42,3) (43,1) (44,3) (45,3) (46,4) (47,5) (48,4) (49,3) (50,2) (51,3) (52,5) (53,8) (54,10) 
(99,19) (88,20) (1,1) (0,0) (56,13) (2,0) (55,12) (3,-1) 
(99,19) (88,20) (1,1) (0,0) (98,17) (95,19) (89,19) (94,18) (90,18) 
(99,19) (88,20) (1,1) (0,0) (98,17) (95,19) (89,19) (94,18) (90,18) (91,17) (92,17) (93,17) 
(99,19) (88,20) (1,1) (0,0) (98,17) (95,19) (89,19) (94,18) (90,18) 
(99,19) (88,20) (1,1) (0,0) (98,17) (95,19) (89,19) (97,16) (96,15) 
TD 4 :
(99,19) (88,20) (1,1) (0,0) (56,13) (2,0) (55,12) (3,-1) (30,5) (4,-3) (5,-4) (6,-5) (7,-7) (8,-8) (9,-8) (10,-7) (11,-8) (12,-4) (13,-3) (14,-1) (15,-1) (16,-2) (17,0) (18,0) (19,-1) (20,-2) (21,-1) (22,-2) (23,0) (24,1) (25,2) (26,1) (27,4) (28,4) (29,4) 
(99,19) (88,20) (1,1) (0,0) (56,13) (2,0) (55,12) (3,-1) (30,5) (4,-3) (31,3) (32,2) (33,1) (34,0) (35,-1) (36,-1) (37,2) (38,5) (39,3) (40,3) (41,3) (42,3) (43,1) (44,3) (45,3) (46,4) (47,5) (48,4) (49,3) (50,2) (51,3) (52,5) (53,8) (54,10) 
(99,19) (88,20) (1,1) (0,0) (98,17) (95,19) (89,19) (94,18) (90,18) (93,17) (92,17) (91,17) 
(99,19) (88,20) (1,1) (0,0) (98,17) (95,19) (89,19) (94,18) (90,18) (93,17) (92,17) (91,17) 
(99,19) (88,20) (1,1) (0,0) (98,17) (95,19) (89,19) (94,18) (90,18) (93,17) (92,17) (91,17) 
(99,19) (88,20) (1,1) (0,0) (98,17) (95,19) (89,19) (94,18) (90,18) (93,17) (92,17) (91,17) 
(99,19) (88,20) (1,1) (0,0) (98,17) (95,19) (89,19) (97,16) (96,15) 
TD 5 :
(99,19) (88,20) (1,1) (0,0) (56,13) (2,0) (55,12) (3,-1) (30,5) (4,-3) (27,4) (5,-4) (6,-5) (7,-7) (8,-8) (9,-8) (10,-7) (11,-8) (12,-4) (13,-3) (14,-1) (15,-1) (16,-2) (17,0) (18,0) (19,-1) (20,-2) (21,-1) (22,-2) (23,0) (24,1) (25,2) (26,1) 
(99,19) (88,20) (1,1) (0,0) (56,13) (2,0) (55,12) (3,-1) (30,5) (4,-3) (27,4) (5,-4) (28,4) (29,4) 
TD 6 :
(99,19) (88,20) (1,1) (0,0) (56,13) (2,0) (55,12) (3,-1) (30,5) (4,-3) (27,4) (5,-4) (14,-1) (6,-5) (7,-7) (8,-8) (9,-8) (10,-7) (11,-8) (12,-4) (13,-3) 
(99,19) (88,20) (1,1) (0,0) (56,13) (2,0) (55,12) (3,-1) (30,5) (4,-3) (27,4) (5,-4) (14,-1) (6,-5) (15,-1) (16,-2) (17,0) (18,0) (19,-1) (20,-2) (21,-1) (22,-2) (23,0) (24,1) (25,2) (26,1) 
(99,19) (88,20) (1,1) (0,0) (56,13) (2,0) (55,12) (3,-1) (30,5) (4,-3) (27,4) (5,-4) (28,4) 
(99,19) (88,20) (1,1) (0,0) (56,13) (2,0) (55,12) (3,-1) (30,5) (4,-3) (27,4) (5,-4) (28,4) (29,4) 
TD 7 :
(99,19) (88,20) (1,1) (0,0) (56,13) (2,0) (55,12) (3,-1) (30,5) (4,-3) (27,4) (5,-4) (14,-1) (6,-5) (7,-7) (8,-8) (9,-8) (10,-7) (11,-8) (12,-4) (13,-3) 
(99,19) (88,20) (1,1) (0,0) (56,13) (2,0) (55,12) (3,-1) (30,5) (4,-3) (27,4) (5,-4) (14,-1) (6,-5) (17,0) (15,-1) 
(99,19) (88,20) (1,1) (0,0) (56,13) (2,0) (55,12) (3,-1) (30,5) (4,-3) (27,4) (5,-4) (14,-1) (6,-5) (17,0) (15,-1) (16,-2) 
(99,19) (88,20) (1,1) (0,0) (56,13) (2,0) (55,12) (3,-1) (30,5) (4,-3) (27,4) (5,-4) (14,-1) (6,-5) (17,0) (15,-1) (18,0) (19,-1) (20,-2) (21,-1) (22,-2) (23,0) (24,1) (25,2) (26,1) 
(99,19) (88,20) (1,1) (0,0) (56,13) (2,0) (55,12) (3,-1) (30,5) (4,-3) (27,4) (5,-4) (28,4) (29,4) 
(99,19) (88,20) (1,1) (0,0) (56,13) (2,0) (55,12) (3,-1) (30,5) (4,-3) (27,4) (5,-4) (28,4) (29,4) 
TD 8 :
(99,19) (88,20) (1,1) (0,0) (56,13) (2,0) (55,12) (3,-1) (30,5) (4,-3) (27,4) (5,-4) (14,-1) (6,-5) (7,-7) (13,-3) (12,-4) (8,-8) (9,-8) (10,-7) (11,-8) 
(99,19) (88,20) (1,1) (0,0) (56,13) (2,0) (55,12) (3,-1) (30,5) (4,-3) (27,4) (5,-4) (14,-1) (6,-5) (7,-7) (13,-3) (12,-4) (8,-8) 
(99,19) (88,20) (1,1) (0,0) (56,13) (2,0) (55,12) (3,-1) (30,5) (4,-3) (27,4) (5,-4) (14,-1) (6,-5) (7,-7) (13,-3) (12,-4) (8,-8) 
(99,19) (88,20) (1,1) (0,0) (56,13) (2,0) (55,12) (3,-1) (30,5) (4,-3) (27,4) (5,-4) (14,-1) (6,-5) (17,0) (15,-1) (25,2) (18,0) 
(99,19) (88,20) (1,1) (0,0) (56,13) (2,0) (55,12) (3,-1) (30,5) (4,-3) (27,4) (5,-4) (14,-1) (6,-5) (17,0) (15,-1) (25,2) (18,0) (19,-1) (20,-2) (21,-1) (22,-2) (23,0) (24,1) 
(99,19) (88,20) (1,1) (0,0) (56,13) (2,0) (55,12) (3,-1) (30,5) (4,-3) (27,4) (5,-4) (14,-1) (6,-5) (17,0) (15,-1) (25,2) (18,0) (26,1) 
TD 9 :
(99,19) (88,20) (1,1) (0,0) (56,13) (2,0) (55,12) (3,-1) (30,5) (4,-3) (27,4) (5,-4) (14,-1) (6,-5) (7,-7) (13,-3) (12,-4) (8,-8) (10,-7) (9,-8) 
(99,19) (88,20) (1,1) (0,0) (56,13) (2,0) (55,12) (3,-1) (30,5) (4,-3) (27,4) (5,-4) (14,-1) (6,-5) (7,-7) (13,-3) (12,-4) (8,-8) (10,-7) (9,-8) (11,-8) 
(99,19) (88,20) (1,1) (0,0) (56,13) (2,0) (55,12) (3,-1) (30,5) (4,-3) (27,4) (5,-4) (14,-1) (6,-5) (17,0) (15,-1) (25,2) (18,0) (24,1) (19,-1) (20,-2) (21,-1) (22,-2) (23,0) 
(99,19) (88,20) (1,1) (0,0) (56,13) (2,0) (55,12) (3,-1) (30,5) (4,-3) (27,4) (5,-4) (14,-1) (6,-5) (17,0) (15,-1) (25,2) (18,0) (24,1) 
TD 10 :
(99,19) (88,20) (1,1) (0,0) (56,13) (2,0) (55,12) (3,-1) (30,5) (4,-3) (27,4) (5,-4) (14,-1) (6,-5) (7,-7) (13,-3) (12,-4) (8,-8) (10,-7) (9,-8) (11,-8) 
(99,19) (88,20) (1,1) (0,0) (56,13) (2,0) (55,12) (3,-1) (30,5) (4,-3) (27,4) (5,-4) (14,-1) (6,-5) (17,0) (15,-1) (25,2) (18,0) (24,1) (19,-1) 
(99,19) (88,20) (1,1) (0,0) (56,13) (2,0) (55,12) (3,-1) (30,5) (4,-3) (27,4) (5,-4) (14,-1) (6,-5) (17,0) (15,-1) (25,2) (18,0) (24,1) (19,-1) (20,-2) (21,-1) (22,-2) (23,0) 
TD 11 :
(99,19) (88,20) (1,1) (0,0) (56,13) (2,0) (55,12) (3,-1) (30,5) (4,-3) (27,4) (5,-4) (14,-1) (6,-5) (17,0) (15,-1) (25,2) (18,0) (24,1) (19,-1) (23,0) (21,-1) (20,-2) 
(99,19) (88,20) (1,1) (0,0) (56,13) (2,0) (55,12) (3,-1) (30,5) (4,-3) (27,4) (5,-4) (14,-1) (6,-5) (17,0) (15,-1) (25,2) (18,0) (24,1) (19,-1) (23,0) (21,-1) (20,-2) (22,-2) 
(99,19) (88,20) (1,1) (0,0) (56,13) (2,0) (55,12) (3,-1) (30,5) (4,-3) (27,4) (5,-4) (14,-1) (6,-5) (17,0) (15,-1) (25,2) (18,0) (24,1) (19,-1) (23,0) (21,-1) (20,-2) 
TD 12 :
(99,19) (88,20) (1,1) (0,0) (56,13) (2,0) (55,12) (3,-1) (30,5) (4,-3) (27,4) (5,-4) (14,-1) (6,-5) (17,0) (15,-1) (25,2) (18,0) (24,1) (19,-1) (23,0) (21,-1) (20,-2) (22,-2) 
TD 13 :
TD 14 :
TD 15 :
Pocket 0 :
()
Pocket 1 :
({  (0,0) ,(1,1) } {  (0,0) ,(1,1) } {  (0,0) ,(1,1) } {  (0,0) ,(1,1) } {  (0,0) ,(1,1) } {  (0,0) ,(1,1) } )
Pocket 2 :
({  (2,0) ,(0,0) } {  (57,12) ,(56,13) } {  (2,0) ,(0,0) } {  (57,12) ,(56,13) } {  (90,18) ,(89,19) } {  (90,18) ,(89,19) } {  (90,18) ,(89,19) } )
Pocket 3 :
({  (3,-1) ,(2,0) } {  (99,19) ,(55,12) } {  (3,-1) ,(2,0) } {  (99,19) ,(55,12) } {  (91,17) ,(90,18) } {  (91,17) ,(90,18) } {  (91,17) ,(90,18) } {  (99,19) ,(97,16) } )
Pocket 4 :
({  (4,-3) ,(3,-1) } {  (31,3) ,(30,5) } {  (4,-3) ,(3,-1) } {  (31,3) ,(30,5) } {  (92,17) ,(91,17) } {  (92,17) ,(91,17) } {  (92,17) ,(91,17) } {  (92,17) ,(91,17) } {  (99,19) ,(96,15) } )
Pocket 5 :
({  (5,-4) ,(4,-3) } {  (28,4) ,(27,4) } {  (5,-4) ,(4,-3) } {  (28,4) ,(27,4) } )
Pocket 6 :
({  (6,-5) ,(5,-4) } {  (15,-1) ,(14,-1) } {  (6,-5) ,(5,-4) } {  (15,-1) ,(14,-1) } {  (29,4) ,(28,4) } {  (29,4) ,(28,4) } )
Pocket 7 :
({  (7,-7) ,(6,-5) } {  (16,-2) ,(15,-1) } {  (16,-2) ,(15,-1) } {  (16,-2) ,(15,-1) } {  (99,19) ,(29,4) } {  (99,19) ,(29,4) } )
Pocket 8 :
({  (8,-8) ,(7,-7) } {  (13,-3) ,(12,-4) } {  (8,-8) ,(7,-7) } {  (13,-3) ,(12,-4) } {  (8,-8) ,(7,-7) } {  (13,-3) ,(12,-4) } {  (19,-1) ,(18,0) } {  (19,-1) ,(18,0) } {  (19,-1) ,(18,0) } )
Pocket 9 :
({  (9,-8) ,(8,-8) } {  (11,-8) ,(10,-7) } {  (9,-8) ,(8,-8) } {  (11,-8) ,(10,-7) } {  (99,19) ,(24,1) } {  (99,19) ,(24,1) } )
Pocket 10 :
({  (11,-8) ,(9,-8) } {  (20,-2) ,(19,-1) } {  (20,-2) ,(19,-1) } )
Pocket 11 :
({  (20,-2) ,(19,-1) } {  (22,-2) ,(21,-1) } {  (20,-2) ,(19,-1) } {  (22,-2) ,(21,-1) } {  (20,-2) ,(19,-1) } {  (22,-2) ,(21,-1) } )
Pocket 12 :
({  (22,-2) ,(20,-2) } )
Pocket 13 :
()
Pocket 14 :
()
