133 layers in onion peeling: 
Layer 1
(999,-30) (995,-25) (929,-8) (56,64) (39,59) (14,39) (2,9) (0,-3) 
Layer 2
(998,-32) (997,-29) (994,-25) (928,-8) (58,58) (57,58) (43,57) (37,56) (13,34) (7,19) (1,2) 
Layer 3
(996,-32) (992,-27) (930,-12) (924,-11) (55,57) (54,57) (38,56) (12,31) (6,15) (3,2) 
Layer 4
(993,-30) (927,-13) (60,56) (40,55) (36,54) (15,33) (11,25) (5,8) (4,4) 
Layer 5
(991,-30) (989,-29) (932,-16) (41,55) (16,32) (8,11) 
Layer 6
(990,-35) (986,-33) (926,-16) (59,52) (50,52) (44,52) (30,41) (17,30) (10,15) (9,10) 
Layer 7
(988,-38) (987,-36) (985,-34) (935,-19) (925,-16) (61,50) (45,51) (18,30) 
Layer 8
(984,-34) (946,-23) (923,-17) (63,49) (52,49) (42,48) (19,30) 
Layer 9
(983,-36) (940,-23) (931,-22) (49,48) (35,41) (31,39) (20,19) 
Layer 10
(982,-41) (943,-24) (938,-23) (51,47) (46,45) (32,36) (21,16) 
Layer 11
(981,-42) (968,-35) (942,-25) (939,-24) (48,45) (34,34) (29,30) (28,28) (24,18) (22,12) 
Layer 12
(980,-51) (979,-46) (969,-40) (944,-26) (899,-22) (47,44) (33,33) (26,21) (23,14) 
Layer 13
(978,-47) (967,-39) (947,-28) (922,-25) (62,42) (53,41) (27,19) (25,10) 
Layer 14
(977,-51) (973,-47) (966,-41) (945,-28) (937,-27) (64,41) 
Layer 15
(976,-52) (971,-46) (951,-32) (941,-29) (933,-27) (909,-25) (66,40) (65,40) 
Layer 16
(975,-56) (972,-50) (970,-47) (965,-42) (950,-33) (936,-28) (901,-25) (87,36) (67,37) 
Layer 17
(974,-56) (952,-37) (948,-34) (934,-28) (90,31) (89,31) (86,31) (68,30) 
Layer 18
(964,-49) (949,-35) (921,-28) (83,28) (69,23) 
Layer 19
(963,-55) (953,-41) (920,-29) (902,-27) (91,27) (88,27) (84,26) (70,19) 
Layer 20
(962,-54) (954,-43) (908,-29) (900,-27) (85,26) (71,14) 
Layer 21
(961,-60) (955,-45) (919,-33) (915,-32) (904,-30) (98,24) (92,24) (81,22) (72,11) 
Layer 22
(960,-59) (956,-49) (914,-32) (903,-31) (96,23) (82,19) (75,9) (73,6) 
Layer 23
(959,-62) (957,-52) (918,-35) (906,-32) (97,21) (95,21) (80,15) (76,10) (74,-1) 
Layer 24
(958,-64) (917,-35) (907,-33) (93,18) (79,13) (77,10) 
Layer 25
(916,-38) (910,-34) (94,17) (78,11) 
Layer 26
(913,-39) (912,-37) (911,-36) (898,-34) (99,15) 
Layer 27
(905,-37) (897,-36) (182,6) (102,10) (101,10) (100,7) 
Layer 28
(896,-48) (184,4) (120,4) (103,1) 
Layer 29
(895,-50) (223,0) (183,2) (119,3) (117,2) (113,0) (105,-5) (104,-7) 
Layer 30
(894,-56) (214,-2) (176,1) (122,2) (114,-4) (106,-13) 
Layer 31
(893,-58) (224,-3) (185,-1) (142,1) (123,1) (115,-4) (112,-8) (107,-15) 
Layer 32
(892,-65) (891,-64) (215,-3) (160,0) (143,0) (121,-2) (118,-3) (116,-4) (111,-12) (108,-18) 
Layer 33
(890,-69) (880,-66) (212,-3) (175,-1) (146,-2) (126,-6) (110,-16) (109,-18) 
Layer 34
(889,-70) (888,-69) (187,-2) (181,-2) (161,-2) (159,-2) (155,-2) (154,-2) (148,-2) (128,-7) (125,-9) (124,-11) 
Layer 35
(887,-71) (882,-69) (216,-5) (177,-3) (150,-3) (144,-4) (127,-9) 
Layer 36
(886,-73) (883,-70) (881,-69) (213,-7) (174,-5) (153,-5) (147,-5) (141,-7) (129,-18) 
Layer 37
(885,-76) (884,-72) (222,-8) (211,-7) (158,-6) (152,-6) (140,-11) (130,-18) 
Layer 38
(879,-72) (221,-8) (188,-7) (180,-7) (179,-7) (156,-7) (151,-7) (149,-8) (132,-18) (131,-23) 
Layer 39
(878,-73) (217,-9) (189,-8) (162,-8) (145,-11) (138,-15) (133,-28) 
Layer 40
(877,-75) (228,-12) (191,-9) (186,-9) (163,-10) (139,-15) (136,-21) (134,-29) 
Layer 41
(876,-75) (233,-13) (210,-11) (170,-10) (137,-20) (135,-28) 
Layer 42
(875,-80) (232,-13) (178,-11) (169,-12) (157,-16) 
Layer 43
(874,-82) (229,-13) (196,-12) (173,-12) (168,-13) (164,-18) 
Layer 44
(873,-92) (872,-89) (870,-85) (837,-80) (231,-14) (220,-13) (171,-13) (165,-18) 
Layer 45
(871,-88) (869,-86) (846,-83) (227,-14) (226,-14) (218,-14) (198,-14) (190,-15) (166,-21) 
Layer 46
(868,-89) (856,-86) (840,-83) (209,-15) (208,-15) (192,-15) (167,-21) 
Layer 47
(867,-92) (839,-84) (219,-17) (197,-16) (194,-16) (172,-20) 
Layer 48
(866,-98) (865,-97) (855,-92) (844,-87) (838,-86) (225,-18) (193,-18) 
Layer 49
(864,-97) (843,-87) (230,-20) (199,-19) (195,-20) 
Layer 50
(863,-99) (857,-94) (847,-90) (835,-87) (234,-23) (207,-22) (204,-23) (200,-27) 
Layer 51
(862,-101) (860,-98) (851,-92) (845,-90) (826,-88) (205,-23) (201,-36) 
Layer 52
(861,-104) (859,-99) (848,-92) (842,-90) (316,-35) (235,-28) (206,-26) (203,-33) (202,-37) 
Layer 53
(858,-101) (854,-96) (849,-93) (827,-89) (803,-86) (315,-35) (236,-30) 
Layer 54
(853,-99) (836,-91) (314,-36) (237,-31) 
Layer 55
(852,-99) (850,-98) (841,-94) (834,-91) (318,-40) (238,-36) 
Layer 56
(833,-92) (820,-90) (802,-88) (317,-41) (239,-42) 
Layer 57
(832,-99) (831,-95) (829,-93) (821,-91) (319,-43) (313,-43) (240,-44) 
Layer 58
(830,-100) (828,-93) (797,-90) (343,-47) (342,-47) (241,-48) 
Layer 59
(825,-95) (819,-93) (805,-91) (345,-51) (320,-50) (246,-49) (245,-49) (242,-49) 
Layer 60
(824,-95) (818,-94) (800,-91) (357,-53) (244,-51) (243,-53) 
Layer 61
(823,-97) (822,-95) (804,-92) (359,-54) (344,-53) (341,-53) (247,-55) 
Layer 62
(817,-98) (806,-95) (799,-94) (655,-81) (358,-56) (321,-54) (248,-57) 
Layer 63
(816,-99) (807,-96) (798,-94) (653,-81) (328,-55) (297,-56) (255,-58) (249,-61) 
Layer 64
(815,-102) (796,-95) (657,-82) (364,-59) (312,-57) (296,-57) (254,-60) (250,-64) 
Layer 65
(814,-107) (812,-104) (808,-100) (801,-97) (658,-83) (346,-59) (325,-58) (256,-64) (251,-66) 
Layer 66
(813,-106) (810,-103) (795,-98) (652,-83) (327,-59) (311,-60) (295,-61) (257,-65) (253,-67) (252,-70) 
Layer 67
(811,-109) (809,-104) (656,-84) (340,-60) (336,-60) (329,-60) (298,-62) (258,-68) 
Layer 68
(794,-105) (660,-85) (651,-84) (365,-62) (352,-61) (350,-61) (347,-61) (322,-62) (268,-67) (259,-68) 
Layer 69
(793,-107) (659,-85) (363,-62) (360,-62) (356,-62) (351,-62) (323,-62) (294,-65) (267,-68) (260,-80) 
Layer 70
(792,-116) (685,-92) (650,-85) (348,-63) (337,-63) (335,-63) (326,-63) (307,-64) (269,-71) (266,-73) (265,-74) (263,-79) (261,-87) 
Layer 71
(791,-122) (718,-101) (649,-86) (353,-64) (339,-64) (338,-64) (309,-64) (292,-68) (287,-70) (270,-81) (264,-85) (262,-88) 
Layer 72
(790,-125) (722,-104) (676,-93) (662,-90) (654,-89) (362,-65) (324,-65) (308,-65) (293,-69) (288,-73) (271,-90) 
Layer 73
(789,-129) (720,-105) (661,-90) (361,-66) (331,-66) (310,-68) (303,-69) (299,-70) (289,-77) (272,-97) 
Layer 74
(788,-137) (762,-123) (719,-106) (686,-97) (648,-89) (366,-67) (354,-67) (349,-67) (330,-67) (304,-69) (300,-70) (291,-77) (273,-97) 
Layer 75
(787,-143) (786,-138) (721,-107) (703,-102) (687,-98) (678,-96) (598,-88) (378,-69) (334,-68) (305,-69) (301,-70) (290,-79) (284,-85) (274,-96) 
Layer 76
(785,-139) (766,-129) (764,-128) (723,-108) (716,-106) (682,-97) (663,-95) (599,-89) (388,-70) (306,-69) (302,-71) (286,-84) (275,-103) 
Layer 77
(784,-140) (765,-129) (717,-107) (683,-98) (679,-97) (647,-94) (384,-70) (377,-70) (332,-74) (285,-88) (277,-100) (276,-104) 
Layer 78
(783,-142) (769,-132) (763,-129) (748,-122) (709,-106) (689,-100) (684,-99) (674,-97) (385,-71) (368,-71) (355,-72) (333,-77) (283,-94) (278,-100) 
Layer 79
(782,-145) (770,-133) (711,-107) (702,-104) (688,-100) (672,-98) (618,-92) (380,-72) (369,-72) (367,-72) (282,-100) (279,-102) 
Layer 80
(781,-150) (771,-138) (768,-136) (749,-124) (701,-104) (671,-98) (603,-91) (376,-73) (375,-73) (280,-103) 
Layer 81
(780,-155) (776,-145) (767,-136) (751,-127) (708,-107) (700,-104) (677,-100) (664,-98) (601,-91) (387,-75) (386,-75) (381,-75) (372,-75) (281,-104) 
Layer 82
(779,-155) (777,-149) (774,-144) (761,-136) (754,-132) (699,-104) (693,-103) (675,-100) (604,-92) (371,-76) (370,-78) 
Layer 83
(778,-153) (775,-147) (773,-144) (750,-130) (724,-117) (712,-111) (704,-107) (691,-103) (680,-101) (600,-92) (389,-78) (373,-77) 
Layer 84
(772,-149) (760,-137) (705,-108) (666,-100) (622,-95) (602,-93) (383,-78) (382,-78) (379,-78) (374,-82) 
Layer 85
(759,-145) (755,-135) (710,-111) (698,-107) (694,-106) (690,-105) (665,-100) (620,-95) (402,-83) (390,-87) 
Layer 86
(758,-145) (753,-136) (752,-135) (747,-131) (735,-125) (733,-124) (715,-115) (697,-108) (673,-102) (619,-96) (605,-95) (405,-84) (401,-85) (391,-96) 
Layer 87
(757,-144) (756,-143) (746,-134) (732,-125) (727,-122) (714,-115) (706,-112) (696,-109) (670,-102) (645,-99) (606,-96) (406,-88) (400,-88) (392,-102) 
Layer 88
(745,-137) (738,-130) (736,-128) (725,-121) (713,-115) (692,-109) (668,-103) (617,-97) (407,-92) (399,-93) (393,-101) 
Layer 89
(744,-137) (734,-128) (726,-122) (695,-110) (681,-107) (667,-104) (621,-99) (404,-93) (397,-97) (395,-101) (394,-109) 
Layer 90
(743,-140) (739,-133) (737,-131) (728,-124) (669,-105) (646,-102) (616,-100) (403,-96) (398,-100) (396,-104) 
Layer 91
(742,-140) (740,-135) (730,-128) (707,-118) (643,-103) (597,-100) (411,-99) (409,-99) (408,-99) 
Layer 92
(741,-141) (731,-130) (729,-129) (642,-104) (612,-102) (413,-101) (410,-105) 
Layer 93
(644,-106) (607,-102) (595,-102) (412,-103) 
Layer 94
(641,-111) (631,-105) (623,-104) (592,-103) (419,-103) (414,-104) 
Layer 95
(640,-112) (610,-104) (594,-104) (418,-105) (415,-106) 
Layer 96
(639,-114) (611,-105) (593,-105) (426,-105) (416,-106) 
Layer 97
(638,-115) (632,-112) (629,-111) (613,-107) (609,-106) (596,-106) (591,-106) (420,-107) (417,-112) 
Layer 98
(637,-117) (636,-115) (628,-111) (608,-107) (427,-108) (421,-110) 
Layer 99
(635,-117) (624,-111) (428,-109) (425,-109) (422,-116) 
Layer 100
(634,-124) (633,-120) (630,-116) (615,-112) (590,-112) (429,-115) (423,-116) 
Layer 101
(627,-116) (614,-113) (430,-115) (424,-117) 
Layer 102
(626,-120) (435,-117) (431,-122) 
Layer 103
(625,-121) (438,-119) (437,-119) (433,-124) (432,-127) 
Layer 104
(589,-121) (436,-121) (434,-123) 
Layer 105
(588,-125) (440,-124) (439,-124) 
Layer 106
(587,-125) (586,-125) (486,-131) (441,-134) 
Layer 107
(585,-132) (485,-133) (442,-137) 
Layer 108
(584,-135) (494,-134) (468,-135) (443,-140) 
Layer 109
(583,-143) (497,-137) (476,-136) (467,-139) (457,-143) (444,-149) 
Layer 110
(582,-143) (484,-137) (475,-137) (460,-142) (445,-155) 
Layer 111
(581,-147) (574,-145) (487,-138) (466,-141) (458,-145) (446,-162) 
Layer 112
(580,-150) (579,-147) (573,-145) (488,-140) (483,-140) (482,-140) (469,-141) (461,-144) (459,-145) (455,-150) (448,-160) (447,-166) 
Layer 113
(578,-148) (576,-147) (571,-145) (495,-141) (470,-142) (465,-143) (456,-149) (449,-167) 
Layer 114
(577,-150) (572,-146) (489,-144) (477,-144) (473,-144) (471,-144) (464,-147) (454,-155) (450,-172) 
Layer 115
(575,-153) (570,-149) (472,-145) (462,-151) (453,-163) (452,-167) (451,-172) 
Layer 116
(569,-155) (568,-152) (493,-146) (492,-146) (474,-146) (463,-153) 
Layer 117
(567,-152) (501,-147) (479,-149) (478,-150) 
Layer 118
(566,-156) (565,-153) (498,-149) (496,-149) (481,-150) (480,-151) 
Layer 119
(564,-156) (561,-154) (503,-152) (490,-152) 
Layer 120
(563,-162) (562,-155) (502,-153) (491,-154) 
Layer 121
(560,-158) (559,-156) (500,-155) (499,-156) 
Layer 122
(558,-163) (553,-158) (520,-157) (504,-160) 
Layer 123
(557,-164) (552,-161) (512,-160) (506,-164) (505,-167) 
Layer 124
(556,-170) (554,-167) (519,-161) (513,-161) (511,-162) (507,-165) 
Layer 125
(555,-171) (551,-167) (514,-162) (508,-165) 
Layer 126
(550,-177) (543,-169) (542,-168) (521,-163) (510,-167) (509,-173) 
Layer 127
(549,-184) (541,-168) (518,-165) (516,-166) (515,-167) 
Layer 128
(548,-190) (544,-178) (539,-171) (522,-167) (517,-170) 
Layer 129
(547,-188) (546,-185) (537,-175) (526,-169) (523,-172) 
Layer 130
(545,-188) (540,-179) (527,-171) (525,-172) (524,-178) 
Layer 131
(538,-178) (529,-173) (528,-177) 
Layer 132
(536,-180) (535,-178) (530,-174) 
Layer 133
(534,-181) (532,-178) (531,-180) 
---------------------------------------------------------------------------------------
TD 0 :
(999,-30) (998,-32) (997,-29) (996,-32) (995,-25) (994,-25) (993,-30) (992,-27) (991,-30) (990,-35) (989,-29) (988,-38) (987,-36) (986,-33) (985,-34) (984,-34) (983,-36) (982,-41) (981,-42) (980,-51) (979,-46) (978,-47) (977,-51) (976,-52) (975,-56) (974,-56) (973,-47) (972,-50) (971,-46) (970,-47) (969,-40) (968,-35) (967,-39) (966,-41) (965,-42) (964,-49) (963,-55) (962,-54) (961,-60) (960,-59) (959,-62) (958,-64) (957,-52) (956,-49) (955,-45) (954,-43) (953,-41) (952,-37) (951,-32) (950,-33) (949,-35) (948,-34) (947,-28) (946,-23) (945,-28) (944,-26) (943,-24) (942,-25) (941,-29) (940,-23) (939,-24) (938,-23) (937,-27) (936,-28) (935,-19) (934,-28) (933,-27) (932,-16) (931,-22) (930,-12) (929,-8) (928,-8) (927,-13) (926,-16) (925,-16) (924,-11) (923,-17) (922,-25) (921,-28) (920,-29) (919,-33) (918,-35) (917,-35) (916,-38) (915,-32) (914,-32) (913,-39) (912,-37) (911,-36) (910,-34) (909,-25) (908,-29) (907,-33) (906,-32) (905,-37) (904,-30) (903,-31) (902,-27) (901,-25) (900,-27) (899,-22) (898,-34) (897,-36) (896,-48) (895,-50) (894,-56) (893,-58) (892,-65) (891,-64) (890,-69) (889,-70) (888,-69) (887,-71) (886,-73) (885,-76) (884,-72) (883,-70) (882,-69) (881,-69) (880,-66) (879,-72) (878,-73) (877,-75) (876,-75) (875,-80) (874,-82) (873,-92) (872,-89) (871,-88) (870,-85) (869,-86) (868,-89) (867,-92) (866,-98) (865,-97) (864,-97) (863,-99) (862,-101) (861,-104) (860,-98) (859,-99) (858,-101) (857,-94) (856,-86) (855,-92) (854,-96) (853,-99) (852,-99) (851,-92) (850,-98) (849,-93) (848,-92) (847,-90) (846,-83) (845,-90) (844,-87) (843,-87) (842,-90) (841,-94) (840,-83) (839,-84) (838,-86) (837,-80) (836,-91) (835,-87) (834,-91) (833,-92) (832,-99) (831,-95) (830,-100) (829,-93) (828,-93) (827,-89) (826,-88) (825,-95) (824,-95) (823,-97) (822,-95) (821,-91) (820,-90) (819,-93) (818,-94) (817,-98) (816,-99) (815,-102) (814,-107) (813,-106) (812,-104) (811,-109) (810,-103) (809,-104) (808,-100) (807,-96) (806,-95) (805,-91) (804,-92) (803,-86) (802,-88) (801,-97) (800,-91) (799,-94) (798,-94) (797,-90) (796,-95) (795,-98) (794,-105) (793,-107) (792,-116) (791,-122) (790,-125) (789,-129) (788,-137) (787,-143) (786,-138) (785,-139) (784,-140) (783,-142) (782,-145) (781,-150) (780,-155) (779,-155) (778,-153) (777,-149) (776,-145) (775,-147) (774,-144) (773,-144) (772,-149) (771,-138) (770,-133) (769,-132) (768,-136) (767,-136) (766,-129) (765,-129) (764,-128) (763,-129) (762,-123) (761,-136) (760,-137) (759,-145) (758,-145) (757,-144) (756,-143) (755,-135) (754,-132) (753,-136) (752,-135) (751,-127) (750,-130) (749,-124) (748,-122) (747,-131) (746,-134) (745,-137) (744,-137) (743,-140) (742,-140) (741,-141) (740,-135) (739,-133) (738,-130) (737,-131) (736,-128) (735,-125) (734,-128) (733,-124) (732,-125) (731,-130) (730,-128) (729,-129) (728,-124) (727,-122) (726,-122) (725,-121) (724,-117) (723,-108) (722,-104) (721,-107) (720,-105) (719,-106) (718,-101) (717,-107) (716,-106) (715,-115) (714,-115) (713,-115) (712,-111) (711,-107) (710,-111) (709,-106) (708,-107) (707,-118) (706,-112) (705,-108) (704,-107) (703,-102) (702,-104) (701,-104) (700,-104) (699,-104) (698,-107) (697,-108) (696,-109) (695,-110) (694,-106) (693,-103) (692,-109) (691,-103) (690,-105) (689,-100) (688,-100) (687,-98) (686,-97) (685,-92) (684,-99) (683,-98) (682,-97) (681,-107) (680,-101) (679,-97) (678,-96) (677,-100) (676,-93) (675,-100) (674,-97) (673,-102) (672,-98) (671,-98) (670,-102) (669,-105) (668,-103) (667,-104) (666,-100) (665,-100) (664,-98) (663,-95) (662,-90) (661,-90) (660,-85) (659,-85) (658,-83) (657,-82) (656,-84) (655,-81) (654,-89) (653,-81) (652,-83) (651,-84) (650,-85) (649,-86) (648,-89) (647,-94) (646,-102) (645,-99) (644,-106) (643,-103) (642,-104) (641,-111) (640,-112) (639,-114) (638,-115) (637,-117) (636,-115) (635,-117) (634,-124) (633,-120) (632,-112) (631,-105) (630,-116) (629,-111) (628,-111) (627,-116) (626,-120) (625,-121) (624,-111) (623,-104) (622,-95) (621,-99) (620,-95) (619,-96) (618,-92) (617,-97) (616,-100) (615,-112) (614,-113) (613,-107) (612,-102) (611,-105) (610,-104) (609,-106) (608,-107) (607,-102) (606,-96) (605,-95) (604,-92) (603,-91) (602,-93) (601,-91) (600,-92) (599,-89) (598,-88) (597,-100) (596,-106) (595,-102) (594,-104) (593,-105) (592,-103) (591,-106) (590,-112) (589,-121) (588,-125) (587,-125) (586,-125) (585,-132) (584,-135) (583,-143) (582,-143) (581,-147) (580,-150) (579,-147) (578,-148) (577,-150) (576,-147) (575,-153) (574,-145) (573,-145) (572,-146) (571,-145) (570,-149) (569,-155) (568,-152) (567,-152) (566,-156) (565,-153) (564,-156) (563,-162) (562,-155) (561,-154) (560,-158) (559,-156) (558,-163) (557,-164) (556,-170) (555,-171) (554,-167) (553,-158) (552,-161) (551,-167) (550,-177) (549,-184) (548,-190) (547,-188) (546,-185) (545,-188) (544,-178) (543,-169) (542,-168) (541,-168) (540,-179) (539,-171) (538,-178) (537,-175) (536,-180) (535,-178) (534,-181) (533,-182) (532,-178) (531,-180) (530,-174) (529,-173) (528,-177) (527,-171) (526,-169) (525,-172) (524,-178) (523,-172) (522,-167) (521,-163) (520,-157) (519,-161) (518,-165) (517,-170) (516,-166) (515,-167) (514,-162) (513,-161) (512,-160) (511,-162) (510,-167) (509,-173) (508,-165) (507,-165) (506,-164) (505,-167) (504,-160) (503,-152) (502,-153) (501,-147) (500,-155) (499,-156) (498,-149) (497,-137) (496,-149) (495,-141) (494,-134) (493,-146) (492,-146) (491,-154) (490,-152) (489,-144) (488,-140) (487,-138) (486,-131) (485,-133) (484,-137) (483,-140) (482,-140) (481,-150) (480,-151) (479,-149) (478,-150) (477,-144) (476,-136) (475,-137) (474,-146) (473,-144) (472,-145) (471,-144) (470,-142) (469,-141) (468,-135) (467,-139) (466,-141) (465,-143) (464,-147) (463,-153) (462,-151) (461,-144) (460,-142) (459,-145) (458,-145) (457,-143) (456,-149) (455,-150) (454,-155) (453,-163) (452,-167) (451,-172) (450,-172) (449,-167) (448,-160) (447,-166) (446,-162) (445,-155) (444,-149) (443,-140) (442,-137) (441,-134) (440,-124) (439,-124) (438,-119) (437,-119) (436,-121) (435,-117) (434,-123) (433,-124) (432,-127) (431,-122) (430,-115) (429,-115) (428,-109) (427,-108) (426,-105) (425,-109) (424,-117) (423,-116) (422,-116) (421,-110) (420,-107) (419,-103) (418,-105) (417,-112) (416,-106) (415,-106) (414,-104) (413,-101) (412,-103) (411,-99) (410,-105) (409,-99) (408,-99) (407,-92) (406,-88) (405,-84) (404,-93) (403,-96) (402,-83) (401,-85) (400,-88) (399,-93) (398,-100) (397,-97) (396,-104) (395,-101) (394,-109) (393,-101) (392,-102) (391,-96) (390,-87) (389,-78) (388,-70) (387,-75) (386,-75) (385,-71) (384,-70) (383,-78) (382,-78) (381,-75) (380,-72) (379,-78) (378,-69) (377,-70) (376,-73) (375,-73) (374,-82) (373,-77) (372,-75) (371,-76) (370,-78) (369,-72) (368,-71) (367,-72) (366,-67) (365,-62) (364,-59) (363,-62) (362,-65) (361,-66) (360,-62) (359,-54) (358,-56) (357,-53) (356,-62) (355,-72) (354,-67) (353,-64) (352,-61) (351,-62) (350,-61) (349,-67) (348,-63) (347,-61) (346,-59) (345,-51) (344,-53) (343,-47) (342,-47) (341,-53) (340,-60) (339,-64) (338,-64) (337,-63) (336,-60) (335,-63) (334,-68) (333,-77) (332,-74) (331,-66) (330,-67) (329,-60) (328,-55) (327,-59) (326,-63) (325,-58) (324,-65) (323,-62) (322,-62) (321,-54) (320,-50) (319,-43) (318,-40) (317,-41) (316,-35) (315,-35) (314,-36) (313,-43) (312,-57) (311,-60) (310,-68) (309,-64) (308,-65) (307,-64) (306,-69) (305,-69) (304,-69) (303,-69) (302,-71) (301,-70) (300,-70) (299,-70) (298,-62) (297,-56) (296,-57) (295,-61) (294,-65) (293,-69) (292,-68) (291,-77) (290,-79) (289,-77) (288,-73) (287,-70) (286,-84) (285,-88) (284,-85) (283,-94) (282,-100) (281,-104) (280,-103) (279,-102) (278,-100) (277,-100) (276,-104) (275,-103) (274,-96) (273,-97) (272,-97) (271,-90) (270,-81) (269,-71) (268,-67) (267,-68) (266,-73) (265,-74) (264,-85) (263,-79) (262,-88) (261,-87) (260,-80) (259,-68) (258,-68) (257,-65) (256,-64) (255,-58) (254,-60) (253,-67) (252,-70) (251,-66) (250,-64) (249,-61) (248,-57) (247,-55) (246,-49) (245,-49) (244,-51) (243,-53) (242,-49) (241,-48) (240,-44) (239,-42) (238,-36) (237,-31) (236,-30) (235,-28) (234,-23) (233,-13) (232,-13) (231,-14) (230,-20) (229,-13) (228,-12) (227,-14) (226,-14) (225,-18) (224,-3) (223,0) (222,-8) (221,-8) (220,-13) (219,-17) (218,-14) (217,-9) (216,-5) (215,-3) (214,-2) (213,-7) (212,-3) (211,-7) (210,-11) (209,-15) (208,-15) (207,-22) (206,-26) (205,-23) (204,-23) (203,-33) (202,-37) (201,-36) (200,-27) (199,-19) (198,-14) (197,-16) (196,-12) (195,-20) (194,-16) (193,-18) (192,-15) (191,-9) (190,-15) (189,-8) (188,-7) (187,-2) (186,-9) (185,-1) (184,4) (183,2) (182,6) (181,-2) (180,-7) (179,-7) (178,-11) (177,-3) (176,1) (175,-1) (174,-5) (173,-12) (172,-20) (171,-13) (170,-10) (169,-12) (168,-13) (167,-21) (166,-21) (165,-18) (164,-18) (163,-10) (162,-8) (161,-2) (160,0) (159,-2) (158,-6) (157,-16) (156,-7) (155,-2) (154,-2) (153,-5) (152,-6) (151,-7) (150,-3) (149,-8) (148,-2) (147,-5) (146,-2) (145,-11) (144,-4) (143,0) (142,1) (141,-7) (140,-11) (139,-15) (138,-15) (137,-20) (136,-21) (135,-28) (134,-29) (133,-28) (132,-18) (131,-23) (130,-18) (129,-18) (128,-7) (127,-9) (126,-6) (125,-9) (124,-11) (123,1) (122,2) (121,-2) (120,4) (119,3) (118,-3) (117,2) (116,-4) (115,-4) (114,-4) (113,0) (112,-8) (111,-12) (110,-16) (109,-18) (108,-18) (107,-15) (106,-13) (105,-5) (104,-7) (103,1) (102,10) (101,10) (100,7) (99,15) (98,24) (97,21) (96,23) (95,21) (94,17) (93,18) (92,24) (91,27) (90,31) (89,31) (88,27) (87,36) (86,31) (85,26) (84,26) (83,28) (82,19) (81,22) (80,15) (79,13) (78,11) (77,10) (76,10) (75,9) (74,-1) (73,6) (72,11) (71,14) (70,19) (69,23) (68,30) (67,37) (66,40) (65,40) (64,41) (63,49) (62,42) (61,50) (60,56) (59,52) (58,58) (57,58) (56,64) (55,57) (54,57) (53,41) (52,49) (51,47) (50,52) (49,48) (48,45) (47,44) (46,45) (45,51) (44,52) (43,57) (42,48) (41,55) (40,55) (39,59) (38,56) (37,56) (36,54) (35,41) (34,34) (33,33) (32,36) (31,39) (30,41) (29,30) (28,28) (27,19) (26,21) (25,10) (24,18) (23,14) (22,12) (21,16) (20,19) (19,30) (18,30) (17,30) (16,32) (15,33) (14,39) (13,34) (12,31) (11,25) (10,15) (9,10) (8,11) (7,19) (6,15) (5,8) (4,4) (3,2) (2,9) (1,2) (0,-3) 
TD 1 :
(999,-30) (995,-25) (929,-8) (56,64) (39,59) (14,39) (2,9) (0,-3) (1,2) 
(999,-30) (995,-25) (929,-8) (56,64) (39,59) (14,39) (2,9) (0,-3) (3,2) (4,4) (5,8) (6,15) (7,19) (8,11) (9,10) (10,15) (11,25) (12,31) (13,34) 
(999,-30) (995,-25) (929,-8) (56,64) (39,59) (14,39) (2,9) (0,-3) (15,33) (16,32) (17,30) (18,30) (19,30) (20,19) (21,16) (22,12) (23,14) (24,18) (25,10) (26,21) (27,19) (28,28) (29,30) (30,41) (31,39) (32,36) (33,33) (34,34) (35,41) (36,54) (37,56) (38,56) 
(999,-30) (995,-25) (929,-8) (56,64) (39,59) (14,39) (2,9) (0,-3) (40,55) (41,55) (42,48) (43,57) (44,52) (45,51) (46,45) (47,44) (48,45) (49,48) (50,52) (51,47) (52,49) (53,41) (54,57) (55,57) 
(999,-30) (995,-25) (929,-8) (56,64) (39,59) (14,39) (2,9) (0,-3) (57,58) (58,58) (59,52) (60,56) (61,50) (62,42) (63,49) (64,41) (65,40) (66,40) (67,37) (68,30) (69,23) (70,19) (71,14) (72,11) (73,6) (74,-1) (75,9) (76,10) (77,10) (78,11) (79,13) (80,15) (81,22) (82,19) (83,28) (84,26) (85,26) (86,31) (87,36) (88,27) (89,31) (90,31) (91,27) (92,24) (93,18) (94,17) (95,21) (96,23) (97,21) (98,24) (99,15) (100,7) (101,10) (102,10) (103,1) (104,-7) (105,-5) (106,-13) (107,-15) (108,-18) (109,-18) (110,-16) (111,-12) (112,-8) (113,0) (114,-4) (115,-4) (116,-4) (117,2) (118,-3) (119,3) (120,4) (121,-2) (122,2) (123,1) (124,-11) (125,-9) (126,-6) (127,-9) (128,-7) (129,-18) (130,-18) (131,-23) (132,-18) (133,-28) (134,-29) (135,-28) (136,-21) (137,-20) (138,-15) (139,-15) (140,-11) (141,-7) (142,1) (143,0) (144,-4) (145,-11) (146,-2) (147,-5) (148,-2) (149,-8) (150,-3) (151,-7) (152,-6) (153,-5) (154,-2) (155,-2) (156,-7) (157,-16) (158,-6) (159,-2) (160,0) (161,-2) (162,-8) (163,-10) (164,-18) (165,-18) (166,-21) (167,-21) (168,-13) (169,-12) (170,-10) (171,-13) (172,-20) (173,-12) (174,-5) (175,-1) (176,1) (177,-3) (178,-11) (179,-7) (180,-7) (181,-2) (182,6) (183,2) (184,4) (185,-1) (186,-9) (187,-2) (188,-7) (189,-8) (190,-15) (191,-9) (192,-15) (193,-18) (194,-16) (195,-20) (196,-12) (197,-16) (198,-14) (199,-19) (200,-27) (201,-36) (202,-37) (203,-33) (204,-23) (205,-23) (206,-26) (207,-22) (208,-15) (209,-15) (210,-11) (211,-7) (212,-3) (213,-7) (214,-2) (215,-3) (216,-5) (217,-9) (218,-14) (219,-17) (220,-13) (221,-8) (222,-8) (223,0) (224,-3) (225,-18) (226,-14) (227,-14) (228,-12) (229,-13) (230,-20) (231,-14) (232,-13) (233,-13) (234,-23) (235,-28) (236,-30) (237,-31) (238,-36) (239,-42) (240,-44) (241,-48) (242,-49) (243,-53) (244,-51) (245,-49) (246,-49) (247,-55) (248,-57) (249,-61) (250,-64) (251,-66) (252,-70) (253,-67) (254,-60) (255,-58) (256,-64) (257,-65) (258,-68) (259,-68) (260,-80) (261,-87) (262,-88) (263,-79) (264,-85) (265,-74) (266,-73) (267,-68) (268,-67) (269,-71) (270,-81) (271,-90) (272,-97) (273,-97) (274,-96) (275,-103) (276,-104) (277,-100) (278,-100) (279,-102) (280,-103) (281,-104) (282,-100) (283,-94) (284,-85) (285,-88) (286,-84) (287,-70) (288,-73) (289,-77) (290,-79) (291,-77) (292,-68) (293,-69) (294,-65) (295,-61) (296,-57) (297,-56) (298,-62) (299,-70) (300,-70) (301,-70) (302,-71) (303,-69) (304,-69) (305,-69) (306,-69) (307,-64) (308,-65) (309,-64) (310,-68) (311,-60) (312,-57) (313,-43) (314,-36) (315,-35) (316,-35) (317,-41) (318,-40) (319,-43) (320,-50) (321,-54) (322,-62) (323,-62) (324,-65) (325,-58) (326,-63) (327,-59) (328,-55) (329,-60) (330,-67) (331,-66) (332,-74) (333,-77) (334,-68) (335,-63) (336,-60) (337,-63) (338,-64) (339,-64) (340,-60) (341,-53) (342,-47) (343,-47) (344,-53) (345,-51) (346,-59) (347,-61) (348,-63) (349,-67) (350,-61) (351,-62) (352,-61) (353,-64) (354,-67) (355,-72) (356,-62) (357,-53) (358,-56) (359,-54) (360,-62) (361,-66) (362,-65) (363,-62) (364,-59) (365,-62) (366,-67) (367,-72) (368,-71) (369,-72) (370,-78) (371,-76) (372,-75) (373,-77) (374,-82) (375,-73) (376,-73) (377,-70) (378,-69) (379,-78) (380,-72) (381,-75) (382,-78) (383,-78) (384,-70) (385,-71) (386,-75) (387,-75) (388,-70) (389,-78) (390,-87) (391,-96) (392,-102) (393,-101) (394,-109) (395,-101) (396,-104) (397,-97) (398,-100) (399,-93) (400,-88) (401,-85) (402,-83) (403,-96) (404,-93) (405,-84) (406,-88) (407,-92) (408,-99) (409,-99) (410,-105) (411,-99) (412,-103) (413,-101) (414,-104) (415,-106) (416,-106) (417,-112) (418,-105) (419,-103) (420,-107) (421,-110) (422,-116) (423,-116) (424,-117) (425,-109) (426,-105) (427,-108) (428,-109) (429,-115) (430,-115) (431,-122) (432,-127) (433,-124) (434,-123) (435,-117) (436,-121) (437,-119) (438,-119) (439,-124) (440,-124) (441,-134) (442,-137) (443,-140) (444,-149) (445,-155) (446,-162) (447,-166) (448,-160) (449,-167) (450,-172) (451,-172) (452,-167) (453,-163) (454,-155) (455,-150) (456,-149) (457,-143) (458,-145) (459,-145) (460,-142) (461,-144) (462,-151) (463,-153) (464,-147) (465,-143) (466,-141) (467,-139) (468,-135) (469,-141) (470,-142) (471,-144) (472,-145) (473,-144) (474,-146) (475,-137) (476,-136) (477,-144) (478,-150) (479,-149) (480,-151) (481,-150) (482,-140) (483,-140) (484,-137) (485,-133) (486,-131) (487,-138) (488,-140) (489,-144) (490,-152) (491,-154) (492,-146) (493,-146) (494,-134) (495,-141) (496,-149) (497,-137) (498,-149) (499,-156) (500,-155) (501,-147) (502,-153) (503,-152) (504,-160) (505,-167) (506,-164) (507,-165) (508,-165) (509,-173) (510,-167) (511,-162) (512,-160) (513,-161) (514,-162) (515,-167) (516,-166) (517,-170) (518,-165) (519,-161) (520,-157) (521,-163) (522,-167) (523,-172) (524,-178) (525,-172) (526,-169) (527,-171) (528,-177) (529,-173) (530,-174) (531,-180) (532,-178) (533,-182) (534,-181) (535,-178) (536,-180) (537,-175) (538,-178) (539,-171) (540,-179) (541,-168) (542,-168) (543,-169) (544,-178) (545,-188) (546,-185) (547,-188) (548,-190) (549,-184) (550,-177) (551,-167) (552,-161) (553,-158) (554,-167) (555,-171) (556,-170) (557,-164) (558,-163) (559,-156) (560,-158) (561,-154) (562,-155) (563,-162) (564,-156) (565,-153) (566,-156) (567,-152) (568,-152) (569,-155) (570,-149) (571,-145) (572,-146) (573,-145) (574,-145) (575,-153) (576,-147) (577,-150) (578,-148) (579,-147) (580,-150) (581,-147) (582,-143) (583,-143) (584,-135) (585,-132) (586,-125) (587,-125) (588,-125) (589,-121) (590,-112) (591,-106) (592,-103) (593,-105) (594,-104) (595,-102) (596,-106) (597,-100) (598,-88) (599,-89) (600,-92) (601,-91) (602,-93) (603,-91) (604,-92) (605,-95) (606,-96) (607,-102) (608,-107) (609,-106) (610,-104) (611,-105) (612,-102) (613,-107) (614,-113) (615,-112) (616,-100) (617,-97) (618,-92) (619,-96) (620,-95) (621,-99) (622,-95) (623,-104) (624,-111) (625,-121) (626,-120) (627,-116) (628,-111) (629,-111) (630,-116) (631,-105) (632,-112) (633,-120) (634,-124) (635,-117) (636,-115) (637,-117) (638,-115) (639,-114) (640,-112) (641,-111) (642,-104) (643,-103) (644,-106) (645,-99) (646,-102) (647,-94) (648,-89) (649,-86) (650,-85) (651,-84) (652,-83) (653,-81) (654,-89) (655,-81) (656,-84) (657,-82) (658,-83) (659,-85) (660,-85) (661,-90) (662,-90) (663,-95) (664,-98) (665,-100) (666,-100) (667,-104) (668,-103) (669,-105) (670,-102) (671,-98) (672,-98) (673,-102) (674,-97) (675,-100) (676,-93) (677,-100) (678,-96) (679,-97) (680,-101) (681,-107) (682,-97) (683,-98) (684,-99) (685,-92) (686,-97) (687,-98) (688,-100) (689,-100) (690,-105) (691,-103) (692,-109) (693,-103) (694,-106) (695,-110) (696,-109) (697,-108) (698,-107) (699,-104) (700,-104) (701,-104) (702,-104) (703,-102) (704,-107) (705,-108) (706,-112) (707,-118) (708,-107) (709,-106) (710,-111) (711,-107) (712,-111) (713,-115) (714,-115) (715,-115) (716,-106) (717,-107) (718,-101) (719,-106) (720,-105) (721,-107) (722,-104) (723,-108) (724,-117) (725,-121) (726,-122) (727,-122) (728,-124) (729,-129) (730,-128) (731,-130) (732,-125) (733,-124) (734,-128) (735,-125) (736,-128) (737,-131) (738,-130) (739,-133) (740,-135) (741,-141) (742,-140) (743,-140) (744,-137) (745,-137) (746,-134) (747,-131) (748,-122) (749,-124) (750,-130) (751,-127) (752,-135) (753,-136) (754,-132) (755,-135) (756,-143) (757,-144) (758,-145) (759,-145) (760,-137) (761,-136) (762,-123) (763,-129) (764,-128) (765,-129) (766,-129) (767,-136) (768,-136) (769,-132) (770,-133) (771,-138) (772,-149) (773,-144) (774,-144) (775,-147) (776,-145) (777,-149) (778,-153) (779,-155) (780,-155) (781,-150) (782,-145) (783,-142) (784,-140) (785,-139) (786,-138) (787,-143) (788,-137) (789,-129) (790,-125) (791,-122) (792,-116) (793,-107) (794,-105) (795,-98) (796,-95) (797,-90) (798,-94) (799,-94) (800,-91) (801,-97) (802,-88) (803,-86) (804,-92) (805,-91) (806,-95) (807,-96) (808,-100) (809,-104) (810,-103) (811,-109) (812,-104) (813,-106) (814,-107) (815,-102) (816,-99) (817,-98) (818,-94) (819,-93) (820,-90) (821,-91) (822,-95) (823,-97) (824,-95) (825,-95) (826,-88) (827,-89) (828,-93) (829,-93) (830,-100) (831,-95) (832,-99) (833,-92) (834,-91) (835,-87) (836,-91) (837,-80) (838,-86) (839,-84) (840,-83) (841,-94) (842,-90) (843,-87) (844,-87) (845,-90) (846,-83) (847,-90) (848,-92) (849,-93) (850,-98) (851,-92) (852,-99) (853,-99) (854,-96) (855,-92) (856,-86) (857,-94) (858,-101) (859,-99) (860,-98) (861,-104) (862,-101) (863,-99) (864,-97) (865,-97) (866,-98) (867,-92) (868,-89) (869,-86) (870,-85) (871,-88) (872,-89) (873,-92) (874,-82) (875,-80) (876,-75) (877,-75) (878,-73) (879,-72) (880,-66) (881,-69) (882,-69) (883,-70) (884,-72) (885,-76) (886,-73) (887,-71) (888,-69) (889,-70) (890,-69) (891,-64) (892,-65) (893,-58) (894,-56) (895,-50) (896,-48) (897,-36) (898,-34) (899,-22) (900,-27) (901,-25) (902,-27) (903,-31) (904,-30) (905,-37) (906,-32) (907,-33) (908,-29) (909,-25) (910,-34) (911,-36) (912,-37) (913,-39) (914,-32) (915,-32) (916,-38) (917,-35) (918,-35) (919,-33) (920,-29) (921,-28) (922,-25) (923,-17) (924,-11) (925,-16) (926,-16) (927,-13) (928,-8) 
(999,-30) (995,-25) (929,-8) (56,64) (39,59) (14,39) (2,9) (0,-3) (930,-12) (931,-22) (932,-16) (933,-27) (934,-28) (935,-19) (936,-28) (937,-27) (938,-23) (939,-24) (940,-23) (941,-29) (942,-25) (943,-24) (944,-26) (945,-28) (946,-23) (947,-28) (948,-34) (949,-35) (950,-33) (951,-32) (952,-37) (953,-41) (954,-43) (955,-45) (956,-49) (957,-52) (958,-64) (959,-62) (960,-59) (961,-60) (962,-54) (963,-55) (964,-49) (965,-42) (966,-41) (967,-39) (968,-35) (969,-40) (970,-47) (971,-46) (972,-50) (973,-47) (974,-56) (975,-56) (976,-52) (977,-51) (978,-47) (979,-46) (980,-51) (981,-42) (982,-41) (983,-36) (984,-34) (985,-34) (986,-33) (987,-36) (988,-38) (989,-29) (990,-35) (991,-30) (992,-27) (993,-30) (994,-25) 
(999,-30) (995,-25) (929,-8) (56,64) (39,59) (14,39) (2,9) (0,-3) (996,-32) (997,-29) (998,-32) 
TD 2 :
(999,-30) (995,-25) (929,-8) (56,64) (39,59) (14,39) (2,9) (0,-3) (1,2) 
(999,-30) (995,-25) (929,-8) (56,64) (39,59) (14,39) (2,9) (0,-3) (13,34) (7,19) (3,2) (4,4) (5,8) (6,15) 
(999,-30) (995,-25) (929,-8) (56,64) (39,59) (14,39) (2,9) (0,-3) (13,34) (7,19) (8,11) (9,10) (10,15) (11,25) (12,31) 
(999,-30) (995,-25) (929,-8) (56,64) (39,59) (14,39) (2,9) (0,-3) (13,34) (7,19) 
(999,-30) (995,-25) (929,-8) (56,64) (39,59) (14,39) (2,9) (0,-3) (37,56) (15,33) (16,32) (17,30) (18,30) (19,30) (20,19) (21,16) (22,12) (23,14) (24,18) (25,10) (26,21) (27,19) (28,28) (29,30) (30,41) (31,39) (32,36) (33,33) (34,34) (35,41) (36,54) 
(999,-30) (995,-25) (929,-8) (56,64) (39,59) (14,39) (2,9) (0,-3) (37,56) (38,56) 
(999,-30) (995,-25) (929,-8) (56,64) (39,59) (14,39) (2,9) (0,-3) (43,57) (40,55) (41,55) (42,48) 
(999,-30) (995,-25) (929,-8) (56,64) (39,59) (14,39) (2,9) (0,-3) (43,57) (44,52) (45,51) (46,45) (47,44) (48,45) (49,48) (50,52) (51,47) (52,49) (53,41) (54,57) (55,57) 
(999,-30) (995,-25) (929,-8) (56,64) (39,59) (14,39) (2,9) (0,-3) (928,-8) (58,58) (57,58) 
(999,-30) (995,-25) (929,-8) (56,64) (39,59) (14,39) (2,9) (0,-3) (928,-8) (58,58) (57,58) 
(999,-30) (995,-25) (929,-8) (56,64) (39,59) (14,39) (2,9) (0,-3) (928,-8) (58,58) (57,58) (59,52) (60,56) (61,50) (62,42) (63,49) (64,41) (65,40) (66,40) (67,37) (68,30) (69,23) (70,19) (71,14) (72,11) (73,6) (74,-1) (75,9) (76,10) (77,10) (78,11) (79,13) (80,15) (81,22) (82,19) (83,28) (84,26) (85,26) (86,31) (87,36) (88,27) (89,31) (90,31) (91,27) (92,24) (93,18) (94,17) (95,21) (96,23) (97,21) (98,24) (99,15) (100,7) (101,10) (102,10) (103,1) (104,-7) (105,-5) (106,-13) (107,-15) (108,-18) (109,-18) (110,-16) (111,-12) (112,-8) (113,0) (114,-4) (115,-4) (116,-4) (117,2) (118,-3) (119,3) (120,4) (121,-2) (122,2) (123,1) (124,-11) (125,-9) (126,-6) (127,-9) (128,-7) (129,-18) (130,-18) (131,-23) (132,-18) (133,-28) (134,-29) (135,-28) (136,-21) (137,-20) (138,-15) (139,-15) (140,-11) (141,-7) (142,1) (143,0) (144,-4) (145,-11) (146,-2) (147,-5) (148,-2) (149,-8) (150,-3) (151,-7) (152,-6) (153,-5) (154,-2) (155,-2) (156,-7) (157,-16) (158,-6) (159,-2) (160,0) (161,-2) (162,-8) (163,-10) (164,-18) (165,-18) (166,-21) (167,-21) (168,-13) (169,-12) (170,-10) (171,-13) (172,-20) (173,-12) (174,-5) (175,-1) (176,1) (177,-3) (178,-11) (179,-7) (180,-7) (181,-2) (182,6) (183,2) (184,4) (185,-1) (186,-9) (187,-2) (188,-7) (189,-8) (190,-15) (191,-9) (192,-15) (193,-18) (194,-16) (195,-20) (196,-12) (197,-16) (198,-14) (199,-19) (200,-27) (201,-36) (202,-37) (203,-33) (204,-23) (205,-23) (206,-26) (207,-22) (208,-15) (209,-15) (210,-11) (211,-7) (212,-3) (213,-7) (214,-2) (215,-3) (216,-5) (217,-9) (218,-14) (219,-17) (220,-13) (221,-8) (222,-8) (223,0) (224,-3) (225,-18) (226,-14) (227,-14) (228,-12) (229,-13) (230,-20) (231,-14) (232,-13) (233,-13) (234,-23) (235,-28) (236,-30) (237,-31) (238,-36) (239,-42) (240,-44) (241,-48) (242,-49) (243,-53) (244,-51) (245,-49) (246,-49) (247,-55) (248,-57) (249,-61) (250,-64) (251,-66) (252,-70) (253,-67) (254,-60) (255,-58) (256,-64) (257,-65) (258,-68) (259,-68) (260,-80) (261,-87) (262,-88) (263,-79) (264,-85) (265,-74) (266,-73) (267,-68) (268,-67) (269,-71) (270,-81) (271,-90) (272,-97) (273,-97) (274,-96) (275,-103) (276,-104) (277,-100) (278,-100) (279,-102) (280,-103) (281,-104) (282,-100) (283,-94) (284,-85) (285,-88) (286,-84) (287,-70) (288,-73) (289,-77) (290,-79) (291,-77) (292,-68) (293,-69) (294,-65) (295,-61) (296,-57) (297,-56) (298,-62) (299,-70) (300,-70) (301,-70) (302,-71) (303,-69) (304,-69) (305,-69) (306,-69) (307,-64) (308,-65) (309,-64) (310,-68) (311,-60) (312,-57) (313,-43) (314,-36) (315,-35) (316,-35) (317,-41) (318,-40) (319,-43) (320,-50) (321,-54) (322,-62) (323,-62) (324,-65) (325,-58) (326,-63) (327,-59) (328,-55) (329,-60) (330,-67) (331,-66) (332,-74) (333,-77) (334,-68) (335,-63) (336,-60) (337,-63) (338,-64) (339,-64) (340,-60) (341,-53) (342,-47) (343,-47) (344,-53) (345,-51) (346,-59) (347,-61) (348,-63) (349,-67) (350,-61) (351,-62) (352,-61) (353,-64) (354,-67) (355,-72) (356,-62) (357,-53) (358,-56) (359,-54) (360,-62) (361,-66) (362,-65) (363,-62) (364,-59) (365,-62) (366,-67) (367,-72) (368,-71) (369,-72) (370,-78) (371,-76) (372,-75) (373,-77) (374,-82) (375,-73) (376,-73) (377,-70) (378,-69) (379,-78) (380,-72) (381,-75) (382,-78) (383,-78) (384,-70) (385,-71) (386,-75) (387,-75) (388,-70) (389,-78) (390,-87) (391,-96) (392,-102) (393,-101) (394,-109) (395,-101) (396,-104) (397,-97) (398,-100) (399,-93) (400,-88) (401,-85) (402,-83) (403,-96) (404,-93) (405,-84) (406,-88) (407,-92) (408,-99) (409,-99) (410,-105) (411,-99) (412,-103) (413,-101) (414,-104) (415,-106) (416,-106) (417,-112) (418,-105) (419,-103) (420,-107) (421,-110) (422,-116) (423,-116) (424,-117) (425,-109) (426,-105) (427,-108) (428,-109) (429,-115) (430,-115) (431,-122) (432,-127) (433,-124) (434,-123) (435,-117) (436,-121) (437,-119) (438,-119) (439,-124) (440,-124) (441,-134) (442,-137) (443,-140) (444,-149) (445,-155) (446,-162) (447,-166) (448,-160) (449,-167) (450,-172) (451,-172) (452,-167) (453,-163) (454,-155) (455,-150) (456,-149) (457,-143) (458,-145) (459,-145) (460,-142) (461,-144) (462,-151) (463,-153) (464,-147) (465,-143) (466,-141) (467,-139) (468,-135) (469,-141) (470,-142) (471,-144) (472,-145) (473,-144) (474,-146) (475,-137) (476,-136) (477,-144) (478,-150) (479,-149) (480,-151) (481,-150) (482,-140) (483,-140) (484,-137) (485,-133) (486,-131) (487,-138) (488,-140) (489,-144) (490,-152) (491,-154) (492,-146) (493,-146) (494,-134) (495,-141) (496,-149) (497,-137) (498,-149) (499,-156) (500,-155) (501,-147) (502,-153) (503,-152) (504,-160) (505,-167) (506,-164) (507,-165) (508,-165) (509,-173) (510,-167) (511,-162) (512,-160) (513,-161) (514,-162) (515,-167) (516,-166) (517,-170) (518,-165) (519,-161) (520,-157) (521,-163) (522,-167) (523,-172) (524,-178) (525,-172) (526,-169) (527,-171) (528,-177) (529,-173) (530,-174) (531,-180) (532,-178) (533,-182) (534,-181) (535,-178) (536,-180) (537,-175) (538,-178) (539,-171) (540,-179) (541,-168) (542,-168) (543,-169) (544,-178) (545,-188) (546,-185) (547,-188) (548,-190) (549,-184) (550,-177) (551,-167) (552,-161) (553,-158) (554,-167) (555,-171) (556,-170) (557,-164) (558,-163) (559,-156) (560,-158) (561,-154) (562,-155) (563,-162) (564,-156) (565,-153) (566,-156) (567,-152) (568,-152) (569,-155) (570,-149) (571,-145) (572,-146) (573,-145) (574,-145) (575,-153) (576,-147) (577,-150) (578,-148) (579,-147) (580,-150) (581,-147) (582,-143) (583,-143) (584,-135) (585,-132) (586,-125) (587,-125) (588,-125) (589,-121) (590,-112) (591,-106) (592,-103) (593,-105) (594,-104) (595,-102) (596,-106) (597,-100) (598,-88) (599,-89) (600,-92) (601,-91) (602,-93) (603,-91) (604,-92) (605,-95) (606,-96) (607,-102) (608,-107) (609,-106) (610,-104) (611,-105) (612,-102) (613,-107) (614,-113) (615,-112) (616,-100) (617,-97) (618,-92) (619,-96) (620,-95) (621,-99) (622,-95) (623,-104) (624,-111) (625,-121) (626,-120) (627,-116) (628,-111) (629,-111) (630,-116) (631,-105) (632,-112) (633,-120) (634,-124) (635,-117) (636,-115) (637,-117) (638,-115) (639,-114) (640,-112) (641,-111) (642,-104) (643,-103) (644,-106) (645,-99) (646,-102) (647,-94) (648,-89) (649,-86) (650,-85) (651,-84) (652,-83) (653,-81) (654,-89) (655,-81) (656,-84) (657,-82) (658,-83) (659,-85) (660,-85) (661,-90) (662,-90) (663,-95) (664,-98) (665,-100) (666,-100) (667,-104) (668,-103) (669,-105) (670,-102) (671,-98) (672,-98) (673,-102) (674,-97) (675,-100) (676,-93) (677,-100) (678,-96) (679,-97) (680,-101) (681,-107) (682,-97) (683,-98) (684,-99) (685,-92) (686,-97) (687,-98) (688,-100) (689,-100) (690,-105) (691,-103) (692,-109) (693,-103) (694,-106) (695,-110) (696,-109) (697,-108) (698,-107) (699,-104) (700,-104) (701,-104) (702,-104) (703,-102) (704,-107) (705,-108) (706,-112) (707,-118) (708,-107) (709,-106) (710,-111) (711,-107) (712,-111) (713,-115) (714,-115) (715,-115) (716,-106) (717,-107) (718,-101) (719,-106) (720,-105) (721,-107) (722,-104) (723,-108) (724,-117) (725,-121) (726,-122) (727,-122) (728,-124) (729,-129) (730,-128) (731,-130) (732,-125) (733,-124) (734,-128) (735,-125) (736,-128) (737,-131) (738,-130) (739,-133) (740,-135) (741,-141) (742,-140) (743,-140) (744,-137) (745,-137) (746,-134) (747,-131) (748,-122) (749,-124) (750,-130) (751,-127) (752,-135) (753,-136) (754,-132) (755,-135) (756,-143) (757,-144) (758,-145) (759,-145) (760,-137) (761,-136) (762,-123) (763,-129) (764,-128) (765,-129) (766,-129) (767,-136) (768,-136) (769,-132) (770,-133) (771,-138) (772,-149) (773,-144) (774,-144) (775,-147) (776,-145) (777,-149) (778,-153) (779,-155) (780,-155) (781,-150) (782,-145) (783,-142) (784,-140) (785,-139) (786,-138) (787,-143) (788,-137) (789,-129) (790,-125) (791,-122) (792,-116) (793,-107) (794,-105) (795,-98) (796,-95) (797,-90) (798,-94) (799,-94) (800,-91) (801,-97) (802,-88) (803,-86) (804,-92) (805,-91) (806,-95) (807,-96) (808,-100) (809,-104) (810,-103) (811,-109) (812,-104) (813,-106) (814,-107) (815,-102) (816,-99) (817,-98) (818,-94) (819,-93) (820,-90) (821,-91) (822,-95) (823,-97) (824,-95) (825,-95) (826,-88) (827,-89) (828,-93) (829,-93) (830,-100) (831,-95) (832,-99) (833,-92) (834,-91) (835,-87) (836,-91) (837,-80) (838,-86) (839,-84) (840,-83) (841,-94) (842,-90) (843,-87) (844,-87) (845,-90) (846,-83) (847,-90) (848,-92) (849,-93) (850,-98) (851,-92) (852,-99) (853,-99) (854,-96) (855,-92) (856,-86) (857,-94) (858,-101) (859,-99) (860,-98) (861,-104) (862,-101) (863,-99) (864,-97) (865,-97) (866,-98) (867,-92) (868,-89) (869,-86) (870,-85) (871,-88) (872,-89) (873,-92) (874,-82) (875,-80) (876,-75) (877,-75) (878,-73) (879,-72) (880,-66) (881,-69) (882,-69) (883,-70) (884,-72) (885,-76) (886,-73) (887,-71) (888,-69) (889,-70) (890,-69) (891,-64) (892,-65) (893,-58) (894,-56) (895,-50) (896,-48) (897,-36) (898,-34) (899,-22) (900,-27) (901,-25) (902,-27) (903,-31) (904,-30) (905,-37) (906,-32) (907,-33) (908,-29) (909,-25) (910,-34) (911,-36) (912,-37) (913,-39) (914,-32) (915,-32) (916,-38) (917,-35) (918,-35) (919,-33) (920,-29) (921,-28) (922,-25) (923,-17) (924,-11) (925,-16) (926,-16) (927,-13) 
(999,-30) (995,-25) (929,-8) (56,64) (39,59) (14,39) (2,9) (0,-3) (928,-8) (58,58) (57,58) 
(999,-30) (995,-25) (929,-8) (56,64) (39,59) (14,39) (2,9) (0,-3) (994,-25) (930,-12) (931,-22) (932,-16) (933,-27) (934,-28) (935,-19) (936,-28) (937,-27) (938,-23) (939,-24) (940,-23) (941,-29) (942,-25) (943,-24) (944,-26) (945,-28) (946,-23) (947,-28) (948,-34) (949,-35) (950,-33) (951,-32) (952,-37) (953,-41) (954,-43) (955,-45) (956,-49) (957,-52) (958,-64) (959,-62) (960,-59) (961,-60) (962,-54) (963,-55) (964,-49) (965,-42) (966,-41) (967,-39) (968,-35) (969,-40) (970,-47) (971,-46) (972,-50) (973,-47) (974,-56) (975,-56) (976,-52) (977,-51) (978,-47) (979,-46) (980,-51) (981,-42) (982,-41) (983,-36) (984,-34) (985,-34) (986,-33) (987,-36) (988,-38) (989,-29) (990,-35) (991,-30) (992,-27) (993,-30) 
(999,-30) (995,-25) (929,-8) (56,64) (39,59) (14,39) (2,9) (0,-3) (994,-25) 
(999,-30) (995,-25) (929,-8) (56,64) (39,59) (14,39) (2,9) (0,-3) (998,-32) (997,-29) (996,-32) 
(999,-30) (995,-25) (929,-8) (56,64) (39,59) (14,39) (2,9) (0,-3) (998,-32) (997,-29) 
TD 3 :
(999,-30) (995,-25) (929,-8) (56,64) (39,59) (14,39) (2,9) (0,-3) (13,34) (7,19) (6,15) (3,2) (4,4) (5,8) 
(999,-30) (995,-25) (929,-8) (56,64) (39,59) (14,39) (2,9) (0,-3) (13,34) (7,19) (6,15) (3,2) 
(999,-30) (995,-25) (929,-8) (56,64) (39,59) (14,39) (2,9) (0,-3) (13,34) (7,19) (12,31) (8,11) (9,10) (10,15) (11,25) 
(999,-30) (995,-25) (929,-8) (56,64) (39,59) (14,39) (2,9) (0,-3) (13,34) (7,19) (12,31) 
(999,-30) (995,-25) (929,-8) (56,64) (39,59) (14,39) (2,9) (0,-3) (37,56) (38,56) 
(999,-30) (995,-25) (929,-8) (56,64) (39,59) (14,39) (2,9) (0,-3) (37,56) (38,56) 
(999,-30) (995,-25) (929,-8) (56,64) (39,59) (14,39) (2,9) (0,-3) (43,57) (55,57) (54,57) (44,52) (45,51) (46,45) (47,44) (48,45) (49,48) (50,52) (51,47) (52,49) (53,41) 
(999,-30) (995,-25) (929,-8) (56,64) (39,59) (14,39) (2,9) (0,-3) (43,57) (55,57) (54,57) 
(999,-30) (995,-25) (929,-8) (56,64) (39,59) (14,39) (2,9) (0,-3) (43,57) (55,57) (54,57) 
(999,-30) (995,-25) (929,-8) (56,64) (39,59) (14,39) (2,9) (0,-3) (928,-8) (58,58) (57,58) (924,-11) (59,52) (60,56) (61,50) (62,42) (63,49) (64,41) (65,40) (66,40) (67,37) (68,30) (69,23) (70,19) (71,14) (72,11) (73,6) (74,-1) (75,9) (76,10) (77,10) (78,11) (79,13) (80,15) (81,22) (82,19) (83,28) (84,26) (85,26) (86,31) (87,36) (88,27) (89,31) (90,31) (91,27) (92,24) (93,18) (94,17) (95,21) (96,23) (97,21) (98,24) (99,15) (100,7) (101,10) (102,10) (103,1) (104,-7) (105,-5) (106,-13) (107,-15) (108,-18) (109,-18) (110,-16) (111,-12) (112,-8) (113,0) (114,-4) (115,-4) (116,-4) (117,2) (118,-3) (119,3) (120,4) (121,-2) (122,2) (123,1) (124,-11) (125,-9) (126,-6) (127,-9) (128,-7) (129,-18) (130,-18) (131,-23) (132,-18) (133,-28) (134,-29) (135,-28) (136,-21) (137,-20) (138,-15) (139,-15) (140,-11) (141,-7) (142,1) (143,0) (144,-4) (145,-11) (146,-2) (147,-5) (148,-2) (149,-8) (150,-3) (151,-7) (152,-6) (153,-5) (154,-2) (155,-2) (156,-7) (157,-16) (158,-6) (159,-2) (160,0) (161,-2) (162,-8) (163,-10) (164,-18) (165,-18) (166,-21) (167,-21) (168,-13) (169,-12) (170,-10) (171,-13) (172,-20) (173,-12) (174,-5) (175,-1) (176,1) (177,-3) (178,-11) (179,-7) (180,-7) (181,-2) (182,6) (183,2) (184,4) (185,-1) (186,-9) (187,-2) (188,-7) (189,-8) (190,-15) (191,-9) (192,-15) (193,-18) (194,-16) (195,-20) (196,-12) (197,-16) (198,-14) (199,-19) (200,-27) (201,-36) (202,-37) (203,-33) (204,-23) (205,-23) (206,-26) (207,-22) (208,-15) (209,-15) (210,-11) (211,-7) (212,-3) (213,-7) (214,-2) (215,-3) (216,-5) (217,-9) (218,-14) (219,-17) (220,-13) (221,-8) (222,-8) (223,0) (224,-3) (225,-18) (226,-14) (227,-14) (228,-12) (229,-13) (230,-20) (231,-14) (232,-13) (233,-13) (234,-23) (235,-28) (236,-30) (237,-31) (238,-36) (239,-42) (240,-44) (241,-48) (242,-49) (243,-53) (244,-51) (245,-49) (246,-49) (247,-55) (248,-57) (249,-61) (250,-64) (251,-66) (252,-70) (253,-67) (254,-60) (255,-58) (256,-64) (257,-65) (258,-68) (259,-68) (260,-80) (261,-87) (262,-88) (263,-79) (264,-85) (265,-74) (266,-73) (267,-68) (268,-67) (269,-71) (270,-81) (271,-90) (272,-97) (273,-97) (274,-96) (275,-103) (276,-104) (277,-100) (278,-100) (279,-102) (280,-103) (281,-104) (282,-100) (283,-94) (284,-85) (285,-88) (286,-84) (287,-70) (288,-73) (289,-77) (290,-79) (291,-77) (292,-68) (293,-69) (294,-65) (295,-61) (296,-57) (297,-56) (298,-62) (299,-70) (300,-70) (301,-70) (302,-71) (303,-69) (304,-69) (305,-69) (306,-69) (307,-64) (308,-65) (309,-64) (310,-68) (311,-60) (312,-57) (313,-43) (314,-36) (315,-35) (316,-35) (317,-41) (318,-40) (319,-43) (320,-50) (321,-54) (322,-62) (323,-62) (324,-65) (325,-58) (326,-63) (327,-59) (328,-55) (329,-60) (330,-67) (331,-66) (332,-74) (333,-77) (334,-68) (335,-63) (336,-60) (337,-63) (338,-64) (339,-64) (340,-60) (341,-53) (342,-47) (343,-47) (344,-53) (345,-51) (346,-59) (347,-61) (348,-63) (349,-67) (350,-61) (351,-62) (352,-61) (353,-64) (354,-67) (355,-72) (356,-62) (357,-53) (358,-56) (359,-54) (360,-62) (361,-66) (362,-65) (363,-62) (364,-59) (365,-62) (366,-67) (367,-72) (368,-71) (369,-72) (370,-78) (371,-76) (372,-75) (373,-77) (374,-82) (375,-73) (376,-73) (377,-70) (378,-69) (379,-78) (380,-72) (381,-75) (382,-78) (383,-78) (384,-70) (385,-71) (386,-75) (387,-75) (388,-70) (389,-78) (390,-87) (391,-96) (392,-102) (393,-101) (394,-109) (395,-101) (396,-104) (397,-97) (398,-100) (399,-93) (400,-88) (401,-85) (402,-83) (403,-96) (404,-93) (405,-84) (406,-88) (407,-92) (408,-99) (409,-99) (410,-105) (411,-99) (412,-103) (413,-101) (414,-104) (415,-106) (416,-106) (417,-112) (418,-105) (419,-103) (420,-107) (421,-110) (422,-116) (423,-116) (424,-117) (425,-109) (426,-105) (427,-108) (428,-109) (429,-115) (430,-115) (431,-122) (432,-127) (433,-124) (434,-123) (435,-117) (436,-121) (437,-119) (438,-119) (439,-124) (440,-124) (441,-134) (442,-137) (443,-140) (444,-149) (445,-155) (446,-162) (447,-166) (448,-160) (449,-167) (450,-172) (451,-172) (452,-167) (453,-163) (454,-155) (455,-150) (456,-149) (457,-143) (458,-145) (459,-145) (460,-142) (461,-144) (462,-151) (463,-153) (464,-147) (465,-143) (466,-141) (467,-139) (468,-135) (469,-141) (470,-142) (471,-144) (472,-145) (473,-144) (474,-146) (475,-137) (476,-136) (477,-144) (478,-150) (479,-149) (480,-151) (481,-150) (482,-140) (483,-140) (484,-137) (485,-133) (486,-131) (487,-138) (488,-140) (489,-144) (490,-152) (491,-154) (492,-146) (493,-146) (494,-134) (495,-141) (496,-149) (497,-137) (498,-149) (499,-156) (500,-155) (501,-147) (502,-153) (503,-152) (504,-160) (505,-167) (506,-164) (507,-165) (508,-165) (509,-173) (510,-167) (511,-162) (512,-160) (513,-161) (514,-162) (515,-167) (516,-166) (517,-170) (518,-165) (519,-161) (520,-157) (521,-163) (522,-167) (523,-172) (524,-178) (525,-172) (526,-169) (527,-171) (528,-177) (529,-173) (530,-174) (531,-180) (532,-178) (533,-182) (534,-181) (535,-178) (536,-180) (537,-175) (538,-178) (539,-171) (540,-179) (541,-168) (542,-168) (543,-169) (544,-178) (545,-188) (546,-185) (547,-188) (548,-190) (549,-184) (550,-177) (551,-167) (552,-161) (553,-158) (554,-167) (555,-171) (556,-170) (557,-164) (558,-163) (559,-156) (560,-158) (561,-154) (562,-155) (563,-162) (564,-156) (565,-153) (566,-156) (567,-152) (568,-152) (569,-155) (570,-149) (571,-145) (572,-146) (573,-145) (574,-145) (575,-153) (576,-147) (577,-150) (578,-148) (579,-147) (580,-150) (581,-147) (582,-143) (583,-143) (584,-135) (585,-132) (586,-125) (587,-125) (588,-125) (589,-121) (590,-112) (591,-106) (592,-103) (593,-105) (594,-104) (595,-102) (596,-106) (597,-100) (598,-88) (599,-89) (600,-92) (601,-91) (602,-93) (603,-91) (604,-92) (605,-95) (606,-96) (607,-102) (608,-107) (609,-106) (610,-104) (611,-105) (612,-102) (613,-107) (614,-113) (615,-112) (616,-100) (617,-97) (618,-92) (619,-96) (620,-95) (621,-99) (622,-95) (623,-104) (624,-111) (625,-121) (626,-120) (627,-116) (628,-111) (629,-111) (630,-116) (631,-105) (632,-112) (633,-120) (634,-124) (635,-117) (636,-115) (637,-117) (638,-115) (639,-114) (640,-112) (641,-111) (642,-104) (643,-103) (644,-106) (645,-99) (646,-102) (647,-94) (648,-89) (649,-86) (650,-85) (651,-84) (652,-83) (653,-81) (654,-89) (655,-81) (656,-84) (657,-82) (658,-83) (659,-85) (660,-85) (661,-90) (662,-90) (663,-95) (664,-98) (665,-100) (666,-100) (667,-104) (668,-103) (669,-105) (670,-102) (671,-98) (672,-98) (673,-102) (674,-97) (675,-100) (676,-93) (677,-100) (678,-96) (679,-97) (680,-101) (681,-107) (682,-97) (683,-98) (684,-99) (685,-92) (686,-97) (687,-98) (688,-100) (689,-100) (690,-105) (691,-103) (692,-109) (693,-103) (694,-106) (695,-110) (696,-109) (697,-108) (698,-107) (699,-104) (700,-104) (701,-104) (702,-104) (703,-102) (704,-107) (705,-108) (706,-112) (707,-118) (708,-107) (709,-106) (710,-111) (711,-107) (712,-111) (713,-115) (714,-115) (715,-115) (716,-106) (717,-107) (718,-101) (719,-106) (720,-105) (721,-107) (722,-104) (723,-108) (724,-117) (725,-121) (726,-122) (727,-122) (728,-124) (729,-129) (730,-128) (731,-130) (732,-125) (733,-124) (734,-128) (735,-125) (736,-128) (737,-131) (738,-130) (739,-133) (740,-135) (741,-141) (742,-140) (743,-140) (744,-137) (745,-137) (746,-134) (747,-131) (748,-122) (749,-124) (750,-130) (751,-127) (752,-135) (753,-136) (754,-132) (755,-135) (756,-143) (757,-144) (758,-145) (759,-145) (760,-137) (761,-136) (762,-123) (763,-129) (764,-128) (765,-129) (766,-129) (767,-136) (768,-136) (769,-132) (770,-133) (771,-138) (772,-149) (773,-144) (774,-144) (775,-147) (776,-145) (777,-149) (778,-153) (779,-155) (780,-155) (781,-150) (782,-145) (783,-142) (784,-140) (785,-139) (786,-138) (787,-143) (788,-137) (789,-129) (790,-125) (791,-122) (792,-116) (793,-107) (794,-105) (795,-98) (796,-95) (797,-90) (798,-94) (799,-94) (800,-91) (801,-97) (802,-88) (803,-86) (804,-92) (805,-91) (806,-95) (807,-96) (808,-100) (809,-104) (810,-103) (811,-109) (812,-104) (813,-106) (814,-107) (815,-102) (816,-99) (817,-98) (818,-94) (819,-93) (820,-90) (821,-91) (822,-95) (823,-97) (824,-95) (825,-95) (826,-88) (827,-89) (828,-93) (829,-93) (830,-100) (831,-95) (832,-99) (833,-92) (834,-91) (835,-87) (836,-91) (837,-80) (838,-86) (839,-84) (840,-83) (841,-94) (842,-90) (843,-87) (844,-87) (845,-90) (846,-83) (847,-90) (848,-92) (849,-93) (850,-98) (851,-92) (852,-99) (853,-99) (854,-96) (855,-92) (856,-86) (857,-94) (858,-101) (859,-99) (860,-98) (861,-104) (862,-101) (863,-99) (864,-97) (865,-97) (866,-98) (867,-92) (868,-89) (869,-86) (870,-85) (871,-88) (872,-89) (873,-92) (874,-82) (875,-80) (876,-75) (877,-75) (878,-73) (879,-72) (880,-66) (881,-69) (882,-69) (883,-70) (884,-72) (885,-76) (886,-73) (887,-71) (888,-69) (889,-70) (890,-69) (891,-64) (892,-65) (893,-58) (894,-56) (895,-50) (896,-48) (897,-36) (898,-34) (899,-22) (900,-27) (901,-25) (902,-27) (903,-31) (904,-30) (905,-37) (906,-32) (907,-33) (908,-29) (909,-25) (910,-34) (911,-36) (912,-37) (913,-39) (914,-32) (915,-32) (916,-38) (917,-35) (918,-35) (919,-33) (920,-29) (921,-28) (922,-25) (923,-17) 
(999,-30) (995,-25) (929,-8) (56,64) (39,59) (14,39) (2,9) (0,-3) (928,-8) (58,58) (57,58) (924,-11) (925,-16) (926,-16) (927,-13) 
(999,-30) (995,-25) (929,-8) (56,64) (39,59) (14,39) (2,9) (0,-3) (994,-25) (992,-27) (930,-12) 
(999,-30) (995,-25) (929,-8) (56,64) (39,59) (14,39) (2,9) (0,-3) (994,-25) (992,-27) (930,-12) (931,-22) (932,-16) (933,-27) (934,-28) (935,-19) (936,-28) (937,-27) (938,-23) (939,-24) (940,-23) (941,-29) (942,-25) (943,-24) (944,-26) (945,-28) (946,-23) (947,-28) (948,-34) (949,-35) (950,-33) (951,-32) (952,-37) (953,-41) (954,-43) (955,-45) (956,-49) (957,-52) (958,-64) (959,-62) (960,-59) (961,-60) (962,-54) (963,-55) (964,-49) (965,-42) (966,-41) (967,-39) (968,-35) (969,-40) (970,-47) (971,-46) (972,-50) (973,-47) (974,-56) (975,-56) (976,-52) (977,-51) (978,-47) (979,-46) (980,-51) (981,-42) (982,-41) (983,-36) (984,-34) (985,-34) (986,-33) (987,-36) (988,-38) (989,-29) (990,-35) (991,-30) 
(999,-30) (995,-25) (929,-8) (56,64) (39,59) (14,39) (2,9) (0,-3) (994,-25) (992,-27) (930,-12) (993,-30) 
(999,-30) (995,-25) (929,-8) (56,64) (39,59) (14,39) (2,9) (0,-3) (998,-32) (997,-29) (996,-32) 
TD 4 :
(999,-30) (995,-25) (929,-8) (56,64) (39,59) (14,39) (2,9) (0,-3) (13,34) (7,19) (6,15) (3,2) (5,8) (4,4) 
(999,-30) (995,-25) (929,-8) (56,64) (39,59) (14,39) (2,9) (0,-3) (13,34) (7,19) (6,15) (3,2) (5,8) (4,4) 
(999,-30) (995,-25) (929,-8) (56,64) (39,59) (14,39) (2,9) (0,-3) (13,34) (7,19) (12,31) (11,25) (8,11) (9,10) (10,15) 
(999,-30) (995,-25) (929,-8) (56,64) (39,59) (14,39) (2,9) (0,-3) (13,34) (7,19) (12,31) (11,25) 
(999,-30) (995,-25) (929,-8) (56,64) (39,59) (14,39) (2,9) (0,-3) (928,-8) (58,58) (57,58) (924,-11) (60,56) (59,52) 
(999,-30) (995,-25) (929,-8) (56,64) (39,59) (14,39) (2,9) (0,-3) (928,-8) (58,58) (57,58) (924,-11) (60,56) (61,50) (62,42) (63,49) (64,41) (65,40) (66,40) (67,37) (68,30) (69,23) (70,19) (71,14) (72,11) (73,6) (74,-1) (75,9) (76,10) (77,10) (78,11) (79,13) (80,15) (81,22) (82,19) (83,28) (84,26) (85,26) (86,31) (87,36) (88,27) (89,31) (90,31) (91,27) (92,24) (93,18) (94,17) (95,21) (96,23) (97,21) (98,24) (99,15) (100,7) (101,10) (102,10) (103,1) (104,-7) (105,-5) (106,-13) (107,-15) (108,-18) (109,-18) (110,-16) (111,-12) (112,-8) (113,0) (114,-4) (115,-4) (116,-4) (117,2) (118,-3) (119,3) (120,4) (121,-2) (122,2) (123,1) (124,-11) (125,-9) (126,-6) (127,-9) (128,-7) (129,-18) (130,-18) (131,-23) (132,-18) (133,-28) (134,-29) (135,-28) (136,-21) (137,-20) (138,-15) (139,-15) (140,-11) (141,-7) (142,1) (143,0) (144,-4) (145,-11) (146,-2) (147,-5) (148,-2) (149,-8) (150,-3) (151,-7) (152,-6) (153,-5) (154,-2) (155,-2) (156,-7) (157,-16) (158,-6) (159,-2) (160,0) (161,-2) (162,-8) (163,-10) (164,-18) (165,-18) (166,-21) (167,-21) (168,-13) (169,-12) (170,-10) (171,-13) (172,-20) (173,-12) (174,-5) (175,-1) (176,1) (177,-3) (178,-11) (179,-7) (180,-7) (181,-2) (182,6) (183,2) (184,4) (185,-1) (186,-9) (187,-2) (188,-7) (189,-8) (190,-15) (191,-9) (192,-15) (193,-18) (194,-16) (195,-20) (196,-12) (197,-16) (198,-14) (199,-19) (200,-27) (201,-36) (202,-37) (203,-33) (204,-23) (205,-23) (206,-26) (207,-22) (208,-15) (209,-15) (210,-11) (211,-7) (212,-3) (213,-7) (214,-2) (215,-3) (216,-5) (217,-9) (218,-14) (219,-17) (220,-13) (221,-8) (222,-8) (223,0) (224,-3) (225,-18) (226,-14) (227,-14) (228,-12) (229,-13) (230,-20) (231,-14) (232,-13) (233,-13) (234,-23) (235,-28) (236,-30) (237,-31) (238,-36) (239,-42) (240,-44) (241,-48) (242,-49) (243,-53) (244,-51) (245,-49) (246,-49) (247,-55) (248,-57) (249,-61) (250,-64) (251,-66) (252,-70) (253,-67) (254,-60) (255,-58) (256,-64) (257,-65) (258,-68) (259,-68) (260,-80) (261,-87) (262,-88) (263,-79) (264,-85) (265,-74) (266,-73) (267,-68) (268,-67) (269,-71) (270,-81) (271,-90) (272,-97) (273,-97) (274,-96) (275,-103) (276,-104) (277,-100) (278,-100) (279,-102) (280,-103) (281,-104) (282,-100) (283,-94) (284,-85) (285,-88) (286,-84) (287,-70) (288,-73) (289,-77) (290,-79) (291,-77) (292,-68) (293,-69) (294,-65) (295,-61) (296,-57) (297,-56) (298,-62) (299,-70) (300,-70) (301,-70) (302,-71) (303,-69) (304,-69) (305,-69) (306,-69) (307,-64) (308,-65) (309,-64) (310,-68) (311,-60) (312,-57) (313,-43) (314,-36) (315,-35) (316,-35) (317,-41) (318,-40) (319,-43) (320,-50) (321,-54) (322,-62) (323,-62) (324,-65) (325,-58) (326,-63) (327,-59) (328,-55) (329,-60) (330,-67) (331,-66) (332,-74) (333,-77) (334,-68) (335,-63) (336,-60) (337,-63) (338,-64) (339,-64) (340,-60) (341,-53) (342,-47) (343,-47) (344,-53) (345,-51) (346,-59) (347,-61) (348,-63) (349,-67) (350,-61) (351,-62) (352,-61) (353,-64) (354,-67) (355,-72) (356,-62) (357,-53) (358,-56) (359,-54) (360,-62) (361,-66) (362,-65) (363,-62) (364,-59) (365,-62) (366,-67) (367,-72) (368,-71) (369,-72) (370,-78) (371,-76) (372,-75) (373,-77) (374,-82) (375,-73) (376,-73) (377,-70) (378,-69) (379,-78) (380,-72) (381,-75) (382,-78) (383,-78) (384,-70) (385,-71) (386,-75) (387,-75) (388,-70) (389,-78) (390,-87) (391,-96) (392,-102) (393,-101) (394,-109) (395,-101) (396,-104) (397,-97) (398,-100) (399,-93) (400,-88) (401,-85) (402,-83) (403,-96) (404,-93) (405,-84) (406,-88) (407,-92) (408,-99) (409,-99) (410,-105) (411,-99) (412,-103) (413,-101) (414,-104) (415,-106) (416,-106) (417,-112) (418,-105) (419,-103) (420,-107) (421,-110) (422,-116) (423,-116) (424,-117) (425,-109) (426,-105) (427,-108) (428,-109) (429,-115) (430,-115) (431,-122) (432,-127) (433,-124) (434,-123) (435,-117) (436,-121) (437,-119) (438,-119) (439,-124) (440,-124) (441,-134) (442,-137) (443,-140) (444,-149) (445,-155) (446,-162) (447,-166) (448,-160) (449,-167) (450,-172) (451,-172) (452,-167) (453,-163) (454,-155) (455,-150) (456,-149) (457,-143) (458,-145) (459,-145) (460,-142) (461,-144) (462,-151) (463,-153) (464,-147) (465,-143) (466,-141) (467,-139) (468,-135) (469,-141) (470,-142) (471,-144) (472,-145) (473,-144) (474,-146) (475,-137) (476,-136) (477,-144) (478,-150) (479,-149) (480,-151) (481,-150) (482,-140) (483,-140) (484,-137) (485,-133) (486,-131) (487,-138) (488,-140) (489,-144) (490,-152) (491,-154) (492,-146) (493,-146) (494,-134) (495,-141) (496,-149) (497,-137) (498,-149) (499,-156) (500,-155) (501,-147) (502,-153) (503,-152) (504,-160) (505,-167) (506,-164) (507,-165) (508,-165) (509,-173) (510,-167) (511,-162) (512,-160) (513,-161) (514,-162) (515,-167) (516,-166) (517,-170) (518,-165) (519,-161) (520,-157) (521,-163) (522,-167) (523,-172) (524,-178) (525,-172) (526,-169) (527,-171) (528,-177) (529,-173) (530,-174) (531,-180) (532,-178) (533,-182) (534,-181) (535,-178) (536,-180) (537,-175) (538,-178) (539,-171) (540,-179) (541,-168) (542,-168) (543,-169) (544,-178) (545,-188) (546,-185) (547,-188) (548,-190) (549,-184) (550,-177) (551,-167) (552,-161) (553,-158) (554,-167) (555,-171) (556,-170) (557,-164) (558,-163) (559,-156) (560,-158) (561,-154) (562,-155) (563,-162) (564,-156) (565,-153) (566,-156) (567,-152) (568,-152) (569,-155) (570,-149) (571,-145) (572,-146) (573,-145) (574,-145) (575,-153) (576,-147) (577,-150) (578,-148) (579,-147) (580,-150) (581,-147) (582,-143) (583,-143) (584,-135) (585,-132) (586,-125) (587,-125) (588,-125) (589,-121) (590,-112) (591,-106) (592,-103) (593,-105) (594,-104) (595,-102) (596,-106) (597,-100) (598,-88) (599,-89) (600,-92) (601,-91) (602,-93) (603,-91) (604,-92) (605,-95) (606,-96) (607,-102) (608,-107) (609,-106) (610,-104) (611,-105) (612,-102) (613,-107) (614,-113) (615,-112) (616,-100) (617,-97) (618,-92) (619,-96) (620,-95) (621,-99) (622,-95) (623,-104) (624,-111) (625,-121) (626,-120) (627,-116) (628,-111) (629,-111) (630,-116) (631,-105) (632,-112) (633,-120) (634,-124) (635,-117) (636,-115) (637,-117) (638,-115) (639,-114) (640,-112) (641,-111) (642,-104) (643,-103) (644,-106) (645,-99) (646,-102) (647,-94) (648,-89) (649,-86) (650,-85) (651,-84) (652,-83) (653,-81) (654,-89) (655,-81) (656,-84) (657,-82) (658,-83) (659,-85) (660,-85) (661,-90) (662,-90) (663,-95) (664,-98) (665,-100) (666,-100) (667,-104) (668,-103) (669,-105) (670,-102) (671,-98) (672,-98) (673,-102) (674,-97) (675,-100) (676,-93) (677,-100) (678,-96) (679,-97) (680,-101) (681,-107) (682,-97) (683,-98) (684,-99) (685,-92) (686,-97) (687,-98) (688,-100) (689,-100) (690,-105) (691,-103) (692,-109) (693,-103) (694,-106) (695,-110) (696,-109) (697,-108) (698,-107) (699,-104) (700,-104) (701,-104) (702,-104) (703,-102) (704,-107) (705,-108) (706,-112) (707,-118) (708,-107) (709,-106) (710,-111) (711,-107) (712,-111) (713,-115) (714,-115) (715,-115) (716,-106) (717,-107) (718,-101) (719,-106) (720,-105) (721,-107) (722,-104) (723,-108) (724,-117) (725,-121) (726,-122) (727,-122) (728,-124) (729,-129) (730,-128) (731,-130) (732,-125) (733,-124) (734,-128) (735,-125) (736,-128) (737,-131) (738,-130) (739,-133) (740,-135) (741,-141) (742,-140) (743,-140) (744,-137) (745,-137) (746,-134) (747,-131) (748,-122) (749,-124) (750,-130) (751,-127) (752,-135) (753,-136) (754,-132) (755,-135) (756,-143) (757,-144) (758,-145) (759,-145) (760,-137) (761,-136) (762,-123) (763,-129) (764,-128) (765,-129) (766,-129) (767,-136) (768,-136) (769,-132) (770,-133) (771,-138) (772,-149) (773,-144) (774,-144) (775,-147) (776,-145) (777,-149) (778,-153) (779,-155) (780,-155) (781,-150) (782,-145) (783,-142) (784,-140) (785,-139) (786,-138) (787,-143) (788,-137) (789,-129) (790,-125) (791,-122) (792,-116) (793,-107) (794,-105) (795,-98) (796,-95) (797,-90) (798,-94) (799,-94) (800,-91) (801,-97) (802,-88) (803,-86) (804,-92) (805,-91) (806,-95) (807,-96) (808,-100) (809,-104) (810,-103) (811,-109) (812,-104) (813,-106) (814,-107) (815,-102) (816,-99) (817,-98) (818,-94) (819,-93) (820,-90) (821,-91) (822,-95) (823,-97) (824,-95) (825,-95) (826,-88) (827,-89) (828,-93) (829,-93) (830,-100) (831,-95) (832,-99) (833,-92) (834,-91) (835,-87) (836,-91) (837,-80) (838,-86) (839,-84) (840,-83) (841,-94) (842,-90) (843,-87) (844,-87) (845,-90) (846,-83) (847,-90) (848,-92) (849,-93) (850,-98) (851,-92) (852,-99) (853,-99) (854,-96) (855,-92) (856,-86) (857,-94) (858,-101) (859,-99) (860,-98) (861,-104) (862,-101) (863,-99) (864,-97) (865,-97) (866,-98) (867,-92) (868,-89) (869,-86) (870,-85) (871,-88) (872,-89) (873,-92) (874,-82) (875,-80) (876,-75) (877,-75) (878,-73) (879,-72) (880,-66) (881,-69) (882,-69) (883,-70) (884,-72) (885,-76) (886,-73) (887,-71) (888,-69) (889,-70) (890,-69) (891,-64) (892,-65) (893,-58) (894,-56) (895,-50) (896,-48) (897,-36) (898,-34) (899,-22) (900,-27) (901,-25) (902,-27) (903,-31) (904,-30) (905,-37) (906,-32) (907,-33) (908,-29) (909,-25) (910,-34) (911,-36) (912,-37) (913,-39) (914,-32) (915,-32) (916,-38) (917,-35) (918,-35) (919,-33) (920,-29) (921,-28) (922,-25) (923,-17) 
(999,-30) (995,-25) (929,-8) (56,64) (39,59) (14,39) (2,9) (0,-3) (928,-8) (58,58) (57,58) (924,-11) (927,-13) (925,-16) (926,-16) 
(999,-30) (995,-25) (929,-8) (56,64) (39,59) (14,39) (2,9) (0,-3) (928,-8) (58,58) (57,58) (924,-11) (927,-13) 
(999,-30) (995,-25) (929,-8) (56,64) (39,59) (14,39) (2,9) (0,-3) (994,-25) (992,-27) (930,-12) (993,-30) 
TD 5 :
(999,-30) (995,-25) (929,-8) (56,64) (39,59) (14,39) (2,9) (0,-3) (13,34) (7,19) (12,31) (11,25) (8,11) (9,10) (10,15) 
TD 6 :
(999,-30) (995,-25) (929,-8) (56,64) (39,59) (14,39) (2,9) (0,-3) (13,34) (7,19) (12,31) (11,25) (8,11) (10,15) (9,10) 
(999,-30) (995,-25) (929,-8) (56,64) (39,59) (14,39) (2,9) (0,-3) (13,34) (7,19) (12,31) (11,25) (8,11) (10,15) (9,10) 
TD 7 :
TD 8 :
TD 9 :
TD 10 :
TD 11 :
TD 12 :
TD 13 :
TD 14 :
TD 15 :
TD 16 :
TD 17 :
TD 18 :
TD 19 :
TD 20 :
TD 21 :
TD 22 :
TD 23 :
TD 24 :
TD 25 :
TD 26 :
TD 27 :
TD 28 :
TD 29 :
TD 30 :
TD 31 :
TD 32 :
TD 33 :
TD 34 :
TD 35 :
TD 36 :
TD 37 :
TD 38 :
TD 39 :
TD 40 :
TD 41 :
TD 42 :
TD 43 :
TD 44 :
TD 45 :
TD 46 :
TD 47 :
TD 48 :
TD 49 :
TD 50 :
TD 51 :
TD 52 :
TD 53 :
TD 54 :
TD 55 :
TD 56 :
TD 57 :
TD 58 :
TD 59 :
TD 60 :
TD 61 :
TD 62 :
TD 63 :
TD 64 :
TD 65 :
TD 66 :
TD 67 :
TD 68 :
TD 69 :
TD 70 :
TD 71 :
TD 72 :
TD 73 :
TD 74 :
TD 75 :
TD 76 :
TD 77 :
TD 78 :
TD 79 :
TD 80 :
TD 81 :
TD 82 :
TD 83 :
TD 84 :
TD 85 :
TD 86 :
TD 87 :
TD 88 :
TD 89 :
TD 90 :
TD 91 :
TD 92 :
TD 93 :
TD 94 :
TD 95 :
TD 96 :
TD 97 :
TD 98 :
TD 99 :
TD 100 :
TD 101 :
TD 102 :
TD 103 :
TD 104 :
TD 105 :
TD 106 :
TD 107 :
TD 108 :
TD 109 :
TD 110 :
TD 111 :
TD 112 :
TD 113 :
TD 114 :
TD 115 :
TD 116 :
TD 117 :
TD 118 :
TD 119 :
TD 120 :
TD 121 :
TD 122 :
TD 123 :
TD 124 :
TD 125 :
TD 126 :
TD 127 :
TD 128 :
TD 129 :
TD 130 :
TD 131 :
TD 132 :
TD 133 :
Pocket 0 :
()
Pocket 1 :
({  (0,-3) ,(1,2) } {  (1,2) ,(2,9) } {  (0,-3) ,(1,2) } {  (1,2) ,(2,9) } {  (0,-3) ,(1,2) } {  (1,2) ,(2,9) } {  (0,-3) ,(1,2) } {  (1,2) ,(2,9) } {  (0,-3) ,(1,2) } {  (1,2) ,(2,9) } {  (0,-3) ,(1,2) } {  (1,2) ,(2,9) } {  (0,-3) ,(1,2) } {  (1,2) ,(2,9) } )
Pocket 2 :
({  (1,2) ,(0,-3) } {  (8,11) ,(7,19) } {  (8,11) ,(7,19) } {  (8,11) ,(7,19) } {  (38,56) ,(37,56) } {  (38,56) ,(37,56) } {  (44,52) ,(43,57) } {  (44,52) ,(43,57) } {  (58,58) ,(57,58) } {  (58,58) ,(57,58) } {  (58,58) ,(57,58) } {  (58,58) ,(57,58) } {  (999,-30) ,(994,-25) } {  (999,-30) ,(994,-25) } {  (998,-32) ,(997,-29) } {  (998,-32) ,(997,-29) } )
Pocket 3 :
({  (3,2) ,(7,19) } {  (999,-30) ,(6,15) } {  (3,2) ,(7,19) } {  (999,-30) ,(6,15) } {  (999,-30) ,(12,31) } {  (999,-30) ,(12,31) } {  (999,-30) ,(38,56) } {  (999,-30) ,(38,56) } {  (55,57) ,(54,57) } {  (55,57) ,(54,57) } {  (55,57) ,(54,57) } {  (925,-16) ,(924,-11) } {  (925,-16) ,(924,-11) } {  (931,-22) ,(930,-12) } {  (931,-22) ,(930,-12) } {  (931,-22) ,(930,-12) } {  (999,-30) ,(996,-32) } )
Pocket 4 :
({  (4,4) ,(3,2) } {  (999,-30) ,(5,8) } {  (4,4) ,(3,2) } {  (999,-30) ,(5,8) } {  (999,-30) ,(11,25) } {  (999,-30) ,(11,25) } {  (61,50) ,(60,56) } {  (61,50) ,(60,56) } {  (999,-30) ,(927,-13) } {  (999,-30) ,(927,-13) } {  (999,-30) ,(993,-30) } )
Pocket 5 :
({  (8,11) ,(11,25) } )
Pocket 6 :
({  (9,10) ,(8,11) } {  (999,-30) ,(10,15) } {  (9,10) ,(8,11) } {  (999,-30) ,(10,15) } )
Pocket 7 :
()
Pocket 8 :
()
Pocket 9 :
()
Pocket 10 :
()
Pocket 11 :
()
Pocket 12 :
()
Pocket 13 :
()
Pocket 14 :
()
Pocket 15 :
()
Pocket 16 :
()
Pocket 17 :
()
Pocket 18 :
()
Pocket 19 :
()
Pocket 20 :
()
Pocket 21 :
()
Pocket 22 :
()
Pocket 23 :
()
Pocket 24 :
()
Pocket 25 :
()
Pocket 26 :
()
Pocket 27 :
()
Pocket 28 :
()
Pocket 29 :
()
Pocket 30 :
()
Pocket 31 :
()
Pocket 32 :
()
Pocket 33 :
()
Pocket 34 :
()
Pocket 35 :
()
Pocket 36 :
()
Pocket 37 :
()
Pocket 38 :
()
Pocket 39 :
()
Pocket 40 :
()
Pocket 41 :
()
Pocket 42 :
()
Pocket 43 :
()
Pocket 44 :
()
Pocket 45 :
()
Pocket 46 :
()
Pocket 47 :
()
Pocket 48 :
()
Pocket 49 :
()
Pocket 50 :
()
Pocket 51 :
()
Pocket 52 :
()
Pocket 53 :
()
Pocket 54 :
()
Pocket 55 :
()
Pocket 56 :
()
Pocket 57 :
()
Pocket 58 :
()
Pocket 59 :
()
Pocket 60 :
()
Pocket 61 :
()
Pocket 62 :
()
Pocket 63 :
()
Pocket 64 :
()
Pocket 65 :
()
Pocket 66 :
()
Pocket 67 :
()
Pocket 68 :
()
Pocket 69 :
()
Pocket 70 :
()
Pocket 71 :
()
Pocket 72 :
()
Pocket 73 :
()
Pocket 74 :
()
Pocket 75 :
()
Pocket 76 :
()
Pocket 77 :
()
Pocket 78 :
()
Pocket 79 :
()
Pocket 80 :
()
Pocket 81 :
()
Pocket 82 :
()
Pocket 83 :
()
Pocket 84 :
()
Pocket 85 :
()
Pocket 86 :
()
Pocket 87 :
()
Pocket 88 :
()
Pocket 89 :
()
Pocket 90 :
()
Pocket 91 :
()
Pocket 92 :
()
Pocket 93 :
()
Pocket 94 :
()
Pocket 95 :
()
Pocket 96 :
()
Pocket 97 :
()
Pocket 98 :
()
Pocket 99 :
()
Pocket 100 :
()
Pocket 101 :
()
Pocket 102 :
()
Pocket 103 :
()
Pocket 104 :
()
Pocket 105 :
()
Pocket 106 :
()
Pocket 107 :
()
Pocket 108 :
()
Pocket 109 :
()
Pocket 110 :
()
Pocket 111 :
()
Pocket 112 :
()
Pocket 113 :
()
Pocket 114 :
()
Pocket 115 :
()
Pocket 116 :
()
Pocket 117 :
()
Pocket 118 :
()
Pocket 119 :
()
Pocket 120 :
()
Pocket 121 :
()
Pocket 122 :
()
Pocket 123 :
()
Pocket 124 :
()
Pocket 125 :
()
Pocket 126 :
()
Pocket 127 :
()
Pocket 128 :
()
Pocket 129 :
()
Pocket 130 :
()
Pocket 131 :
()
Pocket 132 :
()
