2 layers in onion peeling: 
Layer 1
(9,4) (8,4) (7,4) (4,3) (1,1) (0,0) 
Layer 2
(6,3) (5,3) (3,2) (2,1) 
---------------------------------------------------------------------------------------
TD 0 :
(9,4) (8,4) (7,4) (6,3) (5,3) (4,3) (3,2) (2,1) (1,1) (0,0) 
TD 1 :
(9,4) (8,4) (7,4) (4,3) (1,1) (0,0) 
(9,4) (8,4) (7,4) (4,3) (1,1) (0,0) (2,1) (3,2) 
(9,4) (8,4) (7,4) (4,3) (1,1) (0,0) (5,3) (6,3) 
(9,4) (8,4) (7,4) (4,3) (1,1) (0,0) 
(9,4) (8,4) (7,4) (4,3) (1,1) (0,0) 
TD 2 :
(9,4) (8,4) (7,4) (4,3) (1,1) (0,0) (3,2) (2,1) 
(9,4) (8,4) (7,4) (4,3) (1,1) (0,0) (3,2) (2,1) 
(9,4) (8,4) (7,4) (4,3) (1,1) (0,0) (6,3) (5,3) 
(9,4) (8,4) (7,4) (4,3) (1,1) (0,0) (6,3) (5,3) 
Pocket 0 :
()
Pocket 1 :
({  (0,0) ,(1,1) } {  (0,0) ,(1,1) } {  (0,0) ,(1,1) } {  (0,0) ,(1,1) } {  (0,0) ,(1,1) } {  (0,0) ,(1,1) } {  (0,0) ,(1,1) } {  (0,0) ,(1,1) } {  (0,0) ,(1,1) } {  (0,0) ,(1,1) } )
