14 layers in onion peeling: 
Layer 1
(99,9) (60,17) (1,3) (0,1) 
Layer 2
(98,8) (94,9) (68,15) (61,15) (6,4) (2,3) 
Layer 3
(97,7) (96,8) (63,13) (62,13) (33,8) (5,3) (3,0) 
Layer 4
(95,8) (69,12) (67,12) (66,12) (65,12) (59,12) (34,8) (9,3) (4,1) 
Layer 5
(93,4) (90,8) (74,10) (70,10) (64,10) (58,10) (55,10) (49,10) (10,3) (8,2) (7,1) 
Layer 6
(92,3) (91,5) (73,9) (71,9) (57,9) (51,9) (48,9) (47,9) (35,7) (11,3) 
Layer 7
(89,5) (77,8) (76,8) (75,8) (72,8) (56,8) (53,8) (52,8) (45,8) (32,6) (14,3) (13,2) (12,1) 
Layer 8
(88,4) (79,6) (54,7) (36,5) (15,2) 
Layer 9
(87,4) (78,5) (50,6) (46,6) (37,5) (31,4) (18,-1) (16,-2) 
Layer 10
(86,2) (80,3) (44,5) (43,5) (41,5) (40,5) (30,2) (17,-2) 
Layer 11
(85,1) (83,2) (42,4) (39,4) (38,4) (27,1) (19,-2) 
Layer 12
(84,1) (81,2) (25,0) (21,-2) (20,-3) 
Layer 13
(82,1) (28,0) (23,-2) (22,-3) 
Layer 14
(29,-1) (26,-2) (24,-3) 
---------------------------------------------------------------------------------------
TD 0 :
(99,9) (98,8) (97,7) (96,8) (95,8) (94,9) (93,4) (92,3) (91,5) (90,8) (89,5) (88,4) (87,4) (86,2) (85,1) (84,1) (83,2) (82,1) (81,2) (80,3) (79,6) (78,5) (77,8) (76,8) (75,8) (74,10) (73,9) (72,8) (71,9) (70,10) (69,12) (68,15) (67,12) (66,12) (65,12) (64,10) (63,13) (62,13) (61,15) (60,17) (59,12) (58,10) (57,9) (56,8) (55,10) (54,7) (53,8) (52,8) (51,9) (50,6) (49,10) (48,9) (47,9) (46,6) (45,8) (44,5) (43,5) (42,4) (41,5) (40,5) (39,4) (38,4) (37,5) (36,5) (35,7) (34,8) (33,8) (32,6) (31,4) (30,2) (29,-1) (28,0) (27,1) (26,-2) (25,0) (24,-3) (23,-2) (22,-3) (21,-2) (20,-3) (19,-2) (18,-1) (17,-2) (16,-2) (15,2) (14,3) (13,2) (12,1) (11,3) (10,3) (9,3) (8,2) (7,1) (6,4) (5,3) (4,1) (3,0) (2,3) (1,3) (0,1) 
TD 1 :
(99,9) (60,17) (1,3) (0,1) 
(99,9) (60,17) (1,3) (0,1) (2,3) (3,0) (4,1) (5,3) (6,4) (7,1) (8,2) (9,3) (10,3) (11,3) (12,1) (13,2) (14,3) (15,2) (16,-2) (17,-2) (18,-1) (19,-2) (20,-3) (21,-2) (22,-3) (23,-2) (24,-3) (25,0) (26,-2) (27,1) (28,0) (29,-1) (30,2) (31,4) (32,6) (33,8) (34,8) (35,7) (36,5) (37,5) (38,4) (39,4) (40,5) (41,5) (42,4) (43,5) (44,5) (45,8) (46,6) (47,9) (48,9) (49,10) (50,6) (51,9) (52,8) (53,8) (54,7) (55,10) (56,8) (57,9) (58,10) (59,12) 
(99,9) (60,17) (1,3) (0,1) (61,15) (62,13) (63,13) (64,10) (65,12) (66,12) (67,12) (68,15) (69,12) (70,10) (71,9) (72,8) (73,9) (74,10) (75,8) (76,8) (77,8) (78,5) (79,6) (80,3) (81,2) (82,1) (83,2) (84,1) (85,1) (86,2) (87,4) (88,4) (89,5) (90,8) (91,5) (92,3) (93,4) (94,9) (95,8) (96,8) (97,7) (98,8) 
TD 2 :
(99,9) (60,17) (1,3) (0,1) (6,4) (2,3) (3,0) (4,1) (5,3) 
(99,9) (60,17) (1,3) (0,1) (6,4) (2,3) (7,1) (8,2) (9,3) (10,3) (11,3) (12,1) (13,2) (14,3) (15,2) (16,-2) (17,-2) (18,-1) (19,-2) (20,-3) (21,-2) (22,-3) (23,-2) (24,-3) (25,0) (26,-2) (27,1) (28,0) (29,-1) (30,2) (31,4) (32,6) (33,8) (34,8) (35,7) (36,5) (37,5) (38,4) (39,4) (40,5) (41,5) (42,4) (43,5) (44,5) (45,8) (46,6) (47,9) (48,9) (49,10) (50,6) (51,9) (52,8) (53,8) (54,7) (55,10) (56,8) (57,9) (58,10) (59,12) 
(99,9) (60,17) (1,3) (0,1) (98,8) (94,9) (68,15) (61,15) 
(99,9) (60,17) (1,3) (0,1) (98,8) (94,9) (68,15) (61,15) (62,13) (63,13) (64,10) (65,12) (66,12) (67,12) 
(99,9) (60,17) (1,3) (0,1) (98,8) (94,9) (68,15) (61,15) (69,12) (70,10) (71,9) (72,8) (73,9) (74,10) (75,8) (76,8) (77,8) (78,5) (79,6) (80,3) (81,2) (82,1) (83,2) (84,1) (85,1) (86,2) (87,4) (88,4) (89,5) (90,8) (91,5) (92,3) (93,4) 
(99,9) (60,17) (1,3) (0,1) (98,8) (94,9) (68,15) (61,15) (95,8) (96,8) (97,7) 
TD 3 :
(99,9) (60,17) (1,3) (0,1) (6,4) (2,3) (5,3) (3,0) (4,1) 
(99,9) (60,17) (1,3) (0,1) (6,4) (2,3) (5,3) (3,0) 
(99,9) (60,17) (1,3) (0,1) (6,4) (2,3) (33,8) (7,1) (8,2) (9,3) (10,3) (11,3) (12,1) (13,2) (14,3) (15,2) (16,-2) (17,-2) (18,-1) (19,-2) (20,-3) (21,-2) (22,-3) (23,-2) (24,-3) (25,0) (26,-2) (27,1) (28,0) (29,-1) (30,2) (31,4) (32,6) 
(99,9) (60,17) (1,3) (0,1) (6,4) (2,3) (33,8) (34,8) (35,7) (36,5) (37,5) (38,4) (39,4) (40,5) (41,5) (42,4) (43,5) (44,5) (45,8) (46,6) (47,9) (48,9) (49,10) (50,6) (51,9) (52,8) (53,8) (54,7) (55,10) (56,8) (57,9) (58,10) (59,12) 
(99,9) (60,17) (1,3) (0,1) (98,8) (94,9) (68,15) (61,15) (63,13) (62,13) 
(99,9) (60,17) (1,3) (0,1) (98,8) (94,9) (68,15) (61,15) (63,13) (62,13) 
(99,9) (60,17) (1,3) (0,1) (98,8) (94,9) (68,15) (61,15) (63,13) (62,13) (64,10) (65,12) (66,12) (67,12) 
(99,9) (60,17) (1,3) (0,1) (98,8) (94,9) (68,15) (61,15) (97,7) (96,8) (95,8) 
(99,9) (60,17) (1,3) (0,1) (98,8) (94,9) (68,15) (61,15) (97,7) (96,8) 
TD 4 :
(99,9) (60,17) (1,3) (0,1) (6,4) (2,3) (5,3) (3,0) (4,1) 
(99,9) (60,17) (1,3) (0,1) (6,4) (2,3) (33,8) (9,3) (7,1) (8,2) 
(99,9) (60,17) (1,3) (0,1) (6,4) (2,3) (33,8) (9,3) (10,3) (11,3) (12,1) (13,2) (14,3) (15,2) (16,-2) (17,-2) (18,-1) (19,-2) (20,-3) (21,-2) (22,-3) (23,-2) (24,-3) (25,0) (26,-2) (27,1) (28,0) (29,-1) (30,2) (31,4) (32,6) 
(99,9) (60,17) (1,3) (0,1) (6,4) (2,3) (33,8) (59,12) (34,8) 
(99,9) (60,17) (1,3) (0,1) (6,4) (2,3) (33,8) (59,12) (34,8) (35,7) (36,5) (37,5) (38,4) (39,4) (40,5) (41,5) (42,4) (43,5) (44,5) (45,8) (46,6) (47,9) (48,9) (49,10) (50,6) (51,9) (52,8) (53,8) (54,7) (55,10) (56,8) (57,9) (58,10) 
(99,9) (60,17) (1,3) (0,1) (6,4) (2,3) (33,8) (59,12) (34,8) 
(99,9) (60,17) (1,3) (0,1) (98,8) (94,9) (68,15) (61,15) (63,13) (62,13) (67,12) (66,12) (65,12) (64,10) 
(99,9) (60,17) (1,3) (0,1) (98,8) (94,9) (68,15) (61,15) (63,13) (62,13) (67,12) (66,12) (65,12) 
(99,9) (60,17) (1,3) (0,1) (98,8) (94,9) (68,15) (61,15) (63,13) (62,13) (67,12) (66,12) (65,12) 
(99,9) (60,17) (1,3) (0,1) (98,8) (94,9) (68,15) (61,15) (63,13) (62,13) (67,12) (66,12) (65,12) 
(99,9) (60,17) (1,3) (0,1) (98,8) (94,9) (68,15) (61,15) (97,7) (96,8) (95,8) 
TD 5 :
(99,9) (60,17) (1,3) (0,1) (6,4) (2,3) (33,8) (9,3) (8,2) (7,1) 
(99,9) (60,17) (1,3) (0,1) (6,4) (2,3) (33,8) (9,3) (8,2) (7,1) 
(99,9) (60,17) (1,3) (0,1) (6,4) (2,3) (33,8) (9,3) (10,3) 
(99,9) (60,17) (1,3) (0,1) (6,4) (2,3) (33,8) (9,3) (10,3) (11,3) (12,1) (13,2) (14,3) (15,2) (16,-2) (17,-2) (18,-1) (19,-2) (20,-3) (21,-2) (22,-3) (23,-2) (24,-3) (25,0) (26,-2) (27,1) (28,0) (29,-1) (30,2) (31,4) (32,6) 
(99,9) (60,17) (1,3) (0,1) (6,4) (2,3) (33,8) (59,12) (34,8) (58,10) (55,10) (49,10) (35,7) (36,5) (37,5) (38,4) (39,4) (40,5) (41,5) (42,4) (43,5) (44,5) (45,8) (46,6) (47,9) (48,9) 
(99,9) (60,17) (1,3) (0,1) (6,4) (2,3) (33,8) (59,12) (34,8) (58,10) (55,10) (49,10) (50,6) (51,9) (52,8) (53,8) (54,7) 
(99,9) (60,17) (1,3) (0,1) (6,4) (2,3) (33,8) (59,12) (34,8) (58,10) (55,10) (49,10) (56,8) (57,9) 
(99,9) (60,17) (1,3) (0,1) (6,4) (2,3) (33,8) (59,12) (34,8) (58,10) (55,10) (49,10) 
(99,9) (60,17) (1,3) (0,1) (98,8) (94,9) (68,15) (61,15) (63,13) (62,13) (67,12) (66,12) (65,12) (64,10) 
(99,9) (60,17) (1,3) (0,1) (98,8) (94,9) (68,15) (61,15) (63,13) (62,13) (67,12) (66,12) (65,12) (64,10) 
TD 6 :
(99,9) (60,17) (1,3) (0,1) (6,4) (2,3) (33,8) (9,3) (10,3) (11,3) (12,1) (13,2) (14,3) (15,2) (16,-2) (17,-2) (18,-1) (19,-2) (20,-3) (21,-2) (22,-3) (23,-2) (24,-3) (25,0) (26,-2) (27,1) (28,0) (29,-1) (30,2) (31,4) (32,6) 
(99,9) (60,17) (1,3) (0,1) (6,4) (2,3) (33,8) (59,12) (34,8) (58,10) (55,10) (49,10) (48,9) (47,9) (35,7) 
(99,9) (60,17) (1,3) (0,1) (6,4) (2,3) (33,8) (59,12) (34,8) (58,10) (55,10) (49,10) (48,9) (47,9) (35,7) (36,5) (37,5) (38,4) (39,4) (40,5) (41,5) (42,4) (43,5) (44,5) (45,8) (46,6) 
(99,9) (60,17) (1,3) (0,1) (6,4) (2,3) (33,8) (59,12) (34,8) (58,10) (55,10) (49,10) (48,9) (47,9) (35,7) 
(99,9) (60,17) (1,3) (0,1) (6,4) (2,3) (33,8) (59,12) (34,8) (58,10) (55,10) (49,10) (48,9) (47,9) (35,7) 
(99,9) (60,17) (1,3) (0,1) (6,4) (2,3) (33,8) (59,12) (34,8) (58,10) (55,10) (49,10) (51,9) (50,6) 
(99,9) (60,17) (1,3) (0,1) (6,4) (2,3) (33,8) (59,12) (34,8) (58,10) (55,10) (49,10) (51,9) (52,8) (53,8) (54,7) 
(99,9) (60,17) (1,3) (0,1) (6,4) (2,3) (33,8) (59,12) (34,8) (58,10) (55,10) (49,10) (57,9) (56,8) 
(99,9) (60,17) (1,3) (0,1) (6,4) (2,3) (33,8) (59,12) (34,8) (58,10) (55,10) (49,10) (57,9) 
TD 7 :
(99,9) (60,17) (1,3) (0,1) (6,4) (2,3) (33,8) (9,3) (10,3) (11,3) (32,6) (14,3) (13,2) (12,1) 
(99,9) (60,17) (1,3) (0,1) (6,4) (2,3) (33,8) (9,3) (10,3) (11,3) (32,6) (14,3) (13,2) (12,1) 
(99,9) (60,17) (1,3) (0,1) (6,4) (2,3) (33,8) (9,3) (10,3) (11,3) (32,6) (14,3) (13,2) (12,1) (15,2) (16,-2) (17,-2) (18,-1) (19,-2) (20,-3) (21,-2) (22,-3) (23,-2) (24,-3) (25,0) (26,-2) (27,1) (28,0) (29,-1) (30,2) (31,4) 
(99,9) (60,17) (1,3) (0,1) (6,4) (2,3) (33,8) (9,3) (10,3) (11,3) (32,6) (14,3) (13,2) (12,1) 
(99,9) (60,17) (1,3) (0,1) (6,4) (2,3) (33,8) (59,12) (34,8) (58,10) (55,10) (49,10) (48,9) (47,9) (35,7) (45,8) (36,5) (37,5) (38,4) (39,4) (40,5) (41,5) (42,4) (43,5) (44,5) 
(99,9) (60,17) (1,3) (0,1) (6,4) (2,3) (33,8) (59,12) (34,8) (58,10) (55,10) (49,10) (48,9) (47,9) (35,7) (45,8) (46,6) 
(99,9) (60,17) (1,3) (0,1) (6,4) (2,3) (33,8) (59,12) (34,8) (58,10) (55,10) (49,10) (51,9) (53,8) (52,8) 
(99,9) (60,17) (1,3) (0,1) (6,4) (2,3) (33,8) (59,12) (34,8) (58,10) (55,10) (49,10) (51,9) (53,8) (52,8) 
(99,9) (60,17) (1,3) (0,1) (6,4) (2,3) (33,8) (59,12) (34,8) (58,10) (55,10) (49,10) (51,9) (53,8) (52,8) (54,7) 
(99,9) (60,17) (1,3) (0,1) (6,4) (2,3) (33,8) (59,12) (34,8) (58,10) (55,10) (49,10) (57,9) (56,8) 
(99,9) (60,17) (1,3) (0,1) (6,4) (2,3) (33,8) (59,12) (34,8) (58,10) (55,10) (49,10) (57,9) (56,8) 
TD 8 :
(99,9) (60,17) (1,3) (0,1) (6,4) (2,3) (33,8) (9,3) (10,3) (11,3) (32,6) (14,3) (13,2) (12,1) (15,2) (16,-2) (17,-2) (18,-1) (19,-2) (20,-3) (21,-2) (22,-3) (23,-2) (24,-3) (25,0) (26,-2) (27,1) (28,0) (29,-1) (30,2) (31,4) 
(99,9) (60,17) (1,3) (0,1) (6,4) (2,3) (33,8) (59,12) (34,8) (58,10) (55,10) (49,10) (48,9) (47,9) (35,7) (45,8) (36,5) 
(99,9) (60,17) (1,3) (0,1) (6,4) (2,3) (33,8) (59,12) (34,8) (58,10) (55,10) (49,10) (48,9) (47,9) (35,7) (45,8) (36,5) (37,5) (38,4) (39,4) (40,5) (41,5) (42,4) (43,5) (44,5) 
(99,9) (60,17) (1,3) (0,1) (6,4) (2,3) (33,8) (59,12) (34,8) (58,10) (55,10) (49,10) (51,9) (53,8) (52,8) (54,7) 
(99,9) (60,17) (1,3) (0,1) (6,4) (2,3) (33,8) (59,12) (34,8) (58,10) (55,10) (49,10) (51,9) (53,8) (52,8) (54,7) 
TD 9 :
(99,9) (60,17) (1,3) (0,1) (6,4) (2,3) (33,8) (9,3) (10,3) (11,3) (32,6) (14,3) (13,2) (12,1) (15,2) (31,4) (18,-1) (16,-2) (17,-2) 
(99,9) (60,17) (1,3) (0,1) (6,4) (2,3) (33,8) (9,3) (10,3) (11,3) (32,6) (14,3) (13,2) (12,1) (15,2) (31,4) (18,-1) (16,-2) (19,-2) (20,-3) (21,-2) (22,-3) (23,-2) (24,-3) (25,0) (26,-2) (27,1) (28,0) (29,-1) (30,2) 
(99,9) (60,17) (1,3) (0,1) (6,4) (2,3) (33,8) (9,3) (10,3) (11,3) (32,6) (14,3) (13,2) (12,1) (15,2) (31,4) (18,-1) (16,-2) 
(99,9) (60,17) (1,3) (0,1) (6,4) (2,3) (33,8) (59,12) (34,8) (58,10) (55,10) (49,10) (48,9) (47,9) (35,7) (45,8) (36,5) (37,5) 
(99,9) (60,17) (1,3) (0,1) (6,4) (2,3) (33,8) (59,12) (34,8) (58,10) (55,10) (49,10) (48,9) (47,9) (35,7) (45,8) (36,5) (37,5) (38,4) (39,4) (40,5) (41,5) (42,4) (43,5) (44,5) 
TD 10 :
(99,9) (60,17) (1,3) (0,1) (6,4) (2,3) (33,8) (9,3) (10,3) (11,3) (32,6) (14,3) (13,2) (12,1) (15,2) (31,4) (18,-1) (16,-2) (17,-2) 
(99,9) (60,17) (1,3) (0,1) (6,4) (2,3) (33,8) (9,3) (10,3) (11,3) (32,6) (14,3) (13,2) (12,1) (15,2) (31,4) (18,-1) (16,-2) (30,2) (19,-2) (20,-3) (21,-2) (22,-3) (23,-2) (24,-3) (25,0) (26,-2) (27,1) (28,0) (29,-1) 
(99,9) (60,17) (1,3) (0,1) (6,4) (2,3) (33,8) (9,3) (10,3) (11,3) (32,6) (14,3) (13,2) (12,1) (15,2) (31,4) (18,-1) (16,-2) (30,2) 
(99,9) (60,17) (1,3) (0,1) (6,4) (2,3) (33,8) (59,12) (34,8) (58,10) (55,10) (49,10) (48,9) (47,9) (35,7) (45,8) (36,5) (37,5) (44,5) (43,5) (41,5) (40,5) (38,4) (39,4) 
(99,9) (60,17) (1,3) (0,1) (6,4) (2,3) (33,8) (59,12) (34,8) (58,10) (55,10) (49,10) (48,9) (47,9) (35,7) (45,8) (36,5) (37,5) (44,5) (43,5) (41,5) (40,5) 
(99,9) (60,17) (1,3) (0,1) (6,4) (2,3) (33,8) (59,12) (34,8) (58,10) (55,10) (49,10) (48,9) (47,9) (35,7) (45,8) (36,5) (37,5) (44,5) (43,5) (41,5) (40,5) (42,4) 
(99,9) (60,17) (1,3) (0,1) (6,4) (2,3) (33,8) (59,12) (34,8) (58,10) (55,10) (49,10) (48,9) (47,9) (35,7) (45,8) (36,5) (37,5) (44,5) (43,5) (41,5) (40,5) 
(99,9) (60,17) (1,3) (0,1) (6,4) (2,3) (33,8) (59,12) (34,8) (58,10) (55,10) (49,10) (48,9) (47,9) (35,7) (45,8) (36,5) (37,5) (44,5) (43,5) (41,5) (40,5) 
TD 11 :
(99,9) (60,17) (1,3) (0,1) (6,4) (2,3) (33,8) (9,3) (10,3) (11,3) (32,6) (14,3) (13,2) (12,1) (15,2) (31,4) (18,-1) (16,-2) (30,2) (27,1) (19,-2) (20,-3) (21,-2) (22,-3) (23,-2) (24,-3) (25,0) (26,-2) 
(99,9) (60,17) (1,3) (0,1) (6,4) (2,3) (33,8) (9,3) (10,3) (11,3) (32,6) (14,3) (13,2) (12,1) (15,2) (31,4) (18,-1) (16,-2) (30,2) (27,1) (19,-2) (28,0) (29,-1) 
(99,9) (60,17) (1,3) (0,1) (6,4) (2,3) (33,8) (59,12) (34,8) (58,10) (55,10) (49,10) (48,9) (47,9) (35,7) (45,8) (36,5) (37,5) (44,5) (43,5) (41,5) (40,5) (39,4) (38,4) 
(99,9) (60,17) (1,3) (0,1) (6,4) (2,3) (33,8) (59,12) (34,8) (58,10) (55,10) (49,10) (48,9) (47,9) (35,7) (45,8) (36,5) (37,5) (44,5) (43,5) (41,5) (40,5) (39,4) (38,4) 
(99,9) (60,17) (1,3) (0,1) (6,4) (2,3) (33,8) (59,12) (34,8) (58,10) (55,10) (49,10) (48,9) (47,9) (35,7) (45,8) (36,5) (37,5) (44,5) (43,5) (41,5) (40,5) (39,4) (38,4) 
(99,9) (60,17) (1,3) (0,1) (6,4) (2,3) (33,8) (59,12) (34,8) (58,10) (55,10) (49,10) (48,9) (47,9) (35,7) (45,8) (36,5) (37,5) (44,5) (43,5) (41,5) (40,5) (42,4) 
(99,9) (60,17) (1,3) (0,1) (6,4) (2,3) (33,8) (59,12) (34,8) (58,10) (55,10) (49,10) (48,9) (47,9) (35,7) (45,8) (36,5) (37,5) (44,5) (43,5) (41,5) (40,5) (42,4) 
TD 12 :
(99,9) (60,17) (1,3) (0,1) (6,4) (2,3) (33,8) (9,3) (10,3) (11,3) (32,6) (14,3) (13,2) (12,1) (15,2) (31,4) (18,-1) (16,-2) (30,2) (27,1) (19,-2) (25,0) (21,-2) (20,-3) 
(99,9) (60,17) (1,3) (0,1) (6,4) (2,3) (33,8) (9,3) (10,3) (11,3) (32,6) (14,3) (13,2) (12,1) (15,2) (31,4) (18,-1) (16,-2) (30,2) (27,1) (19,-2) (25,0) (21,-2) (20,-3) (22,-3) (23,-2) (24,-3) 
(99,9) (60,17) (1,3) (0,1) (6,4) (2,3) (33,8) (9,3) (10,3) (11,3) (32,6) (14,3) (13,2) (12,1) (15,2) (31,4) (18,-1) (16,-2) (30,2) (27,1) (19,-2) (25,0) (21,-2) (20,-3) (26,-2) 
TD 13 :
(99,9) (60,17) (1,3) (0,1) (6,4) (2,3) (33,8) (9,3) (10,3) (11,3) (32,6) (14,3) (13,2) (12,1) (15,2) (31,4) (18,-1) (16,-2) (30,2) (27,1) (19,-2) (25,0) (21,-2) (20,-3) (23,-2) (22,-3) 
(99,9) (60,17) (1,3) (0,1) (6,4) (2,3) (33,8) (9,3) (10,3) (11,3) (32,6) (14,3) (13,2) (12,1) (15,2) (31,4) (18,-1) (16,-2) (30,2) (27,1) (19,-2) (25,0) (21,-2) (20,-3) (23,-2) (22,-3) (24,-3) 
TD 14 :
(99,9) (60,17) (1,3) (0,1) (6,4) (2,3) (33,8) (9,3) (10,3) (11,3) (32,6) (14,3) (13,2) (12,1) (15,2) (31,4) (18,-1) (16,-2) (30,2) (27,1) (19,-2) (25,0) (21,-2) (20,-3) (23,-2) (22,-3) (24,-3) 
Pocket 0 :
()
Pocket 1 :
({  (0,1) ,(1,3) } {  (0,1) ,(1,3) } {  (0,1) ,(1,3) } {  (0,1) ,(1,3) } {  (0,1) ,(1,3) } {  (0,1) ,(1,3) } )
Pocket 2 :
({  (2,3) ,(0,1) } {  (7,1) ,(6,4) } {  (2,3) ,(0,1) } {  (7,1) ,(6,4) } {  (62,13) ,(61,15) } {  (62,13) ,(61,15) } {  (62,13) ,(61,15) } {  (62,13) ,(61,15) } )
Pocket 3 :
({  (3,0) ,(2,3) } {  (99,9) ,(5,3) } {  (3,0) ,(2,3) } {  (99,9) ,(5,3) } {  (34,8) ,(33,8) } {  (34,8) ,(33,8) } {  (63,13) ,(62,13) } {  (63,13) ,(62,13) } {  (63,13) ,(62,13) } {  (97,7) ,(96,8) } {  (97,7) ,(96,8) } )
Pocket 4 :
({  (4,1) ,(3,0) } {  (10,3) ,(9,3) } {  (10,3) ,(9,3) } {  (35,7) ,(34,8) } {  (35,7) ,(34,8) } {  (35,7) ,(34,8) } {  (66,12) ,(65,12) } {  (66,12) ,(65,12) } {  (66,12) ,(65,12) } {  (66,12) ,(65,12) } {  (99,9) ,(95,8) } )
Pocket 5 :
({  (7,1) ,(9,3) } {  (99,9) ,(8,2) } {  (7,1) ,(9,3) } {  (99,9) ,(8,2) } {  (11,3) ,(10,3) } {  (11,3) ,(10,3) } {  (50,6) ,(49,10) } {  (50,6) ,(49,10) } {  (50,6) ,(49,10) } {  (50,6) ,(49,10) } {  (99,9) ,(64,10) } {  (99,9) ,(64,10) } )
Pocket 6 :
({  (11,3) ,(10,3) } {  (36,5) ,(35,7) } {  (36,5) ,(35,7) } {  (36,5) ,(35,7) } {  (36,5) ,(35,7) } {  (52,8) ,(51,9) } {  (52,8) ,(51,9) } {  (99,9) ,(57,9) } {  (99,9) ,(57,9) } )
Pocket 7 :
({  (12,1) ,(11,3) } {  (14,3) ,(13,2) } {  (12,1) ,(11,3) } {  (14,3) ,(13,2) } {  (12,1) ,(11,3) } {  (14,3) ,(13,2) } {  (12,1) ,(11,3) } {  (14,3) ,(13,2) } {  (46,6) ,(45,8) } {  (46,6) ,(45,8) } {  (53,8) ,(52,8) } {  (53,8) ,(52,8) } {  (53,8) ,(52,8) } {  (99,9) ,(56,8) } {  (99,9) ,(56,8) } )
Pocket 8 :
({  (15,2) ,(12,1) } {  (37,5) ,(36,5) } {  (37,5) ,(36,5) } {  (99,9) ,(54,7) } {  (99,9) ,(54,7) } )
Pocket 9 :
({  (16,-2) ,(15,2) } {  (19,-2) ,(18,-1) } {  (16,-2) ,(15,2) } {  (19,-2) ,(18,-1) } {  (16,-2) ,(15,2) } {  (19,-2) ,(18,-1) } {  (38,4) ,(37,5) } {  (38,4) ,(37,5) } )
Pocket 10 :
({  (17,-2) ,(16,-2) } {  (99,9) ,(30,2) } {  (99,9) ,(30,2) } {  (41,5) ,(40,5) } {  (41,5) ,(40,5) } {  (41,5) ,(40,5) } {  (41,5) ,(40,5) } {  (41,5) ,(40,5) } )
Pocket 11 :
({  (19,-2) ,(30,2) } {  (28,0) ,(27,1) } {  (19,-2) ,(30,2) } {  (28,0) ,(27,1) } {  (39,4) ,(38,4) } {  (39,4) ,(38,4) } {  (39,4) ,(38,4) } {  (99,9) ,(42,4) } {  (99,9) ,(42,4) } )
Pocket 12 :
({  (20,-3) ,(19,-2) } {  (22,-3) ,(21,-2) } {  (20,-3) ,(19,-2) } {  (22,-3) ,(21,-2) } {  (20,-3) ,(19,-2) } {  (22,-3) ,(21,-2) } )
Pocket 13 :
({  (22,-3) ,(20,-3) } {  (24,-3) ,(23,-2) } {  (22,-3) ,(20,-3) } {  (24,-3) ,(23,-2) } )
