105 layers in onion peeling: 
Layer 1
(999,92) (998,99) (995,105) (950,132) (785,192) (754,202) (127,68) (70,55) (20,27) (13,21) (4,10) (2,5) (0,-1) 
Layer 2
(997,91) (994,96) (985,108) (951,126) (949,127) (942,130) (788,189) (755,200) (751,201) (123,66) (68,53) (64,51) (22,27) (19,25) (9,15) (8,14) (5,11) (1,0) 
Layer 3
(996,90) (993,97) (986,105) (943,129) (752,200) (749,200) (69,53) (65,51) (42,38) (16,21) (15,20) (7,12) (6,11) (3,4) 
Layer 4
(992,91) (987,103) (984,105) (940,130) (753,199) (738,197) (71,53) (30,28) (21,22) (10,12) 
Layer 5
(991,91) (990,95) (988,97) (946,126) (944,127) (758,197) (748,198) (122,64) (63,48) (34,30) (14,15) (11,10) 
Layer 6
(989,95) (948,124) (945,126) (941,128) (784,187) (766,192) (744,197) (129,65) (67,49) (39,33) (17,16) (12,9) 
Layer 7
(983,95) (982,99) (947,124) (787,184) (768,190) (750,195) (735,194) (126,62) (61,45) (44,35) (38,31) (23,20) (18,14) 
Layer 8
(981,93) (977,98) (952,118) (939,124) (786,184) (767,190) (745,193) (734,193) (130,62) (62,44) (45,35) (36,29) (29,23) (24,17) 
Layer 9
(980,90) (975,98) (973,100) (953,115) (935,124) (765,189) (757,191) (756,191) (740,191) (736,191) (128,61) (124,60) (72,45) (46,34) (43,32) (37,28) (28,21) (25,16) 
Layer 10
(979,88) (974,98) (955,113) (789,179) (759,189) (741,190) (737,190) (733,190) (121,59) (66,42) (48,34) (32,23) (26,14) 
Layer 11
(978,87) (976,91) (972,99) (971,100) (954,113) (783,180) (769,184) (747,189) (743,189) (732,188) (120,55) (74,44) (50,33) (35,25) (33,23) (31,21) (27,15) 
Layer 12
(970,92) (968,97) (956,107) (938,119) (933,121) (928,123) (793,175) (782,179) (760,186) (746,188) (739,188) (73,42) (60,37) (47,30) (40,25) 
Layer 13
(969,94) (936,119) (934,120) (790,175) (764,184) (742,186) (601,157) (125,53) (80,42) (77,41) (59,35) (49,30) (41,24) 
Layer 14
(967,92) (961,98) (937,118) (930,121) (770,181) (761,183) (723,179) (709,177) (119,51) (76,40) (55,32) (51,28) 
Layer 15
(966,86) (965,89) (960,98) (927,122) (775,178) (762,181) (710,176) (602,154) (116,49) (79,40) (75,39) (57,32) (52,27) 
Layer 16
(964,90) (957,100) (923,123) (791,172) (774,178) (771,178) (708,174) (600,151) (131,51) (78,39) (58,32) (54,27) (53,23) 
Layer 17
(963,88) (962,92) (932,116) (929,118) (776,176) (773,176) (711,174) (115,47) (56,29) 
Layer 18
(959,94) (926,117) (924,118) (912,123) (792,169) (781,173) (778,174) (763,174) (715,174) (707,173) (117,47) (82,35) (81,34) 
Layer 19
(958,93) (931,112) (916,120) (794,168) (779,173) (731,173) (706,172) (603,150) (118,46) (83,34) 
Layer 20
(925,112) (922,116) (913,120) (780,172) (726,172) (716,172) (614,152) (133,49) (113,44) (84,32) 
Layer 21
(921,114) (795,165) (777,171) (772,171) (730,171) (721,171) (714,170) (597,147) (132,48) (85,31) 
Layer 22
(920,109) (918,115) (820,153) (796,162) (727,170) (724,170) (717,169) (598,147) (114,40) (86,30) 
Layer 23
(919,106) (917,111) (915,115) (819,152) (798,158) (728,169) (718,168) (705,166) (609,147) (111,38) (98,34) (89,29) (87,27) 
Layer 24
(914,113) (911,116) (817,150) (797,156) (722,168) (719,168) (608,145) (112,38) (101,33) (88,24) 
Layer 25
(910,115) (821,148) (801,152) (729,165) (712,166) (599,143) (140,44) (110,37) (90,23) 
Layer 26
(909,110) (818,147) (800,152) (725,165) (720,165) (713,165) (704,164) (604,144) (141,42) (106,34) (99,29) (92,22) (91,19) 
Layer 27
(908,98) (816,146) (799,150) (703,153) (650,151) (615,146) (134,39) (108,33) (103,30) (100,27) (95,22) (94,20) (93,15) 
Layer 28
(907,96) (893,105) (822,142) (804,147) (652,151) (612,145) (137,38) (109,31) (102,27) (97,23) (96,21) 
Layer 29
(906,90) (894,104) (802,147) (684,150) (651,149) (613,145) (139,38) (107,28) (104,24) 
Layer 30
(905,87) (904,92) (895,101) (803,146) (702,149) (701,149) (653,148) (606,142) (143,38) (105,23) 
Layer 31
(903,85) (896,96) (828,133) (815,140) (805,143) (681,148) (666,148) (659,148) (655,148) (654,148) (610,141) (605,140) (596,138) (148,38) (136,35) (135,33) 
Layer 32
(902,81) (900,85) (899,87) (892,96) (823,135) (812,138) (700,147) (698,147) (683,147) (667,147) (611,141) (138,35) 
Layer 33
(901,80) (897,88) (891,95) (829,130) (814,136) (699,146) (668,146) (656,145) (607,139) (584,134) (147,37) (144,36) (142,35) 
Layer 34
(898,83) (890,89) (827,129) (811,136) (680,145) (658,144) (591,135) (585,134) (146,36) (145,34) 
Layer 35
(889,83) (882,89) (851,112) (813,133) (807,134) (696,143) (679,144) (671,144) (649,142) (616,138) (592,135) (586,134) (149,33) 
Layer 36
(888,81) (887,83) (886,85) (880,90) (855,106) (836,118) (824,125) (810,132) (806,133) (697,142) (678,143) (657,142) (595,135) (152,29) (151,28) (150,26) 
Layer 37
(885,81) (883,85) (854,106) (835,118) (826,123) (808,130) (682,142) (672,142) (642,139) (594,134) (588,133) (155,29) (153,28) 
Layer 38
(884,76) (881,86) (850,107) (831,119) (809,126) (688,141) (664,141) (593,133) (158,26) (154,25) 
Layer 39
(879,86) (848,108) (834,117) (830,119) (685,139) (660,140) (643,138) (618,135) (587,131) (157,25) (156,24) 
Layer 40
(878,85) (852,104) (842,110) (832,116) (695,137) (687,138) (665,139) (661,139) (636,137) (583,128) (573,126) (160,21) (159,17) 
Layer 41
(877,85) (849,104) (841,109) (833,112) (689,137) (675,138) (670,138) (663,138) (637,137) (589,129) (161,14) 
Layer 42
(876,82) (868,91) (856,99) (853,101) (837,110) (686,137) (648,137) (646,137) (617,133) (590,127) (582,125) (162,13) 
Layer 43
(875,77) (874,78) (844,105) (838,107) (825,111) (690,136) (674,136) (662,136) (644,136) (624,133) (580,123) (163,12) 
Layer 44
(873,75) (869,82) (847,102) (843,103) (694,135) (669,135) (645,135) (633,133) (623,131) (581,121) (569,118) (165,11) (164,10) 
Layer 45
(872,72) (871,76) (867,81) (861,88) (846,99) (839,103) (691,134) (676,134) (647,134) (635,133) (566,116) (166,6) 
Layer 46
(870,75) (866,81) (862,86) (840,102) (693,132) (641,133) (639,133) (638,133) (619,129) (571,117) (170,1) (167,-2) 
Layer 47
(865,78) (857,89) (845,95) (692,128) (677,129) (640,131) (620,128) (574,117) (187,3) (168,-3) 
Layer 48
(864,76) (858,81) (673,129) (634,130) (572,116) (565,114) (188,3) (169,-3) 
Layer 49
(863,75) (860,79) (632,129) (570,114) (491,91) (171,-5) 
Layer 50
(859,71) (621,125) (579,116) (189,-2) (172,-21) 
Layer 51
(631,121) (622,124) (568,112) (186,-8) (173,-20) 
Layer 52
(630,118) (625,119) (575,113) (567,111) (195,-7) (184,-12) (174,-23) 
Layer 53
(629,111) (578,111) (492,87) (191,-9) (175,-28) 
Layer 54
(628,110) (627,110) (626,110) (576,108) (193,-9) (190,-12) (185,-17) (176,-27) 
Layer 55
(577,103) (564,104) (194,-10) (192,-11) (177,-32) 
Layer 56
(563,100) (521,90) (490,81) (196,-10) (183,-27) (178,-34) 
Layer 57
(562,92) (559,96) (515,88) (202,-9) (199,-10) (197,-12) (180,-40) (179,-44) 
Layer 58
(561,87) (557,89) (542,89) (516,88) (201,-10) (182,-38) (181,-44) 
Layer 59
(560,87) (558,88) (520,87) (481,77) (198,-16) 
Layer 60
(556,86) (543,86) (517,85) (493,80) (200,-16) 
Layer 61
(555,73) (554,83) (553,84) (539,85) (533,85) (514,83) (482,76) (203,-17) 
Layer 62
(552,81) (540,84) (524,83) (489,75) (204,-19) 
Layer 63
(551,78) (549,81) (535,83) (532,83) (531,83) (484,73) (205,-21) 
Layer 64
(550,76) (546,80) (544,81) (536,82) (534,82) (519,80) (483,72) (206,-22) 
Layer 65
(548,77) (538,80) (523,80) (488,72) (207,-28) 
Layer 66
(547,75) (545,77) (525,79) (522,79) (512,77) (487,71) (208,-32) 
Layer 67
(541,77) (530,78) (513,77) (500,73) (471,63) (209,-43) 
Layer 68
(537,77) (518,77) (495,71) (475,63) (210,-51) 
Layer 69
(529,74) (528,75) (509,73) (499,71) (485,66) (472,61) (212,-54) (211,-57) 
Layer 70
(527,72) (526,72) (510,72) (503,71) (496,69) (480,63) (473,60) (213,-54) 
Layer 71
(511,70) (508,71) (507,71) (501,70) (486,65) (214,-61) 
Layer 72
(506,65) (502,69) (497,68) (476,59) (469,56) (215,-71) 
Layer 73
(505,62) (504,63) (498,66) (494,66) (474,58) (344,-7) (216,-75) 
Layer 74
(479,56) (478,57) (477,58) (331,-17) (217,-81) 
Layer 75
(470,54) (332,-17) (220,-80) (218,-83) 
Layer 76
(468,47) (345,-11) (343,-12) (341,-13) (221,-80) (219,-86) 
Layer 77
(467,32) (466,33) (366,-5) (342,-16) (323,-26) (222,-84) 
Layer 78
(465,30) (464,32) (364,-7) (333,-22) (322,-28) (223,-87) 
Layer 79
(463,22) (459,23) (365,-9) (346,-16) (229,-84) (224,-90) 
Layer 80
(462,19) (458,21) (337,-22) (330,-26) (228,-87) (226,-89) (225,-92) 
Layer 81
(461,19) (368,-11) (347,-19) (334,-24) (230,-87) (227,-90) 
Layer 82
(460,18) (367,-12) (340,-22) (335,-24) (305,-42) (235,-84) (231,-91) 
Layer 83
(457,11) (452,11) (372,-11) (338,-23) (329,-28) (304,-43) (236,-84) (234,-88) (233,-90) (232,-94) 
Layer 84
(456,8) (455,9) (370,-13) (336,-25) (321,-34) (237,-86) 
Layer 85
(454,1) (453,7) (396,-7) (363,-18) (348,-23) (327,-31) (306,-44) (239,-88) (238,-89) 
Layer 86
(451,6) (361,-19) (324,-33) (319,-36) (301,-48) (241,-91) (240,-92) 
Layer 87
(450,1) (432,0) (427,-1) (369,-17) (362,-19) (349,-24) (328,-34) (326,-35) (303,-47) (249,-88) (243,-93) (242,-94) 
Layer 88
(449,-3) (445,-1) (424,-2) (371,-17) (350,-24) (339,-29) (325,-36) (307,-45) (248,-93) (244,-102) 
Layer 89
(448,-6) (436,-2) (431,-2) (417,-5) (397,-10) (373,-17) (351,-24) (302,-50) (259,-85) (250,-94) (246,-102) (245,-106) 
Layer 90
(447,-7) (444,-5) (437,-4) (428,-3) (395,-11) (391,-12) (356,-25) (320,-42) (300,-55) (275,-74) (260,-86) (254,-94) (251,-98) (247,-105) 
Layer 91
(446,-7) (433,-5) (429,-5) (425,-5) (418,-6) (394,-12) (352,-30) (318,-47) (312,-50) (276,-74) (273,-77) (258,-92) (255,-95) (253,-100) (252,-104) 
Layer 92
(443,-12) (439,-10) (435,-8) (426,-6) (415,-8) (392,-16) (355,-30) (311,-52) (308,-54) (274,-77) (257,-97) (256,-101) 
Layer 93
(442,-15) (440,-11) (430,-8) (422,-7) (398,-14) (358,-30) (315,-51) (309,-54) (281,-75) (269,-84) (261,-94) 
Layer 94
(441,-14) (438,-11) (434,-10) (423,-8) (419,-9) (403,-13) (374,-24) (316,-52) (295,-65) (270,-85) (266,-93) (262,-102) 
Layer 95
(421,-10) (416,-10) (399,-15) (393,-17) (357,-33) (317,-52) (292,-68) (277,-80) (272,-85) (271,-86) (265,-96) (263,-103) 
Layer 96
(420,-12) (408,-13) (402,-15) (353,-35) (310,-58) (297,-65) (294,-67) (290,-70) (280,-80) (267,-96) (264,-105) 
Layer 97
(414,-18) (407,-14) (359,-33) (313,-57) (299,-65) (291,-70) (278,-84) (268,-95) 
Layer 98
(413,-22) (412,-18) (400,-17) (387,-22) (360,-34) (314,-57) (298,-66) (293,-70) (279,-83) 
Layer 99
(411,-23) (410,-20) (409,-18) (401,-19) (388,-22) (375,-28) (354,-39) (296,-71) (283,-80) (282,-84) 
Layer 100
(406,-20) (404,-20) (386,-23) (286,-78) (284,-85) 
Layer 101
(405,-25) (390,-23) (376,-30) (289,-79) (285,-85) 
Layer 102
(389,-27) (385,-28) (288,-81) (287,-84) 
Layer 103
(384,-34) (383,-30) (377,-33) 
Layer 104
(382,-32) (378,-35) 
Layer 105
(381,-34) (380,-35) (379,-36) 
---------------------------------------------------------------------------------------
TD 0 :
(999,92) (998,99) (997,91) (996,90) (995,105) (994,96) (993,97) (992,91) (991,91) (990,95) (989,95) (988,97) (987,103) (986,105) (985,108) (984,105) (983,95) (982,99) (981,93) (980,90) (979,88) (978,87) (977,98) (976,91) (975,98) (974,98) (973,100) (972,99) (971,100) (970,92) (969,94) (968,97) (967,92) (966,86) (965,89) (964,90) (963,88) (962,92) (961,98) (960,98) (959,94) (958,93) (957,100) (956,107) (955,113) (954,113) (953,115) (952,118) (951,126) (950,132) (949,127) (948,124) (947,124) (946,126) (945,126) (944,127) (943,129) (942,130) (941,128) (940,130) (939,124) (938,119) (937,118) (936,119) (935,124) (934,120) (933,121) (932,116) (931,112) (930,121) (929,118) (928,123) (927,122) (926,117) (925,112) (924,118) (923,123) (922,116) (921,114) (920,109) (919,106) (918,115) (917,111) (916,120) (915,115) (914,113) (913,120) (912,123) (911,116) (910,115) (909,110) (908,98) (907,96) (906,90) (905,87) (904,92) (903,85) (902,81) (901,80) (900,85) (899,87) (898,83) (897,88) (896,96) (895,101) (894,104) (893,105) (892,96) (891,95) (890,89) (889,83) (888,81) (887,83) (886,85) (885,81) (884,76) (883,85) (882,89) (881,86) (880,90) (879,86) (878,85) (877,85) (876,82) (875,77) (874,78) (873,75) (872,72) (871,76) (870,75) (869,82) (868,91) (867,81) (866,81) (865,78) (864,76) (863,75) (862,86) (861,88) (860,79) (859,71) (858,81) (857,89) (856,99) (855,106) (854,106) (853,101) (852,104) (851,112) (850,107) (849,104) (848,108) (847,102) (846,99) (845,95) (844,105) (843,103) (842,110) (841,109) (840,102) (839,103) (838,107) (837,110) (836,118) (835,118) (834,117) (833,112) (832,116) (831,119) (830,119) (829,130) (828,133) (827,129) (826,123) (825,111) (824,125) (823,135) (822,142) (821,148) (820,153) (819,152) (818,147) (817,150) (816,146) (815,140) (814,136) (813,133) (812,138) (811,136) (810,132) (809,126) (808,130) (807,134) (806,133) (805,143) (804,147) (803,146) (802,147) (801,152) (800,152) (799,150) (798,158) (797,156) (796,162) (795,165) (794,168) (793,175) (792,169) (791,172) (790,175) (789,179) (788,189) (787,184) (786,184) (785,192) (784,187) (783,180) (782,179) (781,173) (780,172) (779,173) (778,174) (777,171) (776,176) (775,178) (774,178) (773,176) (772,171) (771,178) (770,181) (769,184) (768,190) (767,190) (766,192) (765,189) (764,184) (763,174) (762,181) (761,183) (760,186) (759,189) (758,197) (757,191) (756,191) (755,200) (754,202) (753,199) (752,200) (751,201) (750,195) (749,200) (748,198) (747,189) (746,188) (745,193) (744,197) (743,189) (742,186) (741,190) (740,191) (739,188) (738,197) (737,190) (736,191) (735,194) (734,193) (733,190) (732,188) (731,173) (730,171) (729,165) (728,169) (727,170) (726,172) (725,165) (724,170) (723,179) (722,168) (721,171) (720,165) (719,168) (718,168) (717,169) (716,172) (715,174) (714,170) (713,165) (712,166) (711,174) (710,176) (709,177) (708,174) (707,173) (706,172) (705,166) (704,164) (703,153) (702,149) (701,149) (700,147) (699,146) (698,147) (697,142) (696,143) (695,137) (694,135) (693,132) (692,128) (691,134) (690,136) (689,137) (688,141) (687,138) (686,137) (685,139) (684,150) (683,147) (682,142) (681,148) (680,145) (679,144) (678,143) (677,129) (676,134) (675,138) (674,136) (673,129) (672,142) (671,144) (670,138) (669,135) (668,146) (667,147) (666,148) (665,139) (664,141) (663,138) (662,136) (661,139) (660,140) (659,148) (658,144) (657,142) (656,145) (655,148) (654,148) (653,148) (652,151) (651,149) (650,151) (649,142) (648,137) (647,134) (646,137) (645,135) (644,136) (643,138) (642,139) (641,133) (640,131) (639,133) (638,133) (637,137) (636,137) (635,133) (634,130) (633,133) (632,129) (631,121) (630,118) (629,111) (628,110) (627,110) (626,110) (625,119) (624,133) (623,131) (622,124) (621,125) (620,128) (619,129) (618,135) (617,133) (616,138) (615,146) (614,152) (613,145) (612,145) (611,141) (610,141) (609,147) (608,145) (607,139) (606,142) (605,140) (604,144) (603,150) (602,154) (601,157) (600,151) (599,143) (598,147) (597,147) (596,138) (595,135) (594,134) (593,133) (592,135) (591,135) (590,127) (589,129) (588,133) (587,131) (586,134) (585,134) (584,134) (583,128) (582,125) (581,121) (580,123) (579,116) (578,111) (577,103) (576,108) (575,113) (574,117) (573,126) (572,116) (571,117) (570,114) (569,118) (568,112) (567,111) (566,116) (565,114) (564,104) (563,100) (562,92) (561,87) (560,87) (559,96) (558,88) (557,89) (556,86) (555,73) (554,83) (553,84) (552,81) (551,78) (550,76) (549,81) (548,77) (547,75) (546,80) (545,77) (544,81) (543,86) (542,89) (541,77) (540,84) (539,85) (538,80) (537,77) (536,82) (535,83) (534,82) (533,85) (532,83) (531,83) (530,78) (529,74) (528,75) (527,72) (526,72) (525,79) (524,83) (523,80) (522,79) (521,90) (520,87) (519,80) (518,77) (517,85) (516,88) (515,88) (514,83) (513,77) (512,77) (511,70) (510,72) (509,73) (508,71) (507,71) (506,65) (505,62) (504,63) (503,71) (502,69) (501,70) (500,73) (499,71) (498,66) (497,68) (496,69) (495,71) (494,66) (493,80) (492,87) (491,91) (490,81) (489,75) (488,72) (487,71) (486,65) (485,66) (484,73) (483,72) (482,76) (481,77) (480,63) (479,56) (478,57) (477,58) (476,59) (475,63) (474,58) (473,60) (472,61) (471,63) (470,54) (469,56) (468,47) (467,32) (466,33) (465,30) (464,32) (463,22) (462,19) (461,19) (460,18) (459,23) (458,21) (457,11) (456,8) (455,9) (454,1) (453,7) (452,11) (451,6) (450,1) (449,-3) (448,-6) (447,-7) (446,-7) (445,-1) (444,-5) (443,-12) (442,-15) (441,-14) (440,-11) (439,-10) (438,-11) (437,-4) (436,-2) (435,-8) (434,-10) (433,-5) (432,0) (431,-2) (430,-8) (429,-5) (428,-3) (427,-1) (426,-6) (425,-5) (424,-2) (423,-8) (422,-7) (421,-10) (420,-12) (419,-9) (418,-6) (417,-5) (416,-10) (415,-8) (414,-18) (413,-22) (412,-18) (411,-23) (410,-20) (409,-18) (408,-13) (407,-14) (406,-20) (405,-25) (404,-20) (403,-13) (402,-15) (401,-19) (400,-17) (399,-15) (398,-14) (397,-10) (396,-7) (395,-11) (394,-12) (393,-17) (392,-16) (391,-12) (390,-23) (389,-27) (388,-22) (387,-22) (386,-23) (385,-28) (384,-34) (383,-30) (382,-32) (381,-34) (380,-35) (379,-36) (378,-35) (377,-33) (376,-30) (375,-28) (374,-24) (373,-17) (372,-11) (371,-17) (370,-13) (369,-17) (368,-11) (367,-12) (366,-5) (365,-9) (364,-7) (363,-18) (362,-19) (361,-19) (360,-34) (359,-33) (358,-30) (357,-33) (356,-25) (355,-30) (354,-39) (353,-35) (352,-30) (351,-24) (350,-24) (349,-24) (348,-23) (347,-19) (346,-16) (345,-11) (344,-7) (343,-12) (342,-16) (341,-13) (340,-22) (339,-29) (338,-23) (337,-22) (336,-25) (335,-24) (334,-24) (333,-22) (332,-17) (331,-17) (330,-26) (329,-28) (328,-34) (327,-31) (326,-35) (325,-36) (324,-33) (323,-26) (322,-28) (321,-34) (320,-42) (319,-36) (318,-47) (317,-52) (316,-52) (315,-51) (314,-57) (313,-57) (312,-50) (311,-52) (310,-58) (309,-54) (308,-54) (307,-45) (306,-44) (305,-42) (304,-43) (303,-47) (302,-50) (301,-48) (300,-55) (299,-65) (298,-66) (297,-65) (296,-71) (295,-65) (294,-67) (293,-70) (292,-68) (291,-70) (290,-70) (289,-79) (288,-81) (287,-84) (286,-78) (285,-85) (284,-85) (283,-80) (282,-84) (281,-75) (280,-80) (279,-83) (278,-84) (277,-80) (276,-74) (275,-74) (274,-77) (273,-77) (272,-85) (271,-86) (270,-85) (269,-84) (268,-95) (267,-96) (266,-93) (265,-96) (264,-105) (263,-103) (262,-102) (261,-94) (260,-86) (259,-85) (258,-92) (257,-97) (256,-101) (255,-95) (254,-94) (253,-100) (252,-104) (251,-98) (250,-94) (249,-88) (248,-93) (247,-105) (246,-102) (245,-106) (244,-102) (243,-93) (242,-94) (241,-91) (240,-92) (239,-88) (238,-89) (237,-86) (236,-84) (235,-84) (234,-88) (233,-90) (232,-94) (231,-91) (230,-87) (229,-84) (228,-87) (227,-90) (226,-89) (225,-92) (224,-90) (223,-87) (222,-84) (221,-80) (220,-80) (219,-86) (218,-83) (217,-81) (216,-75) (215,-71) (214,-61) (213,-54) (212,-54) (211,-57) (210,-51) (209,-43) (208,-32) (207,-28) (206,-22) (205,-21) (204,-19) (203,-17) (202,-9) (201,-10) (200,-16) (199,-10) (198,-16) (197,-12) (196,-10) (195,-7) (194,-10) (193,-9) (192,-11) (191,-9) (190,-12) (189,-2) (188,3) (187,3) (186,-8) (185,-17) (184,-12) (183,-27) (182,-38) (181,-44) (180,-40) (179,-44) (178,-34) (177,-32) (176,-27) (175,-28) (174,-23) (173,-20) (172,-21) (171,-5) (170,1) (169,-3) (168,-3) (167,-2) (166,6) (165,11) (164,10) (163,12) (162,13) (161,14) (160,21) (159,17) (158,26) (157,25) (156,24) (155,29) (154,25) (153,28) (152,29) (151,28) (150,26) (149,33) (148,38) (147,37) (146,36) (145,34) (144,36) (143,38) (142,35) (141,42) (140,44) (139,38) (138,35) (137,38) (136,35) (135,33) (134,39) (133,49) (132,48) (131,51) (130,62) (129,65) (128,61) (127,68) (126,62) (125,53) (124,60) (123,66) (122,64) (121,59) (120,55) (119,51) (118,46) (117,47) (116,49) (115,47) (114,40) (113,44) (112,38) (111,38) (110,37) (109,31) (108,33) (107,28) (106,34) (105,23) (104,24) (103,30) (102,27) (101,33) (100,27) (99,29) (98,34) (97,23) (96,21) (95,22) (94,20) (93,15) (92,22) (91,19) (90,23) (89,29) (88,24) (87,27) (86,30) (85,31) (84,32) (83,34) (82,35) (81,34) (80,42) (79,40) (78,39) (77,41) (76,40) (75,39) (74,44) (73,42) (72,45) (71,53) (70,55) (69,53) (68,53) (67,49) (66,42) (65,51) (64,51) (63,48) (62,44) (61,45) (60,37) (59,35) (58,32) (57,32) (56,29) (55,32) (54,27) (53,23) (52,27) (51,28) (50,33) (49,30) (48,34) (47,30) (46,34) (45,35) (44,35) (43,32) (42,38) (41,24) (40,25) (39,33) (38,31) (37,28) (36,29) (35,25) (34,30) (33,23) (32,23) (31,21) (30,28) (29,23) (28,21) (27,15) (26,14) (25,16) (24,17) (23,20) (22,27) (21,22) (20,27) (19,25) (18,14) (17,16) (16,21) (15,20) (14,15) (13,21) (12,9) (11,10) (10,12) (9,15) (8,14) (7,12) (6,11) (5,11) (4,10) (3,4) (2,5) (1,0) (0,-1) 
TD 1 :
(999,92) (998,99) (995,105) (950,132) (785,192) (754,202) (127,68) (70,55) (20,27) (13,21) (4,10) (2,5) (0,-1) (1,0) 
(999,92) (998,99) (995,105) (950,132) (785,192) (754,202) (127,68) (70,55) (20,27) (13,21) (4,10) (2,5) (0,-1) (3,4) 
(999,92) (998,99) (995,105) (950,132) (785,192) (754,202) (127,68) (70,55) (20,27) (13,21) (4,10) (2,5) (0,-1) (5,11) (6,11) (7,12) (8,14) (9,15) (10,12) (11,10) (12,9) 
(999,92) (998,99) (995,105) (950,132) (785,192) (754,202) (127,68) (70,55) (20,27) (13,21) (4,10) (2,5) (0,-1) (14,15) (15,20) (16,21) (17,16) (18,14) (19,25) 
(999,92) (998,99) (995,105) (950,132) (785,192) (754,202) (127,68) (70,55) (20,27) (13,21) (4,10) (2,5) (0,-1) (21,22) (22,27) (23,20) (24,17) (25,16) (26,14) (27,15) (28,21) (29,23) (30,28) (31,21) (32,23) (33,23) (34,30) (35,25) (36,29) (37,28) (38,31) (39,33) (40,25) (41,24) (42,38) (43,32) (44,35) (45,35) (46,34) (47,30) (48,34) (49,30) (50,33) (51,28) (52,27) (53,23) (54,27) (55,32) (56,29) (57,32) (58,32) (59,35) (60,37) (61,45) (62,44) (63,48) (64,51) (65,51) (66,42) (67,49) (68,53) (69,53) 
(999,92) (998,99) (995,105) (950,132) (785,192) (754,202) (127,68) (70,55) (20,27) (13,21) (4,10) (2,5) (0,-1) (71,53) (72,45) (73,42) (74,44) (75,39) (76,40) (77,41) (78,39) (79,40) (80,42) (81,34) (82,35) (83,34) (84,32) (85,31) (86,30) (87,27) (88,24) (89,29) (90,23) (91,19) (92,22) (93,15) (94,20) (95,22) (96,21) (97,23) (98,34) (99,29) (100,27) (101,33) (102,27) (103,30) (104,24) (105,23) (106,34) (107,28) (108,33) (109,31) (110,37) (111,38) (112,38) (113,44) (114,40) (115,47) (116,49) (117,47) (118,46) (119,51) (120,55) (121,59) (122,64) (123,66) (124,60) (125,53) (126,62) 
(999,92) (998,99) (995,105) (950,132) (785,192) (754,202) (127,68) (70,55) (20,27) (13,21) (4,10) (2,5) (0,-1) (128,61) (129,65) (130,62) (131,51) (132,48) (133,49) (134,39) (135,33) (136,35) (137,38) (138,35) (139,38) (140,44) (141,42) (142,35) (143,38) (144,36) (145,34) (146,36) (147,37) (148,38) (149,33) (150,26) (151,28) (152,29) (153,28) (154,25) (155,29) (156,24) (157,25) (158,26) (159,17) (160,21) (161,14) (162,13) (163,12) (164,10) (165,11) (166,6) (167,-2) (168,-3) (169,-3) (170,1) (171,-5) (172,-21) (173,-20) (174,-23) (175,-28) (176,-27) (177,-32) (178,-34) (179,-44) (180,-40) (181,-44) (182,-38) (183,-27) (184,-12) (185,-17) (186,-8) (187,3) (188,3) (189,-2) (190,-12) (191,-9) (192,-11) (193,-9) (194,-10) (195,-7) (196,-10) (197,-12) (198,-16) (199,-10) (200,-16) (201,-10) (202,-9) (203,-17) (204,-19) (205,-21) (206,-22) (207,-28) (208,-32) (209,-43) (210,-51) (211,-57) (212,-54) (213,-54) (214,-61) (215,-71) (216,-75) (217,-81) (218,-83) (219,-86) (220,-80) (221,-80) (222,-84) (223,-87) (224,-90) (225,-92) (226,-89) (227,-90) (228,-87) (229,-84) (230,-87) (231,-91) (232,-94) (233,-90) (234,-88) (235,-84) (236,-84) (237,-86) (238,-89) (239,-88) (240,-92) (241,-91) (242,-94) (243,-93) (244,-102) (245,-106) (246,-102) (247,-105) (248,-93) (249,-88) (250,-94) (251,-98) (252,-104) (253,-100) (254,-94) (255,-95) (256,-101) (257,-97) (258,-92) (259,-85) (260,-86) (261,-94) (262,-102) (263,-103) (264,-105) (265,-96) (266,-93) (267,-96) (268,-95) (269,-84) (270,-85) (271,-86) (272,-85) (273,-77) (274,-77) (275,-74) (276,-74) (277,-80) (278,-84) (279,-83) (280,-80) (281,-75) (282,-84) (283,-80) (284,-85) (285,-85) (286,-78) (287,-84) (288,-81) (289,-79) (290,-70) (291,-70) (292,-68) (293,-70) (294,-67) (295,-65) (296,-71) (297,-65) (298,-66) (299,-65) (300,-55) (301,-48) (302,-50) (303,-47) (304,-43) (305,-42) (306,-44) (307,-45) (308,-54) (309,-54) (310,-58) (311,-52) (312,-50) (313,-57) (314,-57) (315,-51) (316,-52) (317,-52) (318,-47) (319,-36) (320,-42) (321,-34) (322,-28) (323,-26) (324,-33) (325,-36) (326,-35) (327,-31) (328,-34) (329,-28) (330,-26) (331,-17) (332,-17) (333,-22) (334,-24) (335,-24) (336,-25) (337,-22) (338,-23) (339,-29) (340,-22) (341,-13) (342,-16) (343,-12) (344,-7) (345,-11) (346,-16) (347,-19) (348,-23) (349,-24) (350,-24) (351,-24) (352,-30) (353,-35) (354,-39) (355,-30) (356,-25) (357,-33) (358,-30) (359,-33) (360,-34) (361,-19) (362,-19) (363,-18) (364,-7) (365,-9) (366,-5) (367,-12) (368,-11) (369,-17) (370,-13) (371,-17) (372,-11) (373,-17) (374,-24) (375,-28) (376,-30) (377,-33) (378,-35) (379,-36) (380,-35) (381,-34) (382,-32) (383,-30) (384,-34) (385,-28) (386,-23) (387,-22) (388,-22) (389,-27) (390,-23) (391,-12) (392,-16) (393,-17) (394,-12) (395,-11) (396,-7) (397,-10) (398,-14) (399,-15) (400,-17) (401,-19) (402,-15) (403,-13) (404,-20) (405,-25) (406,-20) (407,-14) (408,-13) (409,-18) (410,-20) (411,-23) (412,-18) (413,-22) (414,-18) (415,-8) (416,-10) (417,-5) (418,-6) (419,-9) (420,-12) (421,-10) (422,-7) (423,-8) (424,-2) (425,-5) (426,-6) (427,-1) (428,-3) (429,-5) (430,-8) (431,-2) (432,0) (433,-5) (434,-10) (435,-8) (436,-2) (437,-4) (438,-11) (439,-10) (440,-11) (441,-14) (442,-15) (443,-12) (444,-5) (445,-1) (446,-7) (447,-7) (448,-6) (449,-3) (450,1) (451,6) (452,11) (453,7) (454,1) (455,9) (456,8) (457,11) (458,21) (459,23) (460,18) (461,19) (462,19) (463,22) (464,32) (465,30) (466,33) (467,32) (468,47) (469,56) (470,54) (471,63) (472,61) (473,60) (474,58) (475,63) (476,59) (477,58) (478,57) (479,56) (480,63) (481,77) (482,76) (483,72) (484,73) (485,66) (486,65) (487,71) (488,72) (489,75) (490,81) (491,91) (492,87) (493,80) (494,66) (495,71) (496,69) (497,68) (498,66) (499,71) (500,73) (501,70) (502,69) (503,71) (504,63) (505,62) (506,65) (507,71) (508,71) (509,73) (510,72) (511,70) (512,77) (513,77) (514,83) (515,88) (516,88) (517,85) (518,77) (519,80) (520,87) (521,90) (522,79) (523,80) (524,83) (525,79) (526,72) (527,72) (528,75) (529,74) (530,78) (531,83) (532,83) (533,85) (534,82) (535,83) (536,82) (537,77) (538,80) (539,85) (540,84) (541,77) (542,89) (543,86) (544,81) (545,77) (546,80) (547,75) (548,77) (549,81) (550,76) (551,78) (552,81) (553,84) (554,83) (555,73) (556,86) (557,89) (558,88) (559,96) (560,87) (561,87) (562,92) (563,100) (564,104) (565,114) (566,116) (567,111) (568,112) (569,118) (570,114) (571,117) (572,116) (573,126) (574,117) (575,113) (576,108) (577,103) (578,111) (579,116) (580,123) (581,121) (582,125) (583,128) (584,134) (585,134) (586,134) (587,131) (588,133) (589,129) (590,127) (591,135) (592,135) (593,133) (594,134) (595,135) (596,138) (597,147) (598,147) (599,143) (600,151) (601,157) (602,154) (603,150) (604,144) (605,140) (606,142) (607,139) (608,145) (609,147) (610,141) (611,141) (612,145) (613,145) (614,152) (615,146) (616,138) (617,133) (618,135) (619,129) (620,128) (621,125) (622,124) (623,131) (624,133) (625,119) (626,110) (627,110) (628,110) (629,111) (630,118) (631,121) (632,129) (633,133) (634,130) (635,133) (636,137) (637,137) (638,133) (639,133) (640,131) (641,133) (642,139) (643,138) (644,136) (645,135) (646,137) (647,134) (648,137) (649,142) (650,151) (651,149) (652,151) (653,148) (654,148) (655,148) (656,145) (657,142) (658,144) (659,148) (660,140) (661,139) (662,136) (663,138) (664,141) (665,139) (666,148) (667,147) (668,146) (669,135) (670,138) (671,144) (672,142) (673,129) (674,136) (675,138) (676,134) (677,129) (678,143) (679,144) (680,145) (681,148) (682,142) (683,147) (684,150) (685,139) (686,137) (687,138) (688,141) (689,137) (690,136) (691,134) (692,128) (693,132) (694,135) (695,137) (696,143) (697,142) (698,147) (699,146) (700,147) (701,149) (702,149) (703,153) (704,164) (705,166) (706,172) (707,173) (708,174) (709,177) (710,176) (711,174) (712,166) (713,165) (714,170) (715,174) (716,172) (717,169) (718,168) (719,168) (720,165) (721,171) (722,168) (723,179) (724,170) (725,165) (726,172) (727,170) (728,169) (729,165) (730,171) (731,173) (732,188) (733,190) (734,193) (735,194) (736,191) (737,190) (738,197) (739,188) (740,191) (741,190) (742,186) (743,189) (744,197) (745,193) (746,188) (747,189) (748,198) (749,200) (750,195) (751,201) (752,200) (753,199) 
(999,92) (998,99) (995,105) (950,132) (785,192) (754,202) (127,68) (70,55) (20,27) (13,21) (4,10) (2,5) (0,-1) (755,200) (756,191) (757,191) (758,197) (759,189) (760,186) (761,183) (762,181) (763,174) (764,184) (765,189) (766,192) (767,190) (768,190) (769,184) (770,181) (771,178) (772,171) (773,176) (774,178) (775,178) (776,176) (777,171) (778,174) (779,173) (780,172) (781,173) (782,179) (783,180) (784,187) 
(999,92) (998,99) (995,105) (950,132) (785,192) (754,202) (127,68) (70,55) (20,27) (13,21) (4,10) (2,5) (0,-1) (786,184) (787,184) (788,189) (789,179) (790,175) (791,172) (792,169) (793,175) (794,168) (795,165) (796,162) (797,156) (798,158) (799,150) (800,152) (801,152) (802,147) (803,146) (804,147) (805,143) (806,133) (807,134) (808,130) (809,126) (810,132) (811,136) (812,138) (813,133) (814,136) (815,140) (816,146) (817,150) (818,147) (819,152) (820,153) (821,148) (822,142) (823,135) (824,125) (825,111) (826,123) (827,129) (828,133) (829,130) (830,119) (831,119) (832,116) (833,112) (834,117) (835,118) (836,118) (837,110) (838,107) (839,103) (840,102) (841,109) (842,110) (843,103) (844,105) (845,95) (846,99) (847,102) (848,108) (849,104) (850,107) (851,112) (852,104) (853,101) (854,106) (855,106) (856,99) (857,89) (858,81) (859,71) (860,79) (861,88) (862,86) (863,75) (864,76) (865,78) (866,81) (867,81) (868,91) (869,82) (870,75) (871,76) (872,72) (873,75) (874,78) (875,77) (876,82) (877,85) (878,85) (879,86) (880,90) (881,86) (882,89) (883,85) (884,76) (885,81) (886,85) (887,83) (888,81) (889,83) (890,89) (891,95) (892,96) (893,105) (894,104) (895,101) (896,96) (897,88) (898,83) (899,87) (900,85) (901,80) (902,81) (903,85) (904,92) (905,87) (906,90) (907,96) (908,98) (909,110) (910,115) (911,116) (912,123) (913,120) (914,113) (915,115) (916,120) (917,111) (918,115) (919,106) (920,109) (921,114) (922,116) (923,123) (924,118) (925,112) (926,117) (927,122) (928,123) (929,118) (930,121) (931,112) (932,116) (933,121) (934,120) (935,124) (936,119) (937,118) (938,119) (939,124) (940,130) (941,128) (942,130) (943,129) (944,127) (945,126) (946,126) (947,124) (948,124) (949,127) 
(999,92) (998,99) (995,105) (950,132) (785,192) (754,202) (127,68) (70,55) (20,27) (13,21) (4,10) (2,5) (0,-1) (951,126) (952,118) (953,115) (954,113) (955,113) (956,107) (957,100) (958,93) (959,94) (960,98) (961,98) (962,92) (963,88) (964,90) (965,89) (966,86) (967,92) (968,97) (969,94) (970,92) (971,100) (972,99) (973,100) (974,98) (975,98) (976,91) (977,98) (978,87) (979,88) (980,90) (981,93) (982,99) (983,95) (984,105) (985,108) (986,105) (987,103) (988,97) (989,95) (990,95) (991,91) (992,91) (993,97) (994,96) 
(999,92) (998,99) (995,105) (950,132) (785,192) (754,202) (127,68) (70,55) (20,27) (13,21) (4,10) (2,5) (0,-1) (996,90) (997,91) 
(999,92) (998,99) (995,105) (950,132) (785,192) (754,202) (127,68) (70,55) (20,27) (13,21) (4,10) (2,5) (0,-1) 
TD 2 :
(999,92) (998,99) (995,105) (950,132) (785,192) (754,202) (127,68) (70,55) (20,27) (13,21) (4,10) (2,5) (0,-1) (1,0) 
(999,92) (998,99) (995,105) (950,132) (785,192) (754,202) (127,68) (70,55) (20,27) (13,21) (4,10) (2,5) (0,-1) (9,15) (8,14) (5,11) 
(999,92) (998,99) (995,105) (950,132) (785,192) (754,202) (127,68) (70,55) (20,27) (13,21) (4,10) (2,5) (0,-1) (9,15) (8,14) (5,11) (6,11) (7,12) 
(999,92) (998,99) (995,105) (950,132) (785,192) (754,202) (127,68) (70,55) (20,27) (13,21) (4,10) (2,5) (0,-1) (9,15) (8,14) (5,11) 
(999,92) (998,99) (995,105) (950,132) (785,192) (754,202) (127,68) (70,55) (20,27) (13,21) (4,10) (2,5) (0,-1) (9,15) (8,14) (5,11) (10,12) (11,10) (12,9) 
(999,92) (998,99) (995,105) (950,132) (785,192) (754,202) (127,68) (70,55) (20,27) (13,21) (4,10) (2,5) (0,-1) (19,25) (14,15) (15,20) (16,21) (17,16) (18,14) 
(999,92) (998,99) (995,105) (950,132) (785,192) (754,202) (127,68) (70,55) (20,27) (13,21) (4,10) (2,5) (0,-1) (19,25) 
(999,92) (998,99) (995,105) (950,132) (785,192) (754,202) (127,68) (70,55) (20,27) (13,21) (4,10) (2,5) (0,-1) (68,53) (64,51) (22,27) (21,22) 
(999,92) (998,99) (995,105) (950,132) (785,192) (754,202) (127,68) (70,55) (20,27) (13,21) (4,10) (2,5) (0,-1) (68,53) (64,51) (22,27) (23,20) (24,17) (25,16) (26,14) (27,15) (28,21) (29,23) (30,28) (31,21) (32,23) (33,23) (34,30) (35,25) (36,29) (37,28) (38,31) (39,33) (40,25) (41,24) (42,38) (43,32) (44,35) (45,35) (46,34) (47,30) (48,34) (49,30) (50,33) (51,28) (52,27) (53,23) (54,27) (55,32) (56,29) (57,32) (58,32) (59,35) (60,37) (61,45) (62,44) (63,48) 
(999,92) (998,99) (995,105) (950,132) (785,192) (754,202) (127,68) (70,55) (20,27) (13,21) (4,10) (2,5) (0,-1) (68,53) (64,51) (22,27) (65,51) (66,42) (67,49) 
(999,92) (998,99) (995,105) (950,132) (785,192) (754,202) (127,68) (70,55) (20,27) (13,21) (4,10) (2,5) (0,-1) (68,53) (64,51) (22,27) (69,53) 
(999,92) (998,99) (995,105) (950,132) (785,192) (754,202) (127,68) (70,55) (20,27) (13,21) (4,10) (2,5) (0,-1) (123,66) (71,53) (72,45) (73,42) (74,44) (75,39) (76,40) (77,41) (78,39) (79,40) (80,42) (81,34) (82,35) (83,34) (84,32) (85,31) (86,30) (87,27) (88,24) (89,29) (90,23) (91,19) (92,22) (93,15) (94,20) (95,22) (96,21) (97,23) (98,34) (99,29) (100,27) (101,33) (102,27) (103,30) (104,24) (105,23) (106,34) (107,28) (108,33) (109,31) (110,37) (111,38) (112,38) (113,44) (114,40) (115,47) (116,49) (117,47) (118,46) (119,51) (120,55) (121,59) (122,64) 
(999,92) (998,99) (995,105) (950,132) (785,192) (754,202) (127,68) (70,55) (20,27) (13,21) (4,10) (2,5) (0,-1) (123,66) (124,60) (125,53) (126,62) 
(999,92) (998,99) (995,105) (950,132) (785,192) (754,202) (127,68) (70,55) (20,27) (13,21) (4,10) (2,5) (0,-1) (751,201) (128,61) (129,65) (130,62) (131,51) (132,48) (133,49) (134,39) (135,33) (136,35) (137,38) (138,35) (139,38) (140,44) (141,42) (142,35) (143,38) (144,36) (145,34) (146,36) (147,37) (148,38) (149,33) (150,26) (151,28) (152,29) (153,28) (154,25) (155,29) (156,24) (157,25) (158,26) (159,17) (160,21) (161,14) (162,13) (163,12) (164,10) (165,11) (166,6) (167,-2) (168,-3) (169,-3) (170,1) (171,-5) (172,-21) (173,-20) (174,-23) (175,-28) (176,-27) (177,-32) (178,-34) (179,-44) (180,-40) (181,-44) (182,-38) (183,-27) (184,-12) (185,-17) (186,-8) (187,3) (188,3) (189,-2) (190,-12) (191,-9) (192,-11) (193,-9) (194,-10) (195,-7) (196,-10) (197,-12) (198,-16) (199,-10) (200,-16) (201,-10) (202,-9) (203,-17) (204,-19) (205,-21) (206,-22) (207,-28) (208,-32) (209,-43) (210,-51) (211,-57) (212,-54) (213,-54) (214,-61) (215,-71) (216,-75) (217,-81) (218,-83) (219,-86) (220,-80) (221,-80) (222,-84) (223,-87) (224,-90) (225,-92) (226,-89) (227,-90) (228,-87) (229,-84) (230,-87) (231,-91) (232,-94) (233,-90) (234,-88) (235,-84) (236,-84) (237,-86) (238,-89) (239,-88) (240,-92) (241,-91) (242,-94) (243,-93) (244,-102) (245,-106) (246,-102) (247,-105) (248,-93) (249,-88) (250,-94) (251,-98) (252,-104) (253,-100) (254,-94) (255,-95) (256,-101) (257,-97) (258,-92) (259,-85) (260,-86) (261,-94) (262,-102) (263,-103) (264,-105) (265,-96) (266,-93) (267,-96) (268,-95) (269,-84) (270,-85) (271,-86) (272,-85) (273,-77) (274,-77) (275,-74) (276,-74) (277,-80) (278,-84) (279,-83) (280,-80) (281,-75) (282,-84) (283,-80) (284,-85) (285,-85) (286,-78) (287,-84) (288,-81) (289,-79) (290,-70) (291,-70) (292,-68) (293,-70) (294,-67) (295,-65) (296,-71) (297,-65) (298,-66) (299,-65) (300,-55) (301,-48) (302,-50) (303,-47) (304,-43) (305,-42) (306,-44) (307,-45) (308,-54) (309,-54) (310,-58) (311,-52) (312,-50) (313,-57) (314,-57) (315,-51) (316,-52) (317,-52) (318,-47) (319,-36) (320,-42) (321,-34) (322,-28) (323,-26) (324,-33) (325,-36) (326,-35) (327,-31) (328,-34) (329,-28) (330,-26) (331,-17) (332,-17) (333,-22) (334,-24) (335,-24) (336,-25) (337,-22) (338,-23) (339,-29) (340,-22) (341,-13) (342,-16) (343,-12) (344,-7) (345,-11) (346,-16) (347,-19) (348,-23) (349,-24) (350,-24) (351,-24) (352,-30) (353,-35) (354,-39) (355,-30) (356,-25) (357,-33) (358,-30) (359,-33) (360,-34) (361,-19) (362,-19) (363,-18) (364,-7) (365,-9) (366,-5) (367,-12) (368,-11) (369,-17) (370,-13) (371,-17) (372,-11) (373,-17) (374,-24) (375,-28) (376,-30) (377,-33) (378,-35) (379,-36) (380,-35) (381,-34) (382,-32) (383,-30) (384,-34) (385,-28) (386,-23) (387,-22) (388,-22) (389,-27) (390,-23) (391,-12) (392,-16) (393,-17) (394,-12) (395,-11) (396,-7) (397,-10) (398,-14) (399,-15) (400,-17) (401,-19) (402,-15) (403,-13) (404,-20) (405,-25) (406,-20) (407,-14) (408,-13) (409,-18) (410,-20) (411,-23) (412,-18) (413,-22) (414,-18) (415,-8) (416,-10) (417,-5) (418,-6) (419,-9) (420,-12) (421,-10) (422,-7) (423,-8) (424,-2) (425,-5) (426,-6) (427,-1) (428,-3) (429,-5) (430,-8) (431,-2) (432,0) (433,-5) (434,-10) (435,-8) (436,-2) (437,-4) (438,-11) (439,-10) (440,-11) (441,-14) (442,-15) (443,-12) (444,-5) (445,-1) (446,-7) (447,-7) (448,-6) (449,-3) (450,1) (451,6) (452,11) (453,7) (454,1) (455,9) (456,8) (457,11) (458,21) (459,23) (460,18) (461,19) (462,19) (463,22) (464,32) (465,30) (466,33) (467,32) (468,47) (469,56) (470,54) (471,63) (472,61) (473,60) (474,58) (475,63) (476,59) (477,58) (478,57) (479,56) (480,63) (481,77) (482,76) (483,72) (484,73) (485,66) (486,65) (487,71) (488,72) (489,75) (490,81) (491,91) (492,87) (493,80) (494,66) (495,71) (496,69) (497,68) (498,66) (499,71) (500,73) (501,70) (502,69) (503,71) (504,63) (505,62) (506,65) (507,71) (508,71) (509,73) (510,72) (511,70) (512,77) (513,77) (514,83) (515,88) (516,88) (517,85) (518,77) (519,80) (520,87) (521,90) (522,79) (523,80) (524,83) (525,79) (526,72) (527,72) (528,75) (529,74) (530,78) (531,83) (532,83) (533,85) (534,82) (535,83) (536,82) (537,77) (538,80) (539,85) (540,84) (541,77) (542,89) (543,86) (544,81) (545,77) (546,80) (547,75) (548,77) (549,81) (550,76) (551,78) (552,81) (553,84) (554,83) (555,73) (556,86) (557,89) (558,88) (559,96) (560,87) (561,87) (562,92) (563,100) (564,104) (565,114) (566,116) (567,111) (568,112) (569,118) (570,114) (571,117) (572,116) (573,126) (574,117) (575,113) (576,108) (577,103) (578,111) (579,116) (580,123) (581,121) (582,125) (583,128) (584,134) (585,134) (586,134) (587,131) (588,133) (589,129) (590,127) (591,135) (592,135) (593,133) (594,134) (595,135) (596,138) (597,147) (598,147) (599,143) (600,151) (601,157) (602,154) (603,150) (604,144) (605,140) (606,142) (607,139) (608,145) (609,147) (610,141) (611,141) (612,145) (613,145) (614,152) (615,146) (616,138) (617,133) (618,135) (619,129) (620,128) (621,125) (622,124) (623,131) (624,133) (625,119) (626,110) (627,110) (628,110) (629,111) (630,118) (631,121) (632,129) (633,133) (634,130) (635,133) (636,137) (637,137) (638,133) (639,133) (640,131) (641,133) (642,139) (643,138) (644,136) (645,135) (646,137) (647,134) (648,137) (649,142) (650,151) (651,149) (652,151) (653,148) (654,148) (655,148) (656,145) (657,142) (658,144) (659,148) (660,140) (661,139) (662,136) (663,138) (664,141) (665,139) (666,148) (667,147) (668,146) (669,135) (670,138) (671,144) (672,142) (673,129) (674,136) (675,138) (676,134) (677,129) (678,143) (679,144) (680,145) (681,148) (682,142) (683,147) (684,150) (685,139) (686,137) (687,138) (688,141) (689,137) (690,136) (691,134) (692,128) (693,132) (694,135) (695,137) (696,143) (697,142) (698,147) (699,146) (700,147) (701,149) (702,149) (703,153) (704,164) (705,166) (706,172) (707,173) (708,174) (709,177) (710,176) (711,174) (712,166) (713,165) (714,170) (715,174) (716,172) (717,169) (718,168) (719,168) (720,165) (721,171) (722,168) (723,179) (724,170) (725,165) (726,172) (727,170) (728,169) (729,165) (730,171) (731,173) (732,188) (733,190) (734,193) (735,194) (736,191) (737,190) (738,197) (739,188) (740,191) (741,190) (742,186) (743,189) (744,197) (745,193) (746,188) (747,189) (748,198) (749,200) (750,195) 
(999,92) (998,99) (995,105) (950,132) (785,192) (754,202) (127,68) (70,55) (20,27) (13,21) (4,10) (2,5) (0,-1) (751,201) (752,200) (753,199) 
(999,92) (998,99) (995,105) (950,132) (785,192) (754,202) (127,68) (70,55) (20,27) (13,21) (4,10) (2,5) (0,-1) (755,200) 
(999,92) (998,99) (995,105) (950,132) (785,192) (754,202) (127,68) (70,55) (20,27) (13,21) (4,10) (2,5) (0,-1) (755,200) (756,191) (757,191) (758,197) (759,189) (760,186) (761,183) (762,181) (763,174) (764,184) (765,189) (766,192) (767,190) (768,190) (769,184) (770,181) (771,178) (772,171) (773,176) (774,178) (775,178) (776,176) (777,171) (778,174) (779,173) (780,172) (781,173) (782,179) (783,180) (784,187) 
(999,92) (998,99) (995,105) (950,132) (785,192) (754,202) (127,68) (70,55) (20,27) (13,21) (4,10) (2,5) (0,-1) (949,127) (942,130) (788,189) (786,184) (787,184) 
(999,92) (998,99) (995,105) (950,132) (785,192) (754,202) (127,68) (70,55) (20,27) (13,21) (4,10) (2,5) (0,-1) (949,127) (942,130) (788,189) (789,179) (790,175) (791,172) (792,169) (793,175) (794,168) (795,165) (796,162) (797,156) (798,158) (799,150) (800,152) (801,152) (802,147) (803,146) (804,147) (805,143) (806,133) (807,134) (808,130) (809,126) (810,132) (811,136) (812,138) (813,133) (814,136) (815,140) (816,146) (817,150) (818,147) (819,152) (820,153) (821,148) (822,142) (823,135) (824,125) (825,111) (826,123) (827,129) (828,133) (829,130) (830,119) (831,119) (832,116) (833,112) (834,117) (835,118) (836,118) (837,110) (838,107) (839,103) (840,102) (841,109) (842,110) (843,103) (844,105) (845,95) (846,99) (847,102) (848,108) (849,104) (850,107) (851,112) (852,104) (853,101) (854,106) (855,106) (856,99) (857,89) (858,81) (859,71) (860,79) (861,88) (862,86) (863,75) (864,76) (865,78) (866,81) (867,81) (868,91) (869,82) (870,75) (871,76) (872,72) (873,75) (874,78) (875,77) (876,82) (877,85) (878,85) (879,86) (880,90) (881,86) (882,89) (883,85) (884,76) (885,81) (886,85) (887,83) (888,81) (889,83) (890,89) (891,95) (892,96) (893,105) (894,104) (895,101) (896,96) (897,88) (898,83) (899,87) (900,85) (901,80) (902,81) (903,85) (904,92) (905,87) (906,90) (907,96) (908,98) (909,110) (910,115) (911,116) (912,123) (913,120) (914,113) (915,115) (916,120) (917,111) (918,115) (919,106) (920,109) (921,114) (922,116) (923,123) (924,118) (925,112) (926,117) (927,122) (928,123) (929,118) (930,121) (931,112) (932,116) (933,121) (934,120) (935,124) (936,119) (937,118) (938,119) (939,124) (940,130) (941,128) 
(999,92) (998,99) (995,105) (950,132) (785,192) (754,202) (127,68) (70,55) (20,27) (13,21) (4,10) (2,5) (0,-1) (949,127) (942,130) (788,189) (943,129) (944,127) (945,126) (946,126) (947,124) (948,124) 
(999,92) (998,99) (995,105) (950,132) (785,192) (754,202) (127,68) (70,55) (20,27) (13,21) (4,10) (2,5) (0,-1) (949,127) (942,130) (788,189) 
(999,92) (998,99) (995,105) (950,132) (785,192) (754,202) (127,68) (70,55) (20,27) (13,21) (4,10) (2,5) (0,-1) (994,96) (985,108) (951,126) 
(999,92) (998,99) (995,105) (950,132) (785,192) (754,202) (127,68) (70,55) (20,27) (13,21) (4,10) (2,5) (0,-1) (994,96) (985,108) (951,126) (952,118) (953,115) (954,113) (955,113) (956,107) (957,100) (958,93) (959,94) (960,98) (961,98) (962,92) (963,88) (964,90) (965,89) (966,86) (967,92) (968,97) (969,94) (970,92) (971,100) (972,99) (973,100) (974,98) (975,98) (976,91) (977,98) (978,87) (979,88) (980,90) (981,93) (982,99) (983,95) (984,105) 
(999,92) (998,99) (995,105) (950,132) (785,192) (754,202) (127,68) (70,55) (20,27) (13,21) (4,10) (2,5) (0,-1) (994,96) (985,108) (951,126) (986,105) (987,103) (988,97) (989,95) (990,95) (991,91) (992,91) (993,97) 
(999,92) (998,99) (995,105) (950,132) (785,192) (754,202) (127,68) (70,55) (20,27) (13,21) (4,10) (2,5) (0,-1) (994,96) (985,108) (951,126) 
(999,92) (998,99) (995,105) (950,132) (785,192) (754,202) (127,68) (70,55) (20,27) (13,21) (4,10) (2,5) (0,-1) (997,91) (996,90) 
TD 3 :
(999,92) (998,99) (995,105) (950,132) (785,192) (754,202) (127,68) (70,55) (20,27) (13,21) (4,10) (2,5) (0,-1) (9,15) (8,14) (5,11) (7,12) (6,11) 
(999,92) (998,99) (995,105) (950,132) (785,192) (754,202) (127,68) (70,55) (20,27) (13,21) (4,10) (2,5) (0,-1) (9,15) (8,14) (5,11) (7,12) (6,11) 
(999,92) (998,99) (995,105) (950,132) (785,192) (754,202) (127,68) (70,55) (20,27) (13,21) (4,10) (2,5) (0,-1) (9,15) (8,14) (5,11) (7,12) (6,11) 
(999,92) (998,99) (995,105) (950,132) (785,192) (754,202) (127,68) (70,55) (20,27) (13,21) (4,10) (2,5) (0,-1) (19,25) (16,21) (15,20) (14,15) 
(999,92) (998,99) (995,105) (950,132) (785,192) (754,202) (127,68) (70,55) (20,27) (13,21) (4,10) (2,5) (0,-1) (19,25) (16,21) (15,20) 
(999,92) (998,99) (995,105) (950,132) (785,192) (754,202) (127,68) (70,55) (20,27) (13,21) (4,10) (2,5) (0,-1) (19,25) (16,21) (15,20) (17,16) (18,14) 
(999,92) (998,99) (995,105) (950,132) (785,192) (754,202) (127,68) (70,55) (20,27) (13,21) (4,10) (2,5) (0,-1) (68,53) (64,51) (22,27) (42,38) (23,20) (24,17) (25,16) (26,14) (27,15) (28,21) (29,23) (30,28) (31,21) (32,23) (33,23) (34,30) (35,25) (36,29) (37,28) (38,31) (39,33) (40,25) (41,24) 
(999,92) (998,99) (995,105) (950,132) (785,192) (754,202) (127,68) (70,55) (20,27) (13,21) (4,10) (2,5) (0,-1) (68,53) (64,51) (22,27) (42,38) (43,32) (44,35) (45,35) (46,34) (47,30) (48,34) (49,30) (50,33) (51,28) (52,27) (53,23) (54,27) (55,32) (56,29) (57,32) (58,32) (59,35) (60,37) (61,45) (62,44) (63,48) 
(999,92) (998,99) (995,105) (950,132) (785,192) (754,202) (127,68) (70,55) (20,27) (13,21) (4,10) (2,5) (0,-1) (68,53) (64,51) (22,27) (65,51) 
(999,92) (998,99) (995,105) (950,132) (785,192) (754,202) (127,68) (70,55) (20,27) (13,21) (4,10) (2,5) (0,-1) (68,53) (64,51) (22,27) (65,51) (66,42) (67,49) 
(999,92) (998,99) (995,105) (950,132) (785,192) (754,202) (127,68) (70,55) (20,27) (13,21) (4,10) (2,5) (0,-1) (68,53) (64,51) (22,27) (69,53) 
(999,92) (998,99) (995,105) (950,132) (785,192) (754,202) (127,68) (70,55) (20,27) (13,21) (4,10) (2,5) (0,-1) (68,53) (64,51) (22,27) (69,53) 
(999,92) (998,99) (995,105) (950,132) (785,192) (754,202) (127,68) (70,55) (20,27) (13,21) (4,10) (2,5) (0,-1) (751,201) (749,200) (128,61) (129,65) (130,62) (131,51) (132,48) (133,49) (134,39) (135,33) (136,35) (137,38) (138,35) (139,38) (140,44) (141,42) (142,35) (143,38) (144,36) (145,34) (146,36) (147,37) (148,38) (149,33) (150,26) (151,28) (152,29) (153,28) (154,25) (155,29) (156,24) (157,25) (158,26) (159,17) (160,21) (161,14) (162,13) (163,12) (164,10) (165,11) (166,6) (167,-2) (168,-3) (169,-3) (170,1) (171,-5) (172,-21) (173,-20) (174,-23) (175,-28) (176,-27) (177,-32) (178,-34) (179,-44) (180,-40) (181,-44) (182,-38) (183,-27) (184,-12) (185,-17) (186,-8) (187,3) (188,3) (189,-2) (190,-12) (191,-9) (192,-11) (193,-9) (194,-10) (195,-7) (196,-10) (197,-12) (198,-16) (199,-10) (200,-16) (201,-10) (202,-9) (203,-17) (204,-19) (205,-21) (206,-22) (207,-28) (208,-32) (209,-43) (210,-51) (211,-57) (212,-54) (213,-54) (214,-61) (215,-71) (216,-75) (217,-81) (218,-83) (219,-86) (220,-80) (221,-80) (222,-84) (223,-87) (224,-90) (225,-92) (226,-89) (227,-90) (228,-87) (229,-84) (230,-87) (231,-91) (232,-94) (233,-90) (234,-88) (235,-84) (236,-84) (237,-86) (238,-89) (239,-88) (240,-92) (241,-91) (242,-94) (243,-93) (244,-102) (245,-106) (246,-102) (247,-105) (248,-93) (249,-88) (250,-94) (251,-98) (252,-104) (253,-100) (254,-94) (255,-95) (256,-101) (257,-97) (258,-92) (259,-85) (260,-86) (261,-94) (262,-102) (263,-103) (264,-105) (265,-96) (266,-93) (267,-96) (268,-95) (269,-84) (270,-85) (271,-86) (272,-85) (273,-77) (274,-77) (275,-74) (276,-74) (277,-80) (278,-84) (279,-83) (280,-80) (281,-75) (282,-84) (283,-80) (284,-85) (285,-85) (286,-78) (287,-84) (288,-81) (289,-79) (290,-70) (291,-70) (292,-68) (293,-70) (294,-67) (295,-65) (296,-71) (297,-65) (298,-66) (299,-65) (300,-55) (301,-48) (302,-50) (303,-47) (304,-43) (305,-42) (306,-44) (307,-45) (308,-54) (309,-54) (310,-58) (311,-52) (312,-50) (313,-57) (314,-57) (315,-51) (316,-52) (317,-52) (318,-47) (319,-36) (320,-42) (321,-34) (322,-28) (323,-26) (324,-33) (325,-36) (326,-35) (327,-31) (328,-34) (329,-28) (330,-26) (331,-17) (332,-17) (333,-22) (334,-24) (335,-24) (336,-25) (337,-22) (338,-23) (339,-29) (340,-22) (341,-13) (342,-16) (343,-12) (344,-7) (345,-11) (346,-16) (347,-19) (348,-23) (349,-24) (350,-24) (351,-24) (352,-30) (353,-35) (354,-39) (355,-30) (356,-25) (357,-33) (358,-30) (359,-33) (360,-34) (361,-19) (362,-19) (363,-18) (364,-7) (365,-9) (366,-5) (367,-12) (368,-11) (369,-17) (370,-13) (371,-17) (372,-11) (373,-17) (374,-24) (375,-28) (376,-30) (377,-33) (378,-35) (379,-36) (380,-35) (381,-34) (382,-32) (383,-30) (384,-34) (385,-28) (386,-23) (387,-22) (388,-22) (389,-27) (390,-23) (391,-12) (392,-16) (393,-17) (394,-12) (395,-11) (396,-7) (397,-10) (398,-14) (399,-15) (400,-17) (401,-19) (402,-15) (403,-13) (404,-20) (405,-25) (406,-20) (407,-14) (408,-13) (409,-18) (410,-20) (411,-23) (412,-18) (413,-22) (414,-18) (415,-8) (416,-10) (417,-5) (418,-6) (419,-9) (420,-12) (421,-10) (422,-7) (423,-8) (424,-2) (425,-5) (426,-6) (427,-1) (428,-3) (429,-5) (430,-8) (431,-2) (432,0) (433,-5) (434,-10) (435,-8) (436,-2) (437,-4) (438,-11) (439,-10) (440,-11) (441,-14) (442,-15) (443,-12) (444,-5) (445,-1) (446,-7) (447,-7) (448,-6) (449,-3) (450,1) (451,6) (452,11) (453,7) (454,1) (455,9) (456,8) (457,11) (458,21) (459,23) (460,18) (461,19) (462,19) (463,22) (464,32) (465,30) (466,33) (467,32) (468,47) (469,56) (470,54) (471,63) (472,61) (473,60) (474,58) (475,63) (476,59) (477,58) (478,57) (479,56) (480,63) (481,77) (482,76) (483,72) (484,73) (485,66) (486,65) (487,71) (488,72) (489,75) (490,81) (491,91) (492,87) (493,80) (494,66) (495,71) (496,69) (497,68) (498,66) (499,71) (500,73) (501,70) (502,69) (503,71) (504,63) (505,62) (506,65) (507,71) (508,71) (509,73) (510,72) (511,70) (512,77) (513,77) (514,83) (515,88) (516,88) (517,85) (518,77) (519,80) (520,87) (521,90) (522,79) (523,80) (524,83) (525,79) (526,72) (527,72) (528,75) (529,74) (530,78) (531,83) (532,83) (533,85) (534,82) (535,83) (536,82) (537,77) (538,80) (539,85) (540,84) (541,77) (542,89) (543,86) (544,81) (545,77) (546,80) (547,75) (548,77) (549,81) (550,76) (551,78) (552,81) (553,84) (554,83) (555,73) (556,86) (557,89) (558,88) (559,96) (560,87) (561,87) (562,92) (563,100) (564,104) (565,114) (566,116) (567,111) (568,112) (569,118) (570,114) (571,117) (572,116) (573,126) (574,117) (575,113) (576,108) (577,103) (578,111) (579,116) (580,123) (581,121) (582,125) (583,128) (584,134) (585,134) (586,134) (587,131) (588,133) (589,129) (590,127) (591,135) (592,135) (593,133) (594,134) (595,135) (596,138) (597,147) (598,147) (599,143) (600,151) (601,157) (602,154) (603,150) (604,144) (605,140) (606,142) (607,139) (608,145) (609,147) (610,141) (611,141) (612,145) (613,145) (614,152) (615,146) (616,138) (617,133) (618,135) (619,129) (620,128) (621,125) (622,124) (623,131) (624,133) (625,119) (626,110) (627,110) (628,110) (629,111) (630,118) (631,121) (632,129) (633,133) (634,130) (635,133) (636,137) (637,137) (638,133) (639,133) (640,131) (641,133) (642,139) (643,138) (644,136) (645,135) (646,137) (647,134) (648,137) (649,142) (650,151) (651,149) (652,151) (653,148) (654,148) (655,148) (656,145) (657,142) (658,144) (659,148) (660,140) (661,139) (662,136) (663,138) (664,141) (665,139) (666,148) (667,147) (668,146) (669,135) (670,138) (671,144) (672,142) (673,129) (674,136) (675,138) (676,134) (677,129) (678,143) (679,144) (680,145) (681,148) (682,142) (683,147) (684,150) (685,139) (686,137) (687,138) (688,141) (689,137) (690,136) (691,134) (692,128) (693,132) (694,135) (695,137) (696,143) (697,142) (698,147) (699,146) (700,147) (701,149) (702,149) (703,153) (704,164) (705,166) (706,172) (707,173) (708,174) (709,177) (710,176) (711,174) (712,166) (713,165) (714,170) (715,174) (716,172) (717,169) (718,168) (719,168) (720,165) (721,171) (722,168) (723,179) (724,170) (725,165) (726,172) (727,170) (728,169) (729,165) (730,171) (731,173) (732,188) (733,190) (734,193) (735,194) (736,191) (737,190) (738,197) (739,188) (740,191) (741,190) (742,186) (743,189) (744,197) (745,193) (746,188) (747,189) (748,198) 
(999,92) (998,99) (995,105) (950,132) (785,192) (754,202) (127,68) (70,55) (20,27) (13,21) (4,10) (2,5) (0,-1) (751,201) (749,200) (750,195) 
(999,92) (998,99) (995,105) (950,132) (785,192) (754,202) (127,68) (70,55) (20,27) (13,21) (4,10) (2,5) (0,-1) (751,201) (752,200) 
(999,92) (998,99) (995,105) (950,132) (785,192) (754,202) (127,68) (70,55) (20,27) (13,21) (4,10) (2,5) (0,-1) (751,201) (752,200) (753,199) 
(999,92) (998,99) (995,105) (950,132) (785,192) (754,202) (127,68) (70,55) (20,27) (13,21) (4,10) (2,5) (0,-1) (949,127) (942,130) (788,189) (943,129) 
(999,92) (998,99) (995,105) (950,132) (785,192) (754,202) (127,68) (70,55) (20,27) (13,21) (4,10) (2,5) (0,-1) (949,127) (942,130) (788,189) (943,129) (944,127) (945,126) (946,126) (947,124) (948,124) 
(999,92) (998,99) (995,105) (950,132) (785,192) (754,202) (127,68) (70,55) (20,27) (13,21) (4,10) (2,5) (0,-1) (994,96) (985,108) (951,126) (993,97) (986,105) 
(999,92) (998,99) (995,105) (950,132) (785,192) (754,202) (127,68) (70,55) (20,27) (13,21) (4,10) (2,5) (0,-1) (994,96) (985,108) (951,126) (993,97) (986,105) (987,103) (988,97) (989,95) (990,95) (991,91) (992,91) 
(999,92) (998,99) (995,105) (950,132) (785,192) (754,202) (127,68) (70,55) (20,27) (13,21) (4,10) (2,5) (0,-1) (994,96) (985,108) (951,126) (993,97) (986,105) 
(999,92) (998,99) (995,105) (950,132) (785,192) (754,202) (127,68) (70,55) (20,27) (13,21) (4,10) (2,5) (0,-1) (997,91) (996,90) 
TD 4 :
(999,92) (998,99) (995,105) (950,132) (785,192) (754,202) (127,68) (70,55) (20,27) (13,21) (4,10) (2,5) (0,-1) (68,53) (64,51) (22,27) (42,38) (30,28) (23,20) (24,17) (25,16) (26,14) (27,15) (28,21) (29,23) 
(999,92) (998,99) (995,105) (950,132) (785,192) (754,202) (127,68) (70,55) (20,27) (13,21) (4,10) (2,5) (0,-1) (68,53) (64,51) (22,27) (42,38) (30,28) (31,21) (32,23) (33,23) (34,30) (35,25) (36,29) (37,28) (38,31) (39,33) (40,25) (41,24) 
(999,92) (998,99) (995,105) (950,132) (785,192) (754,202) (127,68) (70,55) (20,27) (13,21) (4,10) (2,5) (0,-1) (751,201) (749,200) (738,197) (128,61) (129,65) (130,62) (131,51) (132,48) (133,49) (134,39) (135,33) (136,35) (137,38) (138,35) (139,38) (140,44) (141,42) (142,35) (143,38) (144,36) (145,34) (146,36) (147,37) (148,38) (149,33) (150,26) (151,28) (152,29) (153,28) (154,25) (155,29) (156,24) (157,25) (158,26) (159,17) (160,21) (161,14) (162,13) (163,12) (164,10) (165,11) (166,6) (167,-2) (168,-3) (169,-3) (170,1) (171,-5) (172,-21) (173,-20) (174,-23) (175,-28) (176,-27) (177,-32) (178,-34) (179,-44) (180,-40) (181,-44) (182,-38) (183,-27) (184,-12) (185,-17) (186,-8) (187,3) (188,3) (189,-2) (190,-12) (191,-9) (192,-11) (193,-9) (194,-10) (195,-7) (196,-10) (197,-12) (198,-16) (199,-10) (200,-16) (201,-10) (202,-9) (203,-17) (204,-19) (205,-21) (206,-22) (207,-28) (208,-32) (209,-43) (210,-51) (211,-57) (212,-54) (213,-54) (214,-61) (215,-71) (216,-75) (217,-81) (218,-83) (219,-86) (220,-80) (221,-80) (222,-84) (223,-87) (224,-90) (225,-92) (226,-89) (227,-90) (228,-87) (229,-84) (230,-87) (231,-91) (232,-94) (233,-90) (234,-88) (235,-84) (236,-84) (237,-86) (238,-89) (239,-88) (240,-92) (241,-91) (242,-94) (243,-93) (244,-102) (245,-106) (246,-102) (247,-105) (248,-93) (249,-88) (250,-94) (251,-98) (252,-104) (253,-100) (254,-94) (255,-95) (256,-101) (257,-97) (258,-92) (259,-85) (260,-86) (261,-94) (262,-102) (263,-103) (264,-105) (265,-96) (266,-93) (267,-96) (268,-95) (269,-84) (270,-85) (271,-86) (272,-85) (273,-77) (274,-77) (275,-74) (276,-74) (277,-80) (278,-84) (279,-83) (280,-80) (281,-75) (282,-84) (283,-80) (284,-85) (285,-85) (286,-78) (287,-84) (288,-81) (289,-79) (290,-70) (291,-70) (292,-68) (293,-70) (294,-67) (295,-65) (296,-71) (297,-65) (298,-66) (299,-65) (300,-55) (301,-48) (302,-50) (303,-47) (304,-43) (305,-42) (306,-44) (307,-45) (308,-54) (309,-54) (310,-58) (311,-52) (312,-50) (313,-57) (314,-57) (315,-51) (316,-52) (317,-52) (318,-47) (319,-36) (320,-42) (321,-34) (322,-28) (323,-26) (324,-33) (325,-36) (326,-35) (327,-31) (328,-34) (329,-28) (330,-26) (331,-17) (332,-17) (333,-22) (334,-24) (335,-24) (336,-25) (337,-22) (338,-23) (339,-29) (340,-22) (341,-13) (342,-16) (343,-12) (344,-7) (345,-11) (346,-16) (347,-19) (348,-23) (349,-24) (350,-24) (351,-24) (352,-30) (353,-35) (354,-39) (355,-30) (356,-25) (357,-33) (358,-30) (359,-33) (360,-34) (361,-19) (362,-19) (363,-18) (364,-7) (365,-9) (366,-5) (367,-12) (368,-11) (369,-17) (370,-13) (371,-17) (372,-11) (373,-17) (374,-24) (375,-28) (376,-30) (377,-33) (378,-35) (379,-36) (380,-35) (381,-34) (382,-32) (383,-30) (384,-34) (385,-28) (386,-23) (387,-22) (388,-22) (389,-27) (390,-23) (391,-12) (392,-16) (393,-17) (394,-12) (395,-11) (396,-7) (397,-10) (398,-14) (399,-15) (400,-17) (401,-19) (402,-15) (403,-13) (404,-20) (405,-25) (406,-20) (407,-14) (408,-13) (409,-18) (410,-20) (411,-23) (412,-18) (413,-22) (414,-18) (415,-8) (416,-10) (417,-5) (418,-6) (419,-9) (420,-12) (421,-10) (422,-7) (423,-8) (424,-2) (425,-5) (426,-6) (427,-1) (428,-3) (429,-5) (430,-8) (431,-2) (432,0) (433,-5) (434,-10) (435,-8) (436,-2) (437,-4) (438,-11) (439,-10) (440,-11) (441,-14) (442,-15) (443,-12) (444,-5) (445,-1) (446,-7) (447,-7) (448,-6) (449,-3) (450,1) (451,6) (452,11) (453,7) (454,1) (455,9) (456,8) (457,11) (458,21) (459,23) (460,18) (461,19) (462,19) (463,22) (464,32) (465,30) (466,33) (467,32) (468,47) (469,56) (470,54) (471,63) (472,61) (473,60) (474,58) (475,63) (476,59) (477,58) (478,57) (479,56) (480,63) (481,77) (482,76) (483,72) (484,73) (485,66) (486,65) (487,71) (488,72) (489,75) (490,81) (491,91) (492,87) (493,80) (494,66) (495,71) (496,69) (497,68) (498,66) (499,71) (500,73) (501,70) (502,69) (503,71) (504,63) (505,62) (506,65) (507,71) (508,71) (509,73) (510,72) (511,70) (512,77) (513,77) (514,83) (515,88) (516,88) (517,85) (518,77) (519,80) (520,87) (521,90) (522,79) (523,80) (524,83) (525,79) (526,72) (527,72) (528,75) (529,74) (530,78) (531,83) (532,83) (533,85) (534,82) (535,83) (536,82) (537,77) (538,80) (539,85) (540,84) (541,77) (542,89) (543,86) (544,81) (545,77) (546,80) (547,75) (548,77) (549,81) (550,76) (551,78) (552,81) (553,84) (554,83) (555,73) (556,86) (557,89) (558,88) (559,96) (560,87) (561,87) (562,92) (563,100) (564,104) (565,114) (566,116) (567,111) (568,112) (569,118) (570,114) (571,117) (572,116) (573,126) (574,117) (575,113) (576,108) (577,103) (578,111) (579,116) (580,123) (581,121) (582,125) (583,128) (584,134) (585,134) (586,134) (587,131) (588,133) (589,129) (590,127) (591,135) (592,135) (593,133) (594,134) (595,135) (596,138) (597,147) (598,147) (599,143) (600,151) (601,157) (602,154) (603,150) (604,144) (605,140) (606,142) (607,139) (608,145) (609,147) (610,141) (611,141) (612,145) (613,145) (614,152) (615,146) (616,138) (617,133) (618,135) (619,129) (620,128) (621,125) (622,124) (623,131) (624,133) (625,119) (626,110) (627,110) (628,110) (629,111) (630,118) (631,121) (632,129) (633,133) (634,130) (635,133) (636,137) (637,137) (638,133) (639,133) (640,131) (641,133) (642,139) (643,138) (644,136) (645,135) (646,137) (647,134) (648,137) (649,142) (650,151) (651,149) (652,151) (653,148) (654,148) (655,148) (656,145) (657,142) (658,144) (659,148) (660,140) (661,139) (662,136) (663,138) (664,141) (665,139) (666,148) (667,147) (668,146) (669,135) (670,138) (671,144) (672,142) (673,129) (674,136) (675,138) (676,134) (677,129) (678,143) (679,144) (680,145) (681,148) (682,142) (683,147) (684,150) (685,139) (686,137) (687,138) (688,141) (689,137) (690,136) (691,134) (692,128) (693,132) (694,135) (695,137) (696,143) (697,142) (698,147) (699,146) (700,147) (701,149) (702,149) (703,153) (704,164) (705,166) (706,172) (707,173) (708,174) (709,177) (710,176) (711,174) (712,166) (713,165) (714,170) (715,174) (716,172) (717,169) (718,168) (719,168) (720,165) (721,171) (722,168) (723,179) (724,170) (725,165) (726,172) (727,170) (728,169) (729,165) (730,171) (731,173) (732,188) (733,190) (734,193) (735,194) (736,191) (737,190) 
(999,92) (998,99) (995,105) (950,132) (785,192) (754,202) (127,68) (70,55) (20,27) (13,21) (4,10) (2,5) (0,-1) (751,201) (749,200) (738,197) (739,188) (740,191) (741,190) (742,186) (743,189) (744,197) (745,193) (746,188) (747,189) (748,198) 
(999,92) (998,99) (995,105) (950,132) (785,192) (754,202) (127,68) (70,55) (20,27) (13,21) (4,10) (2,5) (0,-1) (751,201) (752,200) (753,199) 
(999,92) (998,99) (995,105) (950,132) (785,192) (754,202) (127,68) (70,55) (20,27) (13,21) (4,10) (2,5) (0,-1) (751,201) (752,200) (753,199) 
(999,92) (998,99) (995,105) (950,132) (785,192) (754,202) (127,68) (70,55) (20,27) (13,21) (4,10) (2,5) (0,-1) (994,96) (985,108) (951,126) (993,97) (986,105) (992,91) (987,103) 
(999,92) (998,99) (995,105) (950,132) (785,192) (754,202) (127,68) (70,55) (20,27) (13,21) (4,10) (2,5) (0,-1) (994,96) (985,108) (951,126) (993,97) (986,105) (992,91) (987,103) (988,97) (989,95) (990,95) (991,91) 
TD 5 :
(999,92) (998,99) (995,105) (950,132) (785,192) (754,202) (127,68) (70,55) (20,27) (13,21) (4,10) (2,5) (0,-1) (68,53) (64,51) (22,27) (42,38) (30,28) (34,30) (31,21) (32,23) (33,23) 
(999,92) (998,99) (995,105) (950,132) (785,192) (754,202) (127,68) (70,55) (20,27) (13,21) (4,10) (2,5) (0,-1) (68,53) (64,51) (22,27) (42,38) (30,28) (34,30) (35,25) (36,29) (37,28) (38,31) (39,33) (40,25) (41,24) 
(999,92) (998,99) (995,105) (950,132) (785,192) (754,202) (127,68) (70,55) (20,27) (13,21) (4,10) (2,5) (0,-1) (751,201) (749,200) (738,197) (748,198) (739,188) (740,191) (741,190) (742,186) (743,189) (744,197) (745,193) (746,188) (747,189) 
(999,92) (998,99) (995,105) (950,132) (785,192) (754,202) (127,68) (70,55) (20,27) (13,21) (4,10) (2,5) (0,-1) (751,201) (749,200) (738,197) (748,198) 
(999,92) (998,99) (995,105) (950,132) (785,192) (754,202) (127,68) (70,55) (20,27) (13,21) (4,10) (2,5) (0,-1) (994,96) (985,108) (951,126) (993,97) (986,105) (992,91) (987,103) (991,91) (990,95) (988,97) 
(999,92) (998,99) (995,105) (950,132) (785,192) (754,202) (127,68) (70,55) (20,27) (13,21) (4,10) (2,5) (0,-1) (994,96) (985,108) (951,126) (993,97) (986,105) (992,91) (987,103) (991,91) (990,95) (988,97) (989,95) 
(999,92) (998,99) (995,105) (950,132) (785,192) (754,202) (127,68) (70,55) (20,27) (13,21) (4,10) (2,5) (0,-1) (994,96) (985,108) (951,126) (993,97) (986,105) (992,91) (987,103) (991,91) (990,95) (988,97) 
TD 6 :
(999,92) (998,99) (995,105) (950,132) (785,192) (754,202) (127,68) (70,55) (20,27) (13,21) (4,10) (2,5) (0,-1) (68,53) (64,51) (22,27) (42,38) (30,28) (34,30) (39,33) (35,25) (36,29) (37,28) (38,31) 
(999,92) (998,99) (995,105) (950,132) (785,192) (754,202) (127,68) (70,55) (20,27) (13,21) (4,10) (2,5) (0,-1) (68,53) (64,51) (22,27) (42,38) (30,28) (34,30) (39,33) (40,25) (41,24) 
(999,92) (998,99) (995,105) (950,132) (785,192) (754,202) (127,68) (70,55) (20,27) (13,21) (4,10) (2,5) (0,-1) (751,201) (749,200) (738,197) (748,198) (744,197) (739,188) (740,191) (741,190) (742,186) (743,189) 
(999,92) (998,99) (995,105) (950,132) (785,192) (754,202) (127,68) (70,55) (20,27) (13,21) (4,10) (2,5) (0,-1) (751,201) (749,200) (738,197) (748,198) (744,197) (745,193) (746,188) (747,189) 
(999,92) (998,99) (995,105) (950,132) (785,192) (754,202) (127,68) (70,55) (20,27) (13,21) (4,10) (2,5) (0,-1) (994,96) (985,108) (951,126) (993,97) (986,105) (992,91) (987,103) (991,91) (990,95) (988,97) (989,95) 
TD 7 :
(999,92) (998,99) (995,105) (950,132) (785,192) (754,202) (127,68) (70,55) (20,27) (13,21) (4,10) (2,5) (0,-1) (68,53) (64,51) (22,27) (42,38) (30,28) (34,30) (39,33) (38,31) (35,25) (36,29) (37,28) 
(999,92) (998,99) (995,105) (950,132) (785,192) (754,202) (127,68) (70,55) (20,27) (13,21) (4,10) (2,5) (0,-1) (68,53) (64,51) (22,27) (42,38) (30,28) (34,30) (39,33) (38,31) 
TD 8 :
(999,92) (998,99) (995,105) (950,132) (785,192) (754,202) (127,68) (70,55) (20,27) (13,21) (4,10) (2,5) (0,-1) (68,53) (64,51) (22,27) (42,38) (30,28) (34,30) (39,33) (38,31) (36,29) (35,25) 
(999,92) (998,99) (995,105) (950,132) (785,192) (754,202) (127,68) (70,55) (20,27) (13,21) (4,10) (2,5) (0,-1) (68,53) (64,51) (22,27) (42,38) (30,28) (34,30) (39,33) (38,31) (36,29) (37,28) 
TD 9 :
(999,92) (998,99) (995,105) (950,132) (785,192) (754,202) (127,68) (70,55) (20,27) (13,21) (4,10) (2,5) (0,-1) (68,53) (64,51) (22,27) (42,38) (30,28) (34,30) (39,33) (38,31) (36,29) (37,28) 
(999,92) (998,99) (995,105) (950,132) (785,192) (754,202) (127,68) (70,55) (20,27) (13,21) (4,10) (2,5) (0,-1) (68,53) (64,51) (22,27) (42,38) (30,28) (34,30) (39,33) (38,31) (36,29) (37,28) 
TD 10 :
TD 11 :
TD 12 :
TD 13 :
TD 14 :
TD 15 :
TD 16 :
TD 17 :
TD 18 :
TD 19 :
TD 20 :
TD 21 :
TD 22 :
TD 23 :
TD 24 :
TD 25 :
TD 26 :
TD 27 :
TD 28 :
TD 29 :
TD 30 :
TD 31 :
TD 32 :
TD 33 :
TD 34 :
TD 35 :
TD 36 :
TD 37 :
TD 38 :
TD 39 :
TD 40 :
TD 41 :
TD 42 :
TD 43 :
TD 44 :
TD 45 :
TD 46 :
TD 47 :
TD 48 :
TD 49 :
TD 50 :
TD 51 :
TD 52 :
TD 53 :
TD 54 :
TD 55 :
TD 56 :
TD 57 :
TD 58 :
TD 59 :
TD 60 :
TD 61 :
TD 62 :
TD 63 :
TD 64 :
TD 65 :
TD 66 :
TD 67 :
TD 68 :
TD 69 :
TD 70 :
TD 71 :
TD 72 :
TD 73 :
TD 74 :
TD 75 :
TD 76 :
TD 77 :
TD 78 :
TD 79 :
TD 80 :
TD 81 :
TD 82 :
TD 83 :
TD 84 :
TD 85 :
TD 86 :
TD 87 :
TD 88 :
TD 89 :
TD 90 :
TD 91 :
TD 92 :
TD 93 :
TD 94 :
TD 95 :
TD 96 :
TD 97 :
TD 98 :
TD 99 :
TD 100 :
TD 101 :
TD 102 :
TD 103 :
TD 104 :
TD 105 :
Pocket 0 :
()
Pocket 1 :
({  (0,-1) ,(1,0) } {  (1,0) ,(2,5) } {  (0,-1) ,(1,0) } {  (1,0) ,(2,5) } {  (0,-1) ,(1,0) } {  (1,0) ,(2,5) } {  (0,-1) ,(1,0) } {  (1,0) ,(2,5) } {  (0,-1) ,(1,0) } {  (1,0) ,(2,5) } {  (0,-1) ,(1,0) } {  (1,0) ,(2,5) } {  (0,-1) ,(1,0) } {  (1,0) ,(2,5) } {  (0,-1) ,(1,0) } {  (1,0) ,(2,5) } {  (0,-1) ,(1,0) } {  (1,0) ,(2,5) } {  (0,-1) ,(1,0) } {  (1,0) ,(2,5) } {  (0,-1) ,(1,0) } {  (1,0) ,(2,5) } {  (0,-1) ,(1,0) } {  (1,0) ,(2,5) } )
Pocket 2 :
({  (1,0) ,(0,-1) } {  (6,11) ,(5,11) } {  (6,11) ,(5,11) } {  (6,11) ,(5,11) } {  (6,11) ,(5,11) } {  (999,92) ,(19,25) } {  (999,92) ,(19,25) } {  (23,20) ,(22,27) } {  (23,20) ,(22,27) } {  (23,20) ,(22,27) } {  (23,20) ,(22,27) } {  (124,60) ,(123,66) } {  (124,60) ,(123,66) } {  (752,200) ,(751,201) } {  (752,200) ,(751,201) } {  (756,191) ,(755,200) } {  (756,191) ,(755,200) } {  (789,179) ,(788,189) } {  (789,179) ,(788,189) } {  (789,179) ,(788,189) } {  (789,179) ,(788,189) } {  (952,118) ,(951,126) } {  (952,118) ,(951,126) } {  (952,118) ,(951,126) } {  (952,118) ,(951,126) } {  (999,92) ,(997,91) } )
Pocket 3 :
({  (7,12) ,(6,11) } {  (7,12) ,(6,11) } {  (7,12) ,(6,11) } {  (16,21) ,(15,20) } {  (16,21) ,(15,20) } {  (16,21) ,(15,20) } {  (43,32) ,(42,38) } {  (43,32) ,(42,38) } {  (66,42) ,(65,51) } {  (66,42) ,(65,51) } {  (999,92) ,(69,53) } {  (999,92) ,(69,53) } {  (750,195) ,(749,200) } {  (750,195) ,(749,200) } {  (753,199) ,(752,200) } {  (753,199) ,(752,200) } {  (944,127) ,(943,129) } {  (944,127) ,(943,129) } {  (987,103) ,(986,105) } {  (987,103) ,(986,105) } {  (987,103) ,(986,105) } {  (999,92) ,(996,90) } )
Pocket 4 :
({  (31,21) ,(30,28) } {  (31,21) ,(30,28) } {  (739,188) ,(738,197) } {  (739,188) ,(738,197) } {  (999,92) ,(753,199) } {  (999,92) ,(753,199) } {  (988,97) ,(987,103) } {  (988,97) ,(987,103) } )
Pocket 5 :
({  (35,25) ,(34,30) } {  (35,25) ,(34,30) } {  (999,92) ,(748,198) } {  (999,92) ,(748,198) } {  (989,95) ,(988,97) } {  (989,95) ,(988,97) } {  (989,95) ,(988,97) } )
Pocket 6 :
({  (40,25) ,(39,33) } {  (40,25) ,(39,33) } {  (745,193) ,(744,197) } {  (745,193) ,(744,197) } {  (999,92) ,(989,95) } )
Pocket 7 :
({  (999,92) ,(38,31) } {  (999,92) ,(38,31) } )
Pocket 8 :
({  (37,28) ,(36,29) } {  (37,28) ,(36,29) } )
Pocket 9 :
({  (999,92) ,(37,28) } {  (999,92) ,(37,28) } )
Pocket 10 :
()
Pocket 11 :
()
Pocket 12 :
()
Pocket 13 :
()
Pocket 14 :
()
Pocket 15 :
()
Pocket 16 :
()
Pocket 17 :
()
Pocket 18 :
()
Pocket 19 :
()
Pocket 20 :
()
Pocket 21 :
()
Pocket 22 :
()
Pocket 23 :
()
Pocket 24 :
()
Pocket 25 :
()
Pocket 26 :
()
Pocket 27 :
()
Pocket 28 :
()
Pocket 29 :
()
Pocket 30 :
()
Pocket 31 :
()
Pocket 32 :
()
Pocket 33 :
()
Pocket 34 :
()
Pocket 35 :
()
Pocket 36 :
()
Pocket 37 :
()
Pocket 38 :
()
Pocket 39 :
()
Pocket 40 :
()
Pocket 41 :
()
Pocket 42 :
()
Pocket 43 :
()
Pocket 44 :
()
Pocket 45 :
()
Pocket 46 :
()
Pocket 47 :
()
Pocket 48 :
()
Pocket 49 :
()
Pocket 50 :
()
Pocket 51 :
()
Pocket 52 :
()
Pocket 53 :
()
Pocket 54 :
()
Pocket 55 :
()
Pocket 56 :
()
Pocket 57 :
()
Pocket 58 :
()
Pocket 59 :
()
Pocket 60 :
()
Pocket 61 :
()
Pocket 62 :
()
Pocket 63 :
()
Pocket 64 :
()
Pocket 65 :
()
Pocket 66 :
()
Pocket 67 :
()
Pocket 68 :
()
Pocket 69 :
()
Pocket 70 :
()
Pocket 71 :
()
Pocket 72 :
()
Pocket 73 :
()
Pocket 74 :
()
Pocket 75 :
()
Pocket 76 :
()
Pocket 77 :
()
Pocket 78 :
()
Pocket 79 :
()
Pocket 80 :
()
Pocket 81 :
()
Pocket 82 :
()
Pocket 83 :
()
Pocket 84 :
()
Pocket 85 :
()
Pocket 86 :
()
Pocket 87 :
()
Pocket 88 :
()
Pocket 89 :
()
Pocket 90 :
()
Pocket 91 :
()
Pocket 92 :
()
Pocket 93 :
()
Pocket 94 :
()
Pocket 95 :
()
Pocket 96 :
()
Pocket 97 :
()
Pocket 98 :
()
Pocket 99 :
()
Pocket 100 :
()
Pocket 101 :
()
Pocket 102 :
()
Pocket 103 :
()
Pocket 104 :
()
