13 layers in onion peeling: 
Layer 1
(99,-6) (98,-3) (97,-1) (58,15) (57,15) (21,9) (6,5) (4,4) (1,1) (0,0) 
Layer 2
(96,-2) (95,-1) (64,12) (59,13) (22,8) (16,7) (7,5) (5,4) (3,2) (2,1) 
Layer 3
(94,-3) (93,-2) (92,-1) (61,12) (60,12) (51,11) (17,7) (8,5) 
Layer 4
(91,-1) (63,11) (56,11) (55,11) (53,11) (52,11) (14,6) (12,5) (9,2) 
Layer 5
(90,-5) (65,10) (62,10) (54,10) (30,8) (18,6) (13,5) (11,3) (10,2) 
Layer 6
(89,-5) (66,8) (50,9) (20,6) (15,4) 
Layer 7
(88,-5) (69,5) (67,6) (46,7) (44,7) (23,6) (19,5) 
Layer 8
(87,-6) (82,-3) (68,5) (48,6) (45,6) (43,6) (29,6) (28,6) (24,3) 
Layer 9
(86,-7) (81,-3) (70,1) (49,5) (32,5) (31,5) (26,4) (25,3) 
Layer 10
(85,-8) (83,-5) (71,-1) (47,4) (33,4) (27,4) 
Layer 11
(84,-7) (80,-5) (78,-4) (42,3) (41,3) (35,3) (34,3) 
Layer 12
(79,-7) (77,-5) (72,-4) (40,2) (39,2) (38,2) (37,2) (36,1) 
Layer 13
(76,-5) (73,-6) 
---------------------------------------------------------------------------------------
TD 0 :
(99,-6) (98,-3) (97,-1) (96,-2) (95,-1) (94,-3) (93,-2) (92,-1) (91,-1) (90,-5) (89,-5) (88,-5) (87,-6) (86,-7) (85,-8) (84,-7) (83,-5) (82,-3) (81,-3) (80,-5) (79,-7) (78,-4) (77,-5) (76,-5) (75,-7) (74,-6) (73,-6) (72,-4) (71,-1) (70,1) (69,5) (68,5) (67,6) (66,8) (65,10) (64,12) (63,11) (62,10) (61,12) (60,12) (59,13) (58,15) (57,15) (56,11) (55,11) (54,10) (53,11) (52,11) (51,11) (50,9) (49,5) (48,6) (47,4) (46,7) (45,6) (44,7) (43,6) (42,3) (41,3) (40,2) (39,2) (38,2) (37,2) (36,1) (35,3) (34,3) (33,4) (32,5) (31,5) (30,8) (29,6) (28,6) (27,4) (26,4) (25,3) (24,3) (23,6) (22,8) (21,9) (20,6) (19,5) (18,6) (17,7) (16,7) (15,4) (14,6) (13,5) (12,5) (11,3) (10,2) (9,2) (8,5) (7,5) (6,5) (5,4) (4,4) (3,2) (2,1) (1,1) (0,0) 
TD 1 :
(99,-6) (98,-3) (97,-1) (58,15) (57,15) (21,9) (6,5) (4,4) (1,1) (0,0) 
(99,-6) (98,-3) (97,-1) (58,15) (57,15) (21,9) (6,5) (4,4) (1,1) (0,0) (2,1) (3,2) 
(99,-6) (98,-3) (97,-1) (58,15) (57,15) (21,9) (6,5) (4,4) (1,1) (0,0) (5,4) 
(99,-6) (98,-3) (97,-1) (58,15) (57,15) (21,9) (6,5) (4,4) (1,1) (0,0) (7,5) (8,5) (9,2) (10,2) (11,3) (12,5) (13,5) (14,6) (15,4) (16,7) (17,7) (18,6) (19,5) (20,6) 
(99,-6) (98,-3) (97,-1) (58,15) (57,15) (21,9) (6,5) (4,4) (1,1) (0,0) (22,8) (23,6) (24,3) (25,3) (26,4) (27,4) (28,6) (29,6) (30,8) (31,5) (32,5) (33,4) (34,3) (35,3) (36,1) (37,2) (38,2) (39,2) (40,2) (41,3) (42,3) (43,6) (44,7) (45,6) (46,7) (47,4) (48,6) (49,5) (50,9) (51,11) (52,11) (53,11) (54,10) (55,11) (56,11) 
(99,-6) (98,-3) (97,-1) (58,15) (57,15) (21,9) (6,5) (4,4) (1,1) (0,0) 
(99,-6) (98,-3) (97,-1) (58,15) (57,15) (21,9) (6,5) (4,4) (1,1) (0,0) (59,13) (60,12) (61,12) (62,10) (63,11) (64,12) (65,10) (66,8) (67,6) (68,5) (69,5) (70,1) (71,-1) (72,-4) (73,-6) (74,-6) (75,-7) (76,-5) (77,-5) (78,-4) (79,-7) (80,-5) (81,-3) (82,-3) (83,-5) (84,-7) (85,-8) (86,-7) (87,-6) (88,-5) (89,-5) (90,-5) (91,-1) (92,-1) (93,-2) (94,-3) (95,-1) (96,-2) 
(99,-6) (98,-3) (97,-1) (58,15) (57,15) (21,9) (6,5) (4,4) (1,1) (0,0) 
(99,-6) (98,-3) (97,-1) (58,15) (57,15) (21,9) (6,5) (4,4) (1,1) (0,0) 
TD 2 :
(99,-6) (98,-3) (97,-1) (58,15) (57,15) (21,9) (6,5) (4,4) (1,1) (0,0) (3,2) (2,1) 
(99,-6) (98,-3) (97,-1) (58,15) (57,15) (21,9) (6,5) (4,4) (1,1) (0,0) (3,2) (2,1) 
(99,-6) (98,-3) (97,-1) (58,15) (57,15) (21,9) (6,5) (4,4) (1,1) (0,0) (5,4) 
(99,-6) (98,-3) (97,-1) (58,15) (57,15) (21,9) (6,5) (4,4) (1,1) (0,0) (5,4) 
(99,-6) (98,-3) (97,-1) (58,15) (57,15) (21,9) (6,5) (4,4) (1,1) (0,0) (16,7) (7,5) 
(99,-6) (98,-3) (97,-1) (58,15) (57,15) (21,9) (6,5) (4,4) (1,1) (0,0) (16,7) (7,5) (8,5) (9,2) (10,2) (11,3) (12,5) (13,5) (14,6) (15,4) 
(99,-6) (98,-3) (97,-1) (58,15) (57,15) (21,9) (6,5) (4,4) (1,1) (0,0) (16,7) (7,5) (17,7) (18,6) (19,5) (20,6) 
(99,-6) (98,-3) (97,-1) (58,15) (57,15) (21,9) (6,5) (4,4) (1,1) (0,0) (22,8) 
(99,-6) (98,-3) (97,-1) (58,15) (57,15) (21,9) (6,5) (4,4) (1,1) (0,0) (22,8) (23,6) (24,3) (25,3) (26,4) (27,4) (28,6) (29,6) (30,8) (31,5) (32,5) (33,4) (34,3) (35,3) (36,1) (37,2) (38,2) (39,2) (40,2) (41,3) (42,3) (43,6) (44,7) (45,6) (46,7) (47,4) (48,6) (49,5) (50,9) (51,11) (52,11) (53,11) (54,10) (55,11) (56,11) 
(99,-6) (98,-3) (97,-1) (58,15) (57,15) (21,9) (6,5) (4,4) (1,1) (0,0) (96,-2) (95,-1) (64,12) (59,13) 
(99,-6) (98,-3) (97,-1) (58,15) (57,15) (21,9) (6,5) (4,4) (1,1) (0,0) (96,-2) (95,-1) (64,12) (59,13) (60,12) (61,12) (62,10) (63,11) 
(99,-6) (98,-3) (97,-1) (58,15) (57,15) (21,9) (6,5) (4,4) (1,1) (0,0) (96,-2) (95,-1) (64,12) (59,13) (65,10) (66,8) (67,6) (68,5) (69,5) (70,1) (71,-1) (72,-4) (73,-6) (74,-6) (75,-7) (76,-5) (77,-5) (78,-4) (79,-7) (80,-5) (81,-3) (82,-3) (83,-5) (84,-7) (85,-8) (86,-7) (87,-6) (88,-5) (89,-5) (90,-5) (91,-1) (92,-1) (93,-2) (94,-3) 
(99,-6) (98,-3) (97,-1) (58,15) (57,15) (21,9) (6,5) (4,4) (1,1) (0,0) (96,-2) (95,-1) (64,12) (59,13) 
TD 3 :
(99,-6) (98,-3) (97,-1) (58,15) (57,15) (21,9) (6,5) (4,4) (1,1) (0,0) (16,7) (7,5) (8,5) (9,2) (10,2) (11,3) (12,5) (13,5) (14,6) (15,4) 
(99,-6) (98,-3) (97,-1) (58,15) (57,15) (21,9) (6,5) (4,4) (1,1) (0,0) (16,7) (7,5) (17,7) 
(99,-6) (98,-3) (97,-1) (58,15) (57,15) (21,9) (6,5) (4,4) (1,1) (0,0) (16,7) (7,5) (17,7) (18,6) (19,5) (20,6) 
(99,-6) (98,-3) (97,-1) (58,15) (57,15) (21,9) (6,5) (4,4) (1,1) (0,0) (22,8) (51,11) (23,6) (24,3) (25,3) (26,4) (27,4) (28,6) (29,6) (30,8) (31,5) (32,5) (33,4) (34,3) (35,3) (36,1) (37,2) (38,2) (39,2) (40,2) (41,3) (42,3) (43,6) (44,7) (45,6) (46,7) (47,4) (48,6) (49,5) (50,9) 
(99,-6) (98,-3) (97,-1) (58,15) (57,15) (21,9) (6,5) (4,4) (1,1) (0,0) (22,8) (51,11) (52,11) (53,11) (54,10) (55,11) (56,11) 
(99,-6) (98,-3) (97,-1) (58,15) (57,15) (21,9) (6,5) (4,4) (1,1) (0,0) (96,-2) (95,-1) (64,12) (59,13) (61,12) (60,12) 
(99,-6) (98,-3) (97,-1) (58,15) (57,15) (21,9) (6,5) (4,4) (1,1) (0,0) (96,-2) (95,-1) (64,12) (59,13) (61,12) (60,12) 
(99,-6) (98,-3) (97,-1) (58,15) (57,15) (21,9) (6,5) (4,4) (1,1) (0,0) (96,-2) (95,-1) (64,12) (59,13) (61,12) (60,12) (62,10) (63,11) 
(99,-6) (98,-3) (97,-1) (58,15) (57,15) (21,9) (6,5) (4,4) (1,1) (0,0) (96,-2) (95,-1) (64,12) (59,13) (94,-3) (93,-2) (92,-1) (65,10) (66,8) (67,6) (68,5) (69,5) (70,1) (71,-1) (72,-4) (73,-6) (74,-6) (75,-7) (76,-5) (77,-5) (78,-4) (79,-7) (80,-5) (81,-3) (82,-3) (83,-5) (84,-7) (85,-8) (86,-7) (87,-6) (88,-5) (89,-5) (90,-5) (91,-1) 
(99,-6) (98,-3) (97,-1) (58,15) (57,15) (21,9) (6,5) (4,4) (1,1) (0,0) (96,-2) (95,-1) (64,12) (59,13) (94,-3) (93,-2) (92,-1) 
(99,-6) (98,-3) (97,-1) (58,15) (57,15) (21,9) (6,5) (4,4) (1,1) (0,0) (96,-2) (95,-1) (64,12) (59,13) (94,-3) (93,-2) (92,-1) 
TD 4 :
(99,-6) (98,-3) (97,-1) (58,15) (57,15) (21,9) (6,5) (4,4) (1,1) (0,0) (16,7) (7,5) (8,5) (14,6) (12,5) (9,2) (10,2) (11,3) 
(99,-6) (98,-3) (97,-1) (58,15) (57,15) (21,9) (6,5) (4,4) (1,1) (0,0) (16,7) (7,5) (8,5) (14,6) (12,5) (9,2) (13,5) 
(99,-6) (98,-3) (97,-1) (58,15) (57,15) (21,9) (6,5) (4,4) (1,1) (0,0) (16,7) (7,5) (8,5) (14,6) (12,5) (9,2) (15,4) 
(99,-6) (98,-3) (97,-1) (58,15) (57,15) (21,9) (6,5) (4,4) (1,1) (0,0) (22,8) (51,11) (56,11) (55,11) (53,11) (52,11) 
(99,-6) (98,-3) (97,-1) (58,15) (57,15) (21,9) (6,5) (4,4) (1,1) (0,0) (22,8) (51,11) (56,11) (55,11) (53,11) (52,11) 
(99,-6) (98,-3) (97,-1) (58,15) (57,15) (21,9) (6,5) (4,4) (1,1) (0,0) (22,8) (51,11) (56,11) (55,11) (53,11) (52,11) (54,10) 
(99,-6) (98,-3) (97,-1) (58,15) (57,15) (21,9) (6,5) (4,4) (1,1) (0,0) (22,8) (51,11) (56,11) (55,11) (53,11) (52,11) 
(99,-6) (98,-3) (97,-1) (58,15) (57,15) (21,9) (6,5) (4,4) (1,1) (0,0) (22,8) (51,11) (56,11) (55,11) (53,11) (52,11) 
(99,-6) (98,-3) (97,-1) (58,15) (57,15) (21,9) (6,5) (4,4) (1,1) (0,0) (96,-2) (95,-1) (64,12) (59,13) (61,12) (60,12) (63,11) (62,10) 
(99,-6) (98,-3) (97,-1) (58,15) (57,15) (21,9) (6,5) (4,4) (1,1) (0,0) (96,-2) (95,-1) (64,12) (59,13) (61,12) (60,12) (63,11) 
(99,-6) (98,-3) (97,-1) (58,15) (57,15) (21,9) (6,5) (4,4) (1,1) (0,0) (96,-2) (95,-1) (64,12) (59,13) (94,-3) (93,-2) (92,-1) (91,-1) (65,10) (66,8) (67,6) (68,5) (69,5) (70,1) (71,-1) (72,-4) (73,-6) (74,-6) (75,-7) (76,-5) (77,-5) (78,-4) (79,-7) (80,-5) (81,-3) (82,-3) (83,-5) (84,-7) (85,-8) (86,-7) (87,-6) (88,-5) (89,-5) (90,-5) 
TD 5 :
(99,-6) (98,-3) (97,-1) (58,15) (57,15) (21,9) (6,5) (4,4) (1,1) (0,0) (16,7) (7,5) (8,5) (14,6) (12,5) (9,2) (11,3) (10,2) 
(99,-6) (98,-3) (97,-1) (58,15) (57,15) (21,9) (6,5) (4,4) (1,1) (0,0) (16,7) (7,5) (8,5) (14,6) (12,5) (9,2) (11,3) (10,2) 
(99,-6) (98,-3) (97,-1) (58,15) (57,15) (21,9) (6,5) (4,4) (1,1) (0,0) (16,7) (7,5) (8,5) (14,6) (12,5) (9,2) (13,5) 
(99,-6) (98,-3) (97,-1) (58,15) (57,15) (21,9) (6,5) (4,4) (1,1) (0,0) (16,7) (7,5) (8,5) (14,6) (12,5) (9,2) (13,5) 
(99,-6) (98,-3) (97,-1) (58,15) (57,15) (21,9) (6,5) (4,4) (1,1) (0,0) (22,8) (51,11) (56,11) (55,11) (53,11) (52,11) (54,10) 
(99,-6) (98,-3) (97,-1) (58,15) (57,15) (21,9) (6,5) (4,4) (1,1) (0,0) (22,8) (51,11) (56,11) (55,11) (53,11) (52,11) (54,10) 
(99,-6) (98,-3) (97,-1) (58,15) (57,15) (21,9) (6,5) (4,4) (1,1) (0,0) (96,-2) (95,-1) (64,12) (59,13) (61,12) (60,12) (63,11) (62,10) 
(99,-6) (98,-3) (97,-1) (58,15) (57,15) (21,9) (6,5) (4,4) (1,1) (0,0) (96,-2) (95,-1) (64,12) (59,13) (61,12) (60,12) (63,11) (62,10) 
(99,-6) (98,-3) (97,-1) (58,15) (57,15) (21,9) (6,5) (4,4) (1,1) (0,0) (96,-2) (95,-1) (64,12) (59,13) (94,-3) (93,-2) (92,-1) (91,-1) (90,-5) (65,10) 
(99,-6) (98,-3) (97,-1) (58,15) (57,15) (21,9) (6,5) (4,4) (1,1) (0,0) (96,-2) (95,-1) (64,12) (59,13) (94,-3) (93,-2) (92,-1) (91,-1) (90,-5) (65,10) (66,8) (67,6) (68,5) (69,5) (70,1) (71,-1) (72,-4) (73,-6) (74,-6) (75,-7) (76,-5) (77,-5) (78,-4) (79,-7) (80,-5) (81,-3) (82,-3) (83,-5) (84,-7) (85,-8) (86,-7) (87,-6) (88,-5) (89,-5) 
TD 6 :
(99,-6) (98,-3) (97,-1) (58,15) (57,15) (21,9) (6,5) (4,4) (1,1) (0,0) (96,-2) (95,-1) (64,12) (59,13) (94,-3) (93,-2) (92,-1) (91,-1) (90,-5) (65,10) (89,-5) (66,8) 
(99,-6) (98,-3) (97,-1) (58,15) (57,15) (21,9) (6,5) (4,4) (1,1) (0,0) (96,-2) (95,-1) (64,12) (59,13) (94,-3) (93,-2) (92,-1) (91,-1) (90,-5) (65,10) (89,-5) (66,8) (67,6) (68,5) (69,5) (70,1) (71,-1) (72,-4) (73,-6) (74,-6) (75,-7) (76,-5) (77,-5) (78,-4) (79,-7) (80,-5) (81,-3) (82,-3) (83,-5) (84,-7) (85,-8) (86,-7) (87,-6) (88,-5) 
TD 7 :
(99,-6) (98,-3) (97,-1) (58,15) (57,15) (21,9) (6,5) (4,4) (1,1) (0,0) (96,-2) (95,-1) (64,12) (59,13) (94,-3) (93,-2) (92,-1) (91,-1) (90,-5) (65,10) (89,-5) (66,8) (88,-5) (69,5) (67,6) 
(99,-6) (98,-3) (97,-1) (58,15) (57,15) (21,9) (6,5) (4,4) (1,1) (0,0) (96,-2) (95,-1) (64,12) (59,13) (94,-3) (93,-2) (92,-1) (91,-1) (90,-5) (65,10) (89,-5) (66,8) (88,-5) (69,5) (67,6) (68,5) 
(99,-6) (98,-3) (97,-1) (58,15) (57,15) (21,9) (6,5) (4,4) (1,1) (0,0) (96,-2) (95,-1) (64,12) (59,13) (94,-3) (93,-2) (92,-1) (91,-1) (90,-5) (65,10) (89,-5) (66,8) (88,-5) (69,5) (67,6) (70,1) (71,-1) (72,-4) (73,-6) (74,-6) (75,-7) (76,-5) (77,-5) (78,-4) (79,-7) (80,-5) (81,-3) (82,-3) (83,-5) (84,-7) (85,-8) (86,-7) (87,-6) 
TD 8 :
(99,-6) (98,-3) (97,-1) (58,15) (57,15) (21,9) (6,5) (4,4) (1,1) (0,0) (96,-2) (95,-1) (64,12) (59,13) (94,-3) (93,-2) (92,-1) (91,-1) (90,-5) (65,10) (89,-5) (66,8) (88,-5) (69,5) (67,6) (68,5) 
(99,-6) (98,-3) (97,-1) (58,15) (57,15) (21,9) (6,5) (4,4) (1,1) (0,0) (96,-2) (95,-1) (64,12) (59,13) (94,-3) (93,-2) (92,-1) (91,-1) (90,-5) (65,10) (89,-5) (66,8) (88,-5) (69,5) (67,6) (68,5) 
(99,-6) (98,-3) (97,-1) (58,15) (57,15) (21,9) (6,5) (4,4) (1,1) (0,0) (96,-2) (95,-1) (64,12) (59,13) (94,-3) (93,-2) (92,-1) (91,-1) (90,-5) (65,10) (89,-5) (66,8) (88,-5) (69,5) (67,6) (87,-6) (82,-3) (70,1) (71,-1) (72,-4) (73,-6) (74,-6) (75,-7) (76,-5) (77,-5) (78,-4) (79,-7) (80,-5) (81,-3) 
(99,-6) (98,-3) (97,-1) (58,15) (57,15) (21,9) (6,5) (4,4) (1,1) (0,0) (96,-2) (95,-1) (64,12) (59,13) (94,-3) (93,-2) (92,-1) (91,-1) (90,-5) (65,10) (89,-5) (66,8) (88,-5) (69,5) (67,6) (87,-6) (82,-3) (83,-5) (84,-7) (85,-8) (86,-7) 
TD 9 :
(99,-6) (98,-3) (97,-1) (58,15) (57,15) (21,9) (6,5) (4,4) (1,1) (0,0) (96,-2) (95,-1) (64,12) (59,13) (94,-3) (93,-2) (92,-1) (91,-1) (90,-5) (65,10) (89,-5) (66,8) (88,-5) (69,5) (67,6) (87,-6) (82,-3) (81,-3) (70,1) 
(99,-6) (98,-3) (97,-1) (58,15) (57,15) (21,9) (6,5) (4,4) (1,1) (0,0) (96,-2) (95,-1) (64,12) (59,13) (94,-3) (93,-2) (92,-1) (91,-1) (90,-5) (65,10) (89,-5) (66,8) (88,-5) (69,5) (67,6) (87,-6) (82,-3) (81,-3) (70,1) (71,-1) (72,-4) (73,-6) (74,-6) (75,-7) (76,-5) (77,-5) (78,-4) (79,-7) (80,-5) 
(99,-6) (98,-3) (97,-1) (58,15) (57,15) (21,9) (6,5) (4,4) (1,1) (0,0) (96,-2) (95,-1) (64,12) (59,13) (94,-3) (93,-2) (92,-1) (91,-1) (90,-5) (65,10) (89,-5) (66,8) (88,-5) (69,5) (67,6) (87,-6) (82,-3) (81,-3) (70,1) 
(99,-6) (98,-3) (97,-1) (58,15) (57,15) (21,9) (6,5) (4,4) (1,1) (0,0) (96,-2) (95,-1) (64,12) (59,13) (94,-3) (93,-2) (92,-1) (91,-1) (90,-5) (65,10) (89,-5) (66,8) (88,-5) (69,5) (67,6) (87,-6) (82,-3) (86,-7) (83,-5) (84,-7) (85,-8) 
TD 10 :
(99,-6) (98,-3) (97,-1) (58,15) (57,15) (21,9) (6,5) (4,4) (1,1) (0,0) (96,-2) (95,-1) (64,12) (59,13) (94,-3) (93,-2) (92,-1) (91,-1) (90,-5) (65,10) (89,-5) (66,8) (88,-5) (69,5) (67,6) (87,-6) (82,-3) (81,-3) (70,1) (71,-1) 
(99,-6) (98,-3) (97,-1) (58,15) (57,15) (21,9) (6,5) (4,4) (1,1) (0,0) (96,-2) (95,-1) (64,12) (59,13) (94,-3) (93,-2) (92,-1) (91,-1) (90,-5) (65,10) (89,-5) (66,8) (88,-5) (69,5) (67,6) (87,-6) (82,-3) (81,-3) (70,1) (71,-1) (72,-4) (73,-6) (74,-6) (75,-7) (76,-5) (77,-5) (78,-4) (79,-7) (80,-5) 
(99,-6) (98,-3) (97,-1) (58,15) (57,15) (21,9) (6,5) (4,4) (1,1) (0,0) (96,-2) (95,-1) (64,12) (59,13) (94,-3) (93,-2) (92,-1) (91,-1) (90,-5) (65,10) (89,-5) (66,8) (88,-5) (69,5) (67,6) (87,-6) (82,-3) (86,-7) (85,-8) (83,-5) 
(99,-6) (98,-3) (97,-1) (58,15) (57,15) (21,9) (6,5) (4,4) (1,1) (0,0) (96,-2) (95,-1) (64,12) (59,13) (94,-3) (93,-2) (92,-1) (91,-1) (90,-5) (65,10) (89,-5) (66,8) (88,-5) (69,5) (67,6) (87,-6) (82,-3) (86,-7) (85,-8) (83,-5) (84,-7) 
TD 11 :
(99,-6) (98,-3) (97,-1) (58,15) (57,15) (21,9) (6,5) (4,4) (1,1) (0,0) (96,-2) (95,-1) (64,12) (59,13) (94,-3) (93,-2) (92,-1) (91,-1) (90,-5) (65,10) (89,-5) (66,8) (88,-5) (69,5) (67,6) (87,-6) (82,-3) (81,-3) (70,1) (71,-1) (80,-5) (78,-4) (72,-4) (73,-6) (74,-6) (75,-7) (76,-5) (77,-5) 
(99,-6) (98,-3) (97,-1) (58,15) (57,15) (21,9) (6,5) (4,4) (1,1) (0,0) (96,-2) (95,-1) (64,12) (59,13) (94,-3) (93,-2) (92,-1) (91,-1) (90,-5) (65,10) (89,-5) (66,8) (88,-5) (69,5) (67,6) (87,-6) (82,-3) (81,-3) (70,1) (71,-1) (80,-5) (78,-4) (79,-7) 
(99,-6) (98,-3) (97,-1) (58,15) (57,15) (21,9) (6,5) (4,4) (1,1) (0,0) (96,-2) (95,-1) (64,12) (59,13) (94,-3) (93,-2) (92,-1) (91,-1) (90,-5) (65,10) (89,-5) (66,8) (88,-5) (69,5) (67,6) (87,-6) (82,-3) (81,-3) (70,1) (71,-1) (80,-5) (78,-4) 
(99,-6) (98,-3) (97,-1) (58,15) (57,15) (21,9) (6,5) (4,4) (1,1) (0,0) (96,-2) (95,-1) (64,12) (59,13) (94,-3) (93,-2) (92,-1) (91,-1) (90,-5) (65,10) (89,-5) (66,8) (88,-5) (69,5) (67,6) (87,-6) (82,-3) (86,-7) (85,-8) (83,-5) (84,-7) 
TD 12 :
(99,-6) (98,-3) (97,-1) (58,15) (57,15) (21,9) (6,5) (4,4) (1,1) (0,0) (96,-2) (95,-1) (64,12) (59,13) (94,-3) (93,-2) (92,-1) (91,-1) (90,-5) (65,10) (89,-5) (66,8) (88,-5) (69,5) (67,6) (87,-6) (82,-3) (81,-3) (70,1) (71,-1) (80,-5) (78,-4) (77,-5) (72,-4) 
(99,-6) (98,-3) (97,-1) (58,15) (57,15) (21,9) (6,5) (4,4) (1,1) (0,0) (96,-2) (95,-1) (64,12) (59,13) (94,-3) (93,-2) (92,-1) (91,-1) (90,-5) (65,10) (89,-5) (66,8) (88,-5) (69,5) (67,6) (87,-6) (82,-3) (81,-3) (70,1) (71,-1) (80,-5) (78,-4) (77,-5) (72,-4) (73,-6) (74,-6) (75,-7) (76,-5) 
(99,-6) (98,-3) (97,-1) (58,15) (57,15) (21,9) (6,5) (4,4) (1,1) (0,0) (96,-2) (95,-1) (64,12) (59,13) (94,-3) (93,-2) (92,-1) (91,-1) (90,-5) (65,10) (89,-5) (66,8) (88,-5) (69,5) (67,6) (87,-6) (82,-3) (81,-3) (70,1) (71,-1) (80,-5) (78,-4) (77,-5) (72,-4) 
(99,-6) (98,-3) (97,-1) (58,15) (57,15) (21,9) (6,5) (4,4) (1,1) (0,0) (96,-2) (95,-1) (64,12) (59,13) (94,-3) (93,-2) (92,-1) (91,-1) (90,-5) (65,10) (89,-5) (66,8) (88,-5) (69,5) (67,6) (87,-6) (82,-3) (81,-3) (70,1) (71,-1) (80,-5) (78,-4) (79,-7) 
TD 13 :
(99,-6) (98,-3) (97,-1) (58,15) (57,15) (21,9) (6,5) (4,4) (1,1) (0,0) (96,-2) (95,-1) (64,12) (59,13) (94,-3) (93,-2) (92,-1) (91,-1) (90,-5) (65,10) (89,-5) (66,8) (88,-5) (69,5) (67,6) (87,-6) (82,-3) (81,-3) (70,1) (71,-1) (80,-5) (78,-4) (77,-5) (72,-4) (76,-5) (73,-6) (74,-6) (75,-7) 
Pocket 0 :
()
Pocket 1 :
({  (0,0) ,(1,1) } {  (0,0) ,(1,1) } {  (0,0) ,(1,1) } {  (0,0) ,(1,1) } {  (0,0) ,(1,1) } {  (0,0) ,(1,1) } {  (0,0) ,(1,1) } {  (0,0) ,(1,1) } {  (0,0) ,(1,1) } {  (0,0) ,(1,1) } {  (0,0) ,(1,1) } {  (0,0) ,(1,1) } {  (0,0) ,(1,1) } {  (0,0) ,(1,1) } {  (0,0) ,(1,1) } {  (0,0) ,(1,1) } {  (0,0) ,(1,1) } {  (0,0) ,(1,1) } )
Pocket 2 :
({  (2,1) ,(0,0) } {  (99,-6) ,(3,2) } {  (2,1) ,(0,0) } {  (99,-6) ,(3,2) } {  (99,-6) ,(5,4) } {  (99,-6) ,(5,4) } {  (8,5) ,(7,5) } {  (8,5) ,(7,5) } {  (8,5) ,(7,5) } {  (23,6) ,(22,8) } {  (23,6) ,(22,8) } {  (60,12) ,(59,13) } {  (60,12) ,(59,13) } {  (60,12) ,(59,13) } {  (60,12) ,(59,13) } )
Pocket 3 :
({  (8,5) ,(7,5) } {  (18,6) ,(17,7) } {  (18,6) ,(17,7) } {  (52,11) ,(51,11) } {  (52,11) ,(51,11) } {  (61,12) ,(60,12) } {  (61,12) ,(60,12) } {  (61,12) ,(60,12) } {  (93,-2) ,(92,-1) } {  (93,-2) ,(92,-1) } {  (93,-2) ,(92,-1) } )
Pocket 4 :
({  (9,2) ,(8,5) } {  (13,5) ,(12,5) } {  (9,2) ,(8,5) } {  (13,5) ,(12,5) } {  (9,2) ,(8,5) } {  (13,5) ,(12,5) } {  (53,11) ,(52,11) } {  (53,11) ,(52,11) } {  (53,11) ,(52,11) } {  (53,11) ,(52,11) } {  (53,11) ,(52,11) } {  (99,-6) ,(63,11) } {  (99,-6) ,(63,11) } {  (99,-6) ,(91,-1) } )
Pocket 5 :
({  (10,2) ,(9,2) } {  (99,-6) ,(11,3) } {  (10,2) ,(9,2) } {  (99,-6) ,(11,3) } {  (99,-6) ,(13,5) } {  (99,-6) ,(13,5) } {  (99,-6) ,(54,10) } {  (99,-6) ,(54,10) } {  (99,-6) ,(62,10) } {  (99,-6) ,(62,10) } {  (66,8) ,(65,10) } {  (66,8) ,(65,10) } )
Pocket 6 :
({  (67,6) ,(66,8) } {  (67,6) ,(66,8) } )
Pocket 7 :
({  (68,5) ,(67,6) } {  (68,5) ,(67,6) } {  (68,5) ,(67,6) } )
Pocket 8 :
({  (99,-6) ,(68,5) } {  (99,-6) ,(68,5) } {  (83,-5) ,(82,-3) } {  (83,-5) ,(82,-3) } )
Pocket 9 :
({  (71,-1) ,(70,1) } {  (71,-1) ,(70,1) } {  (71,-1) ,(70,1) } {  (99,-6) ,(86,-7) } )
Pocket 10 :
({  (72,-4) ,(71,-1) } {  (72,-4) ,(71,-1) } {  (84,-7) ,(83,-5) } {  (84,-7) ,(83,-5) } )
Pocket 11 :
({  (79,-7) ,(78,-4) } {  (79,-7) ,(78,-4) } {  (79,-7) ,(78,-4) } {  (99,-6) ,(84,-7) } )
Pocket 12 :
({  (73,-6) ,(72,-4) } {  (73,-6) ,(72,-4) } {  (73,-6) ,(72,-4) } {  (99,-6) ,(79,-7) } )
