13 layers in onion peeling: 
Layer 1
(99,19) (98,21) (84,28) (78,31) (54,24) (3,6) (0,-1) 
Layer 2
(97,18) (96,20) (95,21) (85,27) (83,28) (77,30) (55,24) (4,6) (2,2) (1,0) 
Layer 3
(94,21) (82,28) (76,29) (53,23) (5,5) 
Layer 4
(93,20) (80,28) (79,28) (75,28) (51,22) (6,3) 
Layer 5
(92,20) (91,21) (89,22) (87,23) (81,25) (74,25) (65,24) (58,23) (35,14) (15,6) (8,3) (7,2) 
Layer 6
(90,21) (88,22) (86,23) (73,24) (72,24) (66,24) (56,22) (43,17) (13,5) (9,1) 
Layer 7
(71,21) (70,22) (64,22) (63,22) (62,22) (61,22) (60,22) (59,22) (57,22) (49,19) (36,14) (21,8) (12,3) (10,-1) 
Layer 8
(69,19) (68,20) (67,21) (52,20) (44,17) (27,10) (18,6) (16,5) (14,4) (11,0) 
Layer 9
(50,19) (37,14) (30,11) (17,5) 
Layer 10
(48,18) (26,9) (22,7) (20,6) (19,4) 
Layer 11
(47,16) (46,16) (42,15) (29,10) (25,8) (23,6) 
Layer 12
(45,15) (38,13) (33,11) (28,9) (24,6) 
Layer 13
(41,11) (40,11) (39,11) (34,11) (31,10) 
---------------------------------------------------------------------------------------
TD 0 :
(99,19) (98,21) (97,18) (96,20) (95,21) (94,21) (93,20) (92,20) (91,21) (90,21) (89,22) (88,22) (87,23) (86,23) (85,27) (84,28) (83,28) (82,28) (81,25) (80,28) (79,28) (78,31) (77,30) (76,29) (75,28) (74,25) (73,24) (72,24) (71,21) (70,22) (69,19) (68,20) (67,21) (66,24) (65,24) (64,22) (63,22) (62,22) (61,22) (60,22) (59,22) (58,23) (57,22) (56,22) (55,24) (54,24) (53,23) (52,20) (51,22) (50,19) (49,19) (48,18) (47,16) (46,16) (45,15) (44,17) (43,17) (42,15) (41,11) (40,11) (39,11) (38,13) (37,14) (36,14) (35,14) (34,11) (33,11) (32,9) (31,10) (30,11) (29,10) (28,9) (27,10) (26,9) (25,8) (24,6) (23,6) (22,7) (21,8) (20,6) (19,4) (18,6) (17,5) (16,5) (15,6) (14,4) (13,5) (12,3) (11,0) (10,-1) (9,1) (8,3) (7,2) (6,3) (5,5) (4,6) (3,6) (2,2) (1,0) (0,-1) 
TD 1 :
(99,19) (98,21) (84,28) (78,31) (54,24) (3,6) (0,-1) (1,0) (2,2) 
(99,19) (98,21) (84,28) (78,31) (54,24) (3,6) (0,-1) (4,6) (5,5) (6,3) (7,2) (8,3) (9,1) (10,-1) (11,0) (12,3) (13,5) (14,4) (15,6) (16,5) (17,5) (18,6) (19,4) (20,6) (21,8) (22,7) (23,6) (24,6) (25,8) (26,9) (27,10) (28,9) (29,10) (30,11) (31,10) (32,9) (33,11) (34,11) (35,14) (36,14) (37,14) (38,13) (39,11) (40,11) (41,11) (42,15) (43,17) (44,17) (45,15) (46,16) (47,16) (48,18) (49,19) (50,19) (51,22) (52,20) (53,23) 
(99,19) (98,21) (84,28) (78,31) (54,24) (3,6) (0,-1) (55,24) (56,22) (57,22) (58,23) (59,22) (60,22) (61,22) (62,22) (63,22) (64,22) (65,24) (66,24) (67,21) (68,20) (69,19) (70,22) (71,21) (72,24) (73,24) (74,25) (75,28) (76,29) (77,30) 
(99,19) (98,21) (84,28) (78,31) (54,24) (3,6) (0,-1) (79,28) (80,28) (81,25) (82,28) (83,28) 
(99,19) (98,21) (84,28) (78,31) (54,24) (3,6) (0,-1) (85,27) (86,23) (87,23) (88,22) (89,22) (90,21) (91,21) (92,20) (93,20) (94,21) (95,21) (96,20) (97,18) 
(99,19) (98,21) (84,28) (78,31) (54,24) (3,6) (0,-1) 
TD 2 :
(99,19) (98,21) (84,28) (78,31) (54,24) (3,6) (0,-1) (2,2) (1,0) 
(99,19) (98,21) (84,28) (78,31) (54,24) (3,6) (0,-1) (2,2) (1,0) 
(99,19) (98,21) (84,28) (78,31) (54,24) (3,6) (0,-1) (4,6) 
(99,19) (98,21) (84,28) (78,31) (54,24) (3,6) (0,-1) (4,6) (5,5) (6,3) (7,2) (8,3) (9,1) (10,-1) (11,0) (12,3) (13,5) (14,4) (15,6) (16,5) (17,5) (18,6) (19,4) (20,6) (21,8) (22,7) (23,6) (24,6) (25,8) (26,9) (27,10) (28,9) (29,10) (30,11) (31,10) (32,9) (33,11) (34,11) (35,14) (36,14) (37,14) (38,13) (39,11) (40,11) (41,11) (42,15) (43,17) (44,17) (45,15) (46,16) (47,16) (48,18) (49,19) (50,19) (51,22) (52,20) (53,23) 
(99,19) (98,21) (84,28) (78,31) (54,24) (3,6) (0,-1) (77,30) (55,24) 
(99,19) (98,21) (84,28) (78,31) (54,24) (3,6) (0,-1) (77,30) (55,24) (56,22) (57,22) (58,23) (59,22) (60,22) (61,22) (62,22) (63,22) (64,22) (65,24) (66,24) (67,21) (68,20) (69,19) (70,22) (71,21) (72,24) (73,24) (74,25) (75,28) (76,29) 
(99,19) (98,21) (84,28) (78,31) (54,24) (3,6) (0,-1) (77,30) (55,24) 
(99,19) (98,21) (84,28) (78,31) (54,24) (3,6) (0,-1) (83,28) (79,28) (80,28) (81,25) (82,28) 
(99,19) (98,21) (84,28) (78,31) (54,24) (3,6) (0,-1) (83,28) 
(99,19) (98,21) (84,28) (78,31) (54,24) (3,6) (0,-1) (97,18) (96,20) (95,21) (85,27) 
(99,19) (98,21) (84,28) (78,31) (54,24) (3,6) (0,-1) (97,18) (96,20) (95,21) (85,27) (86,23) (87,23) (88,22) (89,22) (90,21) (91,21) (92,20) (93,20) (94,21) 
(99,19) (98,21) (84,28) (78,31) (54,24) (3,6) (0,-1) (97,18) (96,20) (95,21) (85,27) 
(99,19) (98,21) (84,28) (78,31) (54,24) (3,6) (0,-1) (97,18) (96,20) (95,21) (85,27) 
TD 3 :
(99,19) (98,21) (84,28) (78,31) (54,24) (3,6) (0,-1) (4,6) (53,23) (5,5) (6,3) (7,2) (8,3) (9,1) (10,-1) (11,0) (12,3) (13,5) (14,4) (15,6) (16,5) (17,5) (18,6) (19,4) (20,6) (21,8) (22,7) (23,6) (24,6) (25,8) (26,9) (27,10) (28,9) (29,10) (30,11) (31,10) (32,9) (33,11) (34,11) (35,14) (36,14) (37,14) (38,13) (39,11) (40,11) (41,11) (42,15) (43,17) (44,17) (45,15) (46,16) (47,16) (48,18) (49,19) (50,19) (51,22) (52,20) 
(99,19) (98,21) (84,28) (78,31) (54,24) (3,6) (0,-1) (4,6) (53,23) (5,5) 
(99,19) (98,21) (84,28) (78,31) (54,24) (3,6) (0,-1) (77,30) (55,24) (76,29) (56,22) (57,22) (58,23) (59,22) (60,22) (61,22) (62,22) (63,22) (64,22) (65,24) (66,24) (67,21) (68,20) (69,19) (70,22) (71,21) (72,24) (73,24) (74,25) (75,28) 
(99,19) (98,21) (84,28) (78,31) (54,24) (3,6) (0,-1) (77,30) (55,24) (76,29) 
(99,19) (98,21) (84,28) (78,31) (54,24) (3,6) (0,-1) (83,28) (82,28) (79,28) (80,28) (81,25) 
(99,19) (98,21) (84,28) (78,31) (54,24) (3,6) (0,-1) (83,28) (82,28) 
(99,19) (98,21) (84,28) (78,31) (54,24) (3,6) (0,-1) (97,18) (96,20) (95,21) (85,27) (94,21) (86,23) (87,23) (88,22) (89,22) (90,21) (91,21) (92,20) (93,20) 
TD 4 :
(99,19) (98,21) (84,28) (78,31) (54,24) (3,6) (0,-1) (4,6) (53,23) (5,5) (51,22) (6,3) (7,2) (8,3) (9,1) (10,-1) (11,0) (12,3) (13,5) (14,4) (15,6) (16,5) (17,5) (18,6) (19,4) (20,6) (21,8) (22,7) (23,6) (24,6) (25,8) (26,9) (27,10) (28,9) (29,10) (30,11) (31,10) (32,9) (33,11) (34,11) (35,14) (36,14) (37,14) (38,13) (39,11) (40,11) (41,11) (42,15) (43,17) (44,17) (45,15) (46,16) (47,16) (48,18) (49,19) (50,19) 
(99,19) (98,21) (84,28) (78,31) (54,24) (3,6) (0,-1) (4,6) (53,23) (5,5) (51,22) (6,3) (52,20) 
(99,19) (98,21) (84,28) (78,31) (54,24) (3,6) (0,-1) (77,30) (55,24) (76,29) (75,28) (56,22) (57,22) (58,23) (59,22) (60,22) (61,22) (62,22) (63,22) (64,22) (65,24) (66,24) (67,21) (68,20) (69,19) (70,22) (71,21) (72,24) (73,24) (74,25) 
(99,19) (98,21) (84,28) (78,31) (54,24) (3,6) (0,-1) (77,30) (55,24) (76,29) (75,28) 
(99,19) (98,21) (84,28) (78,31) (54,24) (3,6) (0,-1) (83,28) (82,28) (80,28) (79,28) 
(99,19) (98,21) (84,28) (78,31) (54,24) (3,6) (0,-1) (83,28) (82,28) (80,28) (79,28) 
(99,19) (98,21) (84,28) (78,31) (54,24) (3,6) (0,-1) (83,28) (82,28) (80,28) (79,28) (81,25) 
(99,19) (98,21) (84,28) (78,31) (54,24) (3,6) (0,-1) (97,18) (96,20) (95,21) (85,27) (94,21) (93,20) (86,23) (87,23) (88,22) (89,22) (90,21) (91,21) (92,20) 
TD 5 :
(99,19) (98,21) (84,28) (78,31) (54,24) (3,6) (0,-1) (4,6) (53,23) (5,5) (51,22) (6,3) (35,14) (15,6) (8,3) (7,2) 
(99,19) (98,21) (84,28) (78,31) (54,24) (3,6) (0,-1) (4,6) (53,23) (5,5) (51,22) (6,3) (35,14) (15,6) (8,3) (7,2) (9,1) (10,-1) (11,0) (12,3) (13,5) (14,4) 
(99,19) (98,21) (84,28) (78,31) (54,24) (3,6) (0,-1) (4,6) (53,23) (5,5) (51,22) (6,3) (35,14) (15,6) (8,3) (7,2) (16,5) (17,5) (18,6) (19,4) (20,6) (21,8) (22,7) (23,6) (24,6) (25,8) (26,9) (27,10) (28,9) (29,10) (30,11) (31,10) (32,9) (33,11) (34,11) 
(99,19) (98,21) (84,28) (78,31) (54,24) (3,6) (0,-1) (4,6) (53,23) (5,5) (51,22) (6,3) (35,14) (15,6) (8,3) (7,2) (36,14) (37,14) (38,13) (39,11) (40,11) (41,11) (42,15) (43,17) (44,17) (45,15) (46,16) (47,16) (48,18) (49,19) (50,19) 
(99,19) (98,21) (84,28) (78,31) (54,24) (3,6) (0,-1) (77,30) (55,24) (76,29) (75,28) (74,25) (65,24) (58,23) (56,22) (57,22) 
(99,19) (98,21) (84,28) (78,31) (54,24) (3,6) (0,-1) (77,30) (55,24) (76,29) (75,28) (74,25) (65,24) (58,23) (59,22) (60,22) (61,22) (62,22) (63,22) (64,22) 
(99,19) (98,21) (84,28) (78,31) (54,24) (3,6) (0,-1) (77,30) (55,24) (76,29) (75,28) (74,25) (65,24) (58,23) (66,24) (67,21) (68,20) (69,19) (70,22) (71,21) (72,24) (73,24) 
(99,19) (98,21) (84,28) (78,31) (54,24) (3,6) (0,-1) (77,30) (55,24) (76,29) (75,28) (74,25) (65,24) (58,23) 
(99,19) (98,21) (84,28) (78,31) (54,24) (3,6) (0,-1) (83,28) (82,28) (80,28) (79,28) (81,25) 
(99,19) (98,21) (84,28) (78,31) (54,24) (3,6) (0,-1) (83,28) (82,28) (80,28) (79,28) (81,25) 
(99,19) (98,21) (84,28) (78,31) (54,24) (3,6) (0,-1) (97,18) (96,20) (95,21) (85,27) (94,21) (93,20) (92,20) (91,21) (89,22) (87,23) (86,23) 
(99,19) (98,21) (84,28) (78,31) (54,24) (3,6) (0,-1) (97,18) (96,20) (95,21) (85,27) (94,21) (93,20) (92,20) (91,21) (89,22) (87,23) (88,22) 
(99,19) (98,21) (84,28) (78,31) (54,24) (3,6) (0,-1) (97,18) (96,20) (95,21) (85,27) (94,21) (93,20) (92,20) (91,21) (89,22) (87,23) (90,21) 
(99,19) (98,21) (84,28) (78,31) (54,24) (3,6) (0,-1) (97,18) (96,20) (95,21) (85,27) (94,21) (93,20) (92,20) (91,21) (89,22) (87,23) 
TD 6 :
(99,19) (98,21) (84,28) (78,31) (54,24) (3,6) (0,-1) (4,6) (53,23) (5,5) (51,22) (6,3) (35,14) (15,6) (8,3) (7,2) (13,5) (9,1) (10,-1) (11,0) (12,3) 
(99,19) (98,21) (84,28) (78,31) (54,24) (3,6) (0,-1) (4,6) (53,23) (5,5) (51,22) (6,3) (35,14) (15,6) (8,3) (7,2) (13,5) (9,1) (14,4) 
(99,19) (98,21) (84,28) (78,31) (54,24) (3,6) (0,-1) (4,6) (53,23) (5,5) (51,22) (6,3) (35,14) (15,6) (8,3) (7,2) (43,17) (36,14) (37,14) (38,13) (39,11) (40,11) (41,11) (42,15) 
(99,19) (98,21) (84,28) (78,31) (54,24) (3,6) (0,-1) (4,6) (53,23) (5,5) (51,22) (6,3) (35,14) (15,6) (8,3) (7,2) (43,17) (44,17) (45,15) (46,16) (47,16) (48,18) (49,19) (50,19) 
(99,19) (98,21) (84,28) (78,31) (54,24) (3,6) (0,-1) (77,30) (55,24) (76,29) (75,28) (74,25) (65,24) (58,23) (56,22) 
(99,19) (98,21) (84,28) (78,31) (54,24) (3,6) (0,-1) (77,30) (55,24) (76,29) (75,28) (74,25) (65,24) (58,23) (56,22) (57,22) 
(99,19) (98,21) (84,28) (78,31) (54,24) (3,6) (0,-1) (77,30) (55,24) (76,29) (75,28) (74,25) (65,24) (58,23) (73,24) (72,24) (66,24) 
(99,19) (98,21) (84,28) (78,31) (54,24) (3,6) (0,-1) (77,30) (55,24) (76,29) (75,28) (74,25) (65,24) (58,23) (73,24) (72,24) (66,24) (67,21) (68,20) (69,19) (70,22) (71,21) 
(99,19) (98,21) (84,28) (78,31) (54,24) (3,6) (0,-1) (77,30) (55,24) (76,29) (75,28) (74,25) (65,24) (58,23) (73,24) (72,24) (66,24) 
(99,19) (98,21) (84,28) (78,31) (54,24) (3,6) (0,-1) (77,30) (55,24) (76,29) (75,28) (74,25) (65,24) (58,23) (73,24) (72,24) (66,24) 
(99,19) (98,21) (84,28) (78,31) (54,24) (3,6) (0,-1) (97,18) (96,20) (95,21) (85,27) (94,21) (93,20) (92,20) (91,21) (89,22) (87,23) (86,23) 
(99,19) (98,21) (84,28) (78,31) (54,24) (3,6) (0,-1) (97,18) (96,20) (95,21) (85,27) (94,21) (93,20) (92,20) (91,21) (89,22) (87,23) (86,23) 
(99,19) (98,21) (84,28) (78,31) (54,24) (3,6) (0,-1) (97,18) (96,20) (95,21) (85,27) (94,21) (93,20) (92,20) (91,21) (89,22) (87,23) (88,22) 
(99,19) (98,21) (84,28) (78,31) (54,24) (3,6) (0,-1) (97,18) (96,20) (95,21) (85,27) (94,21) (93,20) (92,20) (91,21) (89,22) (87,23) (88,22) 
(99,19) (98,21) (84,28) (78,31) (54,24) (3,6) (0,-1) (97,18) (96,20) (95,21) (85,27) (94,21) (93,20) (92,20) (91,21) (89,22) (87,23) (90,21) 
TD 7 :
(99,19) (98,21) (84,28) (78,31) (54,24) (3,6) (0,-1) (4,6) (53,23) (5,5) (51,22) (6,3) (35,14) (15,6) (8,3) (7,2) (13,5) (9,1) (12,3) (10,-1) (11,0) 
(99,19) (98,21) (84,28) (78,31) (54,24) (3,6) (0,-1) (4,6) (53,23) (5,5) (51,22) (6,3) (35,14) (15,6) (8,3) (7,2) (13,5) (9,1) (12,3) (10,-1) 
(99,19) (98,21) (84,28) (78,31) (54,24) (3,6) (0,-1) (4,6) (53,23) (5,5) (51,22) (6,3) (35,14) (15,6) (8,3) (7,2) (43,17) (36,14) 
(99,19) (98,21) (84,28) (78,31) (54,24) (3,6) (0,-1) (4,6) (53,23) (5,5) (51,22) (6,3) (35,14) (15,6) (8,3) (7,2) (43,17) (36,14) (37,14) (38,13) (39,11) (40,11) (41,11) (42,15) 
(99,19) (98,21) (84,28) (78,31) (54,24) (3,6) (0,-1) (4,6) (53,23) (5,5) (51,22) (6,3) (35,14) (15,6) (8,3) (7,2) (43,17) (49,19) (44,17) (45,15) (46,16) (47,16) (48,18) 
(99,19) (98,21) (84,28) (78,31) (54,24) (3,6) (0,-1) (4,6) (53,23) (5,5) (51,22) (6,3) (35,14) (15,6) (8,3) (7,2) (43,17) (49,19) (50,19) 
(99,19) (98,21) (84,28) (78,31) (54,24) (3,6) (0,-1) (77,30) (55,24) (76,29) (75,28) (74,25) (65,24) (58,23) (56,22) (57,22) 
(99,19) (98,21) (84,28) (78,31) (54,24) (3,6) (0,-1) (77,30) (55,24) (76,29) (75,28) (74,25) (65,24) (58,23) (56,22) (57,22) 
(99,19) (98,21) (84,28) (78,31) (54,24) (3,6) (0,-1) (77,30) (55,24) (76,29) (75,28) (74,25) (65,24) (58,23) (73,24) (72,24) (66,24) (71,21) (70,22) (67,21) (68,20) (69,19) 
(99,19) (98,21) (84,28) (78,31) (54,24) (3,6) (0,-1) (77,30) (55,24) (76,29) (75,28) (74,25) (65,24) (58,23) (73,24) (72,24) (66,24) (71,21) (70,22) 
TD 8 :
(99,19) (98,21) (84,28) (78,31) (54,24) (3,6) (0,-1) (4,6) (53,23) (5,5) (51,22) (6,3) (35,14) (15,6) (8,3) (7,2) (13,5) (9,1) (12,3) (10,-1) (11,0) 
(99,19) (98,21) (84,28) (78,31) (54,24) (3,6) (0,-1) (4,6) (53,23) (5,5) (51,22) (6,3) (35,14) (15,6) (8,3) (7,2) (43,17) (49,19) (44,17) 
(99,19) (98,21) (84,28) (78,31) (54,24) (3,6) (0,-1) (4,6) (53,23) (5,5) (51,22) (6,3) (35,14) (15,6) (8,3) (7,2) (43,17) (49,19) (44,17) (45,15) (46,16) (47,16) (48,18) 
(99,19) (98,21) (84,28) (78,31) (54,24) (3,6) (0,-1) (77,30) (55,24) (76,29) (75,28) (74,25) (65,24) (58,23) (73,24) (72,24) (66,24) (71,21) (70,22) (69,19) (68,20) (67,21) 
(99,19) (98,21) (84,28) (78,31) (54,24) (3,6) (0,-1) (77,30) (55,24) (76,29) (75,28) (74,25) (65,24) (58,23) (73,24) (72,24) (66,24) (71,21) (70,22) (69,19) (68,20) (67,21) 
(99,19) (98,21) (84,28) (78,31) (54,24) (3,6) (0,-1) (77,30) (55,24) (76,29) (75,28) (74,25) (65,24) (58,23) (73,24) (72,24) (66,24) (71,21) (70,22) (69,19) (68,20) (67,21) 
TD 9 :
TD 10 :
TD 11 :
TD 12 :
TD 13 :
Pocket 0 :
()
Pocket 1 :
({  (0,-1) ,(1,0) } {  (2,2) ,(3,6) } {  (0,-1) ,(1,0) } {  (2,2) ,(3,6) } {  (0,-1) ,(1,0) } {  (2,2) ,(3,6) } {  (0,-1) ,(1,0) } {  (2,2) ,(3,6) } {  (0,-1) ,(1,0) } {  (2,2) ,(3,6) } {  (0,-1) ,(1,0) } {  (2,2) ,(3,6) } )
Pocket 2 :
({  (1,0) ,(0,-1) } {  (99,19) ,(2,2) } {  (1,0) ,(0,-1) } {  (99,19) ,(2,2) } {  (5,5) ,(4,6) } {  (5,5) ,(4,6) } {  (56,22) ,(55,24) } {  (56,22) ,(55,24) } {  (56,22) ,(55,24) } {  (99,19) ,(83,28) } {  (99,19) ,(83,28) } {  (86,23) ,(85,27) } {  (86,23) ,(85,27) } {  (86,23) ,(85,27) } {  (86,23) ,(85,27) } )
Pocket 3 :
({  (5,5) ,(4,6) } {  (99,19) ,(53,23) } {  (5,5) ,(4,6) } {  (99,19) ,(53,23) } {  (99,19) ,(76,29) } {  (99,19) ,(76,29) } {  (99,19) ,(82,28) } {  (99,19) ,(82,28) } {  (99,19) ,(94,21) } )
Pocket 4 :
({  (6,3) ,(5,5) } {  (52,20) ,(51,22) } {  (6,3) ,(5,5) } {  (52,20) ,(51,22) } {  (99,19) ,(75,28) } {  (99,19) ,(75,28) } {  (80,28) ,(79,28) } {  (80,28) ,(79,28) } {  (80,28) ,(79,28) } {  (99,19) ,(93,20) } )
Pocket 5 :
({  (7,2) ,(6,3) } {  (9,1) ,(8,3) } {  (7,2) ,(6,3) } {  (9,1) ,(8,3) } {  (7,2) ,(6,3) } {  (9,1) ,(8,3) } {  (7,2) ,(6,3) } {  (9,1) ,(8,3) } {  (59,22) ,(58,23) } {  (59,22) ,(58,23) } {  (59,22) ,(58,23) } {  (59,22) ,(58,23) } {  (99,19) ,(81,25) } {  (99,19) ,(81,25) } {  (88,22) ,(87,23) } {  (88,22) ,(87,23) } {  (88,22) ,(87,23) } {  (88,22) ,(87,23) } )
Pocket 6 :
({  (9,1) ,(7,2) } {  (14,4) ,(13,5) } {  (9,1) ,(7,2) } {  (14,4) ,(13,5) } {  (44,17) ,(43,17) } {  (44,17) ,(43,17) } {  (57,22) ,(56,22) } {  (57,22) ,(56,22) } {  (67,21) ,(66,24) } {  (67,21) ,(66,24) } {  (67,21) ,(66,24) } {  (67,21) ,(66,24) } {  (99,19) ,(86,23) } {  (99,19) ,(86,23) } {  (99,19) ,(88,22) } {  (99,19) ,(88,22) } {  (99,19) ,(90,21) } )
Pocket 7 :
({  (10,-1) ,(9,1) } {  (99,19) ,(12,3) } {  (10,-1) ,(9,1) } {  (99,19) ,(12,3) } {  (37,14) ,(36,14) } {  (37,14) ,(36,14) } {  (50,19) ,(49,19) } {  (50,19) ,(49,19) } {  (99,19) ,(57,22) } {  (99,19) ,(57,22) } {  (71,21) ,(70,22) } {  (71,21) ,(70,22) } )
Pocket 8 :
({  (11,0) ,(10,-1) } {  (45,15) ,(44,17) } {  (45,15) ,(44,17) } {  (68,20) ,(67,21) } {  (68,20) ,(67,21) } {  (68,20) ,(67,21) } )
Pocket 9 :
()
Pocket 10 :
()
Pocket 11 :
()
Pocket 12 :
()
