18 layers in onion peeling: 
Layer 1
(99,-5) (98,-4) (69,2) (13,6) (0,0) 
Layer 2
(97,-6) (78,0) (72,1) (15,5) (14,5) (11,4) (2,-1) (1,-3) 
Layer 3
(96,-6) (79,-1) (70,1) (16,4) (12,4) (4,0) (3,-1) 
Layer 4
(95,-6) (74,-1) (67,0) (25,3) (17,3) (5,0) 
Layer 5
(94,-8) (81,-3) (73,-1) (66,0) (28,2) (27,2) (26,2) (24,2) (20,2) (19,2) (18,2) (10,1) (6,-1) 
Layer 6
(93,-8) (80,-3) (71,-1) (65,0) (31,1) (29,1) (21,1) (9,-1) (7,-2) 
Layer 7
(92,-8) (90,-7) (84,-5) (77,-3) (64,0) (22,-1) (8,-3) 
Layer 8
(91,-8) (89,-7) (82,-5) (75,-3) (68,-1) (30,-1) (23,-1) 
Layer 9
(88,-8) (87,-7) (85,-6) (63,-2) (32,-3) 
Layer 10
(86,-7) (83,-6) (62,-3) (37,-3) (34,-3) (33,-5) 
Layer 11
(76,-6) (61,-4) (38,-4) (35,-5) 
Layer 12
(60,-6) (40,-5) (39,-5) (36,-5) 
Layer 13
(59,-7) (45,-6) (43,-6) (42,-7) (41,-8) 
Layer 14
(58,-10) (44,-7) 
Layer 15
(57,-10) (47,-8) (46,-8) 
Layer 16
(56,-12) (49,-9) (48,-10) 
Layer 17
(55,-15) (51,-11) (50,-11) 
Layer 18
(54,-16) (52,-13) 
---------------------------------------------------------------------------------------
TD 0 :
(99,-5) (98,-4) (97,-6) (96,-6) (95,-6) (94,-8) (93,-8) (92,-8) (91,-8) (90,-7) (89,-7) (88,-8) (87,-7) (86,-7) (85,-6) (84,-5) (83,-6) (82,-5) (81,-3) (80,-3) (79,-1) (78,0) (77,-3) (76,-6) (75,-3) (74,-1) (73,-1) (72,1) (71,-1) (70,1) (69,2) (68,-1) (67,0) (66,0) (65,0) (64,0) (63,-2) (62,-3) (61,-4) (60,-6) (59,-7) (58,-10) (57,-10) (56,-12) (55,-15) (54,-16) (53,-15) (52,-13) (51,-11) (50,-11) (49,-9) (48,-10) (47,-8) (46,-8) (45,-6) (44,-7) (43,-6) (42,-7) (41,-8) (40,-5) (39,-5) (38,-4) (37,-3) (36,-5) (35,-5) (34,-3) (33,-5) (32,-3) (31,1) (30,-1) (29,1) (28,2) (27,2) (26,2) (25,3) (24,2) (23,-1) (22,-1) (21,1) (20,2) (19,2) (18,2) (17,3) (16,4) (15,5) (14,5) (13,6) (12,4) (11,4) (10,1) (9,-1) (8,-3) (7,-2) (6,-1) (5,0) (4,0) (3,-1) (2,-1) (1,-3) (0,0) 
TD 1 :
(99,-5) (98,-4) (69,2) (13,6) (0,0) (1,-3) (2,-1) (3,-1) (4,0) (5,0) (6,-1) (7,-2) (8,-3) (9,-1) (10,1) (11,4) (12,4) 
(99,-5) (98,-4) (69,2) (13,6) (0,0) (14,5) (15,5) (16,4) (17,3) (18,2) (19,2) (20,2) (21,1) (22,-1) (23,-1) (24,2) (25,3) (26,2) (27,2) (28,2) (29,1) (30,-1) (31,1) (32,-3) (33,-5) (34,-3) (35,-5) (36,-5) (37,-3) (38,-4) (39,-5) (40,-5) (41,-8) (42,-7) (43,-6) (44,-7) (45,-6) (46,-8) (47,-8) (48,-10) (49,-9) (50,-11) (51,-11) (52,-13) (53,-15) (54,-16) (55,-15) (56,-12) (57,-10) (58,-10) (59,-7) (60,-6) (61,-4) (62,-3) (63,-2) (64,0) (65,0) (66,0) (67,0) (68,-1) 
(99,-5) (98,-4) (69,2) (13,6) (0,0) (70,1) (71,-1) (72,1) (73,-1) (74,-1) (75,-3) (76,-6) (77,-3) (78,0) (79,-1) (80,-3) (81,-3) (82,-5) (83,-6) (84,-5) (85,-6) (86,-7) (87,-7) (88,-8) (89,-7) (90,-7) (91,-8) (92,-8) (93,-8) (94,-8) (95,-6) (96,-6) (97,-6) 
(99,-5) (98,-4) (69,2) (13,6) (0,0) 
TD 2 :
(99,-5) (98,-4) (69,2) (13,6) (0,0) (11,4) (2,-1) (1,-3) 
(99,-5) (98,-4) (69,2) (13,6) (0,0) (11,4) (2,-1) (1,-3) (3,-1) (4,0) (5,0) (6,-1) (7,-2) (8,-3) (9,-1) (10,1) 
(99,-5) (98,-4) (69,2) (13,6) (0,0) (11,4) (2,-1) (1,-3) (12,4) 
(99,-5) (98,-4) (69,2) (13,6) (0,0) (15,5) (14,5) 
(99,-5) (98,-4) (69,2) (13,6) (0,0) (15,5) (14,5) 
(99,-5) (98,-4) (69,2) (13,6) (0,0) (15,5) (14,5) (16,4) (17,3) (18,2) (19,2) (20,2) (21,1) (22,-1) (23,-1) (24,2) (25,3) (26,2) (27,2) (28,2) (29,1) (30,-1) (31,1) (32,-3) (33,-5) (34,-3) (35,-5) (36,-5) (37,-3) (38,-4) (39,-5) (40,-5) (41,-8) (42,-7) (43,-6) (44,-7) (45,-6) (46,-8) (47,-8) (48,-10) (49,-9) (50,-11) (51,-11) (52,-13) (53,-15) (54,-16) (55,-15) (56,-12) (57,-10) (58,-10) (59,-7) (60,-6) (61,-4) (62,-3) (63,-2) (64,0) (65,0) (66,0) (67,0) (68,-1) 
(99,-5) (98,-4) (69,2) (13,6) (0,0) (97,-6) (78,0) (72,1) (70,1) (71,-1) 
(99,-5) (98,-4) (69,2) (13,6) (0,0) (97,-6) (78,0) (72,1) (73,-1) (74,-1) (75,-3) (76,-6) (77,-3) 
(99,-5) (98,-4) (69,2) (13,6) (0,0) (97,-6) (78,0) (72,1) (79,-1) (80,-3) (81,-3) (82,-5) (83,-6) (84,-5) (85,-6) (86,-7) (87,-7) (88,-8) (89,-7) (90,-7) (91,-8) (92,-8) (93,-8) (94,-8) (95,-6) (96,-6) 
TD 3 :
(99,-5) (98,-4) (69,2) (13,6) (0,0) (11,4) (2,-1) (1,-3) (4,0) (3,-1) 
(99,-5) (98,-4) (69,2) (13,6) (0,0) (11,4) (2,-1) (1,-3) (4,0) (3,-1) (5,0) (6,-1) (7,-2) (8,-3) (9,-1) (10,1) 
(99,-5) (98,-4) (69,2) (13,6) (0,0) (11,4) (2,-1) (1,-3) (12,4) 
(99,-5) (98,-4) (69,2) (13,6) (0,0) (11,4) (2,-1) (1,-3) (12,4) 
(99,-5) (98,-4) (69,2) (13,6) (0,0) (15,5) (14,5) (16,4) 
(99,-5) (98,-4) (69,2) (13,6) (0,0) (15,5) (14,5) (16,4) (17,3) (18,2) (19,2) (20,2) (21,1) (22,-1) (23,-1) (24,2) (25,3) (26,2) (27,2) (28,2) (29,1) (30,-1) (31,1) (32,-3) (33,-5) (34,-3) (35,-5) (36,-5) (37,-3) (38,-4) (39,-5) (40,-5) (41,-8) (42,-7) (43,-6) (44,-7) (45,-6) (46,-8) (47,-8) (48,-10) (49,-9) (50,-11) (51,-11) (52,-13) (53,-15) (54,-16) (55,-15) (56,-12) (57,-10) (58,-10) (59,-7) (60,-6) (61,-4) (62,-3) (63,-2) (64,0) (65,0) (66,0) (67,0) (68,-1) 
(99,-5) (98,-4) (69,2) (13,6) (0,0) (97,-6) (78,0) (72,1) (70,1) 
(99,-5) (98,-4) (69,2) (13,6) (0,0) (97,-6) (78,0) (72,1) (70,1) (71,-1) 
(99,-5) (98,-4) (69,2) (13,6) (0,0) (97,-6) (78,0) (72,1) (96,-6) (79,-1) 
(99,-5) (98,-4) (69,2) (13,6) (0,0) (97,-6) (78,0) (72,1) (96,-6) (79,-1) (80,-3) (81,-3) (82,-5) (83,-6) (84,-5) (85,-6) (86,-7) (87,-7) (88,-8) (89,-7) (90,-7) (91,-8) (92,-8) (93,-8) (94,-8) (95,-6) 
TD 4 :
(99,-5) (98,-4) (69,2) (13,6) (0,0) (11,4) (2,-1) (1,-3) (4,0) (3,-1) (5,0) (6,-1) (7,-2) (8,-3) (9,-1) (10,1) 
(99,-5) (98,-4) (69,2) (13,6) (0,0) (15,5) (14,5) (16,4) (67,0) (25,3) (17,3) 
(99,-5) (98,-4) (69,2) (13,6) (0,0) (15,5) (14,5) (16,4) (67,0) (25,3) (17,3) (18,2) (19,2) (20,2) (21,1) (22,-1) (23,-1) (24,2) 
(99,-5) (98,-4) (69,2) (13,6) (0,0) (15,5) (14,5) (16,4) (67,0) (25,3) (17,3) (26,2) (27,2) (28,2) (29,1) (30,-1) (31,1) (32,-3) (33,-5) (34,-3) (35,-5) (36,-5) (37,-3) (38,-4) (39,-5) (40,-5) (41,-8) (42,-7) (43,-6) (44,-7) (45,-6) (46,-8) (47,-8) (48,-10) (49,-9) (50,-11) (51,-11) (52,-13) (53,-15) (54,-16) (55,-15) (56,-12) (57,-10) (58,-10) (59,-7) (60,-6) (61,-4) (62,-3) (63,-2) (64,0) (65,0) (66,0) 
(99,-5) (98,-4) (69,2) (13,6) (0,0) (15,5) (14,5) (16,4) (67,0) (25,3) (17,3) (68,-1) 
(99,-5) (98,-4) (69,2) (13,6) (0,0) (97,-6) (78,0) (72,1) (96,-6) (79,-1) (95,-6) (80,-3) (81,-3) (82,-5) (83,-6) (84,-5) (85,-6) (86,-7) (87,-7) (88,-8) (89,-7) (90,-7) (91,-8) (92,-8) (93,-8) (94,-8) 
TD 5 :
(99,-5) (98,-4) (69,2) (13,6) (0,0) (11,4) (2,-1) (1,-3) (4,0) (3,-1) (5,0) (10,1) (6,-1) (7,-2) (8,-3) (9,-1) 
(99,-5) (98,-4) (69,2) (13,6) (0,0) (11,4) (2,-1) (1,-3) (4,0) (3,-1) (5,0) (10,1) (6,-1) 
(99,-5) (98,-4) (69,2) (13,6) (0,0) (15,5) (14,5) (16,4) (67,0) (25,3) (17,3) (24,2) (20,2) (19,2) (18,2) 
(99,-5) (98,-4) (69,2) (13,6) (0,0) (15,5) (14,5) (16,4) (67,0) (25,3) (17,3) (24,2) (20,2) (19,2) (18,2) 
(99,-5) (98,-4) (69,2) (13,6) (0,0) (15,5) (14,5) (16,4) (67,0) (25,3) (17,3) (24,2) (20,2) (19,2) (18,2) 
(99,-5) (98,-4) (69,2) (13,6) (0,0) (15,5) (14,5) (16,4) (67,0) (25,3) (17,3) (24,2) (20,2) (19,2) (18,2) (21,1) (22,-1) (23,-1) 
(99,-5) (98,-4) (69,2) (13,6) (0,0) (15,5) (14,5) (16,4) (67,0) (25,3) (17,3) (24,2) (20,2) (19,2) (18,2) 
(99,-5) (98,-4) (69,2) (13,6) (0,0) (15,5) (14,5) (16,4) (67,0) (25,3) (17,3) (66,0) (28,2) (27,2) (26,2) 
(99,-5) (98,-4) (69,2) (13,6) (0,0) (15,5) (14,5) (16,4) (67,0) (25,3) (17,3) (66,0) (28,2) (27,2) (26,2) 
(99,-5) (98,-4) (69,2) (13,6) (0,0) (15,5) (14,5) (16,4) (67,0) (25,3) (17,3) (66,0) (28,2) (27,2) (26,2) 
(99,-5) (98,-4) (69,2) (13,6) (0,0) (15,5) (14,5) (16,4) (67,0) (25,3) (17,3) (66,0) (28,2) (27,2) (26,2) (29,1) (30,-1) (31,1) (32,-3) (33,-5) (34,-3) (35,-5) (36,-5) (37,-3) (38,-4) (39,-5) (40,-5) (41,-8) (42,-7) (43,-6) (44,-7) (45,-6) (46,-8) (47,-8) (48,-10) (49,-9) (50,-11) (51,-11) (52,-13) (53,-15) (54,-16) (55,-15) (56,-12) (57,-10) (58,-10) (59,-7) (60,-6) (61,-4) (62,-3) (63,-2) (64,0) (65,0) 
(99,-5) (98,-4) (69,2) (13,6) (0,0) (15,5) (14,5) (16,4) (67,0) (25,3) (17,3) (66,0) (28,2) (27,2) (26,2) 
(99,-5) (98,-4) (69,2) (13,6) (0,0) (97,-6) (78,0) (72,1) (96,-6) (79,-1) (95,-6) (94,-8) (81,-3) (80,-3) 
(99,-5) (98,-4) (69,2) (13,6) (0,0) (97,-6) (78,0) (72,1) (96,-6) (79,-1) (95,-6) (94,-8) (81,-3) (82,-5) (83,-6) (84,-5) (85,-6) (86,-7) (87,-7) (88,-8) (89,-7) (90,-7) (91,-8) (92,-8) (93,-8) 
TD 6 :
(99,-5) (98,-4) (69,2) (13,6) (0,0) (11,4) (2,-1) (1,-3) (4,0) (3,-1) (5,0) (10,1) (6,-1) (9,-1) (7,-2) (8,-3) 
(99,-5) (98,-4) (69,2) (13,6) (0,0) (11,4) (2,-1) (1,-3) (4,0) (3,-1) (5,0) (10,1) (6,-1) (9,-1) (7,-2) 
(99,-5) (98,-4) (69,2) (13,6) (0,0) (15,5) (14,5) (16,4) (67,0) (25,3) (17,3) (24,2) (20,2) (19,2) (18,2) (21,1) 
(99,-5) (98,-4) (69,2) (13,6) (0,0) (15,5) (14,5) (16,4) (67,0) (25,3) (17,3) (24,2) (20,2) (19,2) (18,2) (21,1) (22,-1) (23,-1) 
(99,-5) (98,-4) (69,2) (13,6) (0,0) (15,5) (14,5) (16,4) (67,0) (25,3) (17,3) (66,0) (28,2) (27,2) (26,2) (65,0) (31,1) (29,1) 
(99,-5) (98,-4) (69,2) (13,6) (0,0) (15,5) (14,5) (16,4) (67,0) (25,3) (17,3) (66,0) (28,2) (27,2) (26,2) (65,0) (31,1) (29,1) (30,-1) 
(99,-5) (98,-4) (69,2) (13,6) (0,0) (15,5) (14,5) (16,4) (67,0) (25,3) (17,3) (66,0) (28,2) (27,2) (26,2) (65,0) (31,1) (29,1) (32,-3) (33,-5) (34,-3) (35,-5) (36,-5) (37,-3) (38,-4) (39,-5) (40,-5) (41,-8) (42,-7) (43,-6) (44,-7) (45,-6) (46,-8) (47,-8) (48,-10) (49,-9) (50,-11) (51,-11) (52,-13) (53,-15) (54,-16) (55,-15) (56,-12) (57,-10) (58,-10) (59,-7) (60,-6) (61,-4) (62,-3) (63,-2) (64,0) 
(99,-5) (98,-4) (69,2) (13,6) (0,0) (15,5) (14,5) (16,4) (67,0) (25,3) (17,3) (66,0) (28,2) (27,2) (26,2) (65,0) (31,1) (29,1) 
(99,-5) (98,-4) (69,2) (13,6) (0,0) (97,-6) (78,0) (72,1) (96,-6) (79,-1) (95,-6) (94,-8) (81,-3) (80,-3) 
(99,-5) (98,-4) (69,2) (13,6) (0,0) (97,-6) (78,0) (72,1) (96,-6) (79,-1) (95,-6) (94,-8) (81,-3) (80,-3) 
(99,-5) (98,-4) (69,2) (13,6) (0,0) (97,-6) (78,0) (72,1) (96,-6) (79,-1) (95,-6) (94,-8) (81,-3) (93,-8) (82,-5) (83,-6) (84,-5) (85,-6) (86,-7) (87,-7) (88,-8) (89,-7) (90,-7) (91,-8) (92,-8) 
TD 7 :
(99,-5) (98,-4) (69,2) (13,6) (0,0) (11,4) (2,-1) (1,-3) (4,0) (3,-1) (5,0) (10,1) (6,-1) (9,-1) (7,-2) (8,-3) 
(99,-5) (98,-4) (69,2) (13,6) (0,0) (15,5) (14,5) (16,4) (67,0) (25,3) (17,3) (24,2) (20,2) (19,2) (18,2) (21,1) (22,-1) 
(99,-5) (98,-4) (69,2) (13,6) (0,0) (15,5) (14,5) (16,4) (67,0) (25,3) (17,3) (24,2) (20,2) (19,2) (18,2) (21,1) (22,-1) (23,-1) 
(99,-5) (98,-4) (69,2) (13,6) (0,0) (15,5) (14,5) (16,4) (67,0) (25,3) (17,3) (66,0) (28,2) (27,2) (26,2) (65,0) (31,1) (29,1) (64,0) (32,-3) (33,-5) (34,-3) (35,-5) (36,-5) (37,-3) (38,-4) (39,-5) (40,-5) (41,-8) (42,-7) (43,-6) (44,-7) (45,-6) (46,-8) (47,-8) (48,-10) (49,-9) (50,-11) (51,-11) (52,-13) (53,-15) (54,-16) (55,-15) (56,-12) (57,-10) (58,-10) (59,-7) (60,-6) (61,-4) (62,-3) (63,-2) 
(99,-5) (98,-4) (69,2) (13,6) (0,0) (15,5) (14,5) (16,4) (67,0) (25,3) (17,3) (66,0) (28,2) (27,2) (26,2) (65,0) (31,1) (29,1) (64,0) 
(99,-5) (98,-4) (69,2) (13,6) (0,0) (97,-6) (78,0) (72,1) (96,-6) (79,-1) (95,-6) (94,-8) (81,-3) (93,-8) (92,-8) (90,-7) (84,-5) (82,-5) (83,-6) 
(99,-5) (98,-4) (69,2) (13,6) (0,0) (97,-6) (78,0) (72,1) (96,-6) (79,-1) (95,-6) (94,-8) (81,-3) (93,-8) (92,-8) (90,-7) (84,-5) (85,-6) (86,-7) (87,-7) (88,-8) (89,-7) 
(99,-5) (98,-4) (69,2) (13,6) (0,0) (97,-6) (78,0) (72,1) (96,-6) (79,-1) (95,-6) (94,-8) (81,-3) (93,-8) (92,-8) (90,-7) (84,-5) (91,-8) 
TD 8 :
(99,-5) (98,-4) (69,2) (13,6) (0,0) (15,5) (14,5) (16,4) (67,0) (25,3) (17,3) (24,2) (20,2) (19,2) (18,2) (21,1) (22,-1) (23,-1) 
(99,-5) (98,-4) (69,2) (13,6) (0,0) (97,-6) (78,0) (72,1) (96,-6) (79,-1) (95,-6) (94,-8) (81,-3) (93,-8) (92,-8) (90,-7) (84,-5) (82,-5) 
(99,-5) (98,-4) (69,2) (13,6) (0,0) (97,-6) (78,0) (72,1) (96,-6) (79,-1) (95,-6) (94,-8) (81,-3) (93,-8) (92,-8) (90,-7) (84,-5) (82,-5) (83,-6) 
(99,-5) (98,-4) (69,2) (13,6) (0,0) (97,-6) (78,0) (72,1) (96,-6) (79,-1) (95,-6) (94,-8) (81,-3) (93,-8) (92,-8) (90,-7) (84,-5) (89,-7) (85,-6) (86,-7) (87,-7) (88,-8) 
(99,-5) (98,-4) (69,2) (13,6) (0,0) (97,-6) (78,0) (72,1) (96,-6) (79,-1) (95,-6) (94,-8) (81,-3) (93,-8) (92,-8) (90,-7) (84,-5) (89,-7) 
(99,-5) (98,-4) (69,2) (13,6) (0,0) (97,-6) (78,0) (72,1) (96,-6) (79,-1) (95,-6) (94,-8) (81,-3) (93,-8) (92,-8) (90,-7) (84,-5) (91,-8) 
TD 9 :
(99,-5) (98,-4) (69,2) (13,6) (0,0) (97,-6) (78,0) (72,1) (96,-6) (79,-1) (95,-6) (94,-8) (81,-3) (93,-8) (92,-8) (90,-7) (84,-5) (89,-7) (88,-8) (87,-7) (85,-6) 
(99,-5) (98,-4) (69,2) (13,6) (0,0) (97,-6) (78,0) (72,1) (96,-6) (79,-1) (95,-6) (94,-8) (81,-3) (93,-8) (92,-8) (90,-7) (84,-5) (89,-7) (88,-8) (87,-7) (85,-6) (86,-7) 
(99,-5) (98,-4) (69,2) (13,6) (0,0) (97,-6) (78,0) (72,1) (96,-6) (79,-1) (95,-6) (94,-8) (81,-3) (93,-8) (92,-8) (90,-7) (84,-5) (89,-7) (88,-8) (87,-7) (85,-6) 
TD 10 :
(99,-5) (98,-4) (69,2) (13,6) (0,0) (97,-6) (78,0) (72,1) (96,-6) (79,-1) (95,-6) (94,-8) (81,-3) (93,-8) (92,-8) (90,-7) (84,-5) (89,-7) (88,-8) (87,-7) (85,-6) (86,-7) 
TD 11 :
TD 12 :
TD 13 :
TD 14 :
TD 15 :
TD 16 :
TD 17 :
TD 18 :
Pocket 0 :
()
Pocket 1 :
({  (0,0) ,(1,-3) } {  (12,4) ,(13,6) } {  (0,0) ,(1,-3) } {  (12,4) ,(13,6) } {  (0,0) ,(1,-3) } {  (12,4) ,(13,6) } {  (0,0) ,(1,-3) } {  (12,4) ,(13,6) } )
Pocket 2 :
({  (1,-3) ,(0,0) } {  (3,-1) ,(2,-1) } {  (1,-3) ,(0,0) } {  (3,-1) ,(2,-1) } {  (1,-3) ,(0,0) } {  (3,-1) ,(2,-1) } {  (15,5) ,(14,5) } {  (15,5) ,(14,5) } {  (15,5) ,(14,5) } {  (73,-1) ,(72,1) } {  (73,-1) ,(72,1) } {  (73,-1) ,(72,1) } )
Pocket 3 :
({  (3,-1) ,(1,-3) } {  (5,0) ,(4,0) } {  (3,-1) ,(1,-3) } {  (5,0) ,(4,0) } {  (99,-5) ,(12,4) } {  (99,-5) ,(12,4) } {  (17,3) ,(16,4) } {  (17,3) ,(16,4) } {  (71,-1) ,(70,1) } {  (71,-1) ,(70,1) } {  (80,-3) ,(79,-1) } {  (80,-3) ,(79,-1) } )
Pocket 4 :
({  (5,0) ,(3,-1) } {  (18,2) ,(17,3) } {  (18,2) ,(17,3) } {  (18,2) ,(17,3) } {  (18,2) ,(17,3) } {  (99,-5) ,(95,-6) } )
Pocket 5 :
({  (6,-1) ,(5,0) } {  (99,-5) ,(10,1) } {  (6,-1) ,(5,0) } {  (99,-5) ,(10,1) } {  (19,2) ,(18,2) } {  (19,2) ,(18,2) } {  (19,2) ,(18,2) } {  (19,2) ,(18,2) } {  (19,2) ,(18,2) } {  (27,2) ,(26,2) } {  (27,2) ,(26,2) } {  (27,2) ,(26,2) } {  (27,2) ,(26,2) } {  (27,2) ,(26,2) } {  (82,-5) ,(81,-3) } {  (82,-5) ,(81,-3) } )
Pocket 6 :
({  (7,-2) ,(6,-1) } {  (99,-5) ,(9,-1) } {  (7,-2) ,(6,-1) } {  (99,-5) ,(9,-1) } {  (22,-1) ,(21,1) } {  (22,-1) ,(21,1) } {  (30,-1) ,(29,1) } {  (30,-1) ,(29,1) } {  (30,-1) ,(29,1) } {  (30,-1) ,(29,1) } {  (99,-5) ,(80,-3) } {  (99,-5) ,(80,-3) } {  (99,-5) ,(93,-8) } )
Pocket 7 :
({  (8,-3) ,(7,-2) } {  (23,-1) ,(22,-1) } {  (23,-1) ,(22,-1) } {  (99,-5) ,(64,0) } {  (99,-5) ,(64,0) } {  (85,-6) ,(84,-5) } {  (85,-6) ,(84,-5) } {  (85,-6) ,(84,-5) } )
Pocket 8 :
({  (23,-1) ,(22,-1) } {  (83,-6) ,(82,-5) } {  (83,-6) ,(82,-5) } {  (99,-5) ,(89,-7) } {  (99,-5) ,(89,-7) } {  (99,-5) ,(91,-8) } )
Pocket 9 :
({  (86,-7) ,(85,-6) } {  (86,-7) ,(85,-6) } {  (86,-7) ,(85,-6) } )
Pocket 10 :
({  (99,-5) ,(86,-7) } )
Pocket 11 :
()
Pocket 12 :
()
Pocket 13 :
()
Pocket 14 :
()
Pocket 15 :
()
Pocket 16 :
()
Pocket 17 :
()
