112 layers in onion peeling: 
Layer 1
(999,48) (998,49) (997,50) (191,128) (120,114) (87,92) (18,24) (0,-1) 
Layer 2
(996,38) (991,41) (199,127) (192,127) (119,106) (86,89) (21,24) (1,-6) 
Layer 3
(995,36) (993,39) (190,126) (168,120) (121,106) (84,85) (24,26) (6,1) (2,-7) 
Layer 4
(994,31) (992,38) (990,39) (189,124) (186,124) (166,119) (117,101) (88,87) (23,24) (20,20) (14,12) (3,-8) 
Layer 5
(989,37) (983,38) (814,57) (188,123) (178,121) (167,118) (123,101) (118,99) (89,86) (85,83) (82,80) (80,78) (15,12) (12,8) (7,-1) (5,-6) (4,-14) 
Layer 6
(988,35) (987,37) (185,122) (184,122) (156,113) (122,100) (91,85) (83,80) (16,12) (13,7) (8,-3) 
Layer 7
(986,35) (985,37) (976,38) (210,119) (200,120) (187,121) (114,95) (97,85) (92,82) (79,73) (25,21) (17,12) (11,0) (10,-3) (9,-7) 
Layer 8
(984,35) (981,37) (203,119) (183,119) (112,93) (78,70) (22,17) (19,14) 
Layer 9
(982,35) (980,36) (209,118) (204,118) (198,118) (182,116) (157,108) (115,94) (111,92) (90,78) (81,72) (26,16) 
Layer 10
(979,35) (212,116) (202,117) (193,117) (181,115) (177,114) (126,96) (113,90) (98,83) (93,79) (77,64) (27,16) 
Layer 11
(978,30) (816,51) (750,59) (211,116) (195,115) (169,111) (116,91) (103,85) (76,62) (28,9) 
Layer 12
(977,30) (751,58) (208,115) (201,115) (194,114) (175,111) (161,107) (102,83) (94,77) (58,41) (29,5) 
Layer 13
(975,29) (815,49) (205,113) (197,113) (165,108) (162,107) (101,82) (74,56) (30,4) 
Layer 14
(974,29) (809,49) (196,112) (176,109) (158,105) (109,85) (100,80) (75,56) (57,34) (32,3) (31,-2) 
Layer 15
(973,26) (813,45) (731,54) (213,109) (207,109) (180,109) (172,107) (155,101) (139,95) (110,84) (99,78) (96,76) (73,53) (33,4) 
Layer 16
(972,23) (971,24) (852,40) (749,52) (221,107) (179,107) (163,102) (124,89) (107,82) (105,81) (95,73) (71,47) (59,33) (34,0) 
Layer 17
(970,16) (947,24) (807,45) (274,101) (220,106) (219,106) (218,106) (214,106) (206,106) (174,105) (125,88) (106,81) (104,80) (68,43) (61,35) (35,-1) 
Layer 18
(969,8) (966,15) (963,18) (946,24) (812,44) (276,100) (217,105) (216,105) (171,102) (164,101) (160,100) (154,98) (108,81) (72,47) (60,32) (36,-9) 
Layer 19
(968,8) (967,11) (965,13) (958,19) (851,38) (808,44) (714,54) (275,98) (215,104) (170,101) (151,96) (138,91) (128,87) (70,42) (62,34) (56,25) (37,-13) 
Layer 20
(964,10) (959,18) (856,37) (805,44) (740,51) (711,54) (277,97) (173,101) (148,93) (127,86) (67,37) (64,33) (54,17) (39,-12) (38,-17) 
Layer 21
(962,13) (961,14) (948,17) (854,36) (817,42) (804,44) (747,50) (289,94) (159,96) (140,90) (129,85) (69,37) (63,31) (55,18) (49,6) (40,-12) 
Layer 22
(960,10) (957,12) (950,16) (887,29) (857,35) (819,41) (806,43) (713,53) (288,94) (287,94) (278,94) (153,94) (130,85) (66,28) (53,12) (51,9) (50,7) (43,-10) (41,-21) 
Layer 23
(956,11) (949,15) (858,34) (746,49) (738,50) (712,53) (291,92) (280,93) (222,93) (152,91) (132,85) (65,26) (48,1) (45,-7) (42,-18) 
Layer 24
(955,10) (951,13) (855,34) (849,35) (818,39) (739,49) (708,52) (279,91) (273,91) (149,88) (131,84) (52,5) (47,-3) (44,-11) 
Layer 25
(954,5) (953,10) (945,13) (942,14) (897,24) (859,31) (853,32) (811,39) (748,47) (732,49) (705,52) (292,89) (145,86) (134,83) (46,-11) 
Layer 26
(952,5) (944,12) (886,26) (821,37) (710,51) (296,87) (281,88) (146,85) (141,84) (135,82) (133,76) 
Layer 27
(943,9) (940,12) (912,19) (860,30) (850,32) (755,45) (701,51) (295,86) (290,86) (147,84) (142,83) (137,79) (136,78) 
Layer 28
(941,8) (939,11) (910,19) (888,24) (848,32) (741,46) (733,47) (286,85) (283,85) (272,85) (150,84) (143,83) 
Layer 29
(938,8) (933,10) (909,19) (820,33) (737,46) (730,47) (297,83) (282,84) (144,83) 
Layer 30
(937,6) (935,8) (934,9) (901,19) (810,34) (736,46) (702,49) (690,50) (293,83) (223,83) 
Layer 31
(936,5) (906,17) (902,18) (742,45) (735,46) (284,82) (224,79) 
Layer 32
(932,1) (913,13) (908,16) (900,18) (896,19) (758,42) (728,46) (703,48) (285,80) (225,76) 
Layer 33
(931,-5) (930,-3) (911,12) (905,15) (863,23) (752,42) (745,43) (727,45) (716,46) (704,47) (322,77) (271,79) (235,72) (226,70) 
Layer 34
(929,-6) (927,-2) (926,0) (907,13) (898,16) (753,41) (709,46) (700,47) (294,78) (227,69) 
Layer 35
(928,-7) (914,6) (903,13) (899,15) (885,18) (763,39) (734,43) (319,76) (300,77) (228,69) 
Layer 36
(925,-8) (915,1) (895,14) (862,21) (759,39) (715,44) (318,76) (301,75) (268,72) (230,67) (229,65) 
Layer 37
(924,-9) (921,-6) (904,8) (889,15) (843,24) (757,39) (689,46) (321,74) (317,74) (314,74) (270,72) (232,66) (231,62) 
Layer 38
(923,-11) (920,-7) (893,12) (884,14) (861,19) (822,27) (756,39) (707,44) (316,73) (315,73) (307,73) (305,73) (304,73) (298,73) (263,70) (233,66) 
Layer 39
(922,-10) (894,9) (883,14) (803,30) (762,37) (722,42) (706,44) (323,72) (306,72) (246,66) (236,63) (234,60) 
Layer 40
(919,-15) (918,-9) (892,9) (865,17) (825,25) (764,35) (743,38) (694,44) (324,71) (312,71) (267,68) (247,66) (237,47) 
Layer 41
(917,-12) (916,-8) (890,9) (880,12) (844,21) (754,36) (729,39) (308,70) (303,70) (299,70) (261,65) (245,61) (238,43) 
Layer 42
(891,6) (877,11) (864,15) (823,23) (802,27) (744,37) (320,69) (302,69) (269,65) (255,62) (251,61) (239,40) 
Layer 43
(882,5) (881,9) (847,18) (826,22) (725,38) (717,39) (313,68) (309,68) (260,62) (249,57) (240,39) 
Layer 44
(879,9) (845,18) (824,22) (720,38) (311,66) (262,62) (254,59) (250,55) (248,52) (244,46) (241,34) 
Layer 45
(878,5) (876,9) (866,12) (846,17) (793,26) (760,31) (718,37) (686,40) (310,64) (266,62) (253,55) (252,54) (243,39) (242,33) 
Layer 46
(875,5) (842,17) (839,18) (795,25) (721,36) (692,39) (326,62) (259,58) (258,57) (256,54) 
Layer 47
(874,4) (794,24) (697,38) (325,61) (264,57) (257,55) 
Layer 48
(873,-1) (867,4) (841,12) (796,23) (761,28) (726,33) (688,38) (327,54) (265,52) 
Layer 49
(872,-3) (838,12) (827,15) (801,21) (766,27) (723,33) (687,37) (328,52) 
Layer 50
(871,-13) (869,-9) (868,-8) (840,11) (832,13) (797,21) (724,32) (699,35) (685,36) (417,42) (331,42) (329,42) 
Layer 51
(870,-14) (833,11) (791,21) (767,25) (693,35) (416,40) (330,37) 
Layer 52
(837,2) (836,7) (834,9) (830,10) (765,24) (691,35) (419,39) (332,31) 
Layer 53
(835,4) (831,7) (828,9) (799,16) (695,34) (635,35) (441,38) (418,37) (334,31) (333,24) 
Layer 54
(829,6) (792,17) (719,29) (698,31) (420,37) (335,28) 
Layer 55
(800,12) (798,13) (769,19) (696,31) (641,32) (445,35) (444,35) (443,35) (442,35) (365,30) (336,17) 
Layer 56
(790,14) (787,15) (781,16) (774,17) (684,28) (440,34) (421,33) (366,30) (347,19) (337,12) 
Layer 57
(789,14) (784,15) (768,17) (643,28) (422,32) (415,32) (364,25) (348,19) (338,9) 
Layer 58
(788,9) (783,14) (773,15) (683,24) (639,28) (414,30) (363,23) (354,20) (349,18) (345,15) (343,12) (341,8) (339,3) 
Layer 59
(786,7) (785,10) (782,11) (770,14) (637,28) (439,29) (413,27) (367,21) (346,15) (342,9) (340,3) 
Layer 60
(780,10) (772,11) (636,28) (634,28) (446,28) (412,26) (355,17) (344,11) 
Layer 61
(779,5) (778,7) (775,9) (642,27) (451,27) (362,18) (351,14) (350,11) 
Layer 62
(777,4) (776,7) (771,8) (640,26) (450,26) (437,25) (424,24) (352,14) 
Layer 63
(682,17) (638,25) (633,25) (454,25) (447,25) (438,25) (425,24) (353,14) 
Layer 64
(681,13) (679,15) (645,22) (629,23) (628,23) (449,23) (436,23) (410,21) (361,14) (356,12) 
Layer 65
(680,7) (678,9) (646,20) (452,22) (411,21) (369,14) (357,12) 
Layer 66
(677,7) (670,10) (644,20) (465,20) (423,20) (360,12) (358,9) 
Layer 67
(676,4) (675,6) (674,8) (647,15) (630,19) (453,19) (427,17) (371,12) (359,9) 
Layer 68
(673,1) (671,7) (652,13) (632,17) (448,18) (372,12) (368,10) 
Layer 69
(672,3) (669,5) (649,13) (620,17) (428,16) (373,11) (370,6) 
Layer 70
(668,4) (653,11) (650,12) (627,16) (626,16) (469,16) (467,16) (426,15) (374,9) 
Layer 71
(667,3) (648,10) (631,12) (615,13) (470,15) (435,14) (409,13) (384,10) (375,7) 
Layer 72
(666,0) (665,3) (657,5) (617,12) (468,14) (464,14) (459,14) (455,14) (408,12) (391,10) (376,2) 
Layer 73
(664,-3) (654,5) (614,12) (466,13) (390,8) (386,6) (377,-2) 
Layer 74
(663,-13) (658,-1) (656,2) (621,10) (463,12) (456,12) (406,9) (387,5) (383,3) (380,-1) (378,-6) 
Layer 75
(662,-18) (659,-8) (655,-2) (651,3) (616,10) (458,11) (457,11) (407,9) (388,5) (381,0) (379,-10) 
Layer 76
(661,-19) (660,-15) (625,7) (618,9) (462,10) (399,7) (393,6) (389,5) (382,-4) 
Layer 77
(624,-7) (622,3) (613,8) (471,9) (402,7) (397,6) (392,5) (385,-3) 
Layer 78
(623,-5) (619,4) (460,8) (429,7) (400,5) (394,-1) 
Layer 79
(612,4) (461,6) (405,5) (401,4) (398,2) (396,-1) (395,-9) 
Layer 80
(611,-2) (434,5) (403,0) 
Layer 81
(610,-6) (433,1) (404,-1) 
Layer 82
(609,-8) (608,-7) (430,0) 
Layer 83
(607,-17) (472,-2) (432,-2) (431,-5) 
Layer 84
(606,-24) (605,-23) (473,-7) 
Layer 85
(604,-29) (590,-26) (498,-12) (474,-9) 
Layer 86
(603,-31) (476,-11) (475,-11) 
Layer 87
(602,-46) (601,-42) (589,-30) (499,-16) (477,-16) 
Layer 88
(600,-49) (597,-40) (595,-38) (592,-35) (591,-34) (497,-17) (480,-18) (478,-21) 
Layer 89
(599,-47) (596,-42) (593,-40) (496,-19) (494,-19) (479,-20) 
Layer 90
(598,-51) (594,-43) (585,-39) (492,-20) (481,-22) 
Layer 91
(588,-45) (582,-41) (511,-24) (500,-22) (489,-22) (482,-25) 
Layer 92
(587,-45) (586,-44) (508,-24) (490,-23) (484,-33) (483,-38) 
Layer 93
(584,-44) (510,-25) (501,-24) (493,-25) (487,-30) (485,-33) 
Layer 94
(583,-46) (512,-27) (495,-25) (491,-27) (488,-30) (486,-33) 
Layer 95
(581,-48) (513,-28) (502,-32) 
Layer 96
(580,-51) (509,-30) (507,-33) (504,-41) (503,-47) 
Layer 97
(579,-51) (514,-34) (506,-38) (505,-48) 
Layer 98
(578,-55) (577,-53) (516,-35) (515,-39) 
Layer 99
(576,-62) (575,-61) (573,-59) (517,-43) 
Layer 100
(574,-64) (569,-61) (524,-46) (518,-50) 
Layer 101
(572,-68) (570,-63) (546,-54) (519,-51) 
Layer 102
(571,-71) (566,-64) (552,-60) (545,-58) (522,-52) (520,-56) 
Layer 103
(568,-67) (564,-65) (553,-62) (523,-54) (521,-56) 
Layer 104
(567,-70) (565,-67) (550,-62) (525,-56) 
Layer 105
(563,-67) (554,-64) (551,-63) (548,-62) (547,-62) (526,-67) 
Layer 106
(562,-70) (560,-67) (544,-64) (532,-66) (527,-70) 
Layer 107
(561,-71) (549,-65) (534,-66) (530,-69) (528,-73) 
Layer 108
(559,-72) (543,-68) (531,-69) (529,-73) 
Layer 109
(558,-73) (535,-69) (533,-69) 
Layer 110
(557,-74) (541,-72) (536,-74) 
Layer 111
(556,-74) (542,-73) (537,-78) 
Layer 112
(555,-75) (540,-83) (538,-87) 
---------------------------------------------------------------------------------------
TD 0 :
(999,48) (998,49) (997,50) (996,38) (995,36) (994,31) (993,39) (992,38) (991,41) (990,39) (989,37) (988,35) (987,37) (986,35) (985,37) (984,35) (983,38) (982,35) (981,37) (980,36) (979,35) (978,30) (977,30) (976,38) (975,29) (974,29) (973,26) (972,23) (971,24) (970,16) (969,8) (968,8) (967,11) (966,15) (965,13) (964,10) (963,18) (962,13) (961,14) (960,10) (959,18) (958,19) (957,12) (956,11) (955,10) (954,5) (953,10) (952,5) (951,13) (950,16) (949,15) (948,17) (947,24) (946,24) (945,13) (944,12) (943,9) (942,14) (941,8) (940,12) (939,11) (938,8) (937,6) (936,5) (935,8) (934,9) (933,10) (932,1) (931,-5) (930,-3) (929,-6) (928,-7) (927,-2) (926,0) (925,-8) (924,-9) (923,-11) (922,-10) (921,-6) (920,-7) (919,-15) (918,-9) (917,-12) (916,-8) (915,1) (914,6) (913,13) (912,19) (911,12) (910,19) (909,19) (908,16) (907,13) (906,17) (905,15) (904,8) (903,13) (902,18) (901,19) (900,18) (899,15) (898,16) (897,24) (896,19) (895,14) (894,9) (893,12) (892,9) (891,6) (890,9) (889,15) (888,24) (887,29) (886,26) (885,18) (884,14) (883,14) (882,5) (881,9) (880,12) (879,9) (878,5) (877,11) (876,9) (875,5) (874,4) (873,-1) (872,-3) (871,-13) (870,-14) (869,-9) (868,-8) (867,4) (866,12) (865,17) (864,15) (863,23) (862,21) (861,19) (860,30) (859,31) (858,34) (857,35) (856,37) (855,34) (854,36) (853,32) (852,40) (851,38) (850,32) (849,35) (848,32) (847,18) (846,17) (845,18) (844,21) (843,24) (842,17) (841,12) (840,11) (839,18) (838,12) (837,2) (836,7) (835,4) (834,9) (833,11) (832,13) (831,7) (830,10) (829,6) (828,9) (827,15) (826,22) (825,25) (824,22) (823,23) (822,27) (821,37) (820,33) (819,41) (818,39) (817,42) (816,51) (815,49) (814,57) (813,45) (812,44) (811,39) (810,34) (809,49) (808,44) (807,45) (806,43) (805,44) (804,44) (803,30) (802,27) (801,21) (800,12) (799,16) (798,13) (797,21) (796,23) (795,25) (794,24) (793,26) (792,17) (791,21) (790,14) (789,14) (788,9) (787,15) (786,7) (785,10) (784,15) (783,14) (782,11) (781,16) (780,10) (779,5) (778,7) (777,4) (776,7) (775,9) (774,17) (773,15) (772,11) (771,8) (770,14) (769,19) (768,17) (767,25) (766,27) (765,24) (764,35) (763,39) (762,37) (761,28) (760,31) (759,39) (758,42) (757,39) (756,39) (755,45) (754,36) (753,41) (752,42) (751,58) (750,59) (749,52) (748,47) (747,50) (746,49) (745,43) (744,37) (743,38) (742,45) (741,46) (740,51) (739,49) (738,50) (737,46) (736,46) (735,46) (734,43) (733,47) (732,49) (731,54) (730,47) (729,39) (728,46) (727,45) (726,33) (725,38) (724,32) (723,33) (722,42) (721,36) (720,38) (719,29) (718,37) (717,39) (716,46) (715,44) (714,54) (713,53) (712,53) (711,54) (710,51) (709,46) (708,52) (707,44) (706,44) (705,52) (704,47) (703,48) (702,49) (701,51) (700,47) (699,35) (698,31) (697,38) (696,31) (695,34) (694,44) (693,35) (692,39) (691,35) (690,50) (689,46) (688,38) (687,37) (686,40) (685,36) (684,28) (683,24) (682,17) (681,13) (680,7) (679,15) (678,9) (677,7) (676,4) (675,6) (674,8) (673,1) (672,3) (671,7) (670,10) (669,5) (668,4) (667,3) (666,0) (665,3) (664,-3) (663,-13) (662,-18) (661,-19) (660,-15) (659,-8) (658,-1) (657,5) (656,2) (655,-2) (654,5) (653,11) (652,13) (651,3) (650,12) (649,13) (648,10) (647,15) (646,20) (645,22) (644,20) (643,28) (642,27) (641,32) (640,26) (639,28) (638,25) (637,28) (636,28) (635,35) (634,28) (633,25) (632,17) (631,12) (630,19) (629,23) (628,23) (627,16) (626,16) (625,7) (624,-7) (623,-5) (622,3) (621,10) (620,17) (619,4) (618,9) (617,12) (616,10) (615,13) (614,12) (613,8) (612,4) (611,-2) (610,-6) (609,-8) (608,-7) (607,-17) (606,-24) (605,-23) (604,-29) (603,-31) (602,-46) (601,-42) (600,-49) (599,-47) (598,-51) (597,-40) (596,-42) (595,-38) (594,-43) (593,-40) (592,-35) (591,-34) (590,-26) (589,-30) (588,-45) (587,-45) (586,-44) (585,-39) (584,-44) (583,-46) (582,-41) (581,-48) (580,-51) (579,-51) (578,-55) (577,-53) (576,-62) (575,-61) (574,-64) (573,-59) (572,-68) (571,-71) (570,-63) (569,-61) (568,-67) (567,-70) (566,-64) (565,-67) (564,-65) (563,-67) (562,-70) (561,-71) (560,-67) (559,-72) (558,-73) (557,-74) (556,-74) (555,-75) (554,-64) (553,-62) (552,-60) (551,-63) (550,-62) (549,-65) (548,-62) (547,-62) (546,-54) (545,-58) (544,-64) (543,-68) (542,-73) (541,-72) (540,-83) (539,-86) (538,-87) (537,-78) (536,-74) (535,-69) (534,-66) (533,-69) (532,-66) (531,-69) (530,-69) (529,-73) (528,-73) (527,-70) (526,-67) (525,-56) (524,-46) (523,-54) (522,-52) (521,-56) (520,-56) (519,-51) (518,-50) (517,-43) (516,-35) (515,-39) (514,-34) (513,-28) (512,-27) (511,-24) (510,-25) (509,-30) (508,-24) (507,-33) (506,-38) (505,-48) (504,-41) (503,-47) (502,-32) (501,-24) (500,-22) (499,-16) (498,-12) (497,-17) (496,-19) (495,-25) (494,-19) (493,-25) (492,-20) (491,-27) (490,-23) (489,-22) (488,-30) (487,-30) (486,-33) (485,-33) (484,-33) (483,-38) (482,-25) (481,-22) (480,-18) (479,-20) (478,-21) (477,-16) (476,-11) (475,-11) (474,-9) (473,-7) (472,-2) (471,9) (470,15) (469,16) (468,14) (467,16) (466,13) (465,20) (464,14) (463,12) (462,10) (461,6) (460,8) (459,14) (458,11) (457,11) (456,12) (455,14) (454,25) (453,19) (452,22) (451,27) (450,26) (449,23) (448,18) (447,25) (446,28) (445,35) (444,35) (443,35) (442,35) (441,38) (440,34) (439,29) (438,25) (437,25) (436,23) (435,14) (434,5) (433,1) (432,-2) (431,-5) (430,0) (429,7) (428,16) (427,17) (426,15) (425,24) (424,24) (423,20) (422,32) (421,33) (420,37) (419,39) (418,37) (417,42) (416,40) (415,32) (414,30) (413,27) (412,26) (411,21) (410,21) (409,13) (408,12) (407,9) (406,9) (405,5) (404,-1) (403,0) (402,7) (401,4) (400,5) (399,7) (398,2) (397,6) (396,-1) (395,-9) (394,-1) (393,6) (392,5) (391,10) (390,8) (389,5) (388,5) (387,5) (386,6) (385,-3) (384,10) (383,3) (382,-4) (381,0) (380,-1) (379,-10) (378,-6) (377,-2) (376,2) (375,7) (374,9) (373,11) (372,12) (371,12) (370,6) (369,14) (368,10) (367,21) (366,30) (365,30) (364,25) (363,23) (362,18) (361,14) (360,12) (359,9) (358,9) (357,12) (356,12) (355,17) (354,20) (353,14) (352,14) (351,14) (350,11) (349,18) (348,19) (347,19) (346,15) (345,15) (344,11) (343,12) (342,9) (341,8) (340,3) (339,3) (338,9) (337,12) (336,17) (335,28) (334,31) (333,24) (332,31) (331,42) (330,37) (329,42) (328,52) (327,54) (326,62) (325,61) (324,71) (323,72) (322,77) (321,74) (320,69) (319,76) (318,76) (317,74) (316,73) (315,73) (314,74) (313,68) (312,71) (311,66) (310,64) (309,68) (308,70) (307,73) (306,72) (305,73) (304,73) (303,70) (302,69) (301,75) (300,77) (299,70) (298,73) (297,83) (296,87) (295,86) (294,78) (293,83) (292,89) (291,92) (290,86) (289,94) (288,94) (287,94) (286,85) (285,80) (284,82) (283,85) (282,84) (281,88) (280,93) (279,91) (278,94) (277,97) (276,100) (275,98) (274,101) (273,91) (272,85) (271,79) (270,72) (269,65) (268,72) (267,68) (266,62) (265,52) (264,57) (263,70) (262,62) (261,65) (260,62) (259,58) (258,57) (257,55) (256,54) (255,62) (254,59) (253,55) (252,54) (251,61) (250,55) (249,57) (248,52) (247,66) (246,66) (245,61) (244,46) (243,39) (242,33) (241,34) (240,39) (239,40) (238,43) (237,47) (236,63) (235,72) (234,60) (233,66) (232,66) (231,62) (230,67) (229,65) (228,69) (227,69) (226,70) (225,76) (224,79) (223,83) (222,93) (221,107) (220,106) (219,106) (218,106) (217,105) (216,105) (215,104) (214,106) (213,109) (212,116) (211,116) (210,119) (209,118) (208,115) (207,109) (206,106) (205,113) (204,118) (203,119) (202,117) (201,115) (200,120) (199,127) (198,118) (197,113) (196,112) (195,115) (194,114) (193,117) (192,127) (191,128) (190,126) (189,124) (188,123) (187,121) (186,124) (185,122) (184,122) (183,119) (182,116) (181,115) (180,109) (179,107) (178,121) (177,114) (176,109) (175,111) (174,105) (173,101) (172,107) (171,102) (170,101) (169,111) (168,120) (167,118) (166,119) (165,108) (164,101) (163,102) (162,107) (161,107) (160,100) (159,96) (158,105) (157,108) (156,113) (155,101) (154,98) (153,94) (152,91) (151,96) (150,84) (149,88) (148,93) (147,84) (146,85) (145,86) (144,83) (143,83) (142,83) (141,84) (140,90) (139,95) (138,91) (137,79) (136,78) (135,82) (134,83) (133,76) (132,85) (131,84) (130,85) (129,85) (128,87) (127,86) (126,96) (125,88) (124,89) (123,101) (122,100) (121,106) (120,114) (119,106) (118,99) (117,101) (116,91) (115,94) (114,95) (113,90) (112,93) (111,92) (110,84) (109,85) (108,81) (107,82) (106,81) (105,81) (104,80) (103,85) (102,83) (101,82) (100,80) (99,78) (98,83) (97,85) (96,76) (95,73) (94,77) (93,79) (92,82) (91,85) (90,78) (89,86) (88,87) (87,92) (86,89) (85,83) (84,85) (83,80) (82,80) (81,72) (80,78) (79,73) (78,70) (77,64) (76,62) (75,56) (74,56) (73,53) (72,47) (71,47) (70,42) (69,37) (68,43) (67,37) (66,28) (65,26) (64,33) (63,31) (62,34) (61,35) (60,32) (59,33) (58,41) (57,34) (56,25) (55,18) (54,17) (53,12) (52,5) (51,9) (50,7) (49,6) (48,1) (47,-3) (46,-11) (45,-7) (44,-11) (43,-10) (42,-18) (41,-21) (40,-12) (39,-12) (38,-17) (37,-13) (36,-9) (35,-1) (34,0) (33,4) (32,3) (31,-2) (30,4) (29,5) (28,9) (27,16) (26,16) (25,21) (24,26) (23,24) (22,17) (21,24) (20,20) (19,14) (18,24) (17,12) (16,12) (15,12) (14,12) (13,7) (12,8) (11,0) (10,-3) (9,-7) (8,-3) (7,-1) (6,1) (5,-6) (4,-14) (3,-8) (2,-7) (1,-6) (0,-1) 
TD 1 :
(999,48) (998,49) (997,50) (191,128) (120,114) (87,92) (18,24) (0,-1) (1,-6) (2,-7) (3,-8) (4,-14) (5,-6) (6,1) (7,-1) (8,-3) (9,-7) (10,-3) (11,0) (12,8) (13,7) (14,12) (15,12) (16,12) (17,12) 
(999,48) (998,49) (997,50) (191,128) (120,114) (87,92) (18,24) (0,-1) (19,14) (20,20) (21,24) (22,17) (23,24) (24,26) (25,21) (26,16) (27,16) (28,9) (29,5) (30,4) (31,-2) (32,3) (33,4) (34,0) (35,-1) (36,-9) (37,-13) (38,-17) (39,-12) (40,-12) (41,-21) (42,-18) (43,-10) (44,-11) (45,-7) (46,-11) (47,-3) (48,1) (49,6) (50,7) (51,9) (52,5) (53,12) (54,17) (55,18) (56,25) (57,34) (58,41) (59,33) (60,32) (61,35) (62,34) (63,31) (64,33) (65,26) (66,28) (67,37) (68,43) (69,37) (70,42) (71,47) (72,47) (73,53) (74,56) (75,56) (76,62) (77,64) (78,70) (79,73) (80,78) (81,72) (82,80) (83,80) (84,85) (85,83) (86,89) 
(999,48) (998,49) (997,50) (191,128) (120,114) (87,92) (18,24) (0,-1) (88,87) (89,86) (90,78) (91,85) (92,82) (93,79) (94,77) (95,73) (96,76) (97,85) (98,83) (99,78) (100,80) (101,82) (102,83) (103,85) (104,80) (105,81) (106,81) (107,82) (108,81) (109,85) (110,84) (111,92) (112,93) (113,90) (114,95) (115,94) (116,91) (117,101) (118,99) (119,106) 
(999,48) (998,49) (997,50) (191,128) (120,114) (87,92) (18,24) (0,-1) (121,106) (122,100) (123,101) (124,89) (125,88) (126,96) (127,86) (128,87) (129,85) (130,85) (131,84) (132,85) (133,76) (134,83) (135,82) (136,78) (137,79) (138,91) (139,95) (140,90) (141,84) (142,83) (143,83) (144,83) (145,86) (146,85) (147,84) (148,93) (149,88) (150,84) (151,96) (152,91) (153,94) (154,98) (155,101) (156,113) (157,108) (158,105) (159,96) (160,100) (161,107) (162,107) (163,102) (164,101) (165,108) (166,119) (167,118) (168,120) (169,111) (170,101) (171,102) (172,107) (173,101) (174,105) (175,111) (176,109) (177,114) (178,121) (179,107) (180,109) (181,115) (182,116) (183,119) (184,122) (185,122) (186,124) (187,121) (188,123) (189,124) (190,126) 
(999,48) (998,49) (997,50) (191,128) (120,114) (87,92) (18,24) (0,-1) (192,127) (193,117) (194,114) (195,115) (196,112) (197,113) (198,118) (199,127) (200,120) (201,115) (202,117) (203,119) (204,118) (205,113) (206,106) (207,109) (208,115) (209,118) (210,119) (211,116) (212,116) (213,109) (214,106) (215,104) (216,105) (217,105) (218,106) (219,106) (220,106) (221,107) (222,93) (223,83) (224,79) (225,76) (226,70) (227,69) (228,69) (229,65) (230,67) (231,62) (232,66) (233,66) (234,60) (235,72) (236,63) (237,47) (238,43) (239,40) (240,39) (241,34) (242,33) (243,39) (244,46) (245,61) (246,66) (247,66) (248,52) (249,57) (250,55) (251,61) (252,54) (253,55) (254,59) (255,62) (256,54) (257,55) (258,57) (259,58) (260,62) (261,65) (262,62) (263,70) (264,57) (265,52) (266,62) (267,68) (268,72) (269,65) (270,72) (271,79) (272,85) (273,91) (274,101) (275,98) (276,100) (277,97) (278,94) (279,91) (280,93) (281,88) (282,84) (283,85) (284,82) (285,80) (286,85) (287,94) (288,94) (289,94) (290,86) (291,92) (292,89) (293,83) (294,78) (295,86) (296,87) (297,83) (298,73) (299,70) (300,77) (301,75) (302,69) (303,70) (304,73) (305,73) (306,72) (307,73) (308,70) (309,68) (310,64) (311,66) (312,71) (313,68) (314,74) (315,73) (316,73) (317,74) (318,76) (319,76) (320,69) (321,74) (322,77) (323,72) (324,71) (325,61) (326,62) (327,54) (328,52) (329,42) (330,37) (331,42) (332,31) (333,24) (334,31) (335,28) (336,17) (337,12) (338,9) (339,3) (340,3) (341,8) (342,9) (343,12) (344,11) (345,15) (346,15) (347,19) (348,19) (349,18) (350,11) (351,14) (352,14) (353,14) (354,20) (355,17) (356,12) (357,12) (358,9) (359,9) (360,12) (361,14) (362,18) (363,23) (364,25) (365,30) (366,30) (367,21) (368,10) (369,14) (370,6) (371,12) (372,12) (373,11) (374,9) (375,7) (376,2) (377,-2) (378,-6) (379,-10) (380,-1) (381,0) (382,-4) (383,3) (384,10) (385,-3) (386,6) (387,5) (388,5) (389,5) (390,8) (391,10) (392,5) (393,6) (394,-1) (395,-9) (396,-1) (397,6) (398,2) (399,7) (400,5) (401,4) (402,7) (403,0) (404,-1) (405,5) (406,9) (407,9) (408,12) (409,13) (410,21) (411,21) (412,26) (413,27) (414,30) (415,32) (416,40) (417,42) (418,37) (419,39) (420,37) (421,33) (422,32) (423,20) (424,24) (425,24) (426,15) (427,17) (428,16) (429,7) (430,0) (431,-5) (432,-2) (433,1) (434,5) (435,14) (436,23) (437,25) (438,25) (439,29) (440,34) (441,38) (442,35) (443,35) (444,35) (445,35) (446,28) (447,25) (448,18) (449,23) (450,26) (451,27) (452,22) (453,19) (454,25) (455,14) (456,12) (457,11) (458,11) (459,14) (460,8) (461,6) (462,10) (463,12) (464,14) (465,20) (466,13) (467,16) (468,14) (469,16) (470,15) (471,9) (472,-2) (473,-7) (474,-9) (475,-11) (476,-11) (477,-16) (478,-21) (479,-20) (480,-18) (481,-22) (482,-25) (483,-38) (484,-33) (485,-33) (486,-33) (487,-30) (488,-30) (489,-22) (490,-23) (491,-27) (492,-20) (493,-25) (494,-19) (495,-25) (496,-19) (497,-17) (498,-12) (499,-16) (500,-22) (501,-24) (502,-32) (503,-47) (504,-41) (505,-48) (506,-38) (507,-33) (508,-24) (509,-30) (510,-25) (511,-24) (512,-27) (513,-28) (514,-34) (515,-39) (516,-35) (517,-43) (518,-50) (519,-51) (520,-56) (521,-56) (522,-52) (523,-54) (524,-46) (525,-56) (526,-67) (527,-70) (528,-73) (529,-73) (530,-69) (531,-69) (532,-66) (533,-69) (534,-66) (535,-69) (536,-74) (537,-78) (538,-87) (539,-86) (540,-83) (541,-72) (542,-73) (543,-68) (544,-64) (545,-58) (546,-54) (547,-62) (548,-62) (549,-65) (550,-62) (551,-63) (552,-60) (553,-62) (554,-64) (555,-75) (556,-74) (557,-74) (558,-73) (559,-72) (560,-67) (561,-71) (562,-70) (563,-67) (564,-65) (565,-67) (566,-64) (567,-70) (568,-67) (569,-61) (570,-63) (571,-71) (572,-68) (573,-59) (574,-64) (575,-61) (576,-62) (577,-53) (578,-55) (579,-51) (580,-51) (581,-48) (582,-41) (583,-46) (584,-44) (585,-39) (586,-44) (587,-45) (588,-45) (589,-30) (590,-26) (591,-34) (592,-35) (593,-40) (594,-43) (595,-38) (596,-42) (597,-40) (598,-51) (599,-47) (600,-49) (601,-42) (602,-46) (603,-31) (604,-29) (605,-23) (606,-24) (607,-17) (608,-7) (609,-8) (610,-6) (611,-2) (612,4) (613,8) (614,12) (615,13) (616,10) (617,12) (618,9) (619,4) (620,17) (621,10) (622,3) (623,-5) (624,-7) (625,7) (626,16) (627,16) (628,23) (629,23) (630,19) (631,12) (632,17) (633,25) (634,28) (635,35) (636,28) (637,28) (638,25) (639,28) (640,26) (641,32) (642,27) (643,28) (644,20) (645,22) (646,20) (647,15) (648,10) (649,13) (650,12) (651,3) (652,13) (653,11) (654,5) (655,-2) (656,2) (657,5) (658,-1) (659,-8) (660,-15) (661,-19) (662,-18) (663,-13) (664,-3) (665,3) (666,0) (667,3) (668,4) (669,5) (670,10) (671,7) (672,3) (673,1) (674,8) (675,6) (676,4) (677,7) (678,9) (679,15) (680,7) (681,13) (682,17) (683,24) (684,28) (685,36) (686,40) (687,37) (688,38) (689,46) (690,50) (691,35) (692,39) (693,35) (694,44) (695,34) (696,31) (697,38) (698,31) (699,35) (700,47) (701,51) (702,49) (703,48) (704,47) (705,52) (706,44) (707,44) (708,52) (709,46) (710,51) (711,54) (712,53) (713,53) (714,54) (715,44) (716,46) (717,39) (718,37) (719,29) (720,38) (721,36) (722,42) (723,33) (724,32) (725,38) (726,33) (727,45) (728,46) (729,39) (730,47) (731,54) (732,49) (733,47) (734,43) (735,46) (736,46) (737,46) (738,50) (739,49) (740,51) (741,46) (742,45) (743,38) (744,37) (745,43) (746,49) (747,50) (748,47) (749,52) (750,59) (751,58) (752,42) (753,41) (754,36) (755,45) (756,39) (757,39) (758,42) (759,39) (760,31) (761,28) (762,37) (763,39) (764,35) (765,24) (766,27) (767,25) (768,17) (769,19) (770,14) (771,8) (772,11) (773,15) (774,17) (775,9) (776,7) (777,4) (778,7) (779,5) (780,10) (781,16) (782,11) (783,14) (784,15) (785,10) (786,7) (787,15) (788,9) (789,14) (790,14) (791,21) (792,17) (793,26) (794,24) (795,25) (796,23) (797,21) (798,13) (799,16) (800,12) (801,21) (802,27) (803,30) (804,44) (805,44) (806,43) (807,45) (808,44) (809,49) (810,34) (811,39) (812,44) (813,45) (814,57) (815,49) (816,51) (817,42) (818,39) (819,41) (820,33) (821,37) (822,27) (823,23) (824,22) (825,25) (826,22) (827,15) (828,9) (829,6) (830,10) (831,7) (832,13) (833,11) (834,9) (835,4) (836,7) (837,2) (838,12) (839,18) (840,11) (841,12) (842,17) (843,24) (844,21) (845,18) (846,17) (847,18) (848,32) (849,35) (850,32) (851,38) (852,40) (853,32) (854,36) (855,34) (856,37) (857,35) (858,34) (859,31) (860,30) (861,19) (862,21) (863,23) (864,15) (865,17) (866,12) (867,4) (868,-8) (869,-9) (870,-14) (871,-13) (872,-3) (873,-1) (874,4) (875,5) (876,9) (877,11) (878,5) (879,9) (880,12) (881,9) (882,5) (883,14) (884,14) (885,18) (886,26) (887,29) (888,24) (889,15) (890,9) (891,6) (892,9) (893,12) (894,9) (895,14) (896,19) (897,24) (898,16) (899,15) (900,18) (901,19) (902,18) (903,13) (904,8) (905,15) (906,17) (907,13) (908,16) (909,19) (910,19) (911,12) (912,19) (913,13) (914,6) (915,1) (916,-8) (917,-12) (918,-9) (919,-15) (920,-7) (921,-6) (922,-10) (923,-11) (924,-9) (925,-8) (926,0) (927,-2) (928,-7) (929,-6) (930,-3) (931,-5) (932,1) (933,10) (934,9) (935,8) (936,5) (937,6) (938,8) (939,11) (940,12) (941,8) (942,14) (943,9) (944,12) (945,13) (946,24) (947,24) (948,17) (949,15) (950,16) (951,13) (952,5) (953,10) (954,5) (955,10) (956,11) (957,12) (958,19) (959,18) (960,10) (961,14) (962,13) (963,18) (964,10) (965,13) (966,15) (967,11) (968,8) (969,8) (970,16) (971,24) (972,23) (973,26) (974,29) (975,29) (976,38) (977,30) (978,30) (979,35) (980,36) (981,37) (982,35) (983,38) (984,35) (985,37) (986,35) (987,37) (988,35) (989,37) (990,39) (991,41) (992,38) (993,39) (994,31) (995,36) (996,38) 
(999,48) (998,49) (997,50) (191,128) (120,114) (87,92) (18,24) (0,-1) 
(999,48) (998,49) (997,50) (191,128) (120,114) (87,92) (18,24) (0,-1) 
TD 2 :
(999,48) (998,49) (997,50) (191,128) (120,114) (87,92) (18,24) (0,-1) (1,-6) (2,-7) (3,-8) (4,-14) (5,-6) (6,1) (7,-1) (8,-3) (9,-7) (10,-3) (11,0) (12,8) (13,7) (14,12) (15,12) (16,12) (17,12) 
(999,48) (998,49) (997,50) (191,128) (120,114) (87,92) (18,24) (0,-1) (86,89) (21,24) (19,14) (20,20) 
(999,48) (998,49) (997,50) (191,128) (120,114) (87,92) (18,24) (0,-1) (86,89) (21,24) (22,17) (23,24) (24,26) (25,21) (26,16) (27,16) (28,9) (29,5) (30,4) (31,-2) (32,3) (33,4) (34,0) (35,-1) (36,-9) (37,-13) (38,-17) (39,-12) (40,-12) (41,-21) (42,-18) (43,-10) (44,-11) (45,-7) (46,-11) (47,-3) (48,1) (49,6) (50,7) (51,9) (52,5) (53,12) (54,17) (55,18) (56,25) (57,34) (58,41) (59,33) (60,32) (61,35) (62,34) (63,31) (64,33) (65,26) (66,28) (67,37) (68,43) (69,37) (70,42) (71,47) (72,47) (73,53) (74,56) (75,56) (76,62) (77,64) (78,70) (79,73) (80,78) (81,72) (82,80) (83,80) (84,85) (85,83) 
(999,48) (998,49) (997,50) (191,128) (120,114) (87,92) (18,24) (0,-1) (86,89) (21,24) 
(999,48) (998,49) (997,50) (191,128) (120,114) (87,92) (18,24) (0,-1) (119,106) (88,87) (89,86) (90,78) (91,85) (92,82) (93,79) (94,77) (95,73) (96,76) (97,85) (98,83) (99,78) (100,80) (101,82) (102,83) (103,85) (104,80) (105,81) (106,81) (107,82) (108,81) (109,85) (110,84) (111,92) (112,93) (113,90) (114,95) (115,94) (116,91) (117,101) (118,99) 
(999,48) (998,49) (997,50) (191,128) (120,114) (87,92) (18,24) (0,-1) (119,106) 
(999,48) (998,49) (997,50) (191,128) (120,114) (87,92) (18,24) (0,-1) (996,38) (991,41) (199,127) (192,127) 
(999,48) (998,49) (997,50) (191,128) (120,114) (87,92) (18,24) (0,-1) (996,38) (991,41) (199,127) (192,127) (193,117) (194,114) (195,115) (196,112) (197,113) (198,118) 
(999,48) (998,49) (997,50) (191,128) (120,114) (87,92) (18,24) (0,-1) (996,38) (991,41) (199,127) (192,127) (200,120) (201,115) (202,117) (203,119) (204,118) (205,113) (206,106) (207,109) (208,115) (209,118) (210,119) (211,116) (212,116) (213,109) (214,106) (215,104) (216,105) (217,105) (218,106) (219,106) (220,106) (221,107) (222,93) (223,83) (224,79) (225,76) (226,70) (227,69) (228,69) (229,65) (230,67) (231,62) (232,66) (233,66) (234,60) (235,72) (236,63) (237,47) (238,43) (239,40) (240,39) (241,34) (242,33) (243,39) (244,46) (245,61) (246,66) (247,66) (248,52) (249,57) (250,55) (251,61) (252,54) (253,55) (254,59) (255,62) (256,54) (257,55) (258,57) (259,58) (260,62) (261,65) (262,62) (263,70) (264,57) (265,52) (266,62) (267,68) (268,72) (269,65) (270,72) (271,79) (272,85) (273,91) (274,101) (275,98) (276,100) (277,97) (278,94) (279,91) (280,93) (281,88) (282,84) (283,85) (284,82) (285,80) (286,85) (287,94) (288,94) (289,94) (290,86) (291,92) (292,89) (293,83) (294,78) (295,86) (296,87) (297,83) (298,73) (299,70) (300,77) (301,75) (302,69) (303,70) (304,73) (305,73) (306,72) (307,73) (308,70) (309,68) (310,64) (311,66) (312,71) (313,68) (314,74) (315,73) (316,73) (317,74) (318,76) (319,76) (320,69) (321,74) (322,77) (323,72) (324,71) (325,61) (326,62) (327,54) (328,52) (329,42) (330,37) (331,42) (332,31) (333,24) (334,31) (335,28) (336,17) (337,12) (338,9) (339,3) (340,3) (341,8) (342,9) (343,12) (344,11) (345,15) (346,15) (347,19) (348,19) (349,18) (350,11) (351,14) (352,14) (353,14) (354,20) (355,17) (356,12) (357,12) (358,9) (359,9) (360,12) (361,14) (362,18) (363,23) (364,25) (365,30) (366,30) (367,21) (368,10) (369,14) (370,6) (371,12) (372,12) (373,11) (374,9) (375,7) (376,2) (377,-2) (378,-6) (379,-10) (380,-1) (381,0) (382,-4) (383,3) (384,10) (385,-3) (386,6) (387,5) (388,5) (389,5) (390,8) (391,10) (392,5) (393,6) (394,-1) (395,-9) (396,-1) (397,6) (398,2) (399,7) (400,5) (401,4) (402,7) (403,0) (404,-1) (405,5) (406,9) (407,9) (408,12) (409,13) (410,21) (411,21) (412,26) (413,27) (414,30) (415,32) (416,40) (417,42) (418,37) (419,39) (420,37) (421,33) (422,32) (423,20) (424,24) (425,24) (426,15) (427,17) (428,16) (429,7) (430,0) (431,-5) (432,-2) (433,1) (434,5) (435,14) (436,23) (437,25) (438,25) (439,29) (440,34) (441,38) (442,35) (443,35) (444,35) (445,35) (446,28) (447,25) (448,18) (449,23) (450,26) (451,27) (452,22) (453,19) (454,25) (455,14) (456,12) (457,11) (458,11) (459,14) (460,8) (461,6) (462,10) (463,12) (464,14) (465,20) (466,13) (467,16) (468,14) (469,16) (470,15) (471,9) (472,-2) (473,-7) (474,-9) (475,-11) (476,-11) (477,-16) (478,-21) (479,-20) (480,-18) (481,-22) (482,-25) (483,-38) (484,-33) (485,-33) (486,-33) (487,-30) (488,-30) (489,-22) (490,-23) (491,-27) (492,-20) (493,-25) (494,-19) (495,-25) (496,-19) (497,-17) (498,-12) (499,-16) (500,-22) (501,-24) (502,-32) (503,-47) (504,-41) (505,-48) (506,-38) (507,-33) (508,-24) (509,-30) (510,-25) (511,-24) (512,-27) (513,-28) (514,-34) (515,-39) (516,-35) (517,-43) (518,-50) (519,-51) (520,-56) (521,-56) (522,-52) (523,-54) (524,-46) (525,-56) (526,-67) (527,-70) (528,-73) (529,-73) (530,-69) (531,-69) (532,-66) (533,-69) (534,-66) (535,-69) (536,-74) (537,-78) (538,-87) (539,-86) (540,-83) (541,-72) (542,-73) (543,-68) (544,-64) (545,-58) (546,-54) (547,-62) (548,-62) (549,-65) (550,-62) (551,-63) (552,-60) (553,-62) (554,-64) (555,-75) (556,-74) (557,-74) (558,-73) (559,-72) (560,-67) (561,-71) (562,-70) (563,-67) (564,-65) (565,-67) (566,-64) (567,-70) (568,-67) (569,-61) (570,-63) (571,-71) (572,-68) (573,-59) (574,-64) (575,-61) (576,-62) (577,-53) (578,-55) (579,-51) (580,-51) (581,-48) (582,-41) (583,-46) (584,-44) (585,-39) (586,-44) (587,-45) (588,-45) (589,-30) (590,-26) (591,-34) (592,-35) (593,-40) (594,-43) (595,-38) (596,-42) (597,-40) (598,-51) (599,-47) (600,-49) (601,-42) (602,-46) (603,-31) (604,-29) (605,-23) (606,-24) (607,-17) (608,-7) (609,-8) (610,-6) (611,-2) (612,4) (613,8) (614,12) (615,13) (616,10) (617,12) (618,9) (619,4) (620,17) (621,10) (622,3) (623,-5) (624,-7) (625,7) (626,16) (627,16) (628,23) (629,23) (630,19) (631,12) (632,17) (633,25) (634,28) (635,35) (636,28) (637,28) (638,25) (639,28) (640,26) (641,32) (642,27) (643,28) (644,20) (645,22) (646,20) (647,15) (648,10) (649,13) (650,12) (651,3) (652,13) (653,11) (654,5) (655,-2) (656,2) (657,5) (658,-1) (659,-8) (660,-15) (661,-19) (662,-18) (663,-13) (664,-3) (665,3) (666,0) (667,3) (668,4) (669,5) (670,10) (671,7) (672,3) (673,1) (674,8) (675,6) (676,4) (677,7) (678,9) (679,15) (680,7) (681,13) (682,17) (683,24) (684,28) (685,36) (686,40) (687,37) (688,38) (689,46) (690,50) (691,35) (692,39) (693,35) (694,44) (695,34) (696,31) (697,38) (698,31) (699,35) (700,47) (701,51) (702,49) (703,48) (704,47) (705,52) (706,44) (707,44) (708,52) (709,46) (710,51) (711,54) (712,53) (713,53) (714,54) (715,44) (716,46) (717,39) (718,37) (719,29) (720,38) (721,36) (722,42) (723,33) (724,32) (725,38) (726,33) (727,45) (728,46) (729,39) (730,47) (731,54) (732,49) (733,47) (734,43) (735,46) (736,46) (737,46) (738,50) (739,49) (740,51) (741,46) (742,45) (743,38) (744,37) (745,43) (746,49) (747,50) (748,47) (749,52) (750,59) (751,58) (752,42) (753,41) (754,36) (755,45) (756,39) (757,39) (758,42) (759,39) (760,31) (761,28) (762,37) (763,39) (764,35) (765,24) (766,27) (767,25) (768,17) (769,19) (770,14) (771,8) (772,11) (773,15) (774,17) (775,9) (776,7) (777,4) (778,7) (779,5) (780,10) (781,16) (782,11) (783,14) (784,15) (785,10) (786,7) (787,15) (788,9) (789,14) (790,14) (791,21) (792,17) (793,26) (794,24) (795,25) (796,23) (797,21) (798,13) (799,16) (800,12) (801,21) (802,27) (803,30) (804,44) (805,44) (806,43) (807,45) (808,44) (809,49) (810,34) (811,39) (812,44) (813,45) (814,57) (815,49) (816,51) (817,42) (818,39) (819,41) (820,33) (821,37) (822,27) (823,23) (824,22) (825,25) (826,22) (827,15) (828,9) (829,6) (830,10) (831,7) (832,13) (833,11) (834,9) (835,4) (836,7) (837,2) (838,12) (839,18) (840,11) (841,12) (842,17) (843,24) (844,21) (845,18) (846,17) (847,18) (848,32) (849,35) (850,32) (851,38) (852,40) (853,32) (854,36) (855,34) (856,37) (857,35) (858,34) (859,31) (860,30) (861,19) (862,21) (863,23) (864,15) (865,17) (866,12) (867,4) (868,-8) (869,-9) (870,-14) (871,-13) (872,-3) (873,-1) (874,4) (875,5) (876,9) (877,11) (878,5) (879,9) (880,12) (881,9) (882,5) (883,14) (884,14) (885,18) (886,26) (887,29) (888,24) (889,15) (890,9) (891,6) (892,9) (893,12) (894,9) (895,14) (896,19) (897,24) (898,16) (899,15) (900,18) (901,19) (902,18) (903,13) (904,8) (905,15) (906,17) (907,13) (908,16) (909,19) (910,19) (911,12) (912,19) (913,13) (914,6) (915,1) (916,-8) (917,-12) (918,-9) (919,-15) (920,-7) (921,-6) (922,-10) (923,-11) (924,-9) (925,-8) (926,0) (927,-2) (928,-7) (929,-6) (930,-3) (931,-5) (932,1) (933,10) (934,9) (935,8) (936,5) (937,6) (938,8) (939,11) (940,12) (941,8) (942,14) (943,9) (944,12) (945,13) (946,24) (947,24) (948,17) (949,15) (950,16) (951,13) (952,5) (953,10) (954,5) (955,10) (956,11) (957,12) (958,19) (959,18) (960,10) (961,14) (962,13) (963,18) (964,10) (965,13) (966,15) (967,11) (968,8) (969,8) (970,16) (971,24) (972,23) (973,26) (974,29) (975,29) (976,38) (977,30) (978,30) (979,35) (980,36) (981,37) (982,35) (983,38) (984,35) (985,37) (986,35) (987,37) (988,35) (989,37) (990,39) 
(999,48) (998,49) (997,50) (191,128) (120,114) (87,92) (18,24) (0,-1) (996,38) (991,41) (199,127) (192,127) (992,38) (993,39) (994,31) (995,36) 
TD 3 :
(999,48) (998,49) (997,50) (191,128) (120,114) (87,92) (18,24) (0,-1) (1,-6) (6,1) (2,-7) (3,-8) (4,-14) (5,-6) 
(999,48) (998,49) (997,50) (191,128) (120,114) (87,92) (18,24) (0,-1) (1,-6) (6,1) (2,-7) (7,-1) (8,-3) (9,-7) (10,-3) (11,0) (12,8) (13,7) (14,12) (15,12) (16,12) (17,12) 
(999,48) (998,49) (997,50) (191,128) (120,114) (87,92) (18,24) (0,-1) (86,89) (21,24) (84,85) (24,26) (22,17) (23,24) 
(999,48) (998,49) (997,50) (191,128) (120,114) (87,92) (18,24) (0,-1) (86,89) (21,24) (84,85) (24,26) (25,21) (26,16) (27,16) (28,9) (29,5) (30,4) (31,-2) (32,3) (33,4) (34,0) (35,-1) (36,-9) (37,-13) (38,-17) (39,-12) (40,-12) (41,-21) (42,-18) (43,-10) (44,-11) (45,-7) (46,-11) (47,-3) (48,1) (49,6) (50,7) (51,9) (52,5) (53,12) (54,17) (55,18) (56,25) (57,34) (58,41) (59,33) (60,32) (61,35) (62,34) (63,31) (64,33) (65,26) (66,28) (67,37) (68,43) (69,37) (70,42) (71,47) (72,47) (73,53) (74,56) (75,56) (76,62) (77,64) (78,70) (79,73) (80,78) (81,72) (82,80) (83,80) 
(999,48) (998,49) (997,50) (191,128) (120,114) (87,92) (18,24) (0,-1) (86,89) (21,24) (84,85) (24,26) (85,83) 
(999,48) (998,49) (997,50) (191,128) (120,114) (87,92) (18,24) (0,-1) (996,38) (991,41) (199,127) (192,127) (995,36) (993,39) (992,38) 
(999,48) (998,49) (997,50) (191,128) (120,114) (87,92) (18,24) (0,-1) (996,38) (991,41) (199,127) (192,127) (995,36) (993,39) (994,31) 
TD 4 :
(999,48) (998,49) (997,50) (191,128) (120,114) (87,92) (18,24) (0,-1) (1,-6) (6,1) (2,-7) (3,-8) (4,-14) (5,-6) 
(999,48) (998,49) (997,50) (191,128) (120,114) (87,92) (18,24) (0,-1) (1,-6) (6,1) (2,-7) (14,12) (7,-1) (8,-3) (9,-7) (10,-3) (11,0) (12,8) (13,7) 
(999,48) (998,49) (997,50) (191,128) (120,114) (87,92) (18,24) (0,-1) (1,-6) (6,1) (2,-7) (14,12) (15,12) (16,12) (17,12) 
(999,48) (998,49) (997,50) (191,128) (120,114) (87,92) (18,24) (0,-1) (86,89) (21,24) (84,85) (24,26) (23,24) (22,17) 
(999,48) (998,49) (997,50) (191,128) (120,114) (87,92) (18,24) (0,-1) (86,89) (21,24) (84,85) (24,26) (23,24) 
(999,48) (998,49) (997,50) (191,128) (120,114) (87,92) (18,24) (0,-1) (996,38) (991,41) (199,127) (192,127) (995,36) (993,39) (992,38) 
(999,48) (998,49) (997,50) (191,128) (120,114) (87,92) (18,24) (0,-1) (996,38) (991,41) (199,127) (192,127) (995,36) (993,39) (992,38) 
(999,48) (998,49) (997,50) (191,128) (120,114) (87,92) (18,24) (0,-1) (996,38) (991,41) (199,127) (192,127) (995,36) (993,39) (994,31) 
TD 5 :
(999,48) (998,49) (997,50) (191,128) (120,114) (87,92) (18,24) (0,-1) (1,-6) (6,1) (2,-7) (3,-8) (5,-6) (4,-14) 
(999,48) (998,49) (997,50) (191,128) (120,114) (87,92) (18,24) (0,-1) (1,-6) (6,1) (2,-7) (3,-8) (5,-6) (4,-14) 
(999,48) (998,49) (997,50) (191,128) (120,114) (87,92) (18,24) (0,-1) (1,-6) (6,1) (2,-7) (14,12) (12,8) (7,-1) 
(999,48) (998,49) (997,50) (191,128) (120,114) (87,92) (18,24) (0,-1) (1,-6) (6,1) (2,-7) (14,12) (12,8) (7,-1) (8,-3) (9,-7) (10,-3) (11,0) 
(999,48) (998,49) (997,50) (191,128) (120,114) (87,92) (18,24) (0,-1) (1,-6) (6,1) (2,-7) (14,12) (12,8) (7,-1) (13,7) 
(999,48) (998,49) (997,50) (191,128) (120,114) (87,92) (18,24) (0,-1) (1,-6) (6,1) (2,-7) (14,12) (15,12) 
(999,48) (998,49) (997,50) (191,128) (120,114) (87,92) (18,24) (0,-1) (1,-6) (6,1) (2,-7) (14,12) (15,12) (16,12) (17,12) 
TD 6 :
(999,48) (998,49) (997,50) (191,128) (120,114) (87,92) (18,24) (0,-1) (1,-6) (6,1) (2,-7) (14,12) (12,8) (7,-1) (8,-3) (9,-7) (10,-3) (11,0) 
(999,48) (998,49) (997,50) (191,128) (120,114) (87,92) (18,24) (0,-1) (1,-6) (6,1) (2,-7) (14,12) (12,8) (7,-1) (13,7) 
(999,48) (998,49) (997,50) (191,128) (120,114) (87,92) (18,24) (0,-1) (1,-6) (6,1) (2,-7) (14,12) (12,8) (7,-1) (13,7) 
(999,48) (998,49) (997,50) (191,128) (120,114) (87,92) (18,24) (0,-1) (1,-6) (6,1) (2,-7) (14,12) (15,12) (16,12) 
(999,48) (998,49) (997,50) (191,128) (120,114) (87,92) (18,24) (0,-1) (1,-6) (6,1) (2,-7) (14,12) (15,12) (16,12) (17,12) 
TD 7 :
(999,48) (998,49) (997,50) (191,128) (120,114) (87,92) (18,24) (0,-1) (1,-6) (6,1) (2,-7) (14,12) (12,8) (7,-1) (8,-3) (11,0) (10,-3) (9,-7) 
(999,48) (998,49) (997,50) (191,128) (120,114) (87,92) (18,24) (0,-1) (1,-6) (6,1) (2,-7) (14,12) (12,8) (7,-1) (8,-3) (11,0) (10,-3) (9,-7) 
(999,48) (998,49) (997,50) (191,128) (120,114) (87,92) (18,24) (0,-1) (1,-6) (6,1) (2,-7) (14,12) (12,8) (7,-1) (8,-3) (11,0) (10,-3) (9,-7) 
(999,48) (998,49) (997,50) (191,128) (120,114) (87,92) (18,24) (0,-1) (1,-6) (6,1) (2,-7) (14,12) (15,12) (16,12) (17,12) 
(999,48) (998,49) (997,50) (191,128) (120,114) (87,92) (18,24) (0,-1) (1,-6) (6,1) (2,-7) (14,12) (15,12) (16,12) (17,12) 
TD 8 :
TD 9 :
TD 10 :
TD 11 :
TD 12 :
TD 13 :
TD 14 :
TD 15 :
TD 16 :
TD 17 :
TD 18 :
TD 19 :
TD 20 :
TD 21 :
TD 22 :
TD 23 :
TD 24 :
TD 25 :
TD 26 :
TD 27 :
TD 28 :
TD 29 :
TD 30 :
TD 31 :
TD 32 :
TD 33 :
TD 34 :
TD 35 :
TD 36 :
TD 37 :
TD 38 :
TD 39 :
TD 40 :
TD 41 :
TD 42 :
TD 43 :
TD 44 :
TD 45 :
TD 46 :
TD 47 :
TD 48 :
TD 49 :
TD 50 :
TD 51 :
TD 52 :
TD 53 :
TD 54 :
TD 55 :
TD 56 :
TD 57 :
TD 58 :
TD 59 :
TD 60 :
TD 61 :
TD 62 :
TD 63 :
TD 64 :
TD 65 :
TD 66 :
TD 67 :
TD 68 :
TD 69 :
TD 70 :
TD 71 :
TD 72 :
TD 73 :
TD 74 :
TD 75 :
TD 76 :
TD 77 :
TD 78 :
TD 79 :
TD 80 :
TD 81 :
TD 82 :
TD 83 :
TD 84 :
TD 85 :
TD 86 :
TD 87 :
TD 88 :
TD 89 :
TD 90 :
TD 91 :
TD 92 :
TD 93 :
TD 94 :
TD 95 :
TD 96 :
TD 97 :
TD 98 :
TD 99 :
TD 100 :
TD 101 :
TD 102 :
TD 103 :
TD 104 :
TD 105 :
TD 106 :
TD 107 :
TD 108 :
TD 109 :
TD 110 :
TD 111 :
TD 112 :
Pocket 0 :
()
Pocket 1 :
({  (0,-1) ,(1,-6) } {  (17,12) ,(18,24) } {  (0,-1) ,(1,-6) } {  (17,12) ,(18,24) } {  (0,-1) ,(1,-6) } {  (17,12) ,(18,24) } {  (0,-1) ,(1,-6) } {  (17,12) ,(18,24) } {  (0,-1) ,(1,-6) } {  (17,12) ,(18,24) } {  (0,-1) ,(1,-6) } {  (17,12) ,(18,24) } {  (0,-1) ,(1,-6) } {  (17,12) ,(18,24) } )
Pocket 2 :
({  (1,-6) ,(0,-1) } {  (22,17) ,(21,24) } {  (22,17) ,(21,24) } {  (22,17) ,(21,24) } {  (999,48) ,(119,106) } {  (999,48) ,(119,106) } {  (193,117) ,(192,127) } {  (193,117) ,(192,127) } {  (193,117) ,(192,127) } {  (193,117) ,(192,127) } )
Pocket 3 :
({  (2,-7) ,(1,-6) } {  (7,-1) ,(6,1) } {  (2,-7) ,(1,-6) } {  (7,-1) ,(6,1) } {  (25,21) ,(24,26) } {  (25,21) ,(24,26) } {  (25,21) ,(24,26) } {  (994,31) ,(993,39) } {  (994,31) ,(993,39) } )
Pocket 4 :
({  (3,-8) ,(2,-7) } {  (15,12) ,(14,12) } {  (15,12) ,(14,12) } {  (999,48) ,(23,24) } {  (999,48) ,(23,24) } {  (999,48) ,(992,38) } {  (999,48) ,(992,38) } {  (999,48) ,(994,31) } )
Pocket 5 :
({  (4,-14) ,(3,-8) } {  (999,48) ,(5,-6) } {  (4,-14) ,(3,-8) } {  (999,48) ,(5,-6) } {  (8,-3) ,(7,-1) } {  (8,-3) ,(7,-1) } {  (8,-3) ,(7,-1) } {  (16,12) ,(15,12) } {  (16,12) ,(15,12) } )
Pocket 6 :
({  (8,-3) ,(7,-1) } {  (999,48) ,(13,7) } {  (999,48) ,(13,7) } {  (17,12) ,(16,12) } {  (17,12) ,(16,12) } )
Pocket 7 :
({  (9,-7) ,(8,-3) } {  (11,0) ,(10,-3) } {  (9,-7) ,(8,-3) } {  (11,0) ,(10,-3) } {  (9,-7) ,(8,-3) } {  (11,0) ,(10,-3) } {  (999,48) ,(17,12) } {  (999,48) ,(17,12) } )
Pocket 8 :
()
Pocket 9 :
()
Pocket 10 :
()
Pocket 11 :
()
Pocket 12 :
()
Pocket 13 :
()
Pocket 14 :
()
Pocket 15 :
()
Pocket 16 :
()
Pocket 17 :
()
Pocket 18 :
()
Pocket 19 :
()
Pocket 20 :
()
Pocket 21 :
()
Pocket 22 :
()
Pocket 23 :
()
Pocket 24 :
()
Pocket 25 :
()
Pocket 26 :
()
Pocket 27 :
()
Pocket 28 :
()
Pocket 29 :
()
Pocket 30 :
()
Pocket 31 :
()
Pocket 32 :
()
Pocket 33 :
()
Pocket 34 :
()
Pocket 35 :
()
Pocket 36 :
()
Pocket 37 :
()
Pocket 38 :
()
Pocket 39 :
()
Pocket 40 :
()
Pocket 41 :
()
Pocket 42 :
()
Pocket 43 :
()
Pocket 44 :
()
Pocket 45 :
()
Pocket 46 :
()
Pocket 47 :
()
Pocket 48 :
()
Pocket 49 :
()
Pocket 50 :
()
Pocket 51 :
()
Pocket 52 :
()
Pocket 53 :
()
Pocket 54 :
()
Pocket 55 :
()
Pocket 56 :
()
Pocket 57 :
()
Pocket 58 :
()
Pocket 59 :
()
Pocket 60 :
()
Pocket 61 :
()
Pocket 62 :
()
Pocket 63 :
()
Pocket 64 :
()
Pocket 65 :
()
Pocket 66 :
()
Pocket 67 :
()
Pocket 68 :
()
Pocket 69 :
()
Pocket 70 :
()
Pocket 71 :
()
Pocket 72 :
()
Pocket 73 :
()
Pocket 74 :
()
Pocket 75 :
()
Pocket 76 :
()
Pocket 77 :
()
Pocket 78 :
()
Pocket 79 :
()
Pocket 80 :
()
Pocket 81 :
()
Pocket 82 :
()
Pocket 83 :
()
Pocket 84 :
()
Pocket 85 :
()
Pocket 86 :
()
Pocket 87 :
()
Pocket 88 :
()
Pocket 89 :
()
Pocket 90 :
()
Pocket 91 :
()
Pocket 92 :
()
Pocket 93 :
()
Pocket 94 :
()
Pocket 95 :
()
Pocket 96 :
()
Pocket 97 :
()
Pocket 98 :
()
Pocket 99 :
()
Pocket 100 :
()
Pocket 101 :
()
Pocket 102 :
()
Pocket 103 :
()
Pocket 104 :
()
Pocket 105 :
()
Pocket 106 :
()
Pocket 107 :
()
Pocket 108 :
()
Pocket 109 :
()
Pocket 110 :
()
Pocket 111 :
()
