2 layers in onion peeling: 
Layer 1
(9,1) (6,2) (5,2) (2,1) (0,0) 
Layer 2
(8,1) (7,1) (4,1) (3,1) (1,0) 
---------------------------------------------------------------------------------------
TD 0 :
(9,1) (8,1) (7,1) (6,2) (5,2) (4,1) (3,1) (2,1) (1,0) (0,0) 
TD 1 :
(9,1) (6,2) (5,2) (2,1) (0,0) (1,0) 
(9,1) (6,2) (5,2) (2,1) (0,0) (3,1) (4,1) 
(9,1) (6,2) (5,2) (2,1) (0,0) 
(9,1) (6,2) (5,2) (2,1) (0,0) (7,1) (8,1) 
TD 2 :
(9,1) (6,2) (5,2) (2,1) (0,0) (1,0) 
(9,1) (6,2) (5,2) (2,1) (0,0) (4,1) (3,1) 
(9,1) (6,2) (5,2) (2,1) (0,0) (4,1) (3,1) 
(9,1) (6,2) (5,2) (2,1) (0,0) (4,1) (3,1) 
(9,1) (6,2) (5,2) (2,1) (0,0) (8,1) (7,1) 
(9,1) (6,2) (5,2) (2,1) (0,0) (8,1) (7,1) 
Pocket 0 :
()
Pocket 1 :
({  (0,0) ,(1,0) } {  (1,0) ,(2,1) } {  (0,0) ,(1,0) } {  (1,0) ,(2,1) } {  (0,0) ,(1,0) } {  (1,0) ,(2,1) } {  (0,0) ,(1,0) } {  (1,0) ,(2,1) } )
