15 layers in onion peeling: 
Layer 1
(99,2) (97,5) (20,12) (18,12) (0,-1) 
Layer 2
(98,3) (96,4) (85,6) (21,11) (19,11) (2,0) (1,-2) 
Layer 3
(95,4) (84,6) (22,9) (17,9) (3,-1) 
Layer 4
(94,4) (83,5) (16,8) (9,3) (6,0) (4,-2) 
Layer 5
(93,2) (92,4) (23,7) (15,5) (13,4) (11,3) (8,1) (5,-2) 
Layer 6
(91,3) (26,4) (25,4) (24,4) (14,3) (10,2) (7,-1) 
Layer 7
(90,1) (86,3) (82,3) (75,3) (12,2) 
Layer 8
(89,0) (81,2) (79,2) (78,2) (74,2) (33,2) (27,0) 
Layer 9
(88,0) (80,1) (76,1) (73,1) (72,1) (71,1) (62,1) (50,1) (49,1) (29,0) (28,-2) 
Layer 10
(87,0) (77,0) (63,0) (61,0) (60,0) (34,0) (32,0) (31,0) (30,0) 
Layer 11
(70,-1) (69,-1) (67,-1) (66,-1) (64,-1) (56,-1) (48,-1) (35,-3) 
Layer 12
(68,-4) (65,-2) (59,-2) (54,-2) (51,-2) (36,-5) 
Layer 13
(58,-4) (57,-3) (55,-3) (53,-3) (47,-3) (45,-4) (37,-8) 
Layer 14
(52,-4) (46,-4) (44,-5) (38,-8) 
Layer 15
(43,-6) (40,-9) (39,-10) 
---------------------------------------------------------------------------------------
TD 0 :
(99,2) (98,3) (97,5) (96,4) (95,4) (94,4) (93,2) (92,4) (91,3) (90,1) (89,0) (88,0) (87,0) (86,3) (85,6) (84,6) (83,5) (82,3) (81,2) (80,1) (79,2) (78,2) (77,0) (76,1) (75,3) (74,2) (73,1) (72,1) (71,1) (70,-1) (69,-1) (68,-4) (67,-1) (66,-1) (65,-2) (64,-1) (63,0) (62,1) (61,0) (60,0) (59,-2) (58,-4) (57,-3) (56,-1) (55,-3) (54,-2) (53,-3) (52,-4) (51,-2) (50,1) (49,1) (48,-1) (47,-3) (46,-4) (45,-4) (44,-5) (43,-6) (42,-8) (41,-10) (40,-9) (39,-10) (38,-8) (37,-8) (36,-5) (35,-3) (34,0) (33,2) (32,0) (31,0) (30,0) (29,0) (28,-2) (27,0) (26,4) (25,4) (24,4) (23,7) (22,9) (21,11) (20,12) (19,11) (18,12) (17,9) (16,8) (15,5) (14,3) (13,4) (12,2) (11,3) (10,2) (9,3) (8,1) (7,-1) (6,0) (5,-2) (4,-2) (3,-1) (2,0) (1,-2) (0,-1) 
TD 1 :
(99,2) (97,5) (20,12) (18,12) (0,-1) (1,-2) (2,0) (3,-1) (4,-2) (5,-2) (6,0) (7,-1) (8,1) (9,3) (10,2) (11,3) (12,2) (13,4) (14,3) (15,5) (16,8) (17,9) 
(99,2) (97,5) (20,12) (18,12) (0,-1) (19,11) 
(99,2) (97,5) (20,12) (18,12) (0,-1) (21,11) (22,9) (23,7) (24,4) (25,4) (26,4) (27,0) (28,-2) (29,0) (30,0) (31,0) (32,0) (33,2) (34,0) (35,-3) (36,-5) (37,-8) (38,-8) (39,-10) (40,-9) (41,-10) (42,-8) (43,-6) (44,-5) (45,-4) (46,-4) (47,-3) (48,-1) (49,1) (50,1) (51,-2) (52,-4) (53,-3) (54,-2) (55,-3) (56,-1) (57,-3) (58,-4) (59,-2) (60,0) (61,0) (62,1) (63,0) (64,-1) (65,-2) (66,-1) (67,-1) (68,-4) (69,-1) (70,-1) (71,1) (72,1) (73,1) (74,2) (75,3) (76,1) (77,0) (78,2) (79,2) (80,1) (81,2) (82,3) (83,5) (84,6) (85,6) (86,3) (87,0) (88,0) (89,0) (90,1) (91,3) (92,4) (93,2) (94,4) (95,4) (96,4) 
(99,2) (97,5) (20,12) (18,12) (0,-1) (98,3) 
TD 2 :
(99,2) (97,5) (20,12) (18,12) (0,-1) (2,0) (1,-2) 
(99,2) (97,5) (20,12) (18,12) (0,-1) (2,0) (1,-2) (3,-1) (4,-2) (5,-2) (6,0) (7,-1) (8,1) (9,3) (10,2) (11,3) (12,2) (13,4) (14,3) (15,5) (16,8) (17,9) 
(99,2) (97,5) (20,12) (18,12) (0,-1) (19,11) 
(99,2) (97,5) (20,12) (18,12) (0,-1) (19,11) 
(99,2) (97,5) (20,12) (18,12) (0,-1) (96,4) (85,6) (21,11) 
(99,2) (97,5) (20,12) (18,12) (0,-1) (96,4) (85,6) (21,11) (22,9) (23,7) (24,4) (25,4) (26,4) (27,0) (28,-2) (29,0) (30,0) (31,0) (32,0) (33,2) (34,0) (35,-3) (36,-5) (37,-8) (38,-8) (39,-10) (40,-9) (41,-10) (42,-8) (43,-6) (44,-5) (45,-4) (46,-4) (47,-3) (48,-1) (49,1) (50,1) (51,-2) (52,-4) (53,-3) (54,-2) (55,-3) (56,-1) (57,-3) (58,-4) (59,-2) (60,0) (61,0) (62,1) (63,0) (64,-1) (65,-2) (66,-1) (67,-1) (68,-4) (69,-1) (70,-1) (71,1) (72,1) (73,1) (74,2) (75,3) (76,1) (77,0) (78,2) (79,2) (80,1) (81,2) (82,3) (83,5) (84,6) 
(99,2) (97,5) (20,12) (18,12) (0,-1) (96,4) (85,6) (21,11) (86,3) (87,0) (88,0) (89,0) (90,1) (91,3) (92,4) (93,2) (94,4) (95,4) 
(99,2) (97,5) (20,12) (18,12) (0,-1) (96,4) (85,6) (21,11) 
(99,2) (97,5) (20,12) (18,12) (0,-1) (98,3) 
TD 3 :
(99,2) (97,5) (20,12) (18,12) (0,-1) (2,0) (1,-2) (17,9) (3,-1) (4,-2) (5,-2) (6,0) (7,-1) (8,1) (9,3) (10,2) (11,3) (12,2) (13,4) (14,3) (15,5) (16,8) 
(99,2) (97,5) (20,12) (18,12) (0,-1) (2,0) (1,-2) (17,9) (3,-1) 
(99,2) (97,5) (20,12) (18,12) (0,-1) (96,4) (85,6) (21,11) (84,6) (22,9) 
(99,2) (97,5) (20,12) (18,12) (0,-1) (96,4) (85,6) (21,11) (84,6) (22,9) (23,7) (24,4) (25,4) (26,4) (27,0) (28,-2) (29,0) (30,0) (31,0) (32,0) (33,2) (34,0) (35,-3) (36,-5) (37,-8) (38,-8) (39,-10) (40,-9) (41,-10) (42,-8) (43,-6) (44,-5) (45,-4) (46,-4) (47,-3) (48,-1) (49,1) (50,1) (51,-2) (52,-4) (53,-3) (54,-2) (55,-3) (56,-1) (57,-3) (58,-4) (59,-2) (60,0) (61,0) (62,1) (63,0) (64,-1) (65,-2) (66,-1) (67,-1) (68,-4) (69,-1) (70,-1) (71,1) (72,1) (73,1) (74,2) (75,3) (76,1) (77,0) (78,2) (79,2) (80,1) (81,2) (82,3) (83,5) 
(99,2) (97,5) (20,12) (18,12) (0,-1) (96,4) (85,6) (21,11) (84,6) (22,9) 
(99,2) (97,5) (20,12) (18,12) (0,-1) (96,4) (85,6) (21,11) (95,4) (86,3) (87,0) (88,0) (89,0) (90,1) (91,3) (92,4) (93,2) (94,4) 
TD 4 :
(99,2) (97,5) (20,12) (18,12) (0,-1) (2,0) (1,-2) (17,9) (3,-1) (16,8) (9,3) (6,0) (4,-2) (5,-2) 
(99,2) (97,5) (20,12) (18,12) (0,-1) (2,0) (1,-2) (17,9) (3,-1) (16,8) (9,3) (6,0) (4,-2) (7,-1) (8,1) 
(99,2) (97,5) (20,12) (18,12) (0,-1) (2,0) (1,-2) (17,9) (3,-1) (16,8) (9,3) (6,0) (4,-2) (10,2) (11,3) (12,2) (13,4) (14,3) (15,5) 
(99,2) (97,5) (20,12) (18,12) (0,-1) (2,0) (1,-2) (17,9) (3,-1) (16,8) (9,3) (6,0) (4,-2) 
(99,2) (97,5) (20,12) (18,12) (0,-1) (96,4) (85,6) (21,11) (84,6) (22,9) (83,5) (23,7) (24,4) (25,4) (26,4) (27,0) (28,-2) (29,0) (30,0) (31,0) (32,0) (33,2) (34,0) (35,-3) (36,-5) (37,-8) (38,-8) (39,-10) (40,-9) (41,-10) (42,-8) (43,-6) (44,-5) (45,-4) (46,-4) (47,-3) (48,-1) (49,1) (50,1) (51,-2) (52,-4) (53,-3) (54,-2) (55,-3) (56,-1) (57,-3) (58,-4) (59,-2) (60,0) (61,0) (62,1) (63,0) (64,-1) (65,-2) (66,-1) (67,-1) (68,-4) (69,-1) (70,-1) (71,1) (72,1) (73,1) (74,2) (75,3) (76,1) (77,0) (78,2) (79,2) (80,1) (81,2) (82,3) 
(99,2) (97,5) (20,12) (18,12) (0,-1) (96,4) (85,6) (21,11) (84,6) (22,9) (83,5) 
(99,2) (97,5) (20,12) (18,12) (0,-1) (96,4) (85,6) (21,11) (95,4) (94,4) (86,3) (87,0) (88,0) (89,0) (90,1) (91,3) (92,4) (93,2) 
TD 5 :
(99,2) (97,5) (20,12) (18,12) (0,-1) (2,0) (1,-2) (17,9) (3,-1) (16,8) (9,3) (6,0) (4,-2) (5,-2) 
(99,2) (97,5) (20,12) (18,12) (0,-1) (2,0) (1,-2) (17,9) (3,-1) (16,8) (9,3) (6,0) (4,-2) (8,1) (7,-1) 
(99,2) (97,5) (20,12) (18,12) (0,-1) (2,0) (1,-2) (17,9) (3,-1) (16,8) (9,3) (6,0) (4,-2) (8,1) 
(99,2) (97,5) (20,12) (18,12) (0,-1) (2,0) (1,-2) (17,9) (3,-1) (16,8) (9,3) (6,0) (4,-2) (15,5) (13,4) (11,3) (10,2) 
(99,2) (97,5) (20,12) (18,12) (0,-1) (2,0) (1,-2) (17,9) (3,-1) (16,8) (9,3) (6,0) (4,-2) (15,5) (13,4) (11,3) (12,2) 
(99,2) (97,5) (20,12) (18,12) (0,-1) (2,0) (1,-2) (17,9) (3,-1) (16,8) (9,3) (6,0) (4,-2) (15,5) (13,4) (11,3) (14,3) 
(99,2) (97,5) (20,12) (18,12) (0,-1) (2,0) (1,-2) (17,9) (3,-1) (16,8) (9,3) (6,0) (4,-2) (15,5) (13,4) (11,3) 
(99,2) (97,5) (20,12) (18,12) (0,-1) (96,4) (85,6) (21,11) (84,6) (22,9) (83,5) (23,7) 
(99,2) (97,5) (20,12) (18,12) (0,-1) (96,4) (85,6) (21,11) (84,6) (22,9) (83,5) (23,7) (24,4) (25,4) (26,4) (27,0) (28,-2) (29,0) (30,0) (31,0) (32,0) (33,2) (34,0) (35,-3) (36,-5) (37,-8) (38,-8) (39,-10) (40,-9) (41,-10) (42,-8) (43,-6) (44,-5) (45,-4) (46,-4) (47,-3) (48,-1) (49,1) (50,1) (51,-2) (52,-4) (53,-3) (54,-2) (55,-3) (56,-1) (57,-3) (58,-4) (59,-2) (60,0) (61,0) (62,1) (63,0) (64,-1) (65,-2) (66,-1) (67,-1) (68,-4) (69,-1) (70,-1) (71,1) (72,1) (73,1) (74,2) (75,3) (76,1) (77,0) (78,2) (79,2) (80,1) (81,2) (82,3) 
(99,2) (97,5) (20,12) (18,12) (0,-1) (96,4) (85,6) (21,11) (95,4) (94,4) (93,2) (92,4) (86,3) (87,0) (88,0) (89,0) (90,1) (91,3) 
(99,2) (97,5) (20,12) (18,12) (0,-1) (96,4) (85,6) (21,11) (95,4) (94,4) (93,2) (92,4) 
TD 6 :
(99,2) (97,5) (20,12) (18,12) (0,-1) (2,0) (1,-2) (17,9) (3,-1) (16,8) (9,3) (6,0) (4,-2) (8,1) (7,-1) 
(99,2) (97,5) (20,12) (18,12) (0,-1) (2,0) (1,-2) (17,9) (3,-1) (16,8) (9,3) (6,0) (4,-2) (15,5) (13,4) (11,3) (10,2) 
(99,2) (97,5) (20,12) (18,12) (0,-1) (2,0) (1,-2) (17,9) (3,-1) (16,8) (9,3) (6,0) (4,-2) (15,5) (13,4) (11,3) (10,2) 
(99,2) (97,5) (20,12) (18,12) (0,-1) (2,0) (1,-2) (17,9) (3,-1) (16,8) (9,3) (6,0) (4,-2) (15,5) (13,4) (11,3) (14,3) 
(99,2) (97,5) (20,12) (18,12) (0,-1) (2,0) (1,-2) (17,9) (3,-1) (16,8) (9,3) (6,0) (4,-2) (15,5) (13,4) (11,3) (14,3) 
(99,2) (97,5) (20,12) (18,12) (0,-1) (96,4) (85,6) (21,11) (84,6) (22,9) (83,5) (23,7) (26,4) (25,4) (24,4) 
(99,2) (97,5) (20,12) (18,12) (0,-1) (96,4) (85,6) (21,11) (84,6) (22,9) (83,5) (23,7) (26,4) (25,4) (24,4) 
(99,2) (97,5) (20,12) (18,12) (0,-1) (96,4) (85,6) (21,11) (84,6) (22,9) (83,5) (23,7) (26,4) (25,4) (24,4) 
(99,2) (97,5) (20,12) (18,12) (0,-1) (96,4) (85,6) (21,11) (84,6) (22,9) (83,5) (23,7) (26,4) (25,4) (24,4) (27,0) (28,-2) (29,0) (30,0) (31,0) (32,0) (33,2) (34,0) (35,-3) (36,-5) (37,-8) (38,-8) (39,-10) (40,-9) (41,-10) (42,-8) (43,-6) (44,-5) (45,-4) (46,-4) (47,-3) (48,-1) (49,1) (50,1) (51,-2) (52,-4) (53,-3) (54,-2) (55,-3) (56,-1) (57,-3) (58,-4) (59,-2) (60,0) (61,0) (62,1) (63,0) (64,-1) (65,-2) (66,-1) (67,-1) (68,-4) (69,-1) (70,-1) (71,1) (72,1) (73,1) (74,2) (75,3) (76,1) (77,0) (78,2) (79,2) (80,1) (81,2) (82,3) 
(99,2) (97,5) (20,12) (18,12) (0,-1) (96,4) (85,6) (21,11) (95,4) (94,4) (93,2) (92,4) (91,3) (86,3) (87,0) (88,0) (89,0) (90,1) 
TD 7 :
(99,2) (97,5) (20,12) (18,12) (0,-1) (96,4) (85,6) (21,11) (84,6) (22,9) (83,5) (23,7) (26,4) (25,4) (24,4) (82,3) (75,3) (27,0) (28,-2) (29,0) (30,0) (31,0) (32,0) (33,2) (34,0) (35,-3) (36,-5) (37,-8) (38,-8) (39,-10) (40,-9) (41,-10) (42,-8) (43,-6) (44,-5) (45,-4) (46,-4) (47,-3) (48,-1) (49,1) (50,1) (51,-2) (52,-4) (53,-3) (54,-2) (55,-3) (56,-1) (57,-3) (58,-4) (59,-2) (60,0) (61,0) (62,1) (63,0) (64,-1) (65,-2) (66,-1) (67,-1) (68,-4) (69,-1) (70,-1) (71,1) (72,1) (73,1) (74,2) 
(99,2) (97,5) (20,12) (18,12) (0,-1) (96,4) (85,6) (21,11) (84,6) (22,9) (83,5) (23,7) (26,4) (25,4) (24,4) (82,3) (75,3) (76,1) (77,0) (78,2) (79,2) (80,1) (81,2) 
(99,2) (97,5) (20,12) (18,12) (0,-1) (96,4) (85,6) (21,11) (84,6) (22,9) (83,5) (23,7) (26,4) (25,4) (24,4) (82,3) (75,3) 
(99,2) (97,5) (20,12) (18,12) (0,-1) (96,4) (85,6) (21,11) (95,4) (94,4) (93,2) (92,4) (91,3) (90,1) (86,3) 
(99,2) (97,5) (20,12) (18,12) (0,-1) (96,4) (85,6) (21,11) (95,4) (94,4) (93,2) (92,4) (91,3) (90,1) (86,3) (87,0) (88,0) (89,0) 
TD 8 :
(99,2) (97,5) (20,12) (18,12) (0,-1) (96,4) (85,6) (21,11) (84,6) (22,9) (83,5) (23,7) (26,4) (25,4) (24,4) (82,3) (75,3) (74,2) (33,2) (27,0) (28,-2) (29,0) (30,0) (31,0) (32,0) 
(99,2) (97,5) (20,12) (18,12) (0,-1) (96,4) (85,6) (21,11) (84,6) (22,9) (83,5) (23,7) (26,4) (25,4) (24,4) (82,3) (75,3) (74,2) (33,2) (27,0) (34,0) (35,-3) (36,-5) (37,-8) (38,-8) (39,-10) (40,-9) (41,-10) (42,-8) (43,-6) (44,-5) (45,-4) (46,-4) (47,-3) (48,-1) (49,1) (50,1) (51,-2) (52,-4) (53,-3) (54,-2) (55,-3) (56,-1) (57,-3) (58,-4) (59,-2) (60,0) (61,0) (62,1) (63,0) (64,-1) (65,-2) (66,-1) (67,-1) (68,-4) (69,-1) (70,-1) (71,1) (72,1) (73,1) 
(99,2) (97,5) (20,12) (18,12) (0,-1) (96,4) (85,6) (21,11) (84,6) (22,9) (83,5) (23,7) (26,4) (25,4) (24,4) (82,3) (75,3) (74,2) (33,2) (27,0) 
(99,2) (97,5) (20,12) (18,12) (0,-1) (96,4) (85,6) (21,11) (84,6) (22,9) (83,5) (23,7) (26,4) (25,4) (24,4) (82,3) (75,3) (81,2) (79,2) (78,2) (76,1) (77,0) 
(99,2) (97,5) (20,12) (18,12) (0,-1) (96,4) (85,6) (21,11) (84,6) (22,9) (83,5) (23,7) (26,4) (25,4) (24,4) (82,3) (75,3) (81,2) (79,2) (78,2) 
(99,2) (97,5) (20,12) (18,12) (0,-1) (96,4) (85,6) (21,11) (84,6) (22,9) (83,5) (23,7) (26,4) (25,4) (24,4) (82,3) (75,3) (81,2) (79,2) (78,2) (80,1) 
(99,2) (97,5) (20,12) (18,12) (0,-1) (96,4) (85,6) (21,11) (84,6) (22,9) (83,5) (23,7) (26,4) (25,4) (24,4) (82,3) (75,3) (81,2) (79,2) (78,2) 
(99,2) (97,5) (20,12) (18,12) (0,-1) (96,4) (85,6) (21,11) (95,4) (94,4) (93,2) (92,4) (91,3) (90,1) (86,3) (89,0) (87,0) (88,0) 
TD 9 :
(99,2) (97,5) (20,12) (18,12) (0,-1) (96,4) (85,6) (21,11) (84,6) (22,9) (83,5) (23,7) (26,4) (25,4) (24,4) (82,3) (75,3) (74,2) (33,2) (27,0) (29,0) (28,-2) 
(99,2) (97,5) (20,12) (18,12) (0,-1) (96,4) (85,6) (21,11) (84,6) (22,9) (83,5) (23,7) (26,4) (25,4) (24,4) (82,3) (75,3) (74,2) (33,2) (27,0) (29,0) (28,-2) (30,0) (31,0) (32,0) 
(99,2) (97,5) (20,12) (18,12) (0,-1) (96,4) (85,6) (21,11) (84,6) (22,9) (83,5) (23,7) (26,4) (25,4) (24,4) (82,3) (75,3) (74,2) (33,2) (27,0) (73,1) (72,1) (71,1) (62,1) (50,1) (49,1) (34,0) (35,-3) (36,-5) (37,-8) (38,-8) (39,-10) (40,-9) (41,-10) (42,-8) (43,-6) (44,-5) (45,-4) (46,-4) (47,-3) (48,-1) 
(99,2) (97,5) (20,12) (18,12) (0,-1) (96,4) (85,6) (21,11) (84,6) (22,9) (83,5) (23,7) (26,4) (25,4) (24,4) (82,3) (75,3) (74,2) (33,2) (27,0) (73,1) (72,1) (71,1) (62,1) (50,1) (49,1) 
(99,2) (97,5) (20,12) (18,12) (0,-1) (96,4) (85,6) (21,11) (84,6) (22,9) (83,5) (23,7) (26,4) (25,4) (24,4) (82,3) (75,3) (74,2) (33,2) (27,0) (73,1) (72,1) (71,1) (62,1) (50,1) (49,1) (51,-2) (52,-4) (53,-3) (54,-2) (55,-3) (56,-1) (57,-3) (58,-4) (59,-2) (60,0) (61,0) 
(99,2) (97,5) (20,12) (18,12) (0,-1) (96,4) (85,6) (21,11) (84,6) (22,9) (83,5) (23,7) (26,4) (25,4) (24,4) (82,3) (75,3) (74,2) (33,2) (27,0) (73,1) (72,1) (71,1) (62,1) (50,1) (49,1) (63,0) (64,-1) (65,-2) (66,-1) (67,-1) (68,-4) (69,-1) (70,-1) 
(99,2) (97,5) (20,12) (18,12) (0,-1) (96,4) (85,6) (21,11) (84,6) (22,9) (83,5) (23,7) (26,4) (25,4) (24,4) (82,3) (75,3) (74,2) (33,2) (27,0) (73,1) (72,1) (71,1) (62,1) (50,1) (49,1) 
(99,2) (97,5) (20,12) (18,12) (0,-1) (96,4) (85,6) (21,11) (84,6) (22,9) (83,5) (23,7) (26,4) (25,4) (24,4) (82,3) (75,3) (74,2) (33,2) (27,0) (73,1) (72,1) (71,1) (62,1) (50,1) (49,1) 
(99,2) (97,5) (20,12) (18,12) (0,-1) (96,4) (85,6) (21,11) (84,6) (22,9) (83,5) (23,7) (26,4) (25,4) (24,4) (82,3) (75,3) (74,2) (33,2) (27,0) (73,1) (72,1) (71,1) (62,1) (50,1) (49,1) 
(99,2) (97,5) (20,12) (18,12) (0,-1) (96,4) (85,6) (21,11) (84,6) (22,9) (83,5) (23,7) (26,4) (25,4) (24,4) (82,3) (75,3) (81,2) (79,2) (78,2) (76,1) 
(99,2) (97,5) (20,12) (18,12) (0,-1) (96,4) (85,6) (21,11) (84,6) (22,9) (83,5) (23,7) (26,4) (25,4) (24,4) (82,3) (75,3) (81,2) (79,2) (78,2) (76,1) (77,0) 
(99,2) (97,5) (20,12) (18,12) (0,-1) (96,4) (85,6) (21,11) (84,6) (22,9) (83,5) (23,7) (26,4) (25,4) (24,4) (82,3) (75,3) (81,2) (79,2) (78,2) (80,1) 
(99,2) (97,5) (20,12) (18,12) (0,-1) (96,4) (85,6) (21,11) (84,6) (22,9) (83,5) (23,7) (26,4) (25,4) (24,4) (82,3) (75,3) (81,2) (79,2) (78,2) (80,1) 
(99,2) (97,5) (20,12) (18,12) (0,-1) (96,4) (85,6) (21,11) (95,4) (94,4) (93,2) (92,4) (91,3) (90,1) (86,3) (89,0) (88,0) (87,0) 
TD 10 :
(99,2) (97,5) (20,12) (18,12) (0,-1) (96,4) (85,6) (21,11) (84,6) (22,9) (83,5) (23,7) (26,4) (25,4) (24,4) (82,3) (75,3) (74,2) (33,2) (27,0) (29,0) (28,-2) (32,0) (31,0) (30,0) 
(99,2) (97,5) (20,12) (18,12) (0,-1) (96,4) (85,6) (21,11) (84,6) (22,9) (83,5) (23,7) (26,4) (25,4) (24,4) (82,3) (75,3) (74,2) (33,2) (27,0) (29,0) (28,-2) (32,0) (31,0) (30,0) 
(99,2) (97,5) (20,12) (18,12) (0,-1) (96,4) (85,6) (21,11) (84,6) (22,9) (83,5) (23,7) (26,4) (25,4) (24,4) (82,3) (75,3) (74,2) (33,2) (27,0) (29,0) (28,-2) (32,0) (31,0) (30,0) 
(99,2) (97,5) (20,12) (18,12) (0,-1) (96,4) (85,6) (21,11) (84,6) (22,9) (83,5) (23,7) (26,4) (25,4) (24,4) (82,3) (75,3) (74,2) (33,2) (27,0) (73,1) (72,1) (71,1) (62,1) (50,1) (49,1) (34,0) 
(99,2) (97,5) (20,12) (18,12) (0,-1) (96,4) (85,6) (21,11) (84,6) (22,9) (83,5) (23,7) (26,4) (25,4) (24,4) (82,3) (75,3) (74,2) (33,2) (27,0) (73,1) (72,1) (71,1) (62,1) (50,1) (49,1) (34,0) (35,-3) (36,-5) (37,-8) (38,-8) (39,-10) (40,-9) (41,-10) (42,-8) (43,-6) (44,-5) (45,-4) (46,-4) (47,-3) (48,-1) 
(99,2) (97,5) (20,12) (18,12) (0,-1) (96,4) (85,6) (21,11) (84,6) (22,9) (83,5) (23,7) (26,4) (25,4) (24,4) (82,3) (75,3) (74,2) (33,2) (27,0) (73,1) (72,1) (71,1) (62,1) (50,1) (49,1) (61,0) (60,0) (51,-2) (52,-4) (53,-3) (54,-2) (55,-3) (56,-1) (57,-3) (58,-4) (59,-2) 
(99,2) (97,5) (20,12) (18,12) (0,-1) (96,4) (85,6) (21,11) (84,6) (22,9) (83,5) (23,7) (26,4) (25,4) (24,4) (82,3) (75,3) (74,2) (33,2) (27,0) (73,1) (72,1) (71,1) (62,1) (50,1) (49,1) (61,0) (60,0) 
(99,2) (97,5) (20,12) (18,12) (0,-1) (96,4) (85,6) (21,11) (84,6) (22,9) (83,5) (23,7) (26,4) (25,4) (24,4) (82,3) (75,3) (74,2) (33,2) (27,0) (73,1) (72,1) (71,1) (62,1) (50,1) (49,1) (61,0) (60,0) 
(99,2) (97,5) (20,12) (18,12) (0,-1) (96,4) (85,6) (21,11) (84,6) (22,9) (83,5) (23,7) (26,4) (25,4) (24,4) (82,3) (75,3) (74,2) (33,2) (27,0) (73,1) (72,1) (71,1) (62,1) (50,1) (49,1) (63,0) 
(99,2) (97,5) (20,12) (18,12) (0,-1) (96,4) (85,6) (21,11) (84,6) (22,9) (83,5) (23,7) (26,4) (25,4) (24,4) (82,3) (75,3) (74,2) (33,2) (27,0) (73,1) (72,1) (71,1) (62,1) (50,1) (49,1) (63,0) (64,-1) (65,-2) (66,-1) (67,-1) (68,-4) (69,-1) (70,-1) 
(99,2) (97,5) (20,12) (18,12) (0,-1) (96,4) (85,6) (21,11) (84,6) (22,9) (83,5) (23,7) (26,4) (25,4) (24,4) (82,3) (75,3) (81,2) (79,2) (78,2) (76,1) (77,0) 
(99,2) (97,5) (20,12) (18,12) (0,-1) (96,4) (85,6) (21,11) (84,6) (22,9) (83,5) (23,7) (26,4) (25,4) (24,4) (82,3) (75,3) (81,2) (79,2) (78,2) (76,1) (77,0) 
(99,2) (97,5) (20,12) (18,12) (0,-1) (96,4) (85,6) (21,11) (95,4) (94,4) (93,2) (92,4) (91,3) (90,1) (86,3) (89,0) (88,0) (87,0) 
TD 11 :
(99,2) (97,5) (20,12) (18,12) (0,-1) (96,4) (85,6) (21,11) (84,6) (22,9) (83,5) (23,7) (26,4) (25,4) (24,4) (82,3) (75,3) (74,2) (33,2) (27,0) (73,1) (72,1) (71,1) (62,1) (50,1) (49,1) (34,0) (48,-1) (35,-3) (36,-5) (37,-8) (38,-8) (39,-10) (40,-9) (41,-10) (42,-8) (43,-6) (44,-5) (45,-4) (46,-4) (47,-3) 
(99,2) (97,5) (20,12) (18,12) (0,-1) (96,4) (85,6) (21,11) (84,6) (22,9) (83,5) (23,7) (26,4) (25,4) (24,4) (82,3) (75,3) (74,2) (33,2) (27,0) (73,1) (72,1) (71,1) (62,1) (50,1) (49,1) (34,0) (48,-1) (35,-3) 
(99,2) (97,5) (20,12) (18,12) (0,-1) (96,4) (85,6) (21,11) (84,6) (22,9) (83,5) (23,7) (26,4) (25,4) (24,4) (82,3) (75,3) (74,2) (33,2) (27,0) (73,1) (72,1) (71,1) (62,1) (50,1) (49,1) (61,0) (60,0) (56,-1) (51,-2) (52,-4) (53,-3) (54,-2) (55,-3) 
(99,2) (97,5) (20,12) (18,12) (0,-1) (96,4) (85,6) (21,11) (84,6) (22,9) (83,5) (23,7) (26,4) (25,4) (24,4) (82,3) (75,3) (74,2) (33,2) (27,0) (73,1) (72,1) (71,1) (62,1) (50,1) (49,1) (61,0) (60,0) (56,-1) (57,-3) (58,-4) (59,-2) 
(99,2) (97,5) (20,12) (18,12) (0,-1) (96,4) (85,6) (21,11) (84,6) (22,9) (83,5) (23,7) (26,4) (25,4) (24,4) (82,3) (75,3) (74,2) (33,2) (27,0) (73,1) (72,1) (71,1) (62,1) (50,1) (49,1) (63,0) (70,-1) (69,-1) (67,-1) (66,-1) (64,-1) 
(99,2) (97,5) (20,12) (18,12) (0,-1) (96,4) (85,6) (21,11) (84,6) (22,9) (83,5) (23,7) (26,4) (25,4) (24,4) (82,3) (75,3) (74,2) (33,2) (27,0) (73,1) (72,1) (71,1) (62,1) (50,1) (49,1) (63,0) (70,-1) (69,-1) (67,-1) (66,-1) (64,-1) (65,-2) 
(99,2) (97,5) (20,12) (18,12) (0,-1) (96,4) (85,6) (21,11) (84,6) (22,9) (83,5) (23,7) (26,4) (25,4) (24,4) (82,3) (75,3) (74,2) (33,2) (27,0) (73,1) (72,1) (71,1) (62,1) (50,1) (49,1) (63,0) (70,-1) (69,-1) (67,-1) (66,-1) (64,-1) 
(99,2) (97,5) (20,12) (18,12) (0,-1) (96,4) (85,6) (21,11) (84,6) (22,9) (83,5) (23,7) (26,4) (25,4) (24,4) (82,3) (75,3) (74,2) (33,2) (27,0) (73,1) (72,1) (71,1) (62,1) (50,1) (49,1) (63,0) (70,-1) (69,-1) (67,-1) (66,-1) (64,-1) (68,-4) 
(99,2) (97,5) (20,12) (18,12) (0,-1) (96,4) (85,6) (21,11) (84,6) (22,9) (83,5) (23,7) (26,4) (25,4) (24,4) (82,3) (75,3) (74,2) (33,2) (27,0) (73,1) (72,1) (71,1) (62,1) (50,1) (49,1) (63,0) (70,-1) (69,-1) (67,-1) (66,-1) (64,-1) 
TD 12 :
(99,2) (97,5) (20,12) (18,12) (0,-1) (96,4) (85,6) (21,11) (84,6) (22,9) (83,5) (23,7) (26,4) (25,4) (24,4) (82,3) (75,3) (74,2) (33,2) (27,0) (73,1) (72,1) (71,1) (62,1) (50,1) (49,1) (34,0) (48,-1) (35,-3) (36,-5) (37,-8) (38,-8) (39,-10) (40,-9) (41,-10) (42,-8) (43,-6) (44,-5) (45,-4) (46,-4) (47,-3) 
(99,2) (97,5) (20,12) (18,12) (0,-1) (96,4) (85,6) (21,11) (84,6) (22,9) (83,5) (23,7) (26,4) (25,4) (24,4) (82,3) (75,3) (74,2) (33,2) (27,0) (73,1) (72,1) (71,1) (62,1) (50,1) (49,1) (61,0) (60,0) (56,-1) (54,-2) (51,-2) 
(99,2) (97,5) (20,12) (18,12) (0,-1) (96,4) (85,6) (21,11) (84,6) (22,9) (83,5) (23,7) (26,4) (25,4) (24,4) (82,3) (75,3) (74,2) (33,2) (27,0) (73,1) (72,1) (71,1) (62,1) (50,1) (49,1) (61,0) (60,0) (56,-1) (54,-2) (51,-2) (52,-4) (53,-3) 
(99,2) (97,5) (20,12) (18,12) (0,-1) (96,4) (85,6) (21,11) (84,6) (22,9) (83,5) (23,7) (26,4) (25,4) (24,4) (82,3) (75,3) (74,2) (33,2) (27,0) (73,1) (72,1) (71,1) (62,1) (50,1) (49,1) (61,0) (60,0) (56,-1) (54,-2) (51,-2) (55,-3) 
(99,2) (97,5) (20,12) (18,12) (0,-1) (96,4) (85,6) (21,11) (84,6) (22,9) (83,5) (23,7) (26,4) (25,4) (24,4) (82,3) (75,3) (74,2) (33,2) (27,0) (73,1) (72,1) (71,1) (62,1) (50,1) (49,1) (61,0) (60,0) (56,-1) (59,-2) (57,-3) (58,-4) 
(99,2) (97,5) (20,12) (18,12) (0,-1) (96,4) (85,6) (21,11) (84,6) (22,9) (83,5) (23,7) (26,4) (25,4) (24,4) (82,3) (75,3) (74,2) (33,2) (27,0) (73,1) (72,1) (71,1) (62,1) (50,1) (49,1) (61,0) (60,0) (56,-1) (59,-2) 
(99,2) (97,5) (20,12) (18,12) (0,-1) (96,4) (85,6) (21,11) (84,6) (22,9) (83,5) (23,7) (26,4) (25,4) (24,4) (82,3) (75,3) (74,2) (33,2) (27,0) (73,1) (72,1) (71,1) (62,1) (50,1) (49,1) (63,0) (70,-1) (69,-1) (67,-1) (66,-1) (64,-1) (65,-2) 
(99,2) (97,5) (20,12) (18,12) (0,-1) (96,4) (85,6) (21,11) (84,6) (22,9) (83,5) (23,7) (26,4) (25,4) (24,4) (82,3) (75,3) (74,2) (33,2) (27,0) (73,1) (72,1) (71,1) (62,1) (50,1) (49,1) (63,0) (70,-1) (69,-1) (67,-1) (66,-1) (64,-1) (65,-2) 
(99,2) (97,5) (20,12) (18,12) (0,-1) (96,4) (85,6) (21,11) (84,6) (22,9) (83,5) (23,7) (26,4) (25,4) (24,4) (82,3) (75,3) (74,2) (33,2) (27,0) (73,1) (72,1) (71,1) (62,1) (50,1) (49,1) (63,0) (70,-1) (69,-1) (67,-1) (66,-1) (64,-1) (68,-4) 
TD 13 :
(99,2) (97,5) (20,12) (18,12) (0,-1) (96,4) (85,6) (21,11) (84,6) (22,9) (83,5) (23,7) (26,4) (25,4) (24,4) (82,3) (75,3) (74,2) (33,2) (27,0) (73,1) (72,1) (71,1) (62,1) (50,1) (49,1) (34,0) (48,-1) (35,-3) (36,-5) (47,-3) (45,-4) (37,-8) (38,-8) (39,-10) (40,-9) (41,-10) (42,-8) (43,-6) (44,-5) 
(99,2) (97,5) (20,12) (18,12) (0,-1) (96,4) (85,6) (21,11) (84,6) (22,9) (83,5) (23,7) (26,4) (25,4) (24,4) (82,3) (75,3) (74,2) (33,2) (27,0) (73,1) (72,1) (71,1) (62,1) (50,1) (49,1) (34,0) (48,-1) (35,-3) (36,-5) (47,-3) (45,-4) (37,-8) (46,-4) 
(99,2) (97,5) (20,12) (18,12) (0,-1) (96,4) (85,6) (21,11) (84,6) (22,9) (83,5) (23,7) (26,4) (25,4) (24,4) (82,3) (75,3) (74,2) (33,2) (27,0) (73,1) (72,1) (71,1) (62,1) (50,1) (49,1) (34,0) (48,-1) (35,-3) (36,-5) (47,-3) (45,-4) (37,-8) 
(99,2) (97,5) (20,12) (18,12) (0,-1) (96,4) (85,6) (21,11) (84,6) (22,9) (83,5) (23,7) (26,4) (25,4) (24,4) (82,3) (75,3) (74,2) (33,2) (27,0) (73,1) (72,1) (71,1) (62,1) (50,1) (49,1) (61,0) (60,0) (56,-1) (54,-2) (51,-2) (53,-3) (52,-4) 
(99,2) (97,5) (20,12) (18,12) (0,-1) (96,4) (85,6) (21,11) (84,6) (22,9) (83,5) (23,7) (26,4) (25,4) (24,4) (82,3) (75,3) (74,2) (33,2) (27,0) (73,1) (72,1) (71,1) (62,1) (50,1) (49,1) (61,0) (60,0) (56,-1) (54,-2) (51,-2) (53,-3) 
(99,2) (97,5) (20,12) (18,12) (0,-1) (96,4) (85,6) (21,11) (84,6) (22,9) (83,5) (23,7) (26,4) (25,4) (24,4) (82,3) (75,3) (74,2) (33,2) (27,0) (73,1) (72,1) (71,1) (62,1) (50,1) (49,1) (61,0) (60,0) (56,-1) (54,-2) (51,-2) (55,-3) 
(99,2) (97,5) (20,12) (18,12) (0,-1) (96,4) (85,6) (21,11) (84,6) (22,9) (83,5) (23,7) (26,4) (25,4) (24,4) (82,3) (75,3) (74,2) (33,2) (27,0) (73,1) (72,1) (71,1) (62,1) (50,1) (49,1) (61,0) (60,0) (56,-1) (54,-2) (51,-2) (55,-3) 
(99,2) (97,5) (20,12) (18,12) (0,-1) (96,4) (85,6) (21,11) (84,6) (22,9) (83,5) (23,7) (26,4) (25,4) (24,4) (82,3) (75,3) (74,2) (33,2) (27,0) (73,1) (72,1) (71,1) (62,1) (50,1) (49,1) (61,0) (60,0) (56,-1) (59,-2) (58,-4) (57,-3) 
(99,2) (97,5) (20,12) (18,12) (0,-1) (96,4) (85,6) (21,11) (84,6) (22,9) (83,5) (23,7) (26,4) (25,4) (24,4) (82,3) (75,3) (74,2) (33,2) (27,0) (73,1) (72,1) (71,1) (62,1) (50,1) (49,1) (61,0) (60,0) (56,-1) (59,-2) (58,-4) (57,-3) 
TD 14 :
(99,2) (97,5) (20,12) (18,12) (0,-1) (96,4) (85,6) (21,11) (84,6) (22,9) (83,5) (23,7) (26,4) (25,4) (24,4) (82,3) (75,3) (74,2) (33,2) (27,0) (73,1) (72,1) (71,1) (62,1) (50,1) (49,1) (34,0) (48,-1) (35,-3) (36,-5) (47,-3) (45,-4) (37,-8) (44,-5) (38,-8) (39,-10) (40,-9) (41,-10) (42,-8) (43,-6) 
(99,2) (97,5) (20,12) (18,12) (0,-1) (96,4) (85,6) (21,11) (84,6) (22,9) (83,5) (23,7) (26,4) (25,4) (24,4) (82,3) (75,3) (74,2) (33,2) (27,0) (73,1) (72,1) (71,1) (62,1) (50,1) (49,1) (34,0) (48,-1) (35,-3) (36,-5) (47,-3) (45,-4) (37,-8) (44,-5) (38,-8) 
(99,2) (97,5) (20,12) (18,12) (0,-1) (96,4) (85,6) (21,11) (84,6) (22,9) (83,5) (23,7) (26,4) (25,4) (24,4) (82,3) (75,3) (74,2) (33,2) (27,0) (73,1) (72,1) (71,1) (62,1) (50,1) (49,1) (34,0) (48,-1) (35,-3) (36,-5) (47,-3) (45,-4) (37,-8) (46,-4) 
(99,2) (97,5) (20,12) (18,12) (0,-1) (96,4) (85,6) (21,11) (84,6) (22,9) (83,5) (23,7) (26,4) (25,4) (24,4) (82,3) (75,3) (74,2) (33,2) (27,0) (73,1) (72,1) (71,1) (62,1) (50,1) (49,1) (34,0) (48,-1) (35,-3) (36,-5) (47,-3) (45,-4) (37,-8) (46,-4) 
(99,2) (97,5) (20,12) (18,12) (0,-1) (96,4) (85,6) (21,11) (84,6) (22,9) (83,5) (23,7) (26,4) (25,4) (24,4) (82,3) (75,3) (74,2) (33,2) (27,0) (73,1) (72,1) (71,1) (62,1) (50,1) (49,1) (61,0) (60,0) (56,-1) (54,-2) (51,-2) (53,-3) (52,-4) 
TD 15 :
(99,2) (97,5) (20,12) (18,12) (0,-1) (96,4) (85,6) (21,11) (84,6) (22,9) (83,5) (23,7) (26,4) (25,4) (24,4) (82,3) (75,3) (74,2) (33,2) (27,0) (73,1) (72,1) (71,1) (62,1) (50,1) (49,1) (34,0) (48,-1) (35,-3) (36,-5) (47,-3) (45,-4) (37,-8) (44,-5) (38,-8) (43,-6) (40,-9) (39,-10) 
(99,2) (97,5) (20,12) (18,12) (0,-1) (96,4) (85,6) (21,11) (84,6) (22,9) (83,5) (23,7) (26,4) (25,4) (24,4) (82,3) (75,3) (74,2) (33,2) (27,0) (73,1) (72,1) (71,1) (62,1) (50,1) (49,1) (34,0) (48,-1) (35,-3) (36,-5) (47,-3) (45,-4) (37,-8) (44,-5) (38,-8) (43,-6) (40,-9) (39,-10) (41,-10) (42,-8) 
Pocket 0 :
()
Pocket 1 :
({  (0,-1) ,(1,-2) } {  (17,9) ,(18,12) } {  (0,-1) ,(1,-2) } {  (17,9) ,(18,12) } {  (0,-1) ,(1,-2) } {  (17,9) ,(18,12) } {  (0,-1) ,(1,-2) } {  (17,9) ,(18,12) } )
Pocket 2 :
({  (1,-2) ,(0,-1) } {  (3,-1) ,(2,0) } {  (1,-2) ,(0,-1) } {  (3,-1) ,(2,0) } {  (99,2) ,(19,11) } {  (99,2) ,(19,11) } {  (22,9) ,(21,11) } {  (22,9) ,(21,11) } {  (22,9) ,(21,11) } {  (22,9) ,(21,11) } {  (99,2) ,(98,3) } )
Pocket 3 :
({  (3,-1) ,(1,-2) } {  (99,2) ,(17,9) } {  (3,-1) ,(1,-2) } {  (99,2) ,(17,9) } {  (23,7) ,(22,9) } {  (23,7) ,(22,9) } {  (23,7) ,(22,9) } {  (99,2) ,(95,4) } )
Pocket 4 :
({  (4,-2) ,(3,-1) } {  (7,-1) ,(6,0) } {  (4,-2) ,(3,-1) } {  (7,-1) ,(6,0) } {  (4,-2) ,(3,-1) } {  (7,-1) ,(6,0) } {  (4,-2) ,(3,-1) } {  (7,-1) ,(6,0) } {  (99,2) ,(83,5) } {  (99,2) ,(83,5) } {  (99,2) ,(94,4) } )
Pocket 5 :
({  (5,-2) ,(4,-2) } {  (99,2) ,(8,1) } {  (99,2) ,(8,1) } {  (12,2) ,(11,3) } {  (12,2) ,(11,3) } {  (12,2) ,(11,3) } {  (12,2) ,(11,3) } {  (24,4) ,(23,7) } {  (24,4) ,(23,7) } {  (93,2) ,(92,4) } {  (93,2) ,(92,4) } )
Pocket 6 :
({  (7,-1) ,(8,1) } {  (99,2) ,(10,2) } {  (99,2) ,(10,2) } {  (99,2) ,(14,3) } {  (99,2) ,(14,3) } {  (25,4) ,(24,4) } {  (25,4) ,(24,4) } {  (25,4) ,(24,4) } {  (25,4) ,(24,4) } {  (99,2) ,(91,3) } )
Pocket 7 :
({  (76,1) ,(75,3) } {  (76,1) ,(75,3) } {  (76,1) ,(75,3) } {  (87,0) ,(86,3) } {  (87,0) ,(86,3) } )
Pocket 8 :
({  (27,0) ,(75,3) } {  (34,0) ,(33,2) } {  (27,0) ,(75,3) } {  (34,0) ,(33,2) } {  (27,0) ,(75,3) } {  (34,0) ,(33,2) } {  (79,2) ,(78,2) } {  (79,2) ,(78,2) } {  (79,2) ,(78,2) } {  (79,2) ,(78,2) } {  (99,2) ,(89,0) } )
Pocket 9 :
({  (28,-2) ,(27,0) } {  (30,0) ,(29,0) } {  (28,-2) ,(27,0) } {  (30,0) ,(29,0) } {  (50,1) ,(49,1) } {  (50,1) ,(49,1) } {  (50,1) ,(49,1) } {  (50,1) ,(49,1) } {  (50,1) ,(49,1) } {  (50,1) ,(49,1) } {  (50,1) ,(49,1) } {  (77,0) ,(76,1) } {  (77,0) ,(76,1) } {  (99,2) ,(80,1) } {  (99,2) ,(80,1) } {  (99,2) ,(88,0) } )
Pocket 10 :
({  (30,0) ,(28,-2) } {  (32,0) ,(31,0) } {  (30,0) ,(28,-2) } {  (32,0) ,(31,0) } {  (30,0) ,(28,-2) } {  (32,0) ,(31,0) } {  (35,-3) ,(34,0) } {  (35,-3) ,(34,0) } {  (61,0) ,(60,0) } {  (61,0) ,(60,0) } {  (61,0) ,(60,0) } {  (64,-1) ,(63,0) } {  (64,-1) ,(63,0) } {  (99,2) ,(77,0) } {  (99,2) ,(77,0) } {  (99,2) ,(87,0) } )
Pocket 11 :
({  (35,-3) ,(34,0) } {  (99,2) ,(48,-1) } {  (35,-3) ,(34,0) } {  (99,2) ,(48,-1) } {  (57,-3) ,(56,-1) } {  (57,-3) ,(56,-1) } {  (65,-2) ,(64,-1) } {  (65,-2) ,(64,-1) } {  (65,-2) ,(64,-1) } {  (65,-2) ,(64,-1) } {  (65,-2) ,(64,-1) } )
Pocket 12 :
({  (36,-5) ,(35,-3) } {  (52,-4) ,(51,-2) } {  (52,-4) ,(51,-2) } {  (52,-4) ,(51,-2) } {  (99,2) ,(59,-2) } {  (99,2) ,(59,-2) } {  (99,2) ,(65,-2) } {  (99,2) ,(65,-2) } {  (99,2) ,(68,-4) } )
Pocket 13 :
({  (37,-8) ,(36,-5) } {  (46,-4) ,(45,-4) } {  (37,-8) ,(36,-5) } {  (46,-4) ,(45,-4) } {  (37,-8) ,(36,-5) } {  (46,-4) ,(45,-4) } {  (99,2) ,(53,-3) } {  (99,2) ,(53,-3) } {  (99,2) ,(55,-3) } {  (99,2) ,(55,-3) } {  (58,-4) ,(57,-3) } {  (58,-4) ,(57,-3) } )
Pocket 14 :
({  (38,-8) ,(37,-8) } {  (99,2) ,(44,-5) } {  (38,-8) ,(37,-8) } {  (99,2) ,(44,-5) } {  (99,2) ,(46,-4) } {  (99,2) ,(46,-4) } {  (99,2) ,(52,-4) } )
