2 layers in onion peeling: 
Layer 1
(9,2) (7,2) (6,2) (3,1) (1,0) (0,-1) 
Layer 2
(8,1) (5,1) (4,1) (2,0) 
---------------------------------------------------------------------------------------
TD 0 :
(9,2) (8,1) (7,2) (6,2) (5,1) (4,1) (3,1) (2,0) (1,0) (0,-1) 
TD 1 :
(9,2) (7,2) (6,2) (3,1) (1,0) (0,-1) 
(9,2) (7,2) (6,2) (3,1) (1,0) (0,-1) (2,0) 
(9,2) (7,2) (6,2) (3,1) (1,0) (0,-1) (4,1) (5,1) 
(9,2) (7,2) (6,2) (3,1) (1,0) (0,-1) 
(9,2) (7,2) (6,2) (3,1) (1,0) (0,-1) (8,1) 
TD 2 :
(9,2) (7,2) (6,2) (3,1) (1,0) (0,-1) (2,0) 
(9,2) (7,2) (6,2) (3,1) (1,0) (0,-1) (5,1) (4,1) 
(9,2) (7,2) (6,2) (3,1) (1,0) (0,-1) (5,1) (4,1) 
(9,2) (7,2) (6,2) (3,1) (1,0) (0,-1) (5,1) (4,1) 
(9,2) (7,2) (6,2) (3,1) (1,0) (0,-1) (8,1) 
Pocket 0 :
()
Pocket 1 :
({  (0,-1) ,(1,0) } {  (0,-1) ,(1,0) } {  (0,-1) ,(1,0) } {  (0,-1) ,(1,0) } {  (0,-1) ,(1,0) } {  (0,-1) ,(1,0) } {  (0,-1) ,(1,0) } {  (0,-1) ,(1,0) } {  (0,-1) ,(1,0) } {  (0,-1) ,(1,0) } )
