14 layers in onion peeling: 
Layer 1
(99,3) (94,6) (80,11) (58,13) (50,12) (3,3) (0,1) 
Layer 2
(98,3) (97,4) (82,10) (52,12) (2,2) (1,1) 
Layer 3
(96,3) (93,5) (79,10) (60,11) (57,11) (51,11) (49,11) (43,10) (4,2) 
Layer 4
(95,2) (92,4) (81,9) (78,10) (61,10) (59,10) (56,10) (55,10) (53,10) (42,8) (5,0) 
Layer 5
(91,4) (89,5) (83,8) (76,9) (69,9) (68,9) (63,9) (62,9) (54,9) (48,9) (19,3) (6,0) 
Layer 6
(90,4) (84,6) (77,8) (70,8) (66,8) (65,8) (64,8) (41,7) (20,3) (7,-1) 
Layer 7
(88,3) (86,5) (71,7) (67,7) (46,7) (45,7) (44,7) (18,2) (8,-1) 
Layer 8
(87,3) (85,5) (75,6) (72,6) (47,6) (40,5) (21,2) (9,-3) 
Layer 9
(74,5) (35,4) (22,1) (17,-1) (10,-4) 
Layer 10
(73,2) (37,4) (36,4) (23,0) (11,-5) 
Layer 11
(39,2) (38,3) (27,0) (24,-1) (15,-4) (13,-5) (12,-6) 
Layer 12
(34,1) (25,-1) (16,-5) (14,-6) 
Layer 13
(33,-3) (31,0) (28,-1) (26,-2) 
Layer 14
(32,-3) (30,-1) (29,-1) 
---------------------------------------------------------------------------------------
TD 0 :
(99,3) (98,3) (97,4) (96,3) (95,2) (94,6) (93,5) (92,4) (91,4) (90,4) (89,5) (88,3) (87,3) (86,5) (85,5) (84,6) (83,8) (82,10) (81,9) (80,11) (79,10) (78,10) (77,8) (76,9) (75,6) (74,5) (73,2) (72,6) (71,7) (70,8) (69,9) (68,9) (67,7) (66,8) (65,8) (64,8) (63,9) (62,9) (61,10) (60,11) (59,10) (58,13) (57,11) (56,10) (55,10) (54,9) (53,10) (52,12) (51,11) (50,12) (49,11) (48,9) (47,6) (46,7) (45,7) (44,7) (43,10) (42,8) (41,7) (40,5) (39,2) (38,3) (37,4) (36,4) (35,4) (34,1) (33,-3) (32,-3) (31,0) (30,-1) (29,-1) (28,-1) (27,0) (26,-2) (25,-1) (24,-1) (23,0) (22,1) (21,2) (20,3) (19,3) (18,2) (17,-1) (16,-5) (15,-4) (14,-6) (13,-5) (12,-6) (11,-5) (10,-4) (9,-3) (8,-1) (7,-1) (6,0) (5,0) (4,2) (3,3) (2,2) (1,1) (0,1) 
TD 1 :
(99,3) (94,6) (80,11) (58,13) (50,12) (3,3) (0,1) (1,1) (2,2) 
(99,3) (94,6) (80,11) (58,13) (50,12) (3,3) (0,1) (4,2) (5,0) (6,0) (7,-1) (8,-1) (9,-3) (10,-4) (11,-5) (12,-6) (13,-5) (14,-6) (15,-4) (16,-5) (17,-1) (18,2) (19,3) (20,3) (21,2) (22,1) (23,0) (24,-1) (25,-1) (26,-2) (27,0) (28,-1) (29,-1) (30,-1) (31,0) (32,-3) (33,-3) (34,1) (35,4) (36,4) (37,4) (38,3) (39,2) (40,5) (41,7) (42,8) (43,10) (44,7) (45,7) (46,7) (47,6) (48,9) (49,11) 
(99,3) (94,6) (80,11) (58,13) (50,12) (3,3) (0,1) (51,11) (52,12) (53,10) (54,9) (55,10) (56,10) (57,11) 
(99,3) (94,6) (80,11) (58,13) (50,12) (3,3) (0,1) (59,10) (60,11) (61,10) (62,9) (63,9) (64,8) (65,8) (66,8) (67,7) (68,9) (69,9) (70,8) (71,7) (72,6) (73,2) (74,5) (75,6) (76,9) (77,8) (78,10) (79,10) 
(99,3) (94,6) (80,11) (58,13) (50,12) (3,3) (0,1) (81,9) (82,10) (83,8) (84,6) (85,5) (86,5) (87,3) (88,3) (89,5) (90,4) (91,4) (92,4) (93,5) 
(99,3) (94,6) (80,11) (58,13) (50,12) (3,3) (0,1) (95,2) (96,3) (97,4) (98,3) 
TD 2 :
(99,3) (94,6) (80,11) (58,13) (50,12) (3,3) (0,1) (2,2) (1,1) 
(99,3) (94,6) (80,11) (58,13) (50,12) (3,3) (0,1) (2,2) (1,1) 
(99,3) (94,6) (80,11) (58,13) (50,12) (3,3) (0,1) (52,12) (51,11) 
(99,3) (94,6) (80,11) (58,13) (50,12) (3,3) (0,1) (52,12) (53,10) (54,9) (55,10) (56,10) (57,11) 
(99,3) (94,6) (80,11) (58,13) (50,12) (3,3) (0,1) (82,10) (81,9) 
(99,3) (94,6) (80,11) (58,13) (50,12) (3,3) (0,1) (82,10) (83,8) (84,6) (85,5) (86,5) (87,3) (88,3) (89,5) (90,4) (91,4) (92,4) (93,5) 
(99,3) (94,6) (80,11) (58,13) (50,12) (3,3) (0,1) (98,3) (97,4) (95,2) (96,3) 
(99,3) (94,6) (80,11) (58,13) (50,12) (3,3) (0,1) (98,3) (97,4) 
TD 3 :
(99,3) (94,6) (80,11) (58,13) (50,12) (3,3) (0,1) (52,12) (51,11) 
(99,3) (94,6) (80,11) (58,13) (50,12) (3,3) (0,1) (52,12) (51,11) 
(99,3) (94,6) (80,11) (58,13) (50,12) (3,3) (0,1) (52,12) (57,11) (53,10) (54,9) (55,10) (56,10) 
(99,3) (94,6) (80,11) (58,13) (50,12) (3,3) (0,1) (52,12) (57,11) 
(99,3) (94,6) (80,11) (58,13) (50,12) (3,3) (0,1) (82,10) (93,5) (83,8) (84,6) (85,5) (86,5) (87,3) (88,3) (89,5) (90,4) (91,4) (92,4) 
(99,3) (94,6) (80,11) (58,13) (50,12) (3,3) (0,1) (82,10) (93,5) 
(99,3) (94,6) (80,11) (58,13) (50,12) (3,3) (0,1) (98,3) (97,4) (96,3) (95,2) 
TD 4 :
(99,3) (94,6) (80,11) (58,13) (50,12) (3,3) (0,1) (52,12) (57,11) (56,10) (55,10) (53,10) 
(99,3) (94,6) (80,11) (58,13) (50,12) (3,3) (0,1) (52,12) (57,11) (56,10) (55,10) (53,10) (54,9) 
(99,3) (94,6) (80,11) (58,13) (50,12) (3,3) (0,1) (52,12) (57,11) (56,10) (55,10) (53,10) 
(99,3) (94,6) (80,11) (58,13) (50,12) (3,3) (0,1) (52,12) (57,11) (56,10) (55,10) (53,10) 
(99,3) (94,6) (80,11) (58,13) (50,12) (3,3) (0,1) (82,10) (93,5) (92,4) (83,8) (84,6) (85,5) (86,5) (87,3) (88,3) (89,5) (90,4) (91,4) 
(99,3) (94,6) (80,11) (58,13) (50,12) (3,3) (0,1) (82,10) (93,5) (92,4) 
(99,3) (94,6) (80,11) (58,13) (50,12) (3,3) (0,1) (98,3) (97,4) (96,3) (95,2) 
TD 5 :
(99,3) (94,6) (80,11) (58,13) (50,12) (3,3) (0,1) (52,12) (57,11) (56,10) (55,10) (53,10) (54,9) 
(99,3) (94,6) (80,11) (58,13) (50,12) (3,3) (0,1) (52,12) (57,11) (56,10) (55,10) (53,10) (54,9) 
(99,3) (94,6) (80,11) (58,13) (50,12) (3,3) (0,1) (82,10) (93,5) (92,4) (91,4) (89,5) (83,8) 
(99,3) (94,6) (80,11) (58,13) (50,12) (3,3) (0,1) (82,10) (93,5) (92,4) (91,4) (89,5) (83,8) (84,6) (85,5) (86,5) (87,3) (88,3) 
(99,3) (94,6) (80,11) (58,13) (50,12) (3,3) (0,1) (82,10) (93,5) (92,4) (91,4) (89,5) (83,8) (90,4) 
TD 6 :
(99,3) (94,6) (80,11) (58,13) (50,12) (3,3) (0,1) (82,10) (93,5) (92,4) (91,4) (89,5) (83,8) (84,6) 
(99,3) (94,6) (80,11) (58,13) (50,12) (3,3) (0,1) (82,10) (93,5) (92,4) (91,4) (89,5) (83,8) (84,6) (85,5) (86,5) (87,3) (88,3) 
(99,3) (94,6) (80,11) (58,13) (50,12) (3,3) (0,1) (82,10) (93,5) (92,4) (91,4) (89,5) (83,8) (90,4) 
TD 7 :
(99,3) (94,6) (80,11) (58,13) (50,12) (3,3) (0,1) (82,10) (93,5) (92,4) (91,4) (89,5) (83,8) (84,6) (88,3) (86,5) (85,5) 
(99,3) (94,6) (80,11) (58,13) (50,12) (3,3) (0,1) (82,10) (93,5) (92,4) (91,4) (89,5) (83,8) (84,6) (88,3) (86,5) (87,3) 
TD 8 :
(99,3) (94,6) (80,11) (58,13) (50,12) (3,3) (0,1) (82,10) (93,5) (92,4) (91,4) (89,5) (83,8) (84,6) (88,3) (86,5) (85,5) 
(99,3) (94,6) (80,11) (58,13) (50,12) (3,3) (0,1) (82,10) (93,5) (92,4) (91,4) (89,5) (83,8) (84,6) (88,3) (86,5) (85,5) 
(99,3) (94,6) (80,11) (58,13) (50,12) (3,3) (0,1) (82,10) (93,5) (92,4) (91,4) (89,5) (83,8) (84,6) (88,3) (86,5) (87,3) 
TD 9 :
TD 10 :
TD 11 :
TD 12 :
TD 13 :
TD 14 :
Pocket 0 :
()
Pocket 1 :
({  (0,1) ,(1,1) } {  (2,2) ,(3,3) } {  (0,1) ,(1,1) } {  (2,2) ,(3,3) } {  (0,1) ,(1,1) } {  (2,2) ,(3,3) } {  (0,1) ,(1,1) } {  (2,2) ,(3,3) } {  (0,1) ,(1,1) } {  (2,2) ,(3,3) } {  (0,1) ,(1,1) } {  (2,2) ,(3,3) } )
Pocket 2 :
({  (1,1) ,(0,1) } {  (99,3) ,(2,2) } {  (1,1) ,(0,1) } {  (99,3) ,(2,2) } {  (53,10) ,(52,12) } {  (53,10) ,(52,12) } {  (83,8) ,(82,10) } {  (83,8) ,(82,10) } {  (98,3) ,(97,4) } {  (98,3) ,(97,4) } )
Pocket 3 :
({  (99,3) ,(51,11) } {  (99,3) ,(51,11) } {  (99,3) ,(57,11) } {  (99,3) ,(57,11) } {  (99,3) ,(93,5) } {  (99,3) ,(93,5) } {  (99,3) ,(96,3) } )
Pocket 4 :
({  (54,9) ,(53,10) } {  (54,9) ,(53,10) } {  (54,9) ,(53,10) } {  (54,9) ,(53,10) } {  (99,3) ,(92,4) } {  (99,3) ,(92,4) } {  (99,3) ,(95,2) } )
Pocket 5 :
({  (99,3) ,(54,9) } {  (99,3) ,(54,9) } {  (84,6) ,(83,8) } {  (84,6) ,(83,8) } {  (84,6) ,(83,8) } )
Pocket 6 :
({  (85,5) ,(84,6) } {  (85,5) ,(84,6) } {  (99,3) ,(90,4) } )
Pocket 7 :
({  (87,3) ,(86,5) } {  (87,3) ,(86,5) } )
Pocket 8 :
({  (99,3) ,(85,5) } {  (99,3) ,(85,5) } {  (99,3) ,(87,3) } )
Pocket 9 :
()
Pocket 10 :
()
Pocket 11 :
()
Pocket 12 :
()
Pocket 13 :
()
