16 layers in onion peeling: 
Layer 1
(99,18) (97,19) (32,20) (30,20) (29,20) (26,20) (17,19) (16,18) (0,1) 
Layer 2
(98,18) (31,19) (28,19) (27,19) (24,19) (21,19) (18,19) (15,16) (13,14) (11,12) (9,10) (8,9) (6,7) (4,5) (3,4) (1,0) 
Layer 3
(96,17) (33,18) (25,18) (23,18) (19,17) (12,12) (10,10) (7,7) (2,0) 
Layer 4
(95,17) (94,17) (90,17) (82,17) (80,17) (22,17) (14,13) (5,2) 
Layer 5
(93,15) (89,16) (88,16) (84,16) (83,16) (81,16) (20,15) 
Layer 6
(92,15) (86,15) (79,15) (34,15) 
Layer 7
(91,14) (78,14) (36,14) (35,14) 
Layer 8
(87,12) (85,13) (77,13) (76,13) (39,13) (37,13) 
Layer 9
(75,11) (74,12) (38,12) 
Layer 10
(73,10) (53,11) (43,11) (40,11) 
Layer 11
(72,9) (70,10) (52,10) (50,10) (45,10) (44,10) (41,9) 
Layer 12
(71,6) (69,8) (56,9) (42,9) 
Layer 13
(68,7) (66,8) (57,8) (54,8) (51,8) (49,8) (48,8) (46,6) 
Layer 14
(67,7) (55,7) (47,5) 
Layer 15
(65,6) (61,6) (60,6) (58,6) 
Layer 16
(64,4) (63,5) (62,5) (59,5) 
---------------------------------------------------------------------------------------
TD 0 :
(99,18) (98,18) (97,19) (96,17) (95,17) (94,17) (93,15) (92,15) (91,14) (90,17) (89,16) (88,16) (87,12) (86,15) (85,13) (84,16) (83,16) (82,17) (81,16) (80,17) (79,15) (78,14) (77,13) (76,13) (75,11) (74,12) (73,10) (72,9) (71,6) (70,10) (69,8) (68,7) (67,7) (66,8) (65,6) (64,4) (63,5) (62,5) (61,6) (60,6) (59,5) (58,6) (57,8) (56,9) (55,7) (54,8) (53,11) (52,10) (51,8) (50,10) (49,8) (48,8) (47,5) (46,6) (45,10) (44,10) (43,11) (42,9) (41,9) (40,11) (39,13) (38,12) (37,13) (36,14) (35,14) (34,15) (33,18) (32,20) (31,19) (30,20) (29,20) (28,19) (27,19) (26,20) (25,18) (24,19) (23,18) (22,17) (21,19) (20,15) (19,17) (18,19) (17,19) (16,18) (15,16) (14,13) (13,14) (12,12) (11,12) (10,10) (9,10) (8,9) (7,7) (6,7) (5,2) (4,5) (3,4) (2,0) (1,0) (0,1) 
TD 1 :
(99,18) (97,19) (32,20) (30,20) (29,20) (26,20) (17,19) (16,18) (0,1) (1,0) (2,0) (3,4) (4,5) (5,2) (6,7) (7,7) (8,9) (9,10) (10,10) (11,12) (12,12) (13,14) (14,13) (15,16) 
(99,18) (97,19) (32,20) (30,20) (29,20) (26,20) (17,19) (16,18) (0,1) 
(99,18) (97,19) (32,20) (30,20) (29,20) (26,20) (17,19) (16,18) (0,1) (18,19) (19,17) (20,15) (21,19) (22,17) (23,18) (24,19) (25,18) 
(99,18) (97,19) (32,20) (30,20) (29,20) (26,20) (17,19) (16,18) (0,1) (27,19) (28,19) 
(99,18) (97,19) (32,20) (30,20) (29,20) (26,20) (17,19) (16,18) (0,1) 
(99,18) (97,19) (32,20) (30,20) (29,20) (26,20) (17,19) (16,18) (0,1) (31,19) 
(99,18) (97,19) (32,20) (30,20) (29,20) (26,20) (17,19) (16,18) (0,1) (33,18) (34,15) (35,14) (36,14) (37,13) (38,12) (39,13) (40,11) (41,9) (42,9) (43,11) (44,10) (45,10) (46,6) (47,5) (48,8) (49,8) (50,10) (51,8) (52,10) (53,11) (54,8) (55,7) (56,9) (57,8) (58,6) (59,5) (60,6) (61,6) (62,5) (63,5) (64,4) (65,6) (66,8) (67,7) (68,7) (69,8) (70,10) (71,6) (72,9) (73,10) (74,12) (75,11) (76,13) (77,13) (78,14) (79,15) (80,17) (81,16) (82,17) (83,16) (84,16) (85,13) (86,15) (87,12) (88,16) (89,16) (90,17) (91,14) (92,15) (93,15) (94,17) (95,17) (96,17) 
(99,18) (97,19) (32,20) (30,20) (29,20) (26,20) (17,19) (16,18) (0,1) (98,18) 
TD 2 :
(99,18) (97,19) (32,20) (30,20) (29,20) (26,20) (17,19) (16,18) (0,1) (15,16) (13,14) (11,12) (9,10) (8,9) (6,7) (4,5) (3,4) (1,0) (2,0) 
(99,18) (97,19) (32,20) (30,20) (29,20) (26,20) (17,19) (16,18) (0,1) (15,16) (13,14) (11,12) (9,10) (8,9) (6,7) (4,5) (3,4) (1,0) 
(99,18) (97,19) (32,20) (30,20) (29,20) (26,20) (17,19) (16,18) (0,1) (15,16) (13,14) (11,12) (9,10) (8,9) (6,7) (4,5) (3,4) (1,0) (5,2) 
(99,18) (97,19) (32,20) (30,20) (29,20) (26,20) (17,19) (16,18) (0,1) (15,16) (13,14) (11,12) (9,10) (8,9) (6,7) (4,5) (3,4) (1,0) (7,7) 
(99,18) (97,19) (32,20) (30,20) (29,20) (26,20) (17,19) (16,18) (0,1) (15,16) (13,14) (11,12) (9,10) (8,9) (6,7) (4,5) (3,4) (1,0) 
(99,18) (97,19) (32,20) (30,20) (29,20) (26,20) (17,19) (16,18) (0,1) (15,16) (13,14) (11,12) (9,10) (8,9) (6,7) (4,5) (3,4) (1,0) (10,10) 
(99,18) (97,19) (32,20) (30,20) (29,20) (26,20) (17,19) (16,18) (0,1) (15,16) (13,14) (11,12) (9,10) (8,9) (6,7) (4,5) (3,4) (1,0) (12,12) 
(99,18) (97,19) (32,20) (30,20) (29,20) (26,20) (17,19) (16,18) (0,1) (15,16) (13,14) (11,12) (9,10) (8,9) (6,7) (4,5) (3,4) (1,0) (14,13) 
(99,18) (97,19) (32,20) (30,20) (29,20) (26,20) (17,19) (16,18) (0,1) (15,16) (13,14) (11,12) (9,10) (8,9) (6,7) (4,5) (3,4) (1,0) 
(99,18) (97,19) (32,20) (30,20) (29,20) (26,20) (17,19) (16,18) (0,1) (24,19) (21,19) (18,19) 
(99,18) (97,19) (32,20) (30,20) (29,20) (26,20) (17,19) (16,18) (0,1) (24,19) (21,19) (18,19) (19,17) (20,15) 
(99,18) (97,19) (32,20) (30,20) (29,20) (26,20) (17,19) (16,18) (0,1) (24,19) (21,19) (18,19) (22,17) (23,18) 
(99,18) (97,19) (32,20) (30,20) (29,20) (26,20) (17,19) (16,18) (0,1) (24,19) (21,19) (18,19) (25,18) 
(99,18) (97,19) (32,20) (30,20) (29,20) (26,20) (17,19) (16,18) (0,1) (28,19) (27,19) 
(99,18) (97,19) (32,20) (30,20) (29,20) (26,20) (17,19) (16,18) (0,1) (28,19) (27,19) 
(99,18) (97,19) (32,20) (30,20) (29,20) (26,20) (17,19) (16,18) (0,1) (28,19) (27,19) 
(99,18) (97,19) (32,20) (30,20) (29,20) (26,20) (17,19) (16,18) (0,1) (31,19) 
(99,18) (97,19) (32,20) (30,20) (29,20) (26,20) (17,19) (16,18) (0,1) (31,19) 
(99,18) (97,19) (32,20) (30,20) (29,20) (26,20) (17,19) (16,18) (0,1) (98,18) 
TD 3 :
(99,18) (97,19) (32,20) (30,20) (29,20) (26,20) (17,19) (16,18) (0,1) (15,16) (13,14) (11,12) (9,10) (8,9) (6,7) (4,5) (3,4) (1,0) (2,0) 
(99,18) (97,19) (32,20) (30,20) (29,20) (26,20) (17,19) (16,18) (0,1) (15,16) (13,14) (11,12) (9,10) (8,9) (6,7) (4,5) (3,4) (1,0) (7,7) 
(99,18) (97,19) (32,20) (30,20) (29,20) (26,20) (17,19) (16,18) (0,1) (15,16) (13,14) (11,12) (9,10) (8,9) (6,7) (4,5) (3,4) (1,0) (7,7) 
(99,18) (97,19) (32,20) (30,20) (29,20) (26,20) (17,19) (16,18) (0,1) (15,16) (13,14) (11,12) (9,10) (8,9) (6,7) (4,5) (3,4) (1,0) (10,10) 
(99,18) (97,19) (32,20) (30,20) (29,20) (26,20) (17,19) (16,18) (0,1) (15,16) (13,14) (11,12) (9,10) (8,9) (6,7) (4,5) (3,4) (1,0) (10,10) 
(99,18) (97,19) (32,20) (30,20) (29,20) (26,20) (17,19) (16,18) (0,1) (15,16) (13,14) (11,12) (9,10) (8,9) (6,7) (4,5) (3,4) (1,0) (12,12) 
(99,18) (97,19) (32,20) (30,20) (29,20) (26,20) (17,19) (16,18) (0,1) (15,16) (13,14) (11,12) (9,10) (8,9) (6,7) (4,5) (3,4) (1,0) (12,12) 
(99,18) (97,19) (32,20) (30,20) (29,20) (26,20) (17,19) (16,18) (0,1) (24,19) (21,19) (18,19) (19,17) 
(99,18) (97,19) (32,20) (30,20) (29,20) (26,20) (17,19) (16,18) (0,1) (24,19) (21,19) (18,19) (19,17) (20,15) 
(99,18) (97,19) (32,20) (30,20) (29,20) (26,20) (17,19) (16,18) (0,1) (24,19) (21,19) (18,19) (23,18) (22,17) 
(99,18) (97,19) (32,20) (30,20) (29,20) (26,20) (17,19) (16,18) (0,1) (24,19) (21,19) (18,19) (23,18) 
(99,18) (97,19) (32,20) (30,20) (29,20) (26,20) (17,19) (16,18) (0,1) (24,19) (21,19) (18,19) (25,18) 
(99,18) (97,19) (32,20) (30,20) (29,20) (26,20) (17,19) (16,18) (0,1) (24,19) (21,19) (18,19) (25,18) 
TD 4 :
(99,18) (97,19) (32,20) (30,20) (29,20) (26,20) (17,19) (16,18) (0,1) (24,19) (21,19) (18,19) (23,18) (22,17) 
(99,18) (97,19) (32,20) (30,20) (29,20) (26,20) (17,19) (16,18) (0,1) (24,19) (21,19) (18,19) (23,18) (22,17) 
TD 5 :
TD 6 :
TD 7 :
TD 8 :
TD 9 :
TD 10 :
TD 11 :
TD 12 :
TD 13 :
TD 14 :
TD 15 :
TD 16 :
Pocket 0 :
()
Pocket 1 :
({  (0,1) ,(1,0) } {  (15,16) ,(16,18) } {  (0,1) ,(1,0) } {  (15,16) ,(16,18) } {  (0,1) ,(1,0) } {  (15,16) ,(16,18) } {  (0,1) ,(1,0) } {  (15,16) ,(16,18) } {  (0,1) ,(1,0) } {  (15,16) ,(16,18) } {  (0,1) ,(1,0) } {  (15,16) ,(16,18) } {  (0,1) ,(1,0) } {  (15,16) ,(16,18) } {  (0,1) ,(1,0) } {  (15,16) ,(16,18) } )
Pocket 2 :
({  (1,0) ,(0,1) } {  (4,5) ,(3,4) } {  (1,0) ,(0,1) } {  (4,5) ,(3,4) } {  (1,0) ,(0,1) } {  (4,5) ,(3,4) } {  (1,0) ,(0,1) } {  (4,5) ,(3,4) } {  (1,0) ,(0,1) } {  (4,5) ,(3,4) } {  (1,0) ,(0,1) } {  (4,5) ,(3,4) } {  (1,0) ,(0,1) } {  (4,5) ,(3,4) } {  (1,0) ,(0,1) } {  (4,5) ,(3,4) } {  (1,0) ,(0,1) } {  (4,5) ,(3,4) } {  (19,17) ,(18,19) } {  (19,17) ,(18,19) } {  (19,17) ,(18,19) } {  (19,17) ,(18,19) } {  (28,19) ,(27,19) } {  (28,19) ,(27,19) } {  (28,19) ,(27,19) } {  (99,18) ,(31,19) } {  (99,18) ,(31,19) } {  (99,18) ,(98,18) } )
Pocket 3 :
({  (2,0) ,(1,0) } {  (99,18) ,(7,7) } {  (99,18) ,(7,7) } {  (99,18) ,(10,10) } {  (99,18) ,(10,10) } {  (99,18) ,(12,12) } {  (99,18) ,(12,12) } {  (20,15) ,(19,17) } {  (20,15) ,(19,17) } {  (99,18) ,(23,18) } {  (99,18) ,(23,18) } {  (99,18) ,(25,18) } {  (99,18) ,(25,18) } )
Pocket 4 :
({  (99,18) ,(22,17) } {  (99,18) ,(22,17) } )
Pocket 5 :
()
Pocket 6 :
()
Pocket 7 :
()
Pocket 8 :
()
Pocket 9 :
()
Pocket 10 :
()
Pocket 11 :
()
Pocket 12 :
()
Pocket 13 :
()
Pocket 14 :
()
Pocket 15 :
()
