84 layers in onion peeling: 
Layer 1
(999,131) (976,165) (601,222) (524,224) (403,183) (64,48) (22,20) (3,0) (0,-6) 
Layer 2
(998,128) (981,157) (977,160) (603,219) (523,223) (404,182) (65,48) (23,17) (4,0) (1,-7) 
Layer 3
(997,126) (980,156) (602,218) (525,221) (521,220) (408,182) (67,48) (30,19) (20,11) (2,-6) 
Layer 4
(996,124) (994,128) (993,130) (991,134) (982,151) (979,155) (975,156) (971,157) (604,216) (522,220) (405,179) (73,50) (66,47) (29,18) (24,14) (17,7) (14,3) (6,-8) (5,-12) 
Layer 5
(995,122) (989,135) (988,137) (978,155) (974,156) (970,157) (607,214) (526,215) (519,214) (409,180) (72,49) (63,44) (18,6) (10,-3) (8,-6) (7,-16) 
Layer 6
(992,124) (983,145) (972,152) (600,213) (520,213) (406,177) (77,48) (71,45) (31,16) (21,8) (19,6) (11,-2) (9,-11) 
Layer 7
(990,126) (987,134) (984,138) (973,151) (605,212) (599,212) (518,210) (407,176) (80,49) (78,48) (25,11) (15,0) (12,-6) 
Layer 8
(986,133) (985,135) (969,144) (614,210) (612,210) (611,210) (608,210) (593,210) (530,208) (517,207) (402,173) (74,45) (28,13) (27,12) (16,1) (13,-8) 
Layer 9
(968,132) (967,138) (949,147) (610,209) (606,209) (592,209) (527,204) (516,203) (508,202) (410,175) (79,46) (68,40) (62,36) (34,12) (26,5) 
Layer 10
(966,137) (950,145) (948,146) (617,207) (598,208) (538,202) (515,199) (503,197) (401,169) (85,47) (81,45) (70,39) (61,32) (32,8) 
Layer 11
(965,134) (951,143) (616,207) (615,207) (594,207) (590,207) (528,200) (504,197) (398,167) (88,48) (69,38) (43,17) (33,7) 
Layer 12
(964,126) (957,136) (952,142) (630,203) (613,206) (597,206) (589,206) (587,206) (529,200) (509,197) (496,194) (414,171) (397,165) (75,41) (51,23) (42,15) (35,4) 
Layer 13
(963,120) (960,130) (956,136) (947,142) (621,204) (609,205) (591,204) (534,200) (510,195) (486,190) (399,165) (82,43) (76,40) (57,27) (44,16) (40,10) (36,1) 
Layer 14
(962,123) (961,125) (958,130) (953,137) (944,140) (629,202) (622,203) (588,202) (537,200) (501,193) (413,168) (89,45) (60,29) (55,25) (54,24) (52,22) (45,15) (41,11) (37,-3) 
Layer 15
(959,126) (954,134) (946,137) (632,201) (536,199) (507,194) (485,188) (411,167) (90,45) (83,41) (59,26) (56,24) (39,3) (38,-2) 
Layer 16
(955,129) (945,136) (628,198) (620,199) (596,199) (533,196) (512,194) (502,192) (497,191) (412,167) (84,41) (58,25) (49,13) (46,4) 
Layer 17
(943,136) (633,196) (586,198) (539,196) (506,192) (480,185) (400,162) (86,41) (53,18) (50,13) (47,6) 
Layer 18
(942,125) (939,135) (631,196) (585,197) (531,194) (511,192) (487,186) (459,178) (396,158) (92,43) (87,39) (48,5) 
Layer 19
(941,125) (938,134) (634,194) (623,196) (618,196) (595,196) (513,191) (500,188) (415,164) (93,43) (91,41) 
Layer 20
(940,127) (823,155) (624,194) (584,195) (514,191) (505,189) (416,164) (94,39) 
Layer 21
(937,125) (936,126) (821,154) (627,191) (619,192) (532,189) (499,186) (460,176) (395,151) (95,34) 
Layer 22
(935,125) (822,150) (625,191) (535,189) (478,179) (461,176) (96,31) 
Layer 23
(934,124) (923,127) (626,190) (570,188) (540,186) (498,182) (477,178) (465,175) (458,173) (417,158) (100,32) (99,30) (97,25) 
Layer 24
(933,124) (825,147) (635,187) (582,187) (541,185) (483,178) (454,171) (98,27) 
Layer 25
(932,117) (922,124) (820,148) (642,184) (636,185) (583,186) (557,185) (543,184) (495,179) (479,177) (457,170) (418,156) (101,27) 
Layer 26
(931,111) (929,114) (925,120) (915,125) (895,130) (824,147) (815,149) (638,182) (580,184) (542,183) (481,177) (452,168) (394,145) (102,24) 
Layer 27
(930,108) (927,116) (924,120) (827,143) (643,181) (569,183) (544,182) (484,177) (453,168) (103,15) 
Layer 28
(928,112) (920,119) (916,121) (914,122) (826,143) (640,181) (581,182) (547,181) (464,171) (456,168) (420,152) (104,10) 
Layer 29
(926,112) (921,117) (912,122) (834,140) (637,181) (571,180) (556,179) (482,173) (463,170) (318,106) (112,9) (111,8) (105,0) 
Layer 30
(919,110) (917,115) (913,118) (911,119) (904,122) (892,126) (888,127) (828,140) (644,178) (639,179) (548,178) (488,173) (467,169) (455,165) (393,139) (323,108) (113,7) (109,1) (108,-3) (106,-11) 
Layer 31
(918,112) (900,123) (897,124) (893,125) (851,135) (641,178) (554,177) (466,168) (324,106) (114,6) (110,0) (107,-8) 
Layer 32
(910,114) (909,116) (903,121) (830,139) (816,142) (579,177) (545,175) (476,169) (462,165) (422,148) (328,106) (115,2) 
Layer 33
(908,114) (901,120) (898,122) (874,128) (833,137) (564,176) (489,169) (423,148) (325,104) (116,-1) 
Layer 34
(907,109) (902,116) (899,120) (896,122) (850,133) (831,137) (819,139) (645,164) (567,175) (562,175) (560,175) (546,174) (494,168) (468,162) (419,146) (320,101) (117,-1) 
Layer 35
(906,107) (905,110) (891,123) (829,137) (648,163) (568,174) (565,174) (561,174) (559,174) (555,174) (491,167) (470,162) (435,150) (421,145) (326,103) (118,-1) 
Layer 36
(894,120) (889,123) (832,136) (813,139) (572,172) (558,173) (490,165) (473,162) (451,155) (424,146) (319,99) (317,98) (119,-2) 
Layer 37
(890,119) (887,122) (849,132) (843,133) (646,161) (575,171) (563,171) (552,171) (475,160) (472,159) (469,158) (434,146) (392,131) (387,129) (316,97) (120,-6) 
Layer 38
(886,117) (885,119) (883,122) (863,128) (852,131) (647,159) (566,170) (551,169) (474,159) (450,151) (427,143) (315,96) (138,-1) (121,-11) 
Layer 39
(884,115) (882,118) (864,126) (842,132) (573,169) (550,168) (493,161) (471,155) (425,141) (389,127) (330,102) (123,-10) (122,-16) 
Layer 40
(881,113) (878,117) (875,120) (862,124) (845,129) (814,134) (578,168) (549,166) (449,148) (426,141) (388,125) (322,96) (126,-9) (125,-10) (124,-11) 
Layer 41
(880,113) (873,120) (836,130) (818,133) (650,156) (574,166) (553,165) (446,146) (442,145) (432,142) (386,124) (327,98) (321,95) (137,-5) (130,-11) (127,-17) 
Layer 42
(879,113) (853,124) (817,133) (649,156) (577,164) (576,164) (448,146) (439,144) (391,125) (333,99) (295,79) (131,-11) (129,-15) (128,-20) 
Layer 43
(877,108) (876,113) (848,125) (844,126) (812,132) (707,146) (651,152) (492,151) (441,144) (428,139) (334,99) (332,98) (296,79) (135,-9) (132,-13) 
Layer 44
(872,114) (870,115) (859,120) (847,125) (835,127) (705,146) (655,147) (444,144) (429,139) (329,96) (301,81) (136,-9) (133,-17) 
Layer 45
(871,114) (854,122) (846,124) (841,125) (704,146) (443,143) (433,140) (430,139) (390,122) (331,96) (139,-9) (134,-18) 
Layer 46
(869,106) (867,111) (865,116) (861,118) (837,124) (708,145) (706,145) (654,145) (445,143) (440,142) (385,119) (338,98) (312,85) (294,75) (141,-12) (140,-14) 
Layer 47
(868,100) (866,109) (860,114) (840,122) (703,143) (656,144) (447,142) (436,139) (431,137) (339,98) (311,84) (143,-17) (142,-19) 
Layer 48
(858,107) (856,111) (839,120) (709,142) (652,143) (437,133) (384,115) (335,95) (305,80) (303,79) (300,77) (169,-11) (144,-29) 
Layer 49
(857,105) (855,109) (838,119) (700,141) (653,142) (438,133) (341,96) (314,84) (299,76) (159,-21) (147,-31) (146,-32) (145,-36) 
Layer 50
(811,122) (702,140) (699,140) (657,138) (378,108) (365,103) (304,78) (160,-21) (148,-34) 
Layer 51
(810,121) (710,133) (658,138) (383,108) (340,92) (306,78) (302,76) (170,-16) (153,-29) (151,-33) (149,-43) 
Layer 52
(809,119) (701,133) (659,136) (381,106) (377,105) (336,90) (307,78) (298,73) (161,-23) (154,-29) (150,-41) 
Layer 53
(808,119) (660,135) (379,104) (370,101) (337,90) (297,70) (163,-22) (155,-31) (152,-36) 
Layer 54
(807,118) (698,129) (380,104) (367,99) (310,76) (171,-17) (162,-24) (158,-30) (156,-34) 
Layer 55
(806,115) (805,118) (697,125) (661,123) (382,104) (373,101) (313,77) (175,-19) (164,-29) (157,-36) 
Layer 56
(804,111) (803,112) (792,114) (696,121) (662,119) (372,100) (366,98) (309,73) (174,-20) (168,-26) (166,-28) (165,-36) 
Layer 57
(802,109) (797,113) (716,119) (663,118) (376,100) (371,99) (364,96) (308,71) (173,-23) (167,-31) 
Layer 58
(801,103) (798,109) (793,110) (717,118) (712,118) (711,118) (666,117) (375,99) (368,97) (362,95) (293,60) (177,-22) (172,-28) 
Layer 59
(800,101) (799,103) (794,107) (791,108) (715,114) (664,116) (369,96) (355,91) (291,58) (176,-24) 
Layer 60
(796,102) (795,104) (790,107) (713,114) (667,115) (363,93) (342,84) (292,58) (178,-26) 
Layer 61
(789,105) (788,106) (693,113) (673,113) (668,113) (374,93) (361,90) (289,55) (181,-33) (180,-34) (179,-37) 
Layer 62
(787,103) (773,106) (714,111) (665,112) (359,89) (290,51) (287,49) (195,-31) (182,-45) 
Layer 63
(786,92) (784,100) (779,101) (718,109) (692,111) (683,111) (356,86) (288,48) (194,-35) (186,-43) (183,-49) 
Layer 64
(785,95) (774,101) (695,110) (688,110) (686,110) (672,109) (360,84) (352,81) (343,77) (284,43) (279,39) (193,-37) (185,-48) (184,-51) 
Layer 65
(783,95) (782,96) (777,98) (762,101) (734,105) (694,109) (684,109) (670,108) (358,82) (354,81) (285,42) (278,37) (196,-35) (189,-43) (188,-46) (187,-50) 
Layer 66
(781,95) (775,98) (761,101) (730,105) (691,108) (690,108) (689,108) (685,108) (353,80) (283,39) (248,10) (197,-35) (190,-42) 
Layer 67
(780,95) (778,96) (763,100) (727,104) (682,107) (674,107) (357,78) (344,74) (286,38) (282,35) (250,9) (192,-43) (191,-49) 
Layer 68
(776,95) (760,100) (733,102) (687,105) (671,106) (669,106) (345,73) (276,30) (249,8) (198,-38) 
Layer 69
(772,96) (764,98) (728,101) (675,103) (349,72) (277,30) (246,4) (212,-27) (200,-41) (199,-45) 
Layer 70
(771,89) (770,95) (758,98) (731,100) (681,102) (350,70) (346,68) (266,18) (244,1) (213,-29) (201,-44) 
Layer 71
(769,85) (765,93) (742,97) (719,100) (676,97) (351,70) (281,27) (269,19) (243,0) (211,-33) (202,-47) 
Layer 72
(768,86) (766,88) (759,94) (743,96) (732,97) (729,97) (678,97) (348,68) (270,19) (247,0) (233,-12) (214,-30) (208,-38) (203,-46) 
Layer 73
(767,86) (757,93) (744,94) (722,95) (680,96) (347,65) (280,25) (271,19) (251,3) (245,-2) (235,-11) (232,-14) (209,-40) (207,-43) (204,-50) 
Layer 74
(756,90) (739,94) (721,95) (677,95) (275,21) (265,14) (236,-11) (210,-39) (205,-57) 
Layer 75
(755,78) (745,88) (741,92) (735,94) (726,94) (679,93) (272,17) (267,15) (237,-12) (234,-15) (215,-34) (206,-56) 
Layer 76
(754,76) (752,78) (736,92) (273,15) (268,14) (242,-8) (216,-35) 
Layer 77
(753,73) (738,90) (737,90) (720,89) (274,14) (262,7) (252,-1) (238,-13) (218,-39) (217,-45) 
Layer 78
(751,74) (746,80) (740,87) (724,88) (263,3) (253,-3) (240,-13) (239,-14) (231,-24) (219,-45) 
Layer 79
(750,70) (748,77) (747,78) (725,86) (264,3) (257,-1) (241,-15) (230,-28) (220,-45) 
Layer 80
(749,70) (723,83) (261,1) (229,-34) (221,-44) 
Layer 81
(260,-1) (226,-40) (222,-47) 
Layer 82
(259,-7) (258,-4) (228,-38) (223,-49) 
Layer 83
(256,-8) (225,-48) (224,-51) 
Layer 84
(255,-12) (254,-11) (227,-47) 
---------------------------------------------------------------------------------------
TD 0 :
(999,131) (998,128) (997,126) (996,124) (995,122) (994,128) (993,130) (992,124) (991,134) (990,126) (989,135) (988,137) (987,134) (986,133) (985,135) (984,138) (983,145) (982,151) (981,157) (980,156) (979,155) (978,155) (977,160) (976,165) (975,156) (974,156) (973,151) (972,152) (971,157) (970,157) (969,144) (968,132) (967,138) (966,137) (965,134) (964,126) (963,120) (962,123) (961,125) (960,130) (959,126) (958,130) (957,136) (956,136) (955,129) (954,134) (953,137) (952,142) (951,143) (950,145) (949,147) (948,146) (947,142) (946,137) (945,136) (944,140) (943,136) (942,125) (941,125) (940,127) (939,135) (938,134) (937,125) (936,126) (935,125) (934,124) (933,124) (932,117) (931,111) (930,108) (929,114) (928,112) (927,116) (926,112) (925,120) (924,120) (923,127) (922,124) (921,117) (920,119) (919,110) (918,112) (917,115) (916,121) (915,125) (914,122) (913,118) (912,122) (911,119) (910,114) (909,116) (908,114) (907,109) (906,107) (905,110) (904,122) (903,121) (902,116) (901,120) (900,123) (899,120) (898,122) (897,124) (896,122) (895,130) (894,120) (893,125) (892,126) (891,123) (890,119) (889,123) (888,127) (887,122) (886,117) (885,119) (884,115) (883,122) (882,118) (881,113) (880,113) (879,113) (878,117) (877,108) (876,113) (875,120) (874,128) (873,120) (872,114) (871,114) (870,115) (869,106) (868,100) (867,111) (866,109) (865,116) (864,126) (863,128) (862,124) (861,118) (860,114) (859,120) (858,107) (857,105) (856,111) (855,109) (854,122) (853,124) (852,131) (851,135) (850,133) (849,132) (848,125) (847,125) (846,124) (845,129) (844,126) (843,133) (842,132) (841,125) (840,122) (839,120) (838,119) (837,124) (836,130) (835,127) (834,140) (833,137) (832,136) (831,137) (830,139) (829,137) (828,140) (827,143) (826,143) (825,147) (824,147) (823,155) (822,150) (821,154) (820,148) (819,139) (818,133) (817,133) (816,142) (815,149) (814,134) (813,139) (812,132) (811,122) (810,121) (809,119) (808,119) (807,118) (806,115) (805,118) (804,111) (803,112) (802,109) (801,103) (800,101) (799,103) (798,109) (797,113) (796,102) (795,104) (794,107) (793,110) (792,114) (791,108) (790,107) (789,105) (788,106) (787,103) (786,92) (785,95) (784,100) (783,95) (782,96) (781,95) (780,95) (779,101) (778,96) (777,98) (776,95) (775,98) (774,101) (773,106) (772,96) (771,89) (770,95) (769,85) (768,86) (767,86) (766,88) (765,93) (764,98) (763,100) (762,101) (761,101) (760,100) (759,94) (758,98) (757,93) (756,90) (755,78) (754,76) (753,73) (752,78) (751,74) (750,70) (749,70) (748,77) (747,78) (746,80) (745,88) (744,94) (743,96) (742,97) (741,92) (740,87) (739,94) (738,90) (737,90) (736,92) (735,94) (734,105) (733,102) (732,97) (731,100) (730,105) (729,97) (728,101) (727,104) (726,94) (725,86) (724,88) (723,83) (722,95) (721,95) (720,89) (719,100) (718,109) (717,118) (716,119) (715,114) (714,111) (713,114) (712,118) (711,118) (710,133) (709,142) (708,145) (707,146) (706,145) (705,146) (704,146) (703,143) (702,140) (701,133) (700,141) (699,140) (698,129) (697,125) (696,121) (695,110) (694,109) (693,113) (692,111) (691,108) (690,108) (689,108) (688,110) (687,105) (686,110) (685,108) (684,109) (683,111) (682,107) (681,102) (680,96) (679,93) (678,97) (677,95) (676,97) (675,103) (674,107) (673,113) (672,109) (671,106) (670,108) (669,106) (668,113) (667,115) (666,117) (665,112) (664,116) (663,118) (662,119) (661,123) (660,135) (659,136) (658,138) (657,138) (656,144) (655,147) (654,145) (653,142) (652,143) (651,152) (650,156) (649,156) (648,163) (647,159) (646,161) (645,164) (644,178) (643,181) (642,184) (641,178) (640,181) (639,179) (638,182) (637,181) (636,185) (635,187) (634,194) (633,196) (632,201) (631,196) (630,203) (629,202) (628,198) (627,191) (626,190) (625,191) (624,194) (623,196) (622,203) (621,204) (620,199) (619,192) (618,196) (617,207) (616,207) (615,207) (614,210) (613,206) (612,210) (611,210) (610,209) (609,205) (608,210) (607,214) (606,209) (605,212) (604,216) (603,219) (602,218) (601,222) (600,213) (599,212) (598,208) (597,206) (596,199) (595,196) (594,207) (593,210) (592,209) (591,204) (590,207) (589,206) (588,202) (587,206) (586,198) (585,197) (584,195) (583,186) (582,187) (581,182) (580,184) (579,177) (578,168) (577,164) (576,164) (575,171) (574,166) (573,169) (572,172) (571,180) (570,188) (569,183) (568,174) (567,175) (566,170) (565,174) (564,176) (563,171) (562,175) (561,174) (560,175) (559,174) (558,173) (557,185) (556,179) (555,174) (554,177) (553,165) (552,171) (551,169) (550,168) (549,166) (548,178) (547,181) (546,174) (545,175) (544,182) (543,184) (542,183) (541,185) (540,186) (539,196) (538,202) (537,200) (536,199) (535,189) (534,200) (533,196) (532,189) (531,194) (530,208) (529,200) (528,200) (527,204) (526,215) (525,221) (524,224) (523,223) (522,220) (521,220) (520,213) (519,214) (518,210) (517,207) (516,203) (515,199) (514,191) (513,191) (512,194) (511,192) (510,195) (509,197) (508,202) (507,194) (506,192) (505,189) (504,197) (503,197) (502,192) (501,193) (500,188) (499,186) (498,182) (497,191) (496,194) (495,179) (494,168) (493,161) (492,151) (491,167) (490,165) (489,169) (488,173) (487,186) (486,190) (485,188) (484,177) (483,178) (482,173) (481,177) (480,185) (479,177) (478,179) (477,178) (476,169) (475,160) (474,159) (473,162) (472,159) (471,155) (470,162) (469,158) (468,162) (467,169) (466,168) (465,175) (464,171) (463,170) (462,165) (461,176) (460,176) (459,178) (458,173) (457,170) (456,168) (455,165) (454,171) (453,168) (452,168) (451,155) (450,151) (449,148) (448,146) (447,142) (446,146) (445,143) (444,144) (443,143) (442,145) (441,144) (440,142) (439,144) (438,133) (437,133) (436,139) (435,150) (434,146) (433,140) (432,142) (431,137) (430,139) (429,139) (428,139) (427,143) (426,141) (425,141) (424,146) (423,148) (422,148) (421,145) (420,152) (419,146) (418,156) (417,158) (416,164) (415,164) (414,171) (413,168) (412,167) (411,167) (410,175) (409,180) (408,182) (407,176) (406,177) (405,179) (404,182) (403,183) (402,173) (401,169) (400,162) (399,165) (398,167) (397,165) (396,158) (395,151) (394,145) (393,139) (392,131) (391,125) (390,122) (389,127) (388,125) (387,129) (386,124) (385,119) (384,115) (383,108) (382,104) (381,106) (380,104) (379,104) (378,108) (377,105) (376,100) (375,99) (374,93) (373,101) (372,100) (371,99) (370,101) (369,96) (368,97) (367,99) (366,98) (365,103) (364,96) (363,93) (362,95) (361,90) (360,84) (359,89) (358,82) (357,78) (356,86) (355,91) (354,81) (353,80) (352,81) (351,70) (350,70) (349,72) (348,68) (347,65) (346,68) (345,73) (344,74) (343,77) (342,84) (341,96) (340,92) (339,98) (338,98) (337,90) (336,90) (335,95) (334,99) (333,99) (332,98) (331,96) (330,102) (329,96) (328,106) (327,98) (326,103) (325,104) (324,106) (323,108) (322,96) (321,95) (320,101) (319,99) (318,106) (317,98) (316,97) (315,96) (314,84) (313,77) (312,85) (311,84) (310,76) (309,73) (308,71) (307,78) (306,78) (305,80) (304,78) (303,79) (302,76) (301,81) (300,77) (299,76) (298,73) (297,70) (296,79) (295,79) (294,75) (293,60) (292,58) (291,58) (290,51) (289,55) (288,48) (287,49) (286,38) (285,42) (284,43) (283,39) (282,35) (281,27) (280,25) (279,39) (278,37) (277,30) (276,30) (275,21) (274,14) (273,15) (272,17) (271,19) (270,19) (269,19) (268,14) (267,15) (266,18) (265,14) (264,3) (263,3) (262,7) (261,1) (260,-1) (259,-7) (258,-4) (257,-1) (256,-8) (255,-12) (254,-11) (253,-3) (252,-1) (251,3) (250,9) (249,8) (248,10) (247,0) (246,4) (245,-2) (244,1) (243,0) (242,-8) (241,-15) (240,-13) (239,-14) (238,-13) (237,-12) (236,-11) (235,-11) (234,-15) (233,-12) (232,-14) (231,-24) (230,-28) (229,-34) (228,-38) (227,-47) (226,-40) (225,-48) (224,-51) (223,-49) (222,-47) (221,-44) (220,-45) (219,-45) (218,-39) (217,-45) (216,-35) (215,-34) (214,-30) (213,-29) (212,-27) (211,-33) (210,-39) (209,-40) (208,-38) (207,-43) (206,-56) (205,-57) (204,-50) (203,-46) (202,-47) (201,-44) (200,-41) (199,-45) (198,-38) (197,-35) (196,-35) (195,-31) (194,-35) (193,-37) (192,-43) (191,-49) (190,-42) (189,-43) (188,-46) (187,-50) (186,-43) (185,-48) (184,-51) (183,-49) (182,-45) (181,-33) (180,-34) (179,-37) (178,-26) (177,-22) (176,-24) (175,-19) (174,-20) (173,-23) (172,-28) (171,-17) (170,-16) (169,-11) (168,-26) (167,-31) (166,-28) (165,-36) (164,-29) (163,-22) (162,-24) (161,-23) (160,-21) (159,-21) (158,-30) (157,-36) (156,-34) (155,-31) (154,-29) (153,-29) (152,-36) (151,-33) (150,-41) (149,-43) (148,-34) (147,-31) (146,-32) (145,-36) (144,-29) (143,-17) (142,-19) (141,-12) (140,-14) (139,-9) (138,-1) (137,-5) (136,-9) (135,-9) (134,-18) (133,-17) (132,-13) (131,-11) (130,-11) (129,-15) (128,-20) (127,-17) (126,-9) (125,-10) (124,-11) (123,-10) (122,-16) (121,-11) (120,-6) (119,-2) (118,-1) (117,-1) (116,-1) (115,2) (114,6) (113,7) (112,9) (111,8) (110,0) (109,1) (108,-3) (107,-8) (106,-11) (105,0) (104,10) (103,15) (102,24) (101,27) (100,32) (99,30) (98,27) (97,25) (96,31) (95,34) (94,39) (93,43) (92,43) (91,41) (90,45) (89,45) (88,48) (87,39) (86,41) (85,47) (84,41) (83,41) (82,43) (81,45) (80,49) (79,46) (78,48) (77,48) (76,40) (75,41) (74,45) (73,50) (72,49) (71,45) (70,39) (69,38) (68,40) (67,48) (66,47) (65,48) (64,48) (63,44) (62,36) (61,32) (60,29) (59,26) (58,25) (57,27) (56,24) (55,25) (54,24) (53,18) (52,22) (51,23) (50,13) (49,13) (48,5) (47,6) (46,4) (45,15) (44,16) (43,17) (42,15) (41,11) (40,10) (39,3) (38,-2) (37,-3) (36,1) (35,4) (34,12) (33,7) (32,8) (31,16) (30,19) (29,18) (28,13) (27,12) (26,5) (25,11) (24,14) (23,17) (22,20) (21,8) (20,11) (19,6) (18,6) (17,7) (16,1) (15,0) (14,3) (13,-8) (12,-6) (11,-2) (10,-3) (9,-11) (8,-6) (7,-16) (6,-8) (5,-12) (4,0) (3,0) (2,-6) (1,-7) (0,-6) 
TD 1 :
(999,131) (976,165) (601,222) (524,224) (403,183) (64,48) (22,20) (3,0) (0,-6) (1,-7) (2,-6) 
(999,131) (976,165) (601,222) (524,224) (403,183) (64,48) (22,20) (3,0) (0,-6) (4,0) (5,-12) (6,-8) (7,-16) (8,-6) (9,-11) (10,-3) (11,-2) (12,-6) (13,-8) (14,3) (15,0) (16,1) (17,7) (18,6) (19,6) (20,11) (21,8) 
(999,131) (976,165) (601,222) (524,224) (403,183) (64,48) (22,20) (3,0) (0,-6) (23,17) (24,14) (25,11) (26,5) (27,12) (28,13) (29,18) (30,19) (31,16) (32,8) (33,7) (34,12) (35,4) (36,1) (37,-3) (38,-2) (39,3) (40,10) (41,11) (42,15) (43,17) (44,16) (45,15) (46,4) (47,6) (48,5) (49,13) (50,13) (51,23) (52,22) (53,18) (54,24) (55,25) (56,24) (57,27) (58,25) (59,26) (60,29) (61,32) (62,36) (63,44) 
(999,131) (976,165) (601,222) (524,224) (403,183) (64,48) (22,20) (3,0) (0,-6) (65,48) (66,47) (67,48) (68,40) (69,38) (70,39) (71,45) (72,49) (73,50) (74,45) (75,41) (76,40) (77,48) (78,48) (79,46) (80,49) (81,45) (82,43) (83,41) (84,41) (85,47) (86,41) (87,39) (88,48) (89,45) (90,45) (91,41) (92,43) (93,43) (94,39) (95,34) (96,31) (97,25) (98,27) (99,30) (100,32) (101,27) (102,24) (103,15) (104,10) (105,0) (106,-11) (107,-8) (108,-3) (109,1) (110,0) (111,8) (112,9) (113,7) (114,6) (115,2) (116,-1) (117,-1) (118,-1) (119,-2) (120,-6) (121,-11) (122,-16) (123,-10) (124,-11) (125,-10) (126,-9) (127,-17) (128,-20) (129,-15) (130,-11) (131,-11) (132,-13) (133,-17) (134,-18) (135,-9) (136,-9) (137,-5) (138,-1) (139,-9) (140,-14) (141,-12) (142,-19) (143,-17) (144,-29) (145,-36) (146,-32) (147,-31) (148,-34) (149,-43) (150,-41) (151,-33) (152,-36) (153,-29) (154,-29) (155,-31) (156,-34) (157,-36) (158,-30) (159,-21) (160,-21) (161,-23) (162,-24) (163,-22) (164,-29) (165,-36) (166,-28) (167,-31) (168,-26) (169,-11) (170,-16) (171,-17) (172,-28) (173,-23) (174,-20) (175,-19) (176,-24) (177,-22) (178,-26) (179,-37) (180,-34) (181,-33) (182,-45) (183,-49) (184,-51) (185,-48) (186,-43) (187,-50) (188,-46) (189,-43) (190,-42) (191,-49) (192,-43) (193,-37) (194,-35) (195,-31) (196,-35) (197,-35) (198,-38) (199,-45) (200,-41) (201,-44) (202,-47) (203,-46) (204,-50) (205,-57) (206,-56) (207,-43) (208,-38) (209,-40) (210,-39) (211,-33) (212,-27) (213,-29) (214,-30) (215,-34) (216,-35) (217,-45) (218,-39) (219,-45) (220,-45) (221,-44) (222,-47) (223,-49) (224,-51) (225,-48) (226,-40) (227,-47) (228,-38) (229,-34) (230,-28) (231,-24) (232,-14) (233,-12) (234,-15) (235,-11) (236,-11) (237,-12) (238,-13) (239,-14) (240,-13) (241,-15) (242,-8) (243,0) (244,1) (245,-2) (246,4) (247,0) (248,10) (249,8) (250,9) (251,3) (252,-1) (253,-3) (254,-11) (255,-12) (256,-8) (257,-1) (258,-4) (259,-7) (260,-1) (261,1) (262,7) (263,3) (264,3) (265,14) (266,18) (267,15) (268,14) (269,19) (270,19) (271,19) (272,17) (273,15) (274,14) (275,21) (276,30) (277,30) (278,37) (279,39) (280,25) (281,27) (282,35) (283,39) (284,43) (285,42) (286,38) (287,49) (288,48) (289,55) (290,51) (291,58) (292,58) (293,60) (294,75) (295,79) (296,79) (297,70) (298,73) (299,76) (300,77) (301,81) (302,76) (303,79) (304,78) (305,80) (306,78) (307,78) (308,71) (309,73) (310,76) (311,84) (312,85) (313,77) (314,84) (315,96) (316,97) (317,98) (318,106) (319,99) (320,101) (321,95) (322,96) (323,108) (324,106) (325,104) (326,103) (327,98) (328,106) (329,96) (330,102) (331,96) (332,98) (333,99) (334,99) (335,95) (336,90) (337,90) (338,98) (339,98) (340,92) (341,96) (342,84) (343,77) (344,74) (345,73) (346,68) (347,65) (348,68) (349,72) (350,70) (351,70) (352,81) (353,80) (354,81) (355,91) (356,86) (357,78) (358,82) (359,89) (360,84) (361,90) (362,95) (363,93) (364,96) (365,103) (366,98) (367,99) (368,97) (369,96) (370,101) (371,99) (372,100) (373,101) (374,93) (375,99) (376,100) (377,105) (378,108) (379,104) (380,104) (381,106) (382,104) (383,108) (384,115) (385,119) (386,124) (387,129) (388,125) (389,127) (390,122) (391,125) (392,131) (393,139) (394,145) (395,151) (396,158) (397,165) (398,167) (399,165) (400,162) (401,169) (402,173) 
(999,131) (976,165) (601,222) (524,224) (403,183) (64,48) (22,20) (3,0) (0,-6) (404,182) (405,179) (406,177) (407,176) (408,182) (409,180) (410,175) (411,167) (412,167) (413,168) (414,171) (415,164) (416,164) (417,158) (418,156) (419,146) (420,152) (421,145) (422,148) (423,148) (424,146) (425,141) (426,141) (427,143) (428,139) (429,139) (430,139) (431,137) (432,142) (433,140) (434,146) (435,150) (436,139) (437,133) (438,133) (439,144) (440,142) (441,144) (442,145) (443,143) (444,144) (445,143) (446,146) (447,142) (448,146) (449,148) (450,151) (451,155) (452,168) (453,168) (454,171) (455,165) (456,168) (457,170) (458,173) (459,178) (460,176) (461,176) (462,165) (463,170) (464,171) (465,175) (466,168) (467,169) (468,162) (469,158) (470,162) (471,155) (472,159) (473,162) (474,159) (475,160) (476,169) (477,178) (478,179) (479,177) (480,185) (481,177) (482,173) (483,178) (484,177) (485,188) (486,190) (487,186) (488,173) (489,169) (490,165) (491,167) (492,151) (493,161) (494,168) (495,179) (496,194) (497,191) (498,182) (499,186) (500,188) (501,193) (502,192) (503,197) (504,197) (505,189) (506,192) (507,194) (508,202) (509,197) (510,195) (511,192) (512,194) (513,191) (514,191) (515,199) (516,203) (517,207) (518,210) (519,214) (520,213) (521,220) (522,220) (523,223) 
(999,131) (976,165) (601,222) (524,224) (403,183) (64,48) (22,20) (3,0) (0,-6) (525,221) (526,215) (527,204) (528,200) (529,200) (530,208) (531,194) (532,189) (533,196) (534,200) (535,189) (536,199) (537,200) (538,202) (539,196) (540,186) (541,185) (542,183) (543,184) (544,182) (545,175) (546,174) (547,181) (548,178) (549,166) (550,168) (551,169) (552,171) (553,165) (554,177) (555,174) (556,179) (557,185) (558,173) (559,174) (560,175) (561,174) (562,175) (563,171) (564,176) (565,174) (566,170) (567,175) (568,174) (569,183) (570,188) (571,180) (572,172) (573,169) (574,166) (575,171) (576,164) (577,164) (578,168) (579,177) (580,184) (581,182) (582,187) (583,186) (584,195) (585,197) (586,198) (587,206) (588,202) (589,206) (590,207) (591,204) (592,209) (593,210) (594,207) (595,196) (596,199) (597,206) (598,208) (599,212) (600,213) 
(999,131) (976,165) (601,222) (524,224) (403,183) (64,48) (22,20) (3,0) (0,-6) (602,218) (603,219) (604,216) (605,212) (606,209) (607,214) (608,210) (609,205) (610,209) (611,210) (612,210) (613,206) (614,210) (615,207) (616,207) (617,207) (618,196) (619,192) (620,199) (621,204) (622,203) (623,196) (624,194) (625,191) (626,190) (627,191) (628,198) (629,202) (630,203) (631,196) (632,201) (633,196) (634,194) (635,187) (636,185) (637,181) (638,182) (639,179) (640,181) (641,178) (642,184) (643,181) (644,178) (645,164) (646,161) (647,159) (648,163) (649,156) (650,156) (651,152) (652,143) (653,142) (654,145) (655,147) (656,144) (657,138) (658,138) (659,136) (660,135) (661,123) (662,119) (663,118) (664,116) (665,112) (666,117) (667,115) (668,113) (669,106) (670,108) (671,106) (672,109) (673,113) (674,107) (675,103) (676,97) (677,95) (678,97) (679,93) (680,96) (681,102) (682,107) (683,111) (684,109) (685,108) (686,110) (687,105) (688,110) (689,108) (690,108) (691,108) (692,111) (693,113) (694,109) (695,110) (696,121) (697,125) (698,129) (699,140) (700,141) (701,133) (702,140) (703,143) (704,146) (705,146) (706,145) (707,146) (708,145) (709,142) (710,133) (711,118) (712,118) (713,114) (714,111) (715,114) (716,119) (717,118) (718,109) (719,100) (720,89) (721,95) (722,95) (723,83) (724,88) (725,86) (726,94) (727,104) (728,101) (729,97) (730,105) (731,100) (732,97) (733,102) (734,105) (735,94) (736,92) (737,90) (738,90) (739,94) (740,87) (741,92) (742,97) (743,96) (744,94) (745,88) (746,80) (747,78) (748,77) (749,70) (750,70) (751,74) (752,78) (753,73) (754,76) (755,78) (756,90) (757,93) (758,98) (759,94) (760,100) (761,101) (762,101) (763,100) (764,98) (765,93) (766,88) (767,86) (768,86) (769,85) (770,95) (771,89) (772,96) (773,106) (774,101) (775,98) (776,95) (777,98) (778,96) (779,101) (780,95) (781,95) (782,96) (783,95) (784,100) (785,95) (786,92) (787,103) (788,106) (789,105) (790,107) (791,108) (792,114) (793,110) (794,107) (795,104) (796,102) (797,113) (798,109) (799,103) (800,101) (801,103) (802,109) (803,112) (804,111) (805,118) (806,115) (807,118) (808,119) (809,119) (810,121) (811,122) (812,132) (813,139) (814,134) (815,149) (816,142) (817,133) (818,133) (819,139) (820,148) (821,154) (822,150) (823,155) (824,147) (825,147) (826,143) (827,143) (828,140) (829,137) (830,139) (831,137) (832,136) (833,137) (834,140) (835,127) (836,130) (837,124) (838,119) (839,120) (840,122) (841,125) (842,132) (843,133) (844,126) (845,129) (846,124) (847,125) (848,125) (849,132) (850,133) (851,135) (852,131) (853,124) (854,122) (855,109) (856,111) (857,105) (858,107) (859,120) (860,114) (861,118) (862,124) (863,128) (864,126) (865,116) (866,109) (867,111) (868,100) (869,106) (870,115) (871,114) (872,114) (873,120) (874,128) (875,120) (876,113) (877,108) (878,117) (879,113) (880,113) (881,113) (882,118) (883,122) (884,115) (885,119) (886,117) (887,122) (888,127) (889,123) (890,119) (891,123) (892,126) (893,125) (894,120) (895,130) (896,122) (897,124) (898,122) (899,120) (900,123) (901,120) (902,116) (903,121) (904,122) (905,110) (906,107) (907,109) (908,114) (909,116) (910,114) (911,119) (912,122) (913,118) (914,122) (915,125) (916,121) (917,115) (918,112) (919,110) (920,119) (921,117) (922,124) (923,127) (924,120) (925,120) (926,112) (927,116) (928,112) (929,114) (930,108) (931,111) (932,117) (933,124) (934,124) (935,125) (936,126) (937,125) (938,134) (939,135) (940,127) (941,125) (942,125) (943,136) (944,140) (945,136) (946,137) (947,142) (948,146) (949,147) (950,145) (951,143) (952,142) (953,137) (954,134) (955,129) (956,136) (957,136) (958,130) (959,126) (960,130) (961,125) (962,123) (963,120) (964,126) (965,134) (966,137) (967,138) (968,132) (969,144) (970,157) (971,157) (972,152) (973,151) (974,156) (975,156) 
(999,131) (976,165) (601,222) (524,224) (403,183) (64,48) (22,20) (3,0) (0,-6) (977,160) (978,155) (979,155) (980,156) (981,157) (982,151) (983,145) (984,138) (985,135) (986,133) (987,134) (988,137) (989,135) (990,126) (991,134) (992,124) (993,130) (994,128) (995,122) (996,124) (997,126) (998,128) 
TD 2 :
(999,131) (976,165) (601,222) (524,224) (403,183) (64,48) (22,20) (3,0) (0,-6) (1,-7) (2,-6) 
(999,131) (976,165) (601,222) (524,224) (403,183) (64,48) (22,20) (3,0) (0,-6) (4,0) 
(999,131) (976,165) (601,222) (524,224) (403,183) (64,48) (22,20) (3,0) (0,-6) (4,0) (5,-12) (6,-8) (7,-16) (8,-6) (9,-11) (10,-3) (11,-2) (12,-6) (13,-8) (14,3) (15,0) (16,1) (17,7) (18,6) (19,6) (20,11) (21,8) 
(999,131) (976,165) (601,222) (524,224) (403,183) (64,48) (22,20) (3,0) (0,-6) (23,17) 
(999,131) (976,165) (601,222) (524,224) (403,183) (64,48) (22,20) (3,0) (0,-6) (23,17) (24,14) (25,11) (26,5) (27,12) (28,13) (29,18) (30,19) (31,16) (32,8) (33,7) (34,12) (35,4) (36,1) (37,-3) (38,-2) (39,3) (40,10) (41,11) (42,15) (43,17) (44,16) (45,15) (46,4) (47,6) (48,5) (49,13) (50,13) (51,23) (52,22) (53,18) (54,24) (55,25) (56,24) (57,27) (58,25) (59,26) (60,29) (61,32) (62,36) (63,44) 
(999,131) (976,165) (601,222) (524,224) (403,183) (64,48) (22,20) (3,0) (0,-6) (65,48) 
(999,131) (976,165) (601,222) (524,224) (403,183) (64,48) (22,20) (3,0) (0,-6) (65,48) (66,47) (67,48) (68,40) (69,38) (70,39) (71,45) (72,49) (73,50) (74,45) (75,41) (76,40) (77,48) (78,48) (79,46) (80,49) (81,45) (82,43) (83,41) (84,41) (85,47) (86,41) (87,39) (88,48) (89,45) (90,45) (91,41) (92,43) (93,43) (94,39) (95,34) (96,31) (97,25) (98,27) (99,30) (100,32) (101,27) (102,24) (103,15) (104,10) (105,0) (106,-11) (107,-8) (108,-3) (109,1) (110,0) (111,8) (112,9) (113,7) (114,6) (115,2) (116,-1) (117,-1) (118,-1) (119,-2) (120,-6) (121,-11) (122,-16) (123,-10) (124,-11) (125,-10) (126,-9) (127,-17) (128,-20) (129,-15) (130,-11) (131,-11) (132,-13) (133,-17) (134,-18) (135,-9) (136,-9) (137,-5) (138,-1) (139,-9) (140,-14) (141,-12) (142,-19) (143,-17) (144,-29) (145,-36) (146,-32) (147,-31) (148,-34) (149,-43) (150,-41) (151,-33) (152,-36) (153,-29) (154,-29) (155,-31) (156,-34) (157,-36) (158,-30) (159,-21) (160,-21) (161,-23) (162,-24) (163,-22) (164,-29) (165,-36) (166,-28) (167,-31) (168,-26) (169,-11) (170,-16) (171,-17) (172,-28) (173,-23) (174,-20) (175,-19) (176,-24) (177,-22) (178,-26) (179,-37) (180,-34) (181,-33) (182,-45) (183,-49) (184,-51) (185,-48) (186,-43) (187,-50) (188,-46) (189,-43) (190,-42) (191,-49) (192,-43) (193,-37) (194,-35) (195,-31) (196,-35) (197,-35) (198,-38) (199,-45) (200,-41) (201,-44) (202,-47) (203,-46) (204,-50) (205,-57) (206,-56) (207,-43) (208,-38) (209,-40) (210,-39) (211,-33) (212,-27) (213,-29) (214,-30) (215,-34) (216,-35) (217,-45) (218,-39) (219,-45) (220,-45) (221,-44) (222,-47) (223,-49) (224,-51) (225,-48) (226,-40) (227,-47) (228,-38) (229,-34) (230,-28) (231,-24) (232,-14) (233,-12) (234,-15) (235,-11) (236,-11) (237,-12) (238,-13) (239,-14) (240,-13) (241,-15) (242,-8) (243,0) (244,1) (245,-2) (246,4) (247,0) (248,10) (249,8) (250,9) (251,3) (252,-1) (253,-3) (254,-11) (255,-12) (256,-8) (257,-1) (258,-4) (259,-7) (260,-1) (261,1) (262,7) (263,3) (264,3) (265,14) (266,18) (267,15) (268,14) (269,19) (270,19) (271,19) (272,17) (273,15) (274,14) (275,21) (276,30) (277,30) (278,37) (279,39) (280,25) (281,27) (282,35) (283,39) (284,43) (285,42) (286,38) (287,49) (288,48) (289,55) (290,51) (291,58) (292,58) (293,60) (294,75) (295,79) (296,79) (297,70) (298,73) (299,76) (300,77) (301,81) (302,76) (303,79) (304,78) (305,80) (306,78) (307,78) (308,71) (309,73) (310,76) (311,84) (312,85) (313,77) (314,84) (315,96) (316,97) (317,98) (318,106) (319,99) (320,101) (321,95) (322,96) (323,108) (324,106) (325,104) (326,103) (327,98) (328,106) (329,96) (330,102) (331,96) (332,98) (333,99) (334,99) (335,95) (336,90) (337,90) (338,98) (339,98) (340,92) (341,96) (342,84) (343,77) (344,74) (345,73) (346,68) (347,65) (348,68) (349,72) (350,70) (351,70) (352,81) (353,80) (354,81) (355,91) (356,86) (357,78) (358,82) (359,89) (360,84) (361,90) (362,95) (363,93) (364,96) (365,103) (366,98) (367,99) (368,97) (369,96) (370,101) (371,99) (372,100) (373,101) (374,93) (375,99) (376,100) (377,105) (378,108) (379,104) (380,104) (381,106) (382,104) (383,108) (384,115) (385,119) (386,124) (387,129) (388,125) (389,127) (390,122) (391,125) (392,131) (393,139) (394,145) (395,151) (396,158) (397,165) (398,167) (399,165) (400,162) (401,169) (402,173) 
(999,131) (976,165) (601,222) (524,224) (403,183) (64,48) (22,20) (3,0) (0,-6) (523,223) (404,182) 
(999,131) (976,165) (601,222) (524,224) (403,183) (64,48) (22,20) (3,0) (0,-6) (523,223) (404,182) (405,179) (406,177) (407,176) (408,182) (409,180) (410,175) (411,167) (412,167) (413,168) (414,171) (415,164) (416,164) (417,158) (418,156) (419,146) (420,152) (421,145) (422,148) (423,148) (424,146) (425,141) (426,141) (427,143) (428,139) (429,139) (430,139) (431,137) (432,142) (433,140) (434,146) (435,150) (436,139) (437,133) (438,133) (439,144) (440,142) (441,144) (442,145) (443,143) (444,144) (445,143) (446,146) (447,142) (448,146) (449,148) (450,151) (451,155) (452,168) (453,168) (454,171) (455,165) (456,168) (457,170) (458,173) (459,178) (460,176) (461,176) (462,165) (463,170) (464,171) (465,175) (466,168) (467,169) (468,162) (469,158) (470,162) (471,155) (472,159) (473,162) (474,159) (475,160) (476,169) (477,178) (478,179) (479,177) (480,185) (481,177) (482,173) (483,178) (484,177) (485,188) (486,190) (487,186) (488,173) (489,169) (490,165) (491,167) (492,151) (493,161) (494,168) (495,179) (496,194) (497,191) (498,182) (499,186) (500,188) (501,193) (502,192) (503,197) (504,197) (505,189) (506,192) (507,194) (508,202) (509,197) (510,195) (511,192) (512,194) (513,191) (514,191) (515,199) (516,203) (517,207) (518,210) (519,214) (520,213) (521,220) (522,220) 
(999,131) (976,165) (601,222) (524,224) (403,183) (64,48) (22,20) (3,0) (0,-6) (523,223) (404,182) 
(999,131) (976,165) (601,222) (524,224) (403,183) (64,48) (22,20) (3,0) (0,-6) (603,219) (602,218) 
(999,131) (976,165) (601,222) (524,224) (403,183) (64,48) (22,20) (3,0) (0,-6) (603,219) (604,216) (605,212) (606,209) (607,214) (608,210) (609,205) (610,209) (611,210) (612,210) (613,206) (614,210) (615,207) (616,207) (617,207) (618,196) (619,192) (620,199) (621,204) (622,203) (623,196) (624,194) (625,191) (626,190) (627,191) (628,198) (629,202) (630,203) (631,196) (632,201) (633,196) (634,194) (635,187) (636,185) (637,181) (638,182) (639,179) (640,181) (641,178) (642,184) (643,181) (644,178) (645,164) (646,161) (647,159) (648,163) (649,156) (650,156) (651,152) (652,143) (653,142) (654,145) (655,147) (656,144) (657,138) (658,138) (659,136) (660,135) (661,123) (662,119) (663,118) (664,116) (665,112) (666,117) (667,115) (668,113) (669,106) (670,108) (671,106) (672,109) (673,113) (674,107) (675,103) (676,97) (677,95) (678,97) (679,93) (680,96) (681,102) (682,107) (683,111) (684,109) (685,108) (686,110) (687,105) (688,110) (689,108) (690,108) (691,108) (692,111) (693,113) (694,109) (695,110) (696,121) (697,125) (698,129) (699,140) (700,141) (701,133) (702,140) (703,143) (704,146) (705,146) (706,145) (707,146) (708,145) (709,142) (710,133) (711,118) (712,118) (713,114) (714,111) (715,114) (716,119) (717,118) (718,109) (719,100) (720,89) (721,95) (722,95) (723,83) (724,88) (725,86) (726,94) (727,104) (728,101) (729,97) (730,105) (731,100) (732,97) (733,102) (734,105) (735,94) (736,92) (737,90) (738,90) (739,94) (740,87) (741,92) (742,97) (743,96) (744,94) (745,88) (746,80) (747,78) (748,77) (749,70) (750,70) (751,74) (752,78) (753,73) (754,76) (755,78) (756,90) (757,93) (758,98) (759,94) (760,100) (761,101) (762,101) (763,100) (764,98) (765,93) (766,88) (767,86) (768,86) (769,85) (770,95) (771,89) (772,96) (773,106) (774,101) (775,98) (776,95) (777,98) (778,96) (779,101) (780,95) (781,95) (782,96) (783,95) (784,100) (785,95) (786,92) (787,103) (788,106) (789,105) (790,107) (791,108) (792,114) (793,110) (794,107) (795,104) (796,102) (797,113) (798,109) (799,103) (800,101) (801,103) (802,109) (803,112) (804,111) (805,118) (806,115) (807,118) (808,119) (809,119) (810,121) (811,122) (812,132) (813,139) (814,134) (815,149) (816,142) (817,133) (818,133) (819,139) (820,148) (821,154) (822,150) (823,155) (824,147) (825,147) (826,143) (827,143) (828,140) (829,137) (830,139) (831,137) (832,136) (833,137) (834,140) (835,127) (836,130) (837,124) (838,119) (839,120) (840,122) (841,125) (842,132) (843,133) (844,126) (845,129) (846,124) (847,125) (848,125) (849,132) (850,133) (851,135) (852,131) (853,124) (854,122) (855,109) (856,111) (857,105) (858,107) (859,120) (860,114) (861,118) (862,124) (863,128) (864,126) (865,116) (866,109) (867,111) (868,100) (869,106) (870,115) (871,114) (872,114) (873,120) (874,128) (875,120) (876,113) (877,108) (878,117) (879,113) (880,113) (881,113) (882,118) (883,122) (884,115) (885,119) (886,117) (887,122) (888,127) (889,123) (890,119) (891,123) (892,126) (893,125) (894,120) (895,130) (896,122) (897,124) (898,122) (899,120) (900,123) (901,120) (902,116) (903,121) (904,122) (905,110) (906,107) (907,109) (908,114) (909,116) (910,114) (911,119) (912,122) (913,118) (914,122) (915,125) (916,121) (917,115) (918,112) (919,110) (920,119) (921,117) (922,124) (923,127) (924,120) (925,120) (926,112) (927,116) (928,112) (929,114) (930,108) (931,111) (932,117) (933,124) (934,124) (935,125) (936,126) (937,125) (938,134) (939,135) (940,127) (941,125) (942,125) (943,136) (944,140) (945,136) (946,137) (947,142) (948,146) (949,147) (950,145) (951,143) (952,142) (953,137) (954,134) (955,129) (956,136) (957,136) (958,130) (959,126) (960,130) (961,125) (962,123) (963,120) (964,126) (965,134) (966,137) (967,138) (968,132) (969,144) (970,157) (971,157) (972,152) (973,151) (974,156) (975,156) 
(999,131) (976,165) (601,222) (524,224) (403,183) (64,48) (22,20) (3,0) (0,-6) (998,128) (981,157) (977,160) 
(999,131) (976,165) (601,222) (524,224) (403,183) (64,48) (22,20) (3,0) (0,-6) (998,128) (981,157) (977,160) (978,155) (979,155) (980,156) 
(999,131) (976,165) (601,222) (524,224) (403,183) (64,48) (22,20) (3,0) (0,-6) (998,128) (981,157) (977,160) (982,151) (983,145) (984,138) (985,135) (986,133) (987,134) (988,137) (989,135) (990,126) (991,134) (992,124) (993,130) (994,128) (995,122) (996,124) (997,126) 
TD 3 :
(999,131) (976,165) (601,222) (524,224) (403,183) (64,48) (22,20) (3,0) (0,-6) (1,-7) (2,-6) 
(999,131) (976,165) (601,222) (524,224) (403,183) (64,48) (22,20) (3,0) (0,-6) (4,0) (20,11) (5,-12) (6,-8) (7,-16) (8,-6) (9,-11) (10,-3) (11,-2) (12,-6) (13,-8) (14,3) (15,0) (16,1) (17,7) (18,6) (19,6) 
(999,131) (976,165) (601,222) (524,224) (403,183) (64,48) (22,20) (3,0) (0,-6) (4,0) (20,11) (21,8) 
(999,131) (976,165) (601,222) (524,224) (403,183) (64,48) (22,20) (3,0) (0,-6) (23,17) (30,19) (24,14) (25,11) (26,5) (27,12) (28,13) (29,18) 
(999,131) (976,165) (601,222) (524,224) (403,183) (64,48) (22,20) (3,0) (0,-6) (23,17) (30,19) (31,16) (32,8) (33,7) (34,12) (35,4) (36,1) (37,-3) (38,-2) (39,3) (40,10) (41,11) (42,15) (43,17) (44,16) (45,15) (46,4) (47,6) (48,5) (49,13) (50,13) (51,23) (52,22) (53,18) (54,24) (55,25) (56,24) (57,27) (58,25) (59,26) (60,29) (61,32) (62,36) (63,44) 
(999,131) (976,165) (601,222) (524,224) (403,183) (64,48) (22,20) (3,0) (0,-6) (65,48) (67,48) (66,47) 
(999,131) (976,165) (601,222) (524,224) (403,183) (64,48) (22,20) (3,0) (0,-6) (65,48) (67,48) (68,40) (69,38) (70,39) (71,45) (72,49) (73,50) (74,45) (75,41) (76,40) (77,48) (78,48) (79,46) (80,49) (81,45) (82,43) (83,41) (84,41) (85,47) (86,41) (87,39) (88,48) (89,45) (90,45) (91,41) (92,43) (93,43) (94,39) (95,34) (96,31) (97,25) (98,27) (99,30) (100,32) (101,27) (102,24) (103,15) (104,10) (105,0) (106,-11) (107,-8) (108,-3) (109,1) (110,0) (111,8) (112,9) (113,7) (114,6) (115,2) (116,-1) (117,-1) (118,-1) (119,-2) (120,-6) (121,-11) (122,-16) (123,-10) (124,-11) (125,-10) (126,-9) (127,-17) (128,-20) (129,-15) (130,-11) (131,-11) (132,-13) (133,-17) (134,-18) (135,-9) (136,-9) (137,-5) (138,-1) (139,-9) (140,-14) (141,-12) (142,-19) (143,-17) (144,-29) (145,-36) (146,-32) (147,-31) (148,-34) (149,-43) (150,-41) (151,-33) (152,-36) (153,-29) (154,-29) (155,-31) (156,-34) (157,-36) (158,-30) (159,-21) (160,-21) (161,-23) (162,-24) (163,-22) (164,-29) (165,-36) (166,-28) (167,-31) (168,-26) (169,-11) (170,-16) (171,-17) (172,-28) (173,-23) (174,-20) (175,-19) (176,-24) (177,-22) (178,-26) (179,-37) (180,-34) (181,-33) (182,-45) (183,-49) (184,-51) (185,-48) (186,-43) (187,-50) (188,-46) (189,-43) (190,-42) (191,-49) (192,-43) (193,-37) (194,-35) (195,-31) (196,-35) (197,-35) (198,-38) (199,-45) (200,-41) (201,-44) (202,-47) (203,-46) (204,-50) (205,-57) (206,-56) (207,-43) (208,-38) (209,-40) (210,-39) (211,-33) (212,-27) (213,-29) (214,-30) (215,-34) (216,-35) (217,-45) (218,-39) (219,-45) (220,-45) (221,-44) (222,-47) (223,-49) (224,-51) (225,-48) (226,-40) (227,-47) (228,-38) (229,-34) (230,-28) (231,-24) (232,-14) (233,-12) (234,-15) (235,-11) (236,-11) (237,-12) (238,-13) (239,-14) (240,-13) (241,-15) (242,-8) (243,0) (244,1) (245,-2) (246,4) (247,0) (248,10) (249,8) (250,9) (251,3) (252,-1) (253,-3) (254,-11) (255,-12) (256,-8) (257,-1) (258,-4) (259,-7) (260,-1) (261,1) (262,7) (263,3) (264,3) (265,14) (266,18) (267,15) (268,14) (269,19) (270,19) (271,19) (272,17) (273,15) (274,14) (275,21) (276,30) (277,30) (278,37) (279,39) (280,25) (281,27) (282,35) (283,39) (284,43) (285,42) (286,38) (287,49) (288,48) (289,55) (290,51) (291,58) (292,58) (293,60) (294,75) (295,79) (296,79) (297,70) (298,73) (299,76) (300,77) (301,81) (302,76) (303,79) (304,78) (305,80) (306,78) (307,78) (308,71) (309,73) (310,76) (311,84) (312,85) (313,77) (314,84) (315,96) (316,97) (317,98) (318,106) (319,99) (320,101) (321,95) (322,96) (323,108) (324,106) (325,104) (326,103) (327,98) (328,106) (329,96) (330,102) (331,96) (332,98) (333,99) (334,99) (335,95) (336,90) (337,90) (338,98) (339,98) (340,92) (341,96) (342,84) (343,77) (344,74) (345,73) (346,68) (347,65) (348,68) (349,72) (350,70) (351,70) (352,81) (353,80) (354,81) (355,91) (356,86) (357,78) (358,82) (359,89) (360,84) (361,90) (362,95) (363,93) (364,96) (365,103) (366,98) (367,99) (368,97) (369,96) (370,101) (371,99) (372,100) (373,101) (374,93) (375,99) (376,100) (377,105) (378,108) (379,104) (380,104) (381,106) (382,104) (383,108) (384,115) (385,119) (386,124) (387,129) (388,125) (389,127) (390,122) (391,125) (392,131) (393,139) (394,145) (395,151) (396,158) (397,165) (398,167) (399,165) (400,162) (401,169) (402,173) 
(999,131) (976,165) (601,222) (524,224) (403,183) (64,48) (22,20) (3,0) (0,-6) (523,223) (404,182) (521,220) (408,182) (405,179) (406,177) (407,176) 
(999,131) (976,165) (601,222) (524,224) (403,183) (64,48) (22,20) (3,0) (0,-6) (523,223) (404,182) (521,220) (408,182) (409,180) (410,175) (411,167) (412,167) (413,168) (414,171) (415,164) (416,164) (417,158) (418,156) (419,146) (420,152) (421,145) (422,148) (423,148) (424,146) (425,141) (426,141) (427,143) (428,139) (429,139) (430,139) (431,137) (432,142) (433,140) (434,146) (435,150) (436,139) (437,133) (438,133) (439,144) (440,142) (441,144) (442,145) (443,143) (444,144) (445,143) (446,146) (447,142) (448,146) (449,148) (450,151) (451,155) (452,168) (453,168) (454,171) (455,165) (456,168) (457,170) (458,173) (459,178) (460,176) (461,176) (462,165) (463,170) (464,171) (465,175) (466,168) (467,169) (468,162) (469,158) (470,162) (471,155) (472,159) (473,162) (474,159) (475,160) (476,169) (477,178) (478,179) (479,177) (480,185) (481,177) (482,173) (483,178) (484,177) (485,188) (486,190) (487,186) (488,173) (489,169) (490,165) (491,167) (492,151) (493,161) (494,168) (495,179) (496,194) (497,191) (498,182) (499,186) (500,188) (501,193) (502,192) (503,197) (504,197) (505,189) (506,192) (507,194) (508,202) (509,197) (510,195) (511,192) (512,194) (513,191) (514,191) (515,199) (516,203) (517,207) (518,210) (519,214) (520,213) 
(999,131) (976,165) (601,222) (524,224) (403,183) (64,48) (22,20) (3,0) (0,-6) (523,223) (404,182) (521,220) (408,182) (522,220) 
(999,131) (976,165) (601,222) (524,224) (403,183) (64,48) (22,20) (3,0) (0,-6) (603,219) (602,218) 
(999,131) (976,165) (601,222) (524,224) (403,183) (64,48) (22,20) (3,0) (0,-6) (603,219) (602,218) 
(999,131) (976,165) (601,222) (524,224) (403,183) (64,48) (22,20) (3,0) (0,-6) (998,128) (981,157) (977,160) (980,156) (978,155) (979,155) 
(999,131) (976,165) (601,222) (524,224) (403,183) (64,48) (22,20) (3,0) (0,-6) (998,128) (981,157) (977,160) (980,156) 
(999,131) (976,165) (601,222) (524,224) (403,183) (64,48) (22,20) (3,0) (0,-6) (998,128) (981,157) (977,160) (997,126) (982,151) (983,145) (984,138) (985,135) (986,133) (987,134) (988,137) (989,135) (990,126) (991,134) (992,124) (993,130) (994,128) (995,122) (996,124) 
TD 4 :
(999,131) (976,165) (601,222) (524,224) (403,183) (64,48) (22,20) (3,0) (0,-6) (4,0) (20,11) (17,7) (14,3) (6,-8) (5,-12) 
(999,131) (976,165) (601,222) (524,224) (403,183) (64,48) (22,20) (3,0) (0,-6) (4,0) (20,11) (17,7) (14,3) (6,-8) (5,-12) (7,-16) (8,-6) (9,-11) (10,-3) (11,-2) (12,-6) (13,-8) 
(999,131) (976,165) (601,222) (524,224) (403,183) (64,48) (22,20) (3,0) (0,-6) (4,0) (20,11) (17,7) (14,3) (6,-8) (5,-12) (15,0) (16,1) 
(999,131) (976,165) (601,222) (524,224) (403,183) (64,48) (22,20) (3,0) (0,-6) (4,0) (20,11) (17,7) (14,3) (6,-8) (5,-12) (18,6) (19,6) 
(999,131) (976,165) (601,222) (524,224) (403,183) (64,48) (22,20) (3,0) (0,-6) (23,17) (30,19) (29,18) (24,14) 
(999,131) (976,165) (601,222) (524,224) (403,183) (64,48) (22,20) (3,0) (0,-6) (23,17) (30,19) (29,18) (24,14) (25,11) (26,5) (27,12) (28,13) 
(999,131) (976,165) (601,222) (524,224) (403,183) (64,48) (22,20) (3,0) (0,-6) (23,17) (30,19) (29,18) (24,14) 
(999,131) (976,165) (601,222) (524,224) (403,183) (64,48) (22,20) (3,0) (0,-6) (65,48) (67,48) (66,47) 
(999,131) (976,165) (601,222) (524,224) (403,183) (64,48) (22,20) (3,0) (0,-6) (65,48) (67,48) (66,47) 
(999,131) (976,165) (601,222) (524,224) (403,183) (64,48) (22,20) (3,0) (0,-6) (65,48) (67,48) (73,50) (68,40) (69,38) (70,39) (71,45) (72,49) 
(999,131) (976,165) (601,222) (524,224) (403,183) (64,48) (22,20) (3,0) (0,-6) (65,48) (67,48) (73,50) (74,45) (75,41) (76,40) (77,48) (78,48) (79,46) (80,49) (81,45) (82,43) (83,41) (84,41) (85,47) (86,41) (87,39) (88,48) (89,45) (90,45) (91,41) (92,43) (93,43) (94,39) (95,34) (96,31) (97,25) (98,27) (99,30) (100,32) (101,27) (102,24) (103,15) (104,10) (105,0) (106,-11) (107,-8) (108,-3) (109,1) (110,0) (111,8) (112,9) (113,7) (114,6) (115,2) (116,-1) (117,-1) (118,-1) (119,-2) (120,-6) (121,-11) (122,-16) (123,-10) (124,-11) (125,-10) (126,-9) (127,-17) (128,-20) (129,-15) (130,-11) (131,-11) (132,-13) (133,-17) (134,-18) (135,-9) (136,-9) (137,-5) (138,-1) (139,-9) (140,-14) (141,-12) (142,-19) (143,-17) (144,-29) (145,-36) (146,-32) (147,-31) (148,-34) (149,-43) (150,-41) (151,-33) (152,-36) (153,-29) (154,-29) (155,-31) (156,-34) (157,-36) (158,-30) (159,-21) (160,-21) (161,-23) (162,-24) (163,-22) (164,-29) (165,-36) (166,-28) (167,-31) (168,-26) (169,-11) (170,-16) (171,-17) (172,-28) (173,-23) (174,-20) (175,-19) (176,-24) (177,-22) (178,-26) (179,-37) (180,-34) (181,-33) (182,-45) (183,-49) (184,-51) (185,-48) (186,-43) (187,-50) (188,-46) (189,-43) (190,-42) (191,-49) (192,-43) (193,-37) (194,-35) (195,-31) (196,-35) (197,-35) (198,-38) (199,-45) (200,-41) (201,-44) (202,-47) (203,-46) (204,-50) (205,-57) (206,-56) (207,-43) (208,-38) (209,-40) (210,-39) (211,-33) (212,-27) (213,-29) (214,-30) (215,-34) (216,-35) (217,-45) (218,-39) (219,-45) (220,-45) (221,-44) (222,-47) (223,-49) (224,-51) (225,-48) (226,-40) (227,-47) (228,-38) (229,-34) (230,-28) (231,-24) (232,-14) (233,-12) (234,-15) (235,-11) (236,-11) (237,-12) (238,-13) (239,-14) (240,-13) (241,-15) (242,-8) (243,0) (244,1) (245,-2) (246,4) (247,0) (248,10) (249,8) (250,9) (251,3) (252,-1) (253,-3) (254,-11) (255,-12) (256,-8) (257,-1) (258,-4) (259,-7) (260,-1) (261,1) (262,7) (263,3) (264,3) (265,14) (266,18) (267,15) (268,14) (269,19) (270,19) (271,19) (272,17) (273,15) (274,14) (275,21) (276,30) (277,30) (278,37) (279,39) (280,25) (281,27) (282,35) (283,39) (284,43) (285,42) (286,38) (287,49) (288,48) (289,55) (290,51) (291,58) (292,58) (293,60) (294,75) (295,79) (296,79) (297,70) (298,73) (299,76) (300,77) (301,81) (302,76) (303,79) (304,78) (305,80) (306,78) (307,78) (308,71) (309,73) (310,76) (311,84) (312,85) (313,77) (314,84) (315,96) (316,97) (317,98) (318,106) (319,99) (320,101) (321,95) (322,96) (323,108) (324,106) (325,104) (326,103) (327,98) (328,106) (329,96) (330,102) (331,96) (332,98) (333,99) (334,99) (335,95) (336,90) (337,90) (338,98) (339,98) (340,92) (341,96) (342,84) (343,77) (344,74) (345,73) (346,68) (347,65) (348,68) (349,72) (350,70) (351,70) (352,81) (353,80) (354,81) (355,91) (356,86) (357,78) (358,82) (359,89) (360,84) (361,90) (362,95) (363,93) (364,96) (365,103) (366,98) (367,99) (368,97) (369,96) (370,101) (371,99) (372,100) (373,101) (374,93) (375,99) (376,100) (377,105) (378,108) (379,104) (380,104) (381,106) (382,104) (383,108) (384,115) (385,119) (386,124) (387,129) (388,125) (389,127) (390,122) (391,125) (392,131) (393,139) (394,145) (395,151) (396,158) (397,165) (398,167) (399,165) (400,162) (401,169) (402,173) 
(999,131) (976,165) (601,222) (524,224) (403,183) (64,48) (22,20) (3,0) (0,-6) (523,223) (404,182) (521,220) (408,182) (405,179) 
(999,131) (976,165) (601,222) (524,224) (403,183) (64,48) (22,20) (3,0) (0,-6) (523,223) (404,182) (521,220) (408,182) (405,179) (406,177) (407,176) 
(999,131) (976,165) (601,222) (524,224) (403,183) (64,48) (22,20) (3,0) (0,-6) (523,223) (404,182) (521,220) (408,182) (522,220) 
(999,131) (976,165) (601,222) (524,224) (403,183) (64,48) (22,20) (3,0) (0,-6) (523,223) (404,182) (521,220) (408,182) (522,220) 
(999,131) (976,165) (601,222) (524,224) (403,183) (64,48) (22,20) (3,0) (0,-6) (998,128) (981,157) (977,160) (980,156) (979,155) (978,155) 
(999,131) (976,165) (601,222) (524,224) (403,183) (64,48) (22,20) (3,0) (0,-6) (998,128) (981,157) (977,160) (980,156) (979,155) 
(999,131) (976,165) (601,222) (524,224) (403,183) (64,48) (22,20) (3,0) (0,-6) (998,128) (981,157) (977,160) (997,126) (996,124) (994,128) (993,130) (991,134) (982,151) 
(999,131) (976,165) (601,222) (524,224) (403,183) (64,48) (22,20) (3,0) (0,-6) (998,128) (981,157) (977,160) (997,126) (996,124) (994,128) (993,130) (991,134) (982,151) (983,145) (984,138) (985,135) (986,133) (987,134) (988,137) (989,135) (990,126) 
(999,131) (976,165) (601,222) (524,224) (403,183) (64,48) (22,20) (3,0) (0,-6) (998,128) (981,157) (977,160) (997,126) (996,124) (994,128) (993,130) (991,134) (982,151) (992,124) 
(999,131) (976,165) (601,222) (524,224) (403,183) (64,48) (22,20) (3,0) (0,-6) (998,128) (981,157) (977,160) (997,126) (996,124) (994,128) (993,130) (991,134) (982,151) 
(999,131) (976,165) (601,222) (524,224) (403,183) (64,48) (22,20) (3,0) (0,-6) (998,128) (981,157) (977,160) (997,126) (996,124) (994,128) (993,130) (991,134) (982,151) (995,122) 
TD 5 :
(999,131) (976,165) (601,222) (524,224) (403,183) (64,48) (22,20) (3,0) (0,-6) (4,0) (20,11) (17,7) (14,3) (6,-8) (5,-12) (10,-3) (8,-6) (7,-16) 
(999,131) (976,165) (601,222) (524,224) (403,183) (64,48) (22,20) (3,0) (0,-6) (4,0) (20,11) (17,7) (14,3) (6,-8) (5,-12) (10,-3) (8,-6) (7,-16) (9,-11) 
(999,131) (976,165) (601,222) (524,224) (403,183) (64,48) (22,20) (3,0) (0,-6) (4,0) (20,11) (17,7) (14,3) (6,-8) (5,-12) (10,-3) (8,-6) (7,-16) (11,-2) (12,-6) (13,-8) 
(999,131) (976,165) (601,222) (524,224) (403,183) (64,48) (22,20) (3,0) (0,-6) (4,0) (20,11) (17,7) (14,3) (6,-8) (5,-12) (18,6) 
(999,131) (976,165) (601,222) (524,224) (403,183) (64,48) (22,20) (3,0) (0,-6) (4,0) (20,11) (17,7) (14,3) (6,-8) (5,-12) (18,6) (19,6) 
(999,131) (976,165) (601,222) (524,224) (403,183) (64,48) (22,20) (3,0) (0,-6) (65,48) (67,48) (73,50) (72,49) (68,40) (69,38) (70,39) (71,45) 
(999,131) (976,165) (601,222) (524,224) (403,183) (64,48) (22,20) (3,0) (0,-6) (65,48) (67,48) (73,50) (72,49) 
(999,131) (976,165) (601,222) (524,224) (403,183) (64,48) (22,20) (3,0) (0,-6) (998,128) (981,157) (977,160) (980,156) (979,155) (978,155) 
(999,131) (976,165) (601,222) (524,224) (403,183) (64,48) (22,20) (3,0) (0,-6) (998,128) (981,157) (977,160) (980,156) (979,155) (978,155) 
(999,131) (976,165) (601,222) (524,224) (403,183) (64,48) (22,20) (3,0) (0,-6) (998,128) (981,157) (977,160) (997,126) (996,124) (994,128) (993,130) (991,134) (982,151) (989,135) (988,137) (983,145) (984,138) (985,135) (986,133) (987,134) 
(999,131) (976,165) (601,222) (524,224) (403,183) (64,48) (22,20) (3,0) (0,-6) (998,128) (981,157) (977,160) (997,126) (996,124) (994,128) (993,130) (991,134) (982,151) (989,135) (988,137) 
(999,131) (976,165) (601,222) (524,224) (403,183) (64,48) (22,20) (3,0) (0,-6) (998,128) (981,157) (977,160) (997,126) (996,124) (994,128) (993,130) (991,134) (982,151) (989,135) (988,137) (990,126) 
(999,131) (976,165) (601,222) (524,224) (403,183) (64,48) (22,20) (3,0) (0,-6) (998,128) (981,157) (977,160) (997,126) (996,124) (994,128) (993,130) (991,134) (982,151) (995,122) 
TD 6 :
(999,131) (976,165) (601,222) (524,224) (403,183) (64,48) (22,20) (3,0) (0,-6) (4,0) (20,11) (17,7) (14,3) (6,-8) (5,-12) (10,-3) (8,-6) (7,-16) (9,-11) 
(999,131) (976,165) (601,222) (524,224) (403,183) (64,48) (22,20) (3,0) (0,-6) (4,0) (20,11) (17,7) (14,3) (6,-8) (5,-12) (10,-3) (8,-6) (7,-16) (11,-2) 
(999,131) (976,165) (601,222) (524,224) (403,183) (64,48) (22,20) (3,0) (0,-6) (4,0) (20,11) (17,7) (14,3) (6,-8) (5,-12) (10,-3) (8,-6) (7,-16) (11,-2) (12,-6) (13,-8) 
(999,131) (976,165) (601,222) (524,224) (403,183) (64,48) (22,20) (3,0) (0,-6) (4,0) (20,11) (17,7) (14,3) (6,-8) (5,-12) (18,6) (19,6) 
(999,131) (976,165) (601,222) (524,224) (403,183) (64,48) (22,20) (3,0) (0,-6) (4,0) (20,11) (17,7) (14,3) (6,-8) (5,-12) (18,6) (19,6) 
(999,131) (976,165) (601,222) (524,224) (403,183) (64,48) (22,20) (3,0) (0,-6) (65,48) (67,48) (73,50) (72,49) (71,45) (68,40) (69,38) (70,39) 
(999,131) (976,165) (601,222) (524,224) (403,183) (64,48) (22,20) (3,0) (0,-6) (65,48) (67,48) (73,50) (72,49) (71,45) 
(999,131) (976,165) (601,222) (524,224) (403,183) (64,48) (22,20) (3,0) (0,-6) (998,128) (981,157) (977,160) (997,126) (996,124) (994,128) (993,130) (991,134) (982,151) (989,135) (988,137) (983,145) 
(999,131) (976,165) (601,222) (524,224) (403,183) (64,48) (22,20) (3,0) (0,-6) (998,128) (981,157) (977,160) (997,126) (996,124) (994,128) (993,130) (991,134) (982,151) (989,135) (988,137) (983,145) (984,138) (985,135) (986,133) (987,134) 
TD 7 :
(999,131) (976,165) (601,222) (524,224) (403,183) (64,48) (22,20) (3,0) (0,-6) (4,0) (20,11) (17,7) (14,3) (6,-8) (5,-12) (10,-3) (8,-6) (7,-16) (11,-2) (12,-6) (13,-8) 
(999,131) (976,165) (601,222) (524,224) (403,183) (64,48) (22,20) (3,0) (0,-6) (998,128) (981,157) (977,160) (997,126) (996,124) (994,128) (993,130) (991,134) (982,151) (989,135) (988,137) (983,145) (987,134) (984,138) 
(999,131) (976,165) (601,222) (524,224) (403,183) (64,48) (22,20) (3,0) (0,-6) (998,128) (981,157) (977,160) (997,126) (996,124) (994,128) (993,130) (991,134) (982,151) (989,135) (988,137) (983,145) (987,134) (984,138) (985,135) (986,133) 
(999,131) (976,165) (601,222) (524,224) (403,183) (64,48) (22,20) (3,0) (0,-6) (998,128) (981,157) (977,160) (997,126) (996,124) (994,128) (993,130) (991,134) (982,151) (989,135) (988,137) (983,145) (987,134) (984,138) 
TD 8 :
(999,131) (976,165) (601,222) (524,224) (403,183) (64,48) (22,20) (3,0) (0,-6) (4,0) (20,11) (17,7) (14,3) (6,-8) (5,-12) (10,-3) (8,-6) (7,-16) (11,-2) (12,-6) (13,-8) 
(999,131) (976,165) (601,222) (524,224) (403,183) (64,48) (22,20) (3,0) (0,-6) (998,128) (981,157) (977,160) (997,126) (996,124) (994,128) (993,130) (991,134) (982,151) (989,135) (988,137) (983,145) (987,134) (984,138) (986,133) (985,135) 
(999,131) (976,165) (601,222) (524,224) (403,183) (64,48) (22,20) (3,0) (0,-6) (998,128) (981,157) (977,160) (997,126) (996,124) (994,128) (993,130) (991,134) (982,151) (989,135) (988,137) (983,145) (987,134) (984,138) (986,133) (985,135) 
TD 9 :
TD 10 :
TD 11 :
TD 12 :
TD 13 :
TD 14 :
TD 15 :
TD 16 :
TD 17 :
TD 18 :
TD 19 :
TD 20 :
TD 21 :
TD 22 :
TD 23 :
TD 24 :
TD 25 :
TD 26 :
TD 27 :
TD 28 :
TD 29 :
TD 30 :
TD 31 :
TD 32 :
TD 33 :
TD 34 :
TD 35 :
TD 36 :
TD 37 :
TD 38 :
TD 39 :
TD 40 :
TD 41 :
TD 42 :
TD 43 :
TD 44 :
TD 45 :
TD 46 :
TD 47 :
TD 48 :
TD 49 :
TD 50 :
TD 51 :
TD 52 :
TD 53 :
TD 54 :
TD 55 :
TD 56 :
TD 57 :
TD 58 :
TD 59 :
TD 60 :
TD 61 :
TD 62 :
TD 63 :
TD 64 :
TD 65 :
TD 66 :
TD 67 :
TD 68 :
TD 69 :
TD 70 :
TD 71 :
TD 72 :
TD 73 :
TD 74 :
TD 75 :
TD 76 :
TD 77 :
TD 78 :
TD 79 :
TD 80 :
TD 81 :
TD 82 :
TD 83 :
TD 84 :
Pocket 0 :
()
Pocket 1 :
({  (0,-6) ,(1,-7) } {  (2,-6) ,(3,0) } {  (0,-6) ,(1,-7) } {  (2,-6) ,(3,0) } {  (0,-6) ,(1,-7) } {  (2,-6) ,(3,0) } {  (0,-6) ,(1,-7) } {  (2,-6) ,(3,0) } {  (0,-6) ,(1,-7) } {  (2,-6) ,(3,0) } {  (0,-6) ,(1,-7) } {  (2,-6) ,(3,0) } {  (0,-6) ,(1,-7) } {  (2,-6) ,(3,0) } {  (0,-6) ,(1,-7) } {  (2,-6) ,(3,0) } )
Pocket 2 :
({  (1,-7) ,(0,-6) } {  (5,-12) ,(4,0) } {  (5,-12) ,(4,0) } {  (24,14) ,(23,17) } {  (24,14) ,(23,17) } {  (66,47) ,(65,48) } {  (66,47) ,(65,48) } {  (405,179) ,(404,182) } {  (405,179) ,(404,182) } {  (405,179) ,(404,182) } {  (604,216) ,(603,219) } {  (604,216) ,(603,219) } {  (978,155) ,(977,160) } {  (978,155) ,(977,160) } {  (978,155) ,(977,160) } )
Pocket 3 :
({  (2,-6) ,(1,-7) } {  (21,8) ,(20,11) } {  (21,8) ,(20,11) } {  (31,16) ,(30,19) } {  (31,16) ,(30,19) } {  (68,40) ,(67,48) } {  (68,40) ,(67,48) } {  (409,180) ,(408,182) } {  (409,180) ,(408,182) } {  (409,180) ,(408,182) } {  (999,131) ,(602,218) } {  (999,131) ,(602,218) } {  (999,131) ,(980,156) } {  (999,131) ,(980,156) } {  (999,131) ,(997,126) } )
Pocket 4 :
({  (5,-12) ,(20,11) } {  (7,-16) ,(6,-8) } {  (5,-12) ,(20,11) } {  (7,-16) ,(6,-8) } {  (5,-12) ,(20,11) } {  (7,-16) ,(6,-8) } {  (5,-12) ,(20,11) } {  (7,-16) ,(6,-8) } {  (25,11) ,(24,14) } {  (25,11) ,(24,14) } {  (25,11) ,(24,14) } {  (999,131) ,(66,47) } {  (999,131) ,(66,47) } {  (74,45) ,(73,50) } {  (74,45) ,(73,50) } {  (406,177) ,(405,179) } {  (406,177) ,(405,179) } {  (999,131) ,(522,220) } {  (999,131) ,(522,220) } {  (999,131) ,(979,155) } {  (999,131) ,(979,155) } {  (983,145) ,(982,151) } {  (983,145) ,(982,151) } {  (983,145) ,(982,151) } {  (983,145) ,(982,151) } {  (983,145) ,(982,151) } )
Pocket 5 :
({  (7,-16) ,(5,-12) } {  (9,-11) ,(8,-6) } {  (7,-16) ,(5,-12) } {  (9,-11) ,(8,-6) } {  (7,-16) ,(5,-12) } {  (9,-11) ,(8,-6) } {  (19,6) ,(18,6) } {  (19,6) ,(18,6) } {  (999,131) ,(72,49) } {  (999,131) ,(72,49) } {  (999,131) ,(978,155) } {  (999,131) ,(978,155) } {  (989,135) ,(988,137) } {  (989,135) ,(988,137) } {  (989,135) ,(988,137) } {  (999,131) ,(995,122) } )
Pocket 6 :
({  (9,-11) ,(7,-16) } {  (12,-6) ,(11,-2) } {  (12,-6) ,(11,-2) } {  (999,131) ,(19,6) } {  (999,131) ,(19,6) } {  (999,131) ,(71,45) } {  (999,131) ,(71,45) } {  (984,138) ,(983,145) } {  (984,138) ,(983,145) } )
Pocket 7 :
({  (12,-6) ,(11,-2) } {  (985,135) ,(984,138) } {  (985,135) ,(984,138) } {  (985,135) ,(984,138) } )
Pocket 8 :
({  (13,-8) ,(12,-6) } {  (986,133) ,(985,135) } {  (986,133) ,(985,135) } )
Pocket 9 :
()
Pocket 10 :
()
Pocket 11 :
()
Pocket 12 :
()
Pocket 13 :
()
Pocket 14 :
()
Pocket 15 :
()
Pocket 16 :
()
Pocket 17 :
()
Pocket 18 :
()
Pocket 19 :
()
Pocket 20 :
()
Pocket 21 :
()
Pocket 22 :
()
Pocket 23 :
()
Pocket 24 :
()
Pocket 25 :
()
Pocket 26 :
()
Pocket 27 :
()
Pocket 28 :
()
Pocket 29 :
()
Pocket 30 :
()
Pocket 31 :
()
Pocket 32 :
()
Pocket 33 :
()
Pocket 34 :
()
Pocket 35 :
()
Pocket 36 :
()
Pocket 37 :
()
Pocket 38 :
()
Pocket 39 :
()
Pocket 40 :
()
Pocket 41 :
()
Pocket 42 :
()
Pocket 43 :
()
Pocket 44 :
()
Pocket 45 :
()
Pocket 46 :
()
Pocket 47 :
()
Pocket 48 :
()
Pocket 49 :
()
Pocket 50 :
()
Pocket 51 :
()
Pocket 52 :
()
Pocket 53 :
()
Pocket 54 :
()
Pocket 55 :
()
Pocket 56 :
()
Pocket 57 :
()
Pocket 58 :
()
Pocket 59 :
()
Pocket 60 :
()
Pocket 61 :
()
Pocket 62 :
()
Pocket 63 :
()
Pocket 64 :
()
Pocket 65 :
()
Pocket 66 :
()
Pocket 67 :
()
Pocket 68 :
()
Pocket 69 :
()
Pocket 70 :
()
Pocket 71 :
()
Pocket 72 :
()
Pocket 73 :
()
Pocket 74 :
()
Pocket 75 :
()
Pocket 76 :
()
Pocket 77 :
()
Pocket 78 :
()
Pocket 79 :
()
Pocket 80 :
()
Pocket 81 :
()
Pocket 82 :
()
Pocket 83 :
()
