83 layers in onion peeling: 
Layer 1
(999,138) (998,143) (990,147) (654,212) (413,198) (199,183) (4,11) (1,4) (0,-1) 
Layer 2
(997,137) (987,145) (656,207) (426,198) (198,182) (7,8) (3,4) (2,1) 
Layer 3
(996,132) (995,136) (989,143) (986,145) (655,206) (414,196) (200,178) (196,176) (93,85) (5,5) 
Layer 4
(994,132) (993,135) (992,138) (988,143) (983,144) (653,202) (652,202) (427,196) (411,195) (202,176) (197,173) (92,83) (8,6) (6,2) 
Layer 5
(991,137) (981,142) (657,201) (412,195) (203,173) (102,90) (94,83) (15,9) (11,4) (10,1) (9,-2) 
Layer 6
(985,137) (977,140) (973,141) (658,196) (632,198) (631,198) (415,195) (204,171) (195,166) (101,87) (14,6) (12,0) 
Layer 7
(984,133) (982,137) (976,139) (663,195) (633,195) (630,195) (429,194) (410,193) (205,169) (201,168) (194,163) (103,85) (17,6) (13,1) 
Layer 8
(980,137) (664,191) (416,191) (215,170) (193,159) (95,76) (18,6) (16,0) 
Layer 9
(979,131) (975,136) (665,190) (651,190) (409,189) (340,183) (214,169) (192,153) (100,80) (19,2) 
Layer 10
(978,127) (974,135) (972,136) (661,189) (660,189) (634,189) (422,189) (417,189) (339,181) (234,170) (216,167) (206,162) (191,151) (91,71) (24,5) (20,-5) 
Layer 11
(971,124) (970,129) (968,130) (894,147) (669,186) (636,188) (402,187) (239,169) (213,165) (211,164) (209,163) (190,150) (90,68) (23,1) (21,-8) 
Layer 12
(969,129) (845,154) (666,185) (637,187) (635,187) (421,187) (403,186) (238,167) (210,163) (96,72) (89,66) (22,-6) 
Layer 13
(967,123) (966,127) (964,129) (846,152) (670,184) (650,185) (428,186) (423,186) (395,185) (235,166) (212,162) (207,160) (188,145) (104,78) (88,64) (85,61) (82,58) (67,42) (25,-4) 
Layer 14
(965,126) (853,148) (659,184) (629,185) (408,185) (405,185) (240,165) (217,162) (208,159) (99,71) (84,58) (66,40) (65,39) (26,-5) 
Layer 15
(963,125) (852,148) (662,182) (430,184) (401,184) (236,164) (218,161) (98,69) (83,55) (33,2) (27,-8) 
Layer 16
(962,118) (895,139) (854,147) (812,155) (647,181) (431,183) (396,182) (341,176) (241,163) (219,159) (187,136) (105,74) (97,67) (87,57) (81,51) (62,31) (32,-2) (29,-8) (28,-12) 
Layer 17
(961,114) (957,116) (901,136) (892,138) (844,147) (833,149) (648,180) (425,182) (406,182) (336,175) (251,163) (237,161) (220,157) (189,137) (106,74) (86,55) (68,37) (37,3) (30,-7) 
Layer 18
(960,114) (956,116) (896,136) (809,152) (646,180) (418,181) (407,181) (389,180) (247,162) (233,160) (186,130) (135,94) (63,31) (42,6) (34,-5) (31,-10) 
Layer 19
(959,112) (903,133) (899,134) (813,150) (667,176) (641,179) (420,180) (404,180) (390,179) (376,178) (342,174) (244,161) (232,159) (221,152) (69,36) (43,7) (36,-4) (35,-6) 
Layer 20
(958,112) (902,133) (893,135) (850,143) (811,150) (671,175) (649,178) (432,179) (424,179) (400,178) (377,176) (343,172) (242,160) (222,150) (136,86) (80,44) (75,40) (61,27) (44,8) (38,-7) 
Layer 21
(955,112) (900,133) (891,135) (810,150) (668,175) (644,178) (638,178) (398,177) (381,176) (335,171) (243,160) (224,150) (107,64) (70,34) (64,27) (45,2) (41,-4) (39,-7) 
Layer 22
(954,104) (953,111) (904,130) (857,141) (814,149) (672,174) (645,177) (387,176) (253,160) (246,158) (231,152) (137,86) (110,66) (73,36) (51,9) (48,5) (40,-9) 
Layer 23
(952,108) (905,128) (898,130) (856,141) (834,145) (642,176) (397,176) (394,176) (393,176) (380,175) (338,170) (252,159) (225,147) (134,83) (76,38) (52,9) (47,2) (46,-1) 
Layer 24
(951,99) (937,109) (906,127) (843,143) (643,174) (433,175) (391,175) (388,175) (386,175) (334,169) (263,160) (248,157) (230,149) (139,86) (79,40) (74,35) (50,6) (49,3) 
Layer 25
(950,99) (935,108) (897,128) (890,131) (849,141) (832,144) (803,149) (639,174) (419,174) (385,174) (382,174) (369,173) (264,160) (245,155) (223,143) (138,84) (108,61) (78,37) (60,18) (53,-1) 
Layer 26
(949,97) (948,98) (947,99) (945,101) (934,107) (907,118) (855,139) (837,142) (640,173) (392,173) (373,172) (350,170) (329,168) (259,158) (250,156) (227,143) (185,116) (140,85) (111,63) (71,29) (59,12) (54,-7) 
Layer 27
(946,98) (936,104) (851,139) (848,140) (673,167) (628,172) (375,172) (255,157) (249,155) (229,144) (127,75) (109,61) (77,33) (72,28) (58,3) (55,-4) 
Layer 28
(944,92) (942,100) (939,102) (933,105) (858,136) (841,141) (674,164) (618,167) (399,171) (384,171) (383,171) (379,171) (348,168) (310,163) (254,155) (228,143) (126,73) (114,63) (56,-3) 
Layer 29
(943,87) (941,100) (932,105) (930,106) (847,139) (840,140) (683,162) (627,165) (378,170) (374,170) (372,170) (351,168) (262,155) (226,138) (184,112) (146,86) (128,73) (112,60) (57,-5) 
Layer 30
(940,97) (938,100) (889,122) (861,132) (836,140) (815,143) (624,165) (371,169) (370,169) (352,168) (311,162) (256,152) (183,111) (125,70) (116,61) (115,60) (113,57) 
Layer 31
(931,102) (860,132) (842,138) (802,144) (676,159) (626,164) (616,165) (354,168) (258,152) (182,110) (147,85) (141,80) (122,64) (119,61) (117,56) 
Layer 32
(929,95) (912,110) (859,131) (835,138) (823,140) (808,142) (684,158) (617,164) (355,167) (344,166) (274,154) (257,151) (178,107) (129,69) (123,64) (120,60) (118,51) 
Layer 33
(928,91) (924,99) (911,110) (838,136) (806,141) (675,158) (625,163) (353,166) (349,166) (260,150) (177,104) (149,84) (124,63) (121,56) 
Layer 34
(927,86) (923,98) (922,100) (908,111) (839,135) (820,138) (807,140) (682,156) (622,163) (368,165) (357,165) (356,165) (347,165) (327,162) (308,158) (275,151) (271,150) (261,147) (179,104) (150,84) (133,70) (132,68) (130,60) 
Layer 35
(926,88) (921,99) (917,103) (910,108) (887,117) (884,118) (830,136) (819,138) (689,155) (619,163) (358,164) (346,164) (337,163) (328,162) (276,151) (265,148) (180,104) (154,86) (145,79) (131,60) 
Layer 36
(925,88) (920,99) (913,105) (909,108) (882,118) (827,136) (817,138) (687,155) (623,162) (434,163) (345,162) (333,161) (309,157) (277,151) (273,150) (181,102) (155,86) (148,81) (144,77) (142,72) 
Layer 37
(919,98) (916,101) (886,116) (829,135) (805,139) (678,155) (615,162) (555,162) (359,161) (330,159) (318,157) (272,148) (158,86) (143,74) 
Layer 38
(918,97) (888,114) (864,123) (831,134) (816,137) (804,139) (677,155) (621,160) (556,161) (553,161) (331,158) (307,154) (269,145) (175,94) (151,78) 
Layer 39
(915,92) (914,95) (885,115) (865,122) (862,123) (822,135) (801,138) (690,153) (620,160) (360,158) (316,155) (278,147) (270,144) (159,83) (156,81) (153,75) (152,71) 
Layer 40
(883,115) (868,120) (821,134) (800,138) (686,153) (614,158) (552,159) (325,153) (312,152) (266,140) (176,92) (160,82) (157,80) 
Layer 41
(881,108) (878,112) (866,120) (824,132) (818,133) (679,153) (613,157) (594,157) (550,157) (549,157) (364,154) (332,153) (313,150) (267,139) (169,87) (166,85) (162,78) (161,73) 
Layer 42
(880,108) (863,120) (826,130) (795,136) (685,152) (593,156) (554,156) (551,156) (367,154) (326,151) (306,148) (268,139) (167,85) (163,77) 
Layer 43
(879,108) (867,116) (828,129) (825,130) (681,152) (612,155) (592,155) (435,152) (315,148) (279,139) (168,84) (165,78) (164,74) 
Layer 44
(877,101) (874,106) (869,114) (798,134) (688,150) (591,154) (436,152) (317,148) (304,145) (281,137) (173,86) (170,84) 
Layer 45
(876,102) (873,107) (799,131) (680,148) (595,152) (557,153) (314,147) (280,135) (172,84) (171,81) 
Layer 46
(875,101) (797,131) (691,145) (607,151) (574,152) (548,152) (362,148) (319,146) (300,141) (174,82) 
Layer 47
(872,98) (870,100) (794,131) (606,151) (590,151) (575,151) (573,151) (560,151) (558,151) (365,148) (324,146) (303,140) (282,130) 
Layer 48
(871,98) (796,127) (603,150) (363,147) (321,145) (305,140) (296,135) (288,128) (283,119) 
Layer 49
(793,126) (786,127) (611,149) (561,149) (545,149) (544,149) (537,149) (366,147) (320,140) (299,136) (295,131) (287,119) (286,117) (284,112) 
Layer 50
(792,126) (589,148) (572,148) (570,148) (361,145) (322,140) (302,136) (301,135) (294,128) (290,123) (289,121) (285,111) 
Layer 51
(791,121) (788,124) (785,125) (728,132) (597,147) (596,147) (559,147) (441,145) (323,138) (298,130) (297,129) (293,123) (291,118) 
Layer 52
(790,120) (787,123) (781,125) (701,135) (605,146) (602,146) (582,146) (577,146) (571,146) (547,146) (538,146) (440,144) (292,116) 
Layer 53
(789,120) (780,123) (765,125) (692,134) (600,145) (599,145) (598,145) (578,145) (536,145) (438,140) (437,139) 
Layer 54
(784,121) (775,123) (604,144) (583,144) (576,144) (540,144) (442,138) (439,137) 
Layer 55
(783,121) (774,123) (608,143) (601,143) (588,143) (546,143) (543,143) (443,135) 
Layer 56
(782,116) (767,123) (726,128) (693,132) (610,140) (584,142) (569,142) (539,142) (444,132) 
Layer 57
(779,111) (778,116) (776,118) (766,121) (714,128) (706,129) (609,138) (579,140) (541,140) (445,130) 
Layer 58
(777,115) (772,118) (710,128) (703,129) (581,139) (542,138) (447,128) (446,125) 
Layer 59
(773,117) (727,125) (705,128) (694,129) (580,137) (562,137) (535,134) (449,120) (448,116) 
Layer 60
(771,109) (770,116) (722,125) (704,128) (586,134) (563,134) (533,133) (450,120) 
Layer 61
(769,116) (723,124) (711,126) (700,127) (567,133) (564,133) (532,132) (452,120) (451,118) 
Layer 62
(768,116) (713,124) (695,126) (587,132) (585,132) (568,132) (534,131) (453,117) 
Layer 63
(764,113) (730,121) (697,125) (566,129) (565,129) (531,129) (475,119) (454,113) 
Layer 64
(763,103) (731,120) (729,121) (696,125) (530,121) (479,118) (457,111) (455,105) 
Layer 65
(762,102) (761,104) (725,120) (709,123) (702,124) (477,115) (456,105) 
Layer 66
(760,97) (759,102) (758,103) (724,120) (717,121) (708,121) (707,121) (478,115) (461,107) (458,101) 
Layer 67
(757,100) (748,107) (719,120) (718,120) (715,120) (699,120) (698,120) (476,114) (474,113) (460,103) (459,102) 
Layer 68
(756,98) (749,104) (735,110) (720,116) (712,118) (480,112) (473,110) (462,104) 
Layer 69
(755,98) (747,103) (733,109) (721,114) (716,115) (529,111) (492,109) (472,105) (465,94) (463,90) 
Layer 70
(754,94) (750,100) (745,103) (734,108) (489,106) (471,101) (466,91) (464,85) 
Layer 71
(753,93) (746,101) (732,106) (526,106) (493,104) (488,102) (468,94) (467,92) 
Layer 72
(752,85) (751,93) (738,101) (528,105) (494,103) (490,102) (481,99) (470,93) (469,85) 
Layer 73
(744,91) (737,101) (527,104) (495,103) (491,102) (483,98) (482,96) 
Layer 74
(743,92) (736,96) (521,101) (513,101) (496,100) (484,98) 
Layer 75
(742,90) (739,92) (512,99) (485,98) 
Layer 76
(741,90) (523,97) (511,97) (510,97) (487,93) (486,91) 
Layer 77
(740,86) (525,94) (522,94) (520,94) (516,94) (497,90) 
Layer 78
(524,92) (514,93) (498,88) 
Layer 79
(519,87) (517,92) (501,85) (499,84) 
Layer 80
(518,85) (515,89) (509,88) (500,81) 
Layer 81
(508,80) (502,81) 
Layer 82
(507,79) (503,71) 
Layer 83
(506,74) (504,70) 
---------------------------------------------------------------------------------------
TD 0 :
(999,138) (998,143) (997,137) (996,132) (995,136) (994,132) (993,135) (992,138) (991,137) (990,147) (989,143) (988,143) (987,145) (986,145) (985,137) (984,133) (983,144) (982,137) (981,142) (980,137) (979,131) (978,127) (977,140) (976,139) (975,136) (974,135) (973,141) (972,136) (971,124) (970,129) (969,129) (968,130) (967,123) (966,127) (965,126) (964,129) (963,125) (962,118) (961,114) (960,114) (959,112) (958,112) (957,116) (956,116) (955,112) (954,104) (953,111) (952,108) (951,99) (950,99) (949,97) (948,98) (947,99) (946,98) (945,101) (944,92) (943,87) (942,100) (941,100) (940,97) (939,102) (938,100) (937,109) (936,104) (935,108) (934,107) (933,105) (932,105) (931,102) (930,106) (929,95) (928,91) (927,86) (926,88) (925,88) (924,99) (923,98) (922,100) (921,99) (920,99) (919,98) (918,97) (917,103) (916,101) (915,92) (914,95) (913,105) (912,110) (911,110) (910,108) (909,108) (908,111) (907,118) (906,127) (905,128) (904,130) (903,133) (902,133) (901,136) (900,133) (899,134) (898,130) (897,128) (896,136) (895,139) (894,147) (893,135) (892,138) (891,135) (890,131) (889,122) (888,114) (887,117) (886,116) (885,115) (884,118) (883,115) (882,118) (881,108) (880,108) (879,108) (878,112) (877,101) (876,102) (875,101) (874,106) (873,107) (872,98) (871,98) (870,100) (869,114) (868,120) (867,116) (866,120) (865,122) (864,123) (863,120) (862,123) (861,132) (860,132) (859,131) (858,136) (857,141) (856,141) (855,139) (854,147) (853,148) (852,148) (851,139) (850,143) (849,141) (848,140) (847,139) (846,152) (845,154) (844,147) (843,143) (842,138) (841,141) (840,140) (839,135) (838,136) (837,142) (836,140) (835,138) (834,145) (833,149) (832,144) (831,134) (830,136) (829,135) (828,129) (827,136) (826,130) (825,130) (824,132) (823,140) (822,135) (821,134) (820,138) (819,138) (818,133) (817,138) (816,137) (815,143) (814,149) (813,150) (812,155) (811,150) (810,150) (809,152) (808,142) (807,140) (806,141) (805,139) (804,139) (803,149) (802,144) (801,138) (800,138) (799,131) (798,134) (797,131) (796,127) (795,136) (794,131) (793,126) (792,126) (791,121) (790,120) (789,120) (788,124) (787,123) (786,127) (785,125) (784,121) (783,121) (782,116) (781,125) (780,123) (779,111) (778,116) (777,115) (776,118) (775,123) (774,123) (773,117) (772,118) (771,109) (770,116) (769,116) (768,116) (767,123) (766,121) (765,125) (764,113) (763,103) (762,102) (761,104) (760,97) (759,102) (758,103) (757,100) (756,98) (755,98) (754,94) (753,93) (752,85) (751,93) (750,100) (749,104) (748,107) (747,103) (746,101) (745,103) (744,91) (743,92) (742,90) (741,90) (740,86) (739,92) (738,101) (737,101) (736,96) (735,110) (734,108) (733,109) (732,106) (731,120) (730,121) (729,121) (728,132) (727,125) (726,128) (725,120) (724,120) (723,124) (722,125) (721,114) (720,116) (719,120) (718,120) (717,121) (716,115) (715,120) (714,128) (713,124) (712,118) (711,126) (710,128) (709,123) (708,121) (707,121) (706,129) (705,128) (704,128) (703,129) (702,124) (701,135) (700,127) (699,120) (698,120) (697,125) (696,125) (695,126) (694,129) (693,132) (692,134) (691,145) (690,153) (689,155) (688,150) (687,155) (686,153) (685,152) (684,158) (683,162) (682,156) (681,152) (680,148) (679,153) (678,155) (677,155) (676,159) (675,158) (674,164) (673,167) (672,174) (671,175) (670,184) (669,186) (668,175) (667,176) (666,185) (665,190) (664,191) (663,195) (662,182) (661,189) (660,189) (659,184) (658,196) (657,201) (656,207) (655,206) (654,212) (653,202) (652,202) (651,190) (650,185) (649,178) (648,180) (647,181) (646,180) (645,177) (644,178) (643,174) (642,176) (641,179) (640,173) (639,174) (638,178) (637,187) (636,188) (635,187) (634,189) (633,195) (632,198) (631,198) (630,195) (629,185) (628,172) (627,165) (626,164) (625,163) (624,165) (623,162) (622,163) (621,160) (620,160) (619,163) (618,167) (617,164) (616,165) (615,162) (614,158) (613,157) (612,155) (611,149) (610,140) (609,138) (608,143) (607,151) (606,151) (605,146) (604,144) (603,150) (602,146) (601,143) (600,145) (599,145) (598,145) (597,147) (596,147) (595,152) (594,157) (593,156) (592,155) (591,154) (590,151) (589,148) (588,143) (587,132) (586,134) (585,132) (584,142) (583,144) (582,146) (581,139) (580,137) (579,140) (578,145) (577,146) (576,144) (575,151) (574,152) (573,151) (572,148) (571,146) (570,148) (569,142) (568,132) (567,133) (566,129) (565,129) (564,133) (563,134) (562,137) (561,149) (560,151) (559,147) (558,151) (557,153) (556,161) (555,162) (554,156) (553,161) (552,159) (551,156) (550,157) (549,157) (548,152) (547,146) (546,143) (545,149) (544,149) (543,143) (542,138) (541,140) (540,144) (539,142) (538,146) (537,149) (536,145) (535,134) (534,131) (533,133) (532,132) (531,129) (530,121) (529,111) (528,105) (527,104) (526,106) (525,94) (524,92) (523,97) (522,94) (521,101) (520,94) (519,87) (518,85) (517,92) (516,94) (515,89) (514,93) (513,101) (512,99) (511,97) (510,97) (509,88) (508,80) (507,79) (506,74) (505,70) (504,70) (503,71) (502,81) (501,85) (500,81) (499,84) (498,88) (497,90) (496,100) (495,103) (494,103) (493,104) (492,109) (491,102) (490,102) (489,106) (488,102) (487,93) (486,91) (485,98) (484,98) (483,98) (482,96) (481,99) (480,112) (479,118) (478,115) (477,115) (476,114) (475,119) (474,113) (473,110) (472,105) (471,101) (470,93) (469,85) (468,94) (467,92) (466,91) (465,94) (464,85) (463,90) (462,104) (461,107) (460,103) (459,102) (458,101) (457,111) (456,105) (455,105) (454,113) (453,117) (452,120) (451,118) (450,120) (449,120) (448,116) (447,128) (446,125) (445,130) (444,132) (443,135) (442,138) (441,145) (440,144) (439,137) (438,140) (437,139) (436,152) (435,152) (434,163) (433,175) (432,179) (431,183) (430,184) (429,194) (428,186) (427,196) (426,198) (425,182) (424,179) (423,186) (422,189) (421,187) (420,180) (419,174) (418,181) (417,189) (416,191) (415,195) (414,196) (413,198) (412,195) (411,195) (410,193) (409,189) (408,185) (407,181) (406,182) (405,185) (404,180) (403,186) (402,187) (401,184) (400,178) (399,171) (398,177) (397,176) (396,182) (395,185) (394,176) (393,176) (392,173) (391,175) (390,179) (389,180) (388,175) (387,176) (386,175) (385,174) (384,171) (383,171) (382,174) (381,176) (380,175) (379,171) (378,170) (377,176) (376,178) (375,172) (374,170) (373,172) (372,170) (371,169) (370,169) (369,173) (368,165) (367,154) (366,147) (365,148) (364,154) (363,147) (362,148) (361,145) (360,158) (359,161) (358,164) (357,165) (356,165) (355,167) (354,168) (353,166) (352,168) (351,168) (350,170) (349,166) (348,168) (347,165) (346,164) (345,162) (344,166) (343,172) (342,174) (341,176) (340,183) (339,181) (338,170) (337,163) (336,175) (335,171) (334,169) (333,161) (332,153) (331,158) (330,159) (329,168) (328,162) (327,162) (326,151) (325,153) (324,146) (323,138) (322,140) (321,145) (320,140) (319,146) (318,157) (317,148) (316,155) (315,148) (314,147) (313,150) (312,152) (311,162) (310,163) (309,157) (308,158) (307,154) (306,148) (305,140) (304,145) (303,140) (302,136) (301,135) (300,141) (299,136) (298,130) (297,129) (296,135) (295,131) (294,128) (293,123) (292,116) (291,118) (290,123) (289,121) (288,128) (287,119) (286,117) (285,111) (284,112) (283,119) (282,130) (281,137) (280,135) (279,139) (278,147) (277,151) (276,151) (275,151) (274,154) (273,150) (272,148) (271,150) (270,144) (269,145) (268,139) (267,139) (266,140) (265,148) (264,160) (263,160) (262,155) (261,147) (260,150) (259,158) (258,152) (257,151) (256,152) (255,157) (254,155) (253,160) (252,159) (251,163) (250,156) (249,155) (248,157) (247,162) (246,158) (245,155) (244,161) (243,160) (242,160) (241,163) (240,165) (239,169) (238,167) (237,161) (236,164) (235,166) (234,170) (233,160) (232,159) (231,152) (230,149) (229,144) (228,143) (227,143) (226,138) (225,147) (224,150) (223,143) (222,150) (221,152) (220,157) (219,159) (218,161) (217,162) (216,167) (215,170) (214,169) (213,165) (212,162) (211,164) (210,163) (209,163) (208,159) (207,160) (206,162) (205,169) (204,171) (203,173) (202,176) (201,168) (200,178) (199,183) (198,182) (197,173) (196,176) (195,166) (194,163) (193,159) (192,153) (191,151) (190,150) (189,137) (188,145) (187,136) (186,130) (185,116) (184,112) (183,111) (182,110) (181,102) (180,104) (179,104) (178,107) (177,104) (176,92) (175,94) (174,82) (173,86) (172,84) (171,81) (170,84) (169,87) (168,84) (167,85) (166,85) (165,78) (164,74) (163,77) (162,78) (161,73) (160,82) (159,83) (158,86) (157,80) (156,81) (155,86) (154,86) (153,75) (152,71) (151,78) (150,84) (149,84) (148,81) (147,85) (146,86) (145,79) (144,77) (143,74) (142,72) (141,80) (140,85) (139,86) (138,84) (137,86) (136,86) (135,94) (134,83) (133,70) (132,68) (131,60) (130,60) (129,69) (128,73) (127,75) (126,73) (125,70) (124,63) (123,64) (122,64) (121,56) (120,60) (119,61) (118,51) (117,56) (116,61) (115,60) (114,63) (113,57) (112,60) (111,63) (110,66) (109,61) (108,61) (107,64) (106,74) (105,74) (104,78) (103,85) (102,90) (101,87) (100,80) (99,71) (98,69) (97,67) (96,72) (95,76) (94,83) (93,85) (92,83) (91,71) (90,68) (89,66) (88,64) (87,57) (86,55) (85,61) (84,58) (83,55) (82,58) (81,51) (80,44) (79,40) (78,37) (77,33) (76,38) (75,40) (74,35) (73,36) (72,28) (71,29) (70,34) (69,36) (68,37) (67,42) (66,40) (65,39) (64,27) (63,31) (62,31) (61,27) (60,18) (59,12) (58,3) (57,-5) (56,-3) (55,-4) (54,-7) (53,-1) (52,9) (51,9) (50,6) (49,3) (48,5) (47,2) (46,-1) (45,2) (44,8) (43,7) (42,6) (41,-4) (40,-9) (39,-7) (38,-7) (37,3) (36,-4) (35,-6) (34,-5) (33,2) (32,-2) (31,-10) (30,-7) (29,-8) (28,-12) (27,-8) (26,-5) (25,-4) (24,5) (23,1) (22,-6) (21,-8) (20,-5) (19,2) (18,6) (17,6) (16,0) (15,9) (14,6) (13,1) (12,0) (11,4) (10,1) (9,-2) (8,6) (7,8) (6,2) (5,5) (4,11) (3,4) (2,1) (1,4) (0,-1) 
TD 1 :
(999,138) (998,143) (990,147) (654,212) (413,198) (199,183) (4,11) (1,4) (0,-1) 
(999,138) (998,143) (990,147) (654,212) (413,198) (199,183) (4,11) (1,4) (0,-1) (2,1) (3,4) 
(999,138) (998,143) (990,147) (654,212) (413,198) (199,183) (4,11) (1,4) (0,-1) (5,5) (6,2) (7,8) (8,6) (9,-2) (10,1) (11,4) (12,0) (13,1) (14,6) (15,9) (16,0) (17,6) (18,6) (19,2) (20,-5) (21,-8) (22,-6) (23,1) (24,5) (25,-4) (26,-5) (27,-8) (28,-12) (29,-8) (30,-7) (31,-10) (32,-2) (33,2) (34,-5) (35,-6) (36,-4) (37,3) (38,-7) (39,-7) (40,-9) (41,-4) (42,6) (43,7) (44,8) (45,2) (46,-1) (47,2) (48,5) (49,3) (50,6) (51,9) (52,9) (53,-1) (54,-7) (55,-4) (56,-3) (57,-5) (58,3) (59,12) (60,18) (61,27) (62,31) (63,31) (64,27) (65,39) (66,40) (67,42) (68,37) (69,36) (70,34) (71,29) (72,28) (73,36) (74,35) (75,40) (76,38) (77,33) (78,37) (79,40) (80,44) (81,51) (82,58) (83,55) (84,58) (85,61) (86,55) (87,57) (88,64) (89,66) (90,68) (91,71) (92,83) (93,85) (94,83) (95,76) (96,72) (97,67) (98,69) (99,71) (100,80) (101,87) (102,90) (103,85) (104,78) (105,74) (106,74) (107,64) (108,61) (109,61) (110,66) (111,63) (112,60) (113,57) (114,63) (115,60) (116,61) (117,56) (118,51) (119,61) (120,60) (121,56) (122,64) (123,64) (124,63) (125,70) (126,73) (127,75) (128,73) (129,69) (130,60) (131,60) (132,68) (133,70) (134,83) (135,94) (136,86) (137,86) (138,84) (139,86) (140,85) (141,80) (142,72) (143,74) (144,77) (145,79) (146,86) (147,85) (148,81) (149,84) (150,84) (151,78) (152,71) (153,75) (154,86) (155,86) (156,81) (157,80) (158,86) (159,83) (160,82) (161,73) (162,78) (163,77) (164,74) (165,78) (166,85) (167,85) (168,84) (169,87) (170,84) (171,81) (172,84) (173,86) (174,82) (175,94) (176,92) (177,104) (178,107) (179,104) (180,104) (181,102) (182,110) (183,111) (184,112) (185,116) (186,130) (187,136) (188,145) (189,137) (190,150) (191,151) (192,153) (193,159) (194,163) (195,166) (196,176) (197,173) (198,182) 
(999,138) (998,143) (990,147) (654,212) (413,198) (199,183) (4,11) (1,4) (0,-1) (200,178) (201,168) (202,176) (203,173) (204,171) (205,169) (206,162) (207,160) (208,159) (209,163) (210,163) (211,164) (212,162) (213,165) (214,169) (215,170) (216,167) (217,162) (218,161) (219,159) (220,157) (221,152) (222,150) (223,143) (224,150) (225,147) (226,138) (227,143) (228,143) (229,144) (230,149) (231,152) (232,159) (233,160) (234,170) (235,166) (236,164) (237,161) (238,167) (239,169) (240,165) (241,163) (242,160) (243,160) (244,161) (245,155) (246,158) (247,162) (248,157) (249,155) (250,156) (251,163) (252,159) (253,160) (254,155) (255,157) (256,152) (257,151) (258,152) (259,158) (260,150) (261,147) (262,155) (263,160) (264,160) (265,148) (266,140) (267,139) (268,139) (269,145) (270,144) (271,150) (272,148) (273,150) (274,154) (275,151) (276,151) (277,151) (278,147) (279,139) (280,135) (281,137) (282,130) (283,119) (284,112) (285,111) (286,117) (287,119) (288,128) (289,121) (290,123) (291,118) (292,116) (293,123) (294,128) (295,131) (296,135) (297,129) (298,130) (299,136) (300,141) (301,135) (302,136) (303,140) (304,145) (305,140) (306,148) (307,154) (308,158) (309,157) (310,163) (311,162) (312,152) (313,150) (314,147) (315,148) (316,155) (317,148) (318,157) (319,146) (320,140) (321,145) (322,140) (323,138) (324,146) (325,153) (326,151) (327,162) (328,162) (329,168) (330,159) (331,158) (332,153) (333,161) (334,169) (335,171) (336,175) (337,163) (338,170) (339,181) (340,183) (341,176) (342,174) (343,172) (344,166) (345,162) (346,164) (347,165) (348,168) (349,166) (350,170) (351,168) (352,168) (353,166) (354,168) (355,167) (356,165) (357,165) (358,164) (359,161) (360,158) (361,145) (362,148) (363,147) (364,154) (365,148) (366,147) (367,154) (368,165) (369,173) (370,169) (371,169) (372,170) (373,172) (374,170) (375,172) (376,178) (377,176) (378,170) (379,171) (380,175) (381,176) (382,174) (383,171) (384,171) (385,174) (386,175) (387,176) (388,175) (389,180) (390,179) (391,175) (392,173) (393,176) (394,176) (395,185) (396,182) (397,176) (398,177) (399,171) (400,178) (401,184) (402,187) (403,186) (404,180) (405,185) (406,182) (407,181) (408,185) (409,189) (410,193) (411,195) (412,195) 
(999,138) (998,143) (990,147) (654,212) (413,198) (199,183) (4,11) (1,4) (0,-1) (414,196) (415,195) (416,191) (417,189) (418,181) (419,174) (420,180) (421,187) (422,189) (423,186) (424,179) (425,182) (426,198) (427,196) (428,186) (429,194) (430,184) (431,183) (432,179) (433,175) (434,163) (435,152) (436,152) (437,139) (438,140) (439,137) (440,144) (441,145) (442,138) (443,135) (444,132) (445,130) (446,125) (447,128) (448,116) (449,120) (450,120) (451,118) (452,120) (453,117) (454,113) (455,105) (456,105) (457,111) (458,101) (459,102) (460,103) (461,107) (462,104) (463,90) (464,85) (465,94) (466,91) (467,92) (468,94) (469,85) (470,93) (471,101) (472,105) (473,110) (474,113) (475,119) (476,114) (477,115) (478,115) (479,118) (480,112) (481,99) (482,96) (483,98) (484,98) (485,98) (486,91) (487,93) (488,102) (489,106) (490,102) (491,102) (492,109) (493,104) (494,103) (495,103) (496,100) (497,90) (498,88) (499,84) (500,81) (501,85) (502,81) (503,71) (504,70) (505,70) (506,74) (507,79) (508,80) (509,88) (510,97) (511,97) (512,99) (513,101) (514,93) (515,89) (516,94) (517,92) (518,85) (519,87) (520,94) (521,101) (522,94) (523,97) (524,92) (525,94) (526,106) (527,104) (528,105) (529,111) (530,121) (531,129) (532,132) (533,133) (534,131) (535,134) (536,145) (537,149) (538,146) (539,142) (540,144) (541,140) (542,138) (543,143) (544,149) (545,149) (546,143) (547,146) (548,152) (549,157) (550,157) (551,156) (552,159) (553,161) (554,156) (555,162) (556,161) (557,153) (558,151) (559,147) (560,151) (561,149) (562,137) (563,134) (564,133) (565,129) (566,129) (567,133) (568,132) (569,142) (570,148) (571,146) (572,148) (573,151) (574,152) (575,151) (576,144) (577,146) (578,145) (579,140) (580,137) (581,139) (582,146) (583,144) (584,142) (585,132) (586,134) (587,132) (588,143) (589,148) (590,151) (591,154) (592,155) (593,156) (594,157) (595,152) (596,147) (597,147) (598,145) (599,145) (600,145) (601,143) (602,146) (603,150) (604,144) (605,146) (606,151) (607,151) (608,143) (609,138) (610,140) (611,149) (612,155) (613,157) (614,158) (615,162) (616,165) (617,164) (618,167) (619,163) (620,160) (621,160) (622,163) (623,162) (624,165) (625,163) (626,164) (627,165) (628,172) (629,185) (630,195) (631,198) (632,198) (633,195) (634,189) (635,187) (636,188) (637,187) (638,178) (639,174) (640,173) (641,179) (642,176) (643,174) (644,178) (645,177) (646,180) (647,181) (648,180) (649,178) (650,185) (651,190) (652,202) (653,202) 
(999,138) (998,143) (990,147) (654,212) (413,198) (199,183) (4,11) (1,4) (0,-1) (655,206) (656,207) (657,201) (658,196) (659,184) (660,189) (661,189) (662,182) (663,195) (664,191) (665,190) (666,185) (667,176) (668,175) (669,186) (670,184) (671,175) (672,174) (673,167) (674,164) (675,158) (676,159) (677,155) (678,155) (679,153) (680,148) (681,152) (682,156) (683,162) (684,158) (685,152) (686,153) (687,155) (688,150) (689,155) (690,153) (691,145) (692,134) (693,132) (694,129) (695,126) (696,125) (697,125) (698,120) (699,120) (700,127) (701,135) (702,124) (703,129) (704,128) (705,128) (706,129) (707,121) (708,121) (709,123) (710,128) (711,126) (712,118) (713,124) (714,128) (715,120) (716,115) (717,121) (718,120) (719,120) (720,116) (721,114) (722,125) (723,124) (724,120) (725,120) (726,128) (727,125) (728,132) (729,121) (730,121) (731,120) (732,106) (733,109) (734,108) (735,110) (736,96) (737,101) (738,101) (739,92) (740,86) (741,90) (742,90) (743,92) (744,91) (745,103) (746,101) (747,103) (748,107) (749,104) (750,100) (751,93) (752,85) (753,93) (754,94) (755,98) (756,98) (757,100) (758,103) (759,102) (760,97) (761,104) (762,102) (763,103) (764,113) (765,125) (766,121) (767,123) (768,116) (769,116) (770,116) (771,109) (772,118) (773,117) (774,123) (775,123) (776,118) (777,115) (778,116) (779,111) (780,123) (781,125) (782,116) (783,121) (784,121) (785,125) (786,127) (787,123) (788,124) (789,120) (790,120) (791,121) (792,126) (793,126) (794,131) (795,136) (796,127) (797,131) (798,134) (799,131) (800,138) (801,138) (802,144) (803,149) (804,139) (805,139) (806,141) (807,140) (808,142) (809,152) (810,150) (811,150) (812,155) (813,150) (814,149) (815,143) (816,137) (817,138) (818,133) (819,138) (820,138) (821,134) (822,135) (823,140) (824,132) (825,130) (826,130) (827,136) (828,129) (829,135) (830,136) (831,134) (832,144) (833,149) (834,145) (835,138) (836,140) (837,142) (838,136) (839,135) (840,140) (841,141) (842,138) (843,143) (844,147) (845,154) (846,152) (847,139) (848,140) (849,141) (850,143) (851,139) (852,148) (853,148) (854,147) (855,139) (856,141) (857,141) (858,136) (859,131) (860,132) (861,132) (862,123) (863,120) (864,123) (865,122) (866,120) (867,116) (868,120) (869,114) (870,100) (871,98) (872,98) (873,107) (874,106) (875,101) (876,102) (877,101) (878,112) (879,108) (880,108) (881,108) (882,118) (883,115) (884,118) (885,115) (886,116) (887,117) (888,114) (889,122) (890,131) (891,135) (892,138) (893,135) (894,147) (895,139) (896,136) (897,128) (898,130) (899,134) (900,133) (901,136) (902,133) (903,133) (904,130) (905,128) (906,127) (907,118) (908,111) (909,108) (910,108) (911,110) (912,110) (913,105) (914,95) (915,92) (916,101) (917,103) (918,97) (919,98) (920,99) (921,99) (922,100) (923,98) (924,99) (925,88) (926,88) (927,86) (928,91) (929,95) (930,106) (931,102) (932,105) (933,105) (934,107) (935,108) (936,104) (937,109) (938,100) (939,102) (940,97) (941,100) (942,100) (943,87) (944,92) (945,101) (946,98) (947,99) (948,98) (949,97) (950,99) (951,99) (952,108) (953,111) (954,104) (955,112) (956,116) (957,116) (958,112) (959,112) (960,114) (961,114) (962,118) (963,125) (964,129) (965,126) (966,127) (967,123) (968,130) (969,129) (970,129) (971,124) (972,136) (973,141) (974,135) (975,136) (976,139) (977,140) (978,127) (979,131) (980,137) (981,142) (982,137) (983,144) (984,133) (985,137) (986,145) (987,145) (988,143) (989,143) 
(999,138) (998,143) (990,147) (654,212) (413,198) (199,183) (4,11) (1,4) (0,-1) (991,137) (992,138) (993,135) (994,132) (995,136) (996,132) (997,137) 
(999,138) (998,143) (990,147) (654,212) (413,198) (199,183) (4,11) (1,4) (0,-1) 
TD 2 :
(999,138) (998,143) (990,147) (654,212) (413,198) (199,183) (4,11) (1,4) (0,-1) (3,4) (2,1) 
(999,138) (998,143) (990,147) (654,212) (413,198) (199,183) (4,11) (1,4) (0,-1) (3,4) (2,1) 
(999,138) (998,143) (990,147) (654,212) (413,198) (199,183) (4,11) (1,4) (0,-1) (198,182) (7,8) (5,5) (6,2) 
(999,138) (998,143) (990,147) (654,212) (413,198) (199,183) (4,11) (1,4) (0,-1) (198,182) (7,8) (8,6) (9,-2) (10,1) (11,4) (12,0) (13,1) (14,6) (15,9) (16,0) (17,6) (18,6) (19,2) (20,-5) (21,-8) (22,-6) (23,1) (24,5) (25,-4) (26,-5) (27,-8) (28,-12) (29,-8) (30,-7) (31,-10) (32,-2) (33,2) (34,-5) (35,-6) (36,-4) (37,3) (38,-7) (39,-7) (40,-9) (41,-4) (42,6) (43,7) (44,8) (45,2) (46,-1) (47,2) (48,5) (49,3) (50,6) (51,9) (52,9) (53,-1) (54,-7) (55,-4) (56,-3) (57,-5) (58,3) (59,12) (60,18) (61,27) (62,31) (63,31) (64,27) (65,39) (66,40) (67,42) (68,37) (69,36) (70,34) (71,29) (72,28) (73,36) (74,35) (75,40) (76,38) (77,33) (78,37) (79,40) (80,44) (81,51) (82,58) (83,55) (84,58) (85,61) (86,55) (87,57) (88,64) (89,66) (90,68) (91,71) (92,83) (93,85) (94,83) (95,76) (96,72) (97,67) (98,69) (99,71) (100,80) (101,87) (102,90) (103,85) (104,78) (105,74) (106,74) (107,64) (108,61) (109,61) (110,66) (111,63) (112,60) (113,57) (114,63) (115,60) (116,61) (117,56) (118,51) (119,61) (120,60) (121,56) (122,64) (123,64) (124,63) (125,70) (126,73) (127,75) (128,73) (129,69) (130,60) (131,60) (132,68) (133,70) (134,83) (135,94) (136,86) (137,86) (138,84) (139,86) (140,85) (141,80) (142,72) (143,74) (144,77) (145,79) (146,86) (147,85) (148,81) (149,84) (150,84) (151,78) (152,71) (153,75) (154,86) (155,86) (156,81) (157,80) (158,86) (159,83) (160,82) (161,73) (162,78) (163,77) (164,74) (165,78) (166,85) (167,85) (168,84) (169,87) (170,84) (171,81) (172,84) (173,86) (174,82) (175,94) (176,92) (177,104) (178,107) (179,104) (180,104) (181,102) (182,110) (183,111) (184,112) (185,116) (186,130) (187,136) (188,145) (189,137) (190,150) (191,151) (192,153) (193,159) (194,163) (195,166) (196,176) (197,173) 
(999,138) (998,143) (990,147) (654,212) (413,198) (199,183) (4,11) (1,4) (0,-1) (198,182) (7,8) 
(999,138) (998,143) (990,147) (654,212) (413,198) (199,183) (4,11) (1,4) (0,-1) (426,198) (414,196) (415,195) (416,191) (417,189) (418,181) (419,174) (420,180) (421,187) (422,189) (423,186) (424,179) (425,182) 
(999,138) (998,143) (990,147) (654,212) (413,198) (199,183) (4,11) (1,4) (0,-1) (426,198) (427,196) (428,186) (429,194) (430,184) (431,183) (432,179) (433,175) (434,163) (435,152) (436,152) (437,139) (438,140) (439,137) (440,144) (441,145) (442,138) (443,135) (444,132) (445,130) (446,125) (447,128) (448,116) (449,120) (450,120) (451,118) (452,120) (453,117) (454,113) (455,105) (456,105) (457,111) (458,101) (459,102) (460,103) (461,107) (462,104) (463,90) (464,85) (465,94) (466,91) (467,92) (468,94) (469,85) (470,93) (471,101) (472,105) (473,110) (474,113) (475,119) (476,114) (477,115) (478,115) (479,118) (480,112) (481,99) (482,96) (483,98) (484,98) (485,98) (486,91) (487,93) (488,102) (489,106) (490,102) (491,102) (492,109) (493,104) (494,103) (495,103) (496,100) (497,90) (498,88) (499,84) (500,81) (501,85) (502,81) (503,71) (504,70) (505,70) (506,74) (507,79) (508,80) (509,88) (510,97) (511,97) (512,99) (513,101) (514,93) (515,89) (516,94) (517,92) (518,85) (519,87) (520,94) (521,101) (522,94) (523,97) (524,92) (525,94) (526,106) (527,104) (528,105) (529,111) (530,121) (531,129) (532,132) (533,133) (534,131) (535,134) (536,145) (537,149) (538,146) (539,142) (540,144) (541,140) (542,138) (543,143) (544,149) (545,149) (546,143) (547,146) (548,152) (549,157) (550,157) (551,156) (552,159) (553,161) (554,156) (555,162) (556,161) (557,153) (558,151) (559,147) (560,151) (561,149) (562,137) (563,134) (564,133) (565,129) (566,129) (567,133) (568,132) (569,142) (570,148) (571,146) (572,148) (573,151) (574,152) (575,151) (576,144) (577,146) (578,145) (579,140) (580,137) (581,139) (582,146) (583,144) (584,142) (585,132) (586,134) (587,132) (588,143) (589,148) (590,151) (591,154) (592,155) (593,156) (594,157) (595,152) (596,147) (597,147) (598,145) (599,145) (600,145) (601,143) (602,146) (603,150) (604,144) (605,146) (606,151) (607,151) (608,143) (609,138) (610,140) (611,149) (612,155) (613,157) (614,158) (615,162) (616,165) (617,164) (618,167) (619,163) (620,160) (621,160) (622,163) (623,162) (624,165) (625,163) (626,164) (627,165) (628,172) (629,185) (630,195) (631,198) (632,198) (633,195) (634,189) (635,187) (636,188) (637,187) (638,178) (639,174) (640,173) (641,179) (642,176) (643,174) (644,178) (645,177) (646,180) (647,181) (648,180) (649,178) (650,185) (651,190) (652,202) (653,202) 
(999,138) (998,143) (990,147) (654,212) (413,198) (199,183) (4,11) (1,4) (0,-1) (987,145) (656,207) (655,206) 
(999,138) (998,143) (990,147) (654,212) (413,198) (199,183) (4,11) (1,4) (0,-1) (987,145) (656,207) (657,201) (658,196) (659,184) (660,189) (661,189) (662,182) (663,195) (664,191) (665,190) (666,185) (667,176) (668,175) (669,186) (670,184) (671,175) (672,174) (673,167) (674,164) (675,158) (676,159) (677,155) (678,155) (679,153) (680,148) (681,152) (682,156) (683,162) (684,158) (685,152) (686,153) (687,155) (688,150) (689,155) (690,153) (691,145) (692,134) (693,132) (694,129) (695,126) (696,125) (697,125) (698,120) (699,120) (700,127) (701,135) (702,124) (703,129) (704,128) (705,128) (706,129) (707,121) (708,121) (709,123) (710,128) (711,126) (712,118) (713,124) (714,128) (715,120) (716,115) (717,121) (718,120) (719,120) (720,116) (721,114) (722,125) (723,124) (724,120) (725,120) (726,128) (727,125) (728,132) (729,121) (730,121) (731,120) (732,106) (733,109) (734,108) (735,110) (736,96) (737,101) (738,101) (739,92) (740,86) (741,90) (742,90) (743,92) (744,91) (745,103) (746,101) (747,103) (748,107) (749,104) (750,100) (751,93) (752,85) (753,93) (754,94) (755,98) (756,98) (757,100) (758,103) (759,102) (760,97) (761,104) (762,102) (763,103) (764,113) (765,125) (766,121) (767,123) (768,116) (769,116) (770,116) (771,109) (772,118) (773,117) (774,123) (775,123) (776,118) (777,115) (778,116) (779,111) (780,123) (781,125) (782,116) (783,121) (784,121) (785,125) (786,127) (787,123) (788,124) (789,120) (790,120) (791,121) (792,126) (793,126) (794,131) (795,136) (796,127) (797,131) (798,134) (799,131) (800,138) (801,138) (802,144) (803,149) (804,139) (805,139) (806,141) (807,140) (808,142) (809,152) (810,150) (811,150) (812,155) (813,150) (814,149) (815,143) (816,137) (817,138) (818,133) (819,138) (820,138) (821,134) (822,135) (823,140) (824,132) (825,130) (826,130) (827,136) (828,129) (829,135) (830,136) (831,134) (832,144) (833,149) (834,145) (835,138) (836,140) (837,142) (838,136) (839,135) (840,140) (841,141) (842,138) (843,143) (844,147) (845,154) (846,152) (847,139) (848,140) (849,141) (850,143) (851,139) (852,148) (853,148) (854,147) (855,139) (856,141) (857,141) (858,136) (859,131) (860,132) (861,132) (862,123) (863,120) (864,123) (865,122) (866,120) (867,116) (868,120) (869,114) (870,100) (871,98) (872,98) (873,107) (874,106) (875,101) (876,102) (877,101) (878,112) (879,108) (880,108) (881,108) (882,118) (883,115) (884,118) (885,115) (886,116) (887,117) (888,114) (889,122) (890,131) (891,135) (892,138) (893,135) (894,147) (895,139) (896,136) (897,128) (898,130) (899,134) (900,133) (901,136) (902,133) (903,133) (904,130) (905,128) (906,127) (907,118) (908,111) (909,108) (910,108) (911,110) (912,110) (913,105) (914,95) (915,92) (916,101) (917,103) (918,97) (919,98) (920,99) (921,99) (922,100) (923,98) (924,99) (925,88) (926,88) (927,86) (928,91) (929,95) (930,106) (931,102) (932,105) (933,105) (934,107) (935,108) (936,104) (937,109) (938,100) (939,102) (940,97) (941,100) (942,100) (943,87) (944,92) (945,101) (946,98) (947,99) (948,98) (949,97) (950,99) (951,99) (952,108) (953,111) (954,104) (955,112) (956,116) (957,116) (958,112) (959,112) (960,114) (961,114) (962,118) (963,125) (964,129) (965,126) (966,127) (967,123) (968,130) (969,129) (970,129) (971,124) (972,136) (973,141) (974,135) (975,136) (976,139) (977,140) (978,127) (979,131) (980,137) (981,142) (982,137) (983,144) (984,133) (985,137) (986,145) 
(999,138) (998,143) (990,147) (654,212) (413,198) (199,183) (4,11) (1,4) (0,-1) (987,145) (656,207) (988,143) (989,143) 
(999,138) (998,143) (990,147) (654,212) (413,198) (199,183) (4,11) (1,4) (0,-1) (997,137) (991,137) (992,138) (993,135) (994,132) (995,136) (996,132) 
TD 3 :
(999,138) (998,143) (990,147) (654,212) (413,198) (199,183) (4,11) (1,4) (0,-1) (198,182) (7,8) (5,5) (6,2) 
(999,138) (998,143) (990,147) (654,212) (413,198) (199,183) (4,11) (1,4) (0,-1) (198,182) (7,8) (196,176) (93,85) (8,6) (9,-2) (10,1) (11,4) (12,0) (13,1) (14,6) (15,9) (16,0) (17,6) (18,6) (19,2) (20,-5) (21,-8) (22,-6) (23,1) (24,5) (25,-4) (26,-5) (27,-8) (28,-12) (29,-8) (30,-7) (31,-10) (32,-2) (33,2) (34,-5) (35,-6) (36,-4) (37,3) (38,-7) (39,-7) (40,-9) (41,-4) (42,6) (43,7) (44,8) (45,2) (46,-1) (47,2) (48,5) (49,3) (50,6) (51,9) (52,9) (53,-1) (54,-7) (55,-4) (56,-3) (57,-5) (58,3) (59,12) (60,18) (61,27) (62,31) (63,31) (64,27) (65,39) (66,40) (67,42) (68,37) (69,36) (70,34) (71,29) (72,28) (73,36) (74,35) (75,40) (76,38) (77,33) (78,37) (79,40) (80,44) (81,51) (82,58) (83,55) (84,58) (85,61) (86,55) (87,57) (88,64) (89,66) (90,68) (91,71) (92,83) 
(999,138) (998,143) (990,147) (654,212) (413,198) (199,183) (4,11) (1,4) (0,-1) (198,182) (7,8) (196,176) (93,85) (94,83) (95,76) (96,72) (97,67) (98,69) (99,71) (100,80) (101,87) (102,90) (103,85) (104,78) (105,74) (106,74) (107,64) (108,61) (109,61) (110,66) (111,63) (112,60) (113,57) (114,63) (115,60) (116,61) (117,56) (118,51) (119,61) (120,60) (121,56) (122,64) (123,64) (124,63) (125,70) (126,73) (127,75) (128,73) (129,69) (130,60) (131,60) (132,68) (133,70) (134,83) (135,94) (136,86) (137,86) (138,84) (139,86) (140,85) (141,80) (142,72) (143,74) (144,77) (145,79) (146,86) (147,85) (148,81) (149,84) (150,84) (151,78) (152,71) (153,75) (154,86) (155,86) (156,81) (157,80) (158,86) (159,83) (160,82) (161,73) (162,78) (163,77) (164,74) (165,78) (166,85) (167,85) (168,84) (169,87) (170,84) (171,81) (172,84) (173,86) (174,82) (175,94) (176,92) (177,104) (178,107) (179,104) (180,104) (181,102) (182,110) (183,111) (184,112) (185,116) (186,130) (187,136) (188,145) (189,137) (190,150) (191,151) (192,153) (193,159) (194,163) (195,166) 
(999,138) (998,143) (990,147) (654,212) (413,198) (199,183) (4,11) (1,4) (0,-1) (198,182) (7,8) (196,176) (93,85) (197,173) 
(999,138) (998,143) (990,147) (654,212) (413,198) (199,183) (4,11) (1,4) (0,-1) (426,198) (414,196) 
(999,138) (998,143) (990,147) (654,212) (413,198) (199,183) (4,11) (1,4) (0,-1) (426,198) (414,196) (415,195) (416,191) (417,189) (418,181) (419,174) (420,180) (421,187) (422,189) (423,186) (424,179) (425,182) 
(999,138) (998,143) (990,147) (654,212) (413,198) (199,183) (4,11) (1,4) (0,-1) (987,145) (656,207) (655,206) 
(999,138) (998,143) (990,147) (654,212) (413,198) (199,183) (4,11) (1,4) (0,-1) (987,145) (656,207) (655,206) 
(999,138) (998,143) (990,147) (654,212) (413,198) (199,183) (4,11) (1,4) (0,-1) (987,145) (656,207) (986,145) (657,201) (658,196) (659,184) (660,189) (661,189) (662,182) (663,195) (664,191) (665,190) (666,185) (667,176) (668,175) (669,186) (670,184) (671,175) (672,174) (673,167) (674,164) (675,158) (676,159) (677,155) (678,155) (679,153) (680,148) (681,152) (682,156) (683,162) (684,158) (685,152) (686,153) (687,155) (688,150) (689,155) (690,153) (691,145) (692,134) (693,132) (694,129) (695,126) (696,125) (697,125) (698,120) (699,120) (700,127) (701,135) (702,124) (703,129) (704,128) (705,128) (706,129) (707,121) (708,121) (709,123) (710,128) (711,126) (712,118) (713,124) (714,128) (715,120) (716,115) (717,121) (718,120) (719,120) (720,116) (721,114) (722,125) (723,124) (724,120) (725,120) (726,128) (727,125) (728,132) (729,121) (730,121) (731,120) (732,106) (733,109) (734,108) (735,110) (736,96) (737,101) (738,101) (739,92) (740,86) (741,90) (742,90) (743,92) (744,91) (745,103) (746,101) (747,103) (748,107) (749,104) (750,100) (751,93) (752,85) (753,93) (754,94) (755,98) (756,98) (757,100) (758,103) (759,102) (760,97) (761,104) (762,102) (763,103) (764,113) (765,125) (766,121) (767,123) (768,116) (769,116) (770,116) (771,109) (772,118) (773,117) (774,123) (775,123) (776,118) (777,115) (778,116) (779,111) (780,123) (781,125) (782,116) (783,121) (784,121) (785,125) (786,127) (787,123) (788,124) (789,120) (790,120) (791,121) (792,126) (793,126) (794,131) (795,136) (796,127) (797,131) (798,134) (799,131) (800,138) (801,138) (802,144) (803,149) (804,139) (805,139) (806,141) (807,140) (808,142) (809,152) (810,150) (811,150) (812,155) (813,150) (814,149) (815,143) (816,137) (817,138) (818,133) (819,138) (820,138) (821,134) (822,135) (823,140) (824,132) (825,130) (826,130) (827,136) (828,129) (829,135) (830,136) (831,134) (832,144) (833,149) (834,145) (835,138) (836,140) (837,142) (838,136) (839,135) (840,140) (841,141) (842,138) (843,143) (844,147) (845,154) (846,152) (847,139) (848,140) (849,141) (850,143) (851,139) (852,148) (853,148) (854,147) (855,139) (856,141) (857,141) (858,136) (859,131) (860,132) (861,132) (862,123) (863,120) (864,123) (865,122) (866,120) (867,116) (868,120) (869,114) (870,100) (871,98) (872,98) (873,107) (874,106) (875,101) (876,102) (877,101) (878,112) (879,108) (880,108) (881,108) (882,118) (883,115) (884,118) (885,115) (886,116) (887,117) (888,114) (889,122) (890,131) (891,135) (892,138) (893,135) (894,147) (895,139) (896,136) (897,128) (898,130) (899,134) (900,133) (901,136) (902,133) (903,133) (904,130) (905,128) (906,127) (907,118) (908,111) (909,108) (910,108) (911,110) (912,110) (913,105) (914,95) (915,92) (916,101) (917,103) (918,97) (919,98) (920,99) (921,99) (922,100) (923,98) (924,99) (925,88) (926,88) (927,86) (928,91) (929,95) (930,106) (931,102) (932,105) (933,105) (934,107) (935,108) (936,104) (937,109) (938,100) (939,102) (940,97) (941,100) (942,100) (943,87) (944,92) (945,101) (946,98) (947,99) (948,98) (949,97) (950,99) (951,99) (952,108) (953,111) (954,104) (955,112) (956,116) (957,116) (958,112) (959,112) (960,114) (961,114) (962,118) (963,125) (964,129) (965,126) (966,127) (967,123) (968,130) (969,129) (970,129) (971,124) (972,136) (973,141) (974,135) (975,136) (976,139) (977,140) (978,127) (979,131) (980,137) (981,142) (982,137) (983,144) (984,133) (985,137) 
(999,138) (998,143) (990,147) (654,212) (413,198) (199,183) (4,11) (1,4) (0,-1) (987,145) (656,207) (986,145) 
(999,138) (998,143) (990,147) (654,212) (413,198) (199,183) (4,11) (1,4) (0,-1) (987,145) (656,207) (989,143) (988,143) 
(999,138) (998,143) (990,147) (654,212) (413,198) (199,183) (4,11) (1,4) (0,-1) (987,145) (656,207) (989,143) 
(999,138) (998,143) (990,147) (654,212) (413,198) (199,183) (4,11) (1,4) (0,-1) (997,137) (996,132) (995,136) (991,137) (992,138) (993,135) (994,132) 
(999,138) (998,143) (990,147) (654,212) (413,198) (199,183) (4,11) (1,4) (0,-1) (997,137) (996,132) (995,136) 
TD 4 :
(999,138) (998,143) (990,147) (654,212) (413,198) (199,183) (4,11) (1,4) (0,-1) (198,182) (7,8) (5,5) (6,2) 
(999,138) (998,143) (990,147) (654,212) (413,198) (199,183) (4,11) (1,4) (0,-1) (198,182) (7,8) (196,176) (93,85) (92,83) (8,6) 
(999,138) (998,143) (990,147) (654,212) (413,198) (199,183) (4,11) (1,4) (0,-1) (198,182) (7,8) (196,176) (93,85) (92,83) (8,6) (9,-2) (10,1) (11,4) (12,0) (13,1) (14,6) (15,9) (16,0) (17,6) (18,6) (19,2) (20,-5) (21,-8) (22,-6) (23,1) (24,5) (25,-4) (26,-5) (27,-8) (28,-12) (29,-8) (30,-7) (31,-10) (32,-2) (33,2) (34,-5) (35,-6) (36,-4) (37,3) (38,-7) (39,-7) (40,-9) (41,-4) (42,6) (43,7) (44,8) (45,2) (46,-1) (47,2) (48,5) (49,3) (50,6) (51,9) (52,9) (53,-1) (54,-7) (55,-4) (56,-3) (57,-5) (58,3) (59,12) (60,18) (61,27) (62,31) (63,31) (64,27) (65,39) (66,40) (67,42) (68,37) (69,36) (70,34) (71,29) (72,28) (73,36) (74,35) (75,40) (76,38) (77,33) (78,37) (79,40) (80,44) (81,51) (82,58) (83,55) (84,58) (85,61) (86,55) (87,57) (88,64) (89,66) (90,68) (91,71) 
(999,138) (998,143) (990,147) (654,212) (413,198) (199,183) (4,11) (1,4) (0,-1) (198,182) (7,8) (196,176) (93,85) (92,83) (8,6) 
(999,138) (998,143) (990,147) (654,212) (413,198) (199,183) (4,11) (1,4) (0,-1) (198,182) (7,8) (196,176) (93,85) (197,173) 
(999,138) (998,143) (990,147) (654,212) (413,198) (199,183) (4,11) (1,4) (0,-1) (198,182) (7,8) (196,176) (93,85) (197,173) 
(999,138) (998,143) (990,147) (654,212) (413,198) (199,183) (4,11) (1,4) (0,-1) (987,145) (656,207) (986,145) (983,144) (657,201) (658,196) (659,184) (660,189) (661,189) (662,182) (663,195) (664,191) (665,190) (666,185) (667,176) (668,175) (669,186) (670,184) (671,175) (672,174) (673,167) (674,164) (675,158) (676,159) (677,155) (678,155) (679,153) (680,148) (681,152) (682,156) (683,162) (684,158) (685,152) (686,153) (687,155) (688,150) (689,155) (690,153) (691,145) (692,134) (693,132) (694,129) (695,126) (696,125) (697,125) (698,120) (699,120) (700,127) (701,135) (702,124) (703,129) (704,128) (705,128) (706,129) (707,121) (708,121) (709,123) (710,128) (711,126) (712,118) (713,124) (714,128) (715,120) (716,115) (717,121) (718,120) (719,120) (720,116) (721,114) (722,125) (723,124) (724,120) (725,120) (726,128) (727,125) (728,132) (729,121) (730,121) (731,120) (732,106) (733,109) (734,108) (735,110) (736,96) (737,101) (738,101) (739,92) (740,86) (741,90) (742,90) (743,92) (744,91) (745,103) (746,101) (747,103) (748,107) (749,104) (750,100) (751,93) (752,85) (753,93) (754,94) (755,98) (756,98) (757,100) (758,103) (759,102) (760,97) (761,104) (762,102) (763,103) (764,113) (765,125) (766,121) (767,123) (768,116) (769,116) (770,116) (771,109) (772,118) (773,117) (774,123) (775,123) (776,118) (777,115) (778,116) (779,111) (780,123) (781,125) (782,116) (783,121) (784,121) (785,125) (786,127) (787,123) (788,124) (789,120) (790,120) (791,121) (792,126) (793,126) (794,131) (795,136) (796,127) (797,131) (798,134) (799,131) (800,138) (801,138) (802,144) (803,149) (804,139) (805,139) (806,141) (807,140) (808,142) (809,152) (810,150) (811,150) (812,155) (813,150) (814,149) (815,143) (816,137) (817,138) (818,133) (819,138) (820,138) (821,134) (822,135) (823,140) (824,132) (825,130) (826,130) (827,136) (828,129) (829,135) (830,136) (831,134) (832,144) (833,149) (834,145) (835,138) (836,140) (837,142) (838,136) (839,135) (840,140) (841,141) (842,138) (843,143) (844,147) (845,154) (846,152) (847,139) (848,140) (849,141) (850,143) (851,139) (852,148) (853,148) (854,147) (855,139) (856,141) (857,141) (858,136) (859,131) (860,132) (861,132) (862,123) (863,120) (864,123) (865,122) (866,120) (867,116) (868,120) (869,114) (870,100) (871,98) (872,98) (873,107) (874,106) (875,101) (876,102) (877,101) (878,112) (879,108) (880,108) (881,108) (882,118) (883,115) (884,118) (885,115) (886,116) (887,117) (888,114) (889,122) (890,131) (891,135) (892,138) (893,135) (894,147) (895,139) (896,136) (897,128) (898,130) (899,134) (900,133) (901,136) (902,133) (903,133) (904,130) (905,128) (906,127) (907,118) (908,111) (909,108) (910,108) (911,110) (912,110) (913,105) (914,95) (915,92) (916,101) (917,103) (918,97) (919,98) (920,99) (921,99) (922,100) (923,98) (924,99) (925,88) (926,88) (927,86) (928,91) (929,95) (930,106) (931,102) (932,105) (933,105) (934,107) (935,108) (936,104) (937,109) (938,100) (939,102) (940,97) (941,100) (942,100) (943,87) (944,92) (945,101) (946,98) (947,99) (948,98) (949,97) (950,99) (951,99) (952,108) (953,111) (954,104) (955,112) (956,116) (957,116) (958,112) (959,112) (960,114) (961,114) (962,118) (963,125) (964,129) (965,126) (966,127) (967,123) (968,130) (969,129) (970,129) (971,124) (972,136) (973,141) (974,135) (975,136) (976,139) (977,140) (978,127) (979,131) (980,137) (981,142) (982,137) 
(999,138) (998,143) (990,147) (654,212) (413,198) (199,183) (4,11) (1,4) (0,-1) (987,145) (656,207) (986,145) (983,144) (984,133) (985,137) 
(999,138) (998,143) (990,147) (654,212) (413,198) (199,183) (4,11) (1,4) (0,-1) (987,145) (656,207) (989,143) (988,143) 
(999,138) (998,143) (990,147) (654,212) (413,198) (199,183) (4,11) (1,4) (0,-1) (987,145) (656,207) (989,143) (988,143) 
(999,138) (998,143) (990,147) (654,212) (413,198) (199,183) (4,11) (1,4) (0,-1) (997,137) (996,132) (995,136) (994,132) (993,135) (992,138) (991,137) 
(999,138) (998,143) (990,147) (654,212) (413,198) (199,183) (4,11) (1,4) (0,-1) (997,137) (996,132) (995,136) (994,132) (993,135) (992,138) 
(999,138) (998,143) (990,147) (654,212) (413,198) (199,183) (4,11) (1,4) (0,-1) (997,137) (996,132) (995,136) (994,132) (993,135) (992,138) 
TD 5 :
(999,138) (998,143) (990,147) (654,212) (413,198) (199,183) (4,11) (1,4) (0,-1) (198,182) (7,8) (196,176) (93,85) (92,83) (8,6) (15,9) (11,4) (10,1) (9,-2) 
(999,138) (998,143) (990,147) (654,212) (413,198) (199,183) (4,11) (1,4) (0,-1) (198,182) (7,8) (196,176) (93,85) (92,83) (8,6) (15,9) (11,4) (10,1) (9,-2) 
(999,138) (998,143) (990,147) (654,212) (413,198) (199,183) (4,11) (1,4) (0,-1) (198,182) (7,8) (196,176) (93,85) (92,83) (8,6) (15,9) (11,4) (10,1) (9,-2) (12,0) (13,1) (14,6) 
(999,138) (998,143) (990,147) (654,212) (413,198) (199,183) (4,11) (1,4) (0,-1) (198,182) (7,8) (196,176) (93,85) (92,83) (8,6) (15,9) (11,4) (10,1) (9,-2) (16,0) (17,6) (18,6) (19,2) (20,-5) (21,-8) (22,-6) (23,1) (24,5) (25,-4) (26,-5) (27,-8) (28,-12) (29,-8) (30,-7) (31,-10) (32,-2) (33,2) (34,-5) (35,-6) (36,-4) (37,3) (38,-7) (39,-7) (40,-9) (41,-4) (42,6) (43,7) (44,8) (45,2) (46,-1) (47,2) (48,5) (49,3) (50,6) (51,9) (52,9) (53,-1) (54,-7) (55,-4) (56,-3) (57,-5) (58,3) (59,12) (60,18) (61,27) (62,31) (63,31) (64,27) (65,39) (66,40) (67,42) (68,37) (69,36) (70,34) (71,29) (72,28) (73,36) (74,35) (75,40) (76,38) (77,33) (78,37) (79,40) (80,44) (81,51) (82,58) (83,55) (84,58) (85,61) (86,55) (87,57) (88,64) (89,66) (90,68) (91,71) 
(999,138) (998,143) (990,147) (654,212) (413,198) (199,183) (4,11) (1,4) (0,-1) (987,145) (656,207) (986,145) (983,144) (981,142) (657,201) 
(999,138) (998,143) (990,147) (654,212) (413,198) (199,183) (4,11) (1,4) (0,-1) (987,145) (656,207) (986,145) (983,144) (981,142) (657,201) (658,196) (659,184) (660,189) (661,189) (662,182) (663,195) (664,191) (665,190) (666,185) (667,176) (668,175) (669,186) (670,184) (671,175) (672,174) (673,167) (674,164) (675,158) (676,159) (677,155) (678,155) (679,153) (680,148) (681,152) (682,156) (683,162) (684,158) (685,152) (686,153) (687,155) (688,150) (689,155) (690,153) (691,145) (692,134) (693,132) (694,129) (695,126) (696,125) (697,125) (698,120) (699,120) (700,127) (701,135) (702,124) (703,129) (704,128) (705,128) (706,129) (707,121) (708,121) (709,123) (710,128) (711,126) (712,118) (713,124) (714,128) (715,120) (716,115) (717,121) (718,120) (719,120) (720,116) (721,114) (722,125) (723,124) (724,120) (725,120) (726,128) (727,125) (728,132) (729,121) (730,121) (731,120) (732,106) (733,109) (734,108) (735,110) (736,96) (737,101) (738,101) (739,92) (740,86) (741,90) (742,90) (743,92) (744,91) (745,103) (746,101) (747,103) (748,107) (749,104) (750,100) (751,93) (752,85) (753,93) (754,94) (755,98) (756,98) (757,100) (758,103) (759,102) (760,97) (761,104) (762,102) (763,103) (764,113) (765,125) (766,121) (767,123) (768,116) (769,116) (770,116) (771,109) (772,118) (773,117) (774,123) (775,123) (776,118) (777,115) (778,116) (779,111) (780,123) (781,125) (782,116) (783,121) (784,121) (785,125) (786,127) (787,123) (788,124) (789,120) (790,120) (791,121) (792,126) (793,126) (794,131) (795,136) (796,127) (797,131) (798,134) (799,131) (800,138) (801,138) (802,144) (803,149) (804,139) (805,139) (806,141) (807,140) (808,142) (809,152) (810,150) (811,150) (812,155) (813,150) (814,149) (815,143) (816,137) (817,138) (818,133) (819,138) (820,138) (821,134) (822,135) (823,140) (824,132) (825,130) (826,130) (827,136) (828,129) (829,135) (830,136) (831,134) (832,144) (833,149) (834,145) (835,138) (836,140) (837,142) (838,136) (839,135) (840,140) (841,141) (842,138) (843,143) (844,147) (845,154) (846,152) (847,139) (848,140) (849,141) (850,143) (851,139) (852,148) (853,148) (854,147) (855,139) (856,141) (857,141) (858,136) (859,131) (860,132) (861,132) (862,123) (863,120) (864,123) (865,122) (866,120) (867,116) (868,120) (869,114) (870,100) (871,98) (872,98) (873,107) (874,106) (875,101) (876,102) (877,101) (878,112) (879,108) (880,108) (881,108) (882,118) (883,115) (884,118) (885,115) (886,116) (887,117) (888,114) (889,122) (890,131) (891,135) (892,138) (893,135) (894,147) (895,139) (896,136) (897,128) (898,130) (899,134) (900,133) (901,136) (902,133) (903,133) (904,130) (905,128) (906,127) (907,118) (908,111) (909,108) (910,108) (911,110) (912,110) (913,105) (914,95) (915,92) (916,101) (917,103) (918,97) (919,98) (920,99) (921,99) (922,100) (923,98) (924,99) (925,88) (926,88) (927,86) (928,91) (929,95) (930,106) (931,102) (932,105) (933,105) (934,107) (935,108) (936,104) (937,109) (938,100) (939,102) (940,97) (941,100) (942,100) (943,87) (944,92) (945,101) (946,98) (947,99) (948,98) (949,97) (950,99) (951,99) (952,108) (953,111) (954,104) (955,112) (956,116) (957,116) (958,112) (959,112) (960,114) (961,114) (962,118) (963,125) (964,129) (965,126) (966,127) (967,123) (968,130) (969,129) (970,129) (971,124) (972,136) (973,141) (974,135) (975,136) (976,139) (977,140) (978,127) (979,131) (980,137) 
(999,138) (998,143) (990,147) (654,212) (413,198) (199,183) (4,11) (1,4) (0,-1) (987,145) (656,207) (986,145) (983,144) (981,142) (657,201) (982,137) 
(999,138) (998,143) (990,147) (654,212) (413,198) (199,183) (4,11) (1,4) (0,-1) (997,137) (996,132) (995,136) (994,132) (993,135) (992,138) (991,137) 
TD 6 :
(999,138) (998,143) (990,147) (654,212) (413,198) (199,183) (4,11) (1,4) (0,-1) (198,182) (7,8) (196,176) (93,85) (92,83) (8,6) (15,9) (11,4) (10,1) (9,-2) (14,6) (12,0) (13,1) 
(999,138) (998,143) (990,147) (654,212) (413,198) (199,183) (4,11) (1,4) (0,-1) (198,182) (7,8) (196,176) (93,85) (92,83) (8,6) (15,9) (11,4) (10,1) (9,-2) (14,6) (12,0) 
(999,138) (998,143) (990,147) (654,212) (413,198) (199,183) (4,11) (1,4) (0,-1) (987,145) (656,207) (986,145) (983,144) (981,142) (657,201) (977,140) (973,141) (658,196) 
(999,138) (998,143) (990,147) (654,212) (413,198) (199,183) (4,11) (1,4) (0,-1) (987,145) (656,207) (986,145) (983,144) (981,142) (657,201) (977,140) (973,141) (658,196) (659,184) (660,189) (661,189) (662,182) (663,195) (664,191) (665,190) (666,185) (667,176) (668,175) (669,186) (670,184) (671,175) (672,174) (673,167) (674,164) (675,158) (676,159) (677,155) (678,155) (679,153) (680,148) (681,152) (682,156) (683,162) (684,158) (685,152) (686,153) (687,155) (688,150) (689,155) (690,153) (691,145) (692,134) (693,132) (694,129) (695,126) (696,125) (697,125) (698,120) (699,120) (700,127) (701,135) (702,124) (703,129) (704,128) (705,128) (706,129) (707,121) (708,121) (709,123) (710,128) (711,126) (712,118) (713,124) (714,128) (715,120) (716,115) (717,121) (718,120) (719,120) (720,116) (721,114) (722,125) (723,124) (724,120) (725,120) (726,128) (727,125) (728,132) (729,121) (730,121) (731,120) (732,106) (733,109) (734,108) (735,110) (736,96) (737,101) (738,101) (739,92) (740,86) (741,90) (742,90) (743,92) (744,91) (745,103) (746,101) (747,103) (748,107) (749,104) (750,100) (751,93) (752,85) (753,93) (754,94) (755,98) (756,98) (757,100) (758,103) (759,102) (760,97) (761,104) (762,102) (763,103) (764,113) (765,125) (766,121) (767,123) (768,116) (769,116) (770,116) (771,109) (772,118) (773,117) (774,123) (775,123) (776,118) (777,115) (778,116) (779,111) (780,123) (781,125) (782,116) (783,121) (784,121) (785,125) (786,127) (787,123) (788,124) (789,120) (790,120) (791,121) (792,126) (793,126) (794,131) (795,136) (796,127) (797,131) (798,134) (799,131) (800,138) (801,138) (802,144) (803,149) (804,139) (805,139) (806,141) (807,140) (808,142) (809,152) (810,150) (811,150) (812,155) (813,150) (814,149) (815,143) (816,137) (817,138) (818,133) (819,138) (820,138) (821,134) (822,135) (823,140) (824,132) (825,130) (826,130) (827,136) (828,129) (829,135) (830,136) (831,134) (832,144) (833,149) (834,145) (835,138) (836,140) (837,142) (838,136) (839,135) (840,140) (841,141) (842,138) (843,143) (844,147) (845,154) (846,152) (847,139) (848,140) (849,141) (850,143) (851,139) (852,148) (853,148) (854,147) (855,139) (856,141) (857,141) (858,136) (859,131) (860,132) (861,132) (862,123) (863,120) (864,123) (865,122) (866,120) (867,116) (868,120) (869,114) (870,100) (871,98) (872,98) (873,107) (874,106) (875,101) (876,102) (877,101) (878,112) (879,108) (880,108) (881,108) (882,118) (883,115) (884,118) (885,115) (886,116) (887,117) (888,114) (889,122) (890,131) (891,135) (892,138) (893,135) (894,147) (895,139) (896,136) (897,128) (898,130) (899,134) (900,133) (901,136) (902,133) (903,133) (904,130) (905,128) (906,127) (907,118) (908,111) (909,108) (910,108) (911,110) (912,110) (913,105) (914,95) (915,92) (916,101) (917,103) (918,97) (919,98) (920,99) (921,99) (922,100) (923,98) (924,99) (925,88) (926,88) (927,86) (928,91) (929,95) (930,106) (931,102) (932,105) (933,105) (934,107) (935,108) (936,104) (937,109) (938,100) (939,102) (940,97) (941,100) (942,100) (943,87) (944,92) (945,101) (946,98) (947,99) (948,98) (949,97) (950,99) (951,99) (952,108) (953,111) (954,104) (955,112) (956,116) (957,116) (958,112) (959,112) (960,114) (961,114) (962,118) (963,125) (964,129) (965,126) (966,127) (967,123) (968,130) (969,129) (970,129) (971,124) (972,136) 
(999,138) (998,143) (990,147) (654,212) (413,198) (199,183) (4,11) (1,4) (0,-1) (987,145) (656,207) (986,145) (983,144) (981,142) (657,201) (977,140) (973,141) (658,196) (974,135) (975,136) (976,139) 
(999,138) (998,143) (990,147) (654,212) (413,198) (199,183) (4,11) (1,4) (0,-1) (987,145) (656,207) (986,145) (983,144) (981,142) (657,201) (977,140) (973,141) (658,196) (978,127) (979,131) (980,137) 
TD 7 :
(999,138) (998,143) (990,147) (654,212) (413,198) (199,183) (4,11) (1,4) (0,-1) (198,182) (7,8) (196,176) (93,85) (92,83) (8,6) (15,9) (11,4) (10,1) (9,-2) (14,6) (12,0) (13,1) 
(999,138) (998,143) (990,147) (654,212) (413,198) (199,183) (4,11) (1,4) (0,-1) (987,145) (656,207) (986,145) (983,144) (981,142) (657,201) (977,140) (973,141) (658,196) (663,195) (659,184) (660,189) (661,189) (662,182) 
(999,138) (998,143) (990,147) (654,212) (413,198) (199,183) (4,11) (1,4) (0,-1) (987,145) (656,207) (986,145) (983,144) (981,142) (657,201) (977,140) (973,141) (658,196) (663,195) (664,191) (665,190) (666,185) (667,176) (668,175) (669,186) (670,184) (671,175) (672,174) (673,167) (674,164) (675,158) (676,159) (677,155) (678,155) (679,153) (680,148) (681,152) (682,156) (683,162) (684,158) (685,152) (686,153) (687,155) (688,150) (689,155) (690,153) (691,145) (692,134) (693,132) (694,129) (695,126) (696,125) (697,125) (698,120) (699,120) (700,127) (701,135) (702,124) (703,129) (704,128) (705,128) (706,129) (707,121) (708,121) (709,123) (710,128) (711,126) (712,118) (713,124) (714,128) (715,120) (716,115) (717,121) (718,120) (719,120) (720,116) (721,114) (722,125) (723,124) (724,120) (725,120) (726,128) (727,125) (728,132) (729,121) (730,121) (731,120) (732,106) (733,109) (734,108) (735,110) (736,96) (737,101) (738,101) (739,92) (740,86) (741,90) (742,90) (743,92) (744,91) (745,103) (746,101) (747,103) (748,107) (749,104) (750,100) (751,93) (752,85) (753,93) (754,94) (755,98) (756,98) (757,100) (758,103) (759,102) (760,97) (761,104) (762,102) (763,103) (764,113) (765,125) (766,121) (767,123) (768,116) (769,116) (770,116) (771,109) (772,118) (773,117) (774,123) (775,123) (776,118) (777,115) (778,116) (779,111) (780,123) (781,125) (782,116) (783,121) (784,121) (785,125) (786,127) (787,123) (788,124) (789,120) (790,120) (791,121) (792,126) (793,126) (794,131) (795,136) (796,127) (797,131) (798,134) (799,131) (800,138) (801,138) (802,144) (803,149) (804,139) (805,139) (806,141) (807,140) (808,142) (809,152) (810,150) (811,150) (812,155) (813,150) (814,149) (815,143) (816,137) (817,138) (818,133) (819,138) (820,138) (821,134) (822,135) (823,140) (824,132) (825,130) (826,130) (827,136) (828,129) (829,135) (830,136) (831,134) (832,144) (833,149) (834,145) (835,138) (836,140) (837,142) (838,136) (839,135) (840,140) (841,141) (842,138) (843,143) (844,147) (845,154) (846,152) (847,139) (848,140) (849,141) (850,143) (851,139) (852,148) (853,148) (854,147) (855,139) (856,141) (857,141) (858,136) (859,131) (860,132) (861,132) (862,123) (863,120) (864,123) (865,122) (866,120) (867,116) (868,120) (869,114) (870,100) (871,98) (872,98) (873,107) (874,106) (875,101) (876,102) (877,101) (878,112) (879,108) (880,108) (881,108) (882,118) (883,115) (884,118) (885,115) (886,116) (887,117) (888,114) (889,122) (890,131) (891,135) (892,138) (893,135) (894,147) (895,139) (896,136) (897,128) (898,130) (899,134) (900,133) (901,136) (902,133) (903,133) (904,130) (905,128) (906,127) (907,118) (908,111) (909,108) (910,108) (911,110) (912,110) (913,105) (914,95) (915,92) (916,101) (917,103) (918,97) (919,98) (920,99) (921,99) (922,100) (923,98) (924,99) (925,88) (926,88) (927,86) (928,91) (929,95) (930,106) (931,102) (932,105) (933,105) (934,107) (935,108) (936,104) (937,109) (938,100) (939,102) (940,97) (941,100) (942,100) (943,87) (944,92) (945,101) (946,98) (947,99) (948,98) (949,97) (950,99) (951,99) (952,108) (953,111) (954,104) (955,112) (956,116) (957,116) (958,112) (959,112) (960,114) (961,114) (962,118) (963,125) (964,129) (965,126) (966,127) (967,123) (968,130) (969,129) (970,129) (971,124) (972,136) 
(999,138) (998,143) (990,147) (654,212) (413,198) (199,183) (4,11) (1,4) (0,-1) (987,145) (656,207) (986,145) (983,144) (981,142) (657,201) (977,140) (973,141) (658,196) (976,139) (974,135) (975,136) 
(999,138) (998,143) (990,147) (654,212) (413,198) (199,183) (4,11) (1,4) (0,-1) (987,145) (656,207) (986,145) (983,144) (981,142) (657,201) (977,140) (973,141) (658,196) (976,139) 
TD 8 :
(999,138) (998,143) (990,147) (654,212) (413,198) (199,183) (4,11) (1,4) (0,-1) (987,145) (656,207) (986,145) (983,144) (981,142) (657,201) (977,140) (973,141) (658,196) (663,195) (664,191) 
(999,138) (998,143) (990,147) (654,212) (413,198) (199,183) (4,11) (1,4) (0,-1) (987,145) (656,207) (986,145) (983,144) (981,142) (657,201) (977,140) (973,141) (658,196) (663,195) (664,191) (665,190) (666,185) (667,176) (668,175) (669,186) (670,184) (671,175) (672,174) (673,167) (674,164) (675,158) (676,159) (677,155) (678,155) (679,153) (680,148) (681,152) (682,156) (683,162) (684,158) (685,152) (686,153) (687,155) (688,150) (689,155) (690,153) (691,145) (692,134) (693,132) (694,129) (695,126) (696,125) (697,125) (698,120) (699,120) (700,127) (701,135) (702,124) (703,129) (704,128) (705,128) (706,129) (707,121) (708,121) (709,123) (710,128) (711,126) (712,118) (713,124) (714,128) (715,120) (716,115) (717,121) (718,120) (719,120) (720,116) (721,114) (722,125) (723,124) (724,120) (725,120) (726,128) (727,125) (728,132) (729,121) (730,121) (731,120) (732,106) (733,109) (734,108) (735,110) (736,96) (737,101) (738,101) (739,92) (740,86) (741,90) (742,90) (743,92) (744,91) (745,103) (746,101) (747,103) (748,107) (749,104) (750,100) (751,93) (752,85) (753,93) (754,94) (755,98) (756,98) (757,100) (758,103) (759,102) (760,97) (761,104) (762,102) (763,103) (764,113) (765,125) (766,121) (767,123) (768,116) (769,116) (770,116) (771,109) (772,118) (773,117) (774,123) (775,123) (776,118) (777,115) (778,116) (779,111) (780,123) (781,125) (782,116) (783,121) (784,121) (785,125) (786,127) (787,123) (788,124) (789,120) (790,120) (791,121) (792,126) (793,126) (794,131) (795,136) (796,127) (797,131) (798,134) (799,131) (800,138) (801,138) (802,144) (803,149) (804,139) (805,139) (806,141) (807,140) (808,142) (809,152) (810,150) (811,150) (812,155) (813,150) (814,149) (815,143) (816,137) (817,138) (818,133) (819,138) (820,138) (821,134) (822,135) (823,140) (824,132) (825,130) (826,130) (827,136) (828,129) (829,135) (830,136) (831,134) (832,144) (833,149) (834,145) (835,138) (836,140) (837,142) (838,136) (839,135) (840,140) (841,141) (842,138) (843,143) (844,147) (845,154) (846,152) (847,139) (848,140) (849,141) (850,143) (851,139) (852,148) (853,148) (854,147) (855,139) (856,141) (857,141) (858,136) (859,131) (860,132) (861,132) (862,123) (863,120) (864,123) (865,122) (866,120) (867,116) (868,120) (869,114) (870,100) (871,98) (872,98) (873,107) (874,106) (875,101) (876,102) (877,101) (878,112) (879,108) (880,108) (881,108) (882,118) (883,115) (884,118) (885,115) (886,116) (887,117) (888,114) (889,122) (890,131) (891,135) (892,138) (893,135) (894,147) (895,139) (896,136) (897,128) (898,130) (899,134) (900,133) (901,136) (902,133) (903,133) (904,130) (905,128) (906,127) (907,118) (908,111) (909,108) (910,108) (911,110) (912,110) (913,105) (914,95) (915,92) (916,101) (917,103) (918,97) (919,98) (920,99) (921,99) (922,100) (923,98) (924,99) (925,88) (926,88) (927,86) (928,91) (929,95) (930,106) (931,102) (932,105) (933,105) (934,107) (935,108) (936,104) (937,109) (938,100) (939,102) (940,97) (941,100) (942,100) (943,87) (944,92) (945,101) (946,98) (947,99) (948,98) (949,97) (950,99) (951,99) (952,108) (953,111) (954,104) (955,112) (956,116) (957,116) (958,112) (959,112) (960,114) (961,114) (962,118) (963,125) (964,129) (965,126) (966,127) (967,123) (968,130) (969,129) (970,129) (971,124) (972,136) 
TD 9 :
(999,138) (998,143) (990,147) (654,212) (413,198) (199,183) (4,11) (1,4) (0,-1) (987,145) (656,207) (986,145) (983,144) (981,142) (657,201) (977,140) (973,141) (658,196) (663,195) (664,191) (665,190) 
(999,138) (998,143) (990,147) (654,212) (413,198) (199,183) (4,11) (1,4) (0,-1) (987,145) (656,207) (986,145) (983,144) (981,142) (657,201) (977,140) (973,141) (658,196) (663,195) (664,191) (665,190) (666,185) (667,176) (668,175) (669,186) (670,184) (671,175) (672,174) (673,167) (674,164) (675,158) (676,159) (677,155) (678,155) (679,153) (680,148) (681,152) (682,156) (683,162) (684,158) (685,152) (686,153) (687,155) (688,150) (689,155) (690,153) (691,145) (692,134) (693,132) (694,129) (695,126) (696,125) (697,125) (698,120) (699,120) (700,127) (701,135) (702,124) (703,129) (704,128) (705,128) (706,129) (707,121) (708,121) (709,123) (710,128) (711,126) (712,118) (713,124) (714,128) (715,120) (716,115) (717,121) (718,120) (719,120) (720,116) (721,114) (722,125) (723,124) (724,120) (725,120) (726,128) (727,125) (728,132) (729,121) (730,121) (731,120) (732,106) (733,109) (734,108) (735,110) (736,96) (737,101) (738,101) (739,92) (740,86) (741,90) (742,90) (743,92) (744,91) (745,103) (746,101) (747,103) (748,107) (749,104) (750,100) (751,93) (752,85) (753,93) (754,94) (755,98) (756,98) (757,100) (758,103) (759,102) (760,97) (761,104) (762,102) (763,103) (764,113) (765,125) (766,121) (767,123) (768,116) (769,116) (770,116) (771,109) (772,118) (773,117) (774,123) (775,123) (776,118) (777,115) (778,116) (779,111) (780,123) (781,125) (782,116) (783,121) (784,121) (785,125) (786,127) (787,123) (788,124) (789,120) (790,120) (791,121) (792,126) (793,126) (794,131) (795,136) (796,127) (797,131) (798,134) (799,131) (800,138) (801,138) (802,144) (803,149) (804,139) (805,139) (806,141) (807,140) (808,142) (809,152) (810,150) (811,150) (812,155) (813,150) (814,149) (815,143) (816,137) (817,138) (818,133) (819,138) (820,138) (821,134) (822,135) (823,140) (824,132) (825,130) (826,130) (827,136) (828,129) (829,135) (830,136) (831,134) (832,144) (833,149) (834,145) (835,138) (836,140) (837,142) (838,136) (839,135) (840,140) (841,141) (842,138) (843,143) (844,147) (845,154) (846,152) (847,139) (848,140) (849,141) (850,143) (851,139) (852,148) (853,148) (854,147) (855,139) (856,141) (857,141) (858,136) (859,131) (860,132) (861,132) (862,123) (863,120) (864,123) (865,122) (866,120) (867,116) (868,120) (869,114) (870,100) (871,98) (872,98) (873,107) (874,106) (875,101) (876,102) (877,101) (878,112) (879,108) (880,108) (881,108) (882,118) (883,115) (884,118) (885,115) (886,116) (887,117) (888,114) (889,122) (890,131) (891,135) (892,138) (893,135) (894,147) (895,139) (896,136) (897,128) (898,130) (899,134) (900,133) (901,136) (902,133) (903,133) (904,130) (905,128) (906,127) (907,118) (908,111) (909,108) (910,108) (911,110) (912,110) (913,105) (914,95) (915,92) (916,101) (917,103) (918,97) (919,98) (920,99) (921,99) (922,100) (923,98) (924,99) (925,88) (926,88) (927,86) (928,91) (929,95) (930,106) (931,102) (932,105) (933,105) (934,107) (935,108) (936,104) (937,109) (938,100) (939,102) (940,97) (941,100) (942,100) (943,87) (944,92) (945,101) (946,98) (947,99) (948,98) (949,97) (950,99) (951,99) (952,108) (953,111) (954,104) (955,112) (956,116) (957,116) (958,112) (959,112) (960,114) (961,114) (962,118) (963,125) (964,129) (965,126) (966,127) (967,123) (968,130) (969,129) (970,129) (971,124) (972,136) 
TD 10 :
(999,138) (998,143) (990,147) (654,212) (413,198) (199,183) (4,11) (1,4) (0,-1) (987,145) (656,207) (986,145) (983,144) (981,142) (657,201) (977,140) (973,141) (658,196) (663,195) (664,191) (665,190) (972,136) (666,185) (667,176) (668,175) (669,186) (670,184) (671,175) (672,174) (673,167) (674,164) (675,158) (676,159) (677,155) (678,155) (679,153) (680,148) (681,152) (682,156) (683,162) (684,158) (685,152) (686,153) (687,155) (688,150) (689,155) (690,153) (691,145) (692,134) (693,132) (694,129) (695,126) (696,125) (697,125) (698,120) (699,120) (700,127) (701,135) (702,124) (703,129) (704,128) (705,128) (706,129) (707,121) (708,121) (709,123) (710,128) (711,126) (712,118) (713,124) (714,128) (715,120) (716,115) (717,121) (718,120) (719,120) (720,116) (721,114) (722,125) (723,124) (724,120) (725,120) (726,128) (727,125) (728,132) (729,121) (730,121) (731,120) (732,106) (733,109) (734,108) (735,110) (736,96) (737,101) (738,101) (739,92) (740,86) (741,90) (742,90) (743,92) (744,91) (745,103) (746,101) (747,103) (748,107) (749,104) (750,100) (751,93) (752,85) (753,93) (754,94) (755,98) (756,98) (757,100) (758,103) (759,102) (760,97) (761,104) (762,102) (763,103) (764,113) (765,125) (766,121) (767,123) (768,116) (769,116) (770,116) (771,109) (772,118) (773,117) (774,123) (775,123) (776,118) (777,115) (778,116) (779,111) (780,123) (781,125) (782,116) (783,121) (784,121) (785,125) (786,127) (787,123) (788,124) (789,120) (790,120) (791,121) (792,126) (793,126) (794,131) (795,136) (796,127) (797,131) (798,134) (799,131) (800,138) (801,138) (802,144) (803,149) (804,139) (805,139) (806,141) (807,140) (808,142) (809,152) (810,150) (811,150) (812,155) (813,150) (814,149) (815,143) (816,137) (817,138) (818,133) (819,138) (820,138) (821,134) (822,135) (823,140) (824,132) (825,130) (826,130) (827,136) (828,129) (829,135) (830,136) (831,134) (832,144) (833,149) (834,145) (835,138) (836,140) (837,142) (838,136) (839,135) (840,140) (841,141) (842,138) (843,143) (844,147) (845,154) (846,152) (847,139) (848,140) (849,141) (850,143) (851,139) (852,148) (853,148) (854,147) (855,139) (856,141) (857,141) (858,136) (859,131) (860,132) (861,132) (862,123) (863,120) (864,123) (865,122) (866,120) (867,116) (868,120) (869,114) (870,100) (871,98) (872,98) (873,107) (874,106) (875,101) (876,102) (877,101) (878,112) (879,108) (880,108) (881,108) (882,118) (883,115) (884,118) (885,115) (886,116) (887,117) (888,114) (889,122) (890,131) (891,135) (892,138) (893,135) (894,147) (895,139) (896,136) (897,128) (898,130) (899,134) (900,133) (901,136) (902,133) (903,133) (904,130) (905,128) (906,127) (907,118) (908,111) (909,108) (910,108) (911,110) (912,110) (913,105) (914,95) (915,92) (916,101) (917,103) (918,97) (919,98) (920,99) (921,99) (922,100) (923,98) (924,99) (925,88) (926,88) (927,86) (928,91) (929,95) (930,106) (931,102) (932,105) (933,105) (934,107) (935,108) (936,104) (937,109) (938,100) (939,102) (940,97) (941,100) (942,100) (943,87) (944,92) (945,101) (946,98) (947,99) (948,98) (949,97) (950,99) (951,99) (952,108) (953,111) (954,104) (955,112) (956,116) (957,116) (958,112) (959,112) (960,114) (961,114) (962,118) (963,125) (964,129) (965,126) (966,127) (967,123) (968,130) (969,129) (970,129) (971,124) 
(999,138) (998,143) (990,147) (654,212) (413,198) (199,183) (4,11) (1,4) (0,-1) (987,145) (656,207) (986,145) (983,144) (981,142) (657,201) (977,140) (973,141) (658,196) (663,195) (664,191) (665,190) (972,136) 
TD 11 :
(999,138) (998,143) (990,147) (654,212) (413,198) (199,183) (4,11) (1,4) (0,-1) (987,145) (656,207) (986,145) (983,144) (981,142) (657,201) (977,140) (973,141) (658,196) (663,195) (664,191) (665,190) (972,136) (971,124) (970,129) (968,130) (894,147) (669,186) (666,185) (667,176) (668,175) 
(999,138) (998,143) (990,147) (654,212) (413,198) (199,183) (4,11) (1,4) (0,-1) (987,145) (656,207) (986,145) (983,144) (981,142) (657,201) (977,140) (973,141) (658,196) (663,195) (664,191) (665,190) (972,136) (971,124) (970,129) (968,130) (894,147) (669,186) (670,184) (671,175) (672,174) (673,167) (674,164) (675,158) (676,159) (677,155) (678,155) (679,153) (680,148) (681,152) (682,156) (683,162) (684,158) (685,152) (686,153) (687,155) (688,150) (689,155) (690,153) (691,145) (692,134) (693,132) (694,129) (695,126) (696,125) (697,125) (698,120) (699,120) (700,127) (701,135) (702,124) (703,129) (704,128) (705,128) (706,129) (707,121) (708,121) (709,123) (710,128) (711,126) (712,118) (713,124) (714,128) (715,120) (716,115) (717,121) (718,120) (719,120) (720,116) (721,114) (722,125) (723,124) (724,120) (725,120) (726,128) (727,125) (728,132) (729,121) (730,121) (731,120) (732,106) (733,109) (734,108) (735,110) (736,96) (737,101) (738,101) (739,92) (740,86) (741,90) (742,90) (743,92) (744,91) (745,103) (746,101) (747,103) (748,107) (749,104) (750,100) (751,93) (752,85) (753,93) (754,94) (755,98) (756,98) (757,100) (758,103) (759,102) (760,97) (761,104) (762,102) (763,103) (764,113) (765,125) (766,121) (767,123) (768,116) (769,116) (770,116) (771,109) (772,118) (773,117) (774,123) (775,123) (776,118) (777,115) (778,116) (779,111) (780,123) (781,125) (782,116) (783,121) (784,121) (785,125) (786,127) (787,123) (788,124) (789,120) (790,120) (791,121) (792,126) (793,126) (794,131) (795,136) (796,127) (797,131) (798,134) (799,131) (800,138) (801,138) (802,144) (803,149) (804,139) (805,139) (806,141) (807,140) (808,142) (809,152) (810,150) (811,150) (812,155) (813,150) (814,149) (815,143) (816,137) (817,138) (818,133) (819,138) (820,138) (821,134) (822,135) (823,140) (824,132) (825,130) (826,130) (827,136) (828,129) (829,135) (830,136) (831,134) (832,144) (833,149) (834,145) (835,138) (836,140) (837,142) (838,136) (839,135) (840,140) (841,141) (842,138) (843,143) (844,147) (845,154) (846,152) (847,139) (848,140) (849,141) (850,143) (851,139) (852,148) (853,148) (854,147) (855,139) (856,141) (857,141) (858,136) (859,131) (860,132) (861,132) (862,123) (863,120) (864,123) (865,122) (866,120) (867,116) (868,120) (869,114) (870,100) (871,98) (872,98) (873,107) (874,106) (875,101) (876,102) (877,101) (878,112) (879,108) (880,108) (881,108) (882,118) (883,115) (884,118) (885,115) (886,116) (887,117) (888,114) (889,122) (890,131) (891,135) (892,138) (893,135) 
(999,138) (998,143) (990,147) (654,212) (413,198) (199,183) (4,11) (1,4) (0,-1) (987,145) (656,207) (986,145) (983,144) (981,142) (657,201) (977,140) (973,141) (658,196) (663,195) (664,191) (665,190) (972,136) (971,124) (970,129) (968,130) (894,147) (669,186) (895,139) (896,136) (897,128) (898,130) (899,134) (900,133) (901,136) (902,133) (903,133) (904,130) (905,128) (906,127) (907,118) (908,111) (909,108) (910,108) (911,110) (912,110) (913,105) (914,95) (915,92) (916,101) (917,103) (918,97) (919,98) (920,99) (921,99) (922,100) (923,98) (924,99) (925,88) (926,88) (927,86) (928,91) (929,95) (930,106) (931,102) (932,105) (933,105) (934,107) (935,108) (936,104) (937,109) (938,100) (939,102) (940,97) (941,100) (942,100) (943,87) (944,92) (945,101) (946,98) (947,99) (948,98) (949,97) (950,99) (951,99) (952,108) (953,111) (954,104) (955,112) (956,116) (957,116) (958,112) (959,112) (960,114) (961,114) (962,118) (963,125) (964,129) (965,126) (966,127) (967,123) 
(999,138) (998,143) (990,147) (654,212) (413,198) (199,183) (4,11) (1,4) (0,-1) (987,145) (656,207) (986,145) (983,144) (981,142) (657,201) (977,140) (973,141) (658,196) (663,195) (664,191) (665,190) (972,136) (971,124) (970,129) (968,130) (894,147) (669,186) (969,129) 
(999,138) (998,143) (990,147) (654,212) (413,198) (199,183) (4,11) (1,4) (0,-1) (987,145) (656,207) (986,145) (983,144) (981,142) (657,201) (977,140) (973,141) (658,196) (663,195) (664,191) (665,190) (972,136) (971,124) (970,129) (968,130) (894,147) (669,186) 
TD 12 :
(999,138) (998,143) (990,147) (654,212) (413,198) (199,183) (4,11) (1,4) (0,-1) (987,145) (656,207) (986,145) (983,144) (981,142) (657,201) (977,140) (973,141) (658,196) (663,195) (664,191) (665,190) (972,136) (971,124) (970,129) (968,130) (894,147) (669,186) (666,185) 
(999,138) (998,143) (990,147) (654,212) (413,198) (199,183) (4,11) (1,4) (0,-1) (987,145) (656,207) (986,145) (983,144) (981,142) (657,201) (977,140) (973,141) (658,196) (663,195) (664,191) (665,190) (972,136) (971,124) (970,129) (968,130) (894,147) (669,186) (666,185) (667,176) (668,175) 
(999,138) (998,143) (990,147) (654,212) (413,198) (199,183) (4,11) (1,4) (0,-1) (987,145) (656,207) (986,145) (983,144) (981,142) (657,201) (977,140) (973,141) (658,196) (663,195) (664,191) (665,190) (972,136) (971,124) (970,129) (968,130) (894,147) (669,186) (845,154) (670,184) (671,175) (672,174) (673,167) (674,164) (675,158) (676,159) (677,155) (678,155) (679,153) (680,148) (681,152) (682,156) (683,162) (684,158) (685,152) (686,153) (687,155) (688,150) (689,155) (690,153) (691,145) (692,134) (693,132) (694,129) (695,126) (696,125) (697,125) (698,120) (699,120) (700,127) (701,135) (702,124) (703,129) (704,128) (705,128) (706,129) (707,121) (708,121) (709,123) (710,128) (711,126) (712,118) (713,124) (714,128) (715,120) (716,115) (717,121) (718,120) (719,120) (720,116) (721,114) (722,125) (723,124) (724,120) (725,120) (726,128) (727,125) (728,132) (729,121) (730,121) (731,120) (732,106) (733,109) (734,108) (735,110) (736,96) (737,101) (738,101) (739,92) (740,86) (741,90) (742,90) (743,92) (744,91) (745,103) (746,101) (747,103) (748,107) (749,104) (750,100) (751,93) (752,85) (753,93) (754,94) (755,98) (756,98) (757,100) (758,103) (759,102) (760,97) (761,104) (762,102) (763,103) (764,113) (765,125) (766,121) (767,123) (768,116) (769,116) (770,116) (771,109) (772,118) (773,117) (774,123) (775,123) (776,118) (777,115) (778,116) (779,111) (780,123) (781,125) (782,116) (783,121) (784,121) (785,125) (786,127) (787,123) (788,124) (789,120) (790,120) (791,121) (792,126) (793,126) (794,131) (795,136) (796,127) (797,131) (798,134) (799,131) (800,138) (801,138) (802,144) (803,149) (804,139) (805,139) (806,141) (807,140) (808,142) (809,152) (810,150) (811,150) (812,155) (813,150) (814,149) (815,143) (816,137) (817,138) (818,133) (819,138) (820,138) (821,134) (822,135) (823,140) (824,132) (825,130) (826,130) (827,136) (828,129) (829,135) (830,136) (831,134) (832,144) (833,149) (834,145) (835,138) (836,140) (837,142) (838,136) (839,135) (840,140) (841,141) (842,138) (843,143) (844,147) 
(999,138) (998,143) (990,147) (654,212) (413,198) (199,183) (4,11) (1,4) (0,-1) (987,145) (656,207) (986,145) (983,144) (981,142) (657,201) (977,140) (973,141) (658,196) (663,195) (664,191) (665,190) (972,136) (971,124) (970,129) (968,130) (894,147) (669,186) (845,154) (846,152) (847,139) (848,140) (849,141) (850,143) (851,139) (852,148) (853,148) (854,147) (855,139) (856,141) (857,141) (858,136) (859,131) (860,132) (861,132) (862,123) (863,120) (864,123) (865,122) (866,120) (867,116) (868,120) (869,114) (870,100) (871,98) (872,98) (873,107) (874,106) (875,101) (876,102) (877,101) (878,112) (879,108) (880,108) (881,108) (882,118) (883,115) (884,118) (885,115) (886,116) (887,117) (888,114) (889,122) (890,131) (891,135) (892,138) (893,135) 
(999,138) (998,143) (990,147) (654,212) (413,198) (199,183) (4,11) (1,4) (0,-1) (987,145) (656,207) (986,145) (983,144) (981,142) (657,201) (977,140) (973,141) (658,196) (663,195) (664,191) (665,190) (972,136) (971,124) (970,129) (968,130) (894,147) (669,186) (969,129) 
TD 13 :
(999,138) (998,143) (990,147) (654,212) (413,198) (199,183) (4,11) (1,4) (0,-1) (987,145) (656,207) (986,145) (983,144) (981,142) (657,201) (977,140) (973,141) (658,196) (663,195) (664,191) (665,190) (972,136) (971,124) (970,129) (968,130) (894,147) (669,186) (845,154) (670,184) 
(999,138) (998,143) (990,147) (654,212) (413,198) (199,183) (4,11) (1,4) (0,-1) (987,145) (656,207) (986,145) (983,144) (981,142) (657,201) (977,140) (973,141) (658,196) (663,195) (664,191) (665,190) (972,136) (971,124) (970,129) (968,130) (894,147) (669,186) (845,154) (670,184) (671,175) (672,174) (673,167) (674,164) (675,158) (676,159) (677,155) (678,155) (679,153) (680,148) (681,152) (682,156) (683,162) (684,158) (685,152) (686,153) (687,155) (688,150) (689,155) (690,153) (691,145) (692,134) (693,132) (694,129) (695,126) (696,125) (697,125) (698,120) (699,120) (700,127) (701,135) (702,124) (703,129) (704,128) (705,128) (706,129) (707,121) (708,121) (709,123) (710,128) (711,126) (712,118) (713,124) (714,128) (715,120) (716,115) (717,121) (718,120) (719,120) (720,116) (721,114) (722,125) (723,124) (724,120) (725,120) (726,128) (727,125) (728,132) (729,121) (730,121) (731,120) (732,106) (733,109) (734,108) (735,110) (736,96) (737,101) (738,101) (739,92) (740,86) (741,90) (742,90) (743,92) (744,91) (745,103) (746,101) (747,103) (748,107) (749,104) (750,100) (751,93) (752,85) (753,93) (754,94) (755,98) (756,98) (757,100) (758,103) (759,102) (760,97) (761,104) (762,102) (763,103) (764,113) (765,125) (766,121) (767,123) (768,116) (769,116) (770,116) (771,109) (772,118) (773,117) (774,123) (775,123) (776,118) (777,115) (778,116) (779,111) (780,123) (781,125) (782,116) (783,121) (784,121) (785,125) (786,127) (787,123) (788,124) (789,120) (790,120) (791,121) (792,126) (793,126) (794,131) (795,136) (796,127) (797,131) (798,134) (799,131) (800,138) (801,138) (802,144) (803,149) (804,139) (805,139) (806,141) (807,140) (808,142) (809,152) (810,150) (811,150) (812,155) (813,150) (814,149) (815,143) (816,137) (817,138) (818,133) (819,138) (820,138) (821,134) (822,135) (823,140) (824,132) (825,130) (826,130) (827,136) (828,129) (829,135) (830,136) (831,134) (832,144) (833,149) (834,145) (835,138) (836,140) (837,142) (838,136) (839,135) (840,140) (841,141) (842,138) (843,143) (844,147) 
(999,138) (998,143) (990,147) (654,212) (413,198) (199,183) (4,11) (1,4) (0,-1) (987,145) (656,207) (986,145) (983,144) (981,142) (657,201) (977,140) (973,141) (658,196) (663,195) (664,191) (665,190) (972,136) (971,124) (970,129) (968,130) (894,147) (669,186) (845,154) (846,152) 
(999,138) (998,143) (990,147) (654,212) (413,198) (199,183) (4,11) (1,4) (0,-1) (987,145) (656,207) (986,145) (983,144) (981,142) (657,201) (977,140) (973,141) (658,196) (663,195) (664,191) (665,190) (972,136) (971,124) (970,129) (968,130) (894,147) (669,186) (845,154) (846,152) (847,139) (848,140) (849,141) (850,143) (851,139) (852,148) (853,148) (854,147) (855,139) (856,141) (857,141) (858,136) (859,131) (860,132) (861,132) (862,123) (863,120) (864,123) (865,122) (866,120) (867,116) (868,120) (869,114) (870,100) (871,98) (872,98) (873,107) (874,106) (875,101) (876,102) (877,101) (878,112) (879,108) (880,108) (881,108) (882,118) (883,115) (884,118) (885,115) (886,116) (887,117) (888,114) (889,122) (890,131) (891,135) (892,138) (893,135) 
TD 14 :
(999,138) (998,143) (990,147) (654,212) (413,198) (199,183) (4,11) (1,4) (0,-1) (987,145) (656,207) (986,145) (983,144) (981,142) (657,201) (977,140) (973,141) (658,196) (663,195) (664,191) (665,190) (972,136) (971,124) (970,129) (968,130) (894,147) (669,186) (845,154) (846,152) (853,148) (847,139) (848,140) (849,141) (850,143) (851,139) (852,148) 
(999,138) (998,143) (990,147) (654,212) (413,198) (199,183) (4,11) (1,4) (0,-1) (987,145) (656,207) (986,145) (983,144) (981,142) (657,201) (977,140) (973,141) (658,196) (663,195) (664,191) (665,190) (972,136) (971,124) (970,129) (968,130) (894,147) (669,186) (845,154) (846,152) (853,148) (854,147) (855,139) (856,141) (857,141) (858,136) (859,131) (860,132) (861,132) (862,123) (863,120) (864,123) (865,122) (866,120) (867,116) (868,120) (869,114) (870,100) (871,98) (872,98) (873,107) (874,106) (875,101) (876,102) (877,101) (878,112) (879,108) (880,108) (881,108) (882,118) (883,115) (884,118) (885,115) (886,116) (887,117) (888,114) (889,122) (890,131) (891,135) (892,138) (893,135) 
TD 15 :
(999,138) (998,143) (990,147) (654,212) (413,198) (199,183) (4,11) (1,4) (0,-1) (987,145) (656,207) (986,145) (983,144) (981,142) (657,201) (977,140) (973,141) (658,196) (663,195) (664,191) (665,190) (972,136) (971,124) (970,129) (968,130) (894,147) (669,186) (845,154) (846,152) (853,148) (852,148) (847,139) (848,140) (849,141) (850,143) (851,139) 
(999,138) (998,143) (990,147) (654,212) (413,198) (199,183) (4,11) (1,4) (0,-1) (987,145) (656,207) (986,145) (983,144) (981,142) (657,201) (977,140) (973,141) (658,196) (663,195) (664,191) (665,190) (972,136) (971,124) (970,129) (968,130) (894,147) (669,186) (845,154) (846,152) (853,148) (852,148) 
TD 16 :
TD 17 :
TD 18 :
TD 19 :
TD 20 :
TD 21 :
TD 22 :
TD 23 :
TD 24 :
TD 25 :
TD 26 :
TD 27 :
TD 28 :
TD 29 :
TD 30 :
TD 31 :
TD 32 :
TD 33 :
TD 34 :
TD 35 :
TD 36 :
TD 37 :
TD 38 :
TD 39 :
TD 40 :
TD 41 :
TD 42 :
TD 43 :
TD 44 :
TD 45 :
TD 46 :
TD 47 :
TD 48 :
TD 49 :
TD 50 :
TD 51 :
TD 52 :
TD 53 :
TD 54 :
TD 55 :
TD 56 :
TD 57 :
TD 58 :
TD 59 :
TD 60 :
TD 61 :
TD 62 :
TD 63 :
TD 64 :
TD 65 :
TD 66 :
TD 67 :
TD 68 :
TD 69 :
TD 70 :
TD 71 :
TD 72 :
TD 73 :
TD 74 :
TD 75 :
TD 76 :
TD 77 :
TD 78 :
TD 79 :
TD 80 :
TD 81 :
TD 82 :
TD 83 :
Pocket 0 :
()
Pocket 1 :
({  (0,-1) ,(1,4) } {  (0,-1) ,(1,4) } {  (0,-1) ,(1,4) } {  (0,-1) ,(1,4) } {  (0,-1) ,(1,4) } {  (0,-1) ,(1,4) } {  (0,-1) ,(1,4) } {  (0,-1) ,(1,4) } {  (0,-1) ,(1,4) } {  (0,-1) ,(1,4) } {  (0,-1) ,(1,4) } {  (0,-1) ,(1,4) } {  (0,-1) ,(1,4) } {  (0,-1) ,(1,4) } {  (0,-1) ,(1,4) } {  (0,-1) ,(1,4) } )
Pocket 2 :
({  (2,1) ,(0,-1) } {  (999,138) ,(3,4) } {  (2,1) ,(0,-1) } {  (999,138) ,(3,4) } {  (8,6) ,(7,8) } {  (8,6) ,(7,8) } {  (8,6) ,(7,8) } {  (427,196) ,(426,198) } {  (427,196) ,(426,198) } {  (657,201) ,(656,207) } {  (657,201) ,(656,207) } {  (657,201) ,(656,207) } {  (999,138) ,(997,137) } )
Pocket 3 :
({  (5,5) ,(7,8) } {  (94,83) ,(93,85) } {  (94,83) ,(93,85) } {  (94,83) ,(93,85) } {  (415,195) ,(414,196) } {  (415,195) ,(414,196) } {  (999,138) ,(655,206) } {  (999,138) ,(655,206) } {  (999,138) ,(986,145) } {  (999,138) ,(986,145) } {  (999,138) ,(989,143) } {  (999,138) ,(989,143) } {  (996,132) ,(995,136) } {  (996,132) ,(995,136) } )
Pocket 4 :
({  (6,2) ,(5,5) } {  (9,-2) ,(8,6) } {  (9,-2) ,(8,6) } {  (9,-2) ,(8,6) } {  (999,138) ,(197,173) } {  (999,138) ,(197,173) } {  (984,133) ,(983,144) } {  (984,133) ,(983,144) } {  (999,138) ,(988,143) } {  (999,138) ,(988,143) } {  (993,135) ,(992,138) } {  (993,135) ,(992,138) } {  (993,135) ,(992,138) } )
Pocket 5 :
({  (9,-2) ,(8,6) } {  (11,4) ,(10,1) } {  (9,-2) ,(8,6) } {  (11,4) ,(10,1) } {  (9,-2) ,(8,6) } {  (11,4) ,(10,1) } {  (9,-2) ,(8,6) } {  (11,4) ,(10,1) } {  (658,196) ,(657,201) } {  (658,196) ,(657,201) } {  (658,196) ,(657,201) } {  (999,138) ,(991,137) } )
Pocket 6 :
({  (12,0) ,(9,-2) } {  (999,138) ,(14,6) } {  (12,0) ,(9,-2) } {  (999,138) ,(14,6) } {  (659,184) ,(658,196) } {  (659,184) ,(658,196) } {  (659,184) ,(658,196) } {  (659,184) ,(658,196) } )
Pocket 7 :
({  (13,1) ,(12,0) } {  (664,191) ,(663,195) } {  (664,191) ,(663,195) } {  (999,138) ,(976,139) } {  (999,138) ,(976,139) } )
Pocket 8 :
({  (665,190) ,(664,191) } {  (665,190) ,(664,191) } )
Pocket 9 :
({  (666,185) ,(665,190) } {  (666,185) ,(665,190) } )
Pocket 10 :
({  (999,138) ,(972,136) } {  (999,138) ,(972,136) } )
Pocket 11 :
({  (670,184) ,(669,186) } {  (670,184) ,(669,186) } {  (670,184) ,(669,186) } {  (670,184) ,(669,186) } {  (670,184) ,(669,186) } )
Pocket 12 :
({  (667,176) ,(666,185) } {  (667,176) ,(666,185) } {  (846,152) ,(845,154) } {  (846,152) ,(845,154) } {  (999,138) ,(969,129) } )
Pocket 13 :
({  (671,175) ,(670,184) } {  (671,175) ,(670,184) } {  (847,139) ,(846,152) } {  (847,139) ,(846,152) } )
Pocket 14 :
({  (854,147) ,(853,148) } {  (854,147) ,(853,148) } )
Pocket 15 :
({  (999,138) ,(852,148) } {  (999,138) ,(852,148) } )
Pocket 16 :
()
Pocket 17 :
()
Pocket 18 :
()
Pocket 19 :
()
Pocket 20 :
()
Pocket 21 :
()
Pocket 22 :
()
Pocket 23 :
()
Pocket 24 :
()
Pocket 25 :
()
Pocket 26 :
()
Pocket 27 :
()
Pocket 28 :
()
Pocket 29 :
()
Pocket 30 :
()
Pocket 31 :
()
Pocket 32 :
()
Pocket 33 :
()
Pocket 34 :
()
Pocket 35 :
()
Pocket 36 :
()
Pocket 37 :
()
Pocket 38 :
()
Pocket 39 :
()
Pocket 40 :
()
Pocket 41 :
()
Pocket 42 :
()
Pocket 43 :
()
Pocket 44 :
()
Pocket 45 :
()
Pocket 46 :
()
Pocket 47 :
()
Pocket 48 :
()
Pocket 49 :
()
Pocket 50 :
()
Pocket 51 :
()
Pocket 52 :
()
Pocket 53 :
()
Pocket 54 :
()
Pocket 55 :
()
Pocket 56 :
()
Pocket 57 :
()
Pocket 58 :
()
Pocket 59 :
()
Pocket 60 :
()
Pocket 61 :
()
Pocket 62 :
()
Pocket 63 :
()
Pocket 64 :
()
Pocket 65 :
()
Pocket 66 :
()
Pocket 67 :
()
Pocket 68 :
()
Pocket 69 :
()
Pocket 70 :
()
Pocket 71 :
()
Pocket 72 :
()
Pocket 73 :
()
Pocket 74 :
()
Pocket 75 :
()
Pocket 76 :
()
Pocket 77 :
()
Pocket 78 :
()
Pocket 79 :
()
Pocket 80 :
()
Pocket 81 :
()
Pocket 82 :
()
