117 layers in onion peeling: 
Layer 1
(999,-335) (996,-328) (993,-321) (980,-308) (200,66) (105,39) (1,0) (0,-4) 
Layer 2
(998,-335) (995,-328) (988,-321) (983,-317) (958,-300) (197,65) (101,36) (15,4) (2,-10) 
Layer 3
(997,-334) (991,-326) (986,-320) (985,-319) (981,-316) (956,-302) (942,-295) (199,63) (198,63) (196,63) (102,36) (14,2) (3,-17) 
Layer 4
(994,-333) (992,-329) (990,-326) (984,-319) (979,-315) (929,-289) (195,55) (103,35) (16,1) (6,-14) (4,-20) 
Layer 5
(989,-326) (987,-324) (982,-319) (978,-315) (957,-304) (928,-289) (211,47) (201,51) (182,49) (104,35) (17,0) (10,-9) (5,-19) 
Layer 6
(977,-326) (976,-319) (962,-308) (943,-297) (302,4) (209,47) (181,48) (100,32) (92,30) (13,-6) (8,-14) (7,-18) 
Layer 7
(975,-322) (961,-309) (931,-292) (301,4) (208,46) (202,47) (194,47) (135,37) (124,35) (98,28) (18,-6) (12,-9) (11,-11) (9,-16) 
Layer 8
(974,-333) (966,-315) (964,-313) (963,-312) (959,-308) (932,-294) (930,-293) (303,3) (210,45) (203,46) (134,36) (107,30) (94,26) (19,-12) 
Layer 9
(973,-334) (967,-321) (960,-311) (955,-307) (920,-289) (288,9) (214,40) (205,42) (204,42) (183,41) (125,33) (95,26) (81,19) (20,-14) 
Layer 10
(972,-336) (969,-328) (965,-322) (944,-302) (921,-291) (304,-1) (213,40) (185,40) (106,28) (96,26) (21,-15) 
Layer 11
(971,-334) (968,-327) (945,-303) (941,-301) (300,0) (217,37) (212,39) (191,39) (179,38) (136,32) (91,22) (80,16) (26,-15) (22,-24) 
Layer 12
(970,-332) (947,-306) (927,-295) (287,4) (215,37) (193,38) (180,37) (137,32) (93,22) (79,15) (25,-21) (23,-25) 
Layer 13
(954,-314) (948,-309) (919,-293) (299,-3) (218,33) (207,36) (192,37) (138,32) (97,22) (82,16) (76,12) (24,-24) 
Layer 14
(953,-324) (946,-308) (926,-298) (286,1) (219,31) (206,36) (190,36) (184,36) (132,30) (123,28) (99,20) (74,10) (53,-5) (27,-24) 
Layer 15
(952,-326) (951,-320) (949,-316) (938,-307) (922,-297) (298,-5) (216,27) (189,34) (140,30) (133,29) (126,28) (75,10) (28,-25) 
Layer 16
(950,-321) (939,-309) (933,-305) (924,-300) (289,-2) (220,23) (186,32) (139,27) (131,25) (78,11) (31,-23) (30,-26) (29,-31) 
Layer 17
(940,-316) (937,-308) (923,-301) (305,-10) (221,21) (187,29) (178,31) (141,26) (90,14) (84,11) (64,0) (52,-9) (32,-27) 
Layer 18
(936,-308) (934,-307) (306,-13) (290,-6) (222,17) (176,27) (142,26) (108,17) (85,10) (73,4) (65,0) (57,-6) (51,-11) (33,-29) 
Layer 19
(935,-308) (292,-7) (223,15) (188,24) (174,25) (143,26) (89,9) (86,8) (83,7) (77,4) (56,-7) (49,-15) (34,-36) 
Layer 20
(925,-304) (310,-16) (273,-2) (177,24) (145,23) (130,21) (88,8) (66,-3) (62,-5) (54,-10) (50,-14) (42,-28) (35,-49) 
Layer 21
(918,-301) (307,-15) (283,-7) (274,-4) (249,4) (175,23) (128,19) (122,18) (87,7) (61,-6) (58,-8) (48,-18) (43,-32) (41,-38) (36,-55) 
Layer 22
(917,-308) (291,-10) (248,2) (171,22) (147,20) (127,17) (68,-3) (63,-6) (55,-12) (47,-21) (40,-43) (37,-60) 
Layer 23
(916,-314) (912,-311) (898,-301) (309,-19) (285,-9) (242,3) (170,21) (144,18) (129,16) (71,-2) (59,-10) (45,-28) (44,-31) (39,-52) (38,-58) 
Layer 24
(915,-317) (911,-312) (897,-303) (881,-293) (313,-21) (293,-13) (284,-10) (272,-6) (247,1) (173,20) (158,19) (109,9) (69,-4) (60,-12) (46,-29) 
Layer 25
(914,-318) (913,-316) (901,-308) (871,-289) (297,-15) (250,0) (241,2) (164,19) (159,19) (111,8) (72,-4) (67,-6) 
Layer 26
(910,-318) (905,-313) (896,-305) (889,-301) (882,-297) (880,-296) (872,-292) (311,-22) (296,-15) (271,-8) (227,3) (169,17) (165,17) (148,16) (112,7) (70,-7) 
Layer 27
(909,-318) (903,-312) (892,-303) (885,-299) (294,-15) (276,-10) (237,0) (172,16) (146,13) (121,6) (110,1) 
Layer 28
(908,-323) (907,-319) (906,-317) (904,-314) (900,-310) (893,-304) (873,-294) (327,-31) (308,-22) (295,-17) (282,-12) (275,-10) (243,-2) (225,2) (168,14) (163,14) (149,13) (113,2) 
Layer 29
(902,-313) (899,-310) (886,-301) (878,-297) (319,-29) (312,-26) (281,-13) (239,-2) (226,1) (167,12) (160,13) (154,13) (153,13) (152,13) (151,13) (120,4) (115,-2) (114,-4) 
Layer 30
(895,-309) (894,-307) (888,-303) (874,-296) (320,-30) (280,-15) (245,-4) (224,1) (166,12) (162,12) (150,11) (119,-6) (116,-9) 
Layer 31
(891,-309) (890,-308) (887,-306) (879,-301) (875,-299) (314,-28) (246,-5) (236,-2) (231,-1) (161,11) (117,-9) 
Layer 32
(884,-305) (870,-298) (352,-50) (315,-33) (277,-16) (257,-9) (233,-2) (157,4) (118,-9) 
Layer 33
(883,-306) (330,-41) (279,-18) (269,-14) (232,-2) (155,3) 
Layer 34
(877,-313) (876,-308) (869,-302) (316,-35) (270,-15) (259,-11) (235,-3) (228,-2) (156,2) 
Layer 35
(868,-313) (860,-304) (349,-51) (326,-40) (278,-19) (268,-15) (254,-10) (240,-5) (229,-5) 
Layer 36
(867,-317) (866,-314) (863,-308) (861,-307) (357,-55) (317,-37) (244,-7) (230,-6) 
Layer 37
(865,-313) (859,-307) (358,-56) (321,-39) (256,-12) (253,-11) (238,-8) (234,-11) 
Layer 38
(864,-316) (862,-311) (857,-308) (353,-54) (323,-40) (258,-13) (251,-11) 
Layer 39
(858,-311) (351,-54) (318,-38) (255,-13) (252,-13) 
Layer 40
(856,-314) (354,-56) (350,-54) (325,-42) (265,-17) (260,-18) 
Layer 41
(855,-317) (328,-44) (322,-41) (264,-19) (262,-22) (261,-24) 
Layer 42
(854,-320) (356,-59) (329,-45) (267,-21) (263,-23) 
Layer 43
(853,-324) (852,-321) (343,-53) (324,-44) (266,-23) 
Layer 44
(851,-326) (346,-55) (344,-54) (331,-50) 
Layer 45
(850,-329) (849,-328) (347,-56) (338,-56) (332,-56) 
Layer 46
(848,-335) (844,-327) (359,-63) (348,-58) (342,-57) (340,-57) (334,-61) (333,-64) 
Layer 47
(847,-335) (845,-330) (841,-327) (355,-62) (341,-58) (335,-63) 
Layer 48
(846,-336) (843,-329) (368,-70) (345,-60) (339,-60) (337,-62) (336,-67) 
Layer 49
(842,-333) (837,-329) (382,-79) (367,-72) (366,-72) (360,-72) 
Layer 50
(840,-336) (825,-325) (383,-81) (369,-74) (361,-76) 
Layer 51
(839,-339) (838,-336) (824,-326) (477,-135) (386,-85) (384,-84) (370,-78) (365,-76) (363,-76) (362,-76) 
Layer 52
(836,-336) (826,-329) (460,-127) (372,-79) (364,-77) 
Layer 53
(835,-337) (821,-329) (459,-127) (385,-87) (374,-83) (371,-82) 
Layer 54
(834,-339) (823,-331) (461,-130) (381,-86) (376,-84) (373,-84) 
Layer 55
(833,-341) (457,-128) (388,-90) (377,-85) (375,-85) 
Layer 56
(832,-345) (831,-343) (827,-339) (822,-335) (458,-129) (387,-92) (378,-93) 
Layer 57
(830,-344) (829,-342) (796,-322) (456,-128) (380,-96) (379,-97) 
Layer 58
(828,-345) (795,-323) (478,-141) (462,-133) (422,-114) (389,-100) 
Layer 59
(820,-340) (797,-325) (474,-140) (454,-130) (415,-112) (403,-108) (391,-108) (390,-110) 
Layer 60
(819,-344) (818,-340) (791,-322) (476,-143) (427,-118) (413,-114) (406,-113) (392,-112) 
Layer 61
(817,-349) (803,-331) (479,-145) (475,-143) (423,-118) (404,-114) (395,-114) (393,-119) 
Layer 62
(816,-348) (804,-333) (507,-162) (468,-140) (421,-118) (408,-116) (407,-116) (396,-116) (394,-120) 
Layer 63
(815,-350) (814,-346) (808,-339) (798,-330) (793,-327) (480,-147) (473,-143) (420,-118) (414,-117) (405,-117) (397,-118) 
Layer 64
(813,-347) (802,-334) (801,-333) (799,-331) (506,-163) (464,-139) (428,-122) (416,-118) (402,-119) (398,-123) 
Layer 65
(812,-353) (811,-349) (809,-344) (800,-335) (792,-327) (467,-141) (455,-135) (426,-122) (419,-120) (411,-119) (401,-127) (399,-132) 
Layer 66
(810,-347) (805,-341) (790,-326) (505,-163) (485,-152) (469,-144) (463,-141) (425,-124) (410,-120) (400,-131) 
Layer 67
(807,-346) (794,-333) (774,-320) (504,-163) (486,-153) (466,-143) (429,-127) (424,-125) (412,-121) (409,-124) 
Layer 68
(806,-350) (772,-319) (510,-168) (465,-144) (418,-124) (417,-126) 
Layer 69
(789,-337) (773,-320) (508,-167) (484,-155) (453,-140) (430,-131) 
Layer 70
(788,-341) (771,-319) (511,-172) (452,-140) (431,-132) 
Layer 71
(787,-346) (775,-328) (509,-171) (472,-151) (449,-141) (432,-134) 
Layer 72
(786,-349) (780,-336) (770,-327) (481,-156) (450,-142) (433,-135) 
Layer 73
(785,-356) (781,-341) (768,-331) (622,-242) (502,-169) (490,-162) (451,-144) (437,-138) (435,-140) (434,-141) 
Layer 74
(784,-355) (782,-347) (776,-338) (765,-331) (503,-170) (493,-164) (491,-163) (447,-143) (436,-140) 
Layer 75
(783,-352) (777,-342) (769,-334) (489,-163) (482,-159) (448,-144) (439,-141) (438,-142) 
Layer 76
(779,-349) (778,-347) (767,-335) (764,-333) (621,-244) (492,-165) (488,-163) (471,-155) (444,-148) (440,-148) 
Layer 77
(766,-336) (626,-248) (487,-163) (445,-149) (442,-151) (441,-155) 
Layer 78
(763,-340) (762,-335) (625,-248) (512,-180) (483,-163) (446,-151) (443,-151) 
Layer 79
(761,-345) (627,-252) (501,-178) (470,-160) 
Layer 80
(760,-349) (759,-345) (628,-254) (498,-177) (497,-177) (495,-177) (494,-177) 
Layer 81
(758,-347) (620,-250) (513,-186) (500,-179) (496,-179) 
Layer 82
(757,-352) (756,-349) (624,-253) (518,-191) (499,-181) 
Layer 83
(755,-351) (752,-348) (623,-254) (514,-190) 
Layer 84
(754,-353) (750,-349) (743,-342) (629,-260) (516,-193) (515,-195) 
Layer 85
(753,-358) (751,-351) (740,-341) (618,-259) (517,-195) 
Layer 86
(749,-360) (744,-348) (742,-344) (645,-278) (630,-268) (619,-261) (519,-200) 
Layer 87
(748,-367) (745,-352) (741,-346) (731,-337) (632,-270) (533,-211) (521,-204) (520,-205) 
Layer 88
(747,-364) (746,-360) (739,-347) (719,-330) (646,-280) (534,-212) (532,-211) (525,-210) (522,-215) 
Layer 89
(738,-358) (733,-346) (730,-342) (720,-334) (716,-331) (637,-275) (617,-263) (545,-221) (529,-214) (526,-213) (523,-216) 
Layer 90
(737,-360) (735,-354) (732,-345) (714,-331) (643,-280) (615,-263) (547,-223) (535,-218) (527,-216) (524,-219) 
Layer 91
(736,-358) (734,-354) (721,-338) (718,-335) (633,-274) (616,-264) (549,-225) (536,-220) (528,-218) 
Layer 92
(729,-348) (723,-342) (722,-341) (717,-336) (644,-282) (638,-278) (542,-223) (537,-221) (530,-219) 
Layer 93
(728,-350) (715,-335) (642,-281) (546,-227) (544,-226) (531,-220) 
Layer 94
(727,-351) (724,-346) (634,-277) (548,-229) (540,-225) (538,-225) 
Layer 95
(726,-351) (725,-350) (636,-279) (552,-233) (550,-232) (541,-230) (539,-231) 
Layer 96
(713,-345) (698,-332) (639,-283) (553,-234) (543,-234) 
Layer 97
(712,-349) (710,-347) (708,-345) (641,-287) (551,-236) 
Layer 98
(711,-352) (709,-348) (696,-336) (647,-293) (635,-285) (614,-273) (554,-241) 
Layer 99
(707,-351) (697,-338) (691,-332) (640,-290) (631,-283) (607,-270) (555,-243) 
Layer 100
(706,-352) (699,-342) (692,-335) (650,-299) (611,-274) (557,-247) (556,-249) 
Layer 101
(705,-352) (700,-345) (695,-340) (653,-302) (648,-298) (608,-275) (559,-251) (558,-253) 
Layer 102
(704,-355) (702,-348) (654,-305) (612,-279) (606,-276) (560,-258) 
Layer 103
(703,-359) (701,-349) (694,-341) (655,-306) (652,-304) (613,-280) (605,-276) (561,-262) 
Layer 104
(693,-344) (690,-340) (670,-320) (651,-304) (610,-279) (603,-277) (562,-270) 
Layer 105
(689,-346) (671,-322) (669,-320) (649,-306) (604,-279) (563,-282) 
Layer 106
(688,-349) (687,-344) (660,-315) (609,-283) (565,-285) (564,-286) 
Layer 107
(686,-349) (685,-347) (684,-345) (672,-329) (664,-320) (656,-314) (602,-285) (566,-288) 
Layer 108
(683,-348) (665,-322) (659,-318) (601,-286) (595,-287) (569,-295) (567,-296) 
Layer 109
(682,-358) (680,-350) (674,-336) (667,-327) (662,-322) (596,-287) (572,-296) (568,-301) 
Layer 110
(681,-359) (673,-336) (666,-327) (663,-324) (658,-321) (599,-290) (581,-293) (570,-300) 
Layer 111
(679,-354) (668,-330) (661,-323) (600,-292) (594,-291) (571,-301) 
Layer 112
(678,-355) (675,-346) (657,-327) (597,-292) (573,-302) 
Layer 113
(677,-364) (676,-353) (598,-295) (580,-300) (574,-308) 
Layer 114
(593,-302) (592,-298) (582,-300) (579,-305) (576,-310) (575,-314) 
Layer 115
(591,-301) (588,-301) (583,-301) (577,-311) 
Layer 116
(590,-302) (584,-303) (578,-310) 
Layer 117
(589,-303) (585,-303) 
---------------------------------------------------------------------------------------
TD 0 :
(999,-335) (998,-335) (997,-334) (996,-328) (995,-328) (994,-333) (993,-321) (992,-329) (991,-326) (990,-326) (989,-326) (988,-321) (987,-324) (986,-320) (985,-319) (984,-319) (983,-317) (982,-319) (981,-316) (980,-308) (979,-315) (978,-315) (977,-326) (976,-319) (975,-322) (974,-333) (973,-334) (972,-336) (971,-334) (970,-332) (969,-328) (968,-327) (967,-321) (966,-315) (965,-322) (964,-313) (963,-312) (962,-308) (961,-309) (960,-311) (959,-308) (958,-300) (957,-304) (956,-302) (955,-307) (954,-314) (953,-324) (952,-326) (951,-320) (950,-321) (949,-316) (948,-309) (947,-306) (946,-308) (945,-303) (944,-302) (943,-297) (942,-295) (941,-301) (940,-316) (939,-309) (938,-307) (937,-308) (936,-308) (935,-308) (934,-307) (933,-305) (932,-294) (931,-292) (930,-293) (929,-289) (928,-289) (927,-295) (926,-298) (925,-304) (924,-300) (923,-301) (922,-297) (921,-291) (920,-289) (919,-293) (918,-301) (917,-308) (916,-314) (915,-317) (914,-318) (913,-316) (912,-311) (911,-312) (910,-318) (909,-318) (908,-323) (907,-319) (906,-317) (905,-313) (904,-314) (903,-312) (902,-313) (901,-308) (900,-310) (899,-310) (898,-301) (897,-303) (896,-305) (895,-309) (894,-307) (893,-304) (892,-303) (891,-309) (890,-308) (889,-301) (888,-303) (887,-306) (886,-301) (885,-299) (884,-305) (883,-306) (882,-297) (881,-293) (880,-296) (879,-301) (878,-297) (877,-313) (876,-308) (875,-299) (874,-296) (873,-294) (872,-292) (871,-289) (870,-298) (869,-302) (868,-313) (867,-317) (866,-314) (865,-313) (864,-316) (863,-308) (862,-311) (861,-307) (860,-304) (859,-307) (858,-311) (857,-308) (856,-314) (855,-317) (854,-320) (853,-324) (852,-321) (851,-326) (850,-329) (849,-328) (848,-335) (847,-335) (846,-336) (845,-330) (844,-327) (843,-329) (842,-333) (841,-327) (840,-336) (839,-339) (838,-336) (837,-329) (836,-336) (835,-337) (834,-339) (833,-341) (832,-345) (831,-343) (830,-344) (829,-342) (828,-345) (827,-339) (826,-329) (825,-325) (824,-326) (823,-331) (822,-335) (821,-329) (820,-340) (819,-344) (818,-340) (817,-349) (816,-348) (815,-350) (814,-346) (813,-347) (812,-353) (811,-349) (810,-347) (809,-344) (808,-339) (807,-346) (806,-350) (805,-341) (804,-333) (803,-331) (802,-334) (801,-333) (800,-335) (799,-331) (798,-330) (797,-325) (796,-322) (795,-323) (794,-333) (793,-327) (792,-327) (791,-322) (790,-326) (789,-337) (788,-341) (787,-346) (786,-349) (785,-356) (784,-355) (783,-352) (782,-347) (781,-341) (780,-336) (779,-349) (778,-347) (777,-342) (776,-338) (775,-328) (774,-320) (773,-320) (772,-319) (771,-319) (770,-327) (769,-334) (768,-331) (767,-335) (766,-336) (765,-331) (764,-333) (763,-340) (762,-335) (761,-345) (760,-349) (759,-345) (758,-347) (757,-352) (756,-349) (755,-351) (754,-353) (753,-358) (752,-348) (751,-351) (750,-349) (749,-360) (748,-367) (747,-364) (746,-360) (745,-352) (744,-348) (743,-342) (742,-344) (741,-346) (740,-341) (739,-347) (738,-358) (737,-360) (736,-358) (735,-354) (734,-354) (733,-346) (732,-345) (731,-337) (730,-342) (729,-348) (728,-350) (727,-351) (726,-351) (725,-350) (724,-346) (723,-342) (722,-341) (721,-338) (720,-334) (719,-330) (718,-335) (717,-336) (716,-331) (715,-335) (714,-331) (713,-345) (712,-349) (711,-352) (710,-347) (709,-348) (708,-345) (707,-351) (706,-352) (705,-352) (704,-355) (703,-359) (702,-348) (701,-349) (700,-345) (699,-342) (698,-332) (697,-338) (696,-336) (695,-340) (694,-341) (693,-344) (692,-335) (691,-332) (690,-340) (689,-346) (688,-349) (687,-344) (686,-349) (685,-347) (684,-345) (683,-348) (682,-358) (681,-359) (680,-350) (679,-354) (678,-355) (677,-364) (676,-353) (675,-346) (674,-336) (673,-336) (672,-329) (671,-322) (670,-320) (669,-320) (668,-330) (667,-327) (666,-327) (665,-322) (664,-320) (663,-324) (662,-322) (661,-323) (660,-315) (659,-318) (658,-321) (657,-327) (656,-314) (655,-306) (654,-305) (653,-302) (652,-304) (651,-304) (650,-299) (649,-306) (648,-298) (647,-293) (646,-280) (645,-278) (644,-282) (643,-280) (642,-281) (641,-287) (640,-290) (639,-283) (638,-278) (637,-275) (636,-279) (635,-285) (634,-277) (633,-274) (632,-270) (631,-283) (630,-268) (629,-260) (628,-254) (627,-252) (626,-248) (625,-248) (624,-253) (623,-254) (622,-242) (621,-244) (620,-250) (619,-261) (618,-259) (617,-263) (616,-264) (615,-263) (614,-273) (613,-280) (612,-279) (611,-274) (610,-279) (609,-283) (608,-275) (607,-270) (606,-276) (605,-276) (604,-279) (603,-277) (602,-285) (601,-286) (600,-292) (599,-290) (598,-295) (597,-292) (596,-287) (595,-287) (594,-291) (593,-302) (592,-298) (591,-301) (590,-302) (589,-303) (588,-301) (587,-307) (586,-305) (585,-303) (584,-303) (583,-301) (582,-300) (581,-293) (580,-300) (579,-305) (578,-310) (577,-311) (576,-310) (575,-314) (574,-308) (573,-302) (572,-296) (571,-301) (570,-300) (569,-295) (568,-301) (567,-296) (566,-288) (565,-285) (564,-286) (563,-282) (562,-270) (561,-262) (560,-258) (559,-251) (558,-253) (557,-247) (556,-249) (555,-243) (554,-241) (553,-234) (552,-233) (551,-236) (550,-232) (549,-225) (548,-229) (547,-223) (546,-227) (545,-221) (544,-226) (543,-234) (542,-223) (541,-230) (540,-225) (539,-231) (538,-225) (537,-221) (536,-220) (535,-218) (534,-212) (533,-211) (532,-211) (531,-220) (530,-219) (529,-214) (528,-218) (527,-216) (526,-213) (525,-210) (524,-219) (523,-216) (522,-215) (521,-204) (520,-205) (519,-200) (518,-191) (517,-195) (516,-193) (515,-195) (514,-190) (513,-186) (512,-180) (511,-172) (510,-168) (509,-171) (508,-167) (507,-162) (506,-163) (505,-163) (504,-163) (503,-170) (502,-169) (501,-178) (500,-179) (499,-181) (498,-177) (497,-177) (496,-179) (495,-177) (494,-177) (493,-164) (492,-165) (491,-163) (490,-162) (489,-163) (488,-163) (487,-163) (486,-153) (485,-152) (484,-155) (483,-163) (482,-159) (481,-156) (480,-147) (479,-145) (478,-141) (477,-135) (476,-143) (475,-143) (474,-140) (473,-143) (472,-151) (471,-155) (470,-160) (469,-144) (468,-140) (467,-141) (466,-143) (465,-144) (464,-139) (463,-141) (462,-133) (461,-130) (460,-127) (459,-127) (458,-129) (457,-128) (456,-128) (455,-135) (454,-130) (453,-140) (452,-140) (451,-144) (450,-142) (449,-141) (448,-144) (447,-143) (446,-151) (445,-149) (444,-148) (443,-151) (442,-151) (441,-155) (440,-148) (439,-141) (438,-142) (437,-138) (436,-140) (435,-140) (434,-141) (433,-135) (432,-134) (431,-132) (430,-131) (429,-127) (428,-122) (427,-118) (426,-122) (425,-124) (424,-125) (423,-118) (422,-114) (421,-118) (420,-118) (419,-120) (418,-124) (417,-126) (416,-118) (415,-112) (414,-117) (413,-114) (412,-121) (411,-119) (410,-120) (409,-124) (408,-116) (407,-116) (406,-113) (405,-117) (404,-114) (403,-108) (402,-119) (401,-127) (400,-131) (399,-132) (398,-123) (397,-118) (396,-116) (395,-114) (394,-120) (393,-119) (392,-112) (391,-108) (390,-110) (389,-100) (388,-90) (387,-92) (386,-85) (385,-87) (384,-84) (383,-81) (382,-79) (381,-86) (380,-96) (379,-97) (378,-93) (377,-85) (376,-84) (375,-85) (374,-83) (373,-84) (372,-79) (371,-82) (370,-78) (369,-74) (368,-70) (367,-72) (366,-72) (365,-76) (364,-77) (363,-76) (362,-76) (361,-76) (360,-72) (359,-63) (358,-56) (357,-55) (356,-59) (355,-62) (354,-56) (353,-54) (352,-50) (351,-54) (350,-54) (349,-51) (348,-58) (347,-56) (346,-55) (345,-60) (344,-54) (343,-53) (342,-57) (341,-58) (340,-57) (339,-60) (338,-56) (337,-62) (336,-67) (335,-63) (334,-61) (333,-64) (332,-56) (331,-50) (330,-41) (329,-45) (328,-44) (327,-31) (326,-40) (325,-42) (324,-44) (323,-40) (322,-41) (321,-39) (320,-30) (319,-29) (318,-38) (317,-37) (316,-35) (315,-33) (314,-28) (313,-21) (312,-26) (311,-22) (310,-16) (309,-19) (308,-22) (307,-15) (306,-13) (305,-10) (304,-1) (303,3) (302,4) (301,4) (300,0) (299,-3) (298,-5) (297,-15) (296,-15) (295,-17) (294,-15) (293,-13) (292,-7) (291,-10) (290,-6) (289,-2) (288,9) (287,4) (286,1) (285,-9) (284,-10) (283,-7) (282,-12) (281,-13) (280,-15) (279,-18) (278,-19) (277,-16) (276,-10) (275,-10) (274,-4) (273,-2) (272,-6) (271,-8) (270,-15) (269,-14) (268,-15) (267,-21) (266,-23) (265,-17) (264,-19) (263,-23) (262,-22) (261,-24) (260,-18) (259,-11) (258,-13) (257,-9) (256,-12) (255,-13) (254,-10) (253,-11) (252,-13) (251,-11) (250,0) (249,4) (248,2) (247,1) (246,-5) (245,-4) (244,-7) (243,-2) (242,3) (241,2) (240,-5) (239,-2) (238,-8) (237,0) (236,-2) (235,-3) (234,-11) (233,-2) (232,-2) (231,-1) (230,-6) (229,-5) (228,-2) (227,3) (226,1) (225,2) (224,1) (223,15) (222,17) (221,21) (220,23) (219,31) (218,33) (217,37) (216,27) (215,37) (214,40) (213,40) (212,39) (211,47) (210,45) (209,47) (208,46) (207,36) (206,36) (205,42) (204,42) (203,46) (202,47) (201,51) (200,66) (199,63) (198,63) (197,65) (196,63) (195,55) (194,47) (193,38) (192,37) (191,39) (190,36) (189,34) (188,24) (187,29) (186,32) (185,40) (184,36) (183,41) (182,49) (181,48) (180,37) (179,38) (178,31) (177,24) (176,27) (175,23) (174,25) (173,20) (172,16) (171,22) (170,21) (169,17) (168,14) (167,12) (166,12) (165,17) (164,19) (163,14) (162,12) (161,11) (160,13) (159,19) (158,19) (157,4) (156,2) (155,3) (154,13) (153,13) (152,13) (151,13) (150,11) (149,13) (148,16) (147,20) (146,13) (145,23) (144,18) (143,26) (142,26) (141,26) (140,30) (139,27) (138,32) (137,32) (136,32) (135,37) (134,36) (133,29) (132,30) (131,25) (130,21) (129,16) (128,19) (127,17) (126,28) (125,33) (124,35) (123,28) (122,18) (121,6) (120,4) (119,-6) (118,-9) (117,-9) (116,-9) (115,-2) (114,-4) (113,2) (112,7) (111,8) (110,1) (109,9) (108,17) (107,30) (106,28) (105,39) (104,35) (103,35) (102,36) (101,36) (100,32) (99,20) (98,28) (97,22) (96,26) (95,26) (94,26) (93,22) (92,30) (91,22) (90,14) (89,9) (88,8) (87,7) (86,8) (85,10) (84,11) (83,7) (82,16) (81,19) (80,16) (79,15) (78,11) (77,4) (76,12) (75,10) (74,10) (73,4) (72,-4) (71,-2) (70,-7) (69,-4) (68,-3) (67,-6) (66,-3) (65,0) (64,0) (63,-6) (62,-5) (61,-6) (60,-12) (59,-10) (58,-8) (57,-6) (56,-7) (55,-12) (54,-10) (53,-5) (52,-9) (51,-11) (50,-14) (49,-15) (48,-18) (47,-21) (46,-29) (45,-28) (44,-31) (43,-32) (42,-28) (41,-38) (40,-43) (39,-52) (38,-58) (37,-60) (36,-55) (35,-49) (34,-36) (33,-29) (32,-27) (31,-23) (30,-26) (29,-31) (28,-25) (27,-24) (26,-15) (25,-21) (24,-24) (23,-25) (22,-24) (21,-15) (20,-14) (19,-12) (18,-6) (17,0) (16,1) (15,4) (14,2) (13,-6) (12,-9) (11,-11) (10,-9) (9,-16) (8,-14) (7,-18) (6,-14) (5,-19) (4,-20) (3,-17) (2,-10) (1,0) (0,-4) 
TD 1 :
(999,-335) (996,-328) (993,-321) (980,-308) (200,66) (105,39) (1,0) (0,-4) 
(999,-335) (996,-328) (993,-321) (980,-308) (200,66) (105,39) (1,0) (0,-4) (2,-10) (3,-17) (4,-20) (5,-19) (6,-14) (7,-18) (8,-14) (9,-16) (10,-9) (11,-11) (12,-9) (13,-6) (14,2) (15,4) (16,1) (17,0) (18,-6) (19,-12) (20,-14) (21,-15) (22,-24) (23,-25) (24,-24) (25,-21) (26,-15) (27,-24) (28,-25) (29,-31) (30,-26) (31,-23) (32,-27) (33,-29) (34,-36) (35,-49) (36,-55) (37,-60) (38,-58) (39,-52) (40,-43) (41,-38) (42,-28) (43,-32) (44,-31) (45,-28) (46,-29) (47,-21) (48,-18) (49,-15) (50,-14) (51,-11) (52,-9) (53,-5) (54,-10) (55,-12) (56,-7) (57,-6) (58,-8) (59,-10) (60,-12) (61,-6) (62,-5) (63,-6) (64,0) (65,0) (66,-3) (67,-6) (68,-3) (69,-4) (70,-7) (71,-2) (72,-4) (73,4) (74,10) (75,10) (76,12) (77,4) (78,11) (79,15) (80,16) (81,19) (82,16) (83,7) (84,11) (85,10) (86,8) (87,7) (88,8) (89,9) (90,14) (91,22) (92,30) (93,22) (94,26) (95,26) (96,26) (97,22) (98,28) (99,20) (100,32) (101,36) (102,36) (103,35) (104,35) 
(999,-335) (996,-328) (993,-321) (980,-308) (200,66) (105,39) (1,0) (0,-4) (106,28) (107,30) (108,17) (109,9) (110,1) (111,8) (112,7) (113,2) (114,-4) (115,-2) (116,-9) (117,-9) (118,-9) (119,-6) (120,4) (121,6) (122,18) (123,28) (124,35) (125,33) (126,28) (127,17) (128,19) (129,16) (130,21) (131,25) (132,30) (133,29) (134,36) (135,37) (136,32) (137,32) (138,32) (139,27) (140,30) (141,26) (142,26) (143,26) (144,18) (145,23) (146,13) (147,20) (148,16) (149,13) (150,11) (151,13) (152,13) (153,13) (154,13) (155,3) (156,2) (157,4) (158,19) (159,19) (160,13) (161,11) (162,12) (163,14) (164,19) (165,17) (166,12) (167,12) (168,14) (169,17) (170,21) (171,22) (172,16) (173,20) (174,25) (175,23) (176,27) (177,24) (178,31) (179,38) (180,37) (181,48) (182,49) (183,41) (184,36) (185,40) (186,32) (187,29) (188,24) (189,34) (190,36) (191,39) (192,37) (193,38) (194,47) (195,55) (196,63) (197,65) (198,63) (199,63) 
(999,-335) (996,-328) (993,-321) (980,-308) (200,66) (105,39) (1,0) (0,-4) (201,51) (202,47) (203,46) (204,42) (205,42) (206,36) (207,36) (208,46) (209,47) (210,45) (211,47) (212,39) (213,40) (214,40) (215,37) (216,27) (217,37) (218,33) (219,31) (220,23) (221,21) (222,17) (223,15) (224,1) (225,2) (226,1) (227,3) (228,-2) (229,-5) (230,-6) (231,-1) (232,-2) (233,-2) (234,-11) (235,-3) (236,-2) (237,0) (238,-8) (239,-2) (240,-5) (241,2) (242,3) (243,-2) (244,-7) (245,-4) (246,-5) (247,1) (248,2) (249,4) (250,0) (251,-11) (252,-13) (253,-11) (254,-10) (255,-13) (256,-12) (257,-9) (258,-13) (259,-11) (260,-18) (261,-24) (262,-22) (263,-23) (264,-19) (265,-17) (266,-23) (267,-21) (268,-15) (269,-14) (270,-15) (271,-8) (272,-6) (273,-2) (274,-4) (275,-10) (276,-10) (277,-16) (278,-19) (279,-18) (280,-15) (281,-13) (282,-12) (283,-7) (284,-10) (285,-9) (286,1) (287,4) (288,9) (289,-2) (290,-6) (291,-10) (292,-7) (293,-13) (294,-15) (295,-17) (296,-15) (297,-15) (298,-5) (299,-3) (300,0) (301,4) (302,4) (303,3) (304,-1) (305,-10) (306,-13) (307,-15) (308,-22) (309,-19) (310,-16) (311,-22) (312,-26) (313,-21) (314,-28) (315,-33) (316,-35) (317,-37) (318,-38) (319,-29) (320,-30) (321,-39) (322,-41) (323,-40) (324,-44) (325,-42) (326,-40) (327,-31) (328,-44) (329,-45) (330,-41) (331,-50) (332,-56) (333,-64) (334,-61) (335,-63) (336,-67) (337,-62) (338,-56) (339,-60) (340,-57) (341,-58) (342,-57) (343,-53) (344,-54) (345,-60) (346,-55) (347,-56) (348,-58) (349,-51) (350,-54) (351,-54) (352,-50) (353,-54) (354,-56) (355,-62) (356,-59) (357,-55) (358,-56) (359,-63) (360,-72) (361,-76) (362,-76) (363,-76) (364,-77) (365,-76) (366,-72) (367,-72) (368,-70) (369,-74) (370,-78) (371,-82) (372,-79) (373,-84) (374,-83) (375,-85) (376,-84) (377,-85) (378,-93) (379,-97) (380,-96) (381,-86) (382,-79) (383,-81) (384,-84) (385,-87) (386,-85) (387,-92) (388,-90) (389,-100) (390,-110) (391,-108) (392,-112) (393,-119) (394,-120) (395,-114) (396,-116) (397,-118) (398,-123) (399,-132) (400,-131) (401,-127) (402,-119) (403,-108) (404,-114) (405,-117) (406,-113) (407,-116) (408,-116) (409,-124) (410,-120) (411,-119) (412,-121) (413,-114) (414,-117) (415,-112) (416,-118) (417,-126) (418,-124) (419,-120) (420,-118) (421,-118) (422,-114) (423,-118) (424,-125) (425,-124) (426,-122) (427,-118) (428,-122) (429,-127) (430,-131) (431,-132) (432,-134) (433,-135) (434,-141) (435,-140) (436,-140) (437,-138) (438,-142) (439,-141) (440,-148) (441,-155) (442,-151) (443,-151) (444,-148) (445,-149) (446,-151) (447,-143) (448,-144) (449,-141) (450,-142) (451,-144) (452,-140) (453,-140) (454,-130) (455,-135) (456,-128) (457,-128) (458,-129) (459,-127) (460,-127) (461,-130) (462,-133) (463,-141) (464,-139) (465,-144) (466,-143) (467,-141) (468,-140) (469,-144) (470,-160) (471,-155) (472,-151) (473,-143) (474,-140) (475,-143) (476,-143) (477,-135) (478,-141) (479,-145) (480,-147) (481,-156) (482,-159) (483,-163) (484,-155) (485,-152) (486,-153) (487,-163) (488,-163) (489,-163) (490,-162) (491,-163) (492,-165) (493,-164) (494,-177) (495,-177) (496,-179) (497,-177) (498,-177) (499,-181) (500,-179) (501,-178) (502,-169) (503,-170) (504,-163) (505,-163) (506,-163) (507,-162) (508,-167) (509,-171) (510,-168) (511,-172) (512,-180) (513,-186) (514,-190) (515,-195) (516,-193) (517,-195) (518,-191) (519,-200) (520,-205) (521,-204) (522,-215) (523,-216) (524,-219) (525,-210) (526,-213) (527,-216) (528,-218) (529,-214) (530,-219) (531,-220) (532,-211) (533,-211) (534,-212) (535,-218) (536,-220) (537,-221) (538,-225) (539,-231) (540,-225) (541,-230) (542,-223) (543,-234) (544,-226) (545,-221) (546,-227) (547,-223) (548,-229) (549,-225) (550,-232) (551,-236) (552,-233) (553,-234) (554,-241) (555,-243) (556,-249) (557,-247) (558,-253) (559,-251) (560,-258) (561,-262) (562,-270) (563,-282) (564,-286) (565,-285) (566,-288) (567,-296) (568,-301) (569,-295) (570,-300) (571,-301) (572,-296) (573,-302) (574,-308) (575,-314) (576,-310) (577,-311) (578,-310) (579,-305) (580,-300) (581,-293) (582,-300) (583,-301) (584,-303) (585,-303) (586,-305) (587,-307) (588,-301) (589,-303) (590,-302) (591,-301) (592,-298) (593,-302) (594,-291) (595,-287) (596,-287) (597,-292) (598,-295) (599,-290) (600,-292) (601,-286) (602,-285) (603,-277) (604,-279) (605,-276) (606,-276) (607,-270) (608,-275) (609,-283) (610,-279) (611,-274) (612,-279) (613,-280) (614,-273) (615,-263) (616,-264) (617,-263) (618,-259) (619,-261) (620,-250) (621,-244) (622,-242) (623,-254) (624,-253) (625,-248) (626,-248) (627,-252) (628,-254) (629,-260) (630,-268) (631,-283) (632,-270) (633,-274) (634,-277) (635,-285) (636,-279) (637,-275) (638,-278) (639,-283) (640,-290) (641,-287) (642,-281) (643,-280) (644,-282) (645,-278) (646,-280) (647,-293) (648,-298) (649,-306) (650,-299) (651,-304) (652,-304) (653,-302) (654,-305) (655,-306) (656,-314) (657,-327) (658,-321) (659,-318) (660,-315) (661,-323) (662,-322) (663,-324) (664,-320) (665,-322) (666,-327) (667,-327) (668,-330) (669,-320) (670,-320) (671,-322) (672,-329) (673,-336) (674,-336) (675,-346) (676,-353) (677,-364) (678,-355) (679,-354) (680,-350) (681,-359) (682,-358) (683,-348) (684,-345) (685,-347) (686,-349) (687,-344) (688,-349) (689,-346) (690,-340) (691,-332) (692,-335) (693,-344) (694,-341) (695,-340) (696,-336) (697,-338) (698,-332) (699,-342) (700,-345) (701,-349) (702,-348) (703,-359) (704,-355) (705,-352) (706,-352) (707,-351) (708,-345) (709,-348) (710,-347) (711,-352) (712,-349) (713,-345) (714,-331) (715,-335) (716,-331) (717,-336) (718,-335) (719,-330) (720,-334) (721,-338) (722,-341) (723,-342) (724,-346) (725,-350) (726,-351) (727,-351) (728,-350) (729,-348) (730,-342) (731,-337) (732,-345) (733,-346) (734,-354) (735,-354) (736,-358) (737,-360) (738,-358) (739,-347) (740,-341) (741,-346) (742,-344) (743,-342) (744,-348) (745,-352) (746,-360) (747,-364) (748,-367) (749,-360) (750,-349) (751,-351) (752,-348) (753,-358) (754,-353) (755,-351) (756,-349) (757,-352) (758,-347) (759,-345) (760,-349) (761,-345) (762,-335) (763,-340) (764,-333) (765,-331) (766,-336) (767,-335) (768,-331) (769,-334) (770,-327) (771,-319) (772,-319) (773,-320) (774,-320) (775,-328) (776,-338) (777,-342) (778,-347) (779,-349) (780,-336) (781,-341) (782,-347) (783,-352) (784,-355) (785,-356) (786,-349) (787,-346) (788,-341) (789,-337) (790,-326) (791,-322) (792,-327) (793,-327) (794,-333) (795,-323) (796,-322) (797,-325) (798,-330) (799,-331) (800,-335) (801,-333) (802,-334) (803,-331) (804,-333) (805,-341) (806,-350) (807,-346) (808,-339) (809,-344) (810,-347) (811,-349) (812,-353) (813,-347) (814,-346) (815,-350) (816,-348) (817,-349) (818,-340) (819,-344) (820,-340) (821,-329) (822,-335) (823,-331) (824,-326) (825,-325) (826,-329) (827,-339) (828,-345) (829,-342) (830,-344) (831,-343) (832,-345) (833,-341) (834,-339) (835,-337) (836,-336) (837,-329) (838,-336) (839,-339) (840,-336) (841,-327) (842,-333) (843,-329) (844,-327) (845,-330) (846,-336) (847,-335) (848,-335) (849,-328) (850,-329) (851,-326) (852,-321) (853,-324) (854,-320) (855,-317) (856,-314) (857,-308) (858,-311) (859,-307) (860,-304) (861,-307) (862,-311) (863,-308) (864,-316) (865,-313) (866,-314) (867,-317) (868,-313) (869,-302) (870,-298) (871,-289) (872,-292) (873,-294) (874,-296) (875,-299) (876,-308) (877,-313) (878,-297) (879,-301) (880,-296) (881,-293) (882,-297) (883,-306) (884,-305) (885,-299) (886,-301) (887,-306) (888,-303) (889,-301) (890,-308) (891,-309) (892,-303) (893,-304) (894,-307) (895,-309) (896,-305) (897,-303) (898,-301) (899,-310) (900,-310) (901,-308) (902,-313) (903,-312) (904,-314) (905,-313) (906,-317) (907,-319) (908,-323) (909,-318) (910,-318) (911,-312) (912,-311) (913,-316) (914,-318) (915,-317) (916,-314) (917,-308) (918,-301) (919,-293) (920,-289) (921,-291) (922,-297) (923,-301) (924,-300) (925,-304) (926,-298) (927,-295) (928,-289) (929,-289) (930,-293) (931,-292) (932,-294) (933,-305) (934,-307) (935,-308) (936,-308) (937,-308) (938,-307) (939,-309) (940,-316) (941,-301) (942,-295) (943,-297) (944,-302) (945,-303) (946,-308) (947,-306) (948,-309) (949,-316) (950,-321) (951,-320) (952,-326) (953,-324) (954,-314) (955,-307) (956,-302) (957,-304) (958,-300) (959,-308) (960,-311) (961,-309) (962,-308) (963,-312) (964,-313) (965,-322) (966,-315) (967,-321) (968,-327) (969,-328) (970,-332) (971,-334) (972,-336) (973,-334) (974,-333) (975,-322) (976,-319) (977,-326) (978,-315) (979,-315) 
(999,-335) (996,-328) (993,-321) (980,-308) (200,66) (105,39) (1,0) (0,-4) (981,-316) (982,-319) (983,-317) (984,-319) (985,-319) (986,-320) (987,-324) (988,-321) (989,-326) (990,-326) (991,-326) (992,-329) 
(999,-335) (996,-328) (993,-321) (980,-308) (200,66) (105,39) (1,0) (0,-4) (994,-333) (995,-328) 
(999,-335) (996,-328) (993,-321) (980,-308) (200,66) (105,39) (1,0) (0,-4) (997,-334) (998,-335) 
TD 2 :
(999,-335) (996,-328) (993,-321) (980,-308) (200,66) (105,39) (1,0) (0,-4) (101,36) (15,4) (2,-10) (3,-17) (4,-20) (5,-19) (6,-14) (7,-18) (8,-14) (9,-16) (10,-9) (11,-11) (12,-9) (13,-6) (14,2) 
(999,-335) (996,-328) (993,-321) (980,-308) (200,66) (105,39) (1,0) (0,-4) (101,36) (15,4) (2,-10) (16,1) (17,0) (18,-6) (19,-12) (20,-14) (21,-15) (22,-24) (23,-25) (24,-24) (25,-21) (26,-15) (27,-24) (28,-25) (29,-31) (30,-26) (31,-23) (32,-27) (33,-29) (34,-36) (35,-49) (36,-55) (37,-60) (38,-58) (39,-52) (40,-43) (41,-38) (42,-28) (43,-32) (44,-31) (45,-28) (46,-29) (47,-21) (48,-18) (49,-15) (50,-14) (51,-11) (52,-9) (53,-5) (54,-10) (55,-12) (56,-7) (57,-6) (58,-8) (59,-10) (60,-12) (61,-6) (62,-5) (63,-6) (64,0) (65,0) (66,-3) (67,-6) (68,-3) (69,-4) (70,-7) (71,-2) (72,-4) (73,4) (74,10) (75,10) (76,12) (77,4) (78,11) (79,15) (80,16) (81,19) (82,16) (83,7) (84,11) (85,10) (86,8) (87,7) (88,8) (89,9) (90,14) (91,22) (92,30) (93,22) (94,26) (95,26) (96,26) (97,22) (98,28) (99,20) (100,32) 
(999,-335) (996,-328) (993,-321) (980,-308) (200,66) (105,39) (1,0) (0,-4) (101,36) (15,4) (2,-10) (102,36) (103,35) (104,35) 
(999,-335) (996,-328) (993,-321) (980,-308) (200,66) (105,39) (1,0) (0,-4) (197,65) (106,28) (107,30) (108,17) (109,9) (110,1) (111,8) (112,7) (113,2) (114,-4) (115,-2) (116,-9) (117,-9) (118,-9) (119,-6) (120,4) (121,6) (122,18) (123,28) (124,35) (125,33) (126,28) (127,17) (128,19) (129,16) (130,21) (131,25) (132,30) (133,29) (134,36) (135,37) (136,32) (137,32) (138,32) (139,27) (140,30) (141,26) (142,26) (143,26) (144,18) (145,23) (146,13) (147,20) (148,16) (149,13) (150,11) (151,13) (152,13) (153,13) (154,13) (155,3) (156,2) (157,4) (158,19) (159,19) (160,13) (161,11) (162,12) (163,14) (164,19) (165,17) (166,12) (167,12) (168,14) (169,17) (170,21) (171,22) (172,16) (173,20) (174,25) (175,23) (176,27) (177,24) (178,31) (179,38) (180,37) (181,48) (182,49) (183,41) (184,36) (185,40) (186,32) (187,29) (188,24) (189,34) (190,36) (191,39) (192,37) (193,38) (194,47) (195,55) (196,63) 
(999,-335) (996,-328) (993,-321) (980,-308) (200,66) (105,39) (1,0) (0,-4) (197,65) (198,63) (199,63) 
(999,-335) (996,-328) (993,-321) (980,-308) (200,66) (105,39) (1,0) (0,-4) (958,-300) (201,51) (202,47) (203,46) (204,42) (205,42) (206,36) (207,36) (208,46) (209,47) (210,45) (211,47) (212,39) (213,40) (214,40) (215,37) (216,27) (217,37) (218,33) (219,31) (220,23) (221,21) (222,17) (223,15) (224,1) (225,2) (226,1) (227,3) (228,-2) (229,-5) (230,-6) (231,-1) (232,-2) (233,-2) (234,-11) (235,-3) (236,-2) (237,0) (238,-8) (239,-2) (240,-5) (241,2) (242,3) (243,-2) (244,-7) (245,-4) (246,-5) (247,1) (248,2) (249,4) (250,0) (251,-11) (252,-13) (253,-11) (254,-10) (255,-13) (256,-12) (257,-9) (258,-13) (259,-11) (260,-18) (261,-24) (262,-22) (263,-23) (264,-19) (265,-17) (266,-23) (267,-21) (268,-15) (269,-14) (270,-15) (271,-8) (272,-6) (273,-2) (274,-4) (275,-10) (276,-10) (277,-16) (278,-19) (279,-18) (280,-15) (281,-13) (282,-12) (283,-7) (284,-10) (285,-9) (286,1) (287,4) (288,9) (289,-2) (290,-6) (291,-10) (292,-7) (293,-13) (294,-15) (295,-17) (296,-15) (297,-15) (298,-5) (299,-3) (300,0) (301,4) (302,4) (303,3) (304,-1) (305,-10) (306,-13) (307,-15) (308,-22) (309,-19) (310,-16) (311,-22) (312,-26) (313,-21) (314,-28) (315,-33) (316,-35) (317,-37) (318,-38) (319,-29) (320,-30) (321,-39) (322,-41) (323,-40) (324,-44) (325,-42) (326,-40) (327,-31) (328,-44) (329,-45) (330,-41) (331,-50) (332,-56) (333,-64) (334,-61) (335,-63) (336,-67) (337,-62) (338,-56) (339,-60) (340,-57) (341,-58) (342,-57) (343,-53) (344,-54) (345,-60) (346,-55) (347,-56) (348,-58) (349,-51) (350,-54) (351,-54) (352,-50) (353,-54) (354,-56) (355,-62) (356,-59) (357,-55) (358,-56) (359,-63) (360,-72) (361,-76) (362,-76) (363,-76) (364,-77) (365,-76) (366,-72) (367,-72) (368,-70) (369,-74) (370,-78) (371,-82) (372,-79) (373,-84) (374,-83) (375,-85) (376,-84) (377,-85) (378,-93) (379,-97) (380,-96) (381,-86) (382,-79) (383,-81) (384,-84) (385,-87) (386,-85) (387,-92) (388,-90) (389,-100) (390,-110) (391,-108) (392,-112) (393,-119) (394,-120) (395,-114) (396,-116) (397,-118) (398,-123) (399,-132) (400,-131) (401,-127) (402,-119) (403,-108) (404,-114) (405,-117) (406,-113) (407,-116) (408,-116) (409,-124) (410,-120) (411,-119) (412,-121) (413,-114) (414,-117) (415,-112) (416,-118) (417,-126) (418,-124) (419,-120) (420,-118) (421,-118) (422,-114) (423,-118) (424,-125) (425,-124) (426,-122) (427,-118) (428,-122) (429,-127) (430,-131) (431,-132) (432,-134) (433,-135) (434,-141) (435,-140) (436,-140) (437,-138) (438,-142) (439,-141) (440,-148) (441,-155) (442,-151) (443,-151) (444,-148) (445,-149) (446,-151) (447,-143) (448,-144) (449,-141) (450,-142) (451,-144) (452,-140) (453,-140) (454,-130) (455,-135) (456,-128) (457,-128) (458,-129) (459,-127) (460,-127) (461,-130) (462,-133) (463,-141) (464,-139) (465,-144) (466,-143) (467,-141) (468,-140) (469,-144) (470,-160) (471,-155) (472,-151) (473,-143) (474,-140) (475,-143) (476,-143) (477,-135) (478,-141) (479,-145) (480,-147) (481,-156) (482,-159) (483,-163) (484,-155) (485,-152) (486,-153) (487,-163) (488,-163) (489,-163) (490,-162) (491,-163) (492,-165) (493,-164) (494,-177) (495,-177) (496,-179) (497,-177) (498,-177) (499,-181) (500,-179) (501,-178) (502,-169) (503,-170) (504,-163) (505,-163) (506,-163) (507,-162) (508,-167) (509,-171) (510,-168) (511,-172) (512,-180) (513,-186) (514,-190) (515,-195) (516,-193) (517,-195) (518,-191) (519,-200) (520,-205) (521,-204) (522,-215) (523,-216) (524,-219) (525,-210) (526,-213) (527,-216) (528,-218) (529,-214) (530,-219) (531,-220) (532,-211) (533,-211) (534,-212) (535,-218) (536,-220) (537,-221) (538,-225) (539,-231) (540,-225) (541,-230) (542,-223) (543,-234) (544,-226) (545,-221) (546,-227) (547,-223) (548,-229) (549,-225) (550,-232) (551,-236) (552,-233) (553,-234) (554,-241) (555,-243) (556,-249) (557,-247) (558,-253) (559,-251) (560,-258) (561,-262) (562,-270) (563,-282) (564,-286) (565,-285) (566,-288) (567,-296) (568,-301) (569,-295) (570,-300) (571,-301) (572,-296) (573,-302) (574,-308) (575,-314) (576,-310) (577,-311) (578,-310) (579,-305) (580,-300) (581,-293) (582,-300) (583,-301) (584,-303) (585,-303) (586,-305) (587,-307) (588,-301) (589,-303) (590,-302) (591,-301) (592,-298) (593,-302) (594,-291) (595,-287) (596,-287) (597,-292) (598,-295) (599,-290) (600,-292) (601,-286) (602,-285) (603,-277) (604,-279) (605,-276) (606,-276) (607,-270) (608,-275) (609,-283) (610,-279) (611,-274) (612,-279) (613,-280) (614,-273) (615,-263) (616,-264) (617,-263) (618,-259) (619,-261) (620,-250) (621,-244) (622,-242) (623,-254) (624,-253) (625,-248) (626,-248) (627,-252) (628,-254) (629,-260) (630,-268) (631,-283) (632,-270) (633,-274) (634,-277) (635,-285) (636,-279) (637,-275) (638,-278) (639,-283) (640,-290) (641,-287) (642,-281) (643,-280) (644,-282) (645,-278) (646,-280) (647,-293) (648,-298) (649,-306) (650,-299) (651,-304) (652,-304) (653,-302) (654,-305) (655,-306) (656,-314) (657,-327) (658,-321) (659,-318) (660,-315) (661,-323) (662,-322) (663,-324) (664,-320) (665,-322) (666,-327) (667,-327) (668,-330) (669,-320) (670,-320) (671,-322) (672,-329) (673,-336) (674,-336) (675,-346) (676,-353) (677,-364) (678,-355) (679,-354) (680,-350) (681,-359) (682,-358) (683,-348) (684,-345) (685,-347) (686,-349) (687,-344) (688,-349) (689,-346) (690,-340) (691,-332) (692,-335) (693,-344) (694,-341) (695,-340) (696,-336) (697,-338) (698,-332) (699,-342) (700,-345) (701,-349) (702,-348) (703,-359) (704,-355) (705,-352) (706,-352) (707,-351) (708,-345) (709,-348) (710,-347) (711,-352) (712,-349) (713,-345) (714,-331) (715,-335) (716,-331) (717,-336) (718,-335) (719,-330) (720,-334) (721,-338) (722,-341) (723,-342) (724,-346) (725,-350) (726,-351) (727,-351) (728,-350) (729,-348) (730,-342) (731,-337) (732,-345) (733,-346) (734,-354) (735,-354) (736,-358) (737,-360) (738,-358) (739,-347) (740,-341) (741,-346) (742,-344) (743,-342) (744,-348) (745,-352) (746,-360) (747,-364) (748,-367) (749,-360) (750,-349) (751,-351) (752,-348) (753,-358) (754,-353) (755,-351) (756,-349) (757,-352) (758,-347) (759,-345) (760,-349) (761,-345) (762,-335) (763,-340) (764,-333) (765,-331) (766,-336) (767,-335) (768,-331) (769,-334) (770,-327) (771,-319) (772,-319) (773,-320) (774,-320) (775,-328) (776,-338) (777,-342) (778,-347) (779,-349) (780,-336) (781,-341) (782,-347) (783,-352) (784,-355) (785,-356) (786,-349) (787,-346) (788,-341) (789,-337) (790,-326) (791,-322) (792,-327) (793,-327) (794,-333) (795,-323) (796,-322) (797,-325) (798,-330) (799,-331) (800,-335) (801,-333) (802,-334) (803,-331) (804,-333) (805,-341) (806,-350) (807,-346) (808,-339) (809,-344) (810,-347) (811,-349) (812,-353) (813,-347) (814,-346) (815,-350) (816,-348) (817,-349) (818,-340) (819,-344) (820,-340) (821,-329) (822,-335) (823,-331) (824,-326) (825,-325) (826,-329) (827,-339) (828,-345) (829,-342) (830,-344) (831,-343) (832,-345) (833,-341) (834,-339) (835,-337) (836,-336) (837,-329) (838,-336) (839,-339) (840,-336) (841,-327) (842,-333) (843,-329) (844,-327) (845,-330) (846,-336) (847,-335) (848,-335) (849,-328) (850,-329) (851,-326) (852,-321) (853,-324) (854,-320) (855,-317) (856,-314) (857,-308) (858,-311) (859,-307) (860,-304) (861,-307) (862,-311) (863,-308) (864,-316) (865,-313) (866,-314) (867,-317) (868,-313) (869,-302) (870,-298) (871,-289) (872,-292) (873,-294) (874,-296) (875,-299) (876,-308) (877,-313) (878,-297) (879,-301) (880,-296) (881,-293) (882,-297) (883,-306) (884,-305) (885,-299) (886,-301) (887,-306) (888,-303) (889,-301) (890,-308) (891,-309) (892,-303) (893,-304) (894,-307) (895,-309) (896,-305) (897,-303) (898,-301) (899,-310) (900,-310) (901,-308) (902,-313) (903,-312) (904,-314) (905,-313) (906,-317) (907,-319) (908,-323) (909,-318) (910,-318) (911,-312) (912,-311) (913,-316) (914,-318) (915,-317) (916,-314) (917,-308) (918,-301) (919,-293) (920,-289) (921,-291) (922,-297) (923,-301) (924,-300) (925,-304) (926,-298) (927,-295) (928,-289) (929,-289) (930,-293) (931,-292) (932,-294) (933,-305) (934,-307) (935,-308) (936,-308) (937,-308) (938,-307) (939,-309) (940,-316) (941,-301) (942,-295) (943,-297) (944,-302) (945,-303) (946,-308) (947,-306) (948,-309) (949,-316) (950,-321) (951,-320) (952,-326) (953,-324) (954,-314) (955,-307) (956,-302) (957,-304) 
(999,-335) (996,-328) (993,-321) (980,-308) (200,66) (105,39) (1,0) (0,-4) (958,-300) (959,-308) (960,-311) (961,-309) (962,-308) (963,-312) (964,-313) (965,-322) (966,-315) (967,-321) (968,-327) (969,-328) (970,-332) (971,-334) (972,-336) (973,-334) (974,-333) (975,-322) (976,-319) (977,-326) (978,-315) (979,-315) 
(999,-335) (996,-328) (993,-321) (980,-308) (200,66) (105,39) (1,0) (0,-4) (988,-321) (983,-317) (981,-316) (982,-319) 
(999,-335) (996,-328) (993,-321) (980,-308) (200,66) (105,39) (1,0) (0,-4) (988,-321) (983,-317) (984,-319) (985,-319) (986,-320) (987,-324) 
(999,-335) (996,-328) (993,-321) (980,-308) (200,66) (105,39) (1,0) (0,-4) (988,-321) (983,-317) (989,-326) (990,-326) (991,-326) (992,-329) 
(999,-335) (996,-328) (993,-321) (980,-308) (200,66) (105,39) (1,0) (0,-4) (995,-328) (994,-333) 
(999,-335) (996,-328) (993,-321) (980,-308) (200,66) (105,39) (1,0) (0,-4) (995,-328) 
(999,-335) (996,-328) (993,-321) (980,-308) (200,66) (105,39) (1,0) (0,-4) (998,-335) (997,-334) 
TD 3 :
(999,-335) (996,-328) (993,-321) (980,-308) (200,66) (105,39) (1,0) (0,-4) (101,36) (15,4) (2,-10) (14,2) (3,-17) (4,-20) (5,-19) (6,-14) (7,-18) (8,-14) (9,-16) (10,-9) (11,-11) (12,-9) (13,-6) 
(999,-335) (996,-328) (993,-321) (980,-308) (200,66) (105,39) (1,0) (0,-4) (101,36) (15,4) (2,-10) (14,2) (3,-17) 
(999,-335) (996,-328) (993,-321) (980,-308) (200,66) (105,39) (1,0) (0,-4) (101,36) (15,4) (2,-10) (102,36) 
(999,-335) (996,-328) (993,-321) (980,-308) (200,66) (105,39) (1,0) (0,-4) (101,36) (15,4) (2,-10) (102,36) (103,35) (104,35) 
(999,-335) (996,-328) (993,-321) (980,-308) (200,66) (105,39) (1,0) (0,-4) (197,65) (196,63) (106,28) (107,30) (108,17) (109,9) (110,1) (111,8) (112,7) (113,2) (114,-4) (115,-2) (116,-9) (117,-9) (118,-9) (119,-6) (120,4) (121,6) (122,18) (123,28) (124,35) (125,33) (126,28) (127,17) (128,19) (129,16) (130,21) (131,25) (132,30) (133,29) (134,36) (135,37) (136,32) (137,32) (138,32) (139,27) (140,30) (141,26) (142,26) (143,26) (144,18) (145,23) (146,13) (147,20) (148,16) (149,13) (150,11) (151,13) (152,13) (153,13) (154,13) (155,3) (156,2) (157,4) (158,19) (159,19) (160,13) (161,11) (162,12) (163,14) (164,19) (165,17) (166,12) (167,12) (168,14) (169,17) (170,21) (171,22) (172,16) (173,20) (174,25) (175,23) (176,27) (177,24) (178,31) (179,38) (180,37) (181,48) (182,49) (183,41) (184,36) (185,40) (186,32) (187,29) (188,24) (189,34) (190,36) (191,39) (192,37) (193,38) (194,47) (195,55) 
(999,-335) (996,-328) (993,-321) (980,-308) (200,66) (105,39) (1,0) (0,-4) (197,65) (196,63) 
(999,-335) (996,-328) (993,-321) (980,-308) (200,66) (105,39) (1,0) (0,-4) (197,65) (199,63) (198,63) 
(999,-335) (996,-328) (993,-321) (980,-308) (200,66) (105,39) (1,0) (0,-4) (197,65) (199,63) (198,63) 
(999,-335) (996,-328) (993,-321) (980,-308) (200,66) (105,39) (1,0) (0,-4) (197,65) (199,63) (198,63) 
(999,-335) (996,-328) (993,-321) (980,-308) (200,66) (105,39) (1,0) (0,-4) (958,-300) (956,-302) (942,-295) (201,51) (202,47) (203,46) (204,42) (205,42) (206,36) (207,36) (208,46) (209,47) (210,45) (211,47) (212,39) (213,40) (214,40) (215,37) (216,27) (217,37) (218,33) (219,31) (220,23) (221,21) (222,17) (223,15) (224,1) (225,2) (226,1) (227,3) (228,-2) (229,-5) (230,-6) (231,-1) (232,-2) (233,-2) (234,-11) (235,-3) (236,-2) (237,0) (238,-8) (239,-2) (240,-5) (241,2) (242,3) (243,-2) (244,-7) (245,-4) (246,-5) (247,1) (248,2) (249,4) (250,0) (251,-11) (252,-13) (253,-11) (254,-10) (255,-13) (256,-12) (257,-9) (258,-13) (259,-11) (260,-18) (261,-24) (262,-22) (263,-23) (264,-19) (265,-17) (266,-23) (267,-21) (268,-15) (269,-14) (270,-15) (271,-8) (272,-6) (273,-2) (274,-4) (275,-10) (276,-10) (277,-16) (278,-19) (279,-18) (280,-15) (281,-13) (282,-12) (283,-7) (284,-10) (285,-9) (286,1) (287,4) (288,9) (289,-2) (290,-6) (291,-10) (292,-7) (293,-13) (294,-15) (295,-17) (296,-15) (297,-15) (298,-5) (299,-3) (300,0) (301,4) (302,4) (303,3) (304,-1) (305,-10) (306,-13) (307,-15) (308,-22) (309,-19) (310,-16) (311,-22) (312,-26) (313,-21) (314,-28) (315,-33) (316,-35) (317,-37) (318,-38) (319,-29) (320,-30) (321,-39) (322,-41) (323,-40) (324,-44) (325,-42) (326,-40) (327,-31) (328,-44) (329,-45) (330,-41) (331,-50) (332,-56) (333,-64) (334,-61) (335,-63) (336,-67) (337,-62) (338,-56) (339,-60) (340,-57) (341,-58) (342,-57) (343,-53) (344,-54) (345,-60) (346,-55) (347,-56) (348,-58) (349,-51) (350,-54) (351,-54) (352,-50) (353,-54) (354,-56) (355,-62) (356,-59) (357,-55) (358,-56) (359,-63) (360,-72) (361,-76) (362,-76) (363,-76) (364,-77) (365,-76) (366,-72) (367,-72) (368,-70) (369,-74) (370,-78) (371,-82) (372,-79) (373,-84) (374,-83) (375,-85) (376,-84) (377,-85) (378,-93) (379,-97) (380,-96) (381,-86) (382,-79) (383,-81) (384,-84) (385,-87) (386,-85) (387,-92) (388,-90) (389,-100) (390,-110) (391,-108) (392,-112) (393,-119) (394,-120) (395,-114) (396,-116) (397,-118) (398,-123) (399,-132) (400,-131) (401,-127) (402,-119) (403,-108) (404,-114) (405,-117) (406,-113) (407,-116) (408,-116) (409,-124) (410,-120) (411,-119) (412,-121) (413,-114) (414,-117) (415,-112) (416,-118) (417,-126) (418,-124) (419,-120) (420,-118) (421,-118) (422,-114) (423,-118) (424,-125) (425,-124) (426,-122) (427,-118) (428,-122) (429,-127) (430,-131) (431,-132) (432,-134) (433,-135) (434,-141) (435,-140) (436,-140) (437,-138) (438,-142) (439,-141) (440,-148) (441,-155) (442,-151) (443,-151) (444,-148) (445,-149) (446,-151) (447,-143) (448,-144) (449,-141) (450,-142) (451,-144) (452,-140) (453,-140) (454,-130) (455,-135) (456,-128) (457,-128) (458,-129) (459,-127) (460,-127) (461,-130) (462,-133) (463,-141) (464,-139) (465,-144) (466,-143) (467,-141) (468,-140) (469,-144) (470,-160) (471,-155) (472,-151) (473,-143) (474,-140) (475,-143) (476,-143) (477,-135) (478,-141) (479,-145) (480,-147) (481,-156) (482,-159) (483,-163) (484,-155) (485,-152) (486,-153) (487,-163) (488,-163) (489,-163) (490,-162) (491,-163) (492,-165) (493,-164) (494,-177) (495,-177) (496,-179) (497,-177) (498,-177) (499,-181) (500,-179) (501,-178) (502,-169) (503,-170) (504,-163) (505,-163) (506,-163) (507,-162) (508,-167) (509,-171) (510,-168) (511,-172) (512,-180) (513,-186) (514,-190) (515,-195) (516,-193) (517,-195) (518,-191) (519,-200) (520,-205) (521,-204) (522,-215) (523,-216) (524,-219) (525,-210) (526,-213) (527,-216) (528,-218) (529,-214) (530,-219) (531,-220) (532,-211) (533,-211) (534,-212) (535,-218) (536,-220) (537,-221) (538,-225) (539,-231) (540,-225) (541,-230) (542,-223) (543,-234) (544,-226) (545,-221) (546,-227) (547,-223) (548,-229) (549,-225) (550,-232) (551,-236) (552,-233) (553,-234) (554,-241) (555,-243) (556,-249) (557,-247) (558,-253) (559,-251) (560,-258) (561,-262) (562,-270) (563,-282) (564,-286) (565,-285) (566,-288) (567,-296) (568,-301) (569,-295) (570,-300) (571,-301) (572,-296) (573,-302) (574,-308) (575,-314) (576,-310) (577,-311) (578,-310) (579,-305) (580,-300) (581,-293) (582,-300) (583,-301) (584,-303) (585,-303) (586,-305) (587,-307) (588,-301) (589,-303) (590,-302) (591,-301) (592,-298) (593,-302) (594,-291) (595,-287) (596,-287) (597,-292) (598,-295) (599,-290) (600,-292) (601,-286) (602,-285) (603,-277) (604,-279) (605,-276) (606,-276) (607,-270) (608,-275) (609,-283) (610,-279) (611,-274) (612,-279) (613,-280) (614,-273) (615,-263) (616,-264) (617,-263) (618,-259) (619,-261) (620,-250) (621,-244) (622,-242) (623,-254) (624,-253) (625,-248) (626,-248) (627,-252) (628,-254) (629,-260) (630,-268) (631,-283) (632,-270) (633,-274) (634,-277) (635,-285) (636,-279) (637,-275) (638,-278) (639,-283) (640,-290) (641,-287) (642,-281) (643,-280) (644,-282) (645,-278) (646,-280) (647,-293) (648,-298) (649,-306) (650,-299) (651,-304) (652,-304) (653,-302) (654,-305) (655,-306) (656,-314) (657,-327) (658,-321) (659,-318) (660,-315) (661,-323) (662,-322) (663,-324) (664,-320) (665,-322) (666,-327) (667,-327) (668,-330) (669,-320) (670,-320) (671,-322) (672,-329) (673,-336) (674,-336) (675,-346) (676,-353) (677,-364) (678,-355) (679,-354) (680,-350) (681,-359) (682,-358) (683,-348) (684,-345) (685,-347) (686,-349) (687,-344) (688,-349) (689,-346) (690,-340) (691,-332) (692,-335) (693,-344) (694,-341) (695,-340) (696,-336) (697,-338) (698,-332) (699,-342) (700,-345) (701,-349) (702,-348) (703,-359) (704,-355) (705,-352) (706,-352) (707,-351) (708,-345) (709,-348) (710,-347) (711,-352) (712,-349) (713,-345) (714,-331) (715,-335) (716,-331) (717,-336) (718,-335) (719,-330) (720,-334) (721,-338) (722,-341) (723,-342) (724,-346) (725,-350) (726,-351) (727,-351) (728,-350) (729,-348) (730,-342) (731,-337) (732,-345) (733,-346) (734,-354) (735,-354) (736,-358) (737,-360) (738,-358) (739,-347) (740,-341) (741,-346) (742,-344) (743,-342) (744,-348) (745,-352) (746,-360) (747,-364) (748,-367) (749,-360) (750,-349) (751,-351) (752,-348) (753,-358) (754,-353) (755,-351) (756,-349) (757,-352) (758,-347) (759,-345) (760,-349) (761,-345) (762,-335) (763,-340) (764,-333) (765,-331) (766,-336) (767,-335) (768,-331) (769,-334) (770,-327) (771,-319) (772,-319) (773,-320) (774,-320) (775,-328) (776,-338) (777,-342) (778,-347) (779,-349) (780,-336) (781,-341) (782,-347) (783,-352) (784,-355) (785,-356) (786,-349) (787,-346) (788,-341) (789,-337) (790,-326) (791,-322) (792,-327) (793,-327) (794,-333) (795,-323) (796,-322) (797,-325) (798,-330) (799,-331) (800,-335) (801,-333) (802,-334) (803,-331) (804,-333) (805,-341) (806,-350) (807,-346) (808,-339) (809,-344) (810,-347) (811,-349) (812,-353) (813,-347) (814,-346) (815,-350) (816,-348) (817,-349) (818,-340) (819,-344) (820,-340) (821,-329) (822,-335) (823,-331) (824,-326) (825,-325) (826,-329) (827,-339) (828,-345) (829,-342) (830,-344) (831,-343) (832,-345) (833,-341) (834,-339) (835,-337) (836,-336) (837,-329) (838,-336) (839,-339) (840,-336) (841,-327) (842,-333) (843,-329) (844,-327) (845,-330) (846,-336) (847,-335) (848,-335) (849,-328) (850,-329) (851,-326) (852,-321) (853,-324) (854,-320) (855,-317) (856,-314) (857,-308) (858,-311) (859,-307) (860,-304) (861,-307) (862,-311) (863,-308) (864,-316) (865,-313) (866,-314) (867,-317) (868,-313) (869,-302) (870,-298) (871,-289) (872,-292) (873,-294) (874,-296) (875,-299) (876,-308) (877,-313) (878,-297) (879,-301) (880,-296) (881,-293) (882,-297) (883,-306) (884,-305) (885,-299) (886,-301) (887,-306) (888,-303) (889,-301) (890,-308) (891,-309) (892,-303) (893,-304) (894,-307) (895,-309) (896,-305) (897,-303) (898,-301) (899,-310) (900,-310) (901,-308) (902,-313) (903,-312) (904,-314) (905,-313) (906,-317) (907,-319) (908,-323) (909,-318) (910,-318) (911,-312) (912,-311) (913,-316) (914,-318) (915,-317) (916,-314) (917,-308) (918,-301) (919,-293) (920,-289) (921,-291) (922,-297) (923,-301) (924,-300) (925,-304) (926,-298) (927,-295) (928,-289) (929,-289) (930,-293) (931,-292) (932,-294) (933,-305) (934,-307) (935,-308) (936,-308) (937,-308) (938,-307) (939,-309) (940,-316) (941,-301) 
(999,-335) (996,-328) (993,-321) (980,-308) (200,66) (105,39) (1,0) (0,-4) (958,-300) (956,-302) (942,-295) (943,-297) (944,-302) (945,-303) (946,-308) (947,-306) (948,-309) (949,-316) (950,-321) (951,-320) (952,-326) (953,-324) (954,-314) (955,-307) 
(999,-335) (996,-328) (993,-321) (980,-308) (200,66) (105,39) (1,0) (0,-4) (958,-300) (956,-302) (942,-295) (957,-304) 
(999,-335) (996,-328) (993,-321) (980,-308) (200,66) (105,39) (1,0) (0,-4) (988,-321) (983,-317) (981,-316) 
(999,-335) (996,-328) (993,-321) (980,-308) (200,66) (105,39) (1,0) (0,-4) (988,-321) (983,-317) (981,-316) (982,-319) 
(999,-335) (996,-328) (993,-321) (980,-308) (200,66) (105,39) (1,0) (0,-4) (988,-321) (983,-317) (986,-320) (985,-319) (984,-319) 
(999,-335) (996,-328) (993,-321) (980,-308) (200,66) (105,39) (1,0) (0,-4) (988,-321) (983,-317) (986,-320) (985,-319) 
(999,-335) (996,-328) (993,-321) (980,-308) (200,66) (105,39) (1,0) (0,-4) (988,-321) (983,-317) (986,-320) (985,-319) (987,-324) 
(999,-335) (996,-328) (993,-321) (980,-308) (200,66) (105,39) (1,0) (0,-4) (988,-321) (983,-317) (991,-326) (989,-326) (990,-326) 
(999,-335) (996,-328) (993,-321) (980,-308) (200,66) (105,39) (1,0) (0,-4) (988,-321) (983,-317) (991,-326) (992,-329) 
(999,-335) (996,-328) (993,-321) (980,-308) (200,66) (105,39) (1,0) (0,-4) (998,-335) (997,-334) 
TD 4 :
(999,-335) (996,-328) (993,-321) (980,-308) (200,66) (105,39) (1,0) (0,-4) (101,36) (15,4) (2,-10) (14,2) (3,-17) (6,-14) (4,-20) (5,-19) 
(999,-335) (996,-328) (993,-321) (980,-308) (200,66) (105,39) (1,0) (0,-4) (101,36) (15,4) (2,-10) (14,2) (3,-17) (6,-14) (4,-20) (7,-18) (8,-14) (9,-16) (10,-9) (11,-11) (12,-9) (13,-6) 
(999,-335) (996,-328) (993,-321) (980,-308) (200,66) (105,39) (1,0) (0,-4) (101,36) (15,4) (2,-10) (102,36) (103,35) 
(999,-335) (996,-328) (993,-321) (980,-308) (200,66) (105,39) (1,0) (0,-4) (101,36) (15,4) (2,-10) (102,36) (103,35) (104,35) 
(999,-335) (996,-328) (993,-321) (980,-308) (200,66) (105,39) (1,0) (0,-4) (197,65) (196,63) (195,55) (106,28) (107,30) (108,17) (109,9) (110,1) (111,8) (112,7) (113,2) (114,-4) (115,-2) (116,-9) (117,-9) (118,-9) (119,-6) (120,4) (121,6) (122,18) (123,28) (124,35) (125,33) (126,28) (127,17) (128,19) (129,16) (130,21) (131,25) (132,30) (133,29) (134,36) (135,37) (136,32) (137,32) (138,32) (139,27) (140,30) (141,26) (142,26) (143,26) (144,18) (145,23) (146,13) (147,20) (148,16) (149,13) (150,11) (151,13) (152,13) (153,13) (154,13) (155,3) (156,2) (157,4) (158,19) (159,19) (160,13) (161,11) (162,12) (163,14) (164,19) (165,17) (166,12) (167,12) (168,14) (169,17) (170,21) (171,22) (172,16) (173,20) (174,25) (175,23) (176,27) (177,24) (178,31) (179,38) (180,37) (181,48) (182,49) (183,41) (184,36) (185,40) (186,32) (187,29) (188,24) (189,34) (190,36) (191,39) (192,37) (193,38) (194,47) 
(999,-335) (996,-328) (993,-321) (980,-308) (200,66) (105,39) (1,0) (0,-4) (197,65) (196,63) (195,55) 
(999,-335) (996,-328) (993,-321) (980,-308) (200,66) (105,39) (1,0) (0,-4) (958,-300) (956,-302) (942,-295) (929,-289) (201,51) (202,47) (203,46) (204,42) (205,42) (206,36) (207,36) (208,46) (209,47) (210,45) (211,47) (212,39) (213,40) (214,40) (215,37) (216,27) (217,37) (218,33) (219,31) (220,23) (221,21) (222,17) (223,15) (224,1) (225,2) (226,1) (227,3) (228,-2) (229,-5) (230,-6) (231,-1) (232,-2) (233,-2) (234,-11) (235,-3) (236,-2) (237,0) (238,-8) (239,-2) (240,-5) (241,2) (242,3) (243,-2) (244,-7) (245,-4) (246,-5) (247,1) (248,2) (249,4) (250,0) (251,-11) (252,-13) (253,-11) (254,-10) (255,-13) (256,-12) (257,-9) (258,-13) (259,-11) (260,-18) (261,-24) (262,-22) (263,-23) (264,-19) (265,-17) (266,-23) (267,-21) (268,-15) (269,-14) (270,-15) (271,-8) (272,-6) (273,-2) (274,-4) (275,-10) (276,-10) (277,-16) (278,-19) (279,-18) (280,-15) (281,-13) (282,-12) (283,-7) (284,-10) (285,-9) (286,1) (287,4) (288,9) (289,-2) (290,-6) (291,-10) (292,-7) (293,-13) (294,-15) (295,-17) (296,-15) (297,-15) (298,-5) (299,-3) (300,0) (301,4) (302,4) (303,3) (304,-1) (305,-10) (306,-13) (307,-15) (308,-22) (309,-19) (310,-16) (311,-22) (312,-26) (313,-21) (314,-28) (315,-33) (316,-35) (317,-37) (318,-38) (319,-29) (320,-30) (321,-39) (322,-41) (323,-40) (324,-44) (325,-42) (326,-40) (327,-31) (328,-44) (329,-45) (330,-41) (331,-50) (332,-56) (333,-64) (334,-61) (335,-63) (336,-67) (337,-62) (338,-56) (339,-60) (340,-57) (341,-58) (342,-57) (343,-53) (344,-54) (345,-60) (346,-55) (347,-56) (348,-58) (349,-51) (350,-54) (351,-54) (352,-50) (353,-54) (354,-56) (355,-62) (356,-59) (357,-55) (358,-56) (359,-63) (360,-72) (361,-76) (362,-76) (363,-76) (364,-77) (365,-76) (366,-72) (367,-72) (368,-70) (369,-74) (370,-78) (371,-82) (372,-79) (373,-84) (374,-83) (375,-85) (376,-84) (377,-85) (378,-93) (379,-97) (380,-96) (381,-86) (382,-79) (383,-81) (384,-84) (385,-87) (386,-85) (387,-92) (388,-90) (389,-100) (390,-110) (391,-108) (392,-112) (393,-119) (394,-120) (395,-114) (396,-116) (397,-118) (398,-123) (399,-132) (400,-131) (401,-127) (402,-119) (403,-108) (404,-114) (405,-117) (406,-113) (407,-116) (408,-116) (409,-124) (410,-120) (411,-119) (412,-121) (413,-114) (414,-117) (415,-112) (416,-118) (417,-126) (418,-124) (419,-120) (420,-118) (421,-118) (422,-114) (423,-118) (424,-125) (425,-124) (426,-122) (427,-118) (428,-122) (429,-127) (430,-131) (431,-132) (432,-134) (433,-135) (434,-141) (435,-140) (436,-140) (437,-138) (438,-142) (439,-141) (440,-148) (441,-155) (442,-151) (443,-151) (444,-148) (445,-149) (446,-151) (447,-143) (448,-144) (449,-141) (450,-142) (451,-144) (452,-140) (453,-140) (454,-130) (455,-135) (456,-128) (457,-128) (458,-129) (459,-127) (460,-127) (461,-130) (462,-133) (463,-141) (464,-139) (465,-144) (466,-143) (467,-141) (468,-140) (469,-144) (470,-160) (471,-155) (472,-151) (473,-143) (474,-140) (475,-143) (476,-143) (477,-135) (478,-141) (479,-145) (480,-147) (481,-156) (482,-159) (483,-163) (484,-155) (485,-152) (486,-153) (487,-163) (488,-163) (489,-163) (490,-162) (491,-163) (492,-165) (493,-164) (494,-177) (495,-177) (496,-179) (497,-177) (498,-177) (499,-181) (500,-179) (501,-178) (502,-169) (503,-170) (504,-163) (505,-163) (506,-163) (507,-162) (508,-167) (509,-171) (510,-168) (511,-172) (512,-180) (513,-186) (514,-190) (515,-195) (516,-193) (517,-195) (518,-191) (519,-200) (520,-205) (521,-204) (522,-215) (523,-216) (524,-219) (525,-210) (526,-213) (527,-216) (528,-218) (529,-214) (530,-219) (531,-220) (532,-211) (533,-211) (534,-212) (535,-218) (536,-220) (537,-221) (538,-225) (539,-231) (540,-225) (541,-230) (542,-223) (543,-234) (544,-226) (545,-221) (546,-227) (547,-223) (548,-229) (549,-225) (550,-232) (551,-236) (552,-233) (553,-234) (554,-241) (555,-243) (556,-249) (557,-247) (558,-253) (559,-251) (560,-258) (561,-262) (562,-270) (563,-282) (564,-286) (565,-285) (566,-288) (567,-296) (568,-301) (569,-295) (570,-300) (571,-301) (572,-296) (573,-302) (574,-308) (575,-314) (576,-310) (577,-311) (578,-310) (579,-305) (580,-300) (581,-293) (582,-300) (583,-301) (584,-303) (585,-303) (586,-305) (587,-307) (588,-301) (589,-303) (590,-302) (591,-301) (592,-298) (593,-302) (594,-291) (595,-287) (596,-287) (597,-292) (598,-295) (599,-290) (600,-292) (601,-286) (602,-285) (603,-277) (604,-279) (605,-276) (606,-276) (607,-270) (608,-275) (609,-283) (610,-279) (611,-274) (612,-279) (613,-280) (614,-273) (615,-263) (616,-264) (617,-263) (618,-259) (619,-261) (620,-250) (621,-244) (622,-242) (623,-254) (624,-253) (625,-248) (626,-248) (627,-252) (628,-254) (629,-260) (630,-268) (631,-283) (632,-270) (633,-274) (634,-277) (635,-285) (636,-279) (637,-275) (638,-278) (639,-283) (640,-290) (641,-287) (642,-281) (643,-280) (644,-282) (645,-278) (646,-280) (647,-293) (648,-298) (649,-306) (650,-299) (651,-304) (652,-304) (653,-302) (654,-305) (655,-306) (656,-314) (657,-327) (658,-321) (659,-318) (660,-315) (661,-323) (662,-322) (663,-324) (664,-320) (665,-322) (666,-327) (667,-327) (668,-330) (669,-320) (670,-320) (671,-322) (672,-329) (673,-336) (674,-336) (675,-346) (676,-353) (677,-364) (678,-355) (679,-354) (680,-350) (681,-359) (682,-358) (683,-348) (684,-345) (685,-347) (686,-349) (687,-344) (688,-349) (689,-346) (690,-340) (691,-332) (692,-335) (693,-344) (694,-341) (695,-340) (696,-336) (697,-338) (698,-332) (699,-342) (700,-345) (701,-349) (702,-348) (703,-359) (704,-355) (705,-352) (706,-352) (707,-351) (708,-345) (709,-348) (710,-347) (711,-352) (712,-349) (713,-345) (714,-331) (715,-335) (716,-331) (717,-336) (718,-335) (719,-330) (720,-334) (721,-338) (722,-341) (723,-342) (724,-346) (725,-350) (726,-351) (727,-351) (728,-350) (729,-348) (730,-342) (731,-337) (732,-345) (733,-346) (734,-354) (735,-354) (736,-358) (737,-360) (738,-358) (739,-347) (740,-341) (741,-346) (742,-344) (743,-342) (744,-348) (745,-352) (746,-360) (747,-364) (748,-367) (749,-360) (750,-349) (751,-351) (752,-348) (753,-358) (754,-353) (755,-351) (756,-349) (757,-352) (758,-347) (759,-345) (760,-349) (761,-345) (762,-335) (763,-340) (764,-333) (765,-331) (766,-336) (767,-335) (768,-331) (769,-334) (770,-327) (771,-319) (772,-319) (773,-320) (774,-320) (775,-328) (776,-338) (777,-342) (778,-347) (779,-349) (780,-336) (781,-341) (782,-347) (783,-352) (784,-355) (785,-356) (786,-349) (787,-346) (788,-341) (789,-337) (790,-326) (791,-322) (792,-327) (793,-327) (794,-333) (795,-323) (796,-322) (797,-325) (798,-330) (799,-331) (800,-335) (801,-333) (802,-334) (803,-331) (804,-333) (805,-341) (806,-350) (807,-346) (808,-339) (809,-344) (810,-347) (811,-349) (812,-353) (813,-347) (814,-346) (815,-350) (816,-348) (817,-349) (818,-340) (819,-344) (820,-340) (821,-329) (822,-335) (823,-331) (824,-326) (825,-325) (826,-329) (827,-339) (828,-345) (829,-342) (830,-344) (831,-343) (832,-345) (833,-341) (834,-339) (835,-337) (836,-336) (837,-329) (838,-336) (839,-339) (840,-336) (841,-327) (842,-333) (843,-329) (844,-327) (845,-330) (846,-336) (847,-335) (848,-335) (849,-328) (850,-329) (851,-326) (852,-321) (853,-324) (854,-320) (855,-317) (856,-314) (857,-308) (858,-311) (859,-307) (860,-304) (861,-307) (862,-311) (863,-308) (864,-316) (865,-313) (866,-314) (867,-317) (868,-313) (869,-302) (870,-298) (871,-289) (872,-292) (873,-294) (874,-296) (875,-299) (876,-308) (877,-313) (878,-297) (879,-301) (880,-296) (881,-293) (882,-297) (883,-306) (884,-305) (885,-299) (886,-301) (887,-306) (888,-303) (889,-301) (890,-308) (891,-309) (892,-303) (893,-304) (894,-307) (895,-309) (896,-305) (897,-303) (898,-301) (899,-310) (900,-310) (901,-308) (902,-313) (903,-312) (904,-314) (905,-313) (906,-317) (907,-319) (908,-323) (909,-318) (910,-318) (911,-312) (912,-311) (913,-316) (914,-318) (915,-317) (916,-314) (917,-308) (918,-301) (919,-293) (920,-289) (921,-291) (922,-297) (923,-301) (924,-300) (925,-304) (926,-298) (927,-295) (928,-289) 
(999,-335) (996,-328) (993,-321) (980,-308) (200,66) (105,39) (1,0) (0,-4) (958,-300) (956,-302) (942,-295) (929,-289) (930,-293) (931,-292) (932,-294) (933,-305) (934,-307) (935,-308) (936,-308) (937,-308) (938,-307) (939,-309) (940,-316) (941,-301) 
(999,-335) (996,-328) (993,-321) (980,-308) (200,66) (105,39) (1,0) (0,-4) (988,-321) (983,-317) (986,-320) (985,-319) (984,-319) 
(999,-335) (996,-328) (993,-321) (980,-308) (200,66) (105,39) (1,0) (0,-4) (988,-321) (983,-317) (986,-320) (985,-319) (984,-319) 
(999,-335) (996,-328) (993,-321) (980,-308) (200,66) (105,39) (1,0) (0,-4) (988,-321) (983,-317) (991,-326) (990,-326) (989,-326) 
(999,-335) (996,-328) (993,-321) (980,-308) (200,66) (105,39) (1,0) (0,-4) (988,-321) (983,-317) (991,-326) (990,-326) 
(999,-335) (996,-328) (993,-321) (980,-308) (200,66) (105,39) (1,0) (0,-4) (988,-321) (983,-317) (991,-326) (992,-329) 
(999,-335) (996,-328) (993,-321) (980,-308) (200,66) (105,39) (1,0) (0,-4) (988,-321) (983,-317) (991,-326) (992,-329) 
TD 5 :
(999,-335) (996,-328) (993,-321) (980,-308) (200,66) (105,39) (1,0) (0,-4) (101,36) (15,4) (2,-10) (14,2) (3,-17) (6,-14) (4,-20) (5,-19) 
(999,-335) (996,-328) (993,-321) (980,-308) (200,66) (105,39) (1,0) (0,-4) (101,36) (15,4) (2,-10) (14,2) (3,-17) (6,-14) (4,-20) (10,-9) (7,-18) (8,-14) (9,-16) 
(999,-335) (996,-328) (993,-321) (980,-308) (200,66) (105,39) (1,0) (0,-4) (101,36) (15,4) (2,-10) (14,2) (3,-17) (6,-14) (4,-20) (10,-9) (11,-11) (12,-9) (13,-6) 
(999,-335) (996,-328) (993,-321) (980,-308) (200,66) (105,39) (1,0) (0,-4) (101,36) (15,4) (2,-10) (102,36) (103,35) (104,35) 
(999,-335) (996,-328) (993,-321) (980,-308) (200,66) (105,39) (1,0) (0,-4) (101,36) (15,4) (2,-10) (102,36) (103,35) (104,35) 
(999,-335) (996,-328) (993,-321) (980,-308) (200,66) (105,39) (1,0) (0,-4) (197,65) (196,63) (195,55) (182,49) (106,28) (107,30) (108,17) (109,9) (110,1) (111,8) (112,7) (113,2) (114,-4) (115,-2) (116,-9) (117,-9) (118,-9) (119,-6) (120,4) (121,6) (122,18) (123,28) (124,35) (125,33) (126,28) (127,17) (128,19) (129,16) (130,21) (131,25) (132,30) (133,29) (134,36) (135,37) (136,32) (137,32) (138,32) (139,27) (140,30) (141,26) (142,26) (143,26) (144,18) (145,23) (146,13) (147,20) (148,16) (149,13) (150,11) (151,13) (152,13) (153,13) (154,13) (155,3) (156,2) (157,4) (158,19) (159,19) (160,13) (161,11) (162,12) (163,14) (164,19) (165,17) (166,12) (167,12) (168,14) (169,17) (170,21) (171,22) (172,16) (173,20) (174,25) (175,23) (176,27) (177,24) (178,31) (179,38) (180,37) (181,48) 
(999,-335) (996,-328) (993,-321) (980,-308) (200,66) (105,39) (1,0) (0,-4) (197,65) (196,63) (195,55) (182,49) (183,41) (184,36) (185,40) (186,32) (187,29) (188,24) (189,34) (190,36) (191,39) (192,37) (193,38) (194,47) 
(999,-335) (996,-328) (993,-321) (980,-308) (200,66) (105,39) (1,0) (0,-4) (958,-300) (956,-302) (942,-295) (929,-289) (928,-289) (211,47) (201,51) 
(999,-335) (996,-328) (993,-321) (980,-308) (200,66) (105,39) (1,0) (0,-4) (958,-300) (956,-302) (942,-295) (929,-289) (928,-289) (211,47) (201,51) (202,47) (203,46) (204,42) (205,42) (206,36) (207,36) (208,46) (209,47) (210,45) 
(999,-335) (996,-328) (993,-321) (980,-308) (200,66) (105,39) (1,0) (0,-4) (958,-300) (956,-302) (942,-295) (929,-289) (928,-289) (211,47) (201,51) (212,39) (213,40) (214,40) (215,37) (216,27) (217,37) (218,33) (219,31) (220,23) (221,21) (222,17) (223,15) (224,1) (225,2) (226,1) (227,3) (228,-2) (229,-5) (230,-6) (231,-1) (232,-2) (233,-2) (234,-11) (235,-3) (236,-2) (237,0) (238,-8) (239,-2) (240,-5) (241,2) (242,3) (243,-2) (244,-7) (245,-4) (246,-5) (247,1) (248,2) (249,4) (250,0) (251,-11) (252,-13) (253,-11) (254,-10) (255,-13) (256,-12) (257,-9) (258,-13) (259,-11) (260,-18) (261,-24) (262,-22) (263,-23) (264,-19) (265,-17) (266,-23) (267,-21) (268,-15) (269,-14) (270,-15) (271,-8) (272,-6) (273,-2) (274,-4) (275,-10) (276,-10) (277,-16) (278,-19) (279,-18) (280,-15) (281,-13) (282,-12) (283,-7) (284,-10) (285,-9) (286,1) (287,4) (288,9) (289,-2) (290,-6) (291,-10) (292,-7) (293,-13) (294,-15) (295,-17) (296,-15) (297,-15) (298,-5) (299,-3) (300,0) (301,4) (302,4) (303,3) (304,-1) (305,-10) (306,-13) (307,-15) (308,-22) (309,-19) (310,-16) (311,-22) (312,-26) (313,-21) (314,-28) (315,-33) (316,-35) (317,-37) (318,-38) (319,-29) (320,-30) (321,-39) (322,-41) (323,-40) (324,-44) (325,-42) (326,-40) (327,-31) (328,-44) (329,-45) (330,-41) (331,-50) (332,-56) (333,-64) (334,-61) (335,-63) (336,-67) (337,-62) (338,-56) (339,-60) (340,-57) (341,-58) (342,-57) (343,-53) (344,-54) (345,-60) (346,-55) (347,-56) (348,-58) (349,-51) (350,-54) (351,-54) (352,-50) (353,-54) (354,-56) (355,-62) (356,-59) (357,-55) (358,-56) (359,-63) (360,-72) (361,-76) (362,-76) (363,-76) (364,-77) (365,-76) (366,-72) (367,-72) (368,-70) (369,-74) (370,-78) (371,-82) (372,-79) (373,-84) (374,-83) (375,-85) (376,-84) (377,-85) (378,-93) (379,-97) (380,-96) (381,-86) (382,-79) (383,-81) (384,-84) (385,-87) (386,-85) (387,-92) (388,-90) (389,-100) (390,-110) (391,-108) (392,-112) (393,-119) (394,-120) (395,-114) (396,-116) (397,-118) (398,-123) (399,-132) (400,-131) (401,-127) (402,-119) (403,-108) (404,-114) (405,-117) (406,-113) (407,-116) (408,-116) (409,-124) (410,-120) (411,-119) (412,-121) (413,-114) (414,-117) (415,-112) (416,-118) (417,-126) (418,-124) (419,-120) (420,-118) (421,-118) (422,-114) (423,-118) (424,-125) (425,-124) (426,-122) (427,-118) (428,-122) (429,-127) (430,-131) (431,-132) (432,-134) (433,-135) (434,-141) (435,-140) (436,-140) (437,-138) (438,-142) (439,-141) (440,-148) (441,-155) (442,-151) (443,-151) (444,-148) (445,-149) (446,-151) (447,-143) (448,-144) (449,-141) (450,-142) (451,-144) (452,-140) (453,-140) (454,-130) (455,-135) (456,-128) (457,-128) (458,-129) (459,-127) (460,-127) (461,-130) (462,-133) (463,-141) (464,-139) (465,-144) (466,-143) (467,-141) (468,-140) (469,-144) (470,-160) (471,-155) (472,-151) (473,-143) (474,-140) (475,-143) (476,-143) (477,-135) (478,-141) (479,-145) (480,-147) (481,-156) (482,-159) (483,-163) (484,-155) (485,-152) (486,-153) (487,-163) (488,-163) (489,-163) (490,-162) (491,-163) (492,-165) (493,-164) (494,-177) (495,-177) (496,-179) (497,-177) (498,-177) (499,-181) (500,-179) (501,-178) (502,-169) (503,-170) (504,-163) (505,-163) (506,-163) (507,-162) (508,-167) (509,-171) (510,-168) (511,-172) (512,-180) (513,-186) (514,-190) (515,-195) (516,-193) (517,-195) (518,-191) (519,-200) (520,-205) (521,-204) (522,-215) (523,-216) (524,-219) (525,-210) (526,-213) (527,-216) (528,-218) (529,-214) (530,-219) (531,-220) (532,-211) (533,-211) (534,-212) (535,-218) (536,-220) (537,-221) (538,-225) (539,-231) (540,-225) (541,-230) (542,-223) (543,-234) (544,-226) (545,-221) (546,-227) (547,-223) (548,-229) (549,-225) (550,-232) (551,-236) (552,-233) (553,-234) (554,-241) (555,-243) (556,-249) (557,-247) (558,-253) (559,-251) (560,-258) (561,-262) (562,-270) (563,-282) (564,-286) (565,-285) (566,-288) (567,-296) (568,-301) (569,-295) (570,-300) (571,-301) (572,-296) (573,-302) (574,-308) (575,-314) (576,-310) (577,-311) (578,-310) (579,-305) (580,-300) (581,-293) (582,-300) (583,-301) (584,-303) (585,-303) (586,-305) (587,-307) (588,-301) (589,-303) (590,-302) (591,-301) (592,-298) (593,-302) (594,-291) (595,-287) (596,-287) (597,-292) (598,-295) (599,-290) (600,-292) (601,-286) (602,-285) (603,-277) (604,-279) (605,-276) (606,-276) (607,-270) (608,-275) (609,-283) (610,-279) (611,-274) (612,-279) (613,-280) (614,-273) (615,-263) (616,-264) (617,-263) (618,-259) (619,-261) (620,-250) (621,-244) (622,-242) (623,-254) (624,-253) (625,-248) (626,-248) (627,-252) (628,-254) (629,-260) (630,-268) (631,-283) (632,-270) (633,-274) (634,-277) (635,-285) (636,-279) (637,-275) (638,-278) (639,-283) (640,-290) (641,-287) (642,-281) (643,-280) (644,-282) (645,-278) (646,-280) (647,-293) (648,-298) (649,-306) (650,-299) (651,-304) (652,-304) (653,-302) (654,-305) (655,-306) (656,-314) (657,-327) (658,-321) (659,-318) (660,-315) (661,-323) (662,-322) (663,-324) (664,-320) (665,-322) (666,-327) (667,-327) (668,-330) (669,-320) (670,-320) (671,-322) (672,-329) (673,-336) (674,-336) (675,-346) (676,-353) (677,-364) (678,-355) (679,-354) (680,-350) (681,-359) (682,-358) (683,-348) (684,-345) (685,-347) (686,-349) (687,-344) (688,-349) (689,-346) (690,-340) (691,-332) (692,-335) (693,-344) (694,-341) (695,-340) (696,-336) (697,-338) (698,-332) (699,-342) (700,-345) (701,-349) (702,-348) (703,-359) (704,-355) (705,-352) (706,-352) (707,-351) (708,-345) (709,-348) (710,-347) (711,-352) (712,-349) (713,-345) (714,-331) (715,-335) (716,-331) (717,-336) (718,-335) (719,-330) (720,-334) (721,-338) (722,-341) (723,-342) (724,-346) (725,-350) (726,-351) (727,-351) (728,-350) (729,-348) (730,-342) (731,-337) (732,-345) (733,-346) (734,-354) (735,-354) (736,-358) (737,-360) (738,-358) (739,-347) (740,-341) (741,-346) (742,-344) (743,-342) (744,-348) (745,-352) (746,-360) (747,-364) (748,-367) (749,-360) (750,-349) (751,-351) (752,-348) (753,-358) (754,-353) (755,-351) (756,-349) (757,-352) (758,-347) (759,-345) (760,-349) (761,-345) (762,-335) (763,-340) (764,-333) (765,-331) (766,-336) (767,-335) (768,-331) (769,-334) (770,-327) (771,-319) (772,-319) (773,-320) (774,-320) (775,-328) (776,-338) (777,-342) (778,-347) (779,-349) (780,-336) (781,-341) (782,-347) (783,-352) (784,-355) (785,-356) (786,-349) (787,-346) (788,-341) (789,-337) (790,-326) (791,-322) (792,-327) (793,-327) (794,-333) (795,-323) (796,-322) (797,-325) (798,-330) (799,-331) (800,-335) (801,-333) (802,-334) (803,-331) (804,-333) (805,-341) (806,-350) (807,-346) (808,-339) (809,-344) (810,-347) (811,-349) (812,-353) (813,-347) (814,-346) (815,-350) (816,-348) (817,-349) (818,-340) (819,-344) (820,-340) (821,-329) (822,-335) (823,-331) (824,-326) (825,-325) (826,-329) (827,-339) (828,-345) (829,-342) (830,-344) (831,-343) (832,-345) (833,-341) (834,-339) (835,-337) (836,-336) (837,-329) (838,-336) (839,-339) (840,-336) (841,-327) (842,-333) (843,-329) (844,-327) (845,-330) (846,-336) (847,-335) (848,-335) (849,-328) (850,-329) (851,-326) (852,-321) (853,-324) (854,-320) (855,-317) (856,-314) (857,-308) (858,-311) (859,-307) (860,-304) (861,-307) (862,-311) (863,-308) (864,-316) (865,-313) (866,-314) (867,-317) (868,-313) (869,-302) (870,-298) (871,-289) (872,-292) (873,-294) (874,-296) (875,-299) (876,-308) (877,-313) (878,-297) (879,-301) (880,-296) (881,-293) (882,-297) (883,-306) (884,-305) (885,-299) (886,-301) (887,-306) (888,-303) (889,-301) (890,-308) (891,-309) (892,-303) (893,-304) (894,-307) (895,-309) (896,-305) (897,-303) (898,-301) (899,-310) (900,-310) (901,-308) (902,-313) (903,-312) (904,-314) (905,-313) (906,-317) (907,-319) (908,-323) (909,-318) (910,-318) (911,-312) (912,-311) (913,-316) (914,-318) (915,-317) (916,-314) (917,-308) (918,-301) (919,-293) (920,-289) (921,-291) (922,-297) (923,-301) (924,-300) (925,-304) (926,-298) (927,-295) 
(999,-335) (996,-328) (993,-321) (980,-308) (200,66) (105,39) (1,0) (0,-4) (958,-300) (956,-302) (942,-295) (929,-289) (928,-289) (211,47) (201,51) 
(999,-335) (996,-328) (993,-321) (980,-308) (200,66) (105,39) (1,0) (0,-4) (988,-321) (983,-317) (991,-326) (990,-326) (989,-326) 
TD 6 :
(999,-335) (996,-328) (993,-321) (980,-308) (200,66) (105,39) (1,0) (0,-4) (101,36) (15,4) (2,-10) (14,2) (3,-17) (6,-14) (4,-20) (10,-9) (8,-14) (7,-18) 
(999,-335) (996,-328) (993,-321) (980,-308) (200,66) (105,39) (1,0) (0,-4) (101,36) (15,4) (2,-10) (14,2) (3,-17) (6,-14) (4,-20) (10,-9) (8,-14) (7,-18) (9,-16) 
(999,-335) (996,-328) (993,-321) (980,-308) (200,66) (105,39) (1,0) (0,-4) (101,36) (15,4) (2,-10) (14,2) (3,-17) (6,-14) (4,-20) (10,-9) (13,-6) (11,-11) (12,-9) 
(999,-335) (996,-328) (993,-321) (980,-308) (200,66) (105,39) (1,0) (0,-4) (101,36) (15,4) (2,-10) (14,2) (3,-17) (6,-14) (4,-20) (10,-9) (13,-6) 
(999,-335) (996,-328) (993,-321) (980,-308) (200,66) (105,39) (1,0) (0,-4) (197,65) (196,63) (195,55) (182,49) (181,48) (106,28) (107,30) (108,17) (109,9) (110,1) (111,8) (112,7) (113,2) (114,-4) (115,-2) (116,-9) (117,-9) (118,-9) (119,-6) (120,4) (121,6) (122,18) (123,28) (124,35) (125,33) (126,28) (127,17) (128,19) (129,16) (130,21) (131,25) (132,30) (133,29) (134,36) (135,37) (136,32) (137,32) (138,32) (139,27) (140,30) (141,26) (142,26) (143,26) (144,18) (145,23) (146,13) (147,20) (148,16) (149,13) (150,11) (151,13) (152,13) (153,13) (154,13) (155,3) (156,2) (157,4) (158,19) (159,19) (160,13) (161,11) (162,12) (163,14) (164,19) (165,17) (166,12) (167,12) (168,14) (169,17) (170,21) (171,22) (172,16) (173,20) (174,25) (175,23) (176,27) (177,24) (178,31) (179,38) (180,37) 
(999,-335) (996,-328) (993,-321) (980,-308) (200,66) (105,39) (1,0) (0,-4) (197,65) (196,63) (195,55) (182,49) (181,48) 
(999,-335) (996,-328) (993,-321) (980,-308) (200,66) (105,39) (1,0) (0,-4) (958,-300) (956,-302) (942,-295) (929,-289) (928,-289) (211,47) (201,51) (209,47) (202,47) (203,46) (204,42) (205,42) (206,36) (207,36) (208,46) 
(999,-335) (996,-328) (993,-321) (980,-308) (200,66) (105,39) (1,0) (0,-4) (958,-300) (956,-302) (942,-295) (929,-289) (928,-289) (211,47) (201,51) (209,47) (210,45) 
(999,-335) (996,-328) (993,-321) (980,-308) (200,66) (105,39) (1,0) (0,-4) (958,-300) (956,-302) (942,-295) (929,-289) (928,-289) (211,47) (201,51) (302,4) (212,39) (213,40) (214,40) (215,37) (216,27) (217,37) (218,33) (219,31) (220,23) (221,21) (222,17) (223,15) (224,1) (225,2) (226,1) (227,3) (228,-2) (229,-5) (230,-6) (231,-1) (232,-2) (233,-2) (234,-11) (235,-3) (236,-2) (237,0) (238,-8) (239,-2) (240,-5) (241,2) (242,3) (243,-2) (244,-7) (245,-4) (246,-5) (247,1) (248,2) (249,4) (250,0) (251,-11) (252,-13) (253,-11) (254,-10) (255,-13) (256,-12) (257,-9) (258,-13) (259,-11) (260,-18) (261,-24) (262,-22) (263,-23) (264,-19) (265,-17) (266,-23) (267,-21) (268,-15) (269,-14) (270,-15) (271,-8) (272,-6) (273,-2) (274,-4) (275,-10) (276,-10) (277,-16) (278,-19) (279,-18) (280,-15) (281,-13) (282,-12) (283,-7) (284,-10) (285,-9) (286,1) (287,4) (288,9) (289,-2) (290,-6) (291,-10) (292,-7) (293,-13) (294,-15) (295,-17) (296,-15) (297,-15) (298,-5) (299,-3) (300,0) (301,4) 
(999,-335) (996,-328) (993,-321) (980,-308) (200,66) (105,39) (1,0) (0,-4) (958,-300) (956,-302) (942,-295) (929,-289) (928,-289) (211,47) (201,51) (302,4) (303,3) (304,-1) (305,-10) (306,-13) (307,-15) (308,-22) (309,-19) (310,-16) (311,-22) (312,-26) (313,-21) (314,-28) (315,-33) (316,-35) (317,-37) (318,-38) (319,-29) (320,-30) (321,-39) (322,-41) (323,-40) (324,-44) (325,-42) (326,-40) (327,-31) (328,-44) (329,-45) (330,-41) (331,-50) (332,-56) (333,-64) (334,-61) (335,-63) (336,-67) (337,-62) (338,-56) (339,-60) (340,-57) (341,-58) (342,-57) (343,-53) (344,-54) (345,-60) (346,-55) (347,-56) (348,-58) (349,-51) (350,-54) (351,-54) (352,-50) (353,-54) (354,-56) (355,-62) (356,-59) (357,-55) (358,-56) (359,-63) (360,-72) (361,-76) (362,-76) (363,-76) (364,-77) (365,-76) (366,-72) (367,-72) (368,-70) (369,-74) (370,-78) (371,-82) (372,-79) (373,-84) (374,-83) (375,-85) (376,-84) (377,-85) (378,-93) (379,-97) (380,-96) (381,-86) (382,-79) (383,-81) (384,-84) (385,-87) (386,-85) (387,-92) (388,-90) (389,-100) (390,-110) (391,-108) (392,-112) (393,-119) (394,-120) (395,-114) (396,-116) (397,-118) (398,-123) (399,-132) (400,-131) (401,-127) (402,-119) (403,-108) (404,-114) (405,-117) (406,-113) (407,-116) (408,-116) (409,-124) (410,-120) (411,-119) (412,-121) (413,-114) (414,-117) (415,-112) (416,-118) (417,-126) (418,-124) (419,-120) (420,-118) (421,-118) (422,-114) (423,-118) (424,-125) (425,-124) (426,-122) (427,-118) (428,-122) (429,-127) (430,-131) (431,-132) (432,-134) (433,-135) (434,-141) (435,-140) (436,-140) (437,-138) (438,-142) (439,-141) (440,-148) (441,-155) (442,-151) (443,-151) (444,-148) (445,-149) (446,-151) (447,-143) (448,-144) (449,-141) (450,-142) (451,-144) (452,-140) (453,-140) (454,-130) (455,-135) (456,-128) (457,-128) (458,-129) (459,-127) (460,-127) (461,-130) (462,-133) (463,-141) (464,-139) (465,-144) (466,-143) (467,-141) (468,-140) (469,-144) (470,-160) (471,-155) (472,-151) (473,-143) (474,-140) (475,-143) (476,-143) (477,-135) (478,-141) (479,-145) (480,-147) (481,-156) (482,-159) (483,-163) (484,-155) (485,-152) (486,-153) (487,-163) (488,-163) (489,-163) (490,-162) (491,-163) (492,-165) (493,-164) (494,-177) (495,-177) (496,-179) (497,-177) (498,-177) (499,-181) (500,-179) (501,-178) (502,-169) (503,-170) (504,-163) (505,-163) (506,-163) (507,-162) (508,-167) (509,-171) (510,-168) (511,-172) (512,-180) (513,-186) (514,-190) (515,-195) (516,-193) (517,-195) (518,-191) (519,-200) (520,-205) (521,-204) (522,-215) (523,-216) (524,-219) (525,-210) (526,-213) (527,-216) (528,-218) (529,-214) (530,-219) (531,-220) (532,-211) (533,-211) (534,-212) (535,-218) (536,-220) (537,-221) (538,-225) (539,-231) (540,-225) (541,-230) (542,-223) (543,-234) (544,-226) (545,-221) (546,-227) (547,-223) (548,-229) (549,-225) (550,-232) (551,-236) (552,-233) (553,-234) (554,-241) (555,-243) (556,-249) (557,-247) (558,-253) (559,-251) (560,-258) (561,-262) (562,-270) (563,-282) (564,-286) (565,-285) (566,-288) (567,-296) (568,-301) (569,-295) (570,-300) (571,-301) (572,-296) (573,-302) (574,-308) (575,-314) (576,-310) (577,-311) (578,-310) (579,-305) (580,-300) (581,-293) (582,-300) (583,-301) (584,-303) (585,-303) (586,-305) (587,-307) (588,-301) (589,-303) (590,-302) (591,-301) (592,-298) (593,-302) (594,-291) (595,-287) (596,-287) (597,-292) (598,-295) (599,-290) (600,-292) (601,-286) (602,-285) (603,-277) (604,-279) (605,-276) (606,-276) (607,-270) (608,-275) (609,-283) (610,-279) (611,-274) (612,-279) (613,-280) (614,-273) (615,-263) (616,-264) (617,-263) (618,-259) (619,-261) (620,-250) (621,-244) (622,-242) (623,-254) (624,-253) (625,-248) (626,-248) (627,-252) (628,-254) (629,-260) (630,-268) (631,-283) (632,-270) (633,-274) (634,-277) (635,-285) (636,-279) (637,-275) (638,-278) (639,-283) (640,-290) (641,-287) (642,-281) (643,-280) (644,-282) (645,-278) (646,-280) (647,-293) (648,-298) (649,-306) (650,-299) (651,-304) (652,-304) (653,-302) (654,-305) (655,-306) (656,-314) (657,-327) (658,-321) (659,-318) (660,-315) (661,-323) (662,-322) (663,-324) (664,-320) (665,-322) (666,-327) (667,-327) (668,-330) (669,-320) (670,-320) (671,-322) (672,-329) (673,-336) (674,-336) (675,-346) (676,-353) (677,-364) (678,-355) (679,-354) (680,-350) (681,-359) (682,-358) (683,-348) (684,-345) (685,-347) (686,-349) (687,-344) (688,-349) (689,-346) (690,-340) (691,-332) (692,-335) (693,-344) (694,-341) (695,-340) (696,-336) (697,-338) (698,-332) (699,-342) (700,-345) (701,-349) (702,-348) (703,-359) (704,-355) (705,-352) (706,-352) (707,-351) (708,-345) (709,-348) (710,-347) (711,-352) (712,-349) (713,-345) (714,-331) (715,-335) (716,-331) (717,-336) (718,-335) (719,-330) (720,-334) (721,-338) (722,-341) (723,-342) (724,-346) (725,-350) (726,-351) (727,-351) (728,-350) (729,-348) (730,-342) (731,-337) (732,-345) (733,-346) (734,-354) (735,-354) (736,-358) (737,-360) (738,-358) (739,-347) (740,-341) (741,-346) (742,-344) (743,-342) (744,-348) (745,-352) (746,-360) (747,-364) (748,-367) (749,-360) (750,-349) (751,-351) (752,-348) (753,-358) (754,-353) (755,-351) (756,-349) (757,-352) (758,-347) (759,-345) (760,-349) (761,-345) (762,-335) (763,-340) (764,-333) (765,-331) (766,-336) (767,-335) (768,-331) (769,-334) (770,-327) (771,-319) (772,-319) (773,-320) (774,-320) (775,-328) (776,-338) (777,-342) (778,-347) (779,-349) (780,-336) (781,-341) (782,-347) (783,-352) (784,-355) (785,-356) (786,-349) (787,-346) (788,-341) (789,-337) (790,-326) (791,-322) (792,-327) (793,-327) (794,-333) (795,-323) (796,-322) (797,-325) (798,-330) (799,-331) (800,-335) (801,-333) (802,-334) (803,-331) (804,-333) (805,-341) (806,-350) (807,-346) (808,-339) (809,-344) (810,-347) (811,-349) (812,-353) (813,-347) (814,-346) (815,-350) (816,-348) (817,-349) (818,-340) (819,-344) (820,-340) (821,-329) (822,-335) (823,-331) (824,-326) (825,-325) (826,-329) (827,-339) (828,-345) (829,-342) (830,-344) (831,-343) (832,-345) (833,-341) (834,-339) (835,-337) (836,-336) (837,-329) (838,-336) (839,-339) (840,-336) (841,-327) (842,-333) (843,-329) (844,-327) (845,-330) (846,-336) (847,-335) (848,-335) (849,-328) (850,-329) (851,-326) (852,-321) (853,-324) (854,-320) (855,-317) (856,-314) (857,-308) (858,-311) (859,-307) (860,-304) (861,-307) (862,-311) (863,-308) (864,-316) (865,-313) (866,-314) (867,-317) (868,-313) (869,-302) (870,-298) (871,-289) (872,-292) (873,-294) (874,-296) (875,-299) (876,-308) (877,-313) (878,-297) (879,-301) (880,-296) (881,-293) (882,-297) (883,-306) (884,-305) (885,-299) (886,-301) (887,-306) (888,-303) (889,-301) (890,-308) (891,-309) (892,-303) (893,-304) (894,-307) (895,-309) (896,-305) (897,-303) (898,-301) (899,-310) (900,-310) (901,-308) (902,-313) (903,-312) (904,-314) (905,-313) (906,-317) (907,-319) (908,-323) (909,-318) (910,-318) (911,-312) (912,-311) (913,-316) (914,-318) (915,-317) (916,-314) (917,-308) (918,-301) (919,-293) (920,-289) (921,-291) (922,-297) (923,-301) (924,-300) (925,-304) (926,-298) (927,-295) 
TD 7 :
(999,-335) (996,-328) (993,-321) (980,-308) (200,66) (105,39) (1,0) (0,-4) (101,36) (15,4) (2,-10) (14,2) (3,-17) (6,-14) (4,-20) (10,-9) (8,-14) (7,-18) (9,-16) 
(999,-335) (996,-328) (993,-321) (980,-308) (200,66) (105,39) (1,0) (0,-4) (101,36) (15,4) (2,-10) (14,2) (3,-17) (6,-14) (4,-20) (10,-9) (13,-6) (12,-9) (11,-11) 
(999,-335) (996,-328) (993,-321) (980,-308) (200,66) (105,39) (1,0) (0,-4) (101,36) (15,4) (2,-10) (14,2) (3,-17) (6,-14) (4,-20) (10,-9) (13,-6) (12,-9) (11,-11) 
(999,-335) (996,-328) (993,-321) (980,-308) (200,66) (105,39) (1,0) (0,-4) (101,36) (15,4) (2,-10) (14,2) (3,-17) (6,-14) (4,-20) (10,-9) (13,-6) (12,-9) (11,-11) 
(999,-335) (996,-328) (993,-321) (980,-308) (200,66) (105,39) (1,0) (0,-4) (197,65) (196,63) (195,55) (182,49) (181,48) (135,37) (124,35) (106,28) (107,30) (108,17) (109,9) (110,1) (111,8) (112,7) (113,2) (114,-4) (115,-2) (116,-9) (117,-9) (118,-9) (119,-6) (120,4) (121,6) (122,18) (123,28) 
(999,-335) (996,-328) (993,-321) (980,-308) (200,66) (105,39) (1,0) (0,-4) (197,65) (196,63) (195,55) (182,49) (181,48) (135,37) (124,35) (125,33) (126,28) (127,17) (128,19) (129,16) (130,21) (131,25) (132,30) (133,29) (134,36) 
(999,-335) (996,-328) (993,-321) (980,-308) (200,66) (105,39) (1,0) (0,-4) (197,65) (196,63) (195,55) (182,49) (181,48) (135,37) (124,35) (136,32) (137,32) (138,32) (139,27) (140,30) (141,26) (142,26) (143,26) (144,18) (145,23) (146,13) (147,20) (148,16) (149,13) (150,11) (151,13) (152,13) (153,13) (154,13) (155,3) (156,2) (157,4) (158,19) (159,19) (160,13) (161,11) (162,12) (163,14) (164,19) (165,17) (166,12) (167,12) (168,14) (169,17) (170,21) (171,22) (172,16) (173,20) (174,25) (175,23) (176,27) (177,24) (178,31) (179,38) (180,37) 
(999,-335) (996,-328) (993,-321) (980,-308) (200,66) (105,39) (1,0) (0,-4) (958,-300) (956,-302) (942,-295) (929,-289) (928,-289) (211,47) (201,51) (209,47) (208,46) (202,47) 
(999,-335) (996,-328) (993,-321) (980,-308) (200,66) (105,39) (1,0) (0,-4) (958,-300) (956,-302) (942,-295) (929,-289) (928,-289) (211,47) (201,51) (209,47) (208,46) (202,47) (203,46) (204,42) (205,42) (206,36) (207,36) 
(999,-335) (996,-328) (993,-321) (980,-308) (200,66) (105,39) (1,0) (0,-4) (958,-300) (956,-302) (942,-295) (929,-289) (928,-289) (211,47) (201,51) (209,47) (208,46) (202,47) 
(999,-335) (996,-328) (993,-321) (980,-308) (200,66) (105,39) (1,0) (0,-4) (958,-300) (956,-302) (942,-295) (929,-289) (928,-289) (211,47) (201,51) (302,4) (301,4) (212,39) (213,40) (214,40) (215,37) (216,27) (217,37) (218,33) (219,31) (220,23) (221,21) (222,17) (223,15) (224,1) (225,2) (226,1) (227,3) (228,-2) (229,-5) (230,-6) (231,-1) (232,-2) (233,-2) (234,-11) (235,-3) (236,-2) (237,0) (238,-8) (239,-2) (240,-5) (241,2) (242,3) (243,-2) (244,-7) (245,-4) (246,-5) (247,1) (248,2) (249,4) (250,0) (251,-11) (252,-13) (253,-11) (254,-10) (255,-13) (256,-12) (257,-9) (258,-13) (259,-11) (260,-18) (261,-24) (262,-22) (263,-23) (264,-19) (265,-17) (266,-23) (267,-21) (268,-15) (269,-14) (270,-15) (271,-8) (272,-6) (273,-2) (274,-4) (275,-10) (276,-10) (277,-16) (278,-19) (279,-18) (280,-15) (281,-13) (282,-12) (283,-7) (284,-10) (285,-9) (286,1) (287,4) (288,9) (289,-2) (290,-6) (291,-10) (292,-7) (293,-13) (294,-15) (295,-17) (296,-15) (297,-15) (298,-5) (299,-3) (300,0) 
(999,-335) (996,-328) (993,-321) (980,-308) (200,66) (105,39) (1,0) (0,-4) (958,-300) (956,-302) (942,-295) (929,-289) (928,-289) (211,47) (201,51) (302,4) (301,4) 
TD 8 :
(999,-335) (996,-328) (993,-321) (980,-308) (200,66) (105,39) (1,0) (0,-4) (197,65) (196,63) (195,55) (182,49) (181,48) (135,37) (124,35) (107,30) (106,28) 
(999,-335) (996,-328) (993,-321) (980,-308) (200,66) (105,39) (1,0) (0,-4) (197,65) (196,63) (195,55) (182,49) (181,48) (135,37) (124,35) (107,30) (108,17) (109,9) (110,1) (111,8) (112,7) (113,2) (114,-4) (115,-2) (116,-9) (117,-9) (118,-9) (119,-6) (120,4) (121,6) (122,18) (123,28) 
(999,-335) (996,-328) (993,-321) (980,-308) (200,66) (105,39) (1,0) (0,-4) (197,65) (196,63) (195,55) (182,49) (181,48) (135,37) (124,35) (134,36) (125,33) (126,28) (127,17) (128,19) (129,16) (130,21) (131,25) (132,30) (133,29) 
(999,-335) (996,-328) (993,-321) (980,-308) (200,66) (105,39) (1,0) (0,-4) (197,65) (196,63) (195,55) (182,49) (181,48) (135,37) (124,35) (134,36) 
(999,-335) (996,-328) (993,-321) (980,-308) (200,66) (105,39) (1,0) (0,-4) (958,-300) (956,-302) (942,-295) (929,-289) (928,-289) (211,47) (201,51) (209,47) (208,46) (202,47) (203,46) 
(999,-335) (996,-328) (993,-321) (980,-308) (200,66) (105,39) (1,0) (0,-4) (958,-300) (956,-302) (942,-295) (929,-289) (928,-289) (211,47) (201,51) (209,47) (208,46) (202,47) (203,46) (204,42) (205,42) (206,36) (207,36) 
TD 9 :
(999,-335) (996,-328) (993,-321) (980,-308) (200,66) (105,39) (1,0) (0,-4) (197,65) (196,63) (195,55) (182,49) (181,48) (135,37) (124,35) (134,36) (125,33) 
(999,-335) (996,-328) (993,-321) (980,-308) (200,66) (105,39) (1,0) (0,-4) (197,65) (196,63) (195,55) (182,49) (181,48) (135,37) (124,35) (134,36) (125,33) (126,28) (127,17) (128,19) (129,16) (130,21) (131,25) (132,30) (133,29) 
(999,-335) (996,-328) (993,-321) (980,-308) (200,66) (105,39) (1,0) (0,-4) (958,-300) (956,-302) (942,-295) (929,-289) (928,-289) (211,47) (201,51) (209,47) (208,46) (202,47) (203,46) (205,42) (204,42) 
(999,-335) (996,-328) (993,-321) (980,-308) (200,66) (105,39) (1,0) (0,-4) (958,-300) (956,-302) (942,-295) (929,-289) (928,-289) (211,47) (201,51) (209,47) (208,46) (202,47) (203,46) (205,42) (204,42) 
(999,-335) (996,-328) (993,-321) (980,-308) (200,66) (105,39) (1,0) (0,-4) (958,-300) (956,-302) (942,-295) (929,-289) (928,-289) (211,47) (201,51) (209,47) (208,46) (202,47) (203,46) (205,42) (204,42) (206,36) (207,36) 
TD 10 :
TD 11 :
TD 12 :
TD 13 :
TD 14 :
TD 15 :
TD 16 :
TD 17 :
TD 18 :
TD 19 :
TD 20 :
TD 21 :
TD 22 :
TD 23 :
TD 24 :
TD 25 :
TD 26 :
TD 27 :
TD 28 :
TD 29 :
TD 30 :
TD 31 :
TD 32 :
TD 33 :
TD 34 :
TD 35 :
TD 36 :
TD 37 :
TD 38 :
TD 39 :
TD 40 :
TD 41 :
TD 42 :
TD 43 :
TD 44 :
TD 45 :
TD 46 :
TD 47 :
TD 48 :
TD 49 :
TD 50 :
TD 51 :
TD 52 :
TD 53 :
TD 54 :
TD 55 :
TD 56 :
TD 57 :
TD 58 :
TD 59 :
TD 60 :
TD 61 :
TD 62 :
TD 63 :
TD 64 :
TD 65 :
TD 66 :
TD 67 :
TD 68 :
TD 69 :
TD 70 :
TD 71 :
TD 72 :
TD 73 :
TD 74 :
TD 75 :
TD 76 :
TD 77 :
TD 78 :
TD 79 :
TD 80 :
TD 81 :
TD 82 :
TD 83 :
TD 84 :
TD 85 :
TD 86 :
TD 87 :
TD 88 :
TD 89 :
TD 90 :
TD 91 :
TD 92 :
TD 93 :
TD 94 :
TD 95 :
TD 96 :
TD 97 :
TD 98 :
TD 99 :
TD 100 :
TD 101 :
TD 102 :
TD 103 :
TD 104 :
TD 105 :
TD 106 :
TD 107 :
TD 108 :
TD 109 :
TD 110 :
TD 111 :
TD 112 :
TD 113 :
TD 114 :
TD 115 :
TD 116 :
TD 117 :
Pocket 0 :
()
Pocket 1 :
({  (0,-4) ,(1,0) } {  (0,-4) ,(1,0) } {  (0,-4) ,(1,0) } {  (0,-4) ,(1,0) } {  (0,-4) ,(1,0) } {  (0,-4) ,(1,0) } {  (0,-4) ,(1,0) } {  (0,-4) ,(1,0) } {  (0,-4) ,(1,0) } {  (0,-4) ,(1,0) } {  (0,-4) ,(1,0) } {  (0,-4) ,(1,0) } {  (0,-4) ,(1,0) } {  (0,-4) ,(1,0) } )
Pocket 2 :
({  (2,-10) ,(0,-4) } {  (16,1) ,(15,4) } {  (2,-10) ,(0,-4) } {  (16,1) ,(15,4) } {  (2,-10) ,(0,-4) } {  (16,1) ,(15,4) } {  (198,63) ,(197,65) } {  (198,63) ,(197,65) } {  (959,-308) ,(958,-300) } {  (959,-308) ,(958,-300) } {  (984,-319) ,(983,-317) } {  (984,-319) ,(983,-317) } {  (984,-319) ,(983,-317) } {  (999,-335) ,(995,-328) } {  (999,-335) ,(995,-328) } {  (999,-335) ,(998,-335) } )
Pocket 3 :
({  (3,-17) ,(2,-10) } {  (999,-335) ,(14,2) } {  (3,-17) ,(2,-10) } {  (999,-335) ,(14,2) } {  (103,35) ,(102,36) } {  (103,35) ,(102,36) } {  (999,-335) ,(196,63) } {  (999,-335) ,(196,63) } {  (199,63) ,(198,63) } {  (199,63) ,(198,63) } {  (199,63) ,(198,63) } {  (943,-297) ,(942,-295) } {  (943,-297) ,(942,-295) } {  (943,-297) ,(942,-295) } {  (982,-319) ,(981,-316) } {  (982,-319) ,(981,-316) } {  (986,-320) ,(985,-319) } {  (986,-320) ,(985,-319) } {  (986,-320) ,(985,-319) } {  (992,-329) ,(991,-326) } {  (992,-329) ,(991,-326) } {  (999,-335) ,(997,-334) } )
Pocket 4 :
({  (4,-20) ,(3,-17) } {  (7,-18) ,(6,-14) } {  (4,-20) ,(3,-17) } {  (7,-18) ,(6,-14) } {  (104,35) ,(103,35) } {  (104,35) ,(103,35) } {  (999,-335) ,(195,55) } {  (999,-335) ,(195,55) } {  (930,-293) ,(929,-289) } {  (930,-293) ,(929,-289) } {  (999,-335) ,(984,-319) } {  (999,-335) ,(984,-319) } {  (999,-335) ,(990,-326) } {  (999,-335) ,(990,-326) } {  (999,-335) ,(992,-329) } {  (999,-335) ,(992,-329) } )
Pocket 5 :
({  (5,-19) ,(4,-20) } {  (11,-11) ,(10,-9) } {  (11,-11) ,(10,-9) } {  (999,-335) ,(104,35) } {  (999,-335) ,(104,35) } {  (183,41) ,(182,49) } {  (183,41) ,(182,49) } {  (202,47) ,(201,51) } {  (202,47) ,(201,51) } {  (202,47) ,(201,51) } {  (202,47) ,(201,51) } {  (999,-335) ,(989,-326) } )
Pocket 6 :
({  (7,-18) ,(10,-9) } {  (9,-16) ,(8,-14) } {  (7,-18) ,(10,-9) } {  (9,-16) ,(8,-14) } {  (999,-335) ,(13,-6) } {  (999,-335) ,(13,-6) } {  (999,-335) ,(181,48) } {  (999,-335) ,(181,48) } {  (210,45) ,(209,47) } {  (210,45) ,(209,47) } {  (303,3) ,(302,4) } {  (303,3) ,(302,4) } )
Pocket 7 :
({  (9,-16) ,(7,-18) } {  (12,-9) ,(11,-11) } {  (12,-9) ,(11,-11) } {  (12,-9) ,(11,-11) } {  (125,33) ,(124,35) } {  (125,33) ,(124,35) } {  (125,33) ,(124,35) } {  (203,46) ,(202,47) } {  (203,46) ,(202,47) } {  (203,46) ,(202,47) } {  (999,-335) ,(301,4) } {  (999,-335) ,(301,4) } )
Pocket 8 :
({  (108,17) ,(107,30) } {  (108,17) ,(107,30) } {  (999,-335) ,(134,36) } {  (999,-335) ,(134,36) } {  (204,42) ,(203,46) } {  (204,42) ,(203,46) } )
Pocket 9 :
({  (126,28) ,(125,33) } {  (126,28) ,(125,33) } {  (205,42) ,(204,42) } {  (205,42) ,(204,42) } {  (205,42) ,(204,42) } )
Pocket 10 :
()
Pocket 11 :
()
Pocket 12 :
()
Pocket 13 :
()
Pocket 14 :
()
Pocket 15 :
()
Pocket 16 :
()
Pocket 17 :
()
Pocket 18 :
()
Pocket 19 :
()
Pocket 20 :
()
Pocket 21 :
()
Pocket 22 :
()
Pocket 23 :
()
Pocket 24 :
()
Pocket 25 :
()
Pocket 26 :
()
Pocket 27 :
()
Pocket 28 :
()
Pocket 29 :
()
Pocket 30 :
()
Pocket 31 :
()
Pocket 32 :
()
Pocket 33 :
()
Pocket 34 :
()
Pocket 35 :
()
Pocket 36 :
()
Pocket 37 :
()
Pocket 38 :
()
Pocket 39 :
()
Pocket 40 :
()
Pocket 41 :
()
Pocket 42 :
()
Pocket 43 :
()
Pocket 44 :
()
Pocket 45 :
()
Pocket 46 :
()
Pocket 47 :
()
Pocket 48 :
()
Pocket 49 :
()
Pocket 50 :
()
Pocket 51 :
()
Pocket 52 :
()
Pocket 53 :
()
Pocket 54 :
()
Pocket 55 :
()
Pocket 56 :
()
Pocket 57 :
()
Pocket 58 :
()
Pocket 59 :
()
Pocket 60 :
()
Pocket 61 :
()
Pocket 62 :
()
Pocket 63 :
()
Pocket 64 :
()
Pocket 65 :
()
Pocket 66 :
()
Pocket 67 :
()
Pocket 68 :
()
Pocket 69 :
()
Pocket 70 :
()
Pocket 71 :
()
Pocket 72 :
()
Pocket 73 :
()
Pocket 74 :
()
Pocket 75 :
()
Pocket 76 :
()
Pocket 77 :
()
Pocket 78 :
()
Pocket 79 :
()
Pocket 80 :
()
Pocket 81 :
()
Pocket 82 :
()
Pocket 83 :
()
Pocket 84 :
()
Pocket 85 :
()
Pocket 86 :
()
Pocket 87 :
()
Pocket 88 :
()
Pocket 89 :
()
Pocket 90 :
()
Pocket 91 :
()
Pocket 92 :
()
Pocket 93 :
()
Pocket 94 :
()
Pocket 95 :
()
Pocket 96 :
()
Pocket 97 :
()
Pocket 98 :
()
Pocket 99 :
()
Pocket 100 :
()
Pocket 101 :
()
Pocket 102 :
()
Pocket 103 :
()
Pocket 104 :
()
Pocket 105 :
()
Pocket 106 :
()
Pocket 107 :
()
Pocket 108 :
()
Pocket 109 :
()
Pocket 110 :
()
Pocket 111 :
()
Pocket 112 :
()
Pocket 113 :
()
Pocket 114 :
()
Pocket 115 :
()
Pocket 116 :
()
