3 layers in onion peeling: 
Layer 1
(9,-1) (4,2) (0,0) 
Layer 2
(8,-1) (5,1) (1,0) 
Layer 3
(7,-1) (6,0) (3,0) (2,0) 
---------------------------------------------------------------------------------------
TD 0 :
(9,-1) (8,-1) (7,-1) (6,0) (5,1) (4,2) (3,0) (2,0) (1,0) (0,0) 
TD 1 :
(9,-1) (4,2) (0,0) (1,0) (2,0) (3,0) 
(9,-1) (4,2) (0,0) (5,1) (6,0) (7,-1) (8,-1) 
TD 2 :
(9,-1) (4,2) (0,0) (1,0) (2,0) (3,0) 
(9,-1) (4,2) (0,0) (8,-1) (5,1) 
(9,-1) (4,2) (0,0) (8,-1) (5,1) (6,0) (7,-1) 
TD 3 :
(9,-1) (4,2) (0,0) (1,0) (3,0) (2,0) 
(9,-1) (4,2) (0,0) (1,0) (3,0) (2,0) 
(9,-1) (4,2) (0,0) (8,-1) (5,1) (7,-1) (6,0) 
(9,-1) (4,2) (0,0) (8,-1) (5,1) (7,-1) (6,0) 
Pocket 0 :
()
Pocket 1 :
({  (0,0) ,(1,0) } {  (3,0) ,(4,2) } {  (0,0) ,(1,0) } {  (3,0) ,(4,2) } )
Pocket 2 :
({  (1,0) ,(0,0) } {  (6,0) ,(5,1) } {  (6,0) ,(5,1) } )
