82 layers in onion peeling: 
Layer 1
(999,53) (998,59) (997,61) (963,80) (612,166) (215,145) (100,105) (0,6) 
Layer 2
(996,45) (995,53) (964,72) (762,126) (609,164) (608,164) (216,145) (101,101) (1,6) 
Layer 3
(994,47) (993,51) (990,56) (967,70) (763,124) (615,162) (611,163) (610,163) (220,141) (103,98) (3,7) (2,6) 
Layer 4
(992,49) (991,50) (968,66) (962,69) (761,124) (613,162) (221,139) (213,138) (109,98) (99,94) (4,-1) 
Layer 5
(989,49) (987,52) (965,66) (764,122) (614,160) (607,160) (222,139) (214,136) (102,94) (9,3) (5,-6) 
Layer 6
(988,47) (986,50) (985,51) (969,62) (961,67) (766,121) (616,156) (606,156) (219,136) (108,96) (8,-1) (7,-2) (6,-11) 
Layer 7
(984,43) (977,56) (966,63) (959,66) (767,119) (618,155) (217,135) (195,127) (106,93) (104,92) (10,-1) 
Layer 8
(983,43) (982,46) (978,53) (970,58) (957,66) (774,117) (620,154) (223,135) (116,95) (111,93) (98,86) (34,19) (18,2) (11,-14) 
Layer 9
(981,47) (973,56) (958,63) (765,117) (621,153) (218,132) (196,124) (107,90) (95,79) (19,2) (12,-13) 
Layer 10
(980,41) (979,47) (976,50) (960,60) (760,118) (617,151) (605,151) (224,131) (212,129) (110,91) (105,87) (28,11) (20,2) (13,-14) 
Layer 11
(975,50) (955,59) (775,112) (623,148) (602,150) (598,150) (211,127) (204,126) (113,92) (97,79) (35,17) (21,2) (15,-14) (14,-19) 
Layer 12
(974,50) (956,58) (759,115) (622,148) (603,148) (601,148) (207,126) (112,91) (96,77) (24,3) (17,-11) (16,-15) 
Layer 13
(972,46) (954,54) (773,110) (769,111) (619,147) (604,147) (200,123) (114,91) (94,73) (29,7) (22,-3) 
Layer 14
(971,45) (768,111) (624,142) (600,146) (201,123) (115,90) (93,70) (36,13) (31,8) (23,-6) 
Layer 15
(953,47) (932,56) (806,98) (776,108) (626,140) (597,143) (206,122) (199,121) (194,120) (117,86) (65,41) (30,6) (25,-4) 
Layer 16
(952,34) (950,39) (933,46) (799,100) (771,109) (629,139) (596,140) (202,121) (193,119) (118,82) (88,59) (75,48) (37,12) (27,-1) (26,-3) 
Layer 17
(951,31) (946,40) (805,97) (770,109) (625,139) (599,139) (208,121) (198,120) (190,117) (120,78) (91,59) (73,46) (32,4) 
Layer 18
(949,31) (948,36) (947,38) (800,98) (777,104) (628,138) (595,138) (203,119) (192,115) (119,77) (92,59) (80,50) (64,35) (33,4) 
Layer 19
(945,37) (936,41) (796,99) (778,103) (758,107) (627,131) (594,134) (225,120) (205,119) (121,78) (85,53) (76,45) (62,32) (58,28) (38,8) 
Layer 20
(944,35) (943,36) (931,43) (803,95) (785,100) (772,103) (592,133) (210,119) (191,112) (189,111) (146,88) (83,51) (74,43) (66,35) (63,32) (59,26) (44,3) (39,-5) 
Layer 21
(942,31) (937,38) (935,39) (809,92) (779,101) (630,125) (593,128) (569,128) (468,126) (209,118) (182,107) (147,88) (90,55) (81,49) (60,27) (40,-4) 
Layer 22
(941,27) (938,35) (934,38) (807,90) (801,92) (795,94) (786,97) (781,98) (631,120) (589,126) (570,127) (428,123) (226,114) (197,112) (181,106) (122,73) (89,53) (84,49) (72,39) (43,-3) (41,-8) 
Layer 23
(940,24) (939,29) (930,36) (808,89) (784,97) (590,125) (466,124) (228,114) (187,108) (180,105) (86,50) (79,44) (71,37) (61,23) (42,-6) 
Layer 24
(929,36) (927,37) (804,90) (783,97) (588,123) (572,124) (467,124) (427,122) (227,112) (188,108) (185,107) (145,84) (87,50) (78,43) (67,29) (45,-5) 
Layer 25
(928,36) (802,89) (797,91) (780,97) (591,122) (568,123) (465,121) (429,120) (186,107) (184,106) (82,46) (57,13) (52,5) (46,-9) 
Layer 26
(926,33) (798,90) (782,94) (571,122) (426,119) (229,108) (183,103) (130,74) (77,38) (70,30) (53,5) (51,2) (47,-9) 
Layer 27
(925,25) (924,27) (787,92) (632,113) (576,120) (575,120) (430,118) (179,100) (138,78) (123,69) (68,27) (55,5) (48,-7) 
Layer 28
(923,26) (788,91) (633,112) (578,119) (469,118) (230,101) (177,94) (148,82) (125,67) (69,26) (50,-4) (49,-7) 
Layer 29
(922,26) (825,72) (810,79) (789,87) (757,93) (577,118) (432,115) (231,99) (178,94) (149,81) (124,66) (56,5) (54,-2) 
Layer 30
(921,24) (794,85) (661,105) (587,113) (567,115) (474,115) (431,114) (175,92) (140,74) (127,67) (126,63) 
Layer 31
(920,15) (919,22) (918,25) (811,75) (790,84) (662,103) (574,113) (471,114) (425,111) (176,90) (141,74) (128,67) 
Layer 32
(917,21) (916,25) (824,68) (791,83) (663,102) (573,113) (566,113) (473,113) (472,113) (470,113) (464,113) (174,87) (154,79) (137,71) (129,66) 
Layer 33
(915,22) (909,27) (857,52) (812,71) (793,79) (756,86) (660,101) (583,111) (565,112) (546,112) (461,112) (236,91) (167,81) (150,77) (142,73) (132,67) (131,59) 
Layer 34
(914,15) (913,17) (908,23) (903,26) (884,36) (851,53) (813,70) (792,78) (582,111) (433,109) (232,90) (168,81) (136,69) (134,68) (133,63) 
Layer 35
(912,15) (911,18) (904,23) (883,35) (826,64) (814,69) (755,82) (584,110) (581,110) (580,110) (442,108) (259,91) (170,79) (151,74) (139,69) (135,67) 
Layer 36
(910,17) (907,20) (906,21) (901,24) (882,35) (855,49) (823,65) (815,68) (657,98) (579,109) (545,109) (462,108) (424,106) (240,88) (173,79) (152,74) (144,71) (143,68) 
Layer 37
(905,20) (897,25) (885,32) (856,48) (828,59) (820,62) (754,77) (659,97) (585,107) (463,108) (423,105) (233,87) (169,76) (155,73) (153,69) 
Layer 38
(902,20) (900,23) (853,49) (822,60) (716,84) (646,98) (564,105) (476,107) (475,107) (444,106) (235,87) (172,76) (156,72) 
Layer 39
(899,22) (896,24) (891,27) (879,34) (852,49) (838,54) (821,60) (753,75) (664,94) (645,98) (634,99) (586,103) (548,104) (460,106) (441,105) (250,88) (239,87) (166,74) (157,65) 
Layer 40
(898,22) (894,25) (880,33) (850,48) (829,57) (658,95) (644,97) (563,103) (544,104) (477,105) (453,105) (434,104) (234,86) (171,73) (160,67) (159,66) (158,65) 
Layer 41
(895,24) (877,34) (837,53) (827,57) (699,85) (643,97) (560,103) (547,103) (443,102) (238,86) (164,69) (162,67) (161,60) 
Layer 42
(893,17) (892,22) (890,26) (858,42) (854,44) (848,46) (845,47) (839,49) (816,56) (686,87) (656,94) (650,95) (562,102) (561,102) (549,102) (452,102) (436,101) (241,86) (237,85) (165,66) (163,65) 
Layer 43
(889,18) (888,26) (849,45) (818,55) (698,84) (651,94) (559,100) (478,101) (438,99) (244,85) (243,82) (242,77) 
Layer 44
(887,26) (881,29) (846,45) (700,83) (649,94) (550,99) (459,100) (251,85) (245,76) 
Layer 45
(886,26) (847,43) (842,45) (830,49) (819,52) (688,85) (665,90) (642,94) (543,98) (456,99) (257,84) (249,81) (247,76) (246,72) 
Layer 46
(878,26) (843,44) (687,85) (641,92) (530,98) (455,98) (435,97) (258,84) (252,82) (248,75) 
Layer 47
(876,26) (844,43) (709,79) (666,88) (647,91) (540,96) (454,97) (445,97) (440,97) (256,82) (255,81) (254,80) (253,76) 
Layer 48
(875,24) (870,29) (841,43) (817,50) (711,78) (652,90) (541,94) (457,96) (450,96) (260,82) 
Layer 49
(874,15) (873,19) (871,27) (859,34) (831,44) (701,80) (689,82) (640,90) (527,94) (439,95) (437,95) (261,81) 
Layer 50
(872,19) (869,27) (860,33) (836,42) (715,76) (697,80) (685,82) (635,90) (551,93) (458,94) (451,94) (447,94) (262,80) 
Layer 51
(868,22) (861,27) (840,36) (752,64) (714,76) (655,85) (648,86) (639,87) (558,92) (529,93) (528,93) (484,93) (446,93) (263,75) 
Layer 52
(867,20) (866,21) (865,22) (835,37) (717,75) (706,77) (668,83) (636,86) (535,91) (480,91) (479,91) (448,91) (422,89) (264,71) 
Layer 53
(864,18) (863,22) (832,35) (749,63) (712,75) (703,77) (667,83) (654,84) (542,90) (539,90) (510,90) (449,90) (265,67) 
Layer 54
(862,17) (833,34) (713,74) (677,81) (669,82) (552,89) (501,89) (481,89) (421,85) (266,67) 
Layer 55
(834,33) (707,75) (702,76) (690,78) (678,80) (671,81) (556,88) (531,88) (485,87) (419,82) (356,75) (267,62) 
Layer 56
(751,55) (750,59) (705,75) (670,81) (653,82) (554,87) (512,87) (509,87) (495,87) (420,81) (297,65) (268,58) 
Layer 57
(748,58) (747,59) (718,70) (710,73) (691,77) (675,79) (637,81) (538,86) (537,86) (536,86) (532,86) (526,86) (513,86) (496,86) (483,86) (355,71) (296,64) (269,57) 
Layer 58
(746,51) (727,66) (708,72) (693,75) (676,78) (557,84) (525,85) (511,85) (482,83) (300,63) (270,53) 
Layer 59
(745,46) (735,57) (726,66) (696,74) (672,78) (553,84) (534,84) (508,84) (497,84) (353,68) (295,60) (271,52) 
Layer 60
(744,47) (724,65) (704,70) (674,76) (533,83) (515,83) (500,83) (498,83) (369,69) (298,60) (293,59) (273,51) (272,49) 
Layer 61
(743,45) (742,47) (736,53) (725,64) (722,65) (692,72) (673,76) (555,81) (516,82) (499,82) (494,82) (371,68) (291,58) (274,50) 
Layer 62
(741,38) (740,47) (739,48) (723,64) (695,71) (638,77) (507,80) (502,80) (417,73) (373,68) (294,58) (275,50) 
Layer 63
(738,46) (719,64) (694,71) (684,72) (523,79) (418,73) (354,65) (299,56) (276,47) 
Layer 64
(737,44) (734,49) (721,60) (679,72) (517,78) (487,76) (372,67) (357,65) (301,55) (292,53) (278,46) (277,41) 
Layer 65
(733,49) (732,50) (730,52) (720,58) (683,69) (506,77) (503,77) (370,65) (311,55) (290,48) (282,45) (280,42) (279,39) 
Layer 66
(731,48) (729,52) (682,65) (524,76) (518,76) (514,76) (493,76) (365,63) (352,61) (283,44) (281,43) 
Layer 67
(728,50) (681,63) (519,72) (492,73) (486,73) (368,63) (312,50) (304,48) (288,44) (284,38) 
Layer 68
(680,57) (522,71) (504,72) (491,72) (490,72) (488,72) (416,67) (367,62) (351,59) (310,49) (303,47) (289,41) (287,38) (286,36) (285,32) 
Layer 69
(521,68) (520,71) (505,71) (489,70) (415,65) (366,60) (302,46) 
Layer 70
(414,61) (374,59) (364,58) (309,45) (306,42) (305,39) 
Layer 71
(413,56) (388,59) (380,58) (359,55) (313,41) (308,38) (307,36) 
Layer 72
(412,49) (403,54) (387,58) (376,57) (360,54) (314,40) 
Layer 73
(411,45) (407,49) (401,52) (391,55) (383,57) (358,53) (350,50) (316,28) (315,25) 
Layer 74
(410,39) (405,49) (404,50) (390,53) (385,54) (379,55) (318,28) (317,22) 
Layer 75
(409,36) (406,45) (384,53) (377,53) (375,53) (325,29) (324,28) (319,23) 
Layer 76
(408,38) (402,46) (386,51) (381,51) (363,47) (349,39) (323,22) (321,19) (320,16) 
Layer 77
(400,39) (392,47) (389,49) (378,49) (361,44) (322,19) 
Layer 78
(399,29) (393,42) (382,48) (362,40) (348,34) (340,30) (327,19) (326,16) 
Layer 79
(398,27) (397,30) (396,31) (341,29) (338,27) (337,26) (328,14) 
Layer 80
(395,27) (394,28) (339,24) (334,21) (329,10) 
Layer 81
(347,23) (336,22) (335,21) (333,14) (330,0) 
Layer 82
(346,17) (345,21) (344,20) (342,18) (331,1) 
---------------------------------------------------------------------------------------
TD 0 :
(999,53) (998,59) (997,61) (996,45) (995,53) (994,47) (993,51) (992,49) (991,50) (990,56) (989,49) (988,47) (987,52) (986,50) (985,51) (984,43) (983,43) (982,46) (981,47) (980,41) (979,47) (978,53) (977,56) (976,50) (975,50) (974,50) (973,56) (972,46) (971,45) (970,58) (969,62) (968,66) (967,70) (966,63) (965,66) (964,72) (963,80) (962,69) (961,67) (960,60) (959,66) (958,63) (957,66) (956,58) (955,59) (954,54) (953,47) (952,34) (951,31) (950,39) (949,31) (948,36) (947,38) (946,40) (945,37) (944,35) (943,36) (942,31) (941,27) (940,24) (939,29) (938,35) (937,38) (936,41) (935,39) (934,38) (933,46) (932,56) (931,43) (930,36) (929,36) (928,36) (927,37) (926,33) (925,25) (924,27) (923,26) (922,26) (921,24) (920,15) (919,22) (918,25) (917,21) (916,25) (915,22) (914,15) (913,17) (912,15) (911,18) (910,17) (909,27) (908,23) (907,20) (906,21) (905,20) (904,23) (903,26) (902,20) (901,24) (900,23) (899,22) (898,22) (897,25) (896,24) (895,24) (894,25) (893,17) (892,22) (891,27) (890,26) (889,18) (888,26) (887,26) (886,26) (885,32) (884,36) (883,35) (882,35) (881,29) (880,33) (879,34) (878,26) (877,34) (876,26) (875,24) (874,15) (873,19) (872,19) (871,27) (870,29) (869,27) (868,22) (867,20) (866,21) (865,22) (864,18) (863,22) (862,17) (861,27) (860,33) (859,34) (858,42) (857,52) (856,48) (855,49) (854,44) (853,49) (852,49) (851,53) (850,48) (849,45) (848,46) (847,43) (846,45) (845,47) (844,43) (843,44) (842,45) (841,43) (840,36) (839,49) (838,54) (837,53) (836,42) (835,37) (834,33) (833,34) (832,35) (831,44) (830,49) (829,57) (828,59) (827,57) (826,64) (825,72) (824,68) (823,65) (822,60) (821,60) (820,62) (819,52) (818,55) (817,50) (816,56) (815,68) (814,69) (813,70) (812,71) (811,75) (810,79) (809,92) (808,89) (807,90) (806,98) (805,97) (804,90) (803,95) (802,89) (801,92) (800,98) (799,100) (798,90) (797,91) (796,99) (795,94) (794,85) (793,79) (792,78) (791,83) (790,84) (789,87) (788,91) (787,92) (786,97) (785,100) (784,97) (783,97) (782,94) (781,98) (780,97) (779,101) (778,103) (777,104) (776,108) (775,112) (774,117) (773,110) (772,103) (771,109) (770,109) (769,111) (768,111) (767,119) (766,121) (765,117) (764,122) (763,124) (762,126) (761,124) (760,118) (759,115) (758,107) (757,93) (756,86) (755,82) (754,77) (753,75) (752,64) (751,55) (750,59) (749,63) (748,58) (747,59) (746,51) (745,46) (744,47) (743,45) (742,47) (741,38) (740,47) (739,48) (738,46) (737,44) (736,53) (735,57) (734,49) (733,49) (732,50) (731,48) (730,52) (729,52) (728,50) (727,66) (726,66) (725,64) (724,65) (723,64) (722,65) (721,60) (720,58) (719,64) (718,70) (717,75) (716,84) (715,76) (714,76) (713,74) (712,75) (711,78) (710,73) (709,79) (708,72) (707,75) (706,77) (705,75) (704,70) (703,77) (702,76) (701,80) (700,83) (699,85) (698,84) (697,80) (696,74) (695,71) (694,71) (693,75) (692,72) (691,77) (690,78) (689,82) (688,85) (687,85) (686,87) (685,82) (684,72) (683,69) (682,65) (681,63) (680,57) (679,72) (678,80) (677,81) (676,78) (675,79) (674,76) (673,76) (672,78) (671,81) (670,81) (669,82) (668,83) (667,83) (666,88) (665,90) (664,94) (663,102) (662,103) (661,105) (660,101) (659,97) (658,95) (657,98) (656,94) (655,85) (654,84) (653,82) (652,90) (651,94) (650,95) (649,94) (648,86) (647,91) (646,98) (645,98) (644,97) (643,97) (642,94) (641,92) (640,90) (639,87) (638,77) (637,81) (636,86) (635,90) (634,99) (633,112) (632,113) (631,120) (630,125) (629,139) (628,138) (627,131) (626,140) (625,139) (624,142) (623,148) (622,148) (621,153) (620,154) (619,147) (618,155) (617,151) (616,156) (615,162) (614,160) (613,162) (612,166) (611,163) (610,163) (609,164) (608,164) (607,160) (606,156) (605,151) (604,147) (603,148) (602,150) (601,148) (600,146) (599,139) (598,150) (597,143) (596,140) (595,138) (594,134) (593,128) (592,133) (591,122) (590,125) (589,126) (588,123) (587,113) (586,103) (585,107) (584,110) (583,111) (582,111) (581,110) (580,110) (579,109) (578,119) (577,118) (576,120) (575,120) (574,113) (573,113) (572,124) (571,122) (570,127) (569,128) (568,123) (567,115) (566,113) (565,112) (564,105) (563,103) (562,102) (561,102) (560,103) (559,100) (558,92) (557,84) (556,88) (555,81) (554,87) (553,84) (552,89) (551,93) (550,99) (549,102) (548,104) (547,103) (546,112) (545,109) (544,104) (543,98) (542,90) (541,94) (540,96) (539,90) (538,86) (537,86) (536,86) (535,91) (534,84) (533,83) (532,86) (531,88) (530,98) (529,93) (528,93) (527,94) (526,86) (525,85) (524,76) (523,79) (522,71) (521,68) (520,71) (519,72) (518,76) (517,78) (516,82) (515,83) (514,76) (513,86) (512,87) (511,85) (510,90) (509,87) (508,84) (507,80) (506,77) (505,71) (504,72) (503,77) (502,80) (501,89) (500,83) (499,82) (498,83) (497,84) (496,86) (495,87) (494,82) (493,76) (492,73) (491,72) (490,72) (489,70) (488,72) (487,76) (486,73) (485,87) (484,93) (483,86) (482,83) (481,89) (480,91) (479,91) (478,101) (477,105) (476,107) (475,107) (474,115) (473,113) (472,113) (471,114) (470,113) (469,118) (468,126) (467,124) (466,124) (465,121) (464,113) (463,108) (462,108) (461,112) (460,106) (459,100) (458,94) (457,96) (456,99) (455,98) (454,97) (453,105) (452,102) (451,94) (450,96) (449,90) (448,91) (447,94) (446,93) (445,97) (444,106) (443,102) (442,108) (441,105) (440,97) (439,95) (438,99) (437,95) (436,101) (435,97) (434,104) (433,109) (432,115) (431,114) (430,118) (429,120) (428,123) (427,122) (426,119) (425,111) (424,106) (423,105) (422,89) (421,85) (420,81) (419,82) (418,73) (417,73) (416,67) (415,65) (414,61) (413,56) (412,49) (411,45) (410,39) (409,36) (408,38) (407,49) (406,45) (405,49) (404,50) (403,54) (402,46) (401,52) (400,39) (399,29) (398,27) (397,30) (396,31) (395,27) (394,28) (393,42) (392,47) (391,55) (390,53) (389,49) (388,59) (387,58) (386,51) (385,54) (384,53) (383,57) (382,48) (381,51) (380,58) (379,55) (378,49) (377,53) (376,57) (375,53) (374,59) (373,68) (372,67) (371,68) (370,65) (369,69) (368,63) (367,62) (366,60) (365,63) (364,58) (363,47) (362,40) (361,44) (360,54) (359,55) (358,53) (357,65) (356,75) (355,71) (354,65) (353,68) (352,61) (351,59) (350,50) (349,39) (348,34) (347,23) (346,17) (345,21) (344,20) (343,14) (342,18) (341,29) (340,30) (339,24) (338,27) (337,26) (336,22) (335,21) (334,21) (333,14) (332,2) (331,1) (330,0) (329,10) (328,14) (327,19) (326,16) (325,29) (324,28) (323,22) (322,19) (321,19) (320,16) (319,23) (318,28) (317,22) (316,28) (315,25) (314,40) (313,41) (312,50) (311,55) (310,49) (309,45) (308,38) (307,36) (306,42) (305,39) (304,48) (303,47) (302,46) (301,55) (300,63) (299,56) (298,60) (297,65) (296,64) (295,60) (294,58) (293,59) (292,53) (291,58) (290,48) (289,41) (288,44) (287,38) (286,36) (285,32) (284,38) (283,44) (282,45) (281,43) (280,42) (279,39) (278,46) (277,41) (276,47) (275,50) (274,50) (273,51) (272,49) (271,52) (270,53) (269,57) (268,58) (267,62) (266,67) (265,67) (264,71) (263,75) (262,80) (261,81) (260,82) (259,91) (258,84) (257,84) (256,82) (255,81) (254,80) (253,76) (252,82) (251,85) (250,88) (249,81) (248,75) (247,76) (246,72) (245,76) (244,85) (243,82) (242,77) (241,86) (240,88) (239,87) (238,86) (237,85) (236,91) (235,87) (234,86) (233,87) (232,90) (231,99) (230,101) (229,108) (228,114) (227,112) (226,114) (225,120) (224,131) (223,135) (222,139) (221,139) (220,141) (219,136) (218,132) (217,135) (216,145) (215,145) (214,136) (213,138) (212,129) (211,127) (210,119) (209,118) (208,121) (207,126) (206,122) (205,119) (204,126) (203,119) (202,121) (201,123) (200,123) (199,121) (198,120) (197,112) (196,124) (195,127) (194,120) (193,119) (192,115) (191,112) (190,117) (189,111) (188,108) (187,108) (186,107) (185,107) (184,106) (183,103) (182,107) (181,106) (180,105) (179,100) (178,94) (177,94) (176,90) (175,92) (174,87) (173,79) (172,76) (171,73) (170,79) (169,76) (168,81) (167,81) (166,74) (165,66) (164,69) (163,65) (162,67) (161,60) (160,67) (159,66) (158,65) (157,65) (156,72) (155,73) (154,79) (153,69) (152,74) (151,74) (150,77) (149,81) (148,82) (147,88) (146,88) (145,84) (144,71) (143,68) (142,73) (141,74) (140,74) (139,69) (138,78) (137,71) (136,69) (135,67) (134,68) (133,63) (132,67) (131,59) (130,74) (129,66) (128,67) (127,67) (126,63) (125,67) (124,66) (123,69) (122,73) (121,78) (120,78) (119,77) (118,82) (117,86) (116,95) (115,90) (114,91) (113,92) (112,91) (111,93) (110,91) (109,98) (108,96) (107,90) (106,93) (105,87) (104,92) (103,98) (102,94) (101,101) (100,105) (99,94) (98,86) (97,79) (96,77) (95,79) (94,73) (93,70) (92,59) (91,59) (90,55) (89,53) (88,59) (87,50) (86,50) (85,53) (84,49) (83,51) (82,46) (81,49) (80,50) (79,44) (78,43) (77,38) (76,45) (75,48) (74,43) (73,46) (72,39) (71,37) (70,30) (69,26) (68,27) (67,29) (66,35) (65,41) (64,35) (63,32) (62,32) (61,23) (60,27) (59,26) (58,28) (57,13) (56,5) (55,5) (54,-2) (53,5) (52,5) (51,2) (50,-4) (49,-7) (48,-7) (47,-9) (46,-9) (45,-5) (44,3) (43,-3) (42,-6) (41,-8) (40,-4) (39,-5) (38,8) (37,12) (36,13) (35,17) (34,19) (33,4) (32,4) (31,8) (30,6) (29,7) (28,11) (27,-1) (26,-3) (25,-4) (24,3) (23,-6) (22,-3) (21,2) (20,2) (19,2) (18,2) (17,-11) (16,-15) (15,-14) (14,-19) (13,-14) (12,-13) (11,-14) (10,-1) (9,3) (8,-1) (7,-2) (6,-11) (5,-6) (4,-1) (3,7) (2,6) (1,6) (0,6) 
TD 1 :
(999,53) (998,59) (997,61) (963,80) (612,166) (215,145) (100,105) (0,6) (1,6) (2,6) (3,7) (4,-1) (5,-6) (6,-11) (7,-2) (8,-1) (9,3) (10,-1) (11,-14) (12,-13) (13,-14) (14,-19) (15,-14) (16,-15) (17,-11) (18,2) (19,2) (20,2) (21,2) (22,-3) (23,-6) (24,3) (25,-4) (26,-3) (27,-1) (28,11) (29,7) (30,6) (31,8) (32,4) (33,4) (34,19) (35,17) (36,13) (37,12) (38,8) (39,-5) (40,-4) (41,-8) (42,-6) (43,-3) (44,3) (45,-5) (46,-9) (47,-9) (48,-7) (49,-7) (50,-4) (51,2) (52,5) (53,5) (54,-2) (55,5) (56,5) (57,13) (58,28) (59,26) (60,27) (61,23) (62,32) (63,32) (64,35) (65,41) (66,35) (67,29) (68,27) (69,26) (70,30) (71,37) (72,39) (73,46) (74,43) (75,48) (76,45) (77,38) (78,43) (79,44) (80,50) (81,49) (82,46) (83,51) (84,49) (85,53) (86,50) (87,50) (88,59) (89,53) (90,55) (91,59) (92,59) (93,70) (94,73) (95,79) (96,77) (97,79) (98,86) (99,94) 
(999,53) (998,59) (997,61) (963,80) (612,166) (215,145) (100,105) (0,6) (101,101) (102,94) (103,98) (104,92) (105,87) (106,93) (107,90) (108,96) (109,98) (110,91) (111,93) (112,91) (113,92) (114,91) (115,90) (116,95) (117,86) (118,82) (119,77) (120,78) (121,78) (122,73) (123,69) (124,66) (125,67) (126,63) (127,67) (128,67) (129,66) (130,74) (131,59) (132,67) (133,63) (134,68) (135,67) (136,69) (137,71) (138,78) (139,69) (140,74) (141,74) (142,73) (143,68) (144,71) (145,84) (146,88) (147,88) (148,82) (149,81) (150,77) (151,74) (152,74) (153,69) (154,79) (155,73) (156,72) (157,65) (158,65) (159,66) (160,67) (161,60) (162,67) (163,65) (164,69) (165,66) (166,74) (167,81) (168,81) (169,76) (170,79) (171,73) (172,76) (173,79) (174,87) (175,92) (176,90) (177,94) (178,94) (179,100) (180,105) (181,106) (182,107) (183,103) (184,106) (185,107) (186,107) (187,108) (188,108) (189,111) (190,117) (191,112) (192,115) (193,119) (194,120) (195,127) (196,124) (197,112) (198,120) (199,121) (200,123) (201,123) (202,121) (203,119) (204,126) (205,119) (206,122) (207,126) (208,121) (209,118) (210,119) (211,127) (212,129) (213,138) (214,136) 
(999,53) (998,59) (997,61) (963,80) (612,166) (215,145) (100,105) (0,6) (216,145) (217,135) (218,132) (219,136) (220,141) (221,139) (222,139) (223,135) (224,131) (225,120) (226,114) (227,112) (228,114) (229,108) (230,101) (231,99) (232,90) (233,87) (234,86) (235,87) (236,91) (237,85) (238,86) (239,87) (240,88) (241,86) (242,77) (243,82) (244,85) (245,76) (246,72) (247,76) (248,75) (249,81) (250,88) (251,85) (252,82) (253,76) (254,80) (255,81) (256,82) (257,84) (258,84) (259,91) (260,82) (261,81) (262,80) (263,75) (264,71) (265,67) (266,67) (267,62) (268,58) (269,57) (270,53) (271,52) (272,49) (273,51) (274,50) (275,50) (276,47) (277,41) (278,46) (279,39) (280,42) (281,43) (282,45) (283,44) (284,38) (285,32) (286,36) (287,38) (288,44) (289,41) (290,48) (291,58) (292,53) (293,59) (294,58) (295,60) (296,64) (297,65) (298,60) (299,56) (300,63) (301,55) (302,46) (303,47) (304,48) (305,39) (306,42) (307,36) (308,38) (309,45) (310,49) (311,55) (312,50) (313,41) (314,40) (315,25) (316,28) (317,22) (318,28) (319,23) (320,16) (321,19) (322,19) (323,22) (324,28) (325,29) (326,16) (327,19) (328,14) (329,10) (330,0) (331,1) (332,2) (333,14) (334,21) (335,21) (336,22) (337,26) (338,27) (339,24) (340,30) (341,29) (342,18) (343,14) (344,20) (345,21) (346,17) (347,23) (348,34) (349,39) (350,50) (351,59) (352,61) (353,68) (354,65) (355,71) (356,75) (357,65) (358,53) (359,55) (360,54) (361,44) (362,40) (363,47) (364,58) (365,63) (366,60) (367,62) (368,63) (369,69) (370,65) (371,68) (372,67) (373,68) (374,59) (375,53) (376,57) (377,53) (378,49) (379,55) (380,58) (381,51) (382,48) (383,57) (384,53) (385,54) (386,51) (387,58) (388,59) (389,49) (390,53) (391,55) (392,47) (393,42) (394,28) (395,27) (396,31) (397,30) (398,27) (399,29) (400,39) (401,52) (402,46) (403,54) (404,50) (405,49) (406,45) (407,49) (408,38) (409,36) (410,39) (411,45) (412,49) (413,56) (414,61) (415,65) (416,67) (417,73) (418,73) (419,82) (420,81) (421,85) (422,89) (423,105) (424,106) (425,111) (426,119) (427,122) (428,123) (429,120) (430,118) (431,114) (432,115) (433,109) (434,104) (435,97) (436,101) (437,95) (438,99) (439,95) (440,97) (441,105) (442,108) (443,102) (444,106) (445,97) (446,93) (447,94) (448,91) (449,90) (450,96) (451,94) (452,102) (453,105) (454,97) (455,98) (456,99) (457,96) (458,94) (459,100) (460,106) (461,112) (462,108) (463,108) (464,113) (465,121) (466,124) (467,124) (468,126) (469,118) (470,113) (471,114) (472,113) (473,113) (474,115) (475,107) (476,107) (477,105) (478,101) (479,91) (480,91) (481,89) (482,83) (483,86) (484,93) (485,87) (486,73) (487,76) (488,72) (489,70) (490,72) (491,72) (492,73) (493,76) (494,82) (495,87) (496,86) (497,84) (498,83) (499,82) (500,83) (501,89) (502,80) (503,77) (504,72) (505,71) (506,77) (507,80) (508,84) (509,87) (510,90) (511,85) (512,87) (513,86) (514,76) (515,83) (516,82) (517,78) (518,76) (519,72) (520,71) (521,68) (522,71) (523,79) (524,76) (525,85) (526,86) (527,94) (528,93) (529,93) (530,98) (531,88) (532,86) (533,83) (534,84) (535,91) (536,86) (537,86) (538,86) (539,90) (540,96) (541,94) (542,90) (543,98) (544,104) (545,109) (546,112) (547,103) (548,104) (549,102) (550,99) (551,93) (552,89) (553,84) (554,87) (555,81) (556,88) (557,84) (558,92) (559,100) (560,103) (561,102) (562,102) (563,103) (564,105) (565,112) (566,113) (567,115) (568,123) (569,128) (570,127) (571,122) (572,124) (573,113) (574,113) (575,120) (576,120) (577,118) (578,119) (579,109) (580,110) (581,110) (582,111) (583,111) (584,110) (585,107) (586,103) (587,113) (588,123) (589,126) (590,125) (591,122) (592,133) (593,128) (594,134) (595,138) (596,140) (597,143) (598,150) (599,139) (600,146) (601,148) (602,150) (603,148) (604,147) (605,151) (606,156) (607,160) (608,164) (609,164) (610,163) (611,163) 
(999,53) (998,59) (997,61) (963,80) (612,166) (215,145) (100,105) (0,6) (613,162) (614,160) (615,162) (616,156) (617,151) (618,155) (619,147) (620,154) (621,153) (622,148) (623,148) (624,142) (625,139) (626,140) (627,131) (628,138) (629,139) (630,125) (631,120) (632,113) (633,112) (634,99) (635,90) (636,86) (637,81) (638,77) (639,87) (640,90) (641,92) (642,94) (643,97) (644,97) (645,98) (646,98) (647,91) (648,86) (649,94) (650,95) (651,94) (652,90) (653,82) (654,84) (655,85) (656,94) (657,98) (658,95) (659,97) (660,101) (661,105) (662,103) (663,102) (664,94) (665,90) (666,88) (667,83) (668,83) (669,82) (670,81) (671,81) (672,78) (673,76) (674,76) (675,79) (676,78) (677,81) (678,80) (679,72) (680,57) (681,63) (682,65) (683,69) (684,72) (685,82) (686,87) (687,85) (688,85) (689,82) (690,78) (691,77) (692,72) (693,75) (694,71) (695,71) (696,74) (697,80) (698,84) (699,85) (700,83) (701,80) (702,76) (703,77) (704,70) (705,75) (706,77) (707,75) (708,72) (709,79) (710,73) (711,78) (712,75) (713,74) (714,76) (715,76) (716,84) (717,75) (718,70) (719,64) (720,58) (721,60) (722,65) (723,64) (724,65) (725,64) (726,66) (727,66) (728,50) (729,52) (730,52) (731,48) (732,50) (733,49) (734,49) (735,57) (736,53) (737,44) (738,46) (739,48) (740,47) (741,38) (742,47) (743,45) (744,47) (745,46) (746,51) (747,59) (748,58) (749,63) (750,59) (751,55) (752,64) (753,75) (754,77) (755,82) (756,86) (757,93) (758,107) (759,115) (760,118) (761,124) (762,126) (763,124) (764,122) (765,117) (766,121) (767,119) (768,111) (769,111) (770,109) (771,109) (772,103) (773,110) (774,117) (775,112) (776,108) (777,104) (778,103) (779,101) (780,97) (781,98) (782,94) (783,97) (784,97) (785,100) (786,97) (787,92) (788,91) (789,87) (790,84) (791,83) (792,78) (793,79) (794,85) (795,94) (796,99) (797,91) (798,90) (799,100) (800,98) (801,92) (802,89) (803,95) (804,90) (805,97) (806,98) (807,90) (808,89) (809,92) (810,79) (811,75) (812,71) (813,70) (814,69) (815,68) (816,56) (817,50) (818,55) (819,52) (820,62) (821,60) (822,60) (823,65) (824,68) (825,72) (826,64) (827,57) (828,59) (829,57) (830,49) (831,44) (832,35) (833,34) (834,33) (835,37) (836,42) (837,53) (838,54) (839,49) (840,36) (841,43) (842,45) (843,44) (844,43) (845,47) (846,45) (847,43) (848,46) (849,45) (850,48) (851,53) (852,49) (853,49) (854,44) (855,49) (856,48) (857,52) (858,42) (859,34) (860,33) (861,27) (862,17) (863,22) (864,18) (865,22) (866,21) (867,20) (868,22) (869,27) (870,29) (871,27) (872,19) (873,19) (874,15) (875,24) (876,26) (877,34) (878,26) (879,34) (880,33) (881,29) (882,35) (883,35) (884,36) (885,32) (886,26) (887,26) (888,26) (889,18) (890,26) (891,27) (892,22) (893,17) (894,25) (895,24) (896,24) (897,25) (898,22) (899,22) (900,23) (901,24) (902,20) (903,26) (904,23) (905,20) (906,21) (907,20) (908,23) (909,27) (910,17) (911,18) (912,15) (913,17) (914,15) (915,22) (916,25) (917,21) (918,25) (919,22) (920,15) (921,24) (922,26) (923,26) (924,27) (925,25) (926,33) (927,37) (928,36) (929,36) (930,36) (931,43) (932,56) (933,46) (934,38) (935,39) (936,41) (937,38) (938,35) (939,29) (940,24) (941,27) (942,31) (943,36) (944,35) (945,37) (946,40) (947,38) (948,36) (949,31) (950,39) (951,31) (952,34) (953,47) (954,54) (955,59) (956,58) (957,66) (958,63) (959,66) (960,60) (961,67) (962,69) 
(999,53) (998,59) (997,61) (963,80) (612,166) (215,145) (100,105) (0,6) (964,72) (965,66) (966,63) (967,70) (968,66) (969,62) (970,58) (971,45) (972,46) (973,56) (974,50) (975,50) (976,50) (977,56) (978,53) (979,47) (980,41) (981,47) (982,46) (983,43) (984,43) (985,51) (986,50) (987,52) (988,47) (989,49) (990,56) (991,50) (992,49) (993,51) (994,47) (995,53) (996,45) 
(999,53) (998,59) (997,61) (963,80) (612,166) (215,145) (100,105) (0,6) 
(999,53) (998,59) (997,61) (963,80) (612,166) (215,145) (100,105) (0,6) 
TD 2 :
(999,53) (998,59) (997,61) (963,80) (612,166) (215,145) (100,105) (0,6) (1,6) (2,6) (3,7) (4,-1) (5,-6) (6,-11) (7,-2) (8,-1) (9,3) (10,-1) (11,-14) (12,-13) (13,-14) (14,-19) (15,-14) (16,-15) (17,-11) (18,2) (19,2) (20,2) (21,2) (22,-3) (23,-6) (24,3) (25,-4) (26,-3) (27,-1) (28,11) (29,7) (30,6) (31,8) (32,4) (33,4) (34,19) (35,17) (36,13) (37,12) (38,8) (39,-5) (40,-4) (41,-8) (42,-6) (43,-3) (44,3) (45,-5) (46,-9) (47,-9) (48,-7) (49,-7) (50,-4) (51,2) (52,5) (53,5) (54,-2) (55,5) (56,5) (57,13) (58,28) (59,26) (60,27) (61,23) (62,32) (63,32) (64,35) (65,41) (66,35) (67,29) (68,27) (69,26) (70,30) (71,37) (72,39) (73,46) (74,43) (75,48) (76,45) (77,38) (78,43) (79,44) (80,50) (81,49) (82,46) (83,51) (84,49) (85,53) (86,50) (87,50) (88,59) (89,53) (90,55) (91,59) (92,59) (93,70) (94,73) (95,79) (96,77) (97,79) (98,86) (99,94) 
(999,53) (998,59) (997,61) (963,80) (612,166) (215,145) (100,105) (0,6) (101,101) 
(999,53) (998,59) (997,61) (963,80) (612,166) (215,145) (100,105) (0,6) (101,101) (102,94) (103,98) (104,92) (105,87) (106,93) (107,90) (108,96) (109,98) (110,91) (111,93) (112,91) (113,92) (114,91) (115,90) (116,95) (117,86) (118,82) (119,77) (120,78) (121,78) (122,73) (123,69) (124,66) (125,67) (126,63) (127,67) (128,67) (129,66) (130,74) (131,59) (132,67) (133,63) (134,68) (135,67) (136,69) (137,71) (138,78) (139,69) (140,74) (141,74) (142,73) (143,68) (144,71) (145,84) (146,88) (147,88) (148,82) (149,81) (150,77) (151,74) (152,74) (153,69) (154,79) (155,73) (156,72) (157,65) (158,65) (159,66) (160,67) (161,60) (162,67) (163,65) (164,69) (165,66) (166,74) (167,81) (168,81) (169,76) (170,79) (171,73) (172,76) (173,79) (174,87) (175,92) (176,90) (177,94) (178,94) (179,100) (180,105) (181,106) (182,107) (183,103) (184,106) (185,107) (186,107) (187,108) (188,108) (189,111) (190,117) (191,112) (192,115) (193,119) (194,120) (195,127) (196,124) (197,112) (198,120) (199,121) (200,123) (201,123) (202,121) (203,119) (204,126) (205,119) (206,122) (207,126) (208,121) (209,118) (210,119) (211,127) (212,129) (213,138) (214,136) 
(999,53) (998,59) (997,61) (963,80) (612,166) (215,145) (100,105) (0,6) (609,164) (608,164) (216,145) 
(999,53) (998,59) (997,61) (963,80) (612,166) (215,145) (100,105) (0,6) (609,164) (608,164) (216,145) (217,135) (218,132) (219,136) (220,141) (221,139) (222,139) (223,135) (224,131) (225,120) (226,114) (227,112) (228,114) (229,108) (230,101) (231,99) (232,90) (233,87) (234,86) (235,87) (236,91) (237,85) (238,86) (239,87) (240,88) (241,86) (242,77) (243,82) (244,85) (245,76) (246,72) (247,76) (248,75) (249,81) (250,88) (251,85) (252,82) (253,76) (254,80) (255,81) (256,82) (257,84) (258,84) (259,91) (260,82) (261,81) (262,80) (263,75) (264,71) (265,67) (266,67) (267,62) (268,58) (269,57) (270,53) (271,52) (272,49) (273,51) (274,50) (275,50) (276,47) (277,41) (278,46) (279,39) (280,42) (281,43) (282,45) (283,44) (284,38) (285,32) (286,36) (287,38) (288,44) (289,41) (290,48) (291,58) (292,53) (293,59) (294,58) (295,60) (296,64) (297,65) (298,60) (299,56) (300,63) (301,55) (302,46) (303,47) (304,48) (305,39) (306,42) (307,36) (308,38) (309,45) (310,49) (311,55) (312,50) (313,41) (314,40) (315,25) (316,28) (317,22) (318,28) (319,23) (320,16) (321,19) (322,19) (323,22) (324,28) (325,29) (326,16) (327,19) (328,14) (329,10) (330,0) (331,1) (332,2) (333,14) (334,21) (335,21) (336,22) (337,26) (338,27) (339,24) (340,30) (341,29) (342,18) (343,14) (344,20) (345,21) (346,17) (347,23) (348,34) (349,39) (350,50) (351,59) (352,61) (353,68) (354,65) (355,71) (356,75) (357,65) (358,53) (359,55) (360,54) (361,44) (362,40) (363,47) (364,58) (365,63) (366,60) (367,62) (368,63) (369,69) (370,65) (371,68) (372,67) (373,68) (374,59) (375,53) (376,57) (377,53) (378,49) (379,55) (380,58) (381,51) (382,48) (383,57) (384,53) (385,54) (386,51) (387,58) (388,59) (389,49) (390,53) (391,55) (392,47) (393,42) (394,28) (395,27) (396,31) (397,30) (398,27) (399,29) (400,39) (401,52) (402,46) (403,54) (404,50) (405,49) (406,45) (407,49) (408,38) (409,36) (410,39) (411,45) (412,49) (413,56) (414,61) (415,65) (416,67) (417,73) (418,73) (419,82) (420,81) (421,85) (422,89) (423,105) (424,106) (425,111) (426,119) (427,122) (428,123) (429,120) (430,118) (431,114) (432,115) (433,109) (434,104) (435,97) (436,101) (437,95) (438,99) (439,95) (440,97) (441,105) (442,108) (443,102) (444,106) (445,97) (446,93) (447,94) (448,91) (449,90) (450,96) (451,94) (452,102) (453,105) (454,97) (455,98) (456,99) (457,96) (458,94) (459,100) (460,106) (461,112) (462,108) (463,108) (464,113) (465,121) (466,124) (467,124) (468,126) (469,118) (470,113) (471,114) (472,113) (473,113) (474,115) (475,107) (476,107) (477,105) (478,101) (479,91) (480,91) (481,89) (482,83) (483,86) (484,93) (485,87) (486,73) (487,76) (488,72) (489,70) (490,72) (491,72) (492,73) (493,76) (494,82) (495,87) (496,86) (497,84) (498,83) (499,82) (500,83) (501,89) (502,80) (503,77) (504,72) (505,71) (506,77) (507,80) (508,84) (509,87) (510,90) (511,85) (512,87) (513,86) (514,76) (515,83) (516,82) (517,78) (518,76) (519,72) (520,71) (521,68) (522,71) (523,79) (524,76) (525,85) (526,86) (527,94) (528,93) (529,93) (530,98) (531,88) (532,86) (533,83) (534,84) (535,91) (536,86) (537,86) (538,86) (539,90) (540,96) (541,94) (542,90) (543,98) (544,104) (545,109) (546,112) (547,103) (548,104) (549,102) (550,99) (551,93) (552,89) (553,84) (554,87) (555,81) (556,88) (557,84) (558,92) (559,100) (560,103) (561,102) (562,102) (563,103) (564,105) (565,112) (566,113) (567,115) (568,123) (569,128) (570,127) (571,122) (572,124) (573,113) (574,113) (575,120) (576,120) (577,118) (578,119) (579,109) (580,110) (581,110) (582,111) (583,111) (584,110) (585,107) (586,103) (587,113) (588,123) (589,126) (590,125) (591,122) (592,133) (593,128) (594,134) (595,138) (596,140) (597,143) (598,150) (599,139) (600,146) (601,148) (602,150) (603,148) (604,147) (605,151) (606,156) (607,160) 
(999,53) (998,59) (997,61) (963,80) (612,166) (215,145) (100,105) (0,6) (609,164) (608,164) (216,145) 
(999,53) (998,59) (997,61) (963,80) (612,166) (215,145) (100,105) (0,6) (609,164) (608,164) (216,145) (610,163) (611,163) 
(999,53) (998,59) (997,61) (963,80) (612,166) (215,145) (100,105) (0,6) (762,126) (613,162) (614,160) (615,162) (616,156) (617,151) (618,155) (619,147) (620,154) (621,153) (622,148) (623,148) (624,142) (625,139) (626,140) (627,131) (628,138) (629,139) (630,125) (631,120) (632,113) (633,112) (634,99) (635,90) (636,86) (637,81) (638,77) (639,87) (640,90) (641,92) (642,94) (643,97) (644,97) (645,98) (646,98) (647,91) (648,86) (649,94) (650,95) (651,94) (652,90) (653,82) (654,84) (655,85) (656,94) (657,98) (658,95) (659,97) (660,101) (661,105) (662,103) (663,102) (664,94) (665,90) (666,88) (667,83) (668,83) (669,82) (670,81) (671,81) (672,78) (673,76) (674,76) (675,79) (676,78) (677,81) (678,80) (679,72) (680,57) (681,63) (682,65) (683,69) (684,72) (685,82) (686,87) (687,85) (688,85) (689,82) (690,78) (691,77) (692,72) (693,75) (694,71) (695,71) (696,74) (697,80) (698,84) (699,85) (700,83) (701,80) (702,76) (703,77) (704,70) (705,75) (706,77) (707,75) (708,72) (709,79) (710,73) (711,78) (712,75) (713,74) (714,76) (715,76) (716,84) (717,75) (718,70) (719,64) (720,58) (721,60) (722,65) (723,64) (724,65) (725,64) (726,66) (727,66) (728,50) (729,52) (730,52) (731,48) (732,50) (733,49) (734,49) (735,57) (736,53) (737,44) (738,46) (739,48) (740,47) (741,38) (742,47) (743,45) (744,47) (745,46) (746,51) (747,59) (748,58) (749,63) (750,59) (751,55) (752,64) (753,75) (754,77) (755,82) (756,86) (757,93) (758,107) (759,115) (760,118) (761,124) 
(999,53) (998,59) (997,61) (963,80) (612,166) (215,145) (100,105) (0,6) (762,126) (763,124) (764,122) (765,117) (766,121) (767,119) (768,111) (769,111) (770,109) (771,109) (772,103) (773,110) (774,117) (775,112) (776,108) (777,104) (778,103) (779,101) (780,97) (781,98) (782,94) (783,97) (784,97) (785,100) (786,97) (787,92) (788,91) (789,87) (790,84) (791,83) (792,78) (793,79) (794,85) (795,94) (796,99) (797,91) (798,90) (799,100) (800,98) (801,92) (802,89) (803,95) (804,90) (805,97) (806,98) (807,90) (808,89) (809,92) (810,79) (811,75) (812,71) (813,70) (814,69) (815,68) (816,56) (817,50) (818,55) (819,52) (820,62) (821,60) (822,60) (823,65) (824,68) (825,72) (826,64) (827,57) (828,59) (829,57) (830,49) (831,44) (832,35) (833,34) (834,33) (835,37) (836,42) (837,53) (838,54) (839,49) (840,36) (841,43) (842,45) (843,44) (844,43) (845,47) (846,45) (847,43) (848,46) (849,45) (850,48) (851,53) (852,49) (853,49) (854,44) (855,49) (856,48) (857,52) (858,42) (859,34) (860,33) (861,27) (862,17) (863,22) (864,18) (865,22) (866,21) (867,20) (868,22) (869,27) (870,29) (871,27) (872,19) (873,19) (874,15) (875,24) (876,26) (877,34) (878,26) (879,34) (880,33) (881,29) (882,35) (883,35) (884,36) (885,32) (886,26) (887,26) (888,26) (889,18) (890,26) (891,27) (892,22) (893,17) (894,25) (895,24) (896,24) (897,25) (898,22) (899,22) (900,23) (901,24) (902,20) (903,26) (904,23) (905,20) (906,21) (907,20) (908,23) (909,27) (910,17) (911,18) (912,15) (913,17) (914,15) (915,22) (916,25) (917,21) (918,25) (919,22) (920,15) (921,24) (922,26) (923,26) (924,27) (925,25) (926,33) (927,37) (928,36) (929,36) (930,36) (931,43) (932,56) (933,46) (934,38) (935,39) (936,41) (937,38) (938,35) (939,29) (940,24) (941,27) (942,31) (943,36) (944,35) (945,37) (946,40) (947,38) (948,36) (949,31) (950,39) (951,31) (952,34) (953,47) (954,54) (955,59) (956,58) (957,66) (958,63) (959,66) (960,60) (961,67) (962,69) 
(999,53) (998,59) (997,61) (963,80) (612,166) (215,145) (100,105) (0,6) (996,45) (995,53) (964,72) 
(999,53) (998,59) (997,61) (963,80) (612,166) (215,145) (100,105) (0,6) (996,45) (995,53) (964,72) (965,66) (966,63) (967,70) (968,66) (969,62) (970,58) (971,45) (972,46) (973,56) (974,50) (975,50) (976,50) (977,56) (978,53) (979,47) (980,41) (981,47) (982,46) (983,43) (984,43) (985,51) (986,50) (987,52) (988,47) (989,49) (990,56) (991,50) (992,49) (993,51) (994,47) 
(999,53) (998,59) (997,61) (963,80) (612,166) (215,145) (100,105) (0,6) (996,45) (995,53) (964,72) 
TD 3 :
(999,53) (998,59) (997,61) (963,80) (612,166) (215,145) (100,105) (0,6) (1,6) (3,7) (2,6) 
(999,53) (998,59) (997,61) (963,80) (612,166) (215,145) (100,105) (0,6) (1,6) (3,7) (2,6) (4,-1) (5,-6) (6,-11) (7,-2) (8,-1) (9,3) (10,-1) (11,-14) (12,-13) (13,-14) (14,-19) (15,-14) (16,-15) (17,-11) (18,2) (19,2) (20,2) (21,2) (22,-3) (23,-6) (24,3) (25,-4) (26,-3) (27,-1) (28,11) (29,7) (30,6) (31,8) (32,4) (33,4) (34,19) (35,17) (36,13) (37,12) (38,8) (39,-5) (40,-4) (41,-8) (42,-6) (43,-3) (44,3) (45,-5) (46,-9) (47,-9) (48,-7) (49,-7) (50,-4) (51,2) (52,5) (53,5) (54,-2) (55,5) (56,5) (57,13) (58,28) (59,26) (60,27) (61,23) (62,32) (63,32) (64,35) (65,41) (66,35) (67,29) (68,27) (69,26) (70,30) (71,37) (72,39) (73,46) (74,43) (75,48) (76,45) (77,38) (78,43) (79,44) (80,50) (81,49) (82,46) (83,51) (84,49) (85,53) (86,50) (87,50) (88,59) (89,53) (90,55) (91,59) (92,59) (93,70) (94,73) (95,79) (96,77) (97,79) (98,86) (99,94) 
(999,53) (998,59) (997,61) (963,80) (612,166) (215,145) (100,105) (0,6) (101,101) (103,98) (102,94) 
(999,53) (998,59) (997,61) (963,80) (612,166) (215,145) (100,105) (0,6) (101,101) (103,98) (104,92) (105,87) (106,93) (107,90) (108,96) (109,98) (110,91) (111,93) (112,91) (113,92) (114,91) (115,90) (116,95) (117,86) (118,82) (119,77) (120,78) (121,78) (122,73) (123,69) (124,66) (125,67) (126,63) (127,67) (128,67) (129,66) (130,74) (131,59) (132,67) (133,63) (134,68) (135,67) (136,69) (137,71) (138,78) (139,69) (140,74) (141,74) (142,73) (143,68) (144,71) (145,84) (146,88) (147,88) (148,82) (149,81) (150,77) (151,74) (152,74) (153,69) (154,79) (155,73) (156,72) (157,65) (158,65) (159,66) (160,67) (161,60) (162,67) (163,65) (164,69) (165,66) (166,74) (167,81) (168,81) (169,76) (170,79) (171,73) (172,76) (173,79) (174,87) (175,92) (176,90) (177,94) (178,94) (179,100) (180,105) (181,106) (182,107) (183,103) (184,106) (185,107) (186,107) (187,108) (188,108) (189,111) (190,117) (191,112) (192,115) (193,119) (194,120) (195,127) (196,124) (197,112) (198,120) (199,121) (200,123) (201,123) (202,121) (203,119) (204,126) (205,119) (206,122) (207,126) (208,121) (209,118) (210,119) (211,127) (212,129) (213,138) (214,136) 
(999,53) (998,59) (997,61) (963,80) (612,166) (215,145) (100,105) (0,6) (609,164) (608,164) (216,145) (220,141) (217,135) (218,132) (219,136) 
(999,53) (998,59) (997,61) (963,80) (612,166) (215,145) (100,105) (0,6) (609,164) (608,164) (216,145) (220,141) (221,139) (222,139) (223,135) (224,131) (225,120) (226,114) (227,112) (228,114) (229,108) (230,101) (231,99) (232,90) (233,87) (234,86) (235,87) (236,91) (237,85) (238,86) (239,87) (240,88) (241,86) (242,77) (243,82) (244,85) (245,76) (246,72) (247,76) (248,75) (249,81) (250,88) (251,85) (252,82) (253,76) (254,80) (255,81) (256,82) (257,84) (258,84) (259,91) (260,82) (261,81) (262,80) (263,75) (264,71) (265,67) (266,67) (267,62) (268,58) (269,57) (270,53) (271,52) (272,49) (273,51) (274,50) (275,50) (276,47) (277,41) (278,46) (279,39) (280,42) (281,43) (282,45) (283,44) (284,38) (285,32) (286,36) (287,38) (288,44) (289,41) (290,48) (291,58) (292,53) (293,59) (294,58) (295,60) (296,64) (297,65) (298,60) (299,56) (300,63) (301,55) (302,46) (303,47) (304,48) (305,39) (306,42) (307,36) (308,38) (309,45) (310,49) (311,55) (312,50) (313,41) (314,40) (315,25) (316,28) (317,22) (318,28) (319,23) (320,16) (321,19) (322,19) (323,22) (324,28) (325,29) (326,16) (327,19) (328,14) (329,10) (330,0) (331,1) (332,2) (333,14) (334,21) (335,21) (336,22) (337,26) (338,27) (339,24) (340,30) (341,29) (342,18) (343,14) (344,20) (345,21) (346,17) (347,23) (348,34) (349,39) (350,50) (351,59) (352,61) (353,68) (354,65) (355,71) (356,75) (357,65) (358,53) (359,55) (360,54) (361,44) (362,40) (363,47) (364,58) (365,63) (366,60) (367,62) (368,63) (369,69) (370,65) (371,68) (372,67) (373,68) (374,59) (375,53) (376,57) (377,53) (378,49) (379,55) (380,58) (381,51) (382,48) (383,57) (384,53) (385,54) (386,51) (387,58) (388,59) (389,49) (390,53) (391,55) (392,47) (393,42) (394,28) (395,27) (396,31) (397,30) (398,27) (399,29) (400,39) (401,52) (402,46) (403,54) (404,50) (405,49) (406,45) (407,49) (408,38) (409,36) (410,39) (411,45) (412,49) (413,56) (414,61) (415,65) (416,67) (417,73) (418,73) (419,82) (420,81) (421,85) (422,89) (423,105) (424,106) (425,111) (426,119) (427,122) (428,123) (429,120) (430,118) (431,114) (432,115) (433,109) (434,104) (435,97) (436,101) (437,95) (438,99) (439,95) (440,97) (441,105) (442,108) (443,102) (444,106) (445,97) (446,93) (447,94) (448,91) (449,90) (450,96) (451,94) (452,102) (453,105) (454,97) (455,98) (456,99) (457,96) (458,94) (459,100) (460,106) (461,112) (462,108) (463,108) (464,113) (465,121) (466,124) (467,124) (468,126) (469,118) (470,113) (471,114) (472,113) (473,113) (474,115) (475,107) (476,107) (477,105) (478,101) (479,91) (480,91) (481,89) (482,83) (483,86) (484,93) (485,87) (486,73) (487,76) (488,72) (489,70) (490,72) (491,72) (492,73) (493,76) (494,82) (495,87) (496,86) (497,84) (498,83) (499,82) (500,83) (501,89) (502,80) (503,77) (504,72) (505,71) (506,77) (507,80) (508,84) (509,87) (510,90) (511,85) (512,87) (513,86) (514,76) (515,83) (516,82) (517,78) (518,76) (519,72) (520,71) (521,68) (522,71) (523,79) (524,76) (525,85) (526,86) (527,94) (528,93) (529,93) (530,98) (531,88) (532,86) (533,83) (534,84) (535,91) (536,86) (537,86) (538,86) (539,90) (540,96) (541,94) (542,90) (543,98) (544,104) (545,109) (546,112) (547,103) (548,104) (549,102) (550,99) (551,93) (552,89) (553,84) (554,87) (555,81) (556,88) (557,84) (558,92) (559,100) (560,103) (561,102) (562,102) (563,103) (564,105) (565,112) (566,113) (567,115) (568,123) (569,128) (570,127) (571,122) (572,124) (573,113) (574,113) (575,120) (576,120) (577,118) (578,119) (579,109) (580,110) (581,110) (582,111) (583,111) (584,110) (585,107) (586,103) (587,113) (588,123) (589,126) (590,125) (591,122) (592,133) (593,128) (594,134) (595,138) (596,140) (597,143) (598,150) (599,139) (600,146) (601,148) (602,150) (603,148) (604,147) (605,151) (606,156) (607,160) 
(999,53) (998,59) (997,61) (963,80) (612,166) (215,145) (100,105) (0,6) (609,164) (608,164) (216,145) (611,163) (610,163) 
(999,53) (998,59) (997,61) (963,80) (612,166) (215,145) (100,105) (0,6) (609,164) (608,164) (216,145) (611,163) (610,163) 
(999,53) (998,59) (997,61) (963,80) (612,166) (215,145) (100,105) (0,6) (609,164) (608,164) (216,145) (611,163) (610,163) 
(999,53) (998,59) (997,61) (963,80) (612,166) (215,145) (100,105) (0,6) (762,126) (615,162) (613,162) (614,160) 
(999,53) (998,59) (997,61) (963,80) (612,166) (215,145) (100,105) (0,6) (762,126) (615,162) (616,156) (617,151) (618,155) (619,147) (620,154) (621,153) (622,148) (623,148) (624,142) (625,139) (626,140) (627,131) (628,138) (629,139) (630,125) (631,120) (632,113) (633,112) (634,99) (635,90) (636,86) (637,81) (638,77) (639,87) (640,90) (641,92) (642,94) (643,97) (644,97) (645,98) (646,98) (647,91) (648,86) (649,94) (650,95) (651,94) (652,90) (653,82) (654,84) (655,85) (656,94) (657,98) (658,95) (659,97) (660,101) (661,105) (662,103) (663,102) (664,94) (665,90) (666,88) (667,83) (668,83) (669,82) (670,81) (671,81) (672,78) (673,76) (674,76) (675,79) (676,78) (677,81) (678,80) (679,72) (680,57) (681,63) (682,65) (683,69) (684,72) (685,82) (686,87) (687,85) (688,85) (689,82) (690,78) (691,77) (692,72) (693,75) (694,71) (695,71) (696,74) (697,80) (698,84) (699,85) (700,83) (701,80) (702,76) (703,77) (704,70) (705,75) (706,77) (707,75) (708,72) (709,79) (710,73) (711,78) (712,75) (713,74) (714,76) (715,76) (716,84) (717,75) (718,70) (719,64) (720,58) (721,60) (722,65) (723,64) (724,65) (725,64) (726,66) (727,66) (728,50) (729,52) (730,52) (731,48) (732,50) (733,49) (734,49) (735,57) (736,53) (737,44) (738,46) (739,48) (740,47) (741,38) (742,47) (743,45) (744,47) (745,46) (746,51) (747,59) (748,58) (749,63) (750,59) (751,55) (752,64) (753,75) (754,77) (755,82) (756,86) (757,93) (758,107) (759,115) (760,118) (761,124) 
(999,53) (998,59) (997,61) (963,80) (612,166) (215,145) (100,105) (0,6) (762,126) (763,124) 
(999,53) (998,59) (997,61) (963,80) (612,166) (215,145) (100,105) (0,6) (762,126) (763,124) (764,122) (765,117) (766,121) (767,119) (768,111) (769,111) (770,109) (771,109) (772,103) (773,110) (774,117) (775,112) (776,108) (777,104) (778,103) (779,101) (780,97) (781,98) (782,94) (783,97) (784,97) (785,100) (786,97) (787,92) (788,91) (789,87) (790,84) (791,83) (792,78) (793,79) (794,85) (795,94) (796,99) (797,91) (798,90) (799,100) (800,98) (801,92) (802,89) (803,95) (804,90) (805,97) (806,98) (807,90) (808,89) (809,92) (810,79) (811,75) (812,71) (813,70) (814,69) (815,68) (816,56) (817,50) (818,55) (819,52) (820,62) (821,60) (822,60) (823,65) (824,68) (825,72) (826,64) (827,57) (828,59) (829,57) (830,49) (831,44) (832,35) (833,34) (834,33) (835,37) (836,42) (837,53) (838,54) (839,49) (840,36) (841,43) (842,45) (843,44) (844,43) (845,47) (846,45) (847,43) (848,46) (849,45) (850,48) (851,53) (852,49) (853,49) (854,44) (855,49) (856,48) (857,52) (858,42) (859,34) (860,33) (861,27) (862,17) (863,22) (864,18) (865,22) (866,21) (867,20) (868,22) (869,27) (870,29) (871,27) (872,19) (873,19) (874,15) (875,24) (876,26) (877,34) (878,26) (879,34) (880,33) (881,29) (882,35) (883,35) (884,36) (885,32) (886,26) (887,26) (888,26) (889,18) (890,26) (891,27) (892,22) (893,17) (894,25) (895,24) (896,24) (897,25) (898,22) (899,22) (900,23) (901,24) (902,20) (903,26) (904,23) (905,20) (906,21) (907,20) (908,23) (909,27) (910,17) (911,18) (912,15) (913,17) (914,15) (915,22) (916,25) (917,21) (918,25) (919,22) (920,15) (921,24) (922,26) (923,26) (924,27) (925,25) (926,33) (927,37) (928,36) (929,36) (930,36) (931,43) (932,56) (933,46) (934,38) (935,39) (936,41) (937,38) (938,35) (939,29) (940,24) (941,27) (942,31) (943,36) (944,35) (945,37) (946,40) (947,38) (948,36) (949,31) (950,39) (951,31) (952,34) (953,47) (954,54) (955,59) (956,58) (957,66) (958,63) (959,66) (960,60) (961,67) (962,69) 
(999,53) (998,59) (997,61) (963,80) (612,166) (215,145) (100,105) (0,6) (996,45) (995,53) (964,72) (994,47) (993,51) (990,56) (967,70) (965,66) (966,63) 
(999,53) (998,59) (997,61) (963,80) (612,166) (215,145) (100,105) (0,6) (996,45) (995,53) (964,72) (994,47) (993,51) (990,56) (967,70) (968,66) (969,62) (970,58) (971,45) (972,46) (973,56) (974,50) (975,50) (976,50) (977,56) (978,53) (979,47) (980,41) (981,47) (982,46) (983,43) (984,43) (985,51) (986,50) (987,52) (988,47) (989,49) 
(999,53) (998,59) (997,61) (963,80) (612,166) (215,145) (100,105) (0,6) (996,45) (995,53) (964,72) (994,47) (993,51) (990,56) (967,70) (991,50) (992,49) 
(999,53) (998,59) (997,61) (963,80) (612,166) (215,145) (100,105) (0,6) (996,45) (995,53) (964,72) (994,47) (993,51) (990,56) (967,70) 
TD 4 :
(999,53) (998,59) (997,61) (963,80) (612,166) (215,145) (100,105) (0,6) (1,6) (3,7) (2,6) (99,94) (4,-1) (5,-6) (6,-11) (7,-2) (8,-1) (9,3) (10,-1) (11,-14) (12,-13) (13,-14) (14,-19) (15,-14) (16,-15) (17,-11) (18,2) (19,2) (20,2) (21,2) (22,-3) (23,-6) (24,3) (25,-4) (26,-3) (27,-1) (28,11) (29,7) (30,6) (31,8) (32,4) (33,4) (34,19) (35,17) (36,13) (37,12) (38,8) (39,-5) (40,-4) (41,-8) (42,-6) (43,-3) (44,3) (45,-5) (46,-9) (47,-9) (48,-7) (49,-7) (50,-4) (51,2) (52,5) (53,5) (54,-2) (55,5) (56,5) (57,13) (58,28) (59,26) (60,27) (61,23) (62,32) (63,32) (64,35) (65,41) (66,35) (67,29) (68,27) (69,26) (70,30) (71,37) (72,39) (73,46) (74,43) (75,48) (76,45) (77,38) (78,43) (79,44) (80,50) (81,49) (82,46) (83,51) (84,49) (85,53) (86,50) (87,50) (88,59) (89,53) (90,55) (91,59) (92,59) (93,70) (94,73) (95,79) (96,77) (97,79) (98,86) 
(999,53) (998,59) (997,61) (963,80) (612,166) (215,145) (100,105) (0,6) (1,6) (3,7) (2,6) (99,94) (4,-1) 
(999,53) (998,59) (997,61) (963,80) (612,166) (215,145) (100,105) (0,6) (101,101) (103,98) (213,138) (109,98) (104,92) (105,87) (106,93) (107,90) (108,96) 
(999,53) (998,59) (997,61) (963,80) (612,166) (215,145) (100,105) (0,6) (101,101) (103,98) (213,138) (109,98) (110,91) (111,93) (112,91) (113,92) (114,91) (115,90) (116,95) (117,86) (118,82) (119,77) (120,78) (121,78) (122,73) (123,69) (124,66) (125,67) (126,63) (127,67) (128,67) (129,66) (130,74) (131,59) (132,67) (133,63) (134,68) (135,67) (136,69) (137,71) (138,78) (139,69) (140,74) (141,74) (142,73) (143,68) (144,71) (145,84) (146,88) (147,88) (148,82) (149,81) (150,77) (151,74) (152,74) (153,69) (154,79) (155,73) (156,72) (157,65) (158,65) (159,66) (160,67) (161,60) (162,67) (163,65) (164,69) (165,66) (166,74) (167,81) (168,81) (169,76) (170,79) (171,73) (172,76) (173,79) (174,87) (175,92) (176,90) (177,94) (178,94) (179,100) (180,105) (181,106) (182,107) (183,103) (184,106) (185,107) (186,107) (187,108) (188,108) (189,111) (190,117) (191,112) (192,115) (193,119) (194,120) (195,127) (196,124) (197,112) (198,120) (199,121) (200,123) (201,123) (202,121) (203,119) (204,126) (205,119) (206,122) (207,126) (208,121) (209,118) (210,119) (211,127) (212,129) 
(999,53) (998,59) (997,61) (963,80) (612,166) (215,145) (100,105) (0,6) (101,101) (103,98) (213,138) (109,98) (214,136) 
(999,53) (998,59) (997,61) (963,80) (612,166) (215,145) (100,105) (0,6) (609,164) (608,164) (216,145) (220,141) (221,139) 
(999,53) (998,59) (997,61) (963,80) (612,166) (215,145) (100,105) (0,6) (609,164) (608,164) (216,145) (220,141) (221,139) (222,139) (223,135) (224,131) (225,120) (226,114) (227,112) (228,114) (229,108) (230,101) (231,99) (232,90) (233,87) (234,86) (235,87) (236,91) (237,85) (238,86) (239,87) (240,88) (241,86) (242,77) (243,82) (244,85) (245,76) (246,72) (247,76) (248,75) (249,81) (250,88) (251,85) (252,82) (253,76) (254,80) (255,81) (256,82) (257,84) (258,84) (259,91) (260,82) (261,81) (262,80) (263,75) (264,71) (265,67) (266,67) (267,62) (268,58) (269,57) (270,53) (271,52) (272,49) (273,51) (274,50) (275,50) (276,47) (277,41) (278,46) (279,39) (280,42) (281,43) (282,45) (283,44) (284,38) (285,32) (286,36) (287,38) (288,44) (289,41) (290,48) (291,58) (292,53) (293,59) (294,58) (295,60) (296,64) (297,65) (298,60) (299,56) (300,63) (301,55) (302,46) (303,47) (304,48) (305,39) (306,42) (307,36) (308,38) (309,45) (310,49) (311,55) (312,50) (313,41) (314,40) (315,25) (316,28) (317,22) (318,28) (319,23) (320,16) (321,19) (322,19) (323,22) (324,28) (325,29) (326,16) (327,19) (328,14) (329,10) (330,0) (331,1) (332,2) (333,14) (334,21) (335,21) (336,22) (337,26) (338,27) (339,24) (340,30) (341,29) (342,18) (343,14) (344,20) (345,21) (346,17) (347,23) (348,34) (349,39) (350,50) (351,59) (352,61) (353,68) (354,65) (355,71) (356,75) (357,65) (358,53) (359,55) (360,54) (361,44) (362,40) (363,47) (364,58) (365,63) (366,60) (367,62) (368,63) (369,69) (370,65) (371,68) (372,67) (373,68) (374,59) (375,53) (376,57) (377,53) (378,49) (379,55) (380,58) (381,51) (382,48) (383,57) (384,53) (385,54) (386,51) (387,58) (388,59) (389,49) (390,53) (391,55) (392,47) (393,42) (394,28) (395,27) (396,31) (397,30) (398,27) (399,29) (400,39) (401,52) (402,46) (403,54) (404,50) (405,49) (406,45) (407,49) (408,38) (409,36) (410,39) (411,45) (412,49) (413,56) (414,61) (415,65) (416,67) (417,73) (418,73) (419,82) (420,81) (421,85) (422,89) (423,105) (424,106) (425,111) (426,119) (427,122) (428,123) (429,120) (430,118) (431,114) (432,115) (433,109) (434,104) (435,97) (436,101) (437,95) (438,99) (439,95) (440,97) (441,105) (442,108) (443,102) (444,106) (445,97) (446,93) (447,94) (448,91) (449,90) (450,96) (451,94) (452,102) (453,105) (454,97) (455,98) (456,99) (457,96) (458,94) (459,100) (460,106) (461,112) (462,108) (463,108) (464,113) (465,121) (466,124) (467,124) (468,126) (469,118) (470,113) (471,114) (472,113) (473,113) (474,115) (475,107) (476,107) (477,105) (478,101) (479,91) (480,91) (481,89) (482,83) (483,86) (484,93) (485,87) (486,73) (487,76) (488,72) (489,70) (490,72) (491,72) (492,73) (493,76) (494,82) (495,87) (496,86) (497,84) (498,83) (499,82) (500,83) (501,89) (502,80) (503,77) (504,72) (505,71) (506,77) (507,80) (508,84) (509,87) (510,90) (511,85) (512,87) (513,86) (514,76) (515,83) (516,82) (517,78) (518,76) (519,72) (520,71) (521,68) (522,71) (523,79) (524,76) (525,85) (526,86) (527,94) (528,93) (529,93) (530,98) (531,88) (532,86) (533,83) (534,84) (535,91) (536,86) (537,86) (538,86) (539,90) (540,96) (541,94) (542,90) (543,98) (544,104) (545,109) (546,112) (547,103) (548,104) (549,102) (550,99) (551,93) (552,89) (553,84) (554,87) (555,81) (556,88) (557,84) (558,92) (559,100) (560,103) (561,102) (562,102) (563,103) (564,105) (565,112) (566,113) (567,115) (568,123) (569,128) (570,127) (571,122) (572,124) (573,113) (574,113) (575,120) (576,120) (577,118) (578,119) (579,109) (580,110) (581,110) (582,111) (583,111) (584,110) (585,107) (586,103) (587,113) (588,123) (589,126) (590,125) (591,122) (592,133) (593,128) (594,134) (595,138) (596,140) (597,143) (598,150) (599,139) (600,146) (601,148) (602,150) (603,148) (604,147) (605,151) (606,156) (607,160) 
(999,53) (998,59) (997,61) (963,80) (612,166) (215,145) (100,105) (0,6) (762,126) (615,162) (613,162) 
(999,53) (998,59) (997,61) (963,80) (612,166) (215,145) (100,105) (0,6) (762,126) (615,162) (613,162) (614,160) 
(999,53) (998,59) (997,61) (963,80) (612,166) (215,145) (100,105) (0,6) (762,126) (615,162) (761,124) (616,156) (617,151) (618,155) (619,147) (620,154) (621,153) (622,148) (623,148) (624,142) (625,139) (626,140) (627,131) (628,138) (629,139) (630,125) (631,120) (632,113) (633,112) (634,99) (635,90) (636,86) (637,81) (638,77) (639,87) (640,90) (641,92) (642,94) (643,97) (644,97) (645,98) (646,98) (647,91) (648,86) (649,94) (650,95) (651,94) (652,90) (653,82) (654,84) (655,85) (656,94) (657,98) (658,95) (659,97) (660,101) (661,105) (662,103) (663,102) (664,94) (665,90) (666,88) (667,83) (668,83) (669,82) (670,81) (671,81) (672,78) (673,76) (674,76) (675,79) (676,78) (677,81) (678,80) (679,72) (680,57) (681,63) (682,65) (683,69) (684,72) (685,82) (686,87) (687,85) (688,85) (689,82) (690,78) (691,77) (692,72) (693,75) (694,71) (695,71) (696,74) (697,80) (698,84) (699,85) (700,83) (701,80) (702,76) (703,77) (704,70) (705,75) (706,77) (707,75) (708,72) (709,79) (710,73) (711,78) (712,75) (713,74) (714,76) (715,76) (716,84) (717,75) (718,70) (719,64) (720,58) (721,60) (722,65) (723,64) (724,65) (725,64) (726,66) (727,66) (728,50) (729,52) (730,52) (731,48) (732,50) (733,49) (734,49) (735,57) (736,53) (737,44) (738,46) (739,48) (740,47) (741,38) (742,47) (743,45) (744,47) (745,46) (746,51) (747,59) (748,58) (749,63) (750,59) (751,55) (752,64) (753,75) (754,77) (755,82) (756,86) (757,93) (758,107) (759,115) (760,118) 
(999,53) (998,59) (997,61) (963,80) (612,166) (215,145) (100,105) (0,6) (762,126) (615,162) (761,124) 
(999,53) (998,59) (997,61) (963,80) (612,166) (215,145) (100,105) (0,6) (762,126) (763,124) (962,69) (764,122) (765,117) (766,121) (767,119) (768,111) (769,111) (770,109) (771,109) (772,103) (773,110) (774,117) (775,112) (776,108) (777,104) (778,103) (779,101) (780,97) (781,98) (782,94) (783,97) (784,97) (785,100) (786,97) (787,92) (788,91) (789,87) (790,84) (791,83) (792,78) (793,79) (794,85) (795,94) (796,99) (797,91) (798,90) (799,100) (800,98) (801,92) (802,89) (803,95) (804,90) (805,97) (806,98) (807,90) (808,89) (809,92) (810,79) (811,75) (812,71) (813,70) (814,69) (815,68) (816,56) (817,50) (818,55) (819,52) (820,62) (821,60) (822,60) (823,65) (824,68) (825,72) (826,64) (827,57) (828,59) (829,57) (830,49) (831,44) (832,35) (833,34) (834,33) (835,37) (836,42) (837,53) (838,54) (839,49) (840,36) (841,43) (842,45) (843,44) (844,43) (845,47) (846,45) (847,43) (848,46) (849,45) (850,48) (851,53) (852,49) (853,49) (854,44) (855,49) (856,48) (857,52) (858,42) (859,34) (860,33) (861,27) (862,17) (863,22) (864,18) (865,22) (866,21) (867,20) (868,22) (869,27) (870,29) (871,27) (872,19) (873,19) (874,15) (875,24) (876,26) (877,34) (878,26) (879,34) (880,33) (881,29) (882,35) (883,35) (884,36) (885,32) (886,26) (887,26) (888,26) (889,18) (890,26) (891,27) (892,22) (893,17) (894,25) (895,24) (896,24) (897,25) (898,22) (899,22) (900,23) (901,24) (902,20) (903,26) (904,23) (905,20) (906,21) (907,20) (908,23) (909,27) (910,17) (911,18) (912,15) (913,17) (914,15) (915,22) (916,25) (917,21) (918,25) (919,22) (920,15) (921,24) (922,26) (923,26) (924,27) (925,25) (926,33) (927,37) (928,36) (929,36) (930,36) (931,43) (932,56) (933,46) (934,38) (935,39) (936,41) (937,38) (938,35) (939,29) (940,24) (941,27) (942,31) (943,36) (944,35) (945,37) (946,40) (947,38) (948,36) (949,31) (950,39) (951,31) (952,34) (953,47) (954,54) (955,59) (956,58) (957,66) (958,63) (959,66) (960,60) (961,67) 
(999,53) (998,59) (997,61) (963,80) (612,166) (215,145) (100,105) (0,6) (762,126) (763,124) (962,69) 
(999,53) (998,59) (997,61) (963,80) (612,166) (215,145) (100,105) (0,6) (996,45) (995,53) (964,72) (994,47) (993,51) (990,56) (967,70) (968,66) 
(999,53) (998,59) (997,61) (963,80) (612,166) (215,145) (100,105) (0,6) (996,45) (995,53) (964,72) (994,47) (993,51) (990,56) (967,70) (968,66) (969,62) (970,58) (971,45) (972,46) (973,56) (974,50) (975,50) (976,50) (977,56) (978,53) (979,47) (980,41) (981,47) (982,46) (983,43) (984,43) (985,51) (986,50) (987,52) (988,47) (989,49) 
(999,53) (998,59) (997,61) (963,80) (612,166) (215,145) (100,105) (0,6) (996,45) (995,53) (964,72) (994,47) (993,51) (990,56) (967,70) (992,49) (991,50) 
(999,53) (998,59) (997,61) (963,80) (612,166) (215,145) (100,105) (0,6) (996,45) (995,53) (964,72) (994,47) (993,51) (990,56) (967,70) (992,49) (991,50) 
TD 5 :
(999,53) (998,59) (997,61) (963,80) (612,166) (215,145) (100,105) (0,6) (1,6) (3,7) (2,6) (99,94) (4,-1) (9,3) (5,-6) (6,-11) (7,-2) (8,-1) 
(999,53) (998,59) (997,61) (963,80) (612,166) (215,145) (100,105) (0,6) (1,6) (3,7) (2,6) (99,94) (4,-1) (9,3) (5,-6) (10,-1) (11,-14) (12,-13) (13,-14) (14,-19) (15,-14) (16,-15) (17,-11) (18,2) (19,2) (20,2) (21,2) (22,-3) (23,-6) (24,3) (25,-4) (26,-3) (27,-1) (28,11) (29,7) (30,6) (31,8) (32,4) (33,4) (34,19) (35,17) (36,13) (37,12) (38,8) (39,-5) (40,-4) (41,-8) (42,-6) (43,-3) (44,3) (45,-5) (46,-9) (47,-9) (48,-7) (49,-7) (50,-4) (51,2) (52,5) (53,5) (54,-2) (55,5) (56,5) (57,13) (58,28) (59,26) (60,27) (61,23) (62,32) (63,32) (64,35) (65,41) (66,35) (67,29) (68,27) (69,26) (70,30) (71,37) (72,39) (73,46) (74,43) (75,48) (76,45) (77,38) (78,43) (79,44) (80,50) (81,49) (82,46) (83,51) (84,49) (85,53) (86,50) (87,50) (88,59) (89,53) (90,55) (91,59) (92,59) (93,70) (94,73) (95,79) (96,77) (97,79) (98,86) 
(999,53) (998,59) (997,61) (963,80) (612,166) (215,145) (100,105) (0,6) (101,101) (103,98) (213,138) (109,98) (214,136) 
(999,53) (998,59) (997,61) (963,80) (612,166) (215,145) (100,105) (0,6) (101,101) (103,98) (213,138) (109,98) (214,136) 
(999,53) (998,59) (997,61) (963,80) (612,166) (215,145) (100,105) (0,6) (609,164) (608,164) (216,145) (220,141) (221,139) (607,160) (222,139) 
(999,53) (998,59) (997,61) (963,80) (612,166) (215,145) (100,105) (0,6) (609,164) (608,164) (216,145) (220,141) (221,139) (607,160) (222,139) (223,135) (224,131) (225,120) (226,114) (227,112) (228,114) (229,108) (230,101) (231,99) (232,90) (233,87) (234,86) (235,87) (236,91) (237,85) (238,86) (239,87) (240,88) (241,86) (242,77) (243,82) (244,85) (245,76) (246,72) (247,76) (248,75) (249,81) (250,88) (251,85) (252,82) (253,76) (254,80) (255,81) (256,82) (257,84) (258,84) (259,91) (260,82) (261,81) (262,80) (263,75) (264,71) (265,67) (266,67) (267,62) (268,58) (269,57) (270,53) (271,52) (272,49) (273,51) (274,50) (275,50) (276,47) (277,41) (278,46) (279,39) (280,42) (281,43) (282,45) (283,44) (284,38) (285,32) (286,36) (287,38) (288,44) (289,41) (290,48) (291,58) (292,53) (293,59) (294,58) (295,60) (296,64) (297,65) (298,60) (299,56) (300,63) (301,55) (302,46) (303,47) (304,48) (305,39) (306,42) (307,36) (308,38) (309,45) (310,49) (311,55) (312,50) (313,41) (314,40) (315,25) (316,28) (317,22) (318,28) (319,23) (320,16) (321,19) (322,19) (323,22) (324,28) (325,29) (326,16) (327,19) (328,14) (329,10) (330,0) (331,1) (332,2) (333,14) (334,21) (335,21) (336,22) (337,26) (338,27) (339,24) (340,30) (341,29) (342,18) (343,14) (344,20) (345,21) (346,17) (347,23) (348,34) (349,39) (350,50) (351,59) (352,61) (353,68) (354,65) (355,71) (356,75) (357,65) (358,53) (359,55) (360,54) (361,44) (362,40) (363,47) (364,58) (365,63) (366,60) (367,62) (368,63) (369,69) (370,65) (371,68) (372,67) (373,68) (374,59) (375,53) (376,57) (377,53) (378,49) (379,55) (380,58) (381,51) (382,48) (383,57) (384,53) (385,54) (386,51) (387,58) (388,59) (389,49) (390,53) (391,55) (392,47) (393,42) (394,28) (395,27) (396,31) (397,30) (398,27) (399,29) (400,39) (401,52) (402,46) (403,54) (404,50) (405,49) (406,45) (407,49) (408,38) (409,36) (410,39) (411,45) (412,49) (413,56) (414,61) (415,65) (416,67) (417,73) (418,73) (419,82) (420,81) (421,85) (422,89) (423,105) (424,106) (425,111) (426,119) (427,122) (428,123) (429,120) (430,118) (431,114) (432,115) (433,109) (434,104) (435,97) (436,101) (437,95) (438,99) (439,95) (440,97) (441,105) (442,108) (443,102) (444,106) (445,97) (446,93) (447,94) (448,91) (449,90) (450,96) (451,94) (452,102) (453,105) (454,97) (455,98) (456,99) (457,96) (458,94) (459,100) (460,106) (461,112) (462,108) (463,108) (464,113) (465,121) (466,124) (467,124) (468,126) (469,118) (470,113) (471,114) (472,113) (473,113) (474,115) (475,107) (476,107) (477,105) (478,101) (479,91) (480,91) (481,89) (482,83) (483,86) (484,93) (485,87) (486,73) (487,76) (488,72) (489,70) (490,72) (491,72) (492,73) (493,76) (494,82) (495,87) (496,86) (497,84) (498,83) (499,82) (500,83) (501,89) (502,80) (503,77) (504,72) (505,71) (506,77) (507,80) (508,84) (509,87) (510,90) (511,85) (512,87) (513,86) (514,76) (515,83) (516,82) (517,78) (518,76) (519,72) (520,71) (521,68) (522,71) (523,79) (524,76) (525,85) (526,86) (527,94) (528,93) (529,93) (530,98) (531,88) (532,86) (533,83) (534,84) (535,91) (536,86) (537,86) (538,86) (539,90) (540,96) (541,94) (542,90) (543,98) (544,104) (545,109) (546,112) (547,103) (548,104) (549,102) (550,99) (551,93) (552,89) (553,84) (554,87) (555,81) (556,88) (557,84) (558,92) (559,100) (560,103) (561,102) (562,102) (563,103) (564,105) (565,112) (566,113) (567,115) (568,123) (569,128) (570,127) (571,122) (572,124) (573,113) (574,113) (575,120) (576,120) (577,118) (578,119) (579,109) (580,110) (581,110) (582,111) (583,111) (584,110) (585,107) (586,103) (587,113) (588,123) (589,126) (590,125) (591,122) (592,133) (593,128) (594,134) (595,138) (596,140) (597,143) (598,150) (599,139) (600,146) (601,148) (602,150) (603,148) (604,147) (605,151) (606,156) 
(999,53) (998,59) (997,61) (963,80) (612,166) (215,145) (100,105) (0,6) (609,164) (608,164) (216,145) (220,141) (221,139) (607,160) (222,139) 
(999,53) (998,59) (997,61) (963,80) (612,166) (215,145) (100,105) (0,6) (762,126) (615,162) (613,162) (614,160) 
(999,53) (998,59) (997,61) (963,80) (612,166) (215,145) (100,105) (0,6) (762,126) (615,162) (613,162) (614,160) 
(999,53) (998,59) (997,61) (963,80) (612,166) (215,145) (100,105) (0,6) (762,126) (763,124) (962,69) (764,122) 
(999,53) (998,59) (997,61) (963,80) (612,166) (215,145) (100,105) (0,6) (762,126) (763,124) (962,69) (764,122) (765,117) (766,121) (767,119) (768,111) (769,111) (770,109) (771,109) (772,103) (773,110) (774,117) (775,112) (776,108) (777,104) (778,103) (779,101) (780,97) (781,98) (782,94) (783,97) (784,97) (785,100) (786,97) (787,92) (788,91) (789,87) (790,84) (791,83) (792,78) (793,79) (794,85) (795,94) (796,99) (797,91) (798,90) (799,100) (800,98) (801,92) (802,89) (803,95) (804,90) (805,97) (806,98) (807,90) (808,89) (809,92) (810,79) (811,75) (812,71) (813,70) (814,69) (815,68) (816,56) (817,50) (818,55) (819,52) (820,62) (821,60) (822,60) (823,65) (824,68) (825,72) (826,64) (827,57) (828,59) (829,57) (830,49) (831,44) (832,35) (833,34) (834,33) (835,37) (836,42) (837,53) (838,54) (839,49) (840,36) (841,43) (842,45) (843,44) (844,43) (845,47) (846,45) (847,43) (848,46) (849,45) (850,48) (851,53) (852,49) (853,49) (854,44) (855,49) (856,48) (857,52) (858,42) (859,34) (860,33) (861,27) (862,17) (863,22) (864,18) (865,22) (866,21) (867,20) (868,22) (869,27) (870,29) (871,27) (872,19) (873,19) (874,15) (875,24) (876,26) (877,34) (878,26) (879,34) (880,33) (881,29) (882,35) (883,35) (884,36) (885,32) (886,26) (887,26) (888,26) (889,18) (890,26) (891,27) (892,22) (893,17) (894,25) (895,24) (896,24) (897,25) (898,22) (899,22) (900,23) (901,24) (902,20) (903,26) (904,23) (905,20) (906,21) (907,20) (908,23) (909,27) (910,17) (911,18) (912,15) (913,17) (914,15) (915,22) (916,25) (917,21) (918,25) (919,22) (920,15) (921,24) (922,26) (923,26) (924,27) (925,25) (926,33) (927,37) (928,36) (929,36) (930,36) (931,43) (932,56) (933,46) (934,38) (935,39) (936,41) (937,38) (938,35) (939,29) (940,24) (941,27) (942,31) (943,36) (944,35) (945,37) (946,40) (947,38) (948,36) (949,31) (950,39) (951,31) (952,34) (953,47) (954,54) (955,59) (956,58) (957,66) (958,63) (959,66) (960,60) (961,67) 
(999,53) (998,59) (997,61) (963,80) (612,166) (215,145) (100,105) (0,6) (996,45) (995,53) (964,72) (994,47) (993,51) (990,56) (967,70) (968,66) (989,49) (987,52) (969,62) (970,58) (971,45) (972,46) (973,56) (974,50) (975,50) (976,50) (977,56) (978,53) (979,47) (980,41) (981,47) (982,46) (983,43) (984,43) (985,51) (986,50) 
(999,53) (998,59) (997,61) (963,80) (612,166) (215,145) (100,105) (0,6) (996,45) (995,53) (964,72) (994,47) (993,51) (990,56) (967,70) (968,66) (989,49) (987,52) (988,47) 
TD 6 :
(999,53) (998,59) (997,61) (963,80) (612,166) (215,145) (100,105) (0,6) (1,6) (3,7) (2,6) (99,94) (4,-1) (9,3) (5,-6) (8,-1) (7,-2) (6,-11) 
(999,53) (998,59) (997,61) (963,80) (612,166) (215,145) (100,105) (0,6) (1,6) (3,7) (2,6) (99,94) (4,-1) (9,3) (5,-6) (8,-1) (7,-2) (6,-11) 
(999,53) (998,59) (997,61) (963,80) (612,166) (215,145) (100,105) (0,6) (1,6) (3,7) (2,6) (99,94) (4,-1) (9,3) (5,-6) (8,-1) (7,-2) (6,-11) 
(999,53) (998,59) (997,61) (963,80) (612,166) (215,145) (100,105) (0,6) (609,164) (608,164) (216,145) (220,141) (221,139) (607,160) (222,139) (606,156) (223,135) (224,131) (225,120) (226,114) (227,112) (228,114) (229,108) (230,101) (231,99) (232,90) (233,87) (234,86) (235,87) (236,91) (237,85) (238,86) (239,87) (240,88) (241,86) (242,77) (243,82) (244,85) (245,76) (246,72) (247,76) (248,75) (249,81) (250,88) (251,85) (252,82) (253,76) (254,80) (255,81) (256,82) (257,84) (258,84) (259,91) (260,82) (261,81) (262,80) (263,75) (264,71) (265,67) (266,67) (267,62) (268,58) (269,57) (270,53) (271,52) (272,49) (273,51) (274,50) (275,50) (276,47) (277,41) (278,46) (279,39) (280,42) (281,43) (282,45) (283,44) (284,38) (285,32) (286,36) (287,38) (288,44) (289,41) (290,48) (291,58) (292,53) (293,59) (294,58) (295,60) (296,64) (297,65) (298,60) (299,56) (300,63) (301,55) (302,46) (303,47) (304,48) (305,39) (306,42) (307,36) (308,38) (309,45) (310,49) (311,55) (312,50) (313,41) (314,40) (315,25) (316,28) (317,22) (318,28) (319,23) (320,16) (321,19) (322,19) (323,22) (324,28) (325,29) (326,16) (327,19) (328,14) (329,10) (330,0) (331,1) (332,2) (333,14) (334,21) (335,21) (336,22) (337,26) (338,27) (339,24) (340,30) (341,29) (342,18) (343,14) (344,20) (345,21) (346,17) (347,23) (348,34) (349,39) (350,50) (351,59) (352,61) (353,68) (354,65) (355,71) (356,75) (357,65) (358,53) (359,55) (360,54) (361,44) (362,40) (363,47) (364,58) (365,63) (366,60) (367,62) (368,63) (369,69) (370,65) (371,68) (372,67) (373,68) (374,59) (375,53) (376,57) (377,53) (378,49) (379,55) (380,58) (381,51) (382,48) (383,57) (384,53) (385,54) (386,51) (387,58) (388,59) (389,49) (390,53) (391,55) (392,47) (393,42) (394,28) (395,27) (396,31) (397,30) (398,27) (399,29) (400,39) (401,52) (402,46) (403,54) (404,50) (405,49) (406,45) (407,49) (408,38) (409,36) (410,39) (411,45) (412,49) (413,56) (414,61) (415,65) (416,67) (417,73) (418,73) (419,82) (420,81) (421,85) (422,89) (423,105) (424,106) (425,111) (426,119) (427,122) (428,123) (429,120) (430,118) (431,114) (432,115) (433,109) (434,104) (435,97) (436,101) (437,95) (438,99) (439,95) (440,97) (441,105) (442,108) (443,102) (444,106) (445,97) (446,93) (447,94) (448,91) (449,90) (450,96) (451,94) (452,102) (453,105) (454,97) (455,98) (456,99) (457,96) (458,94) (459,100) (460,106) (461,112) (462,108) (463,108) (464,113) (465,121) (466,124) (467,124) (468,126) (469,118) (470,113) (471,114) (472,113) (473,113) (474,115) (475,107) (476,107) (477,105) (478,101) (479,91) (480,91) (481,89) (482,83) (483,86) (484,93) (485,87) (486,73) (487,76) (488,72) (489,70) (490,72) (491,72) (492,73) (493,76) (494,82) (495,87) (496,86) (497,84) (498,83) (499,82) (500,83) (501,89) (502,80) (503,77) (504,72) (505,71) (506,77) (507,80) (508,84) (509,87) (510,90) (511,85) (512,87) (513,86) (514,76) (515,83) (516,82) (517,78) (518,76) (519,72) (520,71) (521,68) (522,71) (523,79) (524,76) (525,85) (526,86) (527,94) (528,93) (529,93) (530,98) (531,88) (532,86) (533,83) (534,84) (535,91) (536,86) (537,86) (538,86) (539,90) (540,96) (541,94) (542,90) (543,98) (544,104) (545,109) (546,112) (547,103) (548,104) (549,102) (550,99) (551,93) (552,89) (553,84) (554,87) (555,81) (556,88) (557,84) (558,92) (559,100) (560,103) (561,102) (562,102) (563,103) (564,105) (565,112) (566,113) (567,115) (568,123) (569,128) (570,127) (571,122) (572,124) (573,113) (574,113) (575,120) (576,120) (577,118) (578,119) (579,109) (580,110) (581,110) (582,111) (583,111) (584,110) (585,107) (586,103) (587,113) (588,123) (589,126) (590,125) (591,122) (592,133) (593,128) (594,134) (595,138) (596,140) (597,143) (598,150) (599,139) (600,146) (601,148) (602,150) (603,148) (604,147) (605,151) 
(999,53) (998,59) (997,61) (963,80) (612,166) (215,145) (100,105) (0,6) (609,164) (608,164) (216,145) (220,141) (221,139) (607,160) (222,139) (606,156) 
(999,53) (998,59) (997,61) (963,80) (612,166) (215,145) (100,105) (0,6) (762,126) (763,124) (962,69) (764,122) (961,67) (766,121) (765,117) 
(999,53) (998,59) (997,61) (963,80) (612,166) (215,145) (100,105) (0,6) (762,126) (763,124) (962,69) (764,122) (961,67) (766,121) (767,119) (768,111) (769,111) (770,109) (771,109) (772,103) (773,110) (774,117) (775,112) (776,108) (777,104) (778,103) (779,101) (780,97) (781,98) (782,94) (783,97) (784,97) (785,100) (786,97) (787,92) (788,91) (789,87) (790,84) (791,83) (792,78) (793,79) (794,85) (795,94) (796,99) (797,91) (798,90) (799,100) (800,98) (801,92) (802,89) (803,95) (804,90) (805,97) (806,98) (807,90) (808,89) (809,92) (810,79) (811,75) (812,71) (813,70) (814,69) (815,68) (816,56) (817,50) (818,55) (819,52) (820,62) (821,60) (822,60) (823,65) (824,68) (825,72) (826,64) (827,57) (828,59) (829,57) (830,49) (831,44) (832,35) (833,34) (834,33) (835,37) (836,42) (837,53) (838,54) (839,49) (840,36) (841,43) (842,45) (843,44) (844,43) (845,47) (846,45) (847,43) (848,46) (849,45) (850,48) (851,53) (852,49) (853,49) (854,44) (855,49) (856,48) (857,52) (858,42) (859,34) (860,33) (861,27) (862,17) (863,22) (864,18) (865,22) (866,21) (867,20) (868,22) (869,27) (870,29) (871,27) (872,19) (873,19) (874,15) (875,24) (876,26) (877,34) (878,26) (879,34) (880,33) (881,29) (882,35) (883,35) (884,36) (885,32) (886,26) (887,26) (888,26) (889,18) (890,26) (891,27) (892,22) (893,17) (894,25) (895,24) (896,24) (897,25) (898,22) (899,22) (900,23) (901,24) (902,20) (903,26) (904,23) (905,20) (906,21) (907,20) (908,23) (909,27) (910,17) (911,18) (912,15) (913,17) (914,15) (915,22) (916,25) (917,21) (918,25) (919,22) (920,15) (921,24) (922,26) (923,26) (924,27) (925,25) (926,33) (927,37) (928,36) (929,36) (930,36) (931,43) (932,56) (933,46) (934,38) (935,39) (936,41) (937,38) (938,35) (939,29) (940,24) (941,27) (942,31) (943,36) (944,35) (945,37) (946,40) (947,38) (948,36) (949,31) (950,39) (951,31) (952,34) (953,47) (954,54) (955,59) (956,58) (957,66) (958,63) (959,66) (960,60) 
(999,53) (998,59) (997,61) (963,80) (612,166) (215,145) (100,105) (0,6) (762,126) (763,124) (962,69) (764,122) (961,67) (766,121) 
(999,53) (998,59) (997,61) (963,80) (612,166) (215,145) (100,105) (0,6) (996,45) (995,53) (964,72) (994,47) (993,51) (990,56) (967,70) (968,66) (989,49) (987,52) (986,50) (985,51) (969,62) 
(999,53) (998,59) (997,61) (963,80) (612,166) (215,145) (100,105) (0,6) (996,45) (995,53) (964,72) (994,47) (993,51) (990,56) (967,70) (968,66) (989,49) (987,52) (986,50) (985,51) (969,62) (970,58) (971,45) (972,46) (973,56) (974,50) (975,50) (976,50) (977,56) (978,53) (979,47) (980,41) (981,47) (982,46) (983,43) (984,43) 
(999,53) (998,59) (997,61) (963,80) (612,166) (215,145) (100,105) (0,6) (996,45) (995,53) (964,72) (994,47) (993,51) (990,56) (967,70) (968,66) (989,49) (987,52) (986,50) (985,51) (969,62) 
(999,53) (998,59) (997,61) (963,80) (612,166) (215,145) (100,105) (0,6) (996,45) (995,53) (964,72) (994,47) (993,51) (990,56) (967,70) (968,66) (989,49) (987,52) (986,50) (985,51) (969,62) 
(999,53) (998,59) (997,61) (963,80) (612,166) (215,145) (100,105) (0,6) (996,45) (995,53) (964,72) (994,47) (993,51) (990,56) (967,70) (968,66) (989,49) (987,52) (988,47) 
TD 7 :
(999,53) (998,59) (997,61) (963,80) (612,166) (215,145) (100,105) (0,6) (762,126) (763,124) (962,69) (764,122) (961,67) (766,121) (959,66) (767,119) 
(999,53) (998,59) (997,61) (963,80) (612,166) (215,145) (100,105) (0,6) (762,126) (763,124) (962,69) (764,122) (961,67) (766,121) (959,66) (767,119) (768,111) (769,111) (770,109) (771,109) (772,103) (773,110) (774,117) (775,112) (776,108) (777,104) (778,103) (779,101) (780,97) (781,98) (782,94) (783,97) (784,97) (785,100) (786,97) (787,92) (788,91) (789,87) (790,84) (791,83) (792,78) (793,79) (794,85) (795,94) (796,99) (797,91) (798,90) (799,100) (800,98) (801,92) (802,89) (803,95) (804,90) (805,97) (806,98) (807,90) (808,89) (809,92) (810,79) (811,75) (812,71) (813,70) (814,69) (815,68) (816,56) (817,50) (818,55) (819,52) (820,62) (821,60) (822,60) (823,65) (824,68) (825,72) (826,64) (827,57) (828,59) (829,57) (830,49) (831,44) (832,35) (833,34) (834,33) (835,37) (836,42) (837,53) (838,54) (839,49) (840,36) (841,43) (842,45) (843,44) (844,43) (845,47) (846,45) (847,43) (848,46) (849,45) (850,48) (851,53) (852,49) (853,49) (854,44) (855,49) (856,48) (857,52) (858,42) (859,34) (860,33) (861,27) (862,17) (863,22) (864,18) (865,22) (866,21) (867,20) (868,22) (869,27) (870,29) (871,27) (872,19) (873,19) (874,15) (875,24) (876,26) (877,34) (878,26) (879,34) (880,33) (881,29) (882,35) (883,35) (884,36) (885,32) (886,26) (887,26) (888,26) (889,18) (890,26) (891,27) (892,22) (893,17) (894,25) (895,24) (896,24) (897,25) (898,22) (899,22) (900,23) (901,24) (902,20) (903,26) (904,23) (905,20) (906,21) (907,20) (908,23) (909,27) (910,17) (911,18) (912,15) (913,17) (914,15) (915,22) (916,25) (917,21) (918,25) (919,22) (920,15) (921,24) (922,26) (923,26) (924,27) (925,25) (926,33) (927,37) (928,36) (929,36) (930,36) (931,43) (932,56) (933,46) (934,38) (935,39) (936,41) (937,38) (938,35) (939,29) (940,24) (941,27) (942,31) (943,36) (944,35) (945,37) (946,40) (947,38) (948,36) (949,31) (950,39) (951,31) (952,34) (953,47) (954,54) (955,59) (956,58) (957,66) (958,63) 
(999,53) (998,59) (997,61) (963,80) (612,166) (215,145) (100,105) (0,6) (762,126) (763,124) (962,69) (764,122) (961,67) (766,121) (959,66) (767,119) (960,60) 
(999,53) (998,59) (997,61) (963,80) (612,166) (215,145) (100,105) (0,6) (996,45) (995,53) (964,72) (994,47) (993,51) (990,56) (967,70) (968,66) (989,49) (987,52) (986,50) (985,51) (969,62) (984,43) (977,56) (970,58) (971,45) (972,46) (973,56) (974,50) (975,50) (976,50) 
(999,53) (998,59) (997,61) (963,80) (612,166) (215,145) (100,105) (0,6) (996,45) (995,53) (964,72) (994,47) (993,51) (990,56) (967,70) (968,66) (989,49) (987,52) (986,50) (985,51) (969,62) (984,43) (977,56) (978,53) (979,47) (980,41) (981,47) (982,46) (983,43) 
TD 8 :
(999,53) (998,59) (997,61) (963,80) (612,166) (215,145) (100,105) (0,6) (762,126) (763,124) (962,69) (764,122) (961,67) (766,121) (959,66) (767,119) (957,66) (774,117) (768,111) (769,111) (770,109) (771,109) (772,103) (773,110) 
(999,53) (998,59) (997,61) (963,80) (612,166) (215,145) (100,105) (0,6) (762,126) (763,124) (962,69) (764,122) (961,67) (766,121) (959,66) (767,119) (957,66) (774,117) (775,112) (776,108) (777,104) (778,103) (779,101) (780,97) (781,98) (782,94) (783,97) (784,97) (785,100) (786,97) (787,92) (788,91) (789,87) (790,84) (791,83) (792,78) (793,79) (794,85) (795,94) (796,99) (797,91) (798,90) (799,100) (800,98) (801,92) (802,89) (803,95) (804,90) (805,97) (806,98) (807,90) (808,89) (809,92) (810,79) (811,75) (812,71) (813,70) (814,69) (815,68) (816,56) (817,50) (818,55) (819,52) (820,62) (821,60) (822,60) (823,65) (824,68) (825,72) (826,64) (827,57) (828,59) (829,57) (830,49) (831,44) (832,35) (833,34) (834,33) (835,37) (836,42) (837,53) (838,54) (839,49) (840,36) (841,43) (842,45) (843,44) (844,43) (845,47) (846,45) (847,43) (848,46) (849,45) (850,48) (851,53) (852,49) (853,49) (854,44) (855,49) (856,48) (857,52) (858,42) (859,34) (860,33) (861,27) (862,17) (863,22) (864,18) (865,22) (866,21) (867,20) (868,22) (869,27) (870,29) (871,27) (872,19) (873,19) (874,15) (875,24) (876,26) (877,34) (878,26) (879,34) (880,33) (881,29) (882,35) (883,35) (884,36) (885,32) (886,26) (887,26) (888,26) (889,18) (890,26) (891,27) (892,22) (893,17) (894,25) (895,24) (896,24) (897,25) (898,22) (899,22) (900,23) (901,24) (902,20) (903,26) (904,23) (905,20) (906,21) (907,20) (908,23) (909,27) (910,17) (911,18) (912,15) (913,17) (914,15) (915,22) (916,25) (917,21) (918,25) (919,22) (920,15) (921,24) (922,26) (923,26) (924,27) (925,25) (926,33) (927,37) (928,36) (929,36) (930,36) (931,43) (932,56) (933,46) (934,38) (935,39) (936,41) (937,38) (938,35) (939,29) (940,24) (941,27) (942,31) (943,36) (944,35) (945,37) (946,40) (947,38) (948,36) (949,31) (950,39) (951,31) (952,34) (953,47) (954,54) (955,59) (956,58) 
(999,53) (998,59) (997,61) (963,80) (612,166) (215,145) (100,105) (0,6) (762,126) (763,124) (962,69) (764,122) (961,67) (766,121) (959,66) (767,119) (957,66) (774,117) (958,63) 
(999,53) (998,59) (997,61) (963,80) (612,166) (215,145) (100,105) (0,6) (996,45) (995,53) (964,72) (994,47) (993,51) (990,56) (967,70) (968,66) (989,49) (987,52) (986,50) (985,51) (969,62) (984,43) (977,56) (970,58) 
(999,53) (998,59) (997,61) (963,80) (612,166) (215,145) (100,105) (0,6) (996,45) (995,53) (964,72) (994,47) (993,51) (990,56) (967,70) (968,66) (989,49) (987,52) (986,50) (985,51) (969,62) (984,43) (977,56) (970,58) (971,45) (972,46) (973,56) (974,50) (975,50) (976,50) 
(999,53) (998,59) (997,61) (963,80) (612,166) (215,145) (100,105) (0,6) (996,45) (995,53) (964,72) (994,47) (993,51) (990,56) (967,70) (968,66) (989,49) (987,52) (986,50) (985,51) (969,62) (984,43) (977,56) (983,43) (982,46) (978,53) 
(999,53) (998,59) (997,61) (963,80) (612,166) (215,145) (100,105) (0,6) (996,45) (995,53) (964,72) (994,47) (993,51) (990,56) (967,70) (968,66) (989,49) (987,52) (986,50) (985,51) (969,62) (984,43) (977,56) (983,43) (982,46) (978,53) (979,47) (980,41) (981,47) 
(999,53) (998,59) (997,61) (963,80) (612,166) (215,145) (100,105) (0,6) (996,45) (995,53) (964,72) (994,47) (993,51) (990,56) (967,70) (968,66) (989,49) (987,52) (986,50) (985,51) (969,62) (984,43) (977,56) (983,43) (982,46) (978,53) 
TD 9 :
(999,53) (998,59) (997,61) (963,80) (612,166) (215,145) (100,105) (0,6) (762,126) (763,124) (962,69) (764,122) (961,67) (766,121) (959,66) (767,119) (957,66) (774,117) (958,63) 
(999,53) (998,59) (997,61) (963,80) (612,166) (215,145) (100,105) (0,6) (762,126) (763,124) (962,69) (764,122) (961,67) (766,121) (959,66) (767,119) (957,66) (774,117) (958,63) 
(999,53) (998,59) (997,61) (963,80) (612,166) (215,145) (100,105) (0,6) (996,45) (995,53) (964,72) (994,47) (993,51) (990,56) (967,70) (968,66) (989,49) (987,52) (986,50) (985,51) (969,62) (984,43) (977,56) (970,58) (973,56) (971,45) (972,46) 
(999,53) (998,59) (997,61) (963,80) (612,166) (215,145) (100,105) (0,6) (996,45) (995,53) (964,72) (994,47) (993,51) (990,56) (967,70) (968,66) (989,49) (987,52) (986,50) (985,51) (969,62) (984,43) (977,56) (970,58) (973,56) (974,50) (975,50) (976,50) 
(999,53) (998,59) (997,61) (963,80) (612,166) (215,145) (100,105) (0,6) (996,45) (995,53) (964,72) (994,47) (993,51) (990,56) (967,70) (968,66) (989,49) (987,52) (986,50) (985,51) (969,62) (984,43) (977,56) (983,43) (982,46) (978,53) (981,47) (979,47) (980,41) 
TD 10 :
(999,53) (998,59) (997,61) (963,80) (612,166) (215,145) (100,105) (0,6) (996,45) (995,53) (964,72) (994,47) (993,51) (990,56) (967,70) (968,66) (989,49) (987,52) (986,50) (985,51) (969,62) (984,43) (977,56) (970,58) (973,56) (976,50) (974,50) (975,50) 
(999,53) (998,59) (997,61) (963,80) (612,166) (215,145) (100,105) (0,6) (996,45) (995,53) (964,72) (994,47) (993,51) (990,56) (967,70) (968,66) (989,49) (987,52) (986,50) (985,51) (969,62) (984,43) (977,56) (970,58) (973,56) (976,50) 
(999,53) (998,59) (997,61) (963,80) (612,166) (215,145) (100,105) (0,6) (996,45) (995,53) (964,72) (994,47) (993,51) (990,56) (967,70) (968,66) (989,49) (987,52) (986,50) (985,51) (969,62) (984,43) (977,56) (983,43) (982,46) (978,53) (981,47) (980,41) (979,47) 
(999,53) (998,59) (997,61) (963,80) (612,166) (215,145) (100,105) (0,6) (996,45) (995,53) (964,72) (994,47) (993,51) (990,56) (967,70) (968,66) (989,49) (987,52) (986,50) (985,51) (969,62) (984,43) (977,56) (983,43) (982,46) (978,53) (981,47) (980,41) (979,47) 
TD 11 :
(999,53) (998,59) (997,61) (963,80) (612,166) (215,145) (100,105) (0,6) (996,45) (995,53) (964,72) (994,47) (993,51) (990,56) (967,70) (968,66) (989,49) (987,52) (986,50) (985,51) (969,62) (984,43) (977,56) (970,58) (973,56) (976,50) (975,50) (974,50) 
TD 12 :
(999,53) (998,59) (997,61) (963,80) (612,166) (215,145) (100,105) (0,6) (996,45) (995,53) (964,72) (994,47) (993,51) (990,56) (967,70) (968,66) (989,49) (987,52) (986,50) (985,51) (969,62) (984,43) (977,56) (970,58) (973,56) (976,50) (975,50) (974,50) 
TD 13 :
TD 14 :
TD 15 :
TD 16 :
TD 17 :
TD 18 :
TD 19 :
TD 20 :
TD 21 :
TD 22 :
TD 23 :
TD 24 :
TD 25 :
TD 26 :
TD 27 :
TD 28 :
TD 29 :
TD 30 :
TD 31 :
TD 32 :
TD 33 :
TD 34 :
TD 35 :
TD 36 :
TD 37 :
TD 38 :
TD 39 :
TD 40 :
TD 41 :
TD 42 :
TD 43 :
TD 44 :
TD 45 :
TD 46 :
TD 47 :
TD 48 :
TD 49 :
TD 50 :
TD 51 :
TD 52 :
TD 53 :
TD 54 :
TD 55 :
TD 56 :
TD 57 :
TD 58 :
TD 59 :
TD 60 :
TD 61 :
TD 62 :
TD 63 :
TD 64 :
TD 65 :
TD 66 :
TD 67 :
TD 68 :
TD 69 :
TD 70 :
TD 71 :
TD 72 :
TD 73 :
TD 74 :
TD 75 :
TD 76 :
TD 77 :
TD 78 :
TD 79 :
TD 80 :
TD 81 :
TD 82 :
Pocket 0 :
()
Pocket 1 :
({  (0,6) ,(1,6) } {  (99,94) ,(100,105) } {  (0,6) ,(1,6) } {  (99,94) ,(100,105) } {  (0,6) ,(1,6) } {  (99,94) ,(100,105) } {  (0,6) ,(1,6) } {  (99,94) ,(100,105) } {  (0,6) ,(1,6) } {  (99,94) ,(100,105) } {  (0,6) ,(1,6) } {  (99,94) ,(100,105) } {  (0,6) ,(1,6) } {  (99,94) ,(100,105) } )
Pocket 2 :
({  (1,6) ,(0,6) } {  (102,94) ,(101,101) } {  (102,94) ,(101,101) } {  (217,135) ,(216,145) } {  (217,135) ,(216,145) } {  (217,135) ,(216,145) } {  (217,135) ,(216,145) } {  (763,124) ,(762,126) } {  (763,124) ,(762,126) } {  (965,66) ,(964,72) } {  (965,66) ,(964,72) } {  (965,66) ,(964,72) } )
Pocket 3 :
({  (2,6) ,(1,6) } {  (4,-1) ,(3,7) } {  (2,6) ,(1,6) } {  (4,-1) ,(3,7) } {  (104,92) ,(103,98) } {  (104,92) ,(103,98) } {  (221,139) ,(220,141) } {  (221,139) ,(220,141) } {  (611,163) ,(610,163) } {  (611,163) ,(610,163) } {  (611,163) ,(610,163) } {  (616,156) ,(615,162) } {  (616,156) ,(615,162) } {  (764,122) ,(763,124) } {  (764,122) ,(763,124) } {  (968,66) ,(967,70) } {  (968,66) ,(967,70) } {  (968,66) ,(967,70) } {  (968,66) ,(967,70) } )
Pocket 4 :
({  (4,-1) ,(2,6) } {  (999,53) ,(99,94) } {  (4,-1) ,(2,6) } {  (999,53) ,(99,94) } {  (110,91) ,(109,98) } {  (110,91) ,(109,98) } {  (110,91) ,(109,98) } {  (222,139) ,(221,139) } {  (222,139) ,(221,139) } {  (614,160) ,(613,162) } {  (614,160) ,(613,162) } {  (999,53) ,(761,124) } {  (999,53) ,(761,124) } {  (999,53) ,(962,69) } {  (999,53) ,(962,69) } {  (969,62) ,(968,66) } {  (969,62) ,(968,66) } {  (992,49) ,(991,50) } {  (992,49) ,(991,50) } )
Pocket 5 :
({  (5,-6) ,(4,-1) } {  (10,-1) ,(9,3) } {  (5,-6) ,(4,-1) } {  (10,-1) ,(9,3) } {  (999,53) ,(214,136) } {  (999,53) ,(214,136) } {  (223,135) ,(222,139) } {  (223,135) ,(222,139) } {  (223,135) ,(222,139) } {  (999,53) ,(614,160) } {  (999,53) ,(614,160) } {  (765,117) ,(764,122) } {  (765,117) ,(764,122) } {  (988,47) ,(987,52) } {  (988,47) ,(987,52) } )
Pocket 6 :
({  (6,-11) ,(5,-6) } {  (8,-1) ,(7,-2) } {  (6,-11) ,(5,-6) } {  (8,-1) ,(7,-2) } {  (6,-11) ,(5,-6) } {  (8,-1) ,(7,-2) } {  (999,53) ,(606,156) } {  (999,53) ,(606,156) } {  (767,119) ,(766,121) } {  (767,119) ,(766,121) } {  (767,119) ,(766,121) } {  (970,58) ,(969,62) } {  (970,58) ,(969,62) } {  (970,58) ,(969,62) } {  (970,58) ,(969,62) } {  (999,53) ,(988,47) } )
Pocket 7 :
({  (768,111) ,(767,119) } {  (768,111) ,(767,119) } {  (768,111) ,(767,119) } {  (978,53) ,(977,56) } {  (978,53) ,(977,56) } )
Pocket 8 :
({  (775,112) ,(774,117) } {  (775,112) ,(774,117) } {  (775,112) ,(774,117) } {  (971,45) ,(970,58) } {  (971,45) ,(970,58) } {  (979,47) ,(978,53) } {  (979,47) ,(978,53) } {  (979,47) ,(978,53) } )
Pocket 9 :
({  (999,53) ,(958,63) } {  (999,53) ,(958,63) } {  (974,50) ,(973,56) } {  (974,50) ,(973,56) } {  (999,53) ,(981,47) } )
Pocket 10 :
({  (999,53) ,(976,50) } {  (999,53) ,(976,50) } {  (980,41) ,(979,47) } {  (980,41) ,(979,47) } )
Pocket 11 :
({  (999,53) ,(975,50) } )
Pocket 12 :
({  (999,53) ,(974,50) } )
Pocket 13 :
()
Pocket 14 :
()
Pocket 15 :
()
Pocket 16 :
()
Pocket 17 :
()
Pocket 18 :
()
Pocket 19 :
()
Pocket 20 :
()
Pocket 21 :
()
Pocket 22 :
()
Pocket 23 :
()
Pocket 24 :
()
Pocket 25 :
()
Pocket 26 :
()
Pocket 27 :
()
Pocket 28 :
()
Pocket 29 :
()
Pocket 30 :
()
Pocket 31 :
()
Pocket 32 :
()
Pocket 33 :
()
Pocket 34 :
()
Pocket 35 :
()
Pocket 36 :
()
Pocket 37 :
()
Pocket 38 :
()
Pocket 39 :
()
Pocket 40 :
()
Pocket 41 :
()
Pocket 42 :
()
Pocket 43 :
()
Pocket 44 :
()
Pocket 45 :
()
Pocket 46 :
()
Pocket 47 :
()
Pocket 48 :
()
Pocket 49 :
()
Pocket 50 :
()
Pocket 51 :
()
Pocket 52 :
()
Pocket 53 :
()
Pocket 54 :
()
Pocket 55 :
()
Pocket 56 :
()
Pocket 57 :
()
Pocket 58 :
()
Pocket 59 :
()
Pocket 60 :
()
Pocket 61 :
()
Pocket 62 :
()
Pocket 63 :
()
Pocket 64 :
()
Pocket 65 :
()
Pocket 66 :
()
Pocket 67 :
()
Pocket 68 :
()
Pocket 69 :
()
Pocket 70 :
()
Pocket 71 :
()
Pocket 72 :
()
Pocket 73 :
()
Pocket 74 :
()
Pocket 75 :
()
Pocket 76 :
()
Pocket 77 :
()
Pocket 78 :
()
Pocket 79 :
()
Pocket 80 :
()
Pocket 81 :
()
