101 layers in onion peeling: 
Layer 1
(999,-181) (998,-180) (983,-166) (819,-75) (101,48) (31,40) (2,4) (1,2) (0,-4) 
Layer 2
(997,-185) (986,-170) (985,-169) (818,-75) (277,17) (100,47) (80,44) (30,35) (6,6) (5,3) (4,0) (3,-7) 
Layer 3
(996,-186) (995,-184) (987,-173) (984,-170) (817,-76) (276,14) (99,43) (34,35) (7,0) 
Layer 4
(994,-183) (980,-169) (821,-80) (274,13) (102,42) (77,40) (33,33) (8,-2) 
Layer 5
(993,-191) (990,-186) (982,-176) (822,-81) (820,-80) (105,41) (79,40) (32,31) (26,22) (9,-8) 
Layer 6
(992,-195) (988,-184) (845,-95) (825,-84) (816,-80) (106,40) (86,40) (75,38) (35,28) (29,25) (27,22) (23,15) (10,-8) 
Layer 7
(991,-195) (989,-190) (981,-180) (844,-95) (824,-84) (815,-81) (275,11) (103,38) (76,38) (40,28) (28,22) (24,16) (16,0) (15,-3) (11,-18) 
Layer 8
(979,-180) (972,-175) (823,-88) (813,-83) (122,35) (87,37) (78,36) (62,33) (36,25) (25,16) (17,1) (14,-11) (12,-20) 
Layer 9
(978,-185) (975,-179) (971,-175) (849,-104) (826,-92) (814,-89) (325,0) (104,36) (82,36) (74,35) (61,32) (37,24) (18,-2) (13,-19) 
Layer 10
(977,-188) (976,-184) (973,-178) (970,-175) (837,-98) (812,-92) (326,-1) (121,33) (94,35) (81,34) (63,31) (41,24) (39,23) (20,0) (19,-7) 
Layer 11
(974,-181) (966,-176) (843,-104) (836,-101) (319,-2) (108,32) (89,34) (88,34) (70,32) (64,31) (54,28) (42,24) (38,20) (22,1) (21,-4) 
Layer 12
(969,-179) (848,-107) (839,-103) (811,-97) (329,-4) (124,29) (98,33) (85,32) (60,29) (53,27) (43,21) 
Layer 13
(968,-179) (846,-107) (838,-103) (328,-4) (278,4) (120,29) (95,32) (83,31) (71,29) (65,28) (49,23) (46,20) (44,14) 
Layer 14
(967,-180) (847,-108) (827,-102) (809,-98) (327,-4) (123,28) (107,30) (93,30) (73,29) (55,23) (52,22) (45,16) 
Layer 15
(965,-187) (963,-183) (851,-111) (841,-107) (835,-105) (810,-99) (320,-3) (109,28) (90,29) (84,29) (66,25) (48,18) (47,17) 
Layer 16
(964,-192) (962,-183) (852,-113) (842,-108) (840,-107) (808,-99) (318,-3) (119,25) (96,28) (67,24) (56,21) (51,18) (50,16) 
Layer 17
(961,-195) (853,-114) (829,-105) (807,-99) (321,-4) (285,1) (112,25) (91,27) (72,24) (57,19) 
Layer 18
(960,-199) (854,-116) (850,-114) (833,-107) (828,-106) (336,-9) (273,2) (97,25) (92,25) (69,17) (59,13) (58,6) 
Layer 19
(959,-203) (958,-201) (855,-117) (832,-109) (330,-9) (287,-2) (110,23) (68,15) 
Layer 20
(957,-207) (953,-202) (865,-130) (856,-124) (834,-110) (337,-11) (316,-7) (118,21) (113,19) (111,15) 
Layer 21
(956,-208) (889,-151) (863,-130) (831,-110) (331,-11) (284,-3) (116,20) (114,17) 
Layer 22
(955,-210) (887,-150) (866,-133) (830,-110) (283,-3) (115,18) 
Layer 23
(954,-214) (952,-211) (888,-152) (878,-144) (862,-132) (806,-106) (322,-11) (286,-5) (125,16) (117,17) 
Layer 24
(951,-214) (950,-212) (949,-211) (890,-156) (879,-147) (857,-130) (802,-107) (315,-11) (279,-5) (127,13) (126,8) 
Layer 25
(948,-213) (946,-211) (891,-157) (881,-149) (876,-145) (864,-137) (858,-133) (804,-108) (317,-13) (281,-6) (129,9) (128,8) 
Layer 26
(947,-214) (945,-211) (944,-210) (892,-158) (880,-149) (859,-134) (803,-108) (324,-15) (288,-9) (282,-8) (132,0) (130,-1) 
Layer 27
(943,-211) (926,-194) (886,-155) (877,-147) (861,-136) (801,-109) (338,-18) (332,-17) (272,-8) (131,-3) 
Layer 28
(942,-214) (930,-201) (903,-173) (893,-164) (867,-141) (860,-136) (805,-113) (323,-16) (280,-11) (136,-10) (134,-11) (133,-15) 
Layer 29
(941,-214) (925,-197) (914,-186) (894,-167) (882,-156) (869,-148) (797,-116) (772,-109) (335,-19) (289,-13) (135,-11) 
Layer 30
(940,-218) (937,-212) (923,-197) (912,-186) (883,-157) (875,-152) (786,-113) (314,-17) (260,-14) (259,-14) (244,-14) (243,-14) (242,-14) (137,-15) 
Layer 31
(939,-222) (938,-219) (931,-207) (929,-204) (927,-202) (922,-197) (913,-188) (904,-179) (895,-170) (884,-161) (868,-150) (796,-118) (773,-111) (356,-27) (271,-15) (261,-15) (139,-15) (138,-20) 
Layer 32
(936,-216) (932,-211) (915,-192) (897,-173) (896,-172) (885,-162) (874,-155) (795,-119) (787,-116) (771,-111) (358,-28) (334,-24) (258,-16) (245,-16) (140,-19) 
Layer 33
(935,-218) (933,-213) (910,-187) (907,-184) (873,-156) (798,-123) (775,-113) (333,-26) (313,-23) (257,-17) (241,-17) (141,-21) 
Layer 34
(934,-222) (928,-208) (902,-180) (870,-158) (800,-124) (774,-113) (357,-31) (290,-22) (266,-19) (221,-19) (143,-28) (142,-29) 
Layer 35
(924,-204) (906,-187) (871,-161) (785,-118) (370,-36) (339,-30) (312,-26) (262,-20) (219,-20) (218,-20) (147,-31) (144,-33) 
Layer 36
(921,-203) (920,-202) (905,-188) (898,-182) (872,-165) (783,-119) (359,-34) (263,-21) (255,-21) (254,-21) (217,-22) (151,-33) (145,-35) 
Layer 37
(919,-203) (917,-200) (911,-194) (908,-191) (794,-125) (776,-119) (351,-33) (292,-25) (265,-22) (256,-22) (253,-22) (237,-22) (220,-22) (146,-36) 
Layer 38
(918,-204) (916,-201) (909,-194) (900,-187) (793,-125) (784,-122) (777,-120) (760,-116) (355,-34) (294,-26) (264,-23) (246,-23) (239,-23) (222,-24) (210,-25) (152,-35) (150,-36) (148,-39) 
Layer 39
(901,-189) (799,-129) (788,-124) (733,-111) (354,-34) (291,-26) (240,-25) (223,-25) (160,-34) (153,-36) (149,-38) 
Layer 40
(899,-188) (790,-126) (761,-118) (410,-46) (364,-37) (293,-27) (252,-26) (249,-26) (248,-26) (238,-26) (232,-26) (224,-27) (164,-35) (154,-40) 
Layer 41
(792,-128) (782,-124) (770,-121) (732,-113) (409,-46) (362,-37) (268,-27) (247,-27) (233,-27) (165,-36) (161,-37) (155,-41) 
Layer 42
(791,-131) (789,-127) (779,-124) (759,-119) (360,-37) (270,-28) (267,-28) (250,-28) (236,-28) (162,-37) (159,-41) (156,-47) 
Layer 43
(781,-125) (769,-122) (371,-40) (353,-37) (269,-31) (235,-30) (216,-31) (194,-34) (167,-38) (166,-39) (163,-42) (158,-51) (157,-53) 
Layer 44
(780,-125) (768,-122) (367,-40) (361,-39) (251,-32) (234,-31) (212,-32) (168,-38) 
Layer 45
(778,-127) (765,-122) (365,-40) (352,-39) (311,-36) (225,-35) (209,-35) (208,-35) (172,-38) (171,-39) (170,-40) (169,-43) 
Layer 46
(767,-126) (764,-123) (369,-41) (344,-39) (308,-37) (231,-36) (211,-36) (193,-39) (173,-46) 
Layer 47
(766,-127) (763,-123) (368,-41) (295,-37) (230,-37) (195,-39) (174,-51) 
Layer 48
(762,-126) (734,-119) (408,-51) (403,-50) (372,-45) (350,-42) (297,-39) (227,-39) (226,-39) (203,-40) (198,-41) (192,-43) (178,-58) (175,-62) 
Layer 49
(758,-131) (735,-120) (401,-51) (363,-44) (310,-41) (207,-40) (204,-40) (183,-53) (179,-58) (177,-63) (176,-66) 
Layer 50
(757,-142) (736,-125) (731,-122) (404,-52) (366,-45) (309,-41) (214,-41) (202,-43) (199,-44) (182,-55) (180,-60) 
Layer 51
(756,-145) (755,-141) (737,-128) (729,-126) (407,-53) (374,-47) (345,-44) (296,-42) (213,-42) (196,-47) (191,-50) (184,-62) (181,-68) 
Layer 52
(754,-144) (753,-142) (747,-138) (730,-128) (402,-53) (393,-51) (373,-47) (340,-44) (306,-43) (305,-43) (215,-43) (205,-45) (197,-48) (190,-52) (189,-54) (186,-60) (185,-66) 
Layer 53
(752,-144) (749,-141) (748,-140) (738,-134) (406,-55) (382,-50) (349,-46) (307,-44) (229,-44) (206,-45) (187,-59) 
Layer 54
(751,-147) (745,-142) (740,-138) (412,-58) (394,-54) (384,-52) (346,-48) (304,-45) (298,-45) (228,-45) (201,-51) (200,-52) (188,-65) 
Layer 55
(750,-148) (742,-140) (413,-59) (395,-55) (383,-53) (375,-52) (343,-49) (302,-46) (301,-47) (299,-50) 
Layer 56
(746,-146) (744,-143) (741,-141) (392,-55) (380,-53) (342,-49) (341,-49) (300,-50) 
Layer 57
(743,-148) (728,-140) (411,-60) (405,-59) (348,-50) (303,-51) 
Layer 58
(739,-150) (562,-101) (399,-59) (347,-52) 
Layer 59
(727,-150) (561,-101) (400,-61) (385,-58) (381,-59) (377,-60) (376,-62) 
Layer 60
(726,-155) (723,-153) (721,-152) (563,-105) (391,-62) (379,-61) (378,-61) 
Layer 61
(725,-158) (724,-156) (560,-106) (390,-62) (387,-62) (386,-62) 
Layer 62
(722,-157) (720,-156) (565,-108) (417,-69) (388,-64) 
Layer 63
(719,-160) (716,-156) (559,-108) (414,-69) (397,-66) (389,-66) 
Layer 64
(718,-163) (715,-159) (564,-110) (416,-70) (396,-67) 
Layer 65
(717,-167) (714,-164) (568,-114) (398,-68) 
Layer 66
(713,-164) (701,-160) (558,-113) (415,-73) 
Layer 67
(712,-165) (703,-161) (567,-116) (418,-76) 
Layer 68
(711,-167) (708,-164) (704,-162) (569,-117) (425,-78) (421,-79) (420,-80) (419,-83) 
Layer 69
(710,-169) (709,-166) (702,-162) (566,-117) (424,-80) (422,-82) 
Layer 70
(707,-171) (700,-166) (682,-157) (570,-122) (426,-82) (423,-82) 
Layer 71
(706,-171) (684,-159) (573,-123) (557,-119) (429,-87) (427,-95) 
Layer 72
(705,-171) (685,-160) (581,-126) (548,-117) (430,-97) (428,-97) 
Layer 73
(699,-171) (687,-162) (659,-152) (575,-125) (432,-98) (431,-100) 
Layer 74
(698,-171) (689,-165) (683,-162) (655,-152) (574,-126) (546,-120) (433,-105) 
Layer 75
(697,-171) (688,-166) (686,-165) (660,-154) (583,-129) (556,-123) (547,-121) (434,-114) 
Layer 76
(696,-182) (691,-170) (681,-163) (661,-156) (582,-129) (555,-124) (549,-123) (477,-117) (435,-117) 
Layer 77
(695,-182) (694,-178) (693,-176) (692,-174) (663,-157) (571,-128) (554,-124) (436,-125) 
Layer 78
(690,-175) (664,-159) (580,-131) (572,-129) (541,-125) (479,-125) (476,-125) (437,-125) 
Layer 79
(680,-174) (675,-167) (672,-165) (650,-155) (576,-131) (553,-128) (480,-126) (478,-126) (438,-128) 
Layer 80
(679,-179) (676,-170) (674,-167) (662,-161) (651,-156) (577,-134) (542,-128) (469,-127) (439,-130) 
Layer 81
(678,-184) (673,-171) (671,-167) (666,-164) (658,-160) (654,-158) (652,-157) (647,-155) (579,-136) (552,-131) (491,-128) (490,-128) (445,-130) (440,-134) 
Layer 82
(677,-182) (668,-168) (665,-164) (649,-157) (578,-138) (550,-132) (545,-131) (487,-129) (481,-129) (442,-133) (441,-137) 
Layer 83
(670,-172) (669,-171) (667,-169) (653,-160) (543,-131) (492,-131) (489,-131) (488,-131) (486,-131) (463,-131) (446,-134) (443,-136) 
Layer 84
(657,-164) (645,-158) (544,-133) (475,-132) (472,-132) (462,-133) (444,-136) 
Layer 85
(656,-164) (648,-160) (646,-159) (584,-143) (551,-135) (513,-133) (499,-133) (482,-133) (470,-133) (464,-133) (450,-142) (447,-150) 
Layer 86
(644,-161) (640,-158) (586,-145) (540,-138) (512,-135) (471,-134) (461,-136) (453,-142) (448,-149) 
Layer 87
(643,-164) (642,-161) (641,-160) (539,-139) (519,-136) (500,-135) (498,-135) (497,-135) (484,-135) (483,-135) (473,-136) (460,-138) (451,-146) (449,-149) 
Layer 88
(639,-168) (638,-167) (618,-157) (611,-155) (606,-154) (516,-136) (515,-136) (514,-136) (465,-138) (459,-140) (452,-146) 
Layer 89
(637,-168) (604,-155) (585,-150) (517,-137) (467,-138) (458,-141) (457,-142) (456,-143) (454,-145) 
Layer 90
(636,-172) (619,-162) (612,-159) (607,-157) (587,-152) (520,-139) (508,-138) (493,-138) (474,-138) (455,-145) 
Layer 91
(635,-172) (634,-171) (605,-157) (522,-140) (496,-139) (468,-143) (466,-146) 
Layer 92
(633,-171) (631,-170) (620,-165) (591,-155) (523,-141) (518,-140) (511,-140) (485,-141) 
Layer 93
(632,-175) (622,-167) (592,-156) (531,-143) (521,-141) (509,-141) (503,-141) (501,-141) (494,-141) 
Layer 94
(630,-174) (621,-168) (617,-166) (613,-164) (535,-144) (527,-143) (502,-142) (495,-144) 
Layer 95
(629,-176) (616,-167) (608,-164) (590,-159) (528,-144) (526,-144) (524,-144) (506,-146) (504,-147) 
Layer 96
(628,-178) (627,-177) (623,-173) (610,-165) (530,-145) (507,-146) (505,-150) 
Layer 97
(626,-180) (625,-179) (624,-178) (614,-170) (609,-166) (537,-147) (536,-147) (529,-147) (510,-149) 
Layer 98
(615,-176) (603,-165) (538,-148) (525,-152) 
Layer 99
(602,-171) (598,-167) (593,-163) (534,-150) (532,-153) 
Layer 100
(601,-174) (600,-172) (595,-166) (589,-164) (533,-153) 
Layer 101
(599,-175) (594,-167) (588,-165) 
---------------------------------------------------------------------------------------
TD 0 :
(999,-181) (998,-180) (997,-185) (996,-186) (995,-184) (994,-183) (993,-191) (992,-195) (991,-195) (990,-186) (989,-190) (988,-184) (987,-173) (986,-170) (985,-169) (984,-170) (983,-166) (982,-176) (981,-180) (980,-169) (979,-180) (978,-185) (977,-188) (976,-184) (975,-179) (974,-181) (973,-178) (972,-175) (971,-175) (970,-175) (969,-179) (968,-179) (967,-180) (966,-176) (965,-187) (964,-192) (963,-183) (962,-183) (961,-195) (960,-199) (959,-203) (958,-201) (957,-207) (956,-208) (955,-210) (954,-214) (953,-202) (952,-211) (951,-214) (950,-212) (949,-211) (948,-213) (947,-214) (946,-211) (945,-211) (944,-210) (943,-211) (942,-214) (941,-214) (940,-218) (939,-222) (938,-219) (937,-212) (936,-216) (935,-218) (934,-222) (933,-213) (932,-211) (931,-207) (930,-201) (929,-204) (928,-208) (927,-202) (926,-194) (925,-197) (924,-204) (923,-197) (922,-197) (921,-203) (920,-202) (919,-203) (918,-204) (917,-200) (916,-201) (915,-192) (914,-186) (913,-188) (912,-186) (911,-194) (910,-187) (909,-194) (908,-191) (907,-184) (906,-187) (905,-188) (904,-179) (903,-173) (902,-180) (901,-189) (900,-187) (899,-188) (898,-182) (897,-173) (896,-172) (895,-170) (894,-167) (893,-164) (892,-158) (891,-157) (890,-156) (889,-151) (888,-152) (887,-150) (886,-155) (885,-162) (884,-161) (883,-157) (882,-156) (881,-149) (880,-149) (879,-147) (878,-144) (877,-147) (876,-145) (875,-152) (874,-155) (873,-156) (872,-165) (871,-161) (870,-158) (869,-148) (868,-150) (867,-141) (866,-133) (865,-130) (864,-137) (863,-130) (862,-132) (861,-136) (860,-136) (859,-134) (858,-133) (857,-130) (856,-124) (855,-117) (854,-116) (853,-114) (852,-113) (851,-111) (850,-114) (849,-104) (848,-107) (847,-108) (846,-107) (845,-95) (844,-95) (843,-104) (842,-108) (841,-107) (840,-107) (839,-103) (838,-103) (837,-98) (836,-101) (835,-105) (834,-110) (833,-107) (832,-109) (831,-110) (830,-110) (829,-105) (828,-106) (827,-102) (826,-92) (825,-84) (824,-84) (823,-88) (822,-81) (821,-80) (820,-80) (819,-75) (818,-75) (817,-76) (816,-80) (815,-81) (814,-89) (813,-83) (812,-92) (811,-97) (810,-99) (809,-98) (808,-99) (807,-99) (806,-106) (805,-113) (804,-108) (803,-108) (802,-107) (801,-109) (800,-124) (799,-129) (798,-123) (797,-116) (796,-118) (795,-119) (794,-125) (793,-125) (792,-128) (791,-131) (790,-126) (789,-127) (788,-124) (787,-116) (786,-113) (785,-118) (784,-122) (783,-119) (782,-124) (781,-125) (780,-125) (779,-124) (778,-127) (777,-120) (776,-119) (775,-113) (774,-113) (773,-111) (772,-109) (771,-111) (770,-121) (769,-122) (768,-122) (767,-126) (766,-127) (765,-122) (764,-123) (763,-123) (762,-126) (761,-118) (760,-116) (759,-119) (758,-131) (757,-142) (756,-145) (755,-141) (754,-144) (753,-142) (752,-144) (751,-147) (750,-148) (749,-141) (748,-140) (747,-138) (746,-146) (745,-142) (744,-143) (743,-148) (742,-140) (741,-141) (740,-138) (739,-150) (738,-134) (737,-128) (736,-125) (735,-120) (734,-119) (733,-111) (732,-113) (731,-122) (730,-128) (729,-126) (728,-140) (727,-150) (726,-155) (725,-158) (724,-156) (723,-153) (722,-157) (721,-152) (720,-156) (719,-160) (718,-163) (717,-167) (716,-156) (715,-159) (714,-164) (713,-164) (712,-165) (711,-167) (710,-169) (709,-166) (708,-164) (707,-171) (706,-171) (705,-171) (704,-162) (703,-161) (702,-162) (701,-160) (700,-166) (699,-171) (698,-171) (697,-171) (696,-182) (695,-182) (694,-178) (693,-176) (692,-174) (691,-170) (690,-175) (689,-165) (688,-166) (687,-162) (686,-165) (685,-160) (684,-159) (683,-162) (682,-157) (681,-163) (680,-174) (679,-179) (678,-184) (677,-182) (676,-170) (675,-167) (674,-167) (673,-171) (672,-165) (671,-167) (670,-172) (669,-171) (668,-168) (667,-169) (666,-164) (665,-164) (664,-159) (663,-157) (662,-161) (661,-156) (660,-154) (659,-152) (658,-160) (657,-164) (656,-164) (655,-152) (654,-158) (653,-160) (652,-157) (651,-156) (650,-155) (649,-157) (648,-160) (647,-155) (646,-159) (645,-158) (644,-161) (643,-164) (642,-161) (641,-160) (640,-158) (639,-168) (638,-167) (637,-168) (636,-172) (635,-172) (634,-171) (633,-171) (632,-175) (631,-170) (630,-174) (629,-176) (628,-178) (627,-177) (626,-180) (625,-179) (624,-178) (623,-173) (622,-167) (621,-168) (620,-165) (619,-162) (618,-157) (617,-166) (616,-167) (615,-176) (614,-170) (613,-164) (612,-159) (611,-155) (610,-165) (609,-166) (608,-164) (607,-157) (606,-154) (605,-157) (604,-155) (603,-165) (602,-171) (601,-174) (600,-172) (599,-175) (598,-167) (597,-181) (596,-171) (595,-166) (594,-167) (593,-163) (592,-156) (591,-155) (590,-159) (589,-164) (588,-165) (587,-152) (586,-145) (585,-150) (584,-143) (583,-129) (582,-129) (581,-126) (580,-131) (579,-136) (578,-138) (577,-134) (576,-131) (575,-125) (574,-126) (573,-123) (572,-129) (571,-128) (570,-122) (569,-117) (568,-114) (567,-116) (566,-117) (565,-108) (564,-110) (563,-105) (562,-101) (561,-101) (560,-106) (559,-108) (558,-113) (557,-119) (556,-123) (555,-124) (554,-124) (553,-128) (552,-131) (551,-135) (550,-132) (549,-123) (548,-117) (547,-121) (546,-120) (545,-131) (544,-133) (543,-131) (542,-128) (541,-125) (540,-138) (539,-139) (538,-148) (537,-147) (536,-147) (535,-144) (534,-150) (533,-153) (532,-153) (531,-143) (530,-145) (529,-147) (528,-144) (527,-143) (526,-144) (525,-152) (524,-144) (523,-141) (522,-140) (521,-141) (520,-139) (519,-136) (518,-140) (517,-137) (516,-136) (515,-136) (514,-136) (513,-133) (512,-135) (511,-140) (510,-149) (509,-141) (508,-138) (507,-146) (506,-146) (505,-150) (504,-147) (503,-141) (502,-142) (501,-141) (500,-135) (499,-133) (498,-135) (497,-135) (496,-139) (495,-144) (494,-141) (493,-138) (492,-131) (491,-128) (490,-128) (489,-131) (488,-131) (487,-129) (486,-131) (485,-141) (484,-135) (483,-135) (482,-133) (481,-129) (480,-126) (479,-125) (478,-126) (477,-117) (476,-125) (475,-132) (474,-138) (473,-136) (472,-132) (471,-134) (470,-133) (469,-127) (468,-143) (467,-138) (466,-146) (465,-138) (464,-133) (463,-131) (462,-133) (461,-136) (460,-138) (459,-140) (458,-141) (457,-142) (456,-143) (455,-145) (454,-145) (453,-142) (452,-146) (451,-146) (450,-142) (449,-149) (448,-149) (447,-150) (446,-134) (445,-130) (444,-136) (443,-136) (442,-133) (441,-137) (440,-134) (439,-130) (438,-128) (437,-125) (436,-125) (435,-117) (434,-114) (433,-105) (432,-98) (431,-100) (430,-97) (429,-87) (428,-97) (427,-95) (426,-82) (425,-78) (424,-80) (423,-82) (422,-82) (421,-79) (420,-80) (419,-83) (418,-76) (417,-69) (416,-70) (415,-73) (414,-69) (413,-59) (412,-58) (411,-60) (410,-46) (409,-46) (408,-51) (407,-53) (406,-55) (405,-59) (404,-52) (403,-50) (402,-53) (401,-51) (400,-61) (399,-59) (398,-68) (397,-66) (396,-67) (395,-55) (394,-54) (393,-51) (392,-55) (391,-62) (390,-62) (389,-66) (388,-64) (387,-62) (386,-62) (385,-58) (384,-52) (383,-53) (382,-50) (381,-59) (380,-53) (379,-61) (378,-61) (377,-60) (376,-62) (375,-52) (374,-47) (373,-47) (372,-45) (371,-40) (370,-36) (369,-41) (368,-41) (367,-40) (366,-45) (365,-40) (364,-37) (363,-44) (362,-37) (361,-39) (360,-37) (359,-34) (358,-28) (357,-31) (356,-27) (355,-34) (354,-34) (353,-37) (352,-39) (351,-33) (350,-42) (349,-46) (348,-50) (347,-52) (346,-48) (345,-44) (344,-39) (343,-49) (342,-49) (341,-49) (340,-44) (339,-30) (338,-18) (337,-11) (336,-9) (335,-19) (334,-24) (333,-26) (332,-17) (331,-11) (330,-9) (329,-4) (328,-4) (327,-4) (326,-1) (325,0) (324,-15) (323,-16) (322,-11) (321,-4) (320,-3) (319,-2) (318,-3) (317,-13) (316,-7) (315,-11) (314,-17) (313,-23) (312,-26) (311,-36) (310,-41) (309,-41) (308,-37) (307,-44) (306,-43) (305,-43) (304,-45) (303,-51) (302,-46) (301,-47) (300,-50) (299,-50) (298,-45) (297,-39) (296,-42) (295,-37) (294,-26) (293,-27) (292,-25) (291,-26) (290,-22) (289,-13) (288,-9) (287,-2) (286,-5) (285,1) (284,-3) (283,-3) (282,-8) (281,-6) (280,-11) (279,-5) (278,4) (277,17) (276,14) (275,11) (274,13) (273,2) (272,-8) (271,-15) (270,-28) (269,-31) (268,-27) (267,-28) (266,-19) (265,-22) (264,-23) (263,-21) (262,-20) (261,-15) (260,-14) (259,-14) (258,-16) (257,-17) (256,-22) (255,-21) (254,-21) (253,-22) (252,-26) (251,-32) (250,-28) (249,-26) (248,-26) (247,-27) (246,-23) (245,-16) (244,-14) (243,-14) (242,-14) (241,-17) (240,-25) (239,-23) (238,-26) (237,-22) (236,-28) (235,-30) (234,-31) (233,-27) (232,-26) (231,-36) (230,-37) (229,-44) (228,-45) (227,-39) (226,-39) (225,-35) (224,-27) (223,-25) (222,-24) (221,-19) (220,-22) (219,-20) (218,-20) (217,-22) (216,-31) (215,-43) (214,-41) (213,-42) (212,-32) (211,-36) (210,-25) (209,-35) (208,-35) (207,-40) (206,-45) (205,-45) (204,-40) (203,-40) (202,-43) (201,-51) (200,-52) (199,-44) (198,-41) (197,-48) (196,-47) (195,-39) (194,-34) (193,-39) (192,-43) (191,-50) (190,-52) (189,-54) (188,-65) (187,-59) (186,-60) (185,-66) (184,-62) (183,-53) (182,-55) (181,-68) (180,-60) (179,-58) (178,-58) (177,-63) (176,-66) (175,-62) (174,-51) (173,-46) (172,-38) (171,-39) (170,-40) (169,-43) (168,-38) (167,-38) (166,-39) (165,-36) (164,-35) (163,-42) (162,-37) (161,-37) (160,-34) (159,-41) (158,-51) (157,-53) (156,-47) (155,-41) (154,-40) (153,-36) (152,-35) (151,-33) (150,-36) (149,-38) (148,-39) (147,-31) (146,-36) (145,-35) (144,-33) (143,-28) (142,-29) (141,-21) (140,-19) (139,-15) (138,-20) (137,-15) (136,-10) (135,-11) (134,-11) (133,-15) (132,0) (131,-3) (130,-1) (129,9) (128,8) (127,13) (126,8) (125,16) (124,29) (123,28) (122,35) (121,33) (120,29) (119,25) (118,21) (117,17) (116,20) (115,18) (114,17) (113,19) (112,25) (111,15) (110,23) (109,28) (108,32) (107,30) (106,40) (105,41) (104,36) (103,38) (102,42) (101,48) (100,47) (99,43) (98,33) (97,25) (96,28) (95,32) (94,35) (93,30) (92,25) (91,27) (90,29) (89,34) (88,34) (87,37) (86,40) (85,32) (84,29) (83,31) (82,36) (81,34) (80,44) (79,40) (78,36) (77,40) (76,38) (75,38) (74,35) (73,29) (72,24) (71,29) (70,32) (69,17) (68,15) (67,24) (66,25) (65,28) (64,31) (63,31) (62,33) (61,32) (60,29) (59,13) (58,6) (57,19) (56,21) (55,23) (54,28) (53,27) (52,22) (51,18) (50,16) (49,23) (48,18) (47,17) (46,20) (45,16) (44,14) (43,21) (42,24) (41,24) (40,28) (39,23) (38,20) (37,24) (36,25) (35,28) (34,35) (33,33) (32,31) (31,40) (30,35) (29,25) (28,22) (27,22) (26,22) (25,16) (24,16) (23,15) (22,1) (21,-4) (20,0) (19,-7) (18,-2) (17,1) (16,0) (15,-3) (14,-11) (13,-19) (12,-20) (11,-18) (10,-8) (9,-8) (8,-2) (7,0) (6,6) (5,3) (4,0) (3,-7) (2,4) (1,2) (0,-4) 
TD 1 :
(999,-181) (998,-180) (983,-166) (819,-75) (101,48) (31,40) (2,4) (1,2) (0,-4) 
(999,-181) (998,-180) (983,-166) (819,-75) (101,48) (31,40) (2,4) (1,2) (0,-4) 
(999,-181) (998,-180) (983,-166) (819,-75) (101,48) (31,40) (2,4) (1,2) (0,-4) (3,-7) (4,0) (5,3) (6,6) (7,0) (8,-2) (9,-8) (10,-8) (11,-18) (12,-20) (13,-19) (14,-11) (15,-3) (16,0) (17,1) (18,-2) (19,-7) (20,0) (21,-4) (22,1) (23,15) (24,16) (25,16) (26,22) (27,22) (28,22) (29,25) (30,35) 
(999,-181) (998,-180) (983,-166) (819,-75) (101,48) (31,40) (2,4) (1,2) (0,-4) (32,31) (33,33) (34,35) (35,28) (36,25) (37,24) (38,20) (39,23) (40,28) (41,24) (42,24) (43,21) (44,14) (45,16) (46,20) (47,17) (48,18) (49,23) (50,16) (51,18) (52,22) (53,27) (54,28) (55,23) (56,21) (57,19) (58,6) (59,13) (60,29) (61,32) (62,33) (63,31) (64,31) (65,28) (66,25) (67,24) (68,15) (69,17) (70,32) (71,29) (72,24) (73,29) (74,35) (75,38) (76,38) (77,40) (78,36) (79,40) (80,44) (81,34) (82,36) (83,31) (84,29) (85,32) (86,40) (87,37) (88,34) (89,34) (90,29) (91,27) (92,25) (93,30) (94,35) (95,32) (96,28) (97,25) (98,33) (99,43) (100,47) 
(999,-181) (998,-180) (983,-166) (819,-75) (101,48) (31,40) (2,4) (1,2) (0,-4) (102,42) (103,38) (104,36) (105,41) (106,40) (107,30) (108,32) (109,28) (110,23) (111,15) (112,25) (113,19) (114,17) (115,18) (116,20) (117,17) (118,21) (119,25) (120,29) (121,33) (122,35) (123,28) (124,29) (125,16) (126,8) (127,13) (128,8) (129,9) (130,-1) (131,-3) (132,0) (133,-15) (134,-11) (135,-11) (136,-10) (137,-15) (138,-20) (139,-15) (140,-19) (141,-21) (142,-29) (143,-28) (144,-33) (145,-35) (146,-36) (147,-31) (148,-39) (149,-38) (150,-36) (151,-33) (152,-35) (153,-36) (154,-40) (155,-41) (156,-47) (157,-53) (158,-51) (159,-41) (160,-34) (161,-37) (162,-37) (163,-42) (164,-35) (165,-36) (166,-39) (167,-38) (168,-38) (169,-43) (170,-40) (171,-39) (172,-38) (173,-46) (174,-51) (175,-62) (176,-66) (177,-63) (178,-58) (179,-58) (180,-60) (181,-68) (182,-55) (183,-53) (184,-62) (185,-66) (186,-60) (187,-59) (188,-65) (189,-54) (190,-52) (191,-50) (192,-43) (193,-39) (194,-34) (195,-39) (196,-47) (197,-48) (198,-41) (199,-44) (200,-52) (201,-51) (202,-43) (203,-40) (204,-40) (205,-45) (206,-45) (207,-40) (208,-35) (209,-35) (210,-25) (211,-36) (212,-32) (213,-42) (214,-41) (215,-43) (216,-31) (217,-22) (218,-20) (219,-20) (220,-22) (221,-19) (222,-24) (223,-25) (224,-27) (225,-35) (226,-39) (227,-39) (228,-45) (229,-44) (230,-37) (231,-36) (232,-26) (233,-27) (234,-31) (235,-30) (236,-28) (237,-22) (238,-26) (239,-23) (240,-25) (241,-17) (242,-14) (243,-14) (244,-14) (245,-16) (246,-23) (247,-27) (248,-26) (249,-26) (250,-28) (251,-32) (252,-26) (253,-22) (254,-21) (255,-21) (256,-22) (257,-17) (258,-16) (259,-14) (260,-14) (261,-15) (262,-20) (263,-21) (264,-23) (265,-22) (266,-19) (267,-28) (268,-27) (269,-31) (270,-28) (271,-15) (272,-8) (273,2) (274,13) (275,11) (276,14) (277,17) (278,4) (279,-5) (280,-11) (281,-6) (282,-8) (283,-3) (284,-3) (285,1) (286,-5) (287,-2) (288,-9) (289,-13) (290,-22) (291,-26) (292,-25) (293,-27) (294,-26) (295,-37) (296,-42) (297,-39) (298,-45) (299,-50) (300,-50) (301,-47) (302,-46) (303,-51) (304,-45) (305,-43) (306,-43) (307,-44) (308,-37) (309,-41) (310,-41) (311,-36) (312,-26) (313,-23) (314,-17) (315,-11) (316,-7) (317,-13) (318,-3) (319,-2) (320,-3) (321,-4) (322,-11) (323,-16) (324,-15) (325,0) (326,-1) (327,-4) (328,-4) (329,-4) (330,-9) (331,-11) (332,-17) (333,-26) (334,-24) (335,-19) (336,-9) (337,-11) (338,-18) (339,-30) (340,-44) (341,-49) (342,-49) (343,-49) (344,-39) (345,-44) (346,-48) (347,-52) (348,-50) (349,-46) (350,-42) (351,-33) (352,-39) (353,-37) (354,-34) (355,-34) (356,-27) (357,-31) (358,-28) (359,-34) (360,-37) (361,-39) (362,-37) (363,-44) (364,-37) (365,-40) (366,-45) (367,-40) (368,-41) (369,-41) (370,-36) (371,-40) (372,-45) (373,-47) (374,-47) (375,-52) (376,-62) (377,-60) (378,-61) (379,-61) (380,-53) (381,-59) (382,-50) (383,-53) (384,-52) (385,-58) (386,-62) (387,-62) (388,-64) (389,-66) (390,-62) (391,-62) (392,-55) (393,-51) (394,-54) (395,-55) (396,-67) (397,-66) (398,-68) (399,-59) (400,-61) (401,-51) (402,-53) (403,-50) (404,-52) (405,-59) (406,-55) (407,-53) (408,-51) (409,-46) (410,-46) (411,-60) (412,-58) (413,-59) (414,-69) (415,-73) (416,-70) (417,-69) (418,-76) (419,-83) (420,-80) (421,-79) (422,-82) (423,-82) (424,-80) (425,-78) (426,-82) (427,-95) (428,-97) (429,-87) (430,-97) (431,-100) (432,-98) (433,-105) (434,-114) (435,-117) (436,-125) (437,-125) (438,-128) (439,-130) (440,-134) (441,-137) (442,-133) (443,-136) (444,-136) (445,-130) (446,-134) (447,-150) (448,-149) (449,-149) (450,-142) (451,-146) (452,-146) (453,-142) (454,-145) (455,-145) (456,-143) (457,-142) (458,-141) (459,-140) (460,-138) (461,-136) (462,-133) (463,-131) (464,-133) (465,-138) (466,-146) (467,-138) (468,-143) (469,-127) (470,-133) (471,-134) (472,-132) (473,-136) (474,-138) (475,-132) (476,-125) (477,-117) (478,-126) (479,-125) (480,-126) (481,-129) (482,-133) (483,-135) (484,-135) (485,-141) (486,-131) (487,-129) (488,-131) (489,-131) (490,-128) (491,-128) (492,-131) (493,-138) (494,-141) (495,-144) (496,-139) (497,-135) (498,-135) (499,-133) (500,-135) (501,-141) (502,-142) (503,-141) (504,-147) (505,-150) (506,-146) (507,-146) (508,-138) (509,-141) (510,-149) (511,-140) (512,-135) (513,-133) (514,-136) (515,-136) (516,-136) (517,-137) (518,-140) (519,-136) (520,-139) (521,-141) (522,-140) (523,-141) (524,-144) (525,-152) (526,-144) (527,-143) (528,-144) (529,-147) (530,-145) (531,-143) (532,-153) (533,-153) (534,-150) (535,-144) (536,-147) (537,-147) (538,-148) (539,-139) (540,-138) (541,-125) (542,-128) (543,-131) (544,-133) (545,-131) (546,-120) (547,-121) (548,-117) (549,-123) (550,-132) (551,-135) (552,-131) (553,-128) (554,-124) (555,-124) (556,-123) (557,-119) (558,-113) (559,-108) (560,-106) (561,-101) (562,-101) (563,-105) (564,-110) (565,-108) (566,-117) (567,-116) (568,-114) (569,-117) (570,-122) (571,-128) (572,-129) (573,-123) (574,-126) (575,-125) (576,-131) (577,-134) (578,-138) (579,-136) (580,-131) (581,-126) (582,-129) (583,-129) (584,-143) (585,-150) (586,-145) (587,-152) (588,-165) (589,-164) (590,-159) (591,-155) (592,-156) (593,-163) (594,-167) (595,-166) (596,-171) (597,-181) (598,-167) (599,-175) (600,-172) (601,-174) (602,-171) (603,-165) (604,-155) (605,-157) (606,-154) (607,-157) (608,-164) (609,-166) (610,-165) (611,-155) (612,-159) (613,-164) (614,-170) (615,-176) (616,-167) (617,-166) (618,-157) (619,-162) (620,-165) (621,-168) (622,-167) (623,-173) (624,-178) (625,-179) (626,-180) (627,-177) (628,-178) (629,-176) (630,-174) (631,-170) (632,-175) (633,-171) (634,-171) (635,-172) (636,-172) (637,-168) (638,-167) (639,-168) (640,-158) (641,-160) (642,-161) (643,-164) (644,-161) (645,-158) (646,-159) (647,-155) (648,-160) (649,-157) (650,-155) (651,-156) (652,-157) (653,-160) (654,-158) (655,-152) (656,-164) (657,-164) (658,-160) (659,-152) (660,-154) (661,-156) (662,-161) (663,-157) (664,-159) (665,-164) (666,-164) (667,-169) (668,-168) (669,-171) (670,-172) (671,-167) (672,-165) (673,-171) (674,-167) (675,-167) (676,-170) (677,-182) (678,-184) (679,-179) (680,-174) (681,-163) (682,-157) (683,-162) (684,-159) (685,-160) (686,-165) (687,-162) (688,-166) (689,-165) (690,-175) (691,-170) (692,-174) (693,-176) (694,-178) (695,-182) (696,-182) (697,-171) (698,-171) (699,-171) (700,-166) (701,-160) (702,-162) (703,-161) (704,-162) (705,-171) (706,-171) (707,-171) (708,-164) (709,-166) (710,-169) (711,-167) (712,-165) (713,-164) (714,-164) (715,-159) (716,-156) (717,-167) (718,-163) (719,-160) (720,-156) (721,-152) (722,-157) (723,-153) (724,-156) (725,-158) (726,-155) (727,-150) (728,-140) (729,-126) (730,-128) (731,-122) (732,-113) (733,-111) (734,-119) (735,-120) (736,-125) (737,-128) (738,-134) (739,-150) (740,-138) (741,-141) (742,-140) (743,-148) (744,-143) (745,-142) (746,-146) (747,-138) (748,-140) (749,-141) (750,-148) (751,-147) (752,-144) (753,-142) (754,-144) (755,-141) (756,-145) (757,-142) (758,-131) (759,-119) (760,-116) (761,-118) (762,-126) (763,-123) (764,-123) (765,-122) (766,-127) (767,-126) (768,-122) (769,-122) (770,-121) (771,-111) (772,-109) (773,-111) (774,-113) (775,-113) (776,-119) (777,-120) (778,-127) (779,-124) (780,-125) (781,-125) (782,-124) (783,-119) (784,-122) (785,-118) (786,-113) (787,-116) (788,-124) (789,-127) (790,-126) (791,-131) (792,-128) (793,-125) (794,-125) (795,-119) (796,-118) (797,-116) (798,-123) (799,-129) (800,-124) (801,-109) (802,-107) (803,-108) (804,-108) (805,-113) (806,-106) (807,-99) (808,-99) (809,-98) (810,-99) (811,-97) (812,-92) (813,-83) (814,-89) (815,-81) (816,-80) (817,-76) (818,-75) 
(999,-181) (998,-180) (983,-166) (819,-75) (101,48) (31,40) (2,4) (1,2) (0,-4) (820,-80) (821,-80) (822,-81) (823,-88) (824,-84) (825,-84) (826,-92) (827,-102) (828,-106) (829,-105) (830,-110) (831,-110) (832,-109) (833,-107) (834,-110) (835,-105) (836,-101) (837,-98) (838,-103) (839,-103) (840,-107) (841,-107) (842,-108) (843,-104) (844,-95) (845,-95) (846,-107) (847,-108) (848,-107) (849,-104) (850,-114) (851,-111) (852,-113) (853,-114) (854,-116) (855,-117) (856,-124) (857,-130) (858,-133) (859,-134) (860,-136) (861,-136) (862,-132) (863,-130) (864,-137) (865,-130) (866,-133) (867,-141) (868,-150) (869,-148) (870,-158) (871,-161) (872,-165) (873,-156) (874,-155) (875,-152) (876,-145) (877,-147) (878,-144) (879,-147) (880,-149) (881,-149) (882,-156) (883,-157) (884,-161) (885,-162) (886,-155) (887,-150) (888,-152) (889,-151) (890,-156) (891,-157) (892,-158) (893,-164) (894,-167) (895,-170) (896,-172) (897,-173) (898,-182) (899,-188) (900,-187) (901,-189) (902,-180) (903,-173) (904,-179) (905,-188) (906,-187) (907,-184) (908,-191) (909,-194) (910,-187) (911,-194) (912,-186) (913,-188) (914,-186) (915,-192) (916,-201) (917,-200) (918,-204) (919,-203) (920,-202) (921,-203) (922,-197) (923,-197) (924,-204) (925,-197) (926,-194) (927,-202) (928,-208) (929,-204) (930,-201) (931,-207) (932,-211) (933,-213) (934,-222) (935,-218) (936,-216) (937,-212) (938,-219) (939,-222) (940,-218) (941,-214) (942,-214) (943,-211) (944,-210) (945,-211) (946,-211) (947,-214) (948,-213) (949,-211) (950,-212) (951,-214) (952,-211) (953,-202) (954,-214) (955,-210) (956,-208) (957,-207) (958,-201) (959,-203) (960,-199) (961,-195) (962,-183) (963,-183) (964,-192) (965,-187) (966,-176) (967,-180) (968,-179) (969,-179) (970,-175) (971,-175) (972,-175) (973,-178) (974,-181) (975,-179) (976,-184) (977,-188) (978,-185) (979,-180) (980,-169) (981,-180) (982,-176) 
(999,-181) (998,-180) (983,-166) (819,-75) (101,48) (31,40) (2,4) (1,2) (0,-4) (984,-170) (985,-169) (986,-170) (987,-173) (988,-184) (989,-190) (990,-186) (991,-195) (992,-195) (993,-191) (994,-183) (995,-184) (996,-186) (997,-185) 
(999,-181) (998,-180) (983,-166) (819,-75) (101,48) (31,40) (2,4) (1,2) (0,-4) 
TD 2 :
(999,-181) (998,-180) (983,-166) (819,-75) (101,48) (31,40) (2,4) (1,2) (0,-4) (30,35) (6,6) (5,3) (4,0) (3,-7) 
(999,-181) (998,-180) (983,-166) (819,-75) (101,48) (31,40) (2,4) (1,2) (0,-4) (30,35) (6,6) (5,3) (4,0) (3,-7) 
(999,-181) (998,-180) (983,-166) (819,-75) (101,48) (31,40) (2,4) (1,2) (0,-4) (30,35) (6,6) (5,3) (4,0) (3,-7) 
(999,-181) (998,-180) (983,-166) (819,-75) (101,48) (31,40) (2,4) (1,2) (0,-4) (30,35) (6,6) (5,3) (4,0) (3,-7) (7,0) (8,-2) (9,-8) (10,-8) (11,-18) (12,-20) (13,-19) (14,-11) (15,-3) (16,0) (17,1) (18,-2) (19,-7) (20,0) (21,-4) (22,1) (23,15) (24,16) (25,16) (26,22) (27,22) (28,22) (29,25) 
(999,-181) (998,-180) (983,-166) (819,-75) (101,48) (31,40) (2,4) (1,2) (0,-4) (30,35) (6,6) (5,3) (4,0) (3,-7) 
(999,-181) (998,-180) (983,-166) (819,-75) (101,48) (31,40) (2,4) (1,2) (0,-4) (100,47) (80,44) (32,31) (33,33) (34,35) (35,28) (36,25) (37,24) (38,20) (39,23) (40,28) (41,24) (42,24) (43,21) (44,14) (45,16) (46,20) (47,17) (48,18) (49,23) (50,16) (51,18) (52,22) (53,27) (54,28) (55,23) (56,21) (57,19) (58,6) (59,13) (60,29) (61,32) (62,33) (63,31) (64,31) (65,28) (66,25) (67,24) (68,15) (69,17) (70,32) (71,29) (72,24) (73,29) (74,35) (75,38) (76,38) (77,40) (78,36) (79,40) 
(999,-181) (998,-180) (983,-166) (819,-75) (101,48) (31,40) (2,4) (1,2) (0,-4) (100,47) (80,44) (81,34) (82,36) (83,31) (84,29) (85,32) (86,40) (87,37) (88,34) (89,34) (90,29) (91,27) (92,25) (93,30) (94,35) (95,32) (96,28) (97,25) (98,33) (99,43) 
(999,-181) (998,-180) (983,-166) (819,-75) (101,48) (31,40) (2,4) (1,2) (0,-4) (100,47) (80,44) 
(999,-181) (998,-180) (983,-166) (819,-75) (101,48) (31,40) (2,4) (1,2) (0,-4) (818,-75) (277,17) (102,42) (103,38) (104,36) (105,41) (106,40) (107,30) (108,32) (109,28) (110,23) (111,15) (112,25) (113,19) (114,17) (115,18) (116,20) (117,17) (118,21) (119,25) (120,29) (121,33) (122,35) (123,28) (124,29) (125,16) (126,8) (127,13) (128,8) (129,9) (130,-1) (131,-3) (132,0) (133,-15) (134,-11) (135,-11) (136,-10) (137,-15) (138,-20) (139,-15) (140,-19) (141,-21) (142,-29) (143,-28) (144,-33) (145,-35) (146,-36) (147,-31) (148,-39) (149,-38) (150,-36) (151,-33) (152,-35) (153,-36) (154,-40) (155,-41) (156,-47) (157,-53) (158,-51) (159,-41) (160,-34) (161,-37) (162,-37) (163,-42) (164,-35) (165,-36) (166,-39) (167,-38) (168,-38) (169,-43) (170,-40) (171,-39) (172,-38) (173,-46) (174,-51) (175,-62) (176,-66) (177,-63) (178,-58) (179,-58) (180,-60) (181,-68) (182,-55) (183,-53) (184,-62) (185,-66) (186,-60) (187,-59) (188,-65) (189,-54) (190,-52) (191,-50) (192,-43) (193,-39) (194,-34) (195,-39) (196,-47) (197,-48) (198,-41) (199,-44) (200,-52) (201,-51) (202,-43) (203,-40) (204,-40) (205,-45) (206,-45) (207,-40) (208,-35) (209,-35) (210,-25) (211,-36) (212,-32) (213,-42) (214,-41) (215,-43) (216,-31) (217,-22) (218,-20) (219,-20) (220,-22) (221,-19) (222,-24) (223,-25) (224,-27) (225,-35) (226,-39) (227,-39) (228,-45) (229,-44) (230,-37) (231,-36) (232,-26) (233,-27) (234,-31) (235,-30) (236,-28) (237,-22) (238,-26) (239,-23) (240,-25) (241,-17) (242,-14) (243,-14) (244,-14) (245,-16) (246,-23) (247,-27) (248,-26) (249,-26) (250,-28) (251,-32) (252,-26) (253,-22) (254,-21) (255,-21) (256,-22) (257,-17) (258,-16) (259,-14) (260,-14) (261,-15) (262,-20) (263,-21) (264,-23) (265,-22) (266,-19) (267,-28) (268,-27) (269,-31) (270,-28) (271,-15) (272,-8) (273,2) (274,13) (275,11) (276,14) 
(999,-181) (998,-180) (983,-166) (819,-75) (101,48) (31,40) (2,4) (1,2) (0,-4) (818,-75) (277,17) (278,4) (279,-5) (280,-11) (281,-6) (282,-8) (283,-3) (284,-3) (285,1) (286,-5) (287,-2) (288,-9) (289,-13) (290,-22) (291,-26) (292,-25) (293,-27) (294,-26) (295,-37) (296,-42) (297,-39) (298,-45) (299,-50) (300,-50) (301,-47) (302,-46) (303,-51) (304,-45) (305,-43) (306,-43) (307,-44) (308,-37) (309,-41) (310,-41) (311,-36) (312,-26) (313,-23) (314,-17) (315,-11) (316,-7) (317,-13) (318,-3) (319,-2) (320,-3) (321,-4) (322,-11) (323,-16) (324,-15) (325,0) (326,-1) (327,-4) (328,-4) (329,-4) (330,-9) (331,-11) (332,-17) (333,-26) (334,-24) (335,-19) (336,-9) (337,-11) (338,-18) (339,-30) (340,-44) (341,-49) (342,-49) (343,-49) (344,-39) (345,-44) (346,-48) (347,-52) (348,-50) (349,-46) (350,-42) (351,-33) (352,-39) (353,-37) (354,-34) (355,-34) (356,-27) (357,-31) (358,-28) (359,-34) (360,-37) (361,-39) (362,-37) (363,-44) (364,-37) (365,-40) (366,-45) (367,-40) (368,-41) (369,-41) (370,-36) (371,-40) (372,-45) (373,-47) (374,-47) (375,-52) (376,-62) (377,-60) (378,-61) (379,-61) (380,-53) (381,-59) (382,-50) (383,-53) (384,-52) (385,-58) (386,-62) (387,-62) (388,-64) (389,-66) (390,-62) (391,-62) (392,-55) (393,-51) (394,-54) (395,-55) (396,-67) (397,-66) (398,-68) (399,-59) (400,-61) (401,-51) (402,-53) (403,-50) (404,-52) (405,-59) (406,-55) (407,-53) (408,-51) (409,-46) (410,-46) (411,-60) (412,-58) (413,-59) (414,-69) (415,-73) (416,-70) (417,-69) (418,-76) (419,-83) (420,-80) (421,-79) (422,-82) (423,-82) (424,-80) (425,-78) (426,-82) (427,-95) (428,-97) (429,-87) (430,-97) (431,-100) (432,-98) (433,-105) (434,-114) (435,-117) (436,-125) (437,-125) (438,-128) (439,-130) (440,-134) (441,-137) (442,-133) (443,-136) (444,-136) (445,-130) (446,-134) (447,-150) (448,-149) (449,-149) (450,-142) (451,-146) (452,-146) (453,-142) (454,-145) (455,-145) (456,-143) (457,-142) (458,-141) (459,-140) (460,-138) (461,-136) (462,-133) (463,-131) (464,-133) (465,-138) (466,-146) (467,-138) (468,-143) (469,-127) (470,-133) (471,-134) (472,-132) (473,-136) (474,-138) (475,-132) (476,-125) (477,-117) (478,-126) (479,-125) (480,-126) (481,-129) (482,-133) (483,-135) (484,-135) (485,-141) (486,-131) (487,-129) (488,-131) (489,-131) (490,-128) (491,-128) (492,-131) (493,-138) (494,-141) (495,-144) (496,-139) (497,-135) (498,-135) (499,-133) (500,-135) (501,-141) (502,-142) (503,-141) (504,-147) (505,-150) (506,-146) (507,-146) (508,-138) (509,-141) (510,-149) (511,-140) (512,-135) (513,-133) (514,-136) (515,-136) (516,-136) (517,-137) (518,-140) (519,-136) (520,-139) (521,-141) (522,-140) (523,-141) (524,-144) (525,-152) (526,-144) (527,-143) (528,-144) (529,-147) (530,-145) (531,-143) (532,-153) (533,-153) (534,-150) (535,-144) (536,-147) (537,-147) (538,-148) (539,-139) (540,-138) (541,-125) (542,-128) (543,-131) (544,-133) (545,-131) (546,-120) (547,-121) (548,-117) (549,-123) (550,-132) (551,-135) (552,-131) (553,-128) (554,-124) (555,-124) (556,-123) (557,-119) (558,-113) (559,-108) (560,-106) (561,-101) (562,-101) (563,-105) (564,-110) (565,-108) (566,-117) (567,-116) (568,-114) (569,-117) (570,-122) (571,-128) (572,-129) (573,-123) (574,-126) (575,-125) (576,-131) (577,-134) (578,-138) (579,-136) (580,-131) (581,-126) (582,-129) (583,-129) (584,-143) (585,-150) (586,-145) (587,-152) (588,-165) (589,-164) (590,-159) (591,-155) (592,-156) (593,-163) (594,-167) (595,-166) (596,-171) (597,-181) (598,-167) (599,-175) (600,-172) (601,-174) (602,-171) (603,-165) (604,-155) (605,-157) (606,-154) (607,-157) (608,-164) (609,-166) (610,-165) (611,-155) (612,-159) (613,-164) (614,-170) (615,-176) (616,-167) (617,-166) (618,-157) (619,-162) (620,-165) (621,-168) (622,-167) (623,-173) (624,-178) (625,-179) (626,-180) (627,-177) (628,-178) (629,-176) (630,-174) (631,-170) (632,-175) (633,-171) (634,-171) (635,-172) (636,-172) (637,-168) (638,-167) (639,-168) (640,-158) (641,-160) (642,-161) (643,-164) (644,-161) (645,-158) (646,-159) (647,-155) (648,-160) (649,-157) (650,-155) (651,-156) (652,-157) (653,-160) (654,-158) (655,-152) (656,-164) (657,-164) (658,-160) (659,-152) (660,-154) (661,-156) (662,-161) (663,-157) (664,-159) (665,-164) (666,-164) (667,-169) (668,-168) (669,-171) (670,-172) (671,-167) (672,-165) (673,-171) (674,-167) (675,-167) (676,-170) (677,-182) (678,-184) (679,-179) (680,-174) (681,-163) (682,-157) (683,-162) (684,-159) (685,-160) (686,-165) (687,-162) (688,-166) (689,-165) (690,-175) (691,-170) (692,-174) (693,-176) (694,-178) (695,-182) (696,-182) (697,-171) (698,-171) (699,-171) (700,-166) (701,-160) (702,-162) (703,-161) (704,-162) (705,-171) (706,-171) (707,-171) (708,-164) (709,-166) (710,-169) (711,-167) (712,-165) (713,-164) (714,-164) (715,-159) (716,-156) (717,-167) (718,-163) (719,-160) (720,-156) (721,-152) (722,-157) (723,-153) (724,-156) (725,-158) (726,-155) (727,-150) (728,-140) (729,-126) (730,-128) (731,-122) (732,-113) (733,-111) (734,-119) (735,-120) (736,-125) (737,-128) (738,-134) (739,-150) (740,-138) (741,-141) (742,-140) (743,-148) (744,-143) (745,-142) (746,-146) (747,-138) (748,-140) (749,-141) (750,-148) (751,-147) (752,-144) (753,-142) (754,-144) (755,-141) (756,-145) (757,-142) (758,-131) (759,-119) (760,-116) (761,-118) (762,-126) (763,-123) (764,-123) (765,-122) (766,-127) (767,-126) (768,-122) (769,-122) (770,-121) (771,-111) (772,-109) (773,-111) (774,-113) (775,-113) (776,-119) (777,-120) (778,-127) (779,-124) (780,-125) (781,-125) (782,-124) (783,-119) (784,-122) (785,-118) (786,-113) (787,-116) (788,-124) (789,-127) (790,-126) (791,-131) (792,-128) (793,-125) (794,-125) (795,-119) (796,-118) (797,-116) (798,-123) (799,-129) (800,-124) (801,-109) (802,-107) (803,-108) (804,-108) (805,-113) (806,-106) (807,-99) (808,-99) (809,-98) (810,-99) (811,-97) (812,-92) (813,-83) (814,-89) (815,-81) (816,-80) (817,-76) 
(999,-181) (998,-180) (983,-166) (819,-75) (101,48) (31,40) (2,4) (1,2) (0,-4) (818,-75) (277,17) 
(999,-181) (998,-180) (983,-166) (819,-75) (101,48) (31,40) (2,4) (1,2) (0,-4) (997,-185) (986,-170) (985,-169) (984,-170) 
(999,-181) (998,-180) (983,-166) (819,-75) (101,48) (31,40) (2,4) (1,2) (0,-4) (997,-185) (986,-170) (985,-169) 
(999,-181) (998,-180) (983,-166) (819,-75) (101,48) (31,40) (2,4) (1,2) (0,-4) (997,-185) (986,-170) (985,-169) (987,-173) (988,-184) (989,-190) (990,-186) (991,-195) (992,-195) (993,-191) (994,-183) (995,-184) (996,-186) 
TD 3 :
(999,-181) (998,-180) (983,-166) (819,-75) (101,48) (31,40) (2,4) (1,2) (0,-4) (30,35) (6,6) (5,3) (4,0) (3,-7) (7,0) (8,-2) (9,-8) (10,-8) (11,-18) (12,-20) (13,-19) (14,-11) (15,-3) (16,0) (17,1) (18,-2) (19,-7) (20,0) (21,-4) (22,1) (23,15) (24,16) (25,16) (26,22) (27,22) (28,22) (29,25) 
(999,-181) (998,-180) (983,-166) (819,-75) (101,48) (31,40) (2,4) (1,2) (0,-4) (100,47) (80,44) (34,35) (32,31) (33,33) 
(999,-181) (998,-180) (983,-166) (819,-75) (101,48) (31,40) (2,4) (1,2) (0,-4) (100,47) (80,44) (34,35) (35,28) (36,25) (37,24) (38,20) (39,23) (40,28) (41,24) (42,24) (43,21) (44,14) (45,16) (46,20) (47,17) (48,18) (49,23) (50,16) (51,18) (52,22) (53,27) (54,28) (55,23) (56,21) (57,19) (58,6) (59,13) (60,29) (61,32) (62,33) (63,31) (64,31) (65,28) (66,25) (67,24) (68,15) (69,17) (70,32) (71,29) (72,24) (73,29) (74,35) (75,38) (76,38) (77,40) (78,36) (79,40) 
(999,-181) (998,-180) (983,-166) (819,-75) (101,48) (31,40) (2,4) (1,2) (0,-4) (100,47) (80,44) (99,43) (81,34) (82,36) (83,31) (84,29) (85,32) (86,40) (87,37) (88,34) (89,34) (90,29) (91,27) (92,25) (93,30) (94,35) (95,32) (96,28) (97,25) (98,33) 
(999,-181) (998,-180) (983,-166) (819,-75) (101,48) (31,40) (2,4) (1,2) (0,-4) (100,47) (80,44) (99,43) 
(999,-181) (998,-180) (983,-166) (819,-75) (101,48) (31,40) (2,4) (1,2) (0,-4) (818,-75) (277,17) (276,14) (102,42) (103,38) (104,36) (105,41) (106,40) (107,30) (108,32) (109,28) (110,23) (111,15) (112,25) (113,19) (114,17) (115,18) (116,20) (117,17) (118,21) (119,25) (120,29) (121,33) (122,35) (123,28) (124,29) (125,16) (126,8) (127,13) (128,8) (129,9) (130,-1) (131,-3) (132,0) (133,-15) (134,-11) (135,-11) (136,-10) (137,-15) (138,-20) (139,-15) (140,-19) (141,-21) (142,-29) (143,-28) (144,-33) (145,-35) (146,-36) (147,-31) (148,-39) (149,-38) (150,-36) (151,-33) (152,-35) (153,-36) (154,-40) (155,-41) (156,-47) (157,-53) (158,-51) (159,-41) (160,-34) (161,-37) (162,-37) (163,-42) (164,-35) (165,-36) (166,-39) (167,-38) (168,-38) (169,-43) (170,-40) (171,-39) (172,-38) (173,-46) (174,-51) (175,-62) (176,-66) (177,-63) (178,-58) (179,-58) (180,-60) (181,-68) (182,-55) (183,-53) (184,-62) (185,-66) (186,-60) (187,-59) (188,-65) (189,-54) (190,-52) (191,-50) (192,-43) (193,-39) (194,-34) (195,-39) (196,-47) (197,-48) (198,-41) (199,-44) (200,-52) (201,-51) (202,-43) (203,-40) (204,-40) (205,-45) (206,-45) (207,-40) (208,-35) (209,-35) (210,-25) (211,-36) (212,-32) (213,-42) (214,-41) (215,-43) (216,-31) (217,-22) (218,-20) (219,-20) (220,-22) (221,-19) (222,-24) (223,-25) (224,-27) (225,-35) (226,-39) (227,-39) (228,-45) (229,-44) (230,-37) (231,-36) (232,-26) (233,-27) (234,-31) (235,-30) (236,-28) (237,-22) (238,-26) (239,-23) (240,-25) (241,-17) (242,-14) (243,-14) (244,-14) (245,-16) (246,-23) (247,-27) (248,-26) (249,-26) (250,-28) (251,-32) (252,-26) (253,-22) (254,-21) (255,-21) (256,-22) (257,-17) (258,-16) (259,-14) (260,-14) (261,-15) (262,-20) (263,-21) (264,-23) (265,-22) (266,-19) (267,-28) (268,-27) (269,-31) (270,-28) (271,-15) (272,-8) (273,2) (274,13) (275,11) 
(999,-181) (998,-180) (983,-166) (819,-75) (101,48) (31,40) (2,4) (1,2) (0,-4) (818,-75) (277,17) (276,14) 
(999,-181) (998,-180) (983,-166) (819,-75) (101,48) (31,40) (2,4) (1,2) (0,-4) (818,-75) (277,17) (817,-76) (278,4) (279,-5) (280,-11) (281,-6) (282,-8) (283,-3) (284,-3) (285,1) (286,-5) (287,-2) (288,-9) (289,-13) (290,-22) (291,-26) (292,-25) (293,-27) (294,-26) (295,-37) (296,-42) (297,-39) (298,-45) (299,-50) (300,-50) (301,-47) (302,-46) (303,-51) (304,-45) (305,-43) (306,-43) (307,-44) (308,-37) (309,-41) (310,-41) (311,-36) (312,-26) (313,-23) (314,-17) (315,-11) (316,-7) (317,-13) (318,-3) (319,-2) (320,-3) (321,-4) (322,-11) (323,-16) (324,-15) (325,0) (326,-1) (327,-4) (328,-4) (329,-4) (330,-9) (331,-11) (332,-17) (333,-26) (334,-24) (335,-19) (336,-9) (337,-11) (338,-18) (339,-30) (340,-44) (341,-49) (342,-49) (343,-49) (344,-39) (345,-44) (346,-48) (347,-52) (348,-50) (349,-46) (350,-42) (351,-33) (352,-39) (353,-37) (354,-34) (355,-34) (356,-27) (357,-31) (358,-28) (359,-34) (360,-37) (361,-39) (362,-37) (363,-44) (364,-37) (365,-40) (366,-45) (367,-40) (368,-41) (369,-41) (370,-36) (371,-40) (372,-45) (373,-47) (374,-47) (375,-52) (376,-62) (377,-60) (378,-61) (379,-61) (380,-53) (381,-59) (382,-50) (383,-53) (384,-52) (385,-58) (386,-62) (387,-62) (388,-64) (389,-66) (390,-62) (391,-62) (392,-55) (393,-51) (394,-54) (395,-55) (396,-67) (397,-66) (398,-68) (399,-59) (400,-61) (401,-51) (402,-53) (403,-50) (404,-52) (405,-59) (406,-55) (407,-53) (408,-51) (409,-46) (410,-46) (411,-60) (412,-58) (413,-59) (414,-69) (415,-73) (416,-70) (417,-69) (418,-76) (419,-83) (420,-80) (421,-79) (422,-82) (423,-82) (424,-80) (425,-78) (426,-82) (427,-95) (428,-97) (429,-87) (430,-97) (431,-100) (432,-98) (433,-105) (434,-114) (435,-117) (436,-125) (437,-125) (438,-128) (439,-130) (440,-134) (441,-137) (442,-133) (443,-136) (444,-136) (445,-130) (446,-134) (447,-150) (448,-149) (449,-149) (450,-142) (451,-146) (452,-146) (453,-142) (454,-145) (455,-145) (456,-143) (457,-142) (458,-141) (459,-140) (460,-138) (461,-136) (462,-133) (463,-131) (464,-133) (465,-138) (466,-146) (467,-138) (468,-143) (469,-127) (470,-133) (471,-134) (472,-132) (473,-136) (474,-138) (475,-132) (476,-125) (477,-117) (478,-126) (479,-125) (480,-126) (481,-129) (482,-133) (483,-135) (484,-135) (485,-141) (486,-131) (487,-129) (488,-131) (489,-131) (490,-128) (491,-128) (492,-131) (493,-138) (494,-141) (495,-144) (496,-139) (497,-135) (498,-135) (499,-133) (500,-135) (501,-141) (502,-142) (503,-141) (504,-147) (505,-150) (506,-146) (507,-146) (508,-138) (509,-141) (510,-149) (511,-140) (512,-135) (513,-133) (514,-136) (515,-136) (516,-136) (517,-137) (518,-140) (519,-136) (520,-139) (521,-141) (522,-140) (523,-141) (524,-144) (525,-152) (526,-144) (527,-143) (528,-144) (529,-147) (530,-145) (531,-143) (532,-153) (533,-153) (534,-150) (535,-144) (536,-147) (537,-147) (538,-148) (539,-139) (540,-138) (541,-125) (542,-128) (543,-131) (544,-133) (545,-131) (546,-120) (547,-121) (548,-117) (549,-123) (550,-132) (551,-135) (552,-131) (553,-128) (554,-124) (555,-124) (556,-123) (557,-119) (558,-113) (559,-108) (560,-106) (561,-101) (562,-101) (563,-105) (564,-110) (565,-108) (566,-117) (567,-116) (568,-114) (569,-117) (570,-122) (571,-128) (572,-129) (573,-123) (574,-126) (575,-125) (576,-131) (577,-134) (578,-138) (579,-136) (580,-131) (581,-126) (582,-129) (583,-129) (584,-143) (585,-150) (586,-145) (587,-152) (588,-165) (589,-164) (590,-159) (591,-155) (592,-156) (593,-163) (594,-167) (595,-166) (596,-171) (597,-181) (598,-167) (599,-175) (600,-172) (601,-174) (602,-171) (603,-165) (604,-155) (605,-157) (606,-154) (607,-157) (608,-164) (609,-166) (610,-165) (611,-155) (612,-159) (613,-164) (614,-170) (615,-176) (616,-167) (617,-166) (618,-157) (619,-162) (620,-165) (621,-168) (622,-167) (623,-173) (624,-178) (625,-179) (626,-180) (627,-177) (628,-178) (629,-176) (630,-174) (631,-170) (632,-175) (633,-171) (634,-171) (635,-172) (636,-172) (637,-168) (638,-167) (639,-168) (640,-158) (641,-160) (642,-161) (643,-164) (644,-161) (645,-158) (646,-159) (647,-155) (648,-160) (649,-157) (650,-155) (651,-156) (652,-157) (653,-160) (654,-158) (655,-152) (656,-164) (657,-164) (658,-160) (659,-152) (660,-154) (661,-156) (662,-161) (663,-157) (664,-159) (665,-164) (666,-164) (667,-169) (668,-168) (669,-171) (670,-172) (671,-167) (672,-165) (673,-171) (674,-167) (675,-167) (676,-170) (677,-182) (678,-184) (679,-179) (680,-174) (681,-163) (682,-157) (683,-162) (684,-159) (685,-160) (686,-165) (687,-162) (688,-166) (689,-165) (690,-175) (691,-170) (692,-174) (693,-176) (694,-178) (695,-182) (696,-182) (697,-171) (698,-171) (699,-171) (700,-166) (701,-160) (702,-162) (703,-161) (704,-162) (705,-171) (706,-171) (707,-171) (708,-164) (709,-166) (710,-169) (711,-167) (712,-165) (713,-164) (714,-164) (715,-159) (716,-156) (717,-167) (718,-163) (719,-160) (720,-156) (721,-152) (722,-157) (723,-153) (724,-156) (725,-158) (726,-155) (727,-150) (728,-140) (729,-126) (730,-128) (731,-122) (732,-113) (733,-111) (734,-119) (735,-120) (736,-125) (737,-128) (738,-134) (739,-150) (740,-138) (741,-141) (742,-140) (743,-148) (744,-143) (745,-142) (746,-146) (747,-138) (748,-140) (749,-141) (750,-148) (751,-147) (752,-144) (753,-142) (754,-144) (755,-141) (756,-145) (757,-142) (758,-131) (759,-119) (760,-116) (761,-118) (762,-126) (763,-123) (764,-123) (765,-122) (766,-127) (767,-126) (768,-122) (769,-122) (770,-121) (771,-111) (772,-109) (773,-111) (774,-113) (775,-113) (776,-119) (777,-120) (778,-127) (779,-124) (780,-125) (781,-125) (782,-124) (783,-119) (784,-122) (785,-118) (786,-113) (787,-116) (788,-124) (789,-127) (790,-126) (791,-131) (792,-128) (793,-125) (794,-125) (795,-119) (796,-118) (797,-116) (798,-123) (799,-129) (800,-124) (801,-109) (802,-107) (803,-108) (804,-108) (805,-113) (806,-106) (807,-99) (808,-99) (809,-98) (810,-99) (811,-97) (812,-92) (813,-83) (814,-89) (815,-81) (816,-80) 
(999,-181) (998,-180) (983,-166) (819,-75) (101,48) (31,40) (2,4) (1,2) (0,-4) (818,-75) (277,17) (817,-76) 
(999,-181) (998,-180) (983,-166) (819,-75) (101,48) (31,40) (2,4) (1,2) (0,-4) (997,-185) (986,-170) (985,-169) (984,-170) 
(999,-181) (998,-180) (983,-166) (819,-75) (101,48) (31,40) (2,4) (1,2) (0,-4) (997,-185) (986,-170) (985,-169) (984,-170) 
(999,-181) (998,-180) (983,-166) (819,-75) (101,48) (31,40) (2,4) (1,2) (0,-4) (997,-185) (986,-170) (985,-169) (996,-186) (995,-184) (987,-173) 
(999,-181) (998,-180) (983,-166) (819,-75) (101,48) (31,40) (2,4) (1,2) (0,-4) (997,-185) (986,-170) (985,-169) (996,-186) (995,-184) (987,-173) (988,-184) (989,-190) (990,-186) (991,-195) (992,-195) (993,-191) (994,-183) 
(999,-181) (998,-180) (983,-166) (819,-75) (101,48) (31,40) (2,4) (1,2) (0,-4) (997,-185) (986,-170) (985,-169) (996,-186) (995,-184) (987,-173) 
TD 4 :
(999,-181) (998,-180) (983,-166) (819,-75) (101,48) (31,40) (2,4) (1,2) (0,-4) (30,35) (6,6) (5,3) (4,0) (3,-7) (7,0) (8,-2) (9,-8) (10,-8) (11,-18) (12,-20) (13,-19) (14,-11) (15,-3) (16,0) (17,1) (18,-2) (19,-7) (20,0) (21,-4) (22,1) (23,15) (24,16) (25,16) (26,22) (27,22) (28,22) (29,25) 
(999,-181) (998,-180) (983,-166) (819,-75) (101,48) (31,40) (2,4) (1,2) (0,-4) (100,47) (80,44) (34,35) (33,33) (32,31) 
(999,-181) (998,-180) (983,-166) (819,-75) (101,48) (31,40) (2,4) (1,2) (0,-4) (100,47) (80,44) (34,35) (33,33) 
(999,-181) (998,-180) (983,-166) (819,-75) (101,48) (31,40) (2,4) (1,2) (0,-4) (100,47) (80,44) (34,35) (77,40) (35,28) (36,25) (37,24) (38,20) (39,23) (40,28) (41,24) (42,24) (43,21) (44,14) (45,16) (46,20) (47,17) (48,18) (49,23) (50,16) (51,18) (52,22) (53,27) (54,28) (55,23) (56,21) (57,19) (58,6) (59,13) (60,29) (61,32) (62,33) (63,31) (64,31) (65,28) (66,25) (67,24) (68,15) (69,17) (70,32) (71,29) (72,24) (73,29) (74,35) (75,38) (76,38) 
(999,-181) (998,-180) (983,-166) (819,-75) (101,48) (31,40) (2,4) (1,2) (0,-4) (100,47) (80,44) (34,35) (77,40) (78,36) (79,40) 
(999,-181) (998,-180) (983,-166) (819,-75) (101,48) (31,40) (2,4) (1,2) (0,-4) (818,-75) (277,17) (276,14) (274,13) (102,42) 
(999,-181) (998,-180) (983,-166) (819,-75) (101,48) (31,40) (2,4) (1,2) (0,-4) (818,-75) (277,17) (276,14) (274,13) (102,42) (103,38) (104,36) (105,41) (106,40) (107,30) (108,32) (109,28) (110,23) (111,15) (112,25) (113,19) (114,17) (115,18) (116,20) (117,17) (118,21) (119,25) (120,29) (121,33) (122,35) (123,28) (124,29) (125,16) (126,8) (127,13) (128,8) (129,9) (130,-1) (131,-3) (132,0) (133,-15) (134,-11) (135,-11) (136,-10) (137,-15) (138,-20) (139,-15) (140,-19) (141,-21) (142,-29) (143,-28) (144,-33) (145,-35) (146,-36) (147,-31) (148,-39) (149,-38) (150,-36) (151,-33) (152,-35) (153,-36) (154,-40) (155,-41) (156,-47) (157,-53) (158,-51) (159,-41) (160,-34) (161,-37) (162,-37) (163,-42) (164,-35) (165,-36) (166,-39) (167,-38) (168,-38) (169,-43) (170,-40) (171,-39) (172,-38) (173,-46) (174,-51) (175,-62) (176,-66) (177,-63) (178,-58) (179,-58) (180,-60) (181,-68) (182,-55) (183,-53) (184,-62) (185,-66) (186,-60) (187,-59) (188,-65) (189,-54) (190,-52) (191,-50) (192,-43) (193,-39) (194,-34) (195,-39) (196,-47) (197,-48) (198,-41) (199,-44) (200,-52) (201,-51) (202,-43) (203,-40) (204,-40) (205,-45) (206,-45) (207,-40) (208,-35) (209,-35) (210,-25) (211,-36) (212,-32) (213,-42) (214,-41) (215,-43) (216,-31) (217,-22) (218,-20) (219,-20) (220,-22) (221,-19) (222,-24) (223,-25) (224,-27) (225,-35) (226,-39) (227,-39) (228,-45) (229,-44) (230,-37) (231,-36) (232,-26) (233,-27) (234,-31) (235,-30) (236,-28) (237,-22) (238,-26) (239,-23) (240,-25) (241,-17) (242,-14) (243,-14) (244,-14) (245,-16) (246,-23) (247,-27) (248,-26) (249,-26) (250,-28) (251,-32) (252,-26) (253,-22) (254,-21) (255,-21) (256,-22) (257,-17) (258,-16) (259,-14) (260,-14) (261,-15) (262,-20) (263,-21) (264,-23) (265,-22) (266,-19) (267,-28) (268,-27) (269,-31) (270,-28) (271,-15) (272,-8) (273,2) 
(999,-181) (998,-180) (983,-166) (819,-75) (101,48) (31,40) (2,4) (1,2) (0,-4) (818,-75) (277,17) (276,14) (274,13) (102,42) (275,11) 
(999,-181) (998,-180) (983,-166) (819,-75) (101,48) (31,40) (2,4) (1,2) (0,-4) (997,-185) (986,-170) (985,-169) (996,-186) (995,-184) (987,-173) (994,-183) (988,-184) (989,-190) (990,-186) (991,-195) (992,-195) (993,-191) 
TD 5 :
(999,-181) (998,-180) (983,-166) (819,-75) (101,48) (31,40) (2,4) (1,2) (0,-4) (30,35) (6,6) (5,3) (4,0) (3,-7) (7,0) (8,-2) (26,22) (9,-8) (10,-8) (11,-18) (12,-20) (13,-19) (14,-11) (15,-3) (16,0) (17,1) (18,-2) (19,-7) (20,0) (21,-4) (22,1) (23,15) (24,16) (25,16) 
(999,-181) (998,-180) (983,-166) (819,-75) (101,48) (31,40) (2,4) (1,2) (0,-4) (30,35) (6,6) (5,3) (4,0) (3,-7) (7,0) (8,-2) (26,22) (9,-8) (27,22) (28,22) (29,25) 
(999,-181) (998,-180) (983,-166) (819,-75) (101,48) (31,40) (2,4) (1,2) (0,-4) (100,47) (80,44) (34,35) (33,33) (32,31) 
(999,-181) (998,-180) (983,-166) (819,-75) (101,48) (31,40) (2,4) (1,2) (0,-4) (100,47) (80,44) (34,35) (33,33) (32,31) 
(999,-181) (998,-180) (983,-166) (819,-75) (101,48) (31,40) (2,4) (1,2) (0,-4) (100,47) (80,44) (34,35) (77,40) (79,40) (78,36) 
(999,-181) (998,-180) (983,-166) (819,-75) (101,48) (31,40) (2,4) (1,2) (0,-4) (100,47) (80,44) (34,35) (77,40) (79,40) 
(999,-181) (998,-180) (983,-166) (819,-75) (101,48) (31,40) (2,4) (1,2) (0,-4) (818,-75) (277,17) (276,14) (274,13) (102,42) (105,41) (103,38) (104,36) 
(999,-181) (998,-180) (983,-166) (819,-75) (101,48) (31,40) (2,4) (1,2) (0,-4) (818,-75) (277,17) (276,14) (274,13) (102,42) (105,41) (106,40) (107,30) (108,32) (109,28) (110,23) (111,15) (112,25) (113,19) (114,17) (115,18) (116,20) (117,17) (118,21) (119,25) (120,29) (121,33) (122,35) (123,28) (124,29) (125,16) (126,8) (127,13) (128,8) (129,9) (130,-1) (131,-3) (132,0) (133,-15) (134,-11) (135,-11) (136,-10) (137,-15) (138,-20) (139,-15) (140,-19) (141,-21) (142,-29) (143,-28) (144,-33) (145,-35) (146,-36) (147,-31) (148,-39) (149,-38) (150,-36) (151,-33) (152,-35) (153,-36) (154,-40) (155,-41) (156,-47) (157,-53) (158,-51) (159,-41) (160,-34) (161,-37) (162,-37) (163,-42) (164,-35) (165,-36) (166,-39) (167,-38) (168,-38) (169,-43) (170,-40) (171,-39) (172,-38) (173,-46) (174,-51) (175,-62) (176,-66) (177,-63) (178,-58) (179,-58) (180,-60) (181,-68) (182,-55) (183,-53) (184,-62) (185,-66) (186,-60) (187,-59) (188,-65) (189,-54) (190,-52) (191,-50) (192,-43) (193,-39) (194,-34) (195,-39) (196,-47) (197,-48) (198,-41) (199,-44) (200,-52) (201,-51) (202,-43) (203,-40) (204,-40) (205,-45) (206,-45) (207,-40) (208,-35) (209,-35) (210,-25) (211,-36) (212,-32) (213,-42) (214,-41) (215,-43) (216,-31) (217,-22) (218,-20) (219,-20) (220,-22) (221,-19) (222,-24) (223,-25) (224,-27) (225,-35) (226,-39) (227,-39) (228,-45) (229,-44) (230,-37) (231,-36) (232,-26) (233,-27) (234,-31) (235,-30) (236,-28) (237,-22) (238,-26) (239,-23) (240,-25) (241,-17) (242,-14) (243,-14) (244,-14) (245,-16) (246,-23) (247,-27) (248,-26) (249,-26) (250,-28) (251,-32) (252,-26) (253,-22) (254,-21) (255,-21) (256,-22) (257,-17) (258,-16) (259,-14) (260,-14) (261,-15) (262,-20) (263,-21) (264,-23) (265,-22) (266,-19) (267,-28) (268,-27) (269,-31) (270,-28) (271,-15) (272,-8) (273,2) 
(999,-181) (998,-180) (983,-166) (819,-75) (101,48) (31,40) (2,4) (1,2) (0,-4) (997,-185) (986,-170) (985,-169) (996,-186) (995,-184) (987,-173) (994,-183) (993,-191) (990,-186) (988,-184) (989,-190) 
(999,-181) (998,-180) (983,-166) (819,-75) (101,48) (31,40) (2,4) (1,2) (0,-4) (997,-185) (986,-170) (985,-169) (996,-186) (995,-184) (987,-173) (994,-183) (993,-191) (990,-186) (991,-195) (992,-195) 
TD 6 :
(999,-181) (998,-180) (983,-166) (819,-75) (101,48) (31,40) (2,4) (1,2) (0,-4) (30,35) (6,6) (5,3) (4,0) (3,-7) (7,0) (8,-2) (26,22) (9,-8) (23,15) (10,-8) (11,-18) (12,-20) (13,-19) (14,-11) (15,-3) (16,0) (17,1) (18,-2) (19,-7) (20,0) (21,-4) (22,1) 
(999,-181) (998,-180) (983,-166) (819,-75) (101,48) (31,40) (2,4) (1,2) (0,-4) (30,35) (6,6) (5,3) (4,0) (3,-7) (7,0) (8,-2) (26,22) (9,-8) (23,15) (10,-8) (24,16) (25,16) 
(999,-181) (998,-180) (983,-166) (819,-75) (101,48) (31,40) (2,4) (1,2) (0,-4) (30,35) (6,6) (5,3) (4,0) (3,-7) (7,0) (8,-2) (26,22) (9,-8) (29,25) (27,22) 
(999,-181) (998,-180) (983,-166) (819,-75) (101,48) (31,40) (2,4) (1,2) (0,-4) (30,35) (6,6) (5,3) (4,0) (3,-7) (7,0) (8,-2) (26,22) (9,-8) (29,25) (27,22) (28,22) 
(999,-181) (998,-180) (983,-166) (819,-75) (101,48) (31,40) (2,4) (1,2) (0,-4) (30,35) (6,6) (5,3) (4,0) (3,-7) (7,0) (8,-2) (26,22) (9,-8) (29,25) (27,22) 
(999,-181) (998,-180) (983,-166) (819,-75) (101,48) (31,40) (2,4) (1,2) (0,-4) (818,-75) (277,17) (276,14) (274,13) (102,42) (105,41) (106,40) 
(999,-181) (998,-180) (983,-166) (819,-75) (101,48) (31,40) (2,4) (1,2) (0,-4) (818,-75) (277,17) (276,14) (274,13) (102,42) (105,41) (106,40) (107,30) (108,32) (109,28) (110,23) (111,15) (112,25) (113,19) (114,17) (115,18) (116,20) (117,17) (118,21) (119,25) (120,29) (121,33) (122,35) (123,28) (124,29) (125,16) (126,8) (127,13) (128,8) (129,9) (130,-1) (131,-3) (132,0) (133,-15) (134,-11) (135,-11) (136,-10) (137,-15) (138,-20) (139,-15) (140,-19) (141,-21) (142,-29) (143,-28) (144,-33) (145,-35) (146,-36) (147,-31) (148,-39) (149,-38) (150,-36) (151,-33) (152,-35) (153,-36) (154,-40) (155,-41) (156,-47) (157,-53) (158,-51) (159,-41) (160,-34) (161,-37) (162,-37) (163,-42) (164,-35) (165,-36) (166,-39) (167,-38) (168,-38) (169,-43) (170,-40) (171,-39) (172,-38) (173,-46) (174,-51) (175,-62) (176,-66) (177,-63) (178,-58) (179,-58) (180,-60) (181,-68) (182,-55) (183,-53) (184,-62) (185,-66) (186,-60) (187,-59) (188,-65) (189,-54) (190,-52) (191,-50) (192,-43) (193,-39) (194,-34) (195,-39) (196,-47) (197,-48) (198,-41) (199,-44) (200,-52) (201,-51) (202,-43) (203,-40) (204,-40) (205,-45) (206,-45) (207,-40) (208,-35) (209,-35) (210,-25) (211,-36) (212,-32) (213,-42) (214,-41) (215,-43) (216,-31) (217,-22) (218,-20) (219,-20) (220,-22) (221,-19) (222,-24) (223,-25) (224,-27) (225,-35) (226,-39) (227,-39) (228,-45) (229,-44) (230,-37) (231,-36) (232,-26) (233,-27) (234,-31) (235,-30) (236,-28) (237,-22) (238,-26) (239,-23) (240,-25) (241,-17) (242,-14) (243,-14) (244,-14) (245,-16) (246,-23) (247,-27) (248,-26) (249,-26) (250,-28) (251,-32) (252,-26) (253,-22) (254,-21) (255,-21) (256,-22) (257,-17) (258,-16) (259,-14) (260,-14) (261,-15) (262,-20) (263,-21) (264,-23) (265,-22) (266,-19) (267,-28) (268,-27) (269,-31) (270,-28) (271,-15) (272,-8) (273,2) 
(999,-181) (998,-180) (983,-166) (819,-75) (101,48) (31,40) (2,4) (1,2) (0,-4) (997,-185) (986,-170) (985,-169) (996,-186) (995,-184) (987,-173) (994,-183) (993,-191) (990,-186) (988,-184) 
(999,-181) (998,-180) (983,-166) (819,-75) (101,48) (31,40) (2,4) (1,2) (0,-4) (997,-185) (986,-170) (985,-169) (996,-186) (995,-184) (987,-173) (994,-183) (993,-191) (990,-186) (988,-184) (989,-190) 
(999,-181) (998,-180) (983,-166) (819,-75) (101,48) (31,40) (2,4) (1,2) (0,-4) (997,-185) (986,-170) (985,-169) (996,-186) (995,-184) (987,-173) (994,-183) (993,-191) (990,-186) (992,-195) (991,-195) 
TD 7 :
(999,-181) (998,-180) (983,-166) (819,-75) (101,48) (31,40) (2,4) (1,2) (0,-4) (30,35) (6,6) (5,3) (4,0) (3,-7) (7,0) (8,-2) (26,22) (9,-8) (23,15) (10,-8) (16,0) (15,-3) (11,-18) (12,-20) (13,-19) (14,-11) 
(999,-181) (998,-180) (983,-166) (819,-75) (101,48) (31,40) (2,4) (1,2) (0,-4) (30,35) (6,6) (5,3) (4,0) (3,-7) (7,0) (8,-2) (26,22) (9,-8) (23,15) (10,-8) (16,0) (15,-3) (11,-18) 
(999,-181) (998,-180) (983,-166) (819,-75) (101,48) (31,40) (2,4) (1,2) (0,-4) (30,35) (6,6) (5,3) (4,0) (3,-7) (7,0) (8,-2) (26,22) (9,-8) (23,15) (10,-8) (16,0) (15,-3) (11,-18) (17,1) (18,-2) (19,-7) (20,0) (21,-4) (22,1) 
(999,-181) (998,-180) (983,-166) (819,-75) (101,48) (31,40) (2,4) (1,2) (0,-4) (30,35) (6,6) (5,3) (4,0) (3,-7) (7,0) (8,-2) (26,22) (9,-8) (23,15) (10,-8) (24,16) 
(999,-181) (998,-180) (983,-166) (819,-75) (101,48) (31,40) (2,4) (1,2) (0,-4) (30,35) (6,6) (5,3) (4,0) (3,-7) (7,0) (8,-2) (26,22) (9,-8) (23,15) (10,-8) (24,16) (25,16) 
(999,-181) (998,-180) (983,-166) (819,-75) (101,48) (31,40) (2,4) (1,2) (0,-4) (30,35) (6,6) (5,3) (4,0) (3,-7) (7,0) (8,-2) (26,22) (9,-8) (29,25) (27,22) (28,22) 
(999,-181) (998,-180) (983,-166) (819,-75) (101,48) (31,40) (2,4) (1,2) (0,-4) (30,35) (6,6) (5,3) (4,0) (3,-7) (7,0) (8,-2) (26,22) (9,-8) (29,25) (27,22) (28,22) 
(999,-181) (998,-180) (983,-166) (819,-75) (101,48) (31,40) (2,4) (1,2) (0,-4) (997,-185) (986,-170) (985,-169) (996,-186) (995,-184) (987,-173) (994,-183) (993,-191) (990,-186) (988,-184) (989,-190) 
(999,-181) (998,-180) (983,-166) (819,-75) (101,48) (31,40) (2,4) (1,2) (0,-4) (997,-185) (986,-170) (985,-169) (996,-186) (995,-184) (987,-173) (994,-183) (993,-191) (990,-186) (988,-184) (989,-190) 
(999,-181) (998,-180) (983,-166) (819,-75) (101,48) (31,40) (2,4) (1,2) (0,-4) (997,-185) (986,-170) (985,-169) (996,-186) (995,-184) (987,-173) (994,-183) (993,-191) (990,-186) (992,-195) (991,-195) 
TD 8 :
(999,-181) (998,-180) (983,-166) (819,-75) (101,48) (31,40) (2,4) (1,2) (0,-4) (30,35) (6,6) (5,3) (4,0) (3,-7) (7,0) (8,-2) (26,22) (9,-8) (23,15) (10,-8) (16,0) (15,-3) (11,-18) (14,-11) (12,-20) (13,-19) 
(999,-181) (998,-180) (983,-166) (819,-75) (101,48) (31,40) (2,4) (1,2) (0,-4) (30,35) (6,6) (5,3) (4,0) (3,-7) (7,0) (8,-2) (26,22) (9,-8) (23,15) (10,-8) (16,0) (15,-3) (11,-18) (14,-11) (12,-20) 
(999,-181) (998,-180) (983,-166) (819,-75) (101,48) (31,40) (2,4) (1,2) (0,-4) (30,35) (6,6) (5,3) (4,0) (3,-7) (7,0) (8,-2) (26,22) (9,-8) (23,15) (10,-8) (16,0) (15,-3) (11,-18) (17,1) 
(999,-181) (998,-180) (983,-166) (819,-75) (101,48) (31,40) (2,4) (1,2) (0,-4) (30,35) (6,6) (5,3) (4,0) (3,-7) (7,0) (8,-2) (26,22) (9,-8) (23,15) (10,-8) (16,0) (15,-3) (11,-18) (17,1) (18,-2) (19,-7) (20,0) (21,-4) (22,1) 
(999,-181) (998,-180) (983,-166) (819,-75) (101,48) (31,40) (2,4) (1,2) (0,-4) (30,35) (6,6) (5,3) (4,0) (3,-7) (7,0) (8,-2) (26,22) (9,-8) (23,15) (10,-8) (24,16) (25,16) 
(999,-181) (998,-180) (983,-166) (819,-75) (101,48) (31,40) (2,4) (1,2) (0,-4) (30,35) (6,6) (5,3) (4,0) (3,-7) (7,0) (8,-2) (26,22) (9,-8) (23,15) (10,-8) (24,16) (25,16) 
TD 9 :
(999,-181) (998,-180) (983,-166) (819,-75) (101,48) (31,40) (2,4) (1,2) (0,-4) (30,35) (6,6) (5,3) (4,0) (3,-7) (7,0) (8,-2) (26,22) (9,-8) (23,15) (10,-8) (16,0) (15,-3) (11,-18) (14,-11) (12,-20) (13,-19) 
(999,-181) (998,-180) (983,-166) (819,-75) (101,48) (31,40) (2,4) (1,2) (0,-4) (30,35) (6,6) (5,3) (4,0) (3,-7) (7,0) (8,-2) (26,22) (9,-8) (23,15) (10,-8) (16,0) (15,-3) (11,-18) (17,1) (18,-2) 
(999,-181) (998,-180) (983,-166) (819,-75) (101,48) (31,40) (2,4) (1,2) (0,-4) (30,35) (6,6) (5,3) (4,0) (3,-7) (7,0) (8,-2) (26,22) (9,-8) (23,15) (10,-8) (16,0) (15,-3) (11,-18) (17,1) (18,-2) (19,-7) (20,0) (21,-4) (22,1) 
TD 10 :
(999,-181) (998,-180) (983,-166) (819,-75) (101,48) (31,40) (2,4) (1,2) (0,-4) (30,35) (6,6) (5,3) (4,0) (3,-7) (7,0) (8,-2) (26,22) (9,-8) (23,15) (10,-8) (16,0) (15,-3) (11,-18) (17,1) (18,-2) (20,0) (19,-7) 
(999,-181) (998,-180) (983,-166) (819,-75) (101,48) (31,40) (2,4) (1,2) (0,-4) (30,35) (6,6) (5,3) (4,0) (3,-7) (7,0) (8,-2) (26,22) (9,-8) (23,15) (10,-8) (16,0) (15,-3) (11,-18) (17,1) (18,-2) (20,0) (19,-7) (21,-4) (22,1) 
TD 11 :
(999,-181) (998,-180) (983,-166) (819,-75) (101,48) (31,40) (2,4) (1,2) (0,-4) (30,35) (6,6) (5,3) (4,0) (3,-7) (7,0) (8,-2) (26,22) (9,-8) (23,15) (10,-8) (16,0) (15,-3) (11,-18) (17,1) (18,-2) (20,0) (19,-7) (22,1) (21,-4) 
(999,-181) (998,-180) (983,-166) (819,-75) (101,48) (31,40) (2,4) (1,2) (0,-4) (30,35) (6,6) (5,3) (4,0) (3,-7) (7,0) (8,-2) (26,22) (9,-8) (23,15) (10,-8) (16,0) (15,-3) (11,-18) (17,1) (18,-2) (20,0) (19,-7) (22,1) (21,-4) 
TD 12 :
TD 13 :
TD 14 :
TD 15 :
TD 16 :
TD 17 :
TD 18 :
TD 19 :
TD 20 :
TD 21 :
TD 22 :
TD 23 :
TD 24 :
TD 25 :
TD 26 :
TD 27 :
TD 28 :
TD 29 :
TD 30 :
TD 31 :
TD 32 :
TD 33 :
TD 34 :
TD 35 :
TD 36 :
TD 37 :
TD 38 :
TD 39 :
TD 40 :
TD 41 :
TD 42 :
TD 43 :
TD 44 :
TD 45 :
TD 46 :
TD 47 :
TD 48 :
TD 49 :
TD 50 :
TD 51 :
TD 52 :
TD 53 :
TD 54 :
TD 55 :
TD 56 :
TD 57 :
TD 58 :
TD 59 :
TD 60 :
TD 61 :
TD 62 :
TD 63 :
TD 64 :
TD 65 :
TD 66 :
TD 67 :
TD 68 :
TD 69 :
TD 70 :
TD 71 :
TD 72 :
TD 73 :
TD 74 :
TD 75 :
TD 76 :
TD 77 :
TD 78 :
TD 79 :
TD 80 :
TD 81 :
TD 82 :
TD 83 :
TD 84 :
TD 85 :
TD 86 :
TD 87 :
TD 88 :
TD 89 :
TD 90 :
TD 91 :
TD 92 :
TD 93 :
TD 94 :
TD 95 :
TD 96 :
TD 97 :
TD 98 :
TD 99 :
TD 100 :
TD 101 :
Pocket 0 :
()
Pocket 1 :
({  (0,-4) ,(1,2) } {  (0,-4) ,(1,2) } {  (0,-4) ,(1,2) } {  (0,-4) ,(1,2) } {  (0,-4) ,(1,2) } {  (0,-4) ,(1,2) } {  (0,-4) ,(1,2) } {  (0,-4) ,(1,2) } {  (0,-4) ,(1,2) } {  (0,-4) ,(1,2) } {  (0,-4) ,(1,2) } {  (0,-4) ,(1,2) } {  (0,-4) ,(1,2) } {  (0,-4) ,(1,2) } {  (0,-4) ,(1,2) } {  (0,-4) ,(1,2) } )
Pocket 2 :
({  (3,-7) ,(0,-4) } {  (5,3) ,(4,0) } {  (3,-7) ,(0,-4) } {  (5,3) ,(4,0) } {  (3,-7) ,(0,-4) } {  (5,3) ,(4,0) } {  (3,-7) ,(0,-4) } {  (5,3) ,(4,0) } {  (3,-7) ,(0,-4) } {  (5,3) ,(4,0) } {  (81,34) ,(80,44) } {  (81,34) ,(80,44) } {  (81,34) ,(80,44) } {  (278,4) ,(277,17) } {  (278,4) ,(277,17) } {  (278,4) ,(277,17) } {  (986,-170) ,(985,-169) } {  (986,-170) ,(985,-169) } {  (986,-170) ,(985,-169) } )
Pocket 3 :
({  (7,0) ,(3,-7) } {  (35,28) ,(34,35) } {  (35,28) ,(34,35) } {  (999,-181) ,(99,43) } {  (999,-181) ,(99,43) } {  (999,-181) ,(276,14) } {  (999,-181) ,(276,14) } {  (999,-181) ,(817,-76) } {  (999,-181) ,(817,-76) } {  (999,-181) ,(984,-170) } {  (999,-181) ,(984,-170) } {  (988,-184) ,(987,-173) } {  (988,-184) ,(987,-173) } {  (988,-184) ,(987,-173) } )
Pocket 4 :
({  (8,-2) ,(7,0) } {  (999,-181) ,(33,33) } {  (999,-181) ,(33,33) } {  (78,36) ,(77,40) } {  (78,36) ,(77,40) } {  (103,38) ,(102,42) } {  (103,38) ,(102,42) } {  (103,38) ,(102,42) } {  (999,-181) ,(994,-183) } )
Pocket 5 :
({  (9,-8) ,(8,-2) } {  (27,22) ,(26,22) } {  (9,-8) ,(8,-2) } {  (27,22) ,(26,22) } {  (999,-181) ,(32,31) } {  (999,-181) ,(32,31) } {  (999,-181) ,(79,40) } {  (999,-181) ,(79,40) } {  (106,40) ,(105,41) } {  (106,40) ,(105,41) } {  (991,-195) ,(990,-186) } {  (991,-195) ,(990,-186) } )
Pocket 6 :
({  (10,-8) ,(9,-8) } {  (24,16) ,(23,15) } {  (10,-8) ,(9,-8) } {  (24,16) ,(23,15) } {  (28,22) ,(27,22) } {  (28,22) ,(27,22) } {  (28,22) ,(27,22) } {  (107,30) ,(106,40) } {  (107,30) ,(106,40) } {  (989,-190) ,(988,-184) } {  (989,-190) ,(988,-184) } {  (999,-181) ,(992,-195) } )
Pocket 7 :
({  (11,-18) ,(10,-8) } {  (16,0) ,(15,-3) } {  (11,-18) ,(10,-8) } {  (16,0) ,(15,-3) } {  (11,-18) ,(10,-8) } {  (16,0) ,(15,-3) } {  (25,16) ,(24,16) } {  (25,16) ,(24,16) } {  (999,-181) ,(28,22) } {  (999,-181) ,(28,22) } {  (999,-181) ,(989,-190) } {  (999,-181) ,(989,-190) } {  (999,-181) ,(991,-195) } )
Pocket 8 :
({  (12,-20) ,(11,-18) } {  (999,-181) ,(14,-11) } {  (12,-20) ,(11,-18) } {  (999,-181) ,(14,-11) } {  (18,-2) ,(17,1) } {  (18,-2) ,(17,1) } {  (999,-181) ,(25,16) } {  (999,-181) ,(25,16) } )
Pocket 9 :
({  (13,-19) ,(12,-20) } {  (19,-7) ,(18,-2) } {  (19,-7) ,(18,-2) } )
Pocket 10 :
({  (19,-7) ,(18,-2) } {  (21,-4) ,(20,0) } {  (19,-7) ,(18,-2) } {  (21,-4) ,(20,0) } )
Pocket 11 :
({  (21,-4) ,(19,-7) } {  (999,-181) ,(22,1) } {  (21,-4) ,(19,-7) } {  (999,-181) ,(22,1) } )
Pocket 12 :
()
Pocket 13 :
()
Pocket 14 :
()
Pocket 15 :
()
Pocket 16 :
()
Pocket 17 :
()
Pocket 18 :
()
Pocket 19 :
()
Pocket 20 :
()
Pocket 21 :
()
Pocket 22 :
()
Pocket 23 :
()
Pocket 24 :
()
Pocket 25 :
()
Pocket 26 :
()
Pocket 27 :
()
Pocket 28 :
()
Pocket 29 :
()
Pocket 30 :
()
Pocket 31 :
()
Pocket 32 :
()
Pocket 33 :
()
Pocket 34 :
()
Pocket 35 :
()
Pocket 36 :
()
Pocket 37 :
()
Pocket 38 :
()
Pocket 39 :
()
Pocket 40 :
()
Pocket 41 :
()
Pocket 42 :
()
Pocket 43 :
()
Pocket 44 :
()
Pocket 45 :
()
Pocket 46 :
()
Pocket 47 :
()
Pocket 48 :
()
Pocket 49 :
()
Pocket 50 :
()
Pocket 51 :
()
Pocket 52 :
()
Pocket 53 :
()
Pocket 54 :
()
Pocket 55 :
()
Pocket 56 :
()
Pocket 57 :
()
Pocket 58 :
()
Pocket 59 :
()
Pocket 60 :
()
Pocket 61 :
()
Pocket 62 :
()
Pocket 63 :
()
Pocket 64 :
()
Pocket 65 :
()
Pocket 66 :
()
Pocket 67 :
()
Pocket 68 :
()
Pocket 69 :
()
Pocket 70 :
()
Pocket 71 :
()
Pocket 72 :
()
Pocket 73 :
()
Pocket 74 :
()
Pocket 75 :
()
Pocket 76 :
()
Pocket 77 :
()
Pocket 78 :
()
Pocket 79 :
()
Pocket 80 :
()
Pocket 81 :
()
Pocket 82 :
()
Pocket 83 :
()
Pocket 84 :
()
Pocket 85 :
()
Pocket 86 :
()
Pocket 87 :
()
Pocket 88 :
()
Pocket 89 :
()
Pocket 90 :
()
Pocket 91 :
()
Pocket 92 :
()
Pocket 93 :
()
Pocket 94 :
()
Pocket 95 :
()
Pocket 96 :
()
Pocket 97 :
()
Pocket 98 :
()
Pocket 99 :
()
Pocket 100 :
()
