2 layers in onion peeling: 
Layer 1
(9,0) (1,1) (0,0) 
Layer 2
(8,0) (7,0) (6,0) (4,0) (3,0) (2,0) 
---------------------------------------------------------------------------------------
TD 0 :
(9,0) (8,0) (7,0) (6,0) (5,-1) (4,0) (3,0) (2,0) (1,1) (0,0) 
TD 1 :
(9,0) (1,1) (0,0) 
(9,0) (1,1) (0,0) (2,0) (3,0) (4,0) (5,-1) (6,0) (7,0) (8,0) 
TD 2 :
(9,0) (1,1) (0,0) (8,0) (7,0) (6,0) (4,0) (3,0) (2,0) 
(9,0) (1,1) (0,0) (8,0) (7,0) (6,0) (4,0) (3,0) (2,0) 
(9,0) (1,1) (0,0) (8,0) (7,0) (6,0) (4,0) (3,0) (2,0) (5,-1) 
(9,0) (1,1) (0,0) (8,0) (7,0) (6,0) (4,0) (3,0) (2,0) 
(9,0) (1,1) (0,0) (8,0) (7,0) (6,0) (4,0) (3,0) (2,0) 
Pocket 0 :
()
Pocket 1 :
({  (0,0) ,(1,1) } {  (0,0) ,(1,1) } {  (0,0) ,(1,1) } {  (0,0) ,(1,1) } )
