79 layers in onion peeling: 
Layer 1
(999,-31) (990,-9) (972,4) (916,43) (910,47) (904,51) (870,68) (422,69) (421,69) (80,55) (5,8) (0,4) 
Layer 2
(998,-35) (991,-20) (971,2) (967,5) (915,43) (909,47) (906,49) (894,55) (872,66) (582,66) (580,66) (423,66) (81,50) (6,8) (1,2) 
Layer 3
(997,-35) (992,-23) (982,-11) (973,-1) (908,46) (903,49) (901,50) (871,65) (579,65) (418,65) (79,45) (7,7) (2,3) 
Layer 4
(996,-39) (995,-34) (989,-22) (988,-20) (968,1) (905,46) (902,48) (893,53) (869,63) (573,64) (417,64) (82,42) (4,3) (3,2) 
Layer 5
(994,-38) (993,-33) (984,-17) (974,-6) (970,-2) (907,44) (895,51) (868,63) (583,63) (574,63) (415,63) (83,40) (78,38) (8,1) 
Layer 6
(987,-26) (985,-20) (983,-17) (969,-2) (911,41) (900,48) (898,49) (873,60) (581,62) (575,62) (420,62) (419,62) (84,37) (76,34) (9,-2) 
Layer 7
(986,-27) (981,-15) (966,0) (912,40) (896,48) (875,58) (864,60) (416,61) (113,39) (87,37) (77,32) (10,-8) 
Layer 8
(980,-17) (976,-11) (921,33) (914,38) (897,46) (876,55) (865,59) (576,60) (424,60) (86,36) (11,-16) 
Layer 9
(979,-17) (977,-13) (965,-3) (922,30) (890,48) (867,58) (584,59) (413,58) (112,37) (89,34) (85,33) (75,26) (13,-21) (12,-22) 
Layer 10
(978,-18) (975,-14) (964,-3) (920,31) (913,35) (889,46) (866,56) (572,58) (411,57) (109,36) (90,31) (57,7) (14,-35) 
Layer 11
(963,-5) (961,-1) (919,29) (899,41) (874,52) (863,55) (585,56) (578,56) (402,55) (111,36) (91,30) (88,29) (58,7) (15,-39) 
Layer 12
(962,-4) (923,26) (892,44) (877,47) (842,54) (590,55) (401,54) (93,29) (74,18) (59,7) (17,-37) (16,-41) 
Layer 13
(960,-14) (959,-12) (917,29) (891,43) (851,52) (841,54) (589,54) (577,54) (561,54) (414,54) (110,30) (98,26) (73,15) (56,0) (18,-38) 
Layer 14
(958,-19) (957,-17) (924,22) (918,28) (888,39) (862,48) (844,49) (571,53) (566,53) (393,52) (114,30) (92,23) (72,13) (69,10) (63,4) (20,-45) (19,-48) 
Layer 15
(956,-23) (943,-5) (925,19) (878,41) (852,48) (588,52) (569,52) (564,52) (412,52) (405,52) (115,30) (95,23) (70,10) (53,-8) (21,-50) 
Layer 16
(955,-27) (947,-11) (940,-2) (927,13) (879,36) (850,48) (587,51) (403,51) (108,27) (94,22) (68,7) (60,-1) (55,-6) (25,-48) (23,-53) (22,-61) 
Layer 17
(954,-29) (953,-26) (944,-8) (939,-1) (926,10) (880,33) (849,48) (570,50) (567,50) (565,50) (563,50) (409,50) (392,49) (118,27) (99,23) (97,22) (71,6) (67,3) (61,-2) (54,-9) (52,-11) (50,-14) (26,-51) (24,-55) 
Layer 18
(952,-27) (946,-14) (945,-12) (934,3) (933,4) (887,29) (853,45) (847,46) (829,47) (591,49) (560,49) (408,49) (406,49) (116,25) (107,23) (96,19) (64,0) (51,-14) (27,-50) 
Layer 19
(951,-27) (948,-21) (942,-9) (941,-7) (929,6) (881,31) (861,40) (840,46) (586,48) (428,48) (427,48) (426,48) (410,48) (119,24) (105,19) (66,1) (49,-20) (28,-54) 
Layer 20
(950,-30) (949,-27) (938,-4) (883,29) (846,44) (843,45) (827,46) (568,47) (562,47) (430,47) (425,47) (407,47) (404,47) (117,23) (100,16) (65,-1) (62,-4) (47,-26) (29,-55) 
Layer 21
(937,-5) (936,-4) (935,-3) (932,-1) (884,28) (848,43) (845,44) (429,46) (391,45) (125,20) (106,15) (104,14) (101,12) (48,-25) (44,-34) (30,-67) 
Layer 22
(931,-1) (928,1) (882,28) (830,44) (614,45) (400,43) (336,38) (124,19) (102,12) (46,-31) (45,-33) (37,-51) (32,-63) (31,-68) 
Layer 23
(930,-1) (886,24) (839,41) (826,42) (595,44) (594,44) (396,42) (121,18) (103,9) (42,-40) (36,-55) (33,-69) 
Layer 24
(885,17) (860,33) (836,41) (634,43) (613,43) (387,41) (127,17) (120,15) (43,-41) (38,-52) (34,-67) 
Layer 25
(859,31) (858,33) (837,40) (824,41) (611,42) (394,41) (126,16) (40,-50) (35,-65) 
Layer 26
(857,27) (856,31) (855,32) (835,38) (828,40) (823,41) (633,41) (631,41) (599,41) (395,41) (287,31) (123,11) (41,-50) (39,-55) 
Layer 27
(854,31) (838,36) (831,38) (825,39) (610,40) (596,40) (386,40) (337,35) (128,11) (122,9) 
Layer 28
(834,36) (822,38) (612,39) (399,39) (397,39) (331,34) (288,29) (166,11) (129,5) 
Layer 29
(833,35) (635,38) (559,38) (431,38) (398,38) (376,37) (333,34) (290,29) (165,10) (133,1) (131,-1) (130,-5) 
Layer 30
(832,31) (796,35) (609,37) (598,37) (390,37) (375,36) (289,28) (132,-1) 
Layer 31
(821,28) (795,33) (632,36) (600,36) (432,36) (388,35) (334,32) (291,26) (134,-1) 
Layer 32
(820,23) (806,28) (803,29) (797,31) (615,35) (592,35) (377,34) (332,31) (284,24) (164,4) (138,-3) (135,-5) 
Layer 33
(819,18) (807,27) (794,29) (636,34) (630,34) (603,34) (389,33) (338,29) (286,24) (168,4) (150,0) (141,-3) (139,-4) (137,-5) (136,-9) 
Layer 34
(818,16) (810,24) (808,25) (791,29) (627,33) (608,33) (606,33) (597,33) (593,33) (433,32) (379,31) (330,28) (299,25) (285,23) (163,2) (153,0) (142,-5) (140,-6) 
Layer 35
(817,15) (816,16) (811,21) (809,23) (793,25) (607,32) (602,32) (558,32) (381,31) (347,29) (335,28) (179,4) (167,2) (161,1) (144,-6) (143,-7) 
Layer 36
(815,11) (805,22) (804,23) (637,30) (601,31) (385,31) (384,31) (348,29) (300,22) (162,0) (149,-5) (145,-9) 
Layer 37
(814,11) (813,13) (812,14) (802,23) (604,30) (378,30) (342,27) (298,21) (292,20) (178,0) (154,-5) (147,-9) (146,-11) 
Layer 38
(801,19) (798,22) (605,29) (556,29) (484,29) (380,29) (346,27) (159,-4) (151,-7) (148,-15) 
Layer 39
(800,16) (799,19) (792,20) (640,27) (639,27) (638,27) (552,27) (383,27) (343,26) (293,18) (160,-4) (158,-5) (152,-8) 
Layer 40
(790,17) (646,26) (621,26) (551,26) (485,26) (483,26) (382,26) (373,26) (339,24) (301,19) (233,8) (180,-2) (155,-8) 
Layer 41
(789,10) (784,16) (629,25) (628,25) (616,25) (374,25) (344,24) (230,7) (177,-3) (156,-8) 
Layer 42
(788,7) (787,8) (785,9) (700,20) (645,24) (626,24) (623,24) (546,24) (544,24) (543,24) (372,24) (345,24) (283,14) (169,-5) (157,-15) 
Layer 43
(786,6) (783,9) (702,19) (643,23) (557,23) (545,23) (369,23) (341,23) (297,16) (186,-3) (170,-6) 
Layer 44
(782,5) (780,9) (699,19) (644,22) (642,22) (622,22) (617,22) (547,22) (542,22) (541,22) (434,22) (368,22) (340,21) (329,20) (181,-4) (176,-7) (171,-11) 
Layer 45
(781,6) (761,9) (689,19) (641,20) (349,21) (318,17) (187,-4) (182,-6) (172,-14) 
Layer 46
(779,6) (760,9) (701,17) (691,18) (625,20) (624,20) (620,20) (435,20) (370,19) (317,16) (296,13) (275,10) (185,-6) (175,-13) (173,-23) 
Layer 47
(778,3) (775,4) (759,8) (707,16) (683,18) (540,19) (482,19) (371,19) (294,12) (259,6) (184,-7) (174,-21) 
Layer 48
(777,3) (774,4) (762,6) (710,14) (703,15) (688,16) (647,17) (554,18) (553,18) (550,18) (441,18) (362,16) (295,11) (281,9) (226,0) (188,-9) (183,-14) 
Layer 49
(776,2) (705,14) (687,16) (619,17) (618,17) (555,17) (548,17) (481,17) (366,15) (328,13) (302,11) (258,5) (229,0) (189,-11) 
Layer 50
(773,-2) (772,-1) (758,2) (711,12) (706,13) (693,15) (685,16) (489,16) (488,16) (442,16) (436,16) (367,15) (282,8) (234,0) (192,-11) (190,-19) 
Layer 51
(771,-1) (698,14) (679,15) (549,15) (539,15) (538,15) (480,15) (437,15) (363,14) (309,10) (279,7) (232,-1) (193,-16) (191,-20) 
Layer 52
(770,-7) (769,-5) (767,-2) (764,0) (690,14) (487,14) (350,13) (304,9) (280,6) (225,-4) (195,-20) (194,-22) 
Layer 53
(768,-8) (763,0) (694,13) (651,13) (650,13) (478,13) (440,13) (439,13) (361,12) (316,10) (278,5) (228,-4) (196,-21) 
Layer 54
(766,-10) (765,-5) (757,1) (709,10) (684,12) (678,12) (351,11) (310,9) (277,4) (257,0) (224,-7) (200,-21) (198,-23) (197,-25) 
Layer 55
(756,-2) (708,9) (692,11) (686,11) (529,11) (528,11) (486,11) (472,11) (360,9) (305,8) (256,-1) (231,-8) (223,-11) (201,-24) (199,-26) 
Layer 56
(755,-8) (704,8) (680,9) (471,10) (308,8) (254,-2) (227,-10) (210,-19) (203,-23) (202,-25) 
Layer 57
(754,-16) (753,-14) (712,5) (696,8) (652,9) (470,9) (438,9) (364,8) (303,7) (276,2) (260,-1) (250,-4) (222,-13) (204,-23) 
Layer 58
(752,-17) (750,-14) (713,3) (697,7) (533,8) (530,8) (522,8) (354,7) (307,6) (269,-2) (255,-5) (235,-10) (207,-23) (206,-24) (205,-30) 
Layer 59
(751,-17) (695,7) (682,7) (681,7) (649,7) (537,7) (494,7) (444,7) (319,5) (306,4) (261,-5) (209,-23) (208,-31) 
Layer 60
(749,-19) (748,-18) (674,6) (648,6) (534,6) (532,6) (531,6) (327,5) (273,-4) (251,-9) (211,-24) 
Layer 61
(747,-30) (745,-22) (744,-21) (743,-20) (742,-19) (741,-18) (714,-7) (675,3) (671,4) (536,5) (524,5) (493,5) (468,5) (358,5) (353,5) (315,2) (274,-4) (249,-10) (236,-15) (212,-28) 
Layer 62
(746,-28) (740,-21) (722,-13) (670,4) (669,4) (490,4) (477,4) (465,4) (443,4) (365,4) (311,1) (253,-10) (240,-14) (220,-24) (213,-28) 
Layer 63
(739,-25) (728,-19) (715,-13) (677,0) (673,1) (667,2) (653,3) (535,3) (519,3) (445,3) (352,3) (320,1) (312,0) (271,-7) (266,-8) (241,-14) (221,-24) (214,-29) 
Layer 64
(738,-36) (736,-29) (734,-25) (730,-21) (721,-16) (719,-15) (666,2) (664,2) (663,2) (526,2) (523,2) (491,2) (473,2) (446,2) (321,-2) (272,-7) (262,-9) (248,-13) (239,-16) (219,-30) (215,-36) 
Layer 65
(737,-33) (735,-30) (731,-25) (727,-20) (723,-18) (716,-15) (668,0) (654,1) (525,1) (492,1) (479,1) (476,1) (474,1) (463,1) (450,1) (356,-1) (314,-3) (270,-9) (252,-12) (238,-18) (218,-36) (216,-38) 
Layer 66
(733,-28) (729,-23) (720,-17) (672,-2) (665,0) (464,0) (447,0) (359,-1) (313,-7) (247,-16) (242,-17) (217,-38) 
Layer 67
(732,-28) (726,-22) (718,-17) (676,-6) (655,-2) (518,-1) (467,-1) (451,-1) (357,-2) (324,-6) (263,-14) (243,-20) (237,-22) 
Layer 68
(725,-22) (717,-19) (660,-3) (527,-2) (521,-2) (520,-2) (475,-2) (466,-2) (355,-3) (265,-15) (246,-20) (244,-23) 
Layer 69
(724,-25) (662,-4) (469,-3) (459,-3) (452,-3) (449,-3) (325,-8) (267,-16) (245,-23) 
Layer 70
(661,-5) (462,-4) (326,-8) (268,-17) (264,-18) 
Layer 71
(659,-8) (514,-5) (495,-5) (448,-6) (322,-10) 
Layer 72
(658,-19) (656,-15) (506,-8) (458,-6) (456,-6) (323,-16) 
Layer 73
(657,-20) (517,-9) (461,-7) (460,-7) (455,-8) (453,-9) 
Layer 74
(516,-9) (496,-9) (454,-9) 
Layer 75
(515,-11) (512,-10) (511,-10) (457,-11) 
Layer 76
(513,-11) (507,-11) (505,-11) (497,-15) 
Layer 77
(510,-15) (508,-13) (500,-17) (498,-18) 
Layer 78
(509,-17) (501,-18) (499,-21) 
Layer 79
(504,-25) (502,-25) 
---------------------------------------------------------------------------------------
TD 0 :
(999,-31) (998,-35) (997,-35) (996,-39) (995,-34) (994,-38) (993,-33) (992,-23) (991,-20) (990,-9) (989,-22) (988,-20) (987,-26) (986,-27) (985,-20) (984,-17) (983,-17) (982,-11) (981,-15) (980,-17) (979,-17) (978,-18) (977,-13) (976,-11) (975,-14) (974,-6) (973,-1) (972,4) (971,2) (970,-2) (969,-2) (968,1) (967,5) (966,0) (965,-3) (964,-3) (963,-5) (962,-4) (961,-1) (960,-14) (959,-12) (958,-19) (957,-17) (956,-23) (955,-27) (954,-29) (953,-26) (952,-27) (951,-27) (950,-30) (949,-27) (948,-21) (947,-11) (946,-14) (945,-12) (944,-8) (943,-5) (942,-9) (941,-7) (940,-2) (939,-1) (938,-4) (937,-5) (936,-4) (935,-3) (934,3) (933,4) (932,-1) (931,-1) (930,-1) (929,6) (928,1) (927,13) (926,10) (925,19) (924,22) (923,26) (922,30) (921,33) (920,31) (919,29) (918,28) (917,29) (916,43) (915,43) (914,38) (913,35) (912,40) (911,41) (910,47) (909,47) (908,46) (907,44) (906,49) (905,46) (904,51) (903,49) (902,48) (901,50) (900,48) (899,41) (898,49) (897,46) (896,48) (895,51) (894,55) (893,53) (892,44) (891,43) (890,48) (889,46) (888,39) (887,29) (886,24) (885,17) (884,28) (883,29) (882,28) (881,31) (880,33) (879,36) (878,41) (877,47) (876,55) (875,58) (874,52) (873,60) (872,66) (871,65) (870,68) (869,63) (868,63) (867,58) (866,56) (865,59) (864,60) (863,55) (862,48) (861,40) (860,33) (859,31) (858,33) (857,27) (856,31) (855,32) (854,31) (853,45) (852,48) (851,52) (850,48) (849,48) (848,43) (847,46) (846,44) (845,44) (844,49) (843,45) (842,54) (841,54) (840,46) (839,41) (838,36) (837,40) (836,41) (835,38) (834,36) (833,35) (832,31) (831,38) (830,44) (829,47) (828,40) (827,46) (826,42) (825,39) (824,41) (823,41) (822,38) (821,28) (820,23) (819,18) (818,16) (817,15) (816,16) (815,11) (814,11) (813,13) (812,14) (811,21) (810,24) (809,23) (808,25) (807,27) (806,28) (805,22) (804,23) (803,29) (802,23) (801,19) (800,16) (799,19) (798,22) (797,31) (796,35) (795,33) (794,29) (793,25) (792,20) (791,29) (790,17) (789,10) (788,7) (787,8) (786,6) (785,9) (784,16) (783,9) (782,5) (781,6) (780,9) (779,6) (778,3) (777,3) (776,2) (775,4) (774,4) (773,-2) (772,-1) (771,-1) (770,-7) (769,-5) (768,-8) (767,-2) (766,-10) (765,-5) (764,0) (763,0) (762,6) (761,9) (760,9) (759,8) (758,2) (757,1) (756,-2) (755,-8) (754,-16) (753,-14) (752,-17) (751,-17) (750,-14) (749,-19) (748,-18) (747,-30) (746,-28) (745,-22) (744,-21) (743,-20) (742,-19) (741,-18) (740,-21) (739,-25) (738,-36) (737,-33) (736,-29) (735,-30) (734,-25) (733,-28) (732,-28) (731,-25) (730,-21) (729,-23) (728,-19) (727,-20) (726,-22) (725,-22) (724,-25) (723,-18) (722,-13) (721,-16) (720,-17) (719,-15) (718,-17) (717,-19) (716,-15) (715,-13) (714,-7) (713,3) (712,5) (711,12) (710,14) (709,10) (708,9) (707,16) (706,13) (705,14) (704,8) (703,15) (702,19) (701,17) (700,20) (699,19) (698,14) (697,7) (696,8) (695,7) (694,13) (693,15) (692,11) (691,18) (690,14) (689,19) (688,16) (687,16) (686,11) (685,16) (684,12) (683,18) (682,7) (681,7) (680,9) (679,15) (678,12) (677,0) (676,-6) (675,3) (674,6) (673,1) (672,-2) (671,4) (670,4) (669,4) (668,0) (667,2) (666,2) (665,0) (664,2) (663,2) (662,-4) (661,-5) (660,-3) (659,-8) (658,-19) (657,-20) (656,-15) (655,-2) (654,1) (653,3) (652,9) (651,13) (650,13) (649,7) (648,6) (647,17) (646,26) (645,24) (644,22) (643,23) (642,22) (641,20) (640,27) (639,27) (638,27) (637,30) (636,34) (635,38) (634,43) (633,41) (632,36) (631,41) (630,34) (629,25) (628,25) (627,33) (626,24) (625,20) (624,20) (623,24) (622,22) (621,26) (620,20) (619,17) (618,17) (617,22) (616,25) (615,35) (614,45) (613,43) (612,39) (611,42) (610,40) (609,37) (608,33) (607,32) (606,33) (605,29) (604,30) (603,34) (602,32) (601,31) (600,36) (599,41) (598,37) (597,33) (596,40) (595,44) (594,44) (593,33) (592,35) (591,49) (590,55) (589,54) (588,52) (587,51) (586,48) (585,56) (584,59) (583,63) (582,66) (581,62) (580,66) (579,65) (578,56) (577,54) (576,60) (575,62) (574,63) (573,64) (572,58) (571,53) (570,50) (569,52) (568,47) (567,50) (566,53) (565,50) (564,52) (563,50) (562,47) (561,54) (560,49) (559,38) (558,32) (557,23) (556,29) (555,17) (554,18) (553,18) (552,27) (551,26) (550,18) (549,15) (548,17) (547,22) (546,24) (545,23) (544,24) (543,24) (542,22) (541,22) (540,19) (539,15) (538,15) (537,7) (536,5) (535,3) (534,6) (533,8) (532,6) (531,6) (530,8) (529,11) (528,11) (527,-2) (526,2) (525,1) (524,5) (523,2) (522,8) (521,-2) (520,-2) (519,3) (518,-1) (517,-9) (516,-9) (515,-11) (514,-5) (513,-11) (512,-10) (511,-10) (510,-15) (509,-17) (508,-13) (507,-11) (506,-8) (505,-11) (504,-25) (503,-33) (502,-25) (501,-18) (500,-17) (499,-21) (498,-18) (497,-15) (496,-9) (495,-5) (494,7) (493,5) (492,1) (491,2) (490,4) (489,16) (488,16) (487,14) (486,11) (485,26) (484,29) (483,26) (482,19) (481,17) (480,15) (479,1) (478,13) (477,4) (476,1) (475,-2) (474,1) (473,2) (472,11) (471,10) (470,9) (469,-3) (468,5) (467,-1) (466,-2) (465,4) (464,0) (463,1) (462,-4) (461,-7) (460,-7) (459,-3) (458,-6) (457,-11) (456,-6) (455,-8) (454,-9) (453,-9) (452,-3) (451,-1) (450,1) (449,-3) (448,-6) (447,0) (446,2) (445,3) (444,7) (443,4) (442,16) (441,18) (440,13) (439,13) (438,9) (437,15) (436,16) (435,20) (434,22) (433,32) (432,36) (431,38) (430,47) (429,46) (428,48) (427,48) (426,48) (425,47) (424,60) (423,66) (422,69) (421,69) (420,62) (419,62) (418,65) (417,64) (416,61) (415,63) (414,54) (413,58) (412,52) (411,57) (410,48) (409,50) (408,49) (407,47) (406,49) (405,52) (404,47) (403,51) (402,55) (401,54) (400,43) (399,39) (398,38) (397,39) (396,42) (395,41) (394,41) (393,52) (392,49) (391,45) (390,37) (389,33) (388,35) (387,41) (386,40) (385,31) (384,31) (383,27) (382,26) (381,31) (380,29) (379,31) (378,30) (377,34) (376,37) (375,36) (374,25) (373,26) (372,24) (371,19) (370,19) (369,23) (368,22) (367,15) (366,15) (365,4) (364,8) (363,14) (362,16) (361,12) (360,9) (359,-1) (358,5) (357,-2) (356,-1) (355,-3) (354,7) (353,5) (352,3) (351,11) (350,13) (349,21) (348,29) (347,29) (346,27) (345,24) (344,24) (343,26) (342,27) (341,23) (340,21) (339,24) (338,29) (337,35) (336,38) (335,28) (334,32) (333,34) (332,31) (331,34) (330,28) (329,20) (328,13) (327,5) (326,-8) (325,-8) (324,-6) (323,-16) (322,-10) (321,-2) (320,1) (319,5) (318,17) (317,16) (316,10) (315,2) (314,-3) (313,-7) (312,0) (311,1) (310,9) (309,10) (308,8) (307,6) (306,4) (305,8) (304,9) (303,7) (302,11) (301,19) (300,22) (299,25) (298,21) (297,16) (296,13) (295,11) (294,12) (293,18) (292,20) (291,26) (290,29) (289,28) (288,29) (287,31) (286,24) (285,23) (284,24) (283,14) (282,8) (281,9) (280,6) (279,7) (278,5) (277,4) (276,2) (275,10) (274,-4) (273,-4) (272,-7) (271,-7) (270,-9) (269,-2) (268,-17) (267,-16) (266,-8) (265,-15) (264,-18) (263,-14) (262,-9) (261,-5) (260,-1) (259,6) (258,5) (257,0) (256,-1) (255,-5) (254,-2) (253,-10) (252,-12) (251,-9) (250,-4) (249,-10) (248,-13) (247,-16) (246,-20) (245,-23) (244,-23) (243,-20) (242,-17) (241,-14) (240,-14) (239,-16) (238,-18) (237,-22) (236,-15) (235,-10) (234,0) (233,8) (232,-1) (231,-8) (230,7) (229,0) (228,-4) (227,-10) (226,0) (225,-4) (224,-7) (223,-11) (222,-13) (221,-24) (220,-24) (219,-30) (218,-36) (217,-38) (216,-38) (215,-36) (214,-29) (213,-28) (212,-28) (211,-24) (210,-19) (209,-23) (208,-31) (207,-23) (206,-24) (205,-30) (204,-23) (203,-23) (202,-25) (201,-24) (200,-21) (199,-26) (198,-23) (197,-25) (196,-21) (195,-20) (194,-22) (193,-16) (192,-11) (191,-20) (190,-19) (189,-11) (188,-9) (187,-4) (186,-3) (185,-6) (184,-7) (183,-14) (182,-6) (181,-4) (180,-2) (179,4) (178,0) (177,-3) (176,-7) (175,-13) (174,-21) (173,-23) (172,-14) (171,-11) (170,-6) (169,-5) (168,4) (167,2) (166,11) (165,10) (164,4) (163,2) (162,0) (161,1) (160,-4) (159,-4) (158,-5) (157,-15) (156,-8) (155,-8) (154,-5) (153,0) (152,-8) (151,-7) (150,0) (149,-5) (148,-15) (147,-9) (146,-11) (145,-9) (144,-6) (143,-7) (142,-5) (141,-3) (140,-6) (139,-4) (138,-3) (137,-5) (136,-9) (135,-5) (134,-1) (133,1) (132,-1) (131,-1) (130,-5) (129,5) (128,11) (127,17) (126,16) (125,20) (124,19) (123,11) (122,9) (121,18) (120,15) (119,24) (118,27) (117,23) (116,25) (115,30) (114,30) (113,39) (112,37) (111,36) (110,30) (109,36) (108,27) (107,23) (106,15) (105,19) (104,14) (103,9) (102,12) (101,12) (100,16) (99,23) (98,26) (97,22) (96,19) (95,23) (94,22) (93,29) (92,23) (91,30) (90,31) (89,34) (88,29) (87,37) (86,36) (85,33) (84,37) (83,40) (82,42) (81,50) (80,55) (79,45) (78,38) (77,32) (76,34) (75,26) (74,18) (73,15) (72,13) (71,6) (70,10) (69,10) (68,7) (67,3) (66,1) (65,-1) (64,0) (63,4) (62,-4) (61,-2) (60,-1) (59,7) (58,7) (57,7) (56,0) (55,-6) (54,-9) (53,-8) (52,-11) (51,-14) (50,-14) (49,-20) (48,-25) (47,-26) (46,-31) (45,-33) (44,-34) (43,-41) (42,-40) (41,-50) (40,-50) (39,-55) (38,-52) (37,-51) (36,-55) (35,-65) (34,-67) (33,-69) (32,-63) (31,-68) (30,-67) (29,-55) (28,-54) (27,-50) (26,-51) (25,-48) (24,-55) (23,-53) (22,-61) (21,-50) (20,-45) (19,-48) (18,-38) (17,-37) (16,-41) (15,-39) (14,-35) (13,-21) (12,-22) (11,-16) (10,-8) (9,-2) (8,1) (7,7) (6,8) (5,8) (4,3) (3,2) (2,3) (1,2) (0,4) 
TD 1 :
(999,-31) (990,-9) (972,4) (916,43) (910,47) (904,51) (870,68) (422,69) (421,69) (80,55) (5,8) (0,4) (1,2) (2,3) (3,2) (4,3) 
(999,-31) (990,-9) (972,4) (916,43) (910,47) (904,51) (870,68) (422,69) (421,69) (80,55) (5,8) (0,4) (6,8) (7,7) (8,1) (9,-2) (10,-8) (11,-16) (12,-22) (13,-21) (14,-35) (15,-39) (16,-41) (17,-37) (18,-38) (19,-48) (20,-45) (21,-50) (22,-61) (23,-53) (24,-55) (25,-48) (26,-51) (27,-50) (28,-54) (29,-55) (30,-67) (31,-68) (32,-63) (33,-69) (34,-67) (35,-65) (36,-55) (37,-51) (38,-52) (39,-55) (40,-50) (41,-50) (42,-40) (43,-41) (44,-34) (45,-33) (46,-31) (47,-26) (48,-25) (49,-20) (50,-14) (51,-14) (52,-11) (53,-8) (54,-9) (55,-6) (56,0) (57,7) (58,7) (59,7) (60,-1) (61,-2) (62,-4) (63,4) (64,0) (65,-1) (66,1) (67,3) (68,7) (69,10) (70,10) (71,6) (72,13) (73,15) (74,18) (75,26) (76,34) (77,32) (78,38) (79,45) 
(999,-31) (990,-9) (972,4) (916,43) (910,47) (904,51) (870,68) (422,69) (421,69) (80,55) (5,8) (0,4) (81,50) (82,42) (83,40) (84,37) (85,33) (86,36) (87,37) (88,29) (89,34) (90,31) (91,30) (92,23) (93,29) (94,22) (95,23) (96,19) (97,22) (98,26) (99,23) (100,16) (101,12) (102,12) (103,9) (104,14) (105,19) (106,15) (107,23) (108,27) (109,36) (110,30) (111,36) (112,37) (113,39) (114,30) (115,30) (116,25) (117,23) (118,27) (119,24) (120,15) (121,18) (122,9) (123,11) (124,19) (125,20) (126,16) (127,17) (128,11) (129,5) (130,-5) (131,-1) (132,-1) (133,1) (134,-1) (135,-5) (136,-9) (137,-5) (138,-3) (139,-4) (140,-6) (141,-3) (142,-5) (143,-7) (144,-6) (145,-9) (146,-11) (147,-9) (148,-15) (149,-5) (150,0) (151,-7) (152,-8) (153,0) (154,-5) (155,-8) (156,-8) (157,-15) (158,-5) (159,-4) (160,-4) (161,1) (162,0) (163,2) (164,4) (165,10) (166,11) (167,2) (168,4) (169,-5) (170,-6) (171,-11) (172,-14) (173,-23) (174,-21) (175,-13) (176,-7) (177,-3) (178,0) (179,4) (180,-2) (181,-4) (182,-6) (183,-14) (184,-7) (185,-6) (186,-3) (187,-4) (188,-9) (189,-11) (190,-19) (191,-20) (192,-11) (193,-16) (194,-22) (195,-20) (196,-21) (197,-25) (198,-23) (199,-26) (200,-21) (201,-24) (202,-25) (203,-23) (204,-23) (205,-30) (206,-24) (207,-23) (208,-31) (209,-23) (210,-19) (211,-24) (212,-28) (213,-28) (214,-29) (215,-36) (216,-38) (217,-38) (218,-36) (219,-30) (220,-24) (221,-24) (222,-13) (223,-11) (224,-7) (225,-4) (226,0) (227,-10) (228,-4) (229,0) (230,7) (231,-8) (232,-1) (233,8) (234,0) (235,-10) (236,-15) (237,-22) (238,-18) (239,-16) (240,-14) (241,-14) (242,-17) (243,-20) (244,-23) (245,-23) (246,-20) (247,-16) (248,-13) (249,-10) (250,-4) (251,-9) (252,-12) (253,-10) (254,-2) (255,-5) (256,-1) (257,0) (258,5) (259,6) (260,-1) (261,-5) (262,-9) (263,-14) (264,-18) (265,-15) (266,-8) (267,-16) (268,-17) (269,-2) (270,-9) (271,-7) (272,-7) (273,-4) (274,-4) (275,10) (276,2) (277,4) (278,5) (279,7) (280,6) (281,9) (282,8) (283,14) (284,24) (285,23) (286,24) (287,31) (288,29) (289,28) (290,29) (291,26) (292,20) (293,18) (294,12) (295,11) (296,13) (297,16) (298,21) (299,25) (300,22) (301,19) (302,11) (303,7) (304,9) (305,8) (306,4) (307,6) (308,8) (309,10) (310,9) (311,1) (312,0) (313,-7) (314,-3) (315,2) (316,10) (317,16) (318,17) (319,5) (320,1) (321,-2) (322,-10) (323,-16) (324,-6) (325,-8) (326,-8) (327,5) (328,13) (329,20) (330,28) (331,34) (332,31) (333,34) (334,32) (335,28) (336,38) (337,35) (338,29) (339,24) (340,21) (341,23) (342,27) (343,26) (344,24) (345,24) (346,27) (347,29) (348,29) (349,21) (350,13) (351,11) (352,3) (353,5) (354,7) (355,-3) (356,-1) (357,-2) (358,5) (359,-1) (360,9) (361,12) (362,16) (363,14) (364,8) (365,4) (366,15) (367,15) (368,22) (369,23) (370,19) (371,19) (372,24) (373,26) (374,25) (375,36) (376,37) (377,34) (378,30) (379,31) (380,29) (381,31) (382,26) (383,27) (384,31) (385,31) (386,40) (387,41) (388,35) (389,33) (390,37) (391,45) (392,49) (393,52) (394,41) (395,41) (396,42) (397,39) (398,38) (399,39) (400,43) (401,54) (402,55) (403,51) (404,47) (405,52) (406,49) (407,47) (408,49) (409,50) (410,48) (411,57) (412,52) (413,58) (414,54) (415,63) (416,61) (417,64) (418,65) (419,62) (420,62) 
(999,-31) (990,-9) (972,4) (916,43) (910,47) (904,51) (870,68) (422,69) (421,69) (80,55) (5,8) (0,4) 
(999,-31) (990,-9) (972,4) (916,43) (910,47) (904,51) (870,68) (422,69) (421,69) (80,55) (5,8) (0,4) (423,66) (424,60) (425,47) (426,48) (427,48) (428,48) (429,46) (430,47) (431,38) (432,36) (433,32) (434,22) (435,20) (436,16) (437,15) (438,9) (439,13) (440,13) (441,18) (442,16) (443,4) (444,7) (445,3) (446,2) (447,0) (448,-6) (449,-3) (450,1) (451,-1) (452,-3) (453,-9) (454,-9) (455,-8) (456,-6) (457,-11) (458,-6) (459,-3) (460,-7) (461,-7) (462,-4) (463,1) (464,0) (465,4) (466,-2) (467,-1) (468,5) (469,-3) (470,9) (471,10) (472,11) (473,2) (474,1) (475,-2) (476,1) (477,4) (478,13) (479,1) (480,15) (481,17) (482,19) (483,26) (484,29) (485,26) (486,11) (487,14) (488,16) (489,16) (490,4) (491,2) (492,1) (493,5) (494,7) (495,-5) (496,-9) (497,-15) (498,-18) (499,-21) (500,-17) (501,-18) (502,-25) (503,-33) (504,-25) (505,-11) (506,-8) (507,-11) (508,-13) (509,-17) (510,-15) (511,-10) (512,-10) (513,-11) (514,-5) (515,-11) (516,-9) (517,-9) (518,-1) (519,3) (520,-2) (521,-2) (522,8) (523,2) (524,5) (525,1) (526,2) (527,-2) (528,11) (529,11) (530,8) (531,6) (532,6) (533,8) (534,6) (535,3) (536,5) (537,7) (538,15) (539,15) (540,19) (541,22) (542,22) (543,24) (544,24) (545,23) (546,24) (547,22) (548,17) (549,15) (550,18) (551,26) (552,27) (553,18) (554,18) (555,17) (556,29) (557,23) (558,32) (559,38) (560,49) (561,54) (562,47) (563,50) (564,52) (565,50) (566,53) (567,50) (568,47) (569,52) (570,50) (571,53) (572,58) (573,64) (574,63) (575,62) (576,60) (577,54) (578,56) (579,65) (580,66) (581,62) (582,66) (583,63) (584,59) (585,56) (586,48) (587,51) (588,52) (589,54) (590,55) (591,49) (592,35) (593,33) (594,44) (595,44) (596,40) (597,33) (598,37) (599,41) (600,36) (601,31) (602,32) (603,34) (604,30) (605,29) (606,33) (607,32) (608,33) (609,37) (610,40) (611,42) (612,39) (613,43) (614,45) (615,35) (616,25) (617,22) (618,17) (619,17) (620,20) (621,26) (622,22) (623,24) (624,20) (625,20) (626,24) (627,33) (628,25) (629,25) (630,34) (631,41) (632,36) (633,41) (634,43) (635,38) (636,34) (637,30) (638,27) (639,27) (640,27) (641,20) (642,22) (643,23) (644,22) (645,24) (646,26) (647,17) (648,6) (649,7) (650,13) (651,13) (652,9) (653,3) (654,1) (655,-2) (656,-15) (657,-20) (658,-19) (659,-8) (660,-3) (661,-5) (662,-4) (663,2) (664,2) (665,0) (666,2) (667,2) (668,0) (669,4) (670,4) (671,4) (672,-2) (673,1) (674,6) (675,3) (676,-6) (677,0) (678,12) (679,15) (680,9) (681,7) (682,7) (683,18) (684,12) (685,16) (686,11) (687,16) (688,16) (689,19) (690,14) (691,18) (692,11) (693,15) (694,13) (695,7) (696,8) (697,7) (698,14) (699,19) (700,20) (701,17) (702,19) (703,15) (704,8) (705,14) (706,13) (707,16) (708,9) (709,10) (710,14) (711,12) (712,5) (713,3) (714,-7) (715,-13) (716,-15) (717,-19) (718,-17) (719,-15) (720,-17) (721,-16) (722,-13) (723,-18) (724,-25) (725,-22) (726,-22) (727,-20) (728,-19) (729,-23) (730,-21) (731,-25) (732,-28) (733,-28) (734,-25) (735,-30) (736,-29) (737,-33) (738,-36) (739,-25) (740,-21) (741,-18) (742,-19) (743,-20) (744,-21) (745,-22) (746,-28) (747,-30) (748,-18) (749,-19) (750,-14) (751,-17) (752,-17) (753,-14) (754,-16) (755,-8) (756,-2) (757,1) (758,2) (759,8) (760,9) (761,9) (762,6) (763,0) (764,0) (765,-5) (766,-10) (767,-2) (768,-8) (769,-5) (770,-7) (771,-1) (772,-1) (773,-2) (774,4) (775,4) (776,2) (777,3) (778,3) (779,6) (780,9) (781,6) (782,5) (783,9) (784,16) (785,9) (786,6) (787,8) (788,7) (789,10) (790,17) (791,29) (792,20) (793,25) (794,29) (795,33) (796,35) (797,31) (798,22) (799,19) (800,16) (801,19) (802,23) (803,29) (804,23) (805,22) (806,28) (807,27) (808,25) (809,23) (810,24) (811,21) (812,14) (813,13) (814,11) (815,11) (816,16) (817,15) (818,16) (819,18) (820,23) (821,28) (822,38) (823,41) (824,41) (825,39) (826,42) (827,46) (828,40) (829,47) (830,44) (831,38) (832,31) (833,35) (834,36) (835,38) (836,41) (837,40) (838,36) (839,41) (840,46) (841,54) (842,54) (843,45) (844,49) (845,44) (846,44) (847,46) (848,43) (849,48) (850,48) (851,52) (852,48) (853,45) (854,31) (855,32) (856,31) (857,27) (858,33) (859,31) (860,33) (861,40) (862,48) (863,55) (864,60) (865,59) (866,56) (867,58) (868,63) (869,63) 
(999,-31) (990,-9) (972,4) (916,43) (910,47) (904,51) (870,68) (422,69) (421,69) (80,55) (5,8) (0,4) (871,65) (872,66) (873,60) (874,52) (875,58) (876,55) (877,47) (878,41) (879,36) (880,33) (881,31) (882,28) (883,29) (884,28) (885,17) (886,24) (887,29) (888,39) (889,46) (890,48) (891,43) (892,44) (893,53) (894,55) (895,51) (896,48) (897,46) (898,49) (899,41) (900,48) (901,50) (902,48) (903,49) 
(999,-31) (990,-9) (972,4) (916,43) (910,47) (904,51) (870,68) (422,69) (421,69) (80,55) (5,8) (0,4) (905,46) (906,49) (907,44) (908,46) (909,47) 
(999,-31) (990,-9) (972,4) (916,43) (910,47) (904,51) (870,68) (422,69) (421,69) (80,55) (5,8) (0,4) (911,41) (912,40) (913,35) (914,38) (915,43) 
(999,-31) (990,-9) (972,4) (916,43) (910,47) (904,51) (870,68) (422,69) (421,69) (80,55) (5,8) (0,4) (917,29) (918,28) (919,29) (920,31) (921,33) (922,30) (923,26) (924,22) (925,19) (926,10) (927,13) (928,1) (929,6) (930,-1) (931,-1) (932,-1) (933,4) (934,3) (935,-3) (936,-4) (937,-5) (938,-4) (939,-1) (940,-2) (941,-7) (942,-9) (943,-5) (944,-8) (945,-12) (946,-14) (947,-11) (948,-21) (949,-27) (950,-30) (951,-27) (952,-27) (953,-26) (954,-29) (955,-27) (956,-23) (957,-17) (958,-19) (959,-12) (960,-14) (961,-1) (962,-4) (963,-5) (964,-3) (965,-3) (966,0) (967,5) (968,1) (969,-2) (970,-2) (971,2) 
(999,-31) (990,-9) (972,4) (916,43) (910,47) (904,51) (870,68) (422,69) (421,69) (80,55) (5,8) (0,4) (973,-1) (974,-6) (975,-14) (976,-11) (977,-13) (978,-18) (979,-17) (980,-17) (981,-15) (982,-11) (983,-17) (984,-17) (985,-20) (986,-27) (987,-26) (988,-20) (989,-22) 
(999,-31) (990,-9) (972,4) (916,43) (910,47) (904,51) (870,68) (422,69) (421,69) (80,55) (5,8) (0,4) (991,-20) (992,-23) (993,-33) (994,-38) (995,-34) (996,-39) (997,-35) (998,-35) 
TD 2 :
(999,-31) (990,-9) (972,4) (916,43) (910,47) (904,51) (870,68) (422,69) (421,69) (80,55) (5,8) (0,4) (1,2) (2,3) (3,2) (4,3) 
(999,-31) (990,-9) (972,4) (916,43) (910,47) (904,51) (870,68) (422,69) (421,69) (80,55) (5,8) (0,4) (6,8) 
(999,-31) (990,-9) (972,4) (916,43) (910,47) (904,51) (870,68) (422,69) (421,69) (80,55) (5,8) (0,4) (6,8) (7,7) (8,1) (9,-2) (10,-8) (11,-16) (12,-22) (13,-21) (14,-35) (15,-39) (16,-41) (17,-37) (18,-38) (19,-48) (20,-45) (21,-50) (22,-61) (23,-53) (24,-55) (25,-48) (26,-51) (27,-50) (28,-54) (29,-55) (30,-67) (31,-68) (32,-63) (33,-69) (34,-67) (35,-65) (36,-55) (37,-51) (38,-52) (39,-55) (40,-50) (41,-50) (42,-40) (43,-41) (44,-34) (45,-33) (46,-31) (47,-26) (48,-25) (49,-20) (50,-14) (51,-14) (52,-11) (53,-8) (54,-9) (55,-6) (56,0) (57,7) (58,7) (59,7) (60,-1) (61,-2) (62,-4) (63,4) (64,0) (65,-1) (66,1) (67,3) (68,7) (69,10) (70,10) (71,6) (72,13) (73,15) (74,18) (75,26) (76,34) (77,32) (78,38) (79,45) 
(999,-31) (990,-9) (972,4) (916,43) (910,47) (904,51) (870,68) (422,69) (421,69) (80,55) (5,8) (0,4) (81,50) 
(999,-31) (990,-9) (972,4) (916,43) (910,47) (904,51) (870,68) (422,69) (421,69) (80,55) (5,8) (0,4) (81,50) (82,42) (83,40) (84,37) (85,33) (86,36) (87,37) (88,29) (89,34) (90,31) (91,30) (92,23) (93,29) (94,22) (95,23) (96,19) (97,22) (98,26) (99,23) (100,16) (101,12) (102,12) (103,9) (104,14) (105,19) (106,15) (107,23) (108,27) (109,36) (110,30) (111,36) (112,37) (113,39) (114,30) (115,30) (116,25) (117,23) (118,27) (119,24) (120,15) (121,18) (122,9) (123,11) (124,19) (125,20) (126,16) (127,17) (128,11) (129,5) (130,-5) (131,-1) (132,-1) (133,1) (134,-1) (135,-5) (136,-9) (137,-5) (138,-3) (139,-4) (140,-6) (141,-3) (142,-5) (143,-7) (144,-6) (145,-9) (146,-11) (147,-9) (148,-15) (149,-5) (150,0) (151,-7) (152,-8) (153,0) (154,-5) (155,-8) (156,-8) (157,-15) (158,-5) (159,-4) (160,-4) (161,1) (162,0) (163,2) (164,4) (165,10) (166,11) (167,2) (168,4) (169,-5) (170,-6) (171,-11) (172,-14) (173,-23) (174,-21) (175,-13) (176,-7) (177,-3) (178,0) (179,4) (180,-2) (181,-4) (182,-6) (183,-14) (184,-7) (185,-6) (186,-3) (187,-4) (188,-9) (189,-11) (190,-19) (191,-20) (192,-11) (193,-16) (194,-22) (195,-20) (196,-21) (197,-25) (198,-23) (199,-26) (200,-21) (201,-24) (202,-25) (203,-23) (204,-23) (205,-30) (206,-24) (207,-23) (208,-31) (209,-23) (210,-19) (211,-24) (212,-28) (213,-28) (214,-29) (215,-36) (216,-38) (217,-38) (218,-36) (219,-30) (220,-24) (221,-24) (222,-13) (223,-11) (224,-7) (225,-4) (226,0) (227,-10) (228,-4) (229,0) (230,7) (231,-8) (232,-1) (233,8) (234,0) (235,-10) (236,-15) (237,-22) (238,-18) (239,-16) (240,-14) (241,-14) (242,-17) (243,-20) (244,-23) (245,-23) (246,-20) (247,-16) (248,-13) (249,-10) (250,-4) (251,-9) (252,-12) (253,-10) (254,-2) (255,-5) (256,-1) (257,0) (258,5) (259,6) (260,-1) (261,-5) (262,-9) (263,-14) (264,-18) (265,-15) (266,-8) (267,-16) (268,-17) (269,-2) (270,-9) (271,-7) (272,-7) (273,-4) (274,-4) (275,10) (276,2) (277,4) (278,5) (279,7) (280,6) (281,9) (282,8) (283,14) (284,24) (285,23) (286,24) (287,31) (288,29) (289,28) (290,29) (291,26) (292,20) (293,18) (294,12) (295,11) (296,13) (297,16) (298,21) (299,25) (300,22) (301,19) (302,11) (303,7) (304,9) (305,8) (306,4) (307,6) (308,8) (309,10) (310,9) (311,1) (312,0) (313,-7) (314,-3) (315,2) (316,10) (317,16) (318,17) (319,5) (320,1) (321,-2) (322,-10) (323,-16) (324,-6) (325,-8) (326,-8) (327,5) (328,13) (329,20) (330,28) (331,34) (332,31) (333,34) (334,32) (335,28) (336,38) (337,35) (338,29) (339,24) (340,21) (341,23) (342,27) (343,26) (344,24) (345,24) (346,27) (347,29) (348,29) (349,21) (350,13) (351,11) (352,3) (353,5) (354,7) (355,-3) (356,-1) (357,-2) (358,5) (359,-1) (360,9) (361,12) (362,16) (363,14) (364,8) (365,4) (366,15) (367,15) (368,22) (369,23) (370,19) (371,19) (372,24) (373,26) (374,25) (375,36) (376,37) (377,34) (378,30) (379,31) (380,29) (381,31) (382,26) (383,27) (384,31) (385,31) (386,40) (387,41) (388,35) (389,33) (390,37) (391,45) (392,49) (393,52) (394,41) (395,41) (396,42) (397,39) (398,38) (399,39) (400,43) (401,54) (402,55) (403,51) (404,47) (405,52) (406,49) (407,47) (408,49) (409,50) (410,48) (411,57) (412,52) (413,58) (414,54) (415,63) (416,61) (417,64) (418,65) (419,62) (420,62) 
(999,-31) (990,-9) (972,4) (916,43) (910,47) (904,51) (870,68) (422,69) (421,69) (80,55) (5,8) (0,4) (582,66) (580,66) (423,66) 
(999,-31) (990,-9) (972,4) (916,43) (910,47) (904,51) (870,68) (422,69) (421,69) (80,55) (5,8) (0,4) (582,66) (580,66) (423,66) (424,60) (425,47) (426,48) (427,48) (428,48) (429,46) (430,47) (431,38) (432,36) (433,32) (434,22) (435,20) (436,16) (437,15) (438,9) (439,13) (440,13) (441,18) (442,16) (443,4) (444,7) (445,3) (446,2) (447,0) (448,-6) (449,-3) (450,1) (451,-1) (452,-3) (453,-9) (454,-9) (455,-8) (456,-6) (457,-11) (458,-6) (459,-3) (460,-7) (461,-7) (462,-4) (463,1) (464,0) (465,4) (466,-2) (467,-1) (468,5) (469,-3) (470,9) (471,10) (472,11) (473,2) (474,1) (475,-2) (476,1) (477,4) (478,13) (479,1) (480,15) (481,17) (482,19) (483,26) (484,29) (485,26) (486,11) (487,14) (488,16) (489,16) (490,4) (491,2) (492,1) (493,5) (494,7) (495,-5) (496,-9) (497,-15) (498,-18) (499,-21) (500,-17) (501,-18) (502,-25) (503,-33) (504,-25) (505,-11) (506,-8) (507,-11) (508,-13) (509,-17) (510,-15) (511,-10) (512,-10) (513,-11) (514,-5) (515,-11) (516,-9) (517,-9) (518,-1) (519,3) (520,-2) (521,-2) (522,8) (523,2) (524,5) (525,1) (526,2) (527,-2) (528,11) (529,11) (530,8) (531,6) (532,6) (533,8) (534,6) (535,3) (536,5) (537,7) (538,15) (539,15) (540,19) (541,22) (542,22) (543,24) (544,24) (545,23) (546,24) (547,22) (548,17) (549,15) (550,18) (551,26) (552,27) (553,18) (554,18) (555,17) (556,29) (557,23) (558,32) (559,38) (560,49) (561,54) (562,47) (563,50) (564,52) (565,50) (566,53) (567,50) (568,47) (569,52) (570,50) (571,53) (572,58) (573,64) (574,63) (575,62) (576,60) (577,54) (578,56) (579,65) 
(999,-31) (990,-9) (972,4) (916,43) (910,47) (904,51) (870,68) (422,69) (421,69) (80,55) (5,8) (0,4) (582,66) (580,66) (423,66) (581,62) 
(999,-31) (990,-9) (972,4) (916,43) (910,47) (904,51) (870,68) (422,69) (421,69) (80,55) (5,8) (0,4) (582,66) (580,66) (423,66) (583,63) (584,59) (585,56) (586,48) (587,51) (588,52) (589,54) (590,55) (591,49) (592,35) (593,33) (594,44) (595,44) (596,40) (597,33) (598,37) (599,41) (600,36) (601,31) (602,32) (603,34) (604,30) (605,29) (606,33) (607,32) (608,33) (609,37) (610,40) (611,42) (612,39) (613,43) (614,45) (615,35) (616,25) (617,22) (618,17) (619,17) (620,20) (621,26) (622,22) (623,24) (624,20) (625,20) (626,24) (627,33) (628,25) (629,25) (630,34) (631,41) (632,36) (633,41) (634,43) (635,38) (636,34) (637,30) (638,27) (639,27) (640,27) (641,20) (642,22) (643,23) (644,22) (645,24) (646,26) (647,17) (648,6) (649,7) (650,13) (651,13) (652,9) (653,3) (654,1) (655,-2) (656,-15) (657,-20) (658,-19) (659,-8) (660,-3) (661,-5) (662,-4) (663,2) (664,2) (665,0) (666,2) (667,2) (668,0) (669,4) (670,4) (671,4) (672,-2) (673,1) (674,6) (675,3) (676,-6) (677,0) (678,12) (679,15) (680,9) (681,7) (682,7) (683,18) (684,12) (685,16) (686,11) (687,16) (688,16) (689,19) (690,14) (691,18) (692,11) (693,15) (694,13) (695,7) (696,8) (697,7) (698,14) (699,19) (700,20) (701,17) (702,19) (703,15) (704,8) (705,14) (706,13) (707,16) (708,9) (709,10) (710,14) (711,12) (712,5) (713,3) (714,-7) (715,-13) (716,-15) (717,-19) (718,-17) (719,-15) (720,-17) (721,-16) (722,-13) (723,-18) (724,-25) (725,-22) (726,-22) (727,-20) (728,-19) (729,-23) (730,-21) (731,-25) (732,-28) (733,-28) (734,-25) (735,-30) (736,-29) (737,-33) (738,-36) (739,-25) (740,-21) (741,-18) (742,-19) (743,-20) (744,-21) (745,-22) (746,-28) (747,-30) (748,-18) (749,-19) (750,-14) (751,-17) (752,-17) (753,-14) (754,-16) (755,-8) (756,-2) (757,1) (758,2) (759,8) (760,9) (761,9) (762,6) (763,0) (764,0) (765,-5) (766,-10) (767,-2) (768,-8) (769,-5) (770,-7) (771,-1) (772,-1) (773,-2) (774,4) (775,4) (776,2) (777,3) (778,3) (779,6) (780,9) (781,6) (782,5) (783,9) (784,16) (785,9) (786,6) (787,8) (788,7) (789,10) (790,17) (791,29) (792,20) (793,25) (794,29) (795,33) (796,35) (797,31) (798,22) (799,19) (800,16) (801,19) (802,23) (803,29) (804,23) (805,22) (806,28) (807,27) (808,25) (809,23) (810,24) (811,21) (812,14) (813,13) (814,11) (815,11) (816,16) (817,15) (818,16) (819,18) (820,23) (821,28) (822,38) (823,41) (824,41) (825,39) (826,42) (827,46) (828,40) (829,47) (830,44) (831,38) (832,31) (833,35) (834,36) (835,38) (836,41) (837,40) (838,36) (839,41) (840,46) (841,54) (842,54) (843,45) (844,49) (845,44) (846,44) (847,46) (848,43) (849,48) (850,48) (851,52) (852,48) (853,45) (854,31) (855,32) (856,31) (857,27) (858,33) (859,31) (860,33) (861,40) (862,48) (863,55) (864,60) (865,59) (866,56) (867,58) (868,63) (869,63) 
(999,-31) (990,-9) (972,4) (916,43) (910,47) (904,51) (870,68) (422,69) (421,69) (80,55) (5,8) (0,4) (894,55) (872,66) (871,65) 
(999,-31) (990,-9) (972,4) (916,43) (910,47) (904,51) (870,68) (422,69) (421,69) (80,55) (5,8) (0,4) (894,55) (872,66) (873,60) (874,52) (875,58) (876,55) (877,47) (878,41) (879,36) (880,33) (881,31) (882,28) (883,29) (884,28) (885,17) (886,24) (887,29) (888,39) (889,46) (890,48) (891,43) (892,44) (893,53) 
(999,-31) (990,-9) (972,4) (916,43) (910,47) (904,51) (870,68) (422,69) (421,69) (80,55) (5,8) (0,4) (894,55) (872,66) (895,51) (896,48) (897,46) (898,49) (899,41) (900,48) (901,50) (902,48) (903,49) 
(999,-31) (990,-9) (972,4) (916,43) (910,47) (904,51) (870,68) (422,69) (421,69) (80,55) (5,8) (0,4) (909,47) (906,49) (905,46) 
(999,-31) (990,-9) (972,4) (916,43) (910,47) (904,51) (870,68) (422,69) (421,69) (80,55) (5,8) (0,4) (909,47) (906,49) (907,44) (908,46) 
(999,-31) (990,-9) (972,4) (916,43) (910,47) (904,51) (870,68) (422,69) (421,69) (80,55) (5,8) (0,4) (909,47) (906,49) 
(999,-31) (990,-9) (972,4) (916,43) (910,47) (904,51) (870,68) (422,69) (421,69) (80,55) (5,8) (0,4) (915,43) (911,41) (912,40) (913,35) (914,38) 
(999,-31) (990,-9) (972,4) (916,43) (910,47) (904,51) (870,68) (422,69) (421,69) (80,55) (5,8) (0,4) (915,43) 
(999,-31) (990,-9) (972,4) (916,43) (910,47) (904,51) (870,68) (422,69) (421,69) (80,55) (5,8) (0,4) (971,2) (967,5) (917,29) (918,28) (919,29) (920,31) (921,33) (922,30) (923,26) (924,22) (925,19) (926,10) (927,13) (928,1) (929,6) (930,-1) (931,-1) (932,-1) (933,4) (934,3) (935,-3) (936,-4) (937,-5) (938,-4) (939,-1) (940,-2) (941,-7) (942,-9) (943,-5) (944,-8) (945,-12) (946,-14) (947,-11) (948,-21) (949,-27) (950,-30) (951,-27) (952,-27) (953,-26) (954,-29) (955,-27) (956,-23) (957,-17) (958,-19) (959,-12) (960,-14) (961,-1) (962,-4) (963,-5) (964,-3) (965,-3) (966,0) 
(999,-31) (990,-9) (972,4) (916,43) (910,47) (904,51) (870,68) (422,69) (421,69) (80,55) (5,8) (0,4) (971,2) (967,5) (968,1) (969,-2) (970,-2) 
(999,-31) (990,-9) (972,4) (916,43) (910,47) (904,51) (870,68) (422,69) (421,69) (80,55) (5,8) (0,4) (971,2) (967,5) 
(999,-31) (990,-9) (972,4) (916,43) (910,47) (904,51) (870,68) (422,69) (421,69) (80,55) (5,8) (0,4) (998,-35) (991,-20) 
(999,-31) (990,-9) (972,4) (916,43) (910,47) (904,51) (870,68) (422,69) (421,69) (80,55) (5,8) (0,4) (998,-35) (991,-20) (992,-23) (993,-33) (994,-38) (995,-34) (996,-39) (997,-35) 
TD 3 :
(999,-31) (990,-9) (972,4) (916,43) (910,47) (904,51) (870,68) (422,69) (421,69) (80,55) (5,8) (0,4) (1,2) (2,3) (3,2) (4,3) 
(999,-31) (990,-9) (972,4) (916,43) (910,47) (904,51) (870,68) (422,69) (421,69) (80,55) (5,8) (0,4) (6,8) (79,45) (7,7) 
(999,-31) (990,-9) (972,4) (916,43) (910,47) (904,51) (870,68) (422,69) (421,69) (80,55) (5,8) (0,4) (6,8) (79,45) (7,7) (8,1) (9,-2) (10,-8) (11,-16) (12,-22) (13,-21) (14,-35) (15,-39) (16,-41) (17,-37) (18,-38) (19,-48) (20,-45) (21,-50) (22,-61) (23,-53) (24,-55) (25,-48) (26,-51) (27,-50) (28,-54) (29,-55) (30,-67) (31,-68) (32,-63) (33,-69) (34,-67) (35,-65) (36,-55) (37,-51) (38,-52) (39,-55) (40,-50) (41,-50) (42,-40) (43,-41) (44,-34) (45,-33) (46,-31) (47,-26) (48,-25) (49,-20) (50,-14) (51,-14) (52,-11) (53,-8) (54,-9) (55,-6) (56,0) (57,7) (58,7) (59,7) (60,-1) (61,-2) (62,-4) (63,4) (64,0) (65,-1) (66,1) (67,3) (68,7) (69,10) (70,10) (71,6) (72,13) (73,15) (74,18) (75,26) (76,34) (77,32) (78,38) 
(999,-31) (990,-9) (972,4) (916,43) (910,47) (904,51) (870,68) (422,69) (421,69) (80,55) (5,8) (0,4) (6,8) (79,45) (7,7) 
(999,-31) (990,-9) (972,4) (916,43) (910,47) (904,51) (870,68) (422,69) (421,69) (80,55) (5,8) (0,4) (81,50) (418,65) (82,42) (83,40) (84,37) (85,33) (86,36) (87,37) (88,29) (89,34) (90,31) (91,30) (92,23) (93,29) (94,22) (95,23) (96,19) (97,22) (98,26) (99,23) (100,16) (101,12) (102,12) (103,9) (104,14) (105,19) (106,15) (107,23) (108,27) (109,36) (110,30) (111,36) (112,37) (113,39) (114,30) (115,30) (116,25) (117,23) (118,27) (119,24) (120,15) (121,18) (122,9) (123,11) (124,19) (125,20) (126,16) (127,17) (128,11) (129,5) (130,-5) (131,-1) (132,-1) (133,1) (134,-1) (135,-5) (136,-9) (137,-5) (138,-3) (139,-4) (140,-6) (141,-3) (142,-5) (143,-7) (144,-6) (145,-9) (146,-11) (147,-9) (148,-15) (149,-5) (150,0) (151,-7) (152,-8) (153,0) (154,-5) (155,-8) (156,-8) (157,-15) (158,-5) (159,-4) (160,-4) (161,1) (162,0) (163,2) (164,4) (165,10) (166,11) (167,2) (168,4) (169,-5) (170,-6) (171,-11) (172,-14) (173,-23) (174,-21) (175,-13) (176,-7) (177,-3) (178,0) (179,4) (180,-2) (181,-4) (182,-6) (183,-14) (184,-7) (185,-6) (186,-3) (187,-4) (188,-9) (189,-11) (190,-19) (191,-20) (192,-11) (193,-16) (194,-22) (195,-20) (196,-21) (197,-25) (198,-23) (199,-26) (200,-21) (201,-24) (202,-25) (203,-23) (204,-23) (205,-30) (206,-24) (207,-23) (208,-31) (209,-23) (210,-19) (211,-24) (212,-28) (213,-28) (214,-29) (215,-36) (216,-38) (217,-38) (218,-36) (219,-30) (220,-24) (221,-24) (222,-13) (223,-11) (224,-7) (225,-4) (226,0) (227,-10) (228,-4) (229,0) (230,7) (231,-8) (232,-1) (233,8) (234,0) (235,-10) (236,-15) (237,-22) (238,-18) (239,-16) (240,-14) (241,-14) (242,-17) (243,-20) (244,-23) (245,-23) (246,-20) (247,-16) (248,-13) (249,-10) (250,-4) (251,-9) (252,-12) (253,-10) (254,-2) (255,-5) (256,-1) (257,0) (258,5) (259,6) (260,-1) (261,-5) (262,-9) (263,-14) (264,-18) (265,-15) (266,-8) (267,-16) (268,-17) (269,-2) (270,-9) (271,-7) (272,-7) (273,-4) (274,-4) (275,10) (276,2) (277,4) (278,5) (279,7) (280,6) (281,9) (282,8) (283,14) (284,24) (285,23) (286,24) (287,31) (288,29) (289,28) (290,29) (291,26) (292,20) (293,18) (294,12) (295,11) (296,13) (297,16) (298,21) (299,25) (300,22) (301,19) (302,11) (303,7) (304,9) (305,8) (306,4) (307,6) (308,8) (309,10) (310,9) (311,1) (312,0) (313,-7) (314,-3) (315,2) (316,10) (317,16) (318,17) (319,5) (320,1) (321,-2) (322,-10) (323,-16) (324,-6) (325,-8) (326,-8) (327,5) (328,13) (329,20) (330,28) (331,34) (332,31) (333,34) (334,32) (335,28) (336,38) (337,35) (338,29) (339,24) (340,21) (341,23) (342,27) (343,26) (344,24) (345,24) (346,27) (347,29) (348,29) (349,21) (350,13) (351,11) (352,3) (353,5) (354,7) (355,-3) (356,-1) (357,-2) (358,5) (359,-1) (360,9) (361,12) (362,16) (363,14) (364,8) (365,4) (366,15) (367,15) (368,22) (369,23) (370,19) (371,19) (372,24) (373,26) (374,25) (375,36) (376,37) (377,34) (378,30) (379,31) (380,29) (381,31) (382,26) (383,27) (384,31) (385,31) (386,40) (387,41) (388,35) (389,33) (390,37) (391,45) (392,49) (393,52) (394,41) (395,41) (396,42) (397,39) (398,38) (399,39) (400,43) (401,54) (402,55) (403,51) (404,47) (405,52) (406,49) (407,47) (408,49) (409,50) (410,48) (411,57) (412,52) (413,58) (414,54) (415,63) (416,61) (417,64) 
(999,-31) (990,-9) (972,4) (916,43) (910,47) (904,51) (870,68) (422,69) (421,69) (80,55) (5,8) (0,4) (81,50) (418,65) (419,62) (420,62) 
(999,-31) (990,-9) (972,4) (916,43) (910,47) (904,51) (870,68) (422,69) (421,69) (80,55) (5,8) (0,4) (582,66) (580,66) (423,66) (579,65) (424,60) (425,47) (426,48) (427,48) (428,48) (429,46) (430,47) (431,38) (432,36) (433,32) (434,22) (435,20) (436,16) (437,15) (438,9) (439,13) (440,13) (441,18) (442,16) (443,4) (444,7) (445,3) (446,2) (447,0) (448,-6) (449,-3) (450,1) (451,-1) (452,-3) (453,-9) (454,-9) (455,-8) (456,-6) (457,-11) (458,-6) (459,-3) (460,-7) (461,-7) (462,-4) (463,1) (464,0) (465,4) (466,-2) (467,-1) (468,5) (469,-3) (470,9) (471,10) (472,11) (473,2) (474,1) (475,-2) (476,1) (477,4) (478,13) (479,1) (480,15) (481,17) (482,19) (483,26) (484,29) (485,26) (486,11) (487,14) (488,16) (489,16) (490,4) (491,2) (492,1) (493,5) (494,7) (495,-5) (496,-9) (497,-15) (498,-18) (499,-21) (500,-17) (501,-18) (502,-25) (503,-33) (504,-25) (505,-11) (506,-8) (507,-11) (508,-13) (509,-17) (510,-15) (511,-10) (512,-10) (513,-11) (514,-5) (515,-11) (516,-9) (517,-9) (518,-1) (519,3) (520,-2) (521,-2) (522,8) (523,2) (524,5) (525,1) (526,2) (527,-2) (528,11) (529,11) (530,8) (531,6) (532,6) (533,8) (534,6) (535,3) (536,5) (537,7) (538,15) (539,15) (540,19) (541,22) (542,22) (543,24) (544,24) (545,23) (546,24) (547,22) (548,17) (549,15) (550,18) (551,26) (552,27) (553,18) (554,18) (555,17) (556,29) (557,23) (558,32) (559,38) (560,49) (561,54) (562,47) (563,50) (564,52) (565,50) (566,53) (567,50) (568,47) (569,52) (570,50) (571,53) (572,58) (573,64) (574,63) (575,62) (576,60) (577,54) (578,56) 
(999,-31) (990,-9) (972,4) (916,43) (910,47) (904,51) (870,68) (422,69) (421,69) (80,55) (5,8) (0,4) (582,66) (580,66) (423,66) (579,65) 
(999,-31) (990,-9) (972,4) (916,43) (910,47) (904,51) (870,68) (422,69) (421,69) (80,55) (5,8) (0,4) (894,55) (872,66) (871,65) 
(999,-31) (990,-9) (972,4) (916,43) (910,47) (904,51) (870,68) (422,69) (421,69) (80,55) (5,8) (0,4) (894,55) (872,66) (871,65) 
(999,-31) (990,-9) (972,4) (916,43) (910,47) (904,51) (870,68) (422,69) (421,69) (80,55) (5,8) (0,4) (894,55) (872,66) (903,49) (901,50) (895,51) (896,48) (897,46) (898,49) (899,41) (900,48) 
(999,-31) (990,-9) (972,4) (916,43) (910,47) (904,51) (870,68) (422,69) (421,69) (80,55) (5,8) (0,4) (894,55) (872,66) (903,49) (901,50) (902,48) 
(999,-31) (990,-9) (972,4) (916,43) (910,47) (904,51) (870,68) (422,69) (421,69) (80,55) (5,8) (0,4) (894,55) (872,66) (903,49) (901,50) 
(999,-31) (990,-9) (972,4) (916,43) (910,47) (904,51) (870,68) (422,69) (421,69) (80,55) (5,8) (0,4) (909,47) (906,49) (908,46) (907,44) 
(999,-31) (990,-9) (972,4) (916,43) (910,47) (904,51) (870,68) (422,69) (421,69) (80,55) (5,8) (0,4) (909,47) (906,49) (908,46) 
(999,-31) (990,-9) (972,4) (916,43) (910,47) (904,51) (870,68) (422,69) (421,69) (80,55) (5,8) (0,4) (998,-35) (991,-20) (997,-35) (992,-23) 
(999,-31) (990,-9) (972,4) (916,43) (910,47) (904,51) (870,68) (422,69) (421,69) (80,55) (5,8) (0,4) (998,-35) (991,-20) (997,-35) (992,-23) (993,-33) (994,-38) (995,-34) (996,-39) 
TD 4 :
(999,-31) (990,-9) (972,4) (916,43) (910,47) (904,51) (870,68) (422,69) (421,69) (80,55) (5,8) (0,4) (1,2) (2,3) (4,3) (3,2) 
(999,-31) (990,-9) (972,4) (916,43) (910,47) (904,51) (870,68) (422,69) (421,69) (80,55) (5,8) (0,4) (1,2) (2,3) (4,3) (3,2) 
(999,-31) (990,-9) (972,4) (916,43) (910,47) (904,51) (870,68) (422,69) (421,69) (80,55) (5,8) (0,4) (81,50) (418,65) (417,64) (82,42) 
(999,-31) (990,-9) (972,4) (916,43) (910,47) (904,51) (870,68) (422,69) (421,69) (80,55) (5,8) (0,4) (81,50) (418,65) (417,64) (82,42) (83,40) (84,37) (85,33) (86,36) (87,37) (88,29) (89,34) (90,31) (91,30) (92,23) (93,29) (94,22) (95,23) (96,19) (97,22) (98,26) (99,23) (100,16) (101,12) (102,12) (103,9) (104,14) (105,19) (106,15) (107,23) (108,27) (109,36) (110,30) (111,36) (112,37) (113,39) (114,30) (115,30) (116,25) (117,23) (118,27) (119,24) (120,15) (121,18) (122,9) (123,11) (124,19) (125,20) (126,16) (127,17) (128,11) (129,5) (130,-5) (131,-1) (132,-1) (133,1) (134,-1) (135,-5) (136,-9) (137,-5) (138,-3) (139,-4) (140,-6) (141,-3) (142,-5) (143,-7) (144,-6) (145,-9) (146,-11) (147,-9) (148,-15) (149,-5) (150,0) (151,-7) (152,-8) (153,0) (154,-5) (155,-8) (156,-8) (157,-15) (158,-5) (159,-4) (160,-4) (161,1) (162,0) (163,2) (164,4) (165,10) (166,11) (167,2) (168,4) (169,-5) (170,-6) (171,-11) (172,-14) (173,-23) (174,-21) (175,-13) (176,-7) (177,-3) (178,0) (179,4) (180,-2) (181,-4) (182,-6) (183,-14) (184,-7) (185,-6) (186,-3) (187,-4) (188,-9) (189,-11) (190,-19) (191,-20) (192,-11) (193,-16) (194,-22) (195,-20) (196,-21) (197,-25) (198,-23) (199,-26) (200,-21) (201,-24) (202,-25) (203,-23) (204,-23) (205,-30) (206,-24) (207,-23) (208,-31) (209,-23) (210,-19) (211,-24) (212,-28) (213,-28) (214,-29) (215,-36) (216,-38) (217,-38) (218,-36) (219,-30) (220,-24) (221,-24) (222,-13) (223,-11) (224,-7) (225,-4) (226,0) (227,-10) (228,-4) (229,0) (230,7) (231,-8) (232,-1) (233,8) (234,0) (235,-10) (236,-15) (237,-22) (238,-18) (239,-16) (240,-14) (241,-14) (242,-17) (243,-20) (244,-23) (245,-23) (246,-20) (247,-16) (248,-13) (249,-10) (250,-4) (251,-9) (252,-12) (253,-10) (254,-2) (255,-5) (256,-1) (257,0) (258,5) (259,6) (260,-1) (261,-5) (262,-9) (263,-14) (264,-18) (265,-15) (266,-8) (267,-16) (268,-17) (269,-2) (270,-9) (271,-7) (272,-7) (273,-4) (274,-4) (275,10) (276,2) (277,4) (278,5) (279,7) (280,6) (281,9) (282,8) (283,14) (284,24) (285,23) (286,24) (287,31) (288,29) (289,28) (290,29) (291,26) (292,20) (293,18) (294,12) (295,11) (296,13) (297,16) (298,21) (299,25) (300,22) (301,19) (302,11) (303,7) (304,9) (305,8) (306,4) (307,6) (308,8) (309,10) (310,9) (311,1) (312,0) (313,-7) (314,-3) (315,2) (316,10) (317,16) (318,17) (319,5) (320,1) (321,-2) (322,-10) (323,-16) (324,-6) (325,-8) (326,-8) (327,5) (328,13) (329,20) (330,28) (331,34) (332,31) (333,34) (334,32) (335,28) (336,38) (337,35) (338,29) (339,24) (340,21) (341,23) (342,27) (343,26) (344,24) (345,24) (346,27) (347,29) (348,29) (349,21) (350,13) (351,11) (352,3) (353,5) (354,7) (355,-3) (356,-1) (357,-2) (358,5) (359,-1) (360,9) (361,12) (362,16) (363,14) (364,8) (365,4) (366,15) (367,15) (368,22) (369,23) (370,19) (371,19) (372,24) (373,26) (374,25) (375,36) (376,37) (377,34) (378,30) (379,31) (380,29) (381,31) (382,26) (383,27) (384,31) (385,31) (386,40) (387,41) (388,35) (389,33) (390,37) (391,45) (392,49) (393,52) (394,41) (395,41) (396,42) (397,39) (398,38) (399,39) (400,43) (401,54) (402,55) (403,51) (404,47) (405,52) (406,49) (407,47) (408,49) (409,50) (410,48) (411,57) (412,52) (413,58) (414,54) (415,63) (416,61) 
(999,-31) (990,-9) (972,4) (916,43) (910,47) (904,51) (870,68) (422,69) (421,69) (80,55) (5,8) (0,4) (81,50) (418,65) (417,64) (82,42) 
(999,-31) (990,-9) (972,4) (916,43) (910,47) (904,51) (870,68) (422,69) (421,69) (80,55) (5,8) (0,4) (582,66) (580,66) (423,66) (579,65) (573,64) (424,60) (425,47) (426,48) (427,48) (428,48) (429,46) (430,47) (431,38) (432,36) (433,32) (434,22) (435,20) (436,16) (437,15) (438,9) (439,13) (440,13) (441,18) (442,16) (443,4) (444,7) (445,3) (446,2) (447,0) (448,-6) (449,-3) (450,1) (451,-1) (452,-3) (453,-9) (454,-9) (455,-8) (456,-6) (457,-11) (458,-6) (459,-3) (460,-7) (461,-7) (462,-4) (463,1) (464,0) (465,4) (466,-2) (467,-1) (468,5) (469,-3) (470,9) (471,10) (472,11) (473,2) (474,1) (475,-2) (476,1) (477,4) (478,13) (479,1) (480,15) (481,17) (482,19) (483,26) (484,29) (485,26) (486,11) (487,14) (488,16) (489,16) (490,4) (491,2) (492,1) (493,5) (494,7) (495,-5) (496,-9) (497,-15) (498,-18) (499,-21) (500,-17) (501,-18) (502,-25) (503,-33) (504,-25) (505,-11) (506,-8) (507,-11) (508,-13) (509,-17) (510,-15) (511,-10) (512,-10) (513,-11) (514,-5) (515,-11) (516,-9) (517,-9) (518,-1) (519,3) (520,-2) (521,-2) (522,8) (523,2) (524,5) (525,1) (526,2) (527,-2) (528,11) (529,11) (530,8) (531,6) (532,6) (533,8) (534,6) (535,3) (536,5) (537,7) (538,15) (539,15) (540,19) (541,22) (542,22) (543,24) (544,24) (545,23) (546,24) (547,22) (548,17) (549,15) (550,18) (551,26) (552,27) (553,18) (554,18) (555,17) (556,29) (557,23) (558,32) (559,38) (560,49) (561,54) (562,47) (563,50) (564,52) (565,50) (566,53) (567,50) (568,47) (569,52) (570,50) (571,53) (572,58) 
(999,-31) (990,-9) (972,4) (916,43) (910,47) (904,51) (870,68) (422,69) (421,69) (80,55) (5,8) (0,4) (582,66) (580,66) (423,66) (579,65) (573,64) (574,63) (575,62) (576,60) (577,54) (578,56) 
(999,-31) (990,-9) (972,4) (916,43) (910,47) (904,51) (870,68) (422,69) (421,69) (80,55) (5,8) (0,4) (894,55) (872,66) (903,49) (901,50) (902,48) 
(999,-31) (990,-9) (972,4) (916,43) (910,47) (904,51) (870,68) (422,69) (421,69) (80,55) (5,8) (0,4) (894,55) (872,66) (903,49) (901,50) (902,48) 
(999,-31) (990,-9) (972,4) (916,43) (910,47) (904,51) (870,68) (422,69) (421,69) (80,55) (5,8) (0,4) (998,-35) (991,-20) (997,-35) (992,-23) (996,-39) (995,-34) (993,-33) (994,-38) 
(999,-31) (990,-9) (972,4) (916,43) (910,47) (904,51) (870,68) (422,69) (421,69) (80,55) (5,8) (0,4) (998,-35) (991,-20) (997,-35) (992,-23) (996,-39) (995,-34) 
TD 5 :
(999,-31) (990,-9) (972,4) (916,43) (910,47) (904,51) (870,68) (422,69) (421,69) (80,55) (5,8) (0,4) (81,50) (418,65) (417,64) (82,42) (415,63) (83,40) 
(999,-31) (990,-9) (972,4) (916,43) (910,47) (904,51) (870,68) (422,69) (421,69) (80,55) (5,8) (0,4) (81,50) (418,65) (417,64) (82,42) (415,63) (83,40) (84,37) (85,33) (86,36) (87,37) (88,29) (89,34) (90,31) (91,30) (92,23) (93,29) (94,22) (95,23) (96,19) (97,22) (98,26) (99,23) (100,16) (101,12) (102,12) (103,9) (104,14) (105,19) (106,15) (107,23) (108,27) (109,36) (110,30) (111,36) (112,37) (113,39) (114,30) (115,30) (116,25) (117,23) (118,27) (119,24) (120,15) (121,18) (122,9) (123,11) (124,19) (125,20) (126,16) (127,17) (128,11) (129,5) (130,-5) (131,-1) (132,-1) (133,1) (134,-1) (135,-5) (136,-9) (137,-5) (138,-3) (139,-4) (140,-6) (141,-3) (142,-5) (143,-7) (144,-6) (145,-9) (146,-11) (147,-9) (148,-15) (149,-5) (150,0) (151,-7) (152,-8) (153,0) (154,-5) (155,-8) (156,-8) (157,-15) (158,-5) (159,-4) (160,-4) (161,1) (162,0) (163,2) (164,4) (165,10) (166,11) (167,2) (168,4) (169,-5) (170,-6) (171,-11) (172,-14) (173,-23) (174,-21) (175,-13) (176,-7) (177,-3) (178,0) (179,4) (180,-2) (181,-4) (182,-6) (183,-14) (184,-7) (185,-6) (186,-3) (187,-4) (188,-9) (189,-11) (190,-19) (191,-20) (192,-11) (193,-16) (194,-22) (195,-20) (196,-21) (197,-25) (198,-23) (199,-26) (200,-21) (201,-24) (202,-25) (203,-23) (204,-23) (205,-30) (206,-24) (207,-23) (208,-31) (209,-23) (210,-19) (211,-24) (212,-28) (213,-28) (214,-29) (215,-36) (216,-38) (217,-38) (218,-36) (219,-30) (220,-24) (221,-24) (222,-13) (223,-11) (224,-7) (225,-4) (226,0) (227,-10) (228,-4) (229,0) (230,7) (231,-8) (232,-1) (233,8) (234,0) (235,-10) (236,-15) (237,-22) (238,-18) (239,-16) (240,-14) (241,-14) (242,-17) (243,-20) (244,-23) (245,-23) (246,-20) (247,-16) (248,-13) (249,-10) (250,-4) (251,-9) (252,-12) (253,-10) (254,-2) (255,-5) (256,-1) (257,0) (258,5) (259,6) (260,-1) (261,-5) (262,-9) (263,-14) (264,-18) (265,-15) (266,-8) (267,-16) (268,-17) (269,-2) (270,-9) (271,-7) (272,-7) (273,-4) (274,-4) (275,10) (276,2) (277,4) (278,5) (279,7) (280,6) (281,9) (282,8) (283,14) (284,24) (285,23) (286,24) (287,31) (288,29) (289,28) (290,29) (291,26) (292,20) (293,18) (294,12) (295,11) (296,13) (297,16) (298,21) (299,25) (300,22) (301,19) (302,11) (303,7) (304,9) (305,8) (306,4) (307,6) (308,8) (309,10) (310,9) (311,1) (312,0) (313,-7) (314,-3) (315,2) (316,10) (317,16) (318,17) (319,5) (320,1) (321,-2) (322,-10) (323,-16) (324,-6) (325,-8) (326,-8) (327,5) (328,13) (329,20) (330,28) (331,34) (332,31) (333,34) (334,32) (335,28) (336,38) (337,35) (338,29) (339,24) (340,21) (341,23) (342,27) (343,26) (344,24) (345,24) (346,27) (347,29) (348,29) (349,21) (350,13) (351,11) (352,3) (353,5) (354,7) (355,-3) (356,-1) (357,-2) (358,5) (359,-1) (360,9) (361,12) (362,16) (363,14) (364,8) (365,4) (366,15) (367,15) (368,22) (369,23) (370,19) (371,19) (372,24) (373,26) (374,25) (375,36) (376,37) (377,34) (378,30) (379,31) (380,29) (381,31) (382,26) (383,27) (384,31) (385,31) (386,40) (387,41) (388,35) (389,33) (390,37) (391,45) (392,49) (393,52) (394,41) (395,41) (396,42) (397,39) (398,38) (399,39) (400,43) (401,54) (402,55) (403,51) (404,47) (405,52) (406,49) (407,47) (408,49) (409,50) (410,48) (411,57) (412,52) (413,58) (414,54) 
(999,-31) (990,-9) (972,4) (916,43) (910,47) (904,51) (870,68) (422,69) (421,69) (80,55) (5,8) (0,4) (81,50) (418,65) (417,64) (82,42) (415,63) (83,40) (416,61) 
(999,-31) (990,-9) (972,4) (916,43) (910,47) (904,51) (870,68) (422,69) (421,69) (80,55) (5,8) (0,4) (582,66) (580,66) (423,66) (579,65) (573,64) (574,63) 
(999,-31) (990,-9) (972,4) (916,43) (910,47) (904,51) (870,68) (422,69) (421,69) (80,55) (5,8) (0,4) (582,66) (580,66) (423,66) (579,65) (573,64) (574,63) (575,62) (576,60) (577,54) (578,56) 
(999,-31) (990,-9) (972,4) (916,43) (910,47) (904,51) (870,68) (422,69) (421,69) (80,55) (5,8) (0,4) (998,-35) (991,-20) (997,-35) (992,-23) (996,-39) (995,-34) (994,-38) (993,-33) 
(999,-31) (990,-9) (972,4) (916,43) (910,47) (904,51) (870,68) (422,69) (421,69) (80,55) (5,8) (0,4) (998,-35) (991,-20) (997,-35) (992,-23) (996,-39) (995,-34) (994,-38) (993,-33) 
TD 6 :
(999,-31) (990,-9) (972,4) (916,43) (910,47) (904,51) (870,68) (422,69) (421,69) (80,55) (5,8) (0,4) (81,50) (418,65) (417,64) (82,42) (415,63) (83,40) (84,37) 
(999,-31) (990,-9) (972,4) (916,43) (910,47) (904,51) (870,68) (422,69) (421,69) (80,55) (5,8) (0,4) (81,50) (418,65) (417,64) (82,42) (415,63) (83,40) (84,37) (85,33) (86,36) (87,37) (88,29) (89,34) (90,31) (91,30) (92,23) (93,29) (94,22) (95,23) (96,19) (97,22) (98,26) (99,23) (100,16) (101,12) (102,12) (103,9) (104,14) (105,19) (106,15) (107,23) (108,27) (109,36) (110,30) (111,36) (112,37) (113,39) (114,30) (115,30) (116,25) (117,23) (118,27) (119,24) (120,15) (121,18) (122,9) (123,11) (124,19) (125,20) (126,16) (127,17) (128,11) (129,5) (130,-5) (131,-1) (132,-1) (133,1) (134,-1) (135,-5) (136,-9) (137,-5) (138,-3) (139,-4) (140,-6) (141,-3) (142,-5) (143,-7) (144,-6) (145,-9) (146,-11) (147,-9) (148,-15) (149,-5) (150,0) (151,-7) (152,-8) (153,0) (154,-5) (155,-8) (156,-8) (157,-15) (158,-5) (159,-4) (160,-4) (161,1) (162,0) (163,2) (164,4) (165,10) (166,11) (167,2) (168,4) (169,-5) (170,-6) (171,-11) (172,-14) (173,-23) (174,-21) (175,-13) (176,-7) (177,-3) (178,0) (179,4) (180,-2) (181,-4) (182,-6) (183,-14) (184,-7) (185,-6) (186,-3) (187,-4) (188,-9) (189,-11) (190,-19) (191,-20) (192,-11) (193,-16) (194,-22) (195,-20) (196,-21) (197,-25) (198,-23) (199,-26) (200,-21) (201,-24) (202,-25) (203,-23) (204,-23) (205,-30) (206,-24) (207,-23) (208,-31) (209,-23) (210,-19) (211,-24) (212,-28) (213,-28) (214,-29) (215,-36) (216,-38) (217,-38) (218,-36) (219,-30) (220,-24) (221,-24) (222,-13) (223,-11) (224,-7) (225,-4) (226,0) (227,-10) (228,-4) (229,0) (230,7) (231,-8) (232,-1) (233,8) (234,0) (235,-10) (236,-15) (237,-22) (238,-18) (239,-16) (240,-14) (241,-14) (242,-17) (243,-20) (244,-23) (245,-23) (246,-20) (247,-16) (248,-13) (249,-10) (250,-4) (251,-9) (252,-12) (253,-10) (254,-2) (255,-5) (256,-1) (257,0) (258,5) (259,6) (260,-1) (261,-5) (262,-9) (263,-14) (264,-18) (265,-15) (266,-8) (267,-16) (268,-17) (269,-2) (270,-9) (271,-7) (272,-7) (273,-4) (274,-4) (275,10) (276,2) (277,4) (278,5) (279,7) (280,6) (281,9) (282,8) (283,14) (284,24) (285,23) (286,24) (287,31) (288,29) (289,28) (290,29) (291,26) (292,20) (293,18) (294,12) (295,11) (296,13) (297,16) (298,21) (299,25) (300,22) (301,19) (302,11) (303,7) (304,9) (305,8) (306,4) (307,6) (308,8) (309,10) (310,9) (311,1) (312,0) (313,-7) (314,-3) (315,2) (316,10) (317,16) (318,17) (319,5) (320,1) (321,-2) (322,-10) (323,-16) (324,-6) (325,-8) (326,-8) (327,5) (328,13) (329,20) (330,28) (331,34) (332,31) (333,34) (334,32) (335,28) (336,38) (337,35) (338,29) (339,24) (340,21) (341,23) (342,27) (343,26) (344,24) (345,24) (346,27) (347,29) (348,29) (349,21) (350,13) (351,11) (352,3) (353,5) (354,7) (355,-3) (356,-1) (357,-2) (358,5) (359,-1) (360,9) (361,12) (362,16) (363,14) (364,8) (365,4) (366,15) (367,15) (368,22) (369,23) (370,19) (371,19) (372,24) (373,26) (374,25) (375,36) (376,37) (377,34) (378,30) (379,31) (380,29) (381,31) (382,26) (383,27) (384,31) (385,31) (386,40) (387,41) (388,35) (389,33) (390,37) (391,45) (392,49) (393,52) (394,41) (395,41) (396,42) (397,39) (398,38) (399,39) (400,43) (401,54) (402,55) (403,51) (404,47) (405,52) (406,49) (407,47) (408,49) (409,50) (410,48) (411,57) (412,52) (413,58) (414,54) 
(999,-31) (990,-9) (972,4) (916,43) (910,47) (904,51) (870,68) (422,69) (421,69) (80,55) (5,8) (0,4) (582,66) (580,66) (423,66) (579,65) (573,64) (574,63) (575,62) 
(999,-31) (990,-9) (972,4) (916,43) (910,47) (904,51) (870,68) (422,69) (421,69) (80,55) (5,8) (0,4) (582,66) (580,66) (423,66) (579,65) (573,64) (574,63) (575,62) (576,60) (577,54) (578,56) 
TD 7 :
(999,-31) (990,-9) (972,4) (916,43) (910,47) (904,51) (870,68) (422,69) (421,69) (80,55) (5,8) (0,4) (81,50) (418,65) (417,64) (82,42) (415,63) (83,40) (84,37) (113,39) (87,37) (85,33) (86,36) 
(999,-31) (990,-9) (972,4) (916,43) (910,47) (904,51) (870,68) (422,69) (421,69) (80,55) (5,8) (0,4) (81,50) (418,65) (417,64) (82,42) (415,63) (83,40) (84,37) (113,39) (87,37) (88,29) (89,34) (90,31) (91,30) (92,23) (93,29) (94,22) (95,23) (96,19) (97,22) (98,26) (99,23) (100,16) (101,12) (102,12) (103,9) (104,14) (105,19) (106,15) (107,23) (108,27) (109,36) (110,30) (111,36) (112,37) 
(999,-31) (990,-9) (972,4) (916,43) (910,47) (904,51) (870,68) (422,69) (421,69) (80,55) (5,8) (0,4) (81,50) (418,65) (417,64) (82,42) (415,63) (83,40) (84,37) (113,39) (87,37) (114,30) (115,30) (116,25) (117,23) (118,27) (119,24) (120,15) (121,18) (122,9) (123,11) (124,19) (125,20) (126,16) (127,17) (128,11) (129,5) (130,-5) (131,-1) (132,-1) (133,1) (134,-1) (135,-5) (136,-9) (137,-5) (138,-3) (139,-4) (140,-6) (141,-3) (142,-5) (143,-7) (144,-6) (145,-9) (146,-11) (147,-9) (148,-15) (149,-5) (150,0) (151,-7) (152,-8) (153,0) (154,-5) (155,-8) (156,-8) (157,-15) (158,-5) (159,-4) (160,-4) (161,1) (162,0) (163,2) (164,4) (165,10) (166,11) (167,2) (168,4) (169,-5) (170,-6) (171,-11) (172,-14) (173,-23) (174,-21) (175,-13) (176,-7) (177,-3) (178,0) (179,4) (180,-2) (181,-4) (182,-6) (183,-14) (184,-7) (185,-6) (186,-3) (187,-4) (188,-9) (189,-11) (190,-19) (191,-20) (192,-11) (193,-16) (194,-22) (195,-20) (196,-21) (197,-25) (198,-23) (199,-26) (200,-21) (201,-24) (202,-25) (203,-23) (204,-23) (205,-30) (206,-24) (207,-23) (208,-31) (209,-23) (210,-19) (211,-24) (212,-28) (213,-28) (214,-29) (215,-36) (216,-38) (217,-38) (218,-36) (219,-30) (220,-24) (221,-24) (222,-13) (223,-11) (224,-7) (225,-4) (226,0) (227,-10) (228,-4) (229,0) (230,7) (231,-8) (232,-1) (233,8) (234,0) (235,-10) (236,-15) (237,-22) (238,-18) (239,-16) (240,-14) (241,-14) (242,-17) (243,-20) (244,-23) (245,-23) (246,-20) (247,-16) (248,-13) (249,-10) (250,-4) (251,-9) (252,-12) (253,-10) (254,-2) (255,-5) (256,-1) (257,0) (258,5) (259,6) (260,-1) (261,-5) (262,-9) (263,-14) (264,-18) (265,-15) (266,-8) (267,-16) (268,-17) (269,-2) (270,-9) (271,-7) (272,-7) (273,-4) (274,-4) (275,10) (276,2) (277,4) (278,5) (279,7) (280,6) (281,9) (282,8) (283,14) (284,24) (285,23) (286,24) (287,31) (288,29) (289,28) (290,29) (291,26) (292,20) (293,18) (294,12) (295,11) (296,13) (297,16) (298,21) (299,25) (300,22) (301,19) (302,11) (303,7) (304,9) (305,8) (306,4) (307,6) (308,8) (309,10) (310,9) (311,1) (312,0) (313,-7) (314,-3) (315,2) (316,10) (317,16) (318,17) (319,5) (320,1) (321,-2) (322,-10) (323,-16) (324,-6) (325,-8) (326,-8) (327,5) (328,13) (329,20) (330,28) (331,34) (332,31) (333,34) (334,32) (335,28) (336,38) (337,35) (338,29) (339,24) (340,21) (341,23) (342,27) (343,26) (344,24) (345,24) (346,27) (347,29) (348,29) (349,21) (350,13) (351,11) (352,3) (353,5) (354,7) (355,-3) (356,-1) (357,-2) (358,5) (359,-1) (360,9) (361,12) (362,16) (363,14) (364,8) (365,4) (366,15) (367,15) (368,22) (369,23) (370,19) (371,19) (372,24) (373,26) (374,25) (375,36) (376,37) (377,34) (378,30) (379,31) (380,29) (381,31) (382,26) (383,27) (384,31) (385,31) (386,40) (387,41) (388,35) (389,33) (390,37) (391,45) (392,49) (393,52) (394,41) (395,41) (396,42) (397,39) (398,38) (399,39) (400,43) (401,54) (402,55) (403,51) (404,47) (405,52) (406,49) (407,47) (408,49) (409,50) (410,48) (411,57) (412,52) (413,58) (414,54) 
TD 8 :
(999,-31) (990,-9) (972,4) (916,43) (910,47) (904,51) (870,68) (422,69) (421,69) (80,55) (5,8) (0,4) (81,50) (418,65) (417,64) (82,42) (415,63) (83,40) (84,37) (113,39) (87,37) (86,36) (85,33) 
(999,-31) (990,-9) (972,4) (916,43) (910,47) (904,51) (870,68) (422,69) (421,69) (80,55) (5,8) (0,4) (81,50) (418,65) (417,64) (82,42) (415,63) (83,40) (84,37) (113,39) (87,37) (86,36) 
TD 9 :
(999,-31) (990,-9) (972,4) (916,43) (910,47) (904,51) (870,68) (422,69) (421,69) (80,55) (5,8) (0,4) (81,50) (418,65) (417,64) (82,42) (415,63) (83,40) (84,37) (113,39) (87,37) (86,36) (85,33) 
(999,-31) (990,-9) (972,4) (916,43) (910,47) (904,51) (870,68) (422,69) (421,69) (80,55) (5,8) (0,4) (81,50) (418,65) (417,64) (82,42) (415,63) (83,40) (84,37) (113,39) (87,37) (86,36) (85,33) 
TD 10 :
TD 11 :
TD 12 :
TD 13 :
TD 14 :
TD 15 :
TD 16 :
TD 17 :
TD 18 :
TD 19 :
TD 20 :
TD 21 :
TD 22 :
TD 23 :
TD 24 :
TD 25 :
TD 26 :
TD 27 :
TD 28 :
TD 29 :
TD 30 :
TD 31 :
TD 32 :
TD 33 :
TD 34 :
TD 35 :
TD 36 :
TD 37 :
TD 38 :
TD 39 :
TD 40 :
TD 41 :
TD 42 :
TD 43 :
TD 44 :
TD 45 :
TD 46 :
TD 47 :
TD 48 :
TD 49 :
TD 50 :
TD 51 :
TD 52 :
TD 53 :
TD 54 :
TD 55 :
TD 56 :
TD 57 :
TD 58 :
TD 59 :
TD 60 :
TD 61 :
TD 62 :
TD 63 :
TD 64 :
TD 65 :
TD 66 :
TD 67 :
TD 68 :
TD 69 :
TD 70 :
TD 71 :
TD 72 :
TD 73 :
TD 74 :
TD 75 :
TD 76 :
TD 77 :
TD 78 :
TD 79 :
Pocket 0 :
()
Pocket 1 :
({  (0,4) ,(1,2) } {  (4,3) ,(5,8) } {  (0,4) ,(1,2) } {  (4,3) ,(5,8) } {  (0,4) ,(1,2) } {  (4,3) ,(5,8) } {  (0,4) ,(1,2) } {  (4,3) ,(5,8) } {  (0,4) ,(1,2) } {  (4,3) ,(5,8) } {  (0,4) ,(1,2) } {  (4,3) ,(5,8) } {  (0,4) ,(1,2) } {  (4,3) ,(5,8) } {  (0,4) ,(1,2) } {  (4,3) ,(5,8) } {  (0,4) ,(1,2) } {  (4,3) ,(5,8) } {  (0,4) ,(1,2) } {  (4,3) ,(5,8) } {  (0,4) ,(1,2) } {  (4,3) ,(5,8) } )
Pocket 2 :
({  (1,2) ,(0,4) } {  (7,7) ,(6,8) } {  (7,7) ,(6,8) } {  (82,42) ,(81,50) } {  (82,42) ,(81,50) } {  (424,60) ,(423,66) } {  (424,60) ,(423,66) } {  (424,60) ,(423,66) } {  (424,60) ,(423,66) } {  (873,60) ,(872,66) } {  (873,60) ,(872,66) } {  (873,60) ,(872,66) } {  (907,44) ,(906,49) } {  (907,44) ,(906,49) } {  (907,44) ,(906,49) } {  (999,-31) ,(915,43) } {  (999,-31) ,(915,43) } {  (968,1) ,(967,5) } {  (968,1) ,(967,5) } {  (968,1) ,(967,5) } {  (992,-23) ,(991,-20) } {  (992,-23) ,(991,-20) } )
Pocket 3 :
({  (2,3) ,(1,2) } {  (8,1) ,(7,7) } {  (8,1) ,(7,7) } {  (8,1) ,(7,7) } {  (419,62) ,(418,65) } {  (419,62) ,(418,65) } {  (999,-31) ,(579,65) } {  (999,-31) ,(579,65) } {  (999,-31) ,(871,65) } {  (999,-31) ,(871,65) } {  (902,48) ,(901,50) } {  (902,48) ,(901,50) } {  (902,48) ,(901,50) } {  (999,-31) ,(908,46) } {  (999,-31) ,(908,46) } {  (993,-33) ,(992,-23) } {  (993,-33) ,(992,-23) } )
Pocket 4 :
({  (3,2) ,(2,3) } {  (999,-31) ,(4,3) } {  (3,2) ,(2,3) } {  (999,-31) ,(4,3) } {  (83,40) ,(82,42) } {  (83,40) ,(82,42) } {  (83,40) ,(82,42) } {  (574,63) ,(573,64) } {  (574,63) ,(573,64) } {  (999,-31) ,(902,48) } {  (999,-31) ,(902,48) } {  (996,-39) ,(995,-34) } {  (996,-39) ,(995,-34) } )
Pocket 5 :
({  (84,37) ,(83,40) } {  (84,37) ,(83,40) } {  (84,37) ,(83,40) } {  (575,62) ,(574,63) } {  (575,62) ,(574,63) } {  (994,-38) ,(993,-33) } {  (994,-38) ,(993,-33) } )
Pocket 6 :
({  (85,33) ,(84,37) } {  (85,33) ,(84,37) } {  (576,60) ,(575,62) } {  (576,60) ,(575,62) } )
Pocket 7 :
({  (88,29) ,(87,37) } {  (88,29) ,(87,37) } {  (88,29) ,(87,37) } )
Pocket 8 :
({  (999,-31) ,(86,36) } {  (999,-31) ,(86,36) } )
Pocket 9 :
({  (999,-31) ,(85,33) } {  (999,-31) ,(85,33) } )
Pocket 10 :
()
Pocket 11 :
()
Pocket 12 :
()
Pocket 13 :
()
Pocket 14 :
()
Pocket 15 :
()
Pocket 16 :
()
Pocket 17 :
()
Pocket 18 :
()
Pocket 19 :
()
Pocket 20 :
()
Pocket 21 :
()
Pocket 22 :
()
Pocket 23 :
()
Pocket 24 :
()
Pocket 25 :
()
Pocket 26 :
()
Pocket 27 :
()
Pocket 28 :
()
Pocket 29 :
()
Pocket 30 :
()
Pocket 31 :
()
Pocket 32 :
()
Pocket 33 :
()
Pocket 34 :
()
Pocket 35 :
()
Pocket 36 :
()
Pocket 37 :
()
Pocket 38 :
()
Pocket 39 :
()
Pocket 40 :
()
Pocket 41 :
()
Pocket 42 :
()
Pocket 43 :
()
Pocket 44 :
()
Pocket 45 :
()
Pocket 46 :
()
Pocket 47 :
()
Pocket 48 :
()
Pocket 49 :
()
Pocket 50 :
()
Pocket 51 :
()
Pocket 52 :
()
Pocket 53 :
()
Pocket 54 :
()
Pocket 55 :
()
Pocket 56 :
()
Pocket 57 :
()
Pocket 58 :
()
Pocket 59 :
()
Pocket 60 :
()
Pocket 61 :
()
Pocket 62 :
()
Pocket 63 :
()
Pocket 64 :
()
Pocket 65 :
()
Pocket 66 :
()
Pocket 67 :
()
Pocket 68 :
()
Pocket 69 :
()
Pocket 70 :
()
Pocket 71 :
()
Pocket 72 :
()
Pocket 73 :
()
Pocket 74 :
()
Pocket 75 :
()
Pocket 76 :
()
Pocket 77 :
()
Pocket 78 :
()
