16 layers in onion peeling: 
Layer 1
(99,-15) (96,-12) (81,-9) (73,-8) (1,0) (0,0) 
Layer 2
(98,-15) (97,-14) (82,-10) (71,-8) (7,-2) (2,-2) 
Layer 3
(95,-15) (80,-10) (69,-8) (10,-3) (6,-3) (3,-5) 
Layer 4
(94,-15) (85,-12) (74,-9) (11,-4) (8,-4) (5,-4) (4,-5) 
Layer 5
(93,-16) (86,-13) (79,-11) (72,-9) (13,-5) (12,-5) (9,-6) 
Layer 6
(92,-16) (87,-14) (84,-13) (76,-11) (68,-9) (15,-7) (14,-8) 
Layer 7
(91,-16) (89,-15) (83,-13) (75,-11) (67,-9) (22,-8) (18,-8) (16,-8) 
Layer 8
(90,-16) (77,-12) (66,-9) (29,-9) (21,-9) (17,-9) 
Layer 9
(88,-16) (78,-13) (70,-11) (65,-10) (35,-10) (32,-10) (30,-10) (28,-10) (23,-10) (20,-11) (19,-12) 
Layer 10
(64,-11) (63,-11) (60,-11) (34,-11) (24,-12) 
Layer 11
(62,-15) (61,-13) (53,-12) (38,-12) (31,-12) (27,-12) (26,-12) (25,-12) 
Layer 12
(59,-13) (56,-13) (54,-13) (52,-13) (51,-13) (42,-13) (36,-13) (33,-13) 
Layer 13
(58,-14) (55,-14) (39,-14) (37,-14) 
Layer 14
(57,-15) (50,-15) (43,-15) (41,-15) (40,-15) 
Layer 15
(49,-17) (44,-17) 
Layer 16
(48,-18) (47,-18) (46,-18) (45,-18) 
---------------------------------------------------------------------------------------
TD 0 :
(99,-15) (98,-15) (97,-14) (96,-12) (95,-15) (94,-15) (93,-16) (92,-16) (91,-16) (90,-16) (89,-15) (88,-16) (87,-14) (86,-13) (85,-12) (84,-13) (83,-13) (82,-10) (81,-9) (80,-10) (79,-11) (78,-13) (77,-12) (76,-11) (75,-11) (74,-9) (73,-8) (72,-9) (71,-8) (70,-11) (69,-8) (68,-9) (67,-9) (66,-9) (65,-10) (64,-11) (63,-11) (62,-15) (61,-13) (60,-11) (59,-13) (58,-14) (57,-15) (56,-13) (55,-14) (54,-13) (53,-12) (52,-13) (51,-13) (50,-15) (49,-17) (48,-18) (47,-18) (46,-18) (45,-18) (44,-17) (43,-15) (42,-13) (41,-15) (40,-15) (39,-14) (38,-12) (37,-14) (36,-13) (35,-10) (34,-11) (33,-13) (32,-10) (31,-12) (30,-10) (29,-9) (28,-10) (27,-12) (26,-12) (25,-12) (24,-12) (23,-10) (22,-8) (21,-9) (20,-11) (19,-12) (18,-8) (17,-9) (16,-8) (15,-7) (14,-8) (13,-5) (12,-5) (11,-4) (10,-3) (9,-6) (8,-4) (7,-2) (6,-3) (5,-4) (4,-5) (3,-5) (2,-2) (1,0) (0,0) 
TD 1 :
(99,-15) (96,-12) (81,-9) (73,-8) (1,0) (0,0) 
(99,-15) (96,-12) (81,-9) (73,-8) (1,0) (0,0) (2,-2) (3,-5) (4,-5) (5,-4) (6,-3) (7,-2) (8,-4) (9,-6) (10,-3) (11,-4) (12,-5) (13,-5) (14,-8) (15,-7) (16,-8) (17,-9) (18,-8) (19,-12) (20,-11) (21,-9) (22,-8) (23,-10) (24,-12) (25,-12) (26,-12) (27,-12) (28,-10) (29,-9) (30,-10) (31,-12) (32,-10) (33,-13) (34,-11) (35,-10) (36,-13) (37,-14) (38,-12) (39,-14) (40,-15) (41,-15) (42,-13) (43,-15) (44,-17) (45,-18) (46,-18) (47,-18) (48,-18) (49,-17) (50,-15) (51,-13) (52,-13) (53,-12) (54,-13) (55,-14) (56,-13) (57,-15) (58,-14) (59,-13) (60,-11) (61,-13) (62,-15) (63,-11) (64,-11) (65,-10) (66,-9) (67,-9) (68,-9) (69,-8) (70,-11) (71,-8) (72,-9) 
(99,-15) (96,-12) (81,-9) (73,-8) (1,0) (0,0) (74,-9) (75,-11) (76,-11) (77,-12) (78,-13) (79,-11) (80,-10) 
(99,-15) (96,-12) (81,-9) (73,-8) (1,0) (0,0) (82,-10) (83,-13) (84,-13) (85,-12) (86,-13) (87,-14) (88,-16) (89,-15) (90,-16) (91,-16) (92,-16) (93,-16) (94,-15) (95,-15) 
(99,-15) (96,-12) (81,-9) (73,-8) (1,0) (0,0) (97,-14) (98,-15) 
TD 2 :
(99,-15) (96,-12) (81,-9) (73,-8) (1,0) (0,0) (71,-8) (7,-2) (2,-2) (3,-5) (4,-5) (5,-4) (6,-3) 
(99,-15) (96,-12) (81,-9) (73,-8) (1,0) (0,0) (71,-8) (7,-2) (2,-2) (8,-4) (9,-6) (10,-3) (11,-4) (12,-5) (13,-5) (14,-8) (15,-7) (16,-8) (17,-9) (18,-8) (19,-12) (20,-11) (21,-9) (22,-8) (23,-10) (24,-12) (25,-12) (26,-12) (27,-12) (28,-10) (29,-9) (30,-10) (31,-12) (32,-10) (33,-13) (34,-11) (35,-10) (36,-13) (37,-14) (38,-12) (39,-14) (40,-15) (41,-15) (42,-13) (43,-15) (44,-17) (45,-18) (46,-18) (47,-18) (48,-18) (49,-17) (50,-15) (51,-13) (52,-13) (53,-12) (54,-13) (55,-14) (56,-13) (57,-15) (58,-14) (59,-13) (60,-11) (61,-13) (62,-15) (63,-11) (64,-11) (65,-10) (66,-9) (67,-9) (68,-9) (69,-8) (70,-11) 
(99,-15) (96,-12) (81,-9) (73,-8) (1,0) (0,0) (71,-8) (7,-2) (2,-2) (72,-9) 
(99,-15) (96,-12) (81,-9) (73,-8) (1,0) (0,0) (82,-10) 
(99,-15) (96,-12) (81,-9) (73,-8) (1,0) (0,0) (82,-10) (83,-13) (84,-13) (85,-12) (86,-13) (87,-14) (88,-16) (89,-15) (90,-16) (91,-16) (92,-16) (93,-16) (94,-15) (95,-15) 
(99,-15) (96,-12) (81,-9) (73,-8) (1,0) (0,0) (98,-15) (97,-14) 
(99,-15) (96,-12) (81,-9) (73,-8) (1,0) (0,0) (98,-15) (97,-14) 
TD 3 :
(99,-15) (96,-12) (81,-9) (73,-8) (1,0) (0,0) (71,-8) (7,-2) (2,-2) (6,-3) (3,-5) (4,-5) (5,-4) 
(99,-15) (96,-12) (81,-9) (73,-8) (1,0) (0,0) (71,-8) (7,-2) (2,-2) (6,-3) (3,-5) 
(99,-15) (96,-12) (81,-9) (73,-8) (1,0) (0,0) (71,-8) (7,-2) (2,-2) (69,-8) (10,-3) (8,-4) (9,-6) 
(99,-15) (96,-12) (81,-9) (73,-8) (1,0) (0,0) (71,-8) (7,-2) (2,-2) (69,-8) (10,-3) (11,-4) (12,-5) (13,-5) (14,-8) (15,-7) (16,-8) (17,-9) (18,-8) (19,-12) (20,-11) (21,-9) (22,-8) (23,-10) (24,-12) (25,-12) (26,-12) (27,-12) (28,-10) (29,-9) (30,-10) (31,-12) (32,-10) (33,-13) (34,-11) (35,-10) (36,-13) (37,-14) (38,-12) (39,-14) (40,-15) (41,-15) (42,-13) (43,-15) (44,-17) (45,-18) (46,-18) (47,-18) (48,-18) (49,-17) (50,-15) (51,-13) (52,-13) (53,-12) (54,-13) (55,-14) (56,-13) (57,-15) (58,-14) (59,-13) (60,-11) (61,-13) (62,-15) (63,-11) (64,-11) (65,-10) (66,-9) (67,-9) (68,-9) 
(99,-15) (96,-12) (81,-9) (73,-8) (1,0) (0,0) (71,-8) (7,-2) (2,-2) (69,-8) (10,-3) (70,-11) 
(99,-15) (96,-12) (81,-9) (73,-8) (1,0) (0,0) (82,-10) (95,-15) (83,-13) (84,-13) (85,-12) (86,-13) (87,-14) (88,-16) (89,-15) (90,-16) (91,-16) (92,-16) (93,-16) (94,-15) 
TD 4 :
(99,-15) (96,-12) (81,-9) (73,-8) (1,0) (0,0) (71,-8) (7,-2) (2,-2) (6,-3) (3,-5) (5,-4) (4,-5) 
(99,-15) (96,-12) (81,-9) (73,-8) (1,0) (0,0) (71,-8) (7,-2) (2,-2) (6,-3) (3,-5) (5,-4) (4,-5) 
(99,-15) (96,-12) (81,-9) (73,-8) (1,0) (0,0) (71,-8) (7,-2) (2,-2) (69,-8) (10,-3) (8,-4) 
(99,-15) (96,-12) (81,-9) (73,-8) (1,0) (0,0) (71,-8) (7,-2) (2,-2) (69,-8) (10,-3) (8,-4) (9,-6) 
(99,-15) (96,-12) (81,-9) (73,-8) (1,0) (0,0) (71,-8) (7,-2) (2,-2) (69,-8) (10,-3) (11,-4) 
(99,-15) (96,-12) (81,-9) (73,-8) (1,0) (0,0) (71,-8) (7,-2) (2,-2) (69,-8) (10,-3) (11,-4) (12,-5) (13,-5) (14,-8) (15,-7) (16,-8) (17,-9) (18,-8) (19,-12) (20,-11) (21,-9) (22,-8) (23,-10) (24,-12) (25,-12) (26,-12) (27,-12) (28,-10) (29,-9) (30,-10) (31,-12) (32,-10) (33,-13) (34,-11) (35,-10) (36,-13) (37,-14) (38,-12) (39,-14) (40,-15) (41,-15) (42,-13) (43,-15) (44,-17) (45,-18) (46,-18) (47,-18) (48,-18) (49,-17) (50,-15) (51,-13) (52,-13) (53,-12) (54,-13) (55,-14) (56,-13) (57,-15) (58,-14) (59,-13) (60,-11) (61,-13) (62,-15) (63,-11) (64,-11) (65,-10) (66,-9) (67,-9) (68,-9) 
(99,-15) (96,-12) (81,-9) (73,-8) (1,0) (0,0) (82,-10) (95,-15) (94,-15) (85,-12) (83,-13) (84,-13) 
(99,-15) (96,-12) (81,-9) (73,-8) (1,0) (0,0) (82,-10) (95,-15) (94,-15) (85,-12) (86,-13) (87,-14) (88,-16) (89,-15) (90,-16) (91,-16) (92,-16) (93,-16) 
TD 5 :
(99,-15) (96,-12) (81,-9) (73,-8) (1,0) (0,0) (71,-8) (7,-2) (2,-2) (69,-8) (10,-3) (8,-4) (9,-6) 
(99,-15) (96,-12) (81,-9) (73,-8) (1,0) (0,0) (71,-8) (7,-2) (2,-2) (69,-8) (10,-3) (11,-4) (13,-5) (12,-5) 
(99,-15) (96,-12) (81,-9) (73,-8) (1,0) (0,0) (71,-8) (7,-2) (2,-2) (69,-8) (10,-3) (11,-4) (13,-5) (12,-5) 
(99,-15) (96,-12) (81,-9) (73,-8) (1,0) (0,0) (71,-8) (7,-2) (2,-2) (69,-8) (10,-3) (11,-4) (13,-5) (12,-5) (14,-8) (15,-7) (16,-8) (17,-9) (18,-8) (19,-12) (20,-11) (21,-9) (22,-8) (23,-10) (24,-12) (25,-12) (26,-12) (27,-12) (28,-10) (29,-9) (30,-10) (31,-12) (32,-10) (33,-13) (34,-11) (35,-10) (36,-13) (37,-14) (38,-12) (39,-14) (40,-15) (41,-15) (42,-13) (43,-15) (44,-17) (45,-18) (46,-18) (47,-18) (48,-18) (49,-17) (50,-15) (51,-13) (52,-13) (53,-12) (54,-13) (55,-14) (56,-13) (57,-15) (58,-14) (59,-13) (60,-11) (61,-13) (62,-15) (63,-11) (64,-11) (65,-10) (66,-9) (67,-9) (68,-9) 
(99,-15) (96,-12) (81,-9) (73,-8) (1,0) (0,0) (82,-10) (95,-15) (94,-15) (85,-12) (93,-16) (86,-13) 
(99,-15) (96,-12) (81,-9) (73,-8) (1,0) (0,0) (82,-10) (95,-15) (94,-15) (85,-12) (93,-16) (86,-13) (87,-14) (88,-16) (89,-15) (90,-16) (91,-16) (92,-16) 
TD 6 :
(99,-15) (96,-12) (81,-9) (73,-8) (1,0) (0,0) (71,-8) (7,-2) (2,-2) (69,-8) (10,-3) (11,-4) (13,-5) (12,-5) (68,-9) (15,-7) (14,-8) 
(99,-15) (96,-12) (81,-9) (73,-8) (1,0) (0,0) (71,-8) (7,-2) (2,-2) (69,-8) (10,-3) (11,-4) (13,-5) (12,-5) (68,-9) (15,-7) (14,-8) (16,-8) (17,-9) (18,-8) (19,-12) (20,-11) (21,-9) (22,-8) (23,-10) (24,-12) (25,-12) (26,-12) (27,-12) (28,-10) (29,-9) (30,-10) (31,-12) (32,-10) (33,-13) (34,-11) (35,-10) (36,-13) (37,-14) (38,-12) (39,-14) (40,-15) (41,-15) (42,-13) (43,-15) (44,-17) (45,-18) (46,-18) (47,-18) (48,-18) (49,-17) (50,-15) (51,-13) (52,-13) (53,-12) (54,-13) (55,-14) (56,-13) (57,-15) (58,-14) (59,-13) (60,-11) (61,-13) (62,-15) (63,-11) (64,-11) (65,-10) (66,-9) (67,-9) 
(99,-15) (96,-12) (81,-9) (73,-8) (1,0) (0,0) (71,-8) (7,-2) (2,-2) (69,-8) (10,-3) (11,-4) (13,-5) (12,-5) (68,-9) (15,-7) (14,-8) 
(99,-15) (96,-12) (81,-9) (73,-8) (1,0) (0,0) (82,-10) (95,-15) (94,-15) (85,-12) (93,-16) (86,-13) (92,-16) (87,-14) 
(99,-15) (96,-12) (81,-9) (73,-8) (1,0) (0,0) (82,-10) (95,-15) (94,-15) (85,-12) (93,-16) (86,-13) (92,-16) (87,-14) (88,-16) (89,-15) (90,-16) (91,-16) 
TD 7 :
(99,-15) (96,-12) (81,-9) (73,-8) (1,0) (0,0) (71,-8) (7,-2) (2,-2) (69,-8) (10,-3) (11,-4) (13,-5) (12,-5) (68,-9) (15,-7) (14,-8) (67,-9) (22,-8) (18,-8) (16,-8) (17,-9) 
(99,-15) (96,-12) (81,-9) (73,-8) (1,0) (0,0) (71,-8) (7,-2) (2,-2) (69,-8) (10,-3) (11,-4) (13,-5) (12,-5) (68,-9) (15,-7) (14,-8) (67,-9) (22,-8) (18,-8) (16,-8) (19,-12) (20,-11) (21,-9) 
(99,-15) (96,-12) (81,-9) (73,-8) (1,0) (0,0) (71,-8) (7,-2) (2,-2) (69,-8) (10,-3) (11,-4) (13,-5) (12,-5) (68,-9) (15,-7) (14,-8) (67,-9) (22,-8) (18,-8) (16,-8) (23,-10) (24,-12) (25,-12) (26,-12) (27,-12) (28,-10) (29,-9) (30,-10) (31,-12) (32,-10) (33,-13) (34,-11) (35,-10) (36,-13) (37,-14) (38,-12) (39,-14) (40,-15) (41,-15) (42,-13) (43,-15) (44,-17) (45,-18) (46,-18) (47,-18) (48,-18) (49,-17) (50,-15) (51,-13) (52,-13) (53,-12) (54,-13) (55,-14) (56,-13) (57,-15) (58,-14) (59,-13) (60,-11) (61,-13) (62,-15) (63,-11) (64,-11) (65,-10) (66,-9) 
(99,-15) (96,-12) (81,-9) (73,-8) (1,0) (0,0) (71,-8) (7,-2) (2,-2) (69,-8) (10,-3) (11,-4) (13,-5) (12,-5) (68,-9) (15,-7) (14,-8) (67,-9) (22,-8) (18,-8) (16,-8) 
(99,-15) (96,-12) (81,-9) (73,-8) (1,0) (0,0) (82,-10) (95,-15) (94,-15) (85,-12) (93,-16) (86,-13) (92,-16) (87,-14) (91,-16) (89,-15) (88,-16) 
(99,-15) (96,-12) (81,-9) (73,-8) (1,0) (0,0) (82,-10) (95,-15) (94,-15) (85,-12) (93,-16) (86,-13) (92,-16) (87,-14) (91,-16) (89,-15) (90,-16) 
TD 8 :
(99,-15) (96,-12) (81,-9) (73,-8) (1,0) (0,0) (71,-8) (7,-2) (2,-2) (69,-8) (10,-3) (11,-4) (13,-5) (12,-5) (68,-9) (15,-7) (14,-8) (67,-9) (22,-8) (18,-8) (16,-8) (17,-9) 
(99,-15) (96,-12) (81,-9) (73,-8) (1,0) (0,0) (71,-8) (7,-2) (2,-2) (69,-8) (10,-3) (11,-4) (13,-5) (12,-5) (68,-9) (15,-7) (14,-8) (67,-9) (22,-8) (18,-8) (16,-8) (21,-9) (19,-12) (20,-11) 
(99,-15) (96,-12) (81,-9) (73,-8) (1,0) (0,0) (71,-8) (7,-2) (2,-2) (69,-8) (10,-3) (11,-4) (13,-5) (12,-5) (68,-9) (15,-7) (14,-8) (67,-9) (22,-8) (18,-8) (16,-8) (21,-9) 
(99,-15) (96,-12) (81,-9) (73,-8) (1,0) (0,0) (71,-8) (7,-2) (2,-2) (69,-8) (10,-3) (11,-4) (13,-5) (12,-5) (68,-9) (15,-7) (14,-8) (67,-9) (22,-8) (18,-8) (16,-8) (66,-9) (29,-9) (23,-10) (24,-12) (25,-12) (26,-12) (27,-12) (28,-10) 
(99,-15) (96,-12) (81,-9) (73,-8) (1,0) (0,0) (71,-8) (7,-2) (2,-2) (69,-8) (10,-3) (11,-4) (13,-5) (12,-5) (68,-9) (15,-7) (14,-8) (67,-9) (22,-8) (18,-8) (16,-8) (66,-9) (29,-9) (30,-10) (31,-12) (32,-10) (33,-13) (34,-11) (35,-10) (36,-13) (37,-14) (38,-12) (39,-14) (40,-15) (41,-15) (42,-13) (43,-15) (44,-17) (45,-18) (46,-18) (47,-18) (48,-18) (49,-17) (50,-15) (51,-13) (52,-13) (53,-12) (54,-13) (55,-14) (56,-13) (57,-15) (58,-14) (59,-13) (60,-11) (61,-13) (62,-15) (63,-11) (64,-11) (65,-10) 
(99,-15) (96,-12) (81,-9) (73,-8) (1,0) (0,0) (71,-8) (7,-2) (2,-2) (69,-8) (10,-3) (11,-4) (13,-5) (12,-5) (68,-9) (15,-7) (14,-8) (67,-9) (22,-8) (18,-8) (16,-8) (66,-9) (29,-9) 
(99,-15) (96,-12) (81,-9) (73,-8) (1,0) (0,0) (82,-10) (95,-15) (94,-15) (85,-12) (93,-16) (86,-13) (92,-16) (87,-14) (91,-16) (89,-15) (90,-16) 
TD 9 :
(99,-15) (96,-12) (81,-9) (73,-8) (1,0) (0,0) (71,-8) (7,-2) (2,-2) (69,-8) (10,-3) (11,-4) (13,-5) (12,-5) (68,-9) (15,-7) (14,-8) (67,-9) (22,-8) (18,-8) (16,-8) (21,-9) (20,-11) (19,-12) 
(99,-15) (96,-12) (81,-9) (73,-8) (1,0) (0,0) (71,-8) (7,-2) (2,-2) (69,-8) (10,-3) (11,-4) (13,-5) (12,-5) (68,-9) (15,-7) (14,-8) (67,-9) (22,-8) (18,-8) (16,-8) (21,-9) (20,-11) (19,-12) 
(99,-15) (96,-12) (81,-9) (73,-8) (1,0) (0,0) (71,-8) (7,-2) (2,-2) (69,-8) (10,-3) (11,-4) (13,-5) (12,-5) (68,-9) (15,-7) (14,-8) (67,-9) (22,-8) (18,-8) (16,-8) (66,-9) (29,-9) (28,-10) (23,-10) 
(99,-15) (96,-12) (81,-9) (73,-8) (1,0) (0,0) (71,-8) (7,-2) (2,-2) (69,-8) (10,-3) (11,-4) (13,-5) (12,-5) (68,-9) (15,-7) (14,-8) (67,-9) (22,-8) (18,-8) (16,-8) (66,-9) (29,-9) (28,-10) (23,-10) (24,-12) (25,-12) (26,-12) (27,-12) 
(99,-15) (96,-12) (81,-9) (73,-8) (1,0) (0,0) (71,-8) (7,-2) (2,-2) (69,-8) (10,-3) (11,-4) (13,-5) (12,-5) (68,-9) (15,-7) (14,-8) (67,-9) (22,-8) (18,-8) (16,-8) (66,-9) (29,-9) (28,-10) (23,-10) 
(99,-15) (96,-12) (81,-9) (73,-8) (1,0) (0,0) (71,-8) (7,-2) (2,-2) (69,-8) (10,-3) (11,-4) (13,-5) (12,-5) (68,-9) (15,-7) (14,-8) (67,-9) (22,-8) (18,-8) (16,-8) (66,-9) (29,-9) (65,-10) (35,-10) (32,-10) (30,-10) 
(99,-15) (96,-12) (81,-9) (73,-8) (1,0) (0,0) (71,-8) (7,-2) (2,-2) (69,-8) (10,-3) (11,-4) (13,-5) (12,-5) (68,-9) (15,-7) (14,-8) (67,-9) (22,-8) (18,-8) (16,-8) (66,-9) (29,-9) (65,-10) (35,-10) (32,-10) (30,-10) (31,-12) 
(99,-15) (96,-12) (81,-9) (73,-8) (1,0) (0,0) (71,-8) (7,-2) (2,-2) (69,-8) (10,-3) (11,-4) (13,-5) (12,-5) (68,-9) (15,-7) (14,-8) (67,-9) (22,-8) (18,-8) (16,-8) (66,-9) (29,-9) (65,-10) (35,-10) (32,-10) (30,-10) (33,-13) (34,-11) 
(99,-15) (96,-12) (81,-9) (73,-8) (1,0) (0,0) (71,-8) (7,-2) (2,-2) (69,-8) (10,-3) (11,-4) (13,-5) (12,-5) (68,-9) (15,-7) (14,-8) (67,-9) (22,-8) (18,-8) (16,-8) (66,-9) (29,-9) (65,-10) (35,-10) (32,-10) (30,-10) (36,-13) (37,-14) (38,-12) (39,-14) (40,-15) (41,-15) (42,-13) (43,-15) (44,-17) (45,-18) (46,-18) (47,-18) (48,-18) (49,-17) (50,-15) (51,-13) (52,-13) (53,-12) (54,-13) (55,-14) (56,-13) (57,-15) (58,-14) (59,-13) (60,-11) (61,-13) (62,-15) (63,-11) (64,-11) 
(99,-15) (96,-12) (81,-9) (73,-8) (1,0) (0,0) (71,-8) (7,-2) (2,-2) (69,-8) (10,-3) (11,-4) (13,-5) (12,-5) (68,-9) (15,-7) (14,-8) (67,-9) (22,-8) (18,-8) (16,-8) (66,-9) (29,-9) (65,-10) (35,-10) (32,-10) (30,-10) 
TD 10 :
(99,-15) (96,-12) (81,-9) (73,-8) (1,0) (0,0) (71,-8) (7,-2) (2,-2) (69,-8) (10,-3) (11,-4) (13,-5) (12,-5) (68,-9) (15,-7) (14,-8) (67,-9) (22,-8) (18,-8) (16,-8) (66,-9) (29,-9) (28,-10) (23,-10) (24,-12) (25,-12) (26,-12) (27,-12) 
(99,-15) (96,-12) (81,-9) (73,-8) (1,0) (0,0) (71,-8) (7,-2) (2,-2) (69,-8) (10,-3) (11,-4) (13,-5) (12,-5) (68,-9) (15,-7) (14,-8) (67,-9) (22,-8) (18,-8) (16,-8) (66,-9) (29,-9) (65,-10) (35,-10) (32,-10) (30,-10) (34,-11) (33,-13) 
(99,-15) (96,-12) (81,-9) (73,-8) (1,0) (0,0) (71,-8) (7,-2) (2,-2) (69,-8) (10,-3) (11,-4) (13,-5) (12,-5) (68,-9) (15,-7) (14,-8) (67,-9) (22,-8) (18,-8) (16,-8) (66,-9) (29,-9) (65,-10) (35,-10) (32,-10) (30,-10) (34,-11) 
(99,-15) (96,-12) (81,-9) (73,-8) (1,0) (0,0) (71,-8) (7,-2) (2,-2) (69,-8) (10,-3) (11,-4) (13,-5) (12,-5) (68,-9) (15,-7) (14,-8) (67,-9) (22,-8) (18,-8) (16,-8) (66,-9) (29,-9) (65,-10) (35,-10) (32,-10) (30,-10) (64,-11) (63,-11) (60,-11) (36,-13) (37,-14) (38,-12) (39,-14) (40,-15) (41,-15) (42,-13) (43,-15) (44,-17) (45,-18) (46,-18) (47,-18) (48,-18) (49,-17) (50,-15) (51,-13) (52,-13) (53,-12) (54,-13) (55,-14) (56,-13) (57,-15) (58,-14) (59,-13) 
(99,-15) (96,-12) (81,-9) (73,-8) (1,0) (0,0) (71,-8) (7,-2) (2,-2) (69,-8) (10,-3) (11,-4) (13,-5) (12,-5) (68,-9) (15,-7) (14,-8) (67,-9) (22,-8) (18,-8) (16,-8) (66,-9) (29,-9) (65,-10) (35,-10) (32,-10) (30,-10) (64,-11) (63,-11) (60,-11) (61,-13) (62,-15) 
(99,-15) (96,-12) (81,-9) (73,-8) (1,0) (0,0) (71,-8) (7,-2) (2,-2) (69,-8) (10,-3) (11,-4) (13,-5) (12,-5) (68,-9) (15,-7) (14,-8) (67,-9) (22,-8) (18,-8) (16,-8) (66,-9) (29,-9) (65,-10) (35,-10) (32,-10) (30,-10) (64,-11) (63,-11) (60,-11) 
TD 11 :
(99,-15) (96,-12) (81,-9) (73,-8) (1,0) (0,0) (71,-8) (7,-2) (2,-2) (69,-8) (10,-3) (11,-4) (13,-5) (12,-5) (68,-9) (15,-7) (14,-8) (67,-9) (22,-8) (18,-8) (16,-8) (66,-9) (29,-9) (28,-10) (23,-10) (24,-12) (27,-12) (26,-12) (25,-12) 
(99,-15) (96,-12) (81,-9) (73,-8) (1,0) (0,0) (71,-8) (7,-2) (2,-2) (69,-8) (10,-3) (11,-4) (13,-5) (12,-5) (68,-9) (15,-7) (14,-8) (67,-9) (22,-8) (18,-8) (16,-8) (66,-9) (29,-9) (28,-10) (23,-10) (24,-12) (27,-12) (26,-12) (25,-12) 
(99,-15) (96,-12) (81,-9) (73,-8) (1,0) (0,0) (71,-8) (7,-2) (2,-2) (69,-8) (10,-3) (11,-4) (13,-5) (12,-5) (68,-9) (15,-7) (14,-8) (67,-9) (22,-8) (18,-8) (16,-8) (66,-9) (29,-9) (28,-10) (23,-10) (24,-12) (27,-12) (26,-12) (25,-12) 
(99,-15) (96,-12) (81,-9) (73,-8) (1,0) (0,0) (71,-8) (7,-2) (2,-2) (69,-8) (10,-3) (11,-4) (13,-5) (12,-5) (68,-9) (15,-7) (14,-8) (67,-9) (22,-8) (18,-8) (16,-8) (66,-9) (29,-9) (65,-10) (35,-10) (32,-10) (30,-10) (64,-11) (63,-11) (60,-11) (53,-12) (38,-12) (36,-13) (37,-14) 
(99,-15) (96,-12) (81,-9) (73,-8) (1,0) (0,0) (71,-8) (7,-2) (2,-2) (69,-8) (10,-3) (11,-4) (13,-5) (12,-5) (68,-9) (15,-7) (14,-8) (67,-9) (22,-8) (18,-8) (16,-8) (66,-9) (29,-9) (65,-10) (35,-10) (32,-10) (30,-10) (64,-11) (63,-11) (60,-11) (53,-12) (38,-12) (39,-14) (40,-15) (41,-15) (42,-13) (43,-15) (44,-17) (45,-18) (46,-18) (47,-18) (48,-18) (49,-17) (50,-15) (51,-13) (52,-13) 
(99,-15) (96,-12) (81,-9) (73,-8) (1,0) (0,0) (71,-8) (7,-2) (2,-2) (69,-8) (10,-3) (11,-4) (13,-5) (12,-5) (68,-9) (15,-7) (14,-8) (67,-9) (22,-8) (18,-8) (16,-8) (66,-9) (29,-9) (65,-10) (35,-10) (32,-10) (30,-10) (64,-11) (63,-11) (60,-11) (53,-12) (38,-12) (54,-13) (55,-14) (56,-13) (57,-15) (58,-14) (59,-13) 
(99,-15) (96,-12) (81,-9) (73,-8) (1,0) (0,0) (71,-8) (7,-2) (2,-2) (69,-8) (10,-3) (11,-4) (13,-5) (12,-5) (68,-9) (15,-7) (14,-8) (67,-9) (22,-8) (18,-8) (16,-8) (66,-9) (29,-9) (65,-10) (35,-10) (32,-10) (30,-10) (64,-11) (63,-11) (60,-11) (62,-15) (61,-13) 
(99,-15) (96,-12) (81,-9) (73,-8) (1,0) (0,0) (71,-8) (7,-2) (2,-2) (69,-8) (10,-3) (11,-4) (13,-5) (12,-5) (68,-9) (15,-7) (14,-8) (67,-9) (22,-8) (18,-8) (16,-8) (66,-9) (29,-9) (65,-10) (35,-10) (32,-10) (30,-10) (64,-11) (63,-11) (60,-11) (62,-15) (61,-13) 
TD 12 :
(99,-15) (96,-12) (81,-9) (73,-8) (1,0) (0,0) (71,-8) (7,-2) (2,-2) (69,-8) (10,-3) (11,-4) (13,-5) (12,-5) (68,-9) (15,-7) (14,-8) (67,-9) (22,-8) (18,-8) (16,-8) (66,-9) (29,-9) (65,-10) (35,-10) (32,-10) (30,-10) (64,-11) (63,-11) (60,-11) (53,-12) (38,-12) (36,-13) 
(99,-15) (96,-12) (81,-9) (73,-8) (1,0) (0,0) (71,-8) (7,-2) (2,-2) (69,-8) (10,-3) (11,-4) (13,-5) (12,-5) (68,-9) (15,-7) (14,-8) (67,-9) (22,-8) (18,-8) (16,-8) (66,-9) (29,-9) (65,-10) (35,-10) (32,-10) (30,-10) (64,-11) (63,-11) (60,-11) (53,-12) (38,-12) (36,-13) (37,-14) 
(99,-15) (96,-12) (81,-9) (73,-8) (1,0) (0,0) (71,-8) (7,-2) (2,-2) (69,-8) (10,-3) (11,-4) (13,-5) (12,-5) (68,-9) (15,-7) (14,-8) (67,-9) (22,-8) (18,-8) (16,-8) (66,-9) (29,-9) (65,-10) (35,-10) (32,-10) (30,-10) (64,-11) (63,-11) (60,-11) (53,-12) (38,-12) (52,-13) (51,-13) (42,-13) (39,-14) (40,-15) (41,-15) 
(99,-15) (96,-12) (81,-9) (73,-8) (1,0) (0,0) (71,-8) (7,-2) (2,-2) (69,-8) (10,-3) (11,-4) (13,-5) (12,-5) (68,-9) (15,-7) (14,-8) (67,-9) (22,-8) (18,-8) (16,-8) (66,-9) (29,-9) (65,-10) (35,-10) (32,-10) (30,-10) (64,-11) (63,-11) (60,-11) (53,-12) (38,-12) (52,-13) (51,-13) (42,-13) (43,-15) (44,-17) (45,-18) (46,-18) (47,-18) (48,-18) (49,-17) (50,-15) 
(99,-15) (96,-12) (81,-9) (73,-8) (1,0) (0,0) (71,-8) (7,-2) (2,-2) (69,-8) (10,-3) (11,-4) (13,-5) (12,-5) (68,-9) (15,-7) (14,-8) (67,-9) (22,-8) (18,-8) (16,-8) (66,-9) (29,-9) (65,-10) (35,-10) (32,-10) (30,-10) (64,-11) (63,-11) (60,-11) (53,-12) (38,-12) (52,-13) (51,-13) (42,-13) 
(99,-15) (96,-12) (81,-9) (73,-8) (1,0) (0,0) (71,-8) (7,-2) (2,-2) (69,-8) (10,-3) (11,-4) (13,-5) (12,-5) (68,-9) (15,-7) (14,-8) (67,-9) (22,-8) (18,-8) (16,-8) (66,-9) (29,-9) (65,-10) (35,-10) (32,-10) (30,-10) (64,-11) (63,-11) (60,-11) (53,-12) (38,-12) (52,-13) (51,-13) (42,-13) 
(99,-15) (96,-12) (81,-9) (73,-8) (1,0) (0,0) (71,-8) (7,-2) (2,-2) (69,-8) (10,-3) (11,-4) (13,-5) (12,-5) (68,-9) (15,-7) (14,-8) (67,-9) (22,-8) (18,-8) (16,-8) (66,-9) (29,-9) (65,-10) (35,-10) (32,-10) (30,-10) (64,-11) (63,-11) (60,-11) (53,-12) (38,-12) (59,-13) (56,-13) (54,-13) 
(99,-15) (96,-12) (81,-9) (73,-8) (1,0) (0,0) (71,-8) (7,-2) (2,-2) (69,-8) (10,-3) (11,-4) (13,-5) (12,-5) (68,-9) (15,-7) (14,-8) (67,-9) (22,-8) (18,-8) (16,-8) (66,-9) (29,-9) (65,-10) (35,-10) (32,-10) (30,-10) (64,-11) (63,-11) (60,-11) (53,-12) (38,-12) (59,-13) (56,-13) (54,-13) (55,-14) 
(99,-15) (96,-12) (81,-9) (73,-8) (1,0) (0,0) (71,-8) (7,-2) (2,-2) (69,-8) (10,-3) (11,-4) (13,-5) (12,-5) (68,-9) (15,-7) (14,-8) (67,-9) (22,-8) (18,-8) (16,-8) (66,-9) (29,-9) (65,-10) (35,-10) (32,-10) (30,-10) (64,-11) (63,-11) (60,-11) (53,-12) (38,-12) (59,-13) (56,-13) (54,-13) (57,-15) (58,-14) 
TD 13 :
(99,-15) (96,-12) (81,-9) (73,-8) (1,0) (0,0) (71,-8) (7,-2) (2,-2) (69,-8) (10,-3) (11,-4) (13,-5) (12,-5) (68,-9) (15,-7) (14,-8) (67,-9) (22,-8) (18,-8) (16,-8) (66,-9) (29,-9) (65,-10) (35,-10) (32,-10) (30,-10) (64,-11) (63,-11) (60,-11) (53,-12) (38,-12) (36,-13) (37,-14) 
(99,-15) (96,-12) (81,-9) (73,-8) (1,0) (0,0) (71,-8) (7,-2) (2,-2) (69,-8) (10,-3) (11,-4) (13,-5) (12,-5) (68,-9) (15,-7) (14,-8) (67,-9) (22,-8) (18,-8) (16,-8) (66,-9) (29,-9) (65,-10) (35,-10) (32,-10) (30,-10) (64,-11) (63,-11) (60,-11) (53,-12) (38,-12) (52,-13) (51,-13) (42,-13) (39,-14) 
(99,-15) (96,-12) (81,-9) (73,-8) (1,0) (0,0) (71,-8) (7,-2) (2,-2) (69,-8) (10,-3) (11,-4) (13,-5) (12,-5) (68,-9) (15,-7) (14,-8) (67,-9) (22,-8) (18,-8) (16,-8) (66,-9) (29,-9) (65,-10) (35,-10) (32,-10) (30,-10) (64,-11) (63,-11) (60,-11) (53,-12) (38,-12) (52,-13) (51,-13) (42,-13) (39,-14) (40,-15) (41,-15) 
(99,-15) (96,-12) (81,-9) (73,-8) (1,0) (0,0) (71,-8) (7,-2) (2,-2) (69,-8) (10,-3) (11,-4) (13,-5) (12,-5) (68,-9) (15,-7) (14,-8) (67,-9) (22,-8) (18,-8) (16,-8) (66,-9) (29,-9) (65,-10) (35,-10) (32,-10) (30,-10) (64,-11) (63,-11) (60,-11) (53,-12) (38,-12) (59,-13) (56,-13) (54,-13) (55,-14) 
(99,-15) (96,-12) (81,-9) (73,-8) (1,0) (0,0) (71,-8) (7,-2) (2,-2) (69,-8) (10,-3) (11,-4) (13,-5) (12,-5) (68,-9) (15,-7) (14,-8) (67,-9) (22,-8) (18,-8) (16,-8) (66,-9) (29,-9) (65,-10) (35,-10) (32,-10) (30,-10) (64,-11) (63,-11) (60,-11) (53,-12) (38,-12) (59,-13) (56,-13) (54,-13) (55,-14) 
(99,-15) (96,-12) (81,-9) (73,-8) (1,0) (0,0) (71,-8) (7,-2) (2,-2) (69,-8) (10,-3) (11,-4) (13,-5) (12,-5) (68,-9) (15,-7) (14,-8) (67,-9) (22,-8) (18,-8) (16,-8) (66,-9) (29,-9) (65,-10) (35,-10) (32,-10) (30,-10) (64,-11) (63,-11) (60,-11) (53,-12) (38,-12) (59,-13) (56,-13) (54,-13) (58,-14) (57,-15) 
TD 14 :
(99,-15) (96,-12) (81,-9) (73,-8) (1,0) (0,0) (71,-8) (7,-2) (2,-2) (69,-8) (10,-3) (11,-4) (13,-5) (12,-5) (68,-9) (15,-7) (14,-8) (67,-9) (22,-8) (18,-8) (16,-8) (66,-9) (29,-9) (65,-10) (35,-10) (32,-10) (30,-10) (64,-11) (63,-11) (60,-11) (53,-12) (38,-12) (52,-13) (51,-13) (42,-13) (39,-14) (41,-15) (40,-15) 
(99,-15) (96,-12) (81,-9) (73,-8) (1,0) (0,0) (71,-8) (7,-2) (2,-2) (69,-8) (10,-3) (11,-4) (13,-5) (12,-5) (68,-9) (15,-7) (14,-8) (67,-9) (22,-8) (18,-8) (16,-8) (66,-9) (29,-9) (65,-10) (35,-10) (32,-10) (30,-10) (64,-11) (63,-11) (60,-11) (53,-12) (38,-12) (52,-13) (51,-13) (42,-13) (39,-14) (41,-15) (40,-15) 
(99,-15) (96,-12) (81,-9) (73,-8) (1,0) (0,0) (71,-8) (7,-2) (2,-2) (69,-8) (10,-3) (11,-4) (13,-5) (12,-5) (68,-9) (15,-7) (14,-8) (67,-9) (22,-8) (18,-8) (16,-8) (66,-9) (29,-9) (65,-10) (35,-10) (32,-10) (30,-10) (64,-11) (63,-11) (60,-11) (53,-12) (38,-12) (59,-13) (56,-13) (54,-13) (58,-14) (57,-15) 
TD 15 :
TD 16 :
Pocket 0 :
()
Pocket 1 :
({  (0,0) ,(1,0) } {  (0,0) ,(1,0) } {  (0,0) ,(1,0) } {  (0,0) ,(1,0) } {  (0,0) ,(1,0) } {  (0,0) ,(1,0) } {  (0,0) ,(1,0) } {  (0,0) ,(1,0) } {  (0,0) ,(1,0) } {  (0,0) ,(1,0) } )
Pocket 2 :
({  (2,-2) ,(0,0) } {  (8,-4) ,(7,-2) } {  (2,-2) ,(0,0) } {  (8,-4) ,(7,-2) } {  (2,-2) ,(0,0) } {  (8,-4) ,(7,-2) } {  (83,-13) ,(82,-10) } {  (83,-13) ,(82,-10) } {  (98,-15) ,(97,-14) } {  (98,-15) ,(97,-14) } )
Pocket 3 :
({  (3,-5) ,(2,-2) } {  (99,-15) ,(6,-3) } {  (3,-5) ,(2,-2) } {  (99,-15) ,(6,-3) } {  (11,-4) ,(10,-3) } {  (11,-4) ,(10,-3) } {  (11,-4) ,(10,-3) } {  (99,-15) ,(95,-15) } )
Pocket 4 :
({  (4,-5) ,(3,-5) } {  (99,-15) ,(5,-4) } {  (4,-5) ,(3,-5) } {  (99,-15) ,(5,-4) } {  (9,-6) ,(8,-4) } {  (9,-6) ,(8,-4) } {  (12,-5) ,(11,-4) } {  (12,-5) ,(11,-4) } {  (86,-13) ,(85,-12) } {  (86,-13) ,(85,-12) } )
Pocket 5 :
({  (9,-6) ,(8,-4) } {  (13,-5) ,(12,-5) } {  (13,-5) ,(12,-5) } {  (13,-5) ,(12,-5) } {  (87,-14) ,(86,-13) } {  (87,-14) ,(86,-13) } )
Pocket 6 :
({  (14,-8) ,(12,-5) } {  (16,-8) ,(15,-7) } {  (14,-8) ,(12,-5) } {  (16,-8) ,(15,-7) } {  (14,-8) ,(12,-5) } {  (16,-8) ,(15,-7) } {  (88,-16) ,(87,-14) } {  (88,-16) ,(87,-14) } )
Pocket 7 :
({  (16,-8) ,(14,-8) } {  (19,-12) ,(18,-8) } {  (16,-8) ,(14,-8) } {  (19,-12) ,(18,-8) } {  (16,-8) ,(14,-8) } {  (19,-12) ,(18,-8) } {  (16,-8) ,(14,-8) } {  (19,-12) ,(18,-8) } {  (90,-16) ,(89,-15) } {  (90,-16) ,(89,-15) } )
Pocket 8 :
({  (17,-9) ,(16,-8) } {  (99,-15) ,(21,-9) } {  (99,-15) ,(21,-9) } {  (30,-10) ,(29,-9) } {  (30,-10) ,(29,-9) } {  (30,-10) ,(29,-9) } {  (99,-15) ,(90,-16) } )
Pocket 9 :
({  (19,-12) ,(21,-9) } {  (99,-15) ,(20,-11) } {  (19,-12) ,(21,-9) } {  (99,-15) ,(20,-11) } {  (24,-12) ,(23,-10) } {  (24,-12) ,(23,-10) } {  (24,-12) ,(23,-10) } {  (31,-12) ,(30,-10) } {  (31,-12) ,(30,-10) } {  (31,-12) ,(30,-10) } {  (31,-12) ,(30,-10) } {  (31,-12) ,(30,-10) } )
Pocket 10 :
({  (24,-12) ,(23,-10) } {  (99,-15) ,(34,-11) } {  (99,-15) ,(34,-11) } {  (61,-13) ,(60,-11) } {  (61,-13) ,(60,-11) } {  (61,-13) ,(60,-11) } )
Pocket 11 :
({  (25,-12) ,(24,-12) } {  (27,-12) ,(26,-12) } {  (25,-12) ,(24,-12) } {  (27,-12) ,(26,-12) } {  (25,-12) ,(24,-12) } {  (27,-12) ,(26,-12) } {  (39,-14) ,(38,-12) } {  (39,-14) ,(38,-12) } {  (39,-14) ,(38,-12) } {  (62,-15) ,(61,-13) } {  (62,-15) ,(61,-13) } )
Pocket 12 :
({  (37,-14) ,(36,-13) } {  (37,-14) ,(36,-13) } {  (43,-15) ,(42,-13) } {  (43,-15) ,(42,-13) } {  (43,-15) ,(42,-13) } {  (43,-15) ,(42,-13) } {  (55,-14) ,(54,-13) } {  (55,-14) ,(54,-13) } {  (55,-14) ,(54,-13) } )
Pocket 13 :
({  (37,-14) ,(36,-13) } {  (40,-15) ,(39,-14) } {  (40,-15) ,(39,-14) } {  (99,-15) ,(55,-14) } {  (99,-15) ,(55,-14) } {  (99,-15) ,(58,-14) } )
Pocket 14 :
({  (40,-15) ,(39,-14) } {  (99,-15) ,(41,-15) } {  (40,-15) ,(39,-14) } {  (99,-15) ,(41,-15) } {  (99,-15) ,(57,-15) } )
Pocket 15 :
()
