2 layers in onion peeling: 
Layer 1
(9,1) (1,2) (0,1) 
Layer 2
(8,0) (7,1) (6,1) (5,1) (2,1) 
---------------------------------------------------------------------------------------
TD 0 :
(9,1) (8,0) (7,1) (6,1) (5,1) (4,0) (3,0) (2,1) (1,2) (0,1) 
TD 1 :
(9,1) (1,2) (0,1) 
(9,1) (1,2) (0,1) (2,1) (3,0) (4,0) (5,1) (6,1) (7,1) (8,0) 
TD 2 :
(9,1) (1,2) (0,1) (8,0) (7,1) (6,1) (5,1) (2,1) (3,0) (4,0) 
(9,1) (1,2) (0,1) (8,0) (7,1) (6,1) (5,1) (2,1) 
(9,1) (1,2) (0,1) (8,0) (7,1) (6,1) (5,1) (2,1) 
(9,1) (1,2) (0,1) (8,0) (7,1) (6,1) (5,1) (2,1) 
Pocket 0 :
()
Pocket 1 :
({  (0,1) ,(1,2) } {  (0,1) ,(1,2) } {  (0,1) ,(1,2) } {  (0,1) ,(1,2) } )
