2 layers in onion peeling: 
Layer 1
(9,-2) (8,-1) (2,0) (1,0) (0,0) 
Layer 2
(7,-1) (6,-1) (5,-1) (4,-1) (3,-1) 
---------------------------------------------------------------------------------------
TD 0 :
(9,-2) (8,-1) (7,-1) (6,-1) (5,-1) (4,-1) (3,-1) (2,0) (1,0) (0,0) 
TD 1 :
(9,-2) (8,-1) (2,0) (1,0) (0,0) 
(9,-2) (8,-1) (2,0) (1,0) (0,0) 
(9,-2) (8,-1) (2,0) (1,0) (0,0) (3,-1) (4,-1) (5,-1) (6,-1) (7,-1) 
(9,-2) (8,-1) (2,0) (1,0) (0,0) 
TD 2 :
(9,-2) (8,-1) (2,0) (1,0) (0,0) (7,-1) (6,-1) (5,-1) (4,-1) (3,-1) 
(9,-2) (8,-1) (2,0) (1,0) (0,0) (7,-1) (6,-1) (5,-1) (4,-1) (3,-1) 
(9,-2) (8,-1) (2,0) (1,0) (0,0) (7,-1) (6,-1) (5,-1) (4,-1) (3,-1) 
(9,-2) (8,-1) (2,0) (1,0) (0,0) (7,-1) (6,-1) (5,-1) (4,-1) (3,-1) 
Pocket 0 :
()
Pocket 1 :
({  (0,0) ,(1,0) } {  (0,0) ,(1,0) } {  (0,0) ,(1,0) } {  (0,0) ,(1,0) } {  (0,0) ,(1,0) } {  (0,0) ,(1,0) } {  (0,0) ,(1,0) } {  (0,0) ,(1,0) } )
