93 layers in onion peeling: 
Layer 1
(999,224) (994,234) (738,248) (289,189) (242,163) (108,73) (31,21) (30,20) (0,-13) 
Layer 2
(998,225) (996,229) (995,231) (739,246) (288,186) (241,160) (107,71) (18,6) (1,-17) 
Layer 3
(997,225) (993,230) (737,244) (287,183) (272,175) (218,142) (110,71) (26,10) (16,-2) (3,-27) (2,-29) 
Layer 4
(992,229) (753,243) (290,183) (282,179) (269,172) (243,156) (109,70) (32,13) (17,-1) (15,-4) (5,-29) (4,-32) 
Layer 5
(991,222) (763,241) (740,241) (291,181) (284,179) (275,175) (271,173) (240,154) (234,150) (105,62) (25,6) (24,5) (19,-1) (14,-8) (12,-12) (6,-29) 
Layer 6
(990,222) (765,239) (751,240) (736,240) (285,177) (281,175) (273,171) (259,164) (246,157) (112,66) (29,5) (20,-2) (13,-11) (10,-23) (7,-37) 
Layer 7
(989,219) (762,239) (754,239) (752,239) (732,239) (286,177) (245,155) (216,136) (113,65) (27,2) (21,-3) (11,-22) (8,-33) 
Layer 8
(988,218) (757,238) (741,238) (734,238) (294,177) (283,173) (270,167) (268,166) (266,165) (258,161) (244,154) (217,136) (111,63) (46,15) (23,-3) (9,-36) 
Layer 9
(987,218) (756,237) (755,237) (733,237) (292,172) (256,159) (239,150) (114,65) (106,59) (28,0) (22,-7) 
Layer 10
(986,213) (959,216) (735,236) (672,227) (295,172) (274,165) (232,144) (104,56) (33,3) 
Layer 11
(985,212) (961,215) (767,233) (744,235) (742,235) (730,234) (663,225) (311,173) (293,170) (276,165) (267,161) (257,156) (236,145) (219,135) (203,124) (101,53) (36,3) (34,-4) 
Layer 12
(984,209) (978,211) (960,213) (771,232) (731,233) (310,172) (298,169) (279,163) (260,157) (238,146) (215,132) (98,48) (47,11) (35,-2) 
Layer 13
(983,200) (982,203) (979,208) (976,211) (958,213) (770,231) (747,232) (723,231) (296,166) (265,158) (247,150) (237,145) (220,134) (200,121) (115,60) (103,51) (48,9) (37,-3) 
Layer 14
(981,203) (980,205) (975,211) (760,231) (759,231) (748,231) (746,231) (725,231) (664,222) (297,166) (278,160) (263,155) (230,140) (199,120) (102,49) (55,14) (50,10) (39,-2) (38,-7) 
Layer 15
(977,207) (963,211) (953,212) (766,230) (764,230) (750,230) (749,230) (726,230) (669,222) (309,167) (280,160) (277,159) (262,154) (248,148) (214,128) (202,120) (100,46) (52,9) (45,3) (43,-1) (42,-3) (40,-7) 
Layer 16
(974,203) (973,207) (962,210) (952,212) (769,229) (745,229) (743,229) (722,228) (706,227) (665,221) (308,166) (261,153) (251,149) (233,139) (204,119) (99,43) (88,35) (53,9) (49,6) (44,-1) (41,-7) 
Layer 17
(972,202) (969,207) (957,209) (772,227) (758,228) (707,225) (321,168) (299,163) (264,153) (252,149) (235,140) (229,136) (201,116) (116,55) (51,7) 
Layer 18
(971,201) (970,205) (956,207) (761,227) (727,226) (705,223) (320,166) (303,163) (253,148) (222,130) (117,52) (89,31) (56,6) (54,3) 
Layer 19
(968,202) (964,204) (954,207) (786,224) (729,225) (724,225) (710,223) (312,164) (306,163) (255,148) (231,135) (228,133) (198,112) (79,22) (58,4) (57,3) 
Layer 20
(967,195) (966,199) (949,205) (785,224) (708,222) (673,217) (307,163) (249,143) (227,132) (87,27) (68,9) (60,1) (59,-3) 
Layer 21
(965,197) (950,204) (768,223) (709,222) (675,217) (302,161) (254,144) (226,130) (213,121) (118,50) (86,25) (81,20) (69,8) (67,6) (66,5) (61,-4) 
Layer 22
(955,196) (951,200) (784,221) (728,221) (670,216) (316,163) (304,160) (250,141) (225,129) (90,28) (82,20) (80,18) (70,8) (65,3) (62,-5) 
Layer 23
(948,196) (787,220) (711,219) (671,216) (319,163) (301,158) (223,126) (212,119) (119,49) (97,32) (85,22) (64,-6) (63,-9) 
Layer 24
(947,189) (941,191) (788,219) (716,219) (715,219) (674,216) (666,215) (317,161) (305,159) (300,157) (224,125) (221,123) (186,99) (83,19) (73,5) (71,2) 
Layer 25
(946,185) (942,190) (869,203) (790,217) (776,218) (714,218) (667,215) (322,161) (210,114) (185,97) (84,18) (78,11) (72,0) 
Layer 26
(945,186) (878,201) (789,216) (773,217) (718,217) (712,217) (662,214) (315,158) (205,110) (189,98) (96,26) (91,22) (77,8) (74,0) 
Layer 27
(944,185) (880,200) (817,211) (791,215) (783,216) (781,216) (717,215) (668,213) (661,212) (314,157) (211,112) (206,109) (197,103) (122,46) (92,20) (76,3) (75,-4) 
Layer 28
(943,185) (815,211) (803,213) (797,214) (780,215) (719,215) (703,214) (658,211) (318,157) (207,108) (190,97) (182,91) (123,45) (93,20) 
Layer 29
(940,178) (939,181) (937,183) (929,187) (877,198) (813,211) (802,213) (782,214) (777,214) (720,214) (676,212) (324,155) (313,153) (209,106) (188,95) (125,46) (95,21) (94,15) 
Layer 30
(938,175) (936,180) (930,184) (912,189) (879,197) (816,210) (795,213) (721,213) (713,213) (704,213) (659,209) (586,197) (323,152) (187,94) (120,41) 
Layer 31
(935,173) (928,182) (927,183) (915,188) (870,198) (804,209) (796,210) (775,212) (774,212) (660,207) (587,197) (325,151) (208,102) (184,91) (161,73) (124,44) (121,38) 
Layer 32
(934,166) (926,183) (886,193) (814,207) (779,211) (701,206) (589,197) (326,143) (183,88) (163,73) (126,43) 
Layer 33
(933,163) (931,171) (920,183) (919,184) (888,192) (875,195) (818,206) (800,208) (798,208) (793,208) (778,208) (684,204) (657,202) (590,197) (333,143) (181,86) (162,72) (135,50) (134,49) (133,48) (129,41) (127,33) 
Layer 34
(932,166) (925,176) (921,180) (916,183) (887,192) (801,207) (799,207) (792,207) (677,203) (592,197) (334,143) (191,89) (180,83) (174,79) (156,67) (137,49) (132,44) (128,36) 
Layer 35
(924,175) (918,180) (876,192) (812,204) (806,205) (794,205) (693,203) (593,194) (585,193) (330,141) (196,89) (176,78) (155,66) (142,53) (136,46) (130,38) 
Layer 36
(923,172) (922,176) (917,180) (874,192) (820,201) (805,203) (694,203) (588,193) (331,140) (192,85) (175,77) (164,71) (159,68) (143,52) (131,39) 
Layer 37
(914,178) (913,179) (881,189) (866,192) (822,200) (808,202) (807,202) (679,201) (591,193) (336,140) (193,84) (160,68) (144,52) (138,46) 
Layer 38
(911,178) (863,192) (819,200) (811,201) (702,201) (696,201) (683,200) (612,193) (582,188) (327,135) (177,76) (157,64) (153,60) (141,48) (139,46) 
Layer 39
(910,174) (909,176) (882,185) (873,188) (824,198) (700,199) (681,199) (583,187) (332,136) (178,75) (158,64) (140,45) 
Layer 40
(908,167) (906,171) (889,181) (885,183) (871,188) (862,190) (821,195) (695,198) (678,198) (633,193) (584,187) (340,137) (195,81) (173,72) (154,59) (150,55) (146,50) (145,46) 
Layer 41
(907,166) (902,172) (872,187) (868,188) (828,194) (697,197) (688,197) (654,195) (635,193) (594,187) (335,135) (165,66) (147,51) 
Layer 42
(905,162) (904,166) (903,169) (867,188) (835,192) (699,196) (692,196) (656,194) (611,189) (580,183) (338,135) (328,132) (168,67) (149,50) (148,47) 
Layer 43
(901,166) (890,174) (865,187) (861,188) (827,191) (698,195) (680,195) (613,189) (581,183) (337,134) (179,71) (167,65) (151,47) 
Layer 44
(900,155) (897,162) (895,166) (884,176) (864,184) (860,185) (834,190) (823,191) (682,194) (653,192) (616,187) (598,184) (342,135) (329,130) (172,67) (166,63) (152,44) 
Layer 45
(899,154) (898,156) (891,165) (883,175) (857,183) (836,189) (810,191) (689,193) (686,193) (685,193) (617,187) (341,134) (194,75) (169,64) 
Layer 46
(896,157) (894,160) (859,181) (830,188) (809,190) (687,192) (621,187) (615,186) (578,179) (339,131) (170,63) 
Layer 47
(893,159) (858,180) (825,188) (691,191) (655,189) (622,187) (595,182) (344,130) (171,60) 
Layer 48
(892,154) (849,180) (829,187) (690,190) (634,187) (620,186) (610,184) (347,130) (343,129) 
Layer 49
(856,173) (848,178) (837,183) (826,185) (650,185) (632,185) (631,185) (608,183) (576,177) (353,129) (345,125) 
Layer 50
(855,173) (832,183) (651,184) (630,184) (623,184) (614,183) (577,176) (354,127) (346,125) 
Layer 51
(854,170) (846,176) (838,180) (833,182) (639,183) (629,183) (619,183) (599,179) (579,175) (348,125) 
Layer 52
(853,165) (852,168) (851,171) (847,174) (831,180) (636,182) (624,182) (603,179) (358,127) (349,123) 
Layer 53
(850,171) (839,176) (649,181) (643,181) (640,181) (628,181) (609,179) (575,173) (350,121) 
Layer 54
(845,168) (843,173) (652,179) (644,179) (618,179) (606,177) (596,175) (360,123) (351,120) 
Layer 55
(844,170) (642,178) (627,178) (607,177) (597,175) (574,170) (359,122) (356,121) (352,119) 
Layer 56
(842,170) (648,177) (645,177) (604,176) (361,122) (355,120) 
Layer 57
(841,169) (840,170) (641,176) (600,175) (538,161) (357,117) 
Layer 58
(647,175) (601,174) (362,118) 
Layer 59
(646,173) (638,173) (605,170) (573,166) (539,159) (365,116) (363,114) 
Layer 60
(637,172) (537,158) (364,113) 
Layer 61
(626,166) (625,170) (602,167) (541,158) (366,111) 
Layer 62
(572,162) (542,157) (367,110) 
Layer 63
(571,156) (570,159) (540,156) (368,110) 
Layer 64
(569,156) (543,155) (369,110) 
Layer 65
(568,149) (544,154) (370,104) 
Layer 66
(567,148) (563,149) (547,153) (371,101) 
Layer 67
(566,146) (564,148) (546,152) (379,100) (373,97) (372,94) 
Layer 68
(565,144) (549,147) (545,147) (440,118) (376,97) (374,93) 
Layer 69
(562,142) (536,144) (531,143) (381,98) (377,96) (375,90) 
Layer 70
(561,142) (535,143) (378,95) 
Layer 71
(560,138) (550,142) (548,142) (534,141) (383,96) (380,95) 
Layer 72
(559,133) (551,138) (532,137) (439,112) (430,109) (382,91) 
Layer 73
(558,127) (552,132) (533,135) (435,110) (385,89) (384,88) 
Layer 74
(557,121) (555,127) (553,130) (530,134) (451,114) (434,108) (426,104) (386,77) 
Layer 75
(556,121) (554,127) (529,133) (460,115) (431,106) (427,104) (387,76) 
Layer 76
(528,123) (521,123) (520,123) (459,113) (441,108) (429,102) (390,72) (388,69) 
Layer 77
(527,113) (519,118) (510,119) (509,119) (466,113) (453,110) (438,105) (436,104) (424,96) (394,75) (389,67) 
Layer 78
(526,112) (522,114) (511,116) (462,112) (455,109) (432,99) (428,97) (391,69) 
Layer 79
(525,108) (523,111) (514,112) (477,112) (474,112) (468,111) (463,110) (454,107) (442,103) (433,98) (423,92) (393,70) (392,65) 
Layer 80
(524,104) (518,111) (517,111) (478,111) (476,111) (470,111) (437,99) (425,93) (395,71) 
Layer 81
(516,102) (515,108) (475,109) (467,109) (443,100) (402,74) (396,70) 
Layer 82
(513,107) (461,106) (458,105) (448,101) (421,86) (397,69) 
Layer 83
(512,105) (479,105) (464,105) (457,104) (452,102) (450,101) (411,78) (398,69) 
Layer 84
(508,103) (473,104) (471,104) (469,104) (456,101) (422,84) (413,79) (400,70) (399,63) 
Layer 85
(507,102) (506,103) (465,103) (449,97) (410,76) (404,72) (401,68) 
Layer 86
(505,93) (504,97) (502,101) (480,100) (447,92) (444,91) (414,78) (406,71) (403,68) 
Layer 87
(503,94) (501,95) (481,96) (472,96) (445,89) (420,80) (412,74) (405,68) 
Layer 88
(500,86) (489,95) (487,95) (446,87) (419,78) (408,70) (407,69) 
Layer 89
(499,81) (488,94) (416,75) (409,70) 
Layer 90
(498,82) (497,83) (490,89) (486,92) (415,72) 
Layer 91
(496,80) (491,86) (482,90) (418,70) (417,69) 
Layer 92
(495,80) (494,82) (484,89) (483,87) 
Layer 93
(493,77) (492,81) (485,87) 
---------------------------------------------------------------------------------------
TD 0 :
(999,224) (998,225) (997,225) (996,229) (995,231) (994,234) (993,230) (992,229) (991,222) (990,222) (989,219) (988,218) (987,218) (986,213) (985,212) (984,209) (983,200) (982,203) (981,203) (980,205) (979,208) (978,211) (977,207) (976,211) (975,211) (974,203) (973,207) (972,202) (971,201) (970,205) (969,207) (968,202) (967,195) (966,199) (965,197) (964,204) (963,211) (962,210) (961,215) (960,213) (959,216) (958,213) (957,209) (956,207) (955,196) (954,207) (953,212) (952,212) (951,200) (950,204) (949,205) (948,196) (947,189) (946,185) (945,186) (944,185) (943,185) (942,190) (941,191) (940,178) (939,181) (938,175) (937,183) (936,180) (935,173) (934,166) (933,163) (932,166) (931,171) (930,184) (929,187) (928,182) (927,183) (926,183) (925,176) (924,175) (923,172) (922,176) (921,180) (920,183) (919,184) (918,180) (917,180) (916,183) (915,188) (914,178) (913,179) (912,189) (911,178) (910,174) (909,176) (908,167) (907,166) (906,171) (905,162) (904,166) (903,169) (902,172) (901,166) (900,155) (899,154) (898,156) (897,162) (896,157) (895,166) (894,160) (893,159) (892,154) (891,165) (890,174) (889,181) (888,192) (887,192) (886,193) (885,183) (884,176) (883,175) (882,185) (881,189) (880,200) (879,197) (878,201) (877,198) (876,192) (875,195) (874,192) (873,188) (872,187) (871,188) (870,198) (869,203) (868,188) (867,188) (866,192) (865,187) (864,184) (863,192) (862,190) (861,188) (860,185) (859,181) (858,180) (857,183) (856,173) (855,173) (854,170) (853,165) (852,168) (851,171) (850,171) (849,180) (848,178) (847,174) (846,176) (845,168) (844,170) (843,173) (842,170) (841,169) (840,170) (839,176) (838,180) (837,183) (836,189) (835,192) (834,190) (833,182) (832,183) (831,180) (830,188) (829,187) (828,194) (827,191) (826,185) (825,188) (824,198) (823,191) (822,200) (821,195) (820,201) (819,200) (818,206) (817,211) (816,210) (815,211) (814,207) (813,211) (812,204) (811,201) (810,191) (809,190) (808,202) (807,202) (806,205) (805,203) (804,209) (803,213) (802,213) (801,207) (800,208) (799,207) (798,208) (797,214) (796,210) (795,213) (794,205) (793,208) (792,207) (791,215) (790,217) (789,216) (788,219) (787,220) (786,224) (785,224) (784,221) (783,216) (782,214) (781,216) (780,215) (779,211) (778,208) (777,214) (776,218) (775,212) (774,212) (773,217) (772,227) (771,232) (770,231) (769,229) (768,223) (767,233) (766,230) (765,239) (764,230) (763,241) (762,239) (761,227) (760,231) (759,231) (758,228) (757,238) (756,237) (755,237) (754,239) (753,243) (752,239) (751,240) (750,230) (749,230) (748,231) (747,232) (746,231) (745,229) (744,235) (743,229) (742,235) (741,238) (740,241) (739,246) (738,248) (737,244) (736,240) (735,236) (734,238) (733,237) (732,239) (731,233) (730,234) (729,225) (728,221) (727,226) (726,230) (725,231) (724,225) (723,231) (722,228) (721,213) (720,214) (719,215) (718,217) (717,215) (716,219) (715,219) (714,218) (713,213) (712,217) (711,219) (710,223) (709,222) (708,222) (707,225) (706,227) (705,223) (704,213) (703,214) (702,201) (701,206) (700,199) (699,196) (698,195) (697,197) (696,201) (695,198) (694,203) (693,203) (692,196) (691,191) (690,190) (689,193) (688,197) (687,192) (686,193) (685,193) (684,204) (683,200) (682,194) (681,199) (680,195) (679,201) (678,198) (677,203) (676,212) (675,217) (674,216) (673,217) (672,227) (671,216) (670,216) (669,222) (668,213) (667,215) (666,215) (665,221) (664,222) (663,225) (662,214) (661,212) (660,207) (659,209) (658,211) (657,202) (656,194) (655,189) (654,195) (653,192) (652,179) (651,184) (650,185) (649,181) (648,177) (647,175) (646,173) (645,177) (644,179) (643,181) (642,178) (641,176) (640,181) (639,183) (638,173) (637,172) (636,182) (635,193) (634,187) (633,193) (632,185) (631,185) (630,184) (629,183) (628,181) (627,178) (626,166) (625,170) (624,182) (623,184) (622,187) (621,187) (620,186) (619,183) (618,179) (617,187) (616,187) (615,186) (614,183) (613,189) (612,193) (611,189) (610,184) (609,179) (608,183) (607,177) (606,177) (605,170) (604,176) (603,179) (602,167) (601,174) (600,175) (599,179) (598,184) (597,175) (596,175) (595,182) (594,187) (593,194) (592,197) (591,193) (590,197) (589,197) (588,193) (587,197) (586,197) (585,193) (584,187) (583,187) (582,188) (581,183) (580,183) (579,175) (578,179) (577,176) (576,177) (575,173) (574,170) (573,166) (572,162) (571,156) (570,159) (569,156) (568,149) (567,148) (566,146) (565,144) (564,148) (563,149) (562,142) (561,142) (560,138) (559,133) (558,127) (557,121) (556,121) (555,127) (554,127) (553,130) (552,132) (551,138) (550,142) (549,147) (548,142) (547,153) (546,152) (545,147) (544,154) (543,155) (542,157) (541,158) (540,156) (539,159) (538,161) (537,158) (536,144) (535,143) (534,141) (533,135) (532,137) (531,143) (530,134) (529,133) (528,123) (527,113) (526,112) (525,108) (524,104) (523,111) (522,114) (521,123) (520,123) (519,118) (518,111) (517,111) (516,102) (515,108) (514,112) (513,107) (512,105) (511,116) (510,119) (509,119) (508,103) (507,102) (506,103) (505,93) (504,97) (503,94) (502,101) (501,95) (500,86) (499,81) (498,82) (497,83) (496,80) (495,80) (494,82) (493,77) (492,81) (491,86) (490,89) (489,95) (488,94) (487,95) (486,92) (485,87) (484,89) (483,87) (482,90) (481,96) (480,100) (479,105) (478,111) (477,112) (476,111) (475,109) (474,112) (473,104) (472,96) (471,104) (470,111) (469,104) (468,111) (467,109) (466,113) (465,103) (464,105) (463,110) (462,112) (461,106) (460,115) (459,113) (458,105) (457,104) (456,101) (455,109) (454,107) (453,110) (452,102) (451,114) (450,101) (449,97) (448,101) (447,92) (446,87) (445,89) (444,91) (443,100) (442,103) (441,108) (440,118) (439,112) (438,105) (437,99) (436,104) (435,110) (434,108) (433,98) (432,99) (431,106) (430,109) (429,102) (428,97) (427,104) (426,104) (425,93) (424,96) (423,92) (422,84) (421,86) (420,80) (419,78) (418,70) (417,69) (416,75) (415,72) (414,78) (413,79) (412,74) (411,78) (410,76) (409,70) (408,70) (407,69) (406,71) (405,68) (404,72) (403,68) (402,74) (401,68) (400,70) (399,63) (398,69) (397,69) (396,70) (395,71) (394,75) (393,70) (392,65) (391,69) (390,72) (389,67) (388,69) (387,76) (386,77) (385,89) (384,88) (383,96) (382,91) (381,98) (380,95) (379,100) (378,95) (377,96) (376,97) (375,90) (374,93) (373,97) (372,94) (371,101) (370,104) (369,110) (368,110) (367,110) (366,111) (365,116) (364,113) (363,114) (362,118) (361,122) (360,123) (359,122) (358,127) (357,117) (356,121) (355,120) (354,127) (353,129) (352,119) (351,120) (350,121) (349,123) (348,125) (347,130) (346,125) (345,125) (344,130) (343,129) (342,135) (341,134) (340,137) (339,131) (338,135) (337,134) (336,140) (335,135) (334,143) (333,143) (332,136) (331,140) (330,141) (329,130) (328,132) (327,135) (326,143) (325,151) (324,155) (323,152) (322,161) (321,168) (320,166) (319,163) (318,157) (317,161) (316,163) (315,158) (314,157) (313,153) (312,164) (311,173) (310,172) (309,167) (308,166) (307,163) (306,163) (305,159) (304,160) (303,163) (302,161) (301,158) (300,157) (299,163) (298,169) (297,166) (296,166) (295,172) (294,177) (293,170) (292,172) (291,181) (290,183) (289,189) (288,186) (287,183) (286,177) (285,177) (284,179) (283,173) (282,179) (281,175) (280,160) (279,163) (278,160) (277,159) (276,165) (275,175) (274,165) (273,171) (272,175) (271,173) (270,167) (269,172) (268,166) (267,161) (266,165) (265,158) (264,153) (263,155) (262,154) (261,153) (260,157) (259,164) (258,161) (257,156) (256,159) (255,148) (254,144) (253,148) (252,149) (251,149) (250,141) (249,143) (248,148) (247,150) (246,157) (245,155) (244,154) (243,156) (242,163) (241,160) (240,154) (239,150) (238,146) (237,145) (236,145) (235,140) (234,150) (233,139) (232,144) (231,135) (230,140) (229,136) (228,133) (227,132) (226,130) (225,129) (224,125) (223,126) (222,130) (221,123) (220,134) (219,135) (218,142) (217,136) (216,136) (215,132) (214,128) (213,121) (212,119) (211,112) (210,114) (209,106) (208,102) (207,108) (206,109) (205,110) (204,119) (203,124) (202,120) (201,116) (200,121) (199,120) (198,112) (197,103) (196,89) (195,81) (194,75) (193,84) (192,85) (191,89) (190,97) (189,98) (188,95) (187,94) (186,99) (185,97) (184,91) (183,88) (182,91) (181,86) (180,83) (179,71) (178,75) (177,76) (176,78) (175,77) (174,79) (173,72) (172,67) (171,60) (170,63) (169,64) (168,67) (167,65) (166,63) (165,66) (164,71) (163,73) (162,72) (161,73) (160,68) (159,68) (158,64) (157,64) (156,67) (155,66) (154,59) (153,60) (152,44) (151,47) (150,55) (149,50) (148,47) (147,51) (146,50) (145,46) (144,52) (143,52) (142,53) (141,48) (140,45) (139,46) (138,46) (137,49) (136,46) (135,50) (134,49) (133,48) (132,44) (131,39) (130,38) (129,41) (128,36) (127,33) (126,43) (125,46) (124,44) (123,45) (122,46) (121,38) (120,41) (119,49) (118,50) (117,52) (116,55) (115,60) (114,65) (113,65) (112,66) (111,63) (110,71) (109,70) (108,73) (107,71) (106,59) (105,62) (104,56) (103,51) (102,49) (101,53) (100,46) (99,43) (98,48) (97,32) (96,26) (95,21) (94,15) (93,20) (92,20) (91,22) (90,28) (89,31) (88,35) (87,27) (86,25) (85,22) (84,18) (83,19) (82,20) (81,20) (80,18) (79,22) (78,11) (77,8) (76,3) (75,-4) (74,0) (73,5) (72,0) (71,2) (70,8) (69,8) (68,9) (67,6) (66,5) (65,3) (64,-6) (63,-9) (62,-5) (61,-4) (60,1) (59,-3) (58,4) (57,3) (56,6) (55,14) (54,3) (53,9) (52,9) (51,7) (50,10) (49,6) (48,9) (47,11) (46,15) (45,3) (44,-1) (43,-1) (42,-3) (41,-7) (40,-7) (39,-2) (38,-7) (37,-3) (36,3) (35,-2) (34,-4) (33,3) (32,13) (31,21) (30,20) (29,5) (28,0) (27,2) (26,10) (25,6) (24,5) (23,-3) (22,-7) (21,-3) (20,-2) (19,-1) (18,6) (17,-1) (16,-2) (15,-4) (14,-8) (13,-11) (12,-12) (11,-22) (10,-23) (9,-36) (8,-33) (7,-37) (6,-29) (5,-29) (4,-32) (3,-27) (2,-29) (1,-17) (0,-13) 
TD 1 :
(999,224) (994,234) (738,248) (289,189) (242,163) (108,73) (31,21) (30,20) (0,-13) (1,-17) (2,-29) (3,-27) (4,-32) (5,-29) (6,-29) (7,-37) (8,-33) (9,-36) (10,-23) (11,-22) (12,-12) (13,-11) (14,-8) (15,-4) (16,-2) (17,-1) (18,6) (19,-1) (20,-2) (21,-3) (22,-7) (23,-3) (24,5) (25,6) (26,10) (27,2) (28,0) (29,5) 
(999,224) (994,234) (738,248) (289,189) (242,163) (108,73) (31,21) (30,20) (0,-13) 
(999,224) (994,234) (738,248) (289,189) (242,163) (108,73) (31,21) (30,20) (0,-13) (32,13) (33,3) (34,-4) (35,-2) (36,3) (37,-3) (38,-7) (39,-2) (40,-7) (41,-7) (42,-3) (43,-1) (44,-1) (45,3) (46,15) (47,11) (48,9) (49,6) (50,10) (51,7) (52,9) (53,9) (54,3) (55,14) (56,6) (57,3) (58,4) (59,-3) (60,1) (61,-4) (62,-5) (63,-9) (64,-6) (65,3) (66,5) (67,6) (68,9) (69,8) (70,8) (71,2) (72,0) (73,5) (74,0) (75,-4) (76,3) (77,8) (78,11) (79,22) (80,18) (81,20) (82,20) (83,19) (84,18) (85,22) (86,25) (87,27) (88,35) (89,31) (90,28) (91,22) (92,20) (93,20) (94,15) (95,21) (96,26) (97,32) (98,48) (99,43) (100,46) (101,53) (102,49) (103,51) (104,56) (105,62) (106,59) (107,71) 
(999,224) (994,234) (738,248) (289,189) (242,163) (108,73) (31,21) (30,20) (0,-13) (109,70) (110,71) (111,63) (112,66) (113,65) (114,65) (115,60) (116,55) (117,52) (118,50) (119,49) (120,41) (121,38) (122,46) (123,45) (124,44) (125,46) (126,43) (127,33) (128,36) (129,41) (130,38) (131,39) (132,44) (133,48) (134,49) (135,50) (136,46) (137,49) (138,46) (139,46) (140,45) (141,48) (142,53) (143,52) (144,52) (145,46) (146,50) (147,51) (148,47) (149,50) (150,55) (151,47) (152,44) (153,60) (154,59) (155,66) (156,67) (157,64) (158,64) (159,68) (160,68) (161,73) (162,72) (163,73) (164,71) (165,66) (166,63) (167,65) (168,67) (169,64) (170,63) (171,60) (172,67) (173,72) (174,79) (175,77) (176,78) (177,76) (178,75) (179,71) (180,83) (181,86) (182,91) (183,88) (184,91) (185,97) (186,99) (187,94) (188,95) (189,98) (190,97) (191,89) (192,85) (193,84) (194,75) (195,81) (196,89) (197,103) (198,112) (199,120) (200,121) (201,116) (202,120) (203,124) (204,119) (205,110) (206,109) (207,108) (208,102) (209,106) (210,114) (211,112) (212,119) (213,121) (214,128) (215,132) (216,136) (217,136) (218,142) (219,135) (220,134) (221,123) (222,130) (223,126) (224,125) (225,129) (226,130) (227,132) (228,133) (229,136) (230,140) (231,135) (232,144) (233,139) (234,150) (235,140) (236,145) (237,145) (238,146) (239,150) (240,154) (241,160) 
(999,224) (994,234) (738,248) (289,189) (242,163) (108,73) (31,21) (30,20) (0,-13) (243,156) (244,154) (245,155) (246,157) (247,150) (248,148) (249,143) (250,141) (251,149) (252,149) (253,148) (254,144) (255,148) (256,159) (257,156) (258,161) (259,164) (260,157) (261,153) (262,154) (263,155) (264,153) (265,158) (266,165) (267,161) (268,166) (269,172) (270,167) (271,173) (272,175) (273,171) (274,165) (275,175) (276,165) (277,159) (278,160) (279,163) (280,160) (281,175) (282,179) (283,173) (284,179) (285,177) (286,177) (287,183) (288,186) 
(999,224) (994,234) (738,248) (289,189) (242,163) (108,73) (31,21) (30,20) (0,-13) (290,183) (291,181) (292,172) (293,170) (294,177) (295,172) (296,166) (297,166) (298,169) (299,163) (300,157) (301,158) (302,161) (303,163) (304,160) (305,159) (306,163) (307,163) (308,166) (309,167) (310,172) (311,173) (312,164) (313,153) (314,157) (315,158) (316,163) (317,161) (318,157) (319,163) (320,166) (321,168) (322,161) (323,152) (324,155) (325,151) (326,143) (327,135) (328,132) (329,130) (330,141) (331,140) (332,136) (333,143) (334,143) (335,135) (336,140) (337,134) (338,135) (339,131) (340,137) (341,134) (342,135) (343,129) (344,130) (345,125) (346,125) (347,130) (348,125) (349,123) (350,121) (351,120) (352,119) (353,129) (354,127) (355,120) (356,121) (357,117) (358,127) (359,122) (360,123) (361,122) (362,118) (363,114) (364,113) (365,116) (366,111) (367,110) (368,110) (369,110) (370,104) (371,101) (372,94) (373,97) (374,93) (375,90) (376,97) (377,96) (378,95) (379,100) (380,95) (381,98) (382,91) (383,96) (384,88) (385,89) (386,77) (387,76) (388,69) (389,67) (390,72) (391,69) (392,65) (393,70) (394,75) (395,71) (396,70) (397,69) (398,69) (399,63) (400,70) (401,68) (402,74) (403,68) (404,72) (405,68) (406,71) (407,69) (408,70) (409,70) (410,76) (411,78) (412,74) (413,79) (414,78) (415,72) (416,75) (417,69) (418,70) (419,78) (420,80) (421,86) (422,84) (423,92) (424,96) (425,93) (426,104) (427,104) (428,97) (429,102) (430,109) (431,106) (432,99) (433,98) (434,108) (435,110) (436,104) (437,99) (438,105) (439,112) (440,118) (441,108) (442,103) (443,100) (444,91) (445,89) (446,87) (447,92) (448,101) (449,97) (450,101) (451,114) (452,102) (453,110) (454,107) (455,109) (456,101) (457,104) (458,105) (459,113) (460,115) (461,106) (462,112) (463,110) (464,105) (465,103) (466,113) (467,109) (468,111) (469,104) (470,111) (471,104) (472,96) (473,104) (474,112) (475,109) (476,111) (477,112) (478,111) (479,105) (480,100) (481,96) (482,90) (483,87) (484,89) (485,87) (486,92) (487,95) (488,94) (489,95) (490,89) (491,86) (492,81) (493,77) (494,82) (495,80) (496,80) (497,83) (498,82) (499,81) (500,86) (501,95) (502,101) (503,94) (504,97) (505,93) (506,103) (507,102) (508,103) (509,119) (510,119) (511,116) (512,105) (513,107) (514,112) (515,108) (516,102) (517,111) (518,111) (519,118) (520,123) (521,123) (522,114) (523,111) (524,104) (525,108) (526,112) (527,113) (528,123) (529,133) (530,134) (531,143) (532,137) (533,135) (534,141) (535,143) (536,144) (537,158) (538,161) (539,159) (540,156) (541,158) (542,157) (543,155) (544,154) (545,147) (546,152) (547,153) (548,142) (549,147) (550,142) (551,138) (552,132) (553,130) (554,127) (555,127) (556,121) (557,121) (558,127) (559,133) (560,138) (561,142) (562,142) (563,149) (564,148) (565,144) (566,146) (567,148) (568,149) (569,156) (570,159) (571,156) (572,162) (573,166) (574,170) (575,173) (576,177) (577,176) (578,179) (579,175) (580,183) (581,183) (582,188) (583,187) (584,187) (585,193) (586,197) (587,197) (588,193) (589,197) (590,197) (591,193) (592,197) (593,194) (594,187) (595,182) (596,175) (597,175) (598,184) (599,179) (600,175) (601,174) (602,167) (603,179) (604,176) (605,170) (606,177) (607,177) (608,183) (609,179) (610,184) (611,189) (612,193) (613,189) (614,183) (615,186) (616,187) (617,187) (618,179) (619,183) (620,186) (621,187) (622,187) (623,184) (624,182) (625,170) (626,166) (627,178) (628,181) (629,183) (630,184) (631,185) (632,185) (633,193) (634,187) (635,193) (636,182) (637,172) (638,173) (639,183) (640,181) (641,176) (642,178) (643,181) (644,179) (645,177) (646,173) (647,175) (648,177) (649,181) (650,185) (651,184) (652,179) (653,192) (654,195) (655,189) (656,194) (657,202) (658,211) (659,209) (660,207) (661,212) (662,214) (663,225) (664,222) (665,221) (666,215) (667,215) (668,213) (669,222) (670,216) (671,216) (672,227) (673,217) (674,216) (675,217) (676,212) (677,203) (678,198) (679,201) (680,195) (681,199) (682,194) (683,200) (684,204) (685,193) (686,193) (687,192) (688,197) (689,193) (690,190) (691,191) (692,196) (693,203) (694,203) (695,198) (696,201) (697,197) (698,195) (699,196) (700,199) (701,206) (702,201) (703,214) (704,213) (705,223) (706,227) (707,225) (708,222) (709,222) (710,223) (711,219) (712,217) (713,213) (714,218) (715,219) (716,219) (717,215) (718,217) (719,215) (720,214) (721,213) (722,228) (723,231) (724,225) (725,231) (726,230) (727,226) (728,221) (729,225) (730,234) (731,233) (732,239) (733,237) (734,238) (735,236) (736,240) (737,244) 
(999,224) (994,234) (738,248) (289,189) (242,163) (108,73) (31,21) (30,20) (0,-13) (739,246) (740,241) (741,238) (742,235) (743,229) (744,235) (745,229) (746,231) (747,232) (748,231) (749,230) (750,230) (751,240) (752,239) (753,243) (754,239) (755,237) (756,237) (757,238) (758,228) (759,231) (760,231) (761,227) (762,239) (763,241) (764,230) (765,239) (766,230) (767,233) (768,223) (769,229) (770,231) (771,232) (772,227) (773,217) (774,212) (775,212) (776,218) (777,214) (778,208) (779,211) (780,215) (781,216) (782,214) (783,216) (784,221) (785,224) (786,224) (787,220) (788,219) (789,216) (790,217) (791,215) (792,207) (793,208) (794,205) (795,213) (796,210) (797,214) (798,208) (799,207) (800,208) (801,207) (802,213) (803,213) (804,209) (805,203) (806,205) (807,202) (808,202) (809,190) (810,191) (811,201) (812,204) (813,211) (814,207) (815,211) (816,210) (817,211) (818,206) (819,200) (820,201) (821,195) (822,200) (823,191) (824,198) (825,188) (826,185) (827,191) (828,194) (829,187) (830,188) (831,180) (832,183) (833,182) (834,190) (835,192) (836,189) (837,183) (838,180) (839,176) (840,170) (841,169) (842,170) (843,173) (844,170) (845,168) (846,176) (847,174) (848,178) (849,180) (850,171) (851,171) (852,168) (853,165) (854,170) (855,173) (856,173) (857,183) (858,180) (859,181) (860,185) (861,188) (862,190) (863,192) (864,184) (865,187) (866,192) (867,188) (868,188) (869,203) (870,198) (871,188) (872,187) (873,188) (874,192) (875,195) (876,192) (877,198) (878,201) (879,197) (880,200) (881,189) (882,185) (883,175) (884,176) (885,183) (886,193) (887,192) (888,192) (889,181) (890,174) (891,165) (892,154) (893,159) (894,160) (895,166) (896,157) (897,162) (898,156) (899,154) (900,155) (901,166) (902,172) (903,169) (904,166) (905,162) (906,171) (907,166) (908,167) (909,176) (910,174) (911,178) (912,189) (913,179) (914,178) (915,188) (916,183) (917,180) (918,180) (919,184) (920,183) (921,180) (922,176) (923,172) (924,175) (925,176) (926,183) (927,183) (928,182) (929,187) (930,184) (931,171) (932,166) (933,163) (934,166) (935,173) (936,180) (937,183) (938,175) (939,181) (940,178) (941,191) (942,190) (943,185) (944,185) (945,186) (946,185) (947,189) (948,196) (949,205) (950,204) (951,200) (952,212) (953,212) (954,207) (955,196) (956,207) (957,209) (958,213) (959,216) (960,213) (961,215) (962,210) (963,211) (964,204) (965,197) (966,199) (967,195) (968,202) (969,207) (970,205) (971,201) (972,202) (973,207) (974,203) (975,211) (976,211) (977,207) (978,211) (979,208) (980,205) (981,203) (982,203) (983,200) (984,209) (985,212) (986,213) (987,218) (988,218) (989,219) (990,222) (991,222) (992,229) (993,230) 
(999,224) (994,234) (738,248) (289,189) (242,163) (108,73) (31,21) (30,20) (0,-13) (995,231) (996,229) (997,225) (998,225) 
TD 2 :
(999,224) (994,234) (738,248) (289,189) (242,163) (108,73) (31,21) (30,20) (0,-13) (18,6) (1,-17) (2,-29) (3,-27) (4,-32) (5,-29) (6,-29) (7,-37) (8,-33) (9,-36) (10,-23) (11,-22) (12,-12) (13,-11) (14,-8) (15,-4) (16,-2) (17,-1) 
(999,224) (994,234) (738,248) (289,189) (242,163) (108,73) (31,21) (30,20) (0,-13) (18,6) (1,-17) (19,-1) (20,-2) (21,-3) (22,-7) (23,-3) (24,5) (25,6) (26,10) (27,2) (28,0) (29,5) 
(999,224) (994,234) (738,248) (289,189) (242,163) (108,73) (31,21) (30,20) (0,-13) (107,71) (32,13) (33,3) (34,-4) (35,-2) (36,3) (37,-3) (38,-7) (39,-2) (40,-7) (41,-7) (42,-3) (43,-1) (44,-1) (45,3) (46,15) (47,11) (48,9) (49,6) (50,10) (51,7) (52,9) (53,9) (54,3) (55,14) (56,6) (57,3) (58,4) (59,-3) (60,1) (61,-4) (62,-5) (63,-9) (64,-6) (65,3) (66,5) (67,6) (68,9) (69,8) (70,8) (71,2) (72,0) (73,5) (74,0) (75,-4) (76,3) (77,8) (78,11) (79,22) (80,18) (81,20) (82,20) (83,19) (84,18) (85,22) (86,25) (87,27) (88,35) (89,31) (90,28) (91,22) (92,20) (93,20) (94,15) (95,21) (96,26) (97,32) (98,48) (99,43) (100,46) (101,53) (102,49) (103,51) (104,56) (105,62) (106,59) 
(999,224) (994,234) (738,248) (289,189) (242,163) (108,73) (31,21) (30,20) (0,-13) (107,71) 
(999,224) (994,234) (738,248) (289,189) (242,163) (108,73) (31,21) (30,20) (0,-13) (241,160) (109,70) (110,71) (111,63) (112,66) (113,65) (114,65) (115,60) (116,55) (117,52) (118,50) (119,49) (120,41) (121,38) (122,46) (123,45) (124,44) (125,46) (126,43) (127,33) (128,36) (129,41) (130,38) (131,39) (132,44) (133,48) (134,49) (135,50) (136,46) (137,49) (138,46) (139,46) (140,45) (141,48) (142,53) (143,52) (144,52) (145,46) (146,50) (147,51) (148,47) (149,50) (150,55) (151,47) (152,44) (153,60) (154,59) (155,66) (156,67) (157,64) (158,64) (159,68) (160,68) (161,73) (162,72) (163,73) (164,71) (165,66) (166,63) (167,65) (168,67) (169,64) (170,63) (171,60) (172,67) (173,72) (174,79) (175,77) (176,78) (177,76) (178,75) (179,71) (180,83) (181,86) (182,91) (183,88) (184,91) (185,97) (186,99) (187,94) (188,95) (189,98) (190,97) (191,89) (192,85) (193,84) (194,75) (195,81) (196,89) (197,103) (198,112) (199,120) (200,121) (201,116) (202,120) (203,124) (204,119) (205,110) (206,109) (207,108) (208,102) (209,106) (210,114) (211,112) (212,119) (213,121) (214,128) (215,132) (216,136) (217,136) (218,142) (219,135) (220,134) (221,123) (222,130) (223,126) (224,125) (225,129) (226,130) (227,132) (228,133) (229,136) (230,140) (231,135) (232,144) (233,139) (234,150) (235,140) (236,145) (237,145) (238,146) (239,150) (240,154) 
(999,224) (994,234) (738,248) (289,189) (242,163) (108,73) (31,21) (30,20) (0,-13) (241,160) 
(999,224) (994,234) (738,248) (289,189) (242,163) (108,73) (31,21) (30,20) (0,-13) (288,186) (243,156) (244,154) (245,155) (246,157) (247,150) (248,148) (249,143) (250,141) (251,149) (252,149) (253,148) (254,144) (255,148) (256,159) (257,156) (258,161) (259,164) (260,157) (261,153) (262,154) (263,155) (264,153) (265,158) (266,165) (267,161) (268,166) (269,172) (270,167) (271,173) (272,175) (273,171) (274,165) (275,175) (276,165) (277,159) (278,160) (279,163) (280,160) (281,175) (282,179) (283,173) (284,179) (285,177) (286,177) (287,183) 
(999,224) (994,234) (738,248) (289,189) (242,163) (108,73) (31,21) (30,20) (0,-13) (288,186) 
(999,224) (994,234) (738,248) (289,189) (242,163) (108,73) (31,21) (30,20) (0,-13) (739,246) 
(999,224) (994,234) (738,248) (289,189) (242,163) (108,73) (31,21) (30,20) (0,-13) (739,246) (740,241) (741,238) (742,235) (743,229) (744,235) (745,229) (746,231) (747,232) (748,231) (749,230) (750,230) (751,240) (752,239) (753,243) (754,239) (755,237) (756,237) (757,238) (758,228) (759,231) (760,231) (761,227) (762,239) (763,241) (764,230) (765,239) (766,230) (767,233) (768,223) (769,229) (770,231) (771,232) (772,227) (773,217) (774,212) (775,212) (776,218) (777,214) (778,208) (779,211) (780,215) (781,216) (782,214) (783,216) (784,221) (785,224) (786,224) (787,220) (788,219) (789,216) (790,217) (791,215) (792,207) (793,208) (794,205) (795,213) (796,210) (797,214) (798,208) (799,207) (800,208) (801,207) (802,213) (803,213) (804,209) (805,203) (806,205) (807,202) (808,202) (809,190) (810,191) (811,201) (812,204) (813,211) (814,207) (815,211) (816,210) (817,211) (818,206) (819,200) (820,201) (821,195) (822,200) (823,191) (824,198) (825,188) (826,185) (827,191) (828,194) (829,187) (830,188) (831,180) (832,183) (833,182) (834,190) (835,192) (836,189) (837,183) (838,180) (839,176) (840,170) (841,169) (842,170) (843,173) (844,170) (845,168) (846,176) (847,174) (848,178) (849,180) (850,171) (851,171) (852,168) (853,165) (854,170) (855,173) (856,173) (857,183) (858,180) (859,181) (860,185) (861,188) (862,190) (863,192) (864,184) (865,187) (866,192) (867,188) (868,188) (869,203) (870,198) (871,188) (872,187) (873,188) (874,192) (875,195) (876,192) (877,198) (878,201) (879,197) (880,200) (881,189) (882,185) (883,175) (884,176) (885,183) (886,193) (887,192) (888,192) (889,181) (890,174) (891,165) (892,154) (893,159) (894,160) (895,166) (896,157) (897,162) (898,156) (899,154) (900,155) (901,166) (902,172) (903,169) (904,166) (905,162) (906,171) (907,166) (908,167) (909,176) (910,174) (911,178) (912,189) (913,179) (914,178) (915,188) (916,183) (917,180) (918,180) (919,184) (920,183) (921,180) (922,176) (923,172) (924,175) (925,176) (926,183) (927,183) (928,182) (929,187) (930,184) (931,171) (932,166) (933,163) (934,166) (935,173) (936,180) (937,183) (938,175) (939,181) (940,178) (941,191) (942,190) (943,185) (944,185) (945,186) (946,185) (947,189) (948,196) (949,205) (950,204) (951,200) (952,212) (953,212) (954,207) (955,196) (956,207) (957,209) (958,213) (959,216) (960,213) (961,215) (962,210) (963,211) (964,204) (965,197) (966,199) (967,195) (968,202) (969,207) (970,205) (971,201) (972,202) (973,207) (974,203) (975,211) (976,211) (977,207) (978,211) (979,208) (980,205) (981,203) (982,203) (983,200) (984,209) (985,212) (986,213) (987,218) (988,218) (989,219) (990,222) (991,222) (992,229) (993,230) 
(999,224) (994,234) (738,248) (289,189) (242,163) (108,73) (31,21) (30,20) (0,-13) (998,225) (996,229) (995,231) 
(999,224) (994,234) (738,248) (289,189) (242,163) (108,73) (31,21) (30,20) (0,-13) (998,225) (996,229) (995,231) 
(999,224) (994,234) (738,248) (289,189) (242,163) (108,73) (31,21) (30,20) (0,-13) (998,225) (996,229) (995,231) (997,225) 
TD 3 :
(999,224) (994,234) (738,248) (289,189) (242,163) (108,73) (31,21) (30,20) (0,-13) (18,6) (1,-17) (16,-2) (3,-27) (2,-29) 
(999,224) (994,234) (738,248) (289,189) (242,163) (108,73) (31,21) (30,20) (0,-13) (18,6) (1,-17) (16,-2) (3,-27) (2,-29) (4,-32) (5,-29) (6,-29) (7,-37) (8,-33) (9,-36) (10,-23) (11,-22) (12,-12) (13,-11) (14,-8) (15,-4) 
(999,224) (994,234) (738,248) (289,189) (242,163) (108,73) (31,21) (30,20) (0,-13) (18,6) (1,-17) (16,-2) (3,-27) (2,-29) (17,-1) 
(999,224) (994,234) (738,248) (289,189) (242,163) (108,73) (31,21) (30,20) (0,-13) (18,6) (1,-17) (26,10) (19,-1) (20,-2) (21,-3) (22,-7) (23,-3) (24,5) (25,6) 
(999,224) (994,234) (738,248) (289,189) (242,163) (108,73) (31,21) (30,20) (0,-13) (18,6) (1,-17) (26,10) (27,2) (28,0) (29,5) 
(999,224) (994,234) (738,248) (289,189) (242,163) (108,73) (31,21) (30,20) (0,-13) (241,160) (218,142) (110,71) (109,70) 
(999,224) (994,234) (738,248) (289,189) (242,163) (108,73) (31,21) (30,20) (0,-13) (241,160) (218,142) (110,71) (111,63) (112,66) (113,65) (114,65) (115,60) (116,55) (117,52) (118,50) (119,49) (120,41) (121,38) (122,46) (123,45) (124,44) (125,46) (126,43) (127,33) (128,36) (129,41) (130,38) (131,39) (132,44) (133,48) (134,49) (135,50) (136,46) (137,49) (138,46) (139,46) (140,45) (141,48) (142,53) (143,52) (144,52) (145,46) (146,50) (147,51) (148,47) (149,50) (150,55) (151,47) (152,44) (153,60) (154,59) (155,66) (156,67) (157,64) (158,64) (159,68) (160,68) (161,73) (162,72) (163,73) (164,71) (165,66) (166,63) (167,65) (168,67) (169,64) (170,63) (171,60) (172,67) (173,72) (174,79) (175,77) (176,78) (177,76) (178,75) (179,71) (180,83) (181,86) (182,91) (183,88) (184,91) (185,97) (186,99) (187,94) (188,95) (189,98) (190,97) (191,89) (192,85) (193,84) (194,75) (195,81) (196,89) (197,103) (198,112) (199,120) (200,121) (201,116) (202,120) (203,124) (204,119) (205,110) (206,109) (207,108) (208,102) (209,106) (210,114) (211,112) (212,119) (213,121) (214,128) (215,132) (216,136) (217,136) 
(999,224) (994,234) (738,248) (289,189) (242,163) (108,73) (31,21) (30,20) (0,-13) (241,160) (218,142) (110,71) (219,135) (220,134) (221,123) (222,130) (223,126) (224,125) (225,129) (226,130) (227,132) (228,133) (229,136) (230,140) (231,135) (232,144) (233,139) (234,150) (235,140) (236,145) (237,145) (238,146) (239,150) (240,154) 
(999,224) (994,234) (738,248) (289,189) (242,163) (108,73) (31,21) (30,20) (0,-13) (288,186) (287,183) (272,175) (243,156) (244,154) (245,155) (246,157) (247,150) (248,148) (249,143) (250,141) (251,149) (252,149) (253,148) (254,144) (255,148) (256,159) (257,156) (258,161) (259,164) (260,157) (261,153) (262,154) (263,155) (264,153) (265,158) (266,165) (267,161) (268,166) (269,172) (270,167) (271,173) 
(999,224) (994,234) (738,248) (289,189) (242,163) (108,73) (31,21) (30,20) (0,-13) (288,186) (287,183) (272,175) (273,171) (274,165) (275,175) (276,165) (277,159) (278,160) (279,163) (280,160) (281,175) (282,179) (283,173) (284,179) (285,177) (286,177) 
(999,224) (994,234) (738,248) (289,189) (242,163) (108,73) (31,21) (30,20) (0,-13) (288,186) (287,183) (272,175) 
(999,224) (994,234) (738,248) (289,189) (242,163) (108,73) (31,21) (30,20) (0,-13) (739,246) (993,230) (740,241) (741,238) (742,235) (743,229) (744,235) (745,229) (746,231) (747,232) (748,231) (749,230) (750,230) (751,240) (752,239) (753,243) (754,239) (755,237) (756,237) (757,238) (758,228) (759,231) (760,231) (761,227) (762,239) (763,241) (764,230) (765,239) (766,230) (767,233) (768,223) (769,229) (770,231) (771,232) (772,227) (773,217) (774,212) (775,212) (776,218) (777,214) (778,208) (779,211) (780,215) (781,216) (782,214) (783,216) (784,221) (785,224) (786,224) (787,220) (788,219) (789,216) (790,217) (791,215) (792,207) (793,208) (794,205) (795,213) (796,210) (797,214) (798,208) (799,207) (800,208) (801,207) (802,213) (803,213) (804,209) (805,203) (806,205) (807,202) (808,202) (809,190) (810,191) (811,201) (812,204) (813,211) (814,207) (815,211) (816,210) (817,211) (818,206) (819,200) (820,201) (821,195) (822,200) (823,191) (824,198) (825,188) (826,185) (827,191) (828,194) (829,187) (830,188) (831,180) (832,183) (833,182) (834,190) (835,192) (836,189) (837,183) (838,180) (839,176) (840,170) (841,169) (842,170) (843,173) (844,170) (845,168) (846,176) (847,174) (848,178) (849,180) (850,171) (851,171) (852,168) (853,165) (854,170) (855,173) (856,173) (857,183) (858,180) (859,181) (860,185) (861,188) (862,190) (863,192) (864,184) (865,187) (866,192) (867,188) (868,188) (869,203) (870,198) (871,188) (872,187) (873,188) (874,192) (875,195) (876,192) (877,198) (878,201) (879,197) (880,200) (881,189) (882,185) (883,175) (884,176) (885,183) (886,193) (887,192) (888,192) (889,181) (890,174) (891,165) (892,154) (893,159) (894,160) (895,166) (896,157) (897,162) (898,156) (899,154) (900,155) (901,166) (902,172) (903,169) (904,166) (905,162) (906,171) (907,166) (908,167) (909,176) (910,174) (911,178) (912,189) (913,179) (914,178) (915,188) (916,183) (917,180) (918,180) (919,184) (920,183) (921,180) (922,176) (923,172) (924,175) (925,176) (926,183) (927,183) (928,182) (929,187) (930,184) (931,171) (932,166) (933,163) (934,166) (935,173) (936,180) (937,183) (938,175) (939,181) (940,178) (941,191) (942,190) (943,185) (944,185) (945,186) (946,185) (947,189) (948,196) (949,205) (950,204) (951,200) (952,212) (953,212) (954,207) (955,196) (956,207) (957,209) (958,213) (959,216) (960,213) (961,215) (962,210) (963,211) (964,204) (965,197) (966,199) (967,195) (968,202) (969,207) (970,205) (971,201) (972,202) (973,207) (974,203) (975,211) (976,211) (977,207) (978,211) (979,208) (980,205) (981,203) (982,203) (983,200) (984,209) (985,212) (986,213) (987,218) (988,218) (989,219) (990,222) (991,222) (992,229) 
(999,224) (994,234) (738,248) (289,189) (242,163) (108,73) (31,21) (30,20) (0,-13) (739,246) (993,230) 
(999,224) (994,234) (738,248) (289,189) (242,163) (108,73) (31,21) (30,20) (0,-13) (998,225) (996,229) (995,231) (997,225) 
TD 4 :
(999,224) (994,234) (738,248) (289,189) (242,163) (108,73) (31,21) (30,20) (0,-13) (18,6) (1,-17) (16,-2) (3,-27) (2,-29) (15,-4) (5,-29) (4,-32) 
(999,224) (994,234) (738,248) (289,189) (242,163) (108,73) (31,21) (30,20) (0,-13) (18,6) (1,-17) (16,-2) (3,-27) (2,-29) (15,-4) (5,-29) (4,-32) (6,-29) (7,-37) (8,-33) (9,-36) (10,-23) (11,-22) (12,-12) (13,-11) (14,-8) 
(999,224) (994,234) (738,248) (289,189) (242,163) (108,73) (31,21) (30,20) (0,-13) (18,6) (1,-17) (16,-2) (3,-27) (2,-29) (15,-4) (5,-29) (4,-32) 
(999,224) (994,234) (738,248) (289,189) (242,163) (108,73) (31,21) (30,20) (0,-13) (18,6) (1,-17) (16,-2) (3,-27) (2,-29) (17,-1) 
(999,224) (994,234) (738,248) (289,189) (242,163) (108,73) (31,21) (30,20) (0,-13) (18,6) (1,-17) (16,-2) (3,-27) (2,-29) (17,-1) 
(999,224) (994,234) (738,248) (289,189) (242,163) (108,73) (31,21) (30,20) (0,-13) (241,160) (218,142) (110,71) (109,70) 
(999,224) (994,234) (738,248) (289,189) (242,163) (108,73) (31,21) (30,20) (0,-13) (241,160) (218,142) (110,71) (109,70) 
(999,224) (994,234) (738,248) (289,189) (242,163) (108,73) (31,21) (30,20) (0,-13) (288,186) (287,183) (272,175) (269,172) (243,156) 
(999,224) (994,234) (738,248) (289,189) (242,163) (108,73) (31,21) (30,20) (0,-13) (288,186) (287,183) (272,175) (269,172) (243,156) (244,154) (245,155) (246,157) (247,150) (248,148) (249,143) (250,141) (251,149) (252,149) (253,148) (254,144) (255,148) (256,159) (257,156) (258,161) (259,164) (260,157) (261,153) (262,154) (263,155) (264,153) (265,158) (266,165) (267,161) (268,166) 
(999,224) (994,234) (738,248) (289,189) (242,163) (108,73) (31,21) (30,20) (0,-13) (288,186) (287,183) (272,175) (269,172) (243,156) (270,167) (271,173) 
(999,224) (994,234) (738,248) (289,189) (242,163) (108,73) (31,21) (30,20) (0,-13) (288,186) (287,183) (272,175) (282,179) (273,171) (274,165) (275,175) (276,165) (277,159) (278,160) (279,163) (280,160) (281,175) 
(999,224) (994,234) (738,248) (289,189) (242,163) (108,73) (31,21) (30,20) (0,-13) (288,186) (287,183) (272,175) (282,179) (283,173) (284,179) (285,177) (286,177) 
(999,224) (994,234) (738,248) (289,189) (242,163) (108,73) (31,21) (30,20) (0,-13) (739,246) (993,230) (992,229) (753,243) (740,241) (741,238) (742,235) (743,229) (744,235) (745,229) (746,231) (747,232) (748,231) (749,230) (750,230) (751,240) (752,239) 
(999,224) (994,234) (738,248) (289,189) (242,163) (108,73) (31,21) (30,20) (0,-13) (739,246) (993,230) (992,229) (753,243) (754,239) (755,237) (756,237) (757,238) (758,228) (759,231) (760,231) (761,227) (762,239) (763,241) (764,230) (765,239) (766,230) (767,233) (768,223) (769,229) (770,231) (771,232) (772,227) (773,217) (774,212) (775,212) (776,218) (777,214) (778,208) (779,211) (780,215) (781,216) (782,214) (783,216) (784,221) (785,224) (786,224) (787,220) (788,219) (789,216) (790,217) (791,215) (792,207) (793,208) (794,205) (795,213) (796,210) (797,214) (798,208) (799,207) (800,208) (801,207) (802,213) (803,213) (804,209) (805,203) (806,205) (807,202) (808,202) (809,190) (810,191) (811,201) (812,204) (813,211) (814,207) (815,211) (816,210) (817,211) (818,206) (819,200) (820,201) (821,195) (822,200) (823,191) (824,198) (825,188) (826,185) (827,191) (828,194) (829,187) (830,188) (831,180) (832,183) (833,182) (834,190) (835,192) (836,189) (837,183) (838,180) (839,176) (840,170) (841,169) (842,170) (843,173) (844,170) (845,168) (846,176) (847,174) (848,178) (849,180) (850,171) (851,171) (852,168) (853,165) (854,170) (855,173) (856,173) (857,183) (858,180) (859,181) (860,185) (861,188) (862,190) (863,192) (864,184) (865,187) (866,192) (867,188) (868,188) (869,203) (870,198) (871,188) (872,187) (873,188) (874,192) (875,195) (876,192) (877,198) (878,201) (879,197) (880,200) (881,189) (882,185) (883,175) (884,176) (885,183) (886,193) (887,192) (888,192) (889,181) (890,174) (891,165) (892,154) (893,159) (894,160) (895,166) (896,157) (897,162) (898,156) (899,154) (900,155) (901,166) (902,172) (903,169) (904,166) (905,162) (906,171) (907,166) (908,167) (909,176) (910,174) (911,178) (912,189) (913,179) (914,178) (915,188) (916,183) (917,180) (918,180) (919,184) (920,183) (921,180) (922,176) (923,172) (924,175) (925,176) (926,183) (927,183) (928,182) (929,187) (930,184) (931,171) (932,166) (933,163) (934,166) (935,173) (936,180) (937,183) (938,175) (939,181) (940,178) (941,191) (942,190) (943,185) (944,185) (945,186) (946,185) (947,189) (948,196) (949,205) (950,204) (951,200) (952,212) (953,212) (954,207) (955,196) (956,207) (957,209) (958,213) (959,216) (960,213) (961,215) (962,210) (963,211) (964,204) (965,197) (966,199) (967,195) (968,202) (969,207) (970,205) (971,201) (972,202) (973,207) (974,203) (975,211) (976,211) (977,207) (978,211) (979,208) (980,205) (981,203) (982,203) (983,200) (984,209) (985,212) (986,213) (987,218) (988,218) (989,219) (990,222) (991,222) 
TD 5 :
(999,224) (994,234) (738,248) (289,189) (242,163) (108,73) (31,21) (30,20) (0,-13) (18,6) (1,-17) (16,-2) (3,-27) (2,-29) (15,-4) (5,-29) (4,-32) (14,-8) (12,-12) (6,-29) (7,-37) (8,-33) (9,-36) (10,-23) (11,-22) 
(999,224) (994,234) (738,248) (289,189) (242,163) (108,73) (31,21) (30,20) (0,-13) (18,6) (1,-17) (16,-2) (3,-27) (2,-29) (15,-4) (5,-29) (4,-32) (14,-8) (12,-12) (6,-29) (13,-11) 
(999,224) (994,234) (738,248) (289,189) (242,163) (108,73) (31,21) (30,20) (0,-13) (18,6) (1,-17) (16,-2) (3,-27) (2,-29) (15,-4) (5,-29) (4,-32) (14,-8) (12,-12) (6,-29) 
(999,224) (994,234) (738,248) (289,189) (242,163) (108,73) (31,21) (30,20) (0,-13) (288,186) (287,183) (272,175) (269,172) (243,156) (271,173) (270,167) 
(999,224) (994,234) (738,248) (289,189) (242,163) (108,73) (31,21) (30,20) (0,-13) (288,186) (287,183) (272,175) (269,172) (243,156) (271,173) 
(999,224) (994,234) (738,248) (289,189) (242,163) (108,73) (31,21) (30,20) (0,-13) (288,186) (287,183) (272,175) (282,179) (275,175) (273,171) (274,165) 
(999,224) (994,234) (738,248) (289,189) (242,163) (108,73) (31,21) (30,20) (0,-13) (288,186) (287,183) (272,175) (282,179) (275,175) (276,165) (277,159) (278,160) (279,163) (280,160) (281,175) 
(999,224) (994,234) (738,248) (289,189) (242,163) (108,73) (31,21) (30,20) (0,-13) (288,186) (287,183) (272,175) (282,179) (284,179) (283,173) 
(999,224) (994,234) (738,248) (289,189) (242,163) (108,73) (31,21) (30,20) (0,-13) (288,186) (287,183) (272,175) (282,179) (284,179) (285,177) (286,177) 
(999,224) (994,234) (738,248) (289,189) (242,163) (108,73) (31,21) (30,20) (0,-13) (739,246) (993,230) (992,229) (753,243) (740,241) 
(999,224) (994,234) (738,248) (289,189) (242,163) (108,73) (31,21) (30,20) (0,-13) (739,246) (993,230) (992,229) (753,243) (740,241) (741,238) (742,235) (743,229) (744,235) (745,229) (746,231) (747,232) (748,231) (749,230) (750,230) (751,240) (752,239) 
(999,224) (994,234) (738,248) (289,189) (242,163) (108,73) (31,21) (30,20) (0,-13) (739,246) (993,230) (992,229) (753,243) (991,222) (763,241) (754,239) (755,237) (756,237) (757,238) (758,228) (759,231) (760,231) (761,227) (762,239) 
(999,224) (994,234) (738,248) (289,189) (242,163) (108,73) (31,21) (30,20) (0,-13) (739,246) (993,230) (992,229) (753,243) (991,222) (763,241) (764,230) (765,239) (766,230) (767,233) (768,223) (769,229) (770,231) (771,232) (772,227) (773,217) (774,212) (775,212) (776,218) (777,214) (778,208) (779,211) (780,215) (781,216) (782,214) (783,216) (784,221) (785,224) (786,224) (787,220) (788,219) (789,216) (790,217) (791,215) (792,207) (793,208) (794,205) (795,213) (796,210) (797,214) (798,208) (799,207) (800,208) (801,207) (802,213) (803,213) (804,209) (805,203) (806,205) (807,202) (808,202) (809,190) (810,191) (811,201) (812,204) (813,211) (814,207) (815,211) (816,210) (817,211) (818,206) (819,200) (820,201) (821,195) (822,200) (823,191) (824,198) (825,188) (826,185) (827,191) (828,194) (829,187) (830,188) (831,180) (832,183) (833,182) (834,190) (835,192) (836,189) (837,183) (838,180) (839,176) (840,170) (841,169) (842,170) (843,173) (844,170) (845,168) (846,176) (847,174) (848,178) (849,180) (850,171) (851,171) (852,168) (853,165) (854,170) (855,173) (856,173) (857,183) (858,180) (859,181) (860,185) (861,188) (862,190) (863,192) (864,184) (865,187) (866,192) (867,188) (868,188) (869,203) (870,198) (871,188) (872,187) (873,188) (874,192) (875,195) (876,192) (877,198) (878,201) (879,197) (880,200) (881,189) (882,185) (883,175) (884,176) (885,183) (886,193) (887,192) (888,192) (889,181) (890,174) (891,165) (892,154) (893,159) (894,160) (895,166) (896,157) (897,162) (898,156) (899,154) (900,155) (901,166) (902,172) (903,169) (904,166) (905,162) (906,171) (907,166) (908,167) (909,176) (910,174) (911,178) (912,189) (913,179) (914,178) (915,188) (916,183) (917,180) (918,180) (919,184) (920,183) (921,180) (922,176) (923,172) (924,175) (925,176) (926,183) (927,183) (928,182) (929,187) (930,184) (931,171) (932,166) (933,163) (934,166) (935,173) (936,180) (937,183) (938,175) (939,181) (940,178) (941,191) (942,190) (943,185) (944,185) (945,186) (946,185) (947,189) (948,196) (949,205) (950,204) (951,200) (952,212) (953,212) (954,207) (955,196) (956,207) (957,209) (958,213) (959,216) (960,213) (961,215) (962,210) (963,211) (964,204) (965,197) (966,199) (967,195) (968,202) (969,207) (970,205) (971,201) (972,202) (973,207) (974,203) (975,211) (976,211) (977,207) (978,211) (979,208) (980,205) (981,203) (982,203) (983,200) (984,209) (985,212) (986,213) (987,218) (988,218) (989,219) (990,222) 
TD 6 :
(999,224) (994,234) (738,248) (289,189) (242,163) (108,73) (31,21) (30,20) (0,-13) (18,6) (1,-17) (16,-2) (3,-27) (2,-29) (15,-4) (5,-29) (4,-32) (14,-8) (12,-12) (6,-29) (10,-23) (7,-37) (8,-33) (9,-36) 
(999,224) (994,234) (738,248) (289,189) (242,163) (108,73) (31,21) (30,20) (0,-13) (18,6) (1,-17) (16,-2) (3,-27) (2,-29) (15,-4) (5,-29) (4,-32) (14,-8) (12,-12) (6,-29) (10,-23) (7,-37) (11,-22) 
(999,224) (994,234) (738,248) (289,189) (242,163) (108,73) (31,21) (30,20) (0,-13) (18,6) (1,-17) (16,-2) (3,-27) (2,-29) (15,-4) (5,-29) (4,-32) (14,-8) (12,-12) (6,-29) (13,-11) 
(999,224) (994,234) (738,248) (289,189) (242,163) (108,73) (31,21) (30,20) (0,-13) (18,6) (1,-17) (16,-2) (3,-27) (2,-29) (15,-4) (5,-29) (4,-32) (14,-8) (12,-12) (6,-29) (13,-11) 
(999,224) (994,234) (738,248) (289,189) (242,163) (108,73) (31,21) (30,20) (0,-13) (288,186) (287,183) (272,175) (282,179) (275,175) (273,171) 
(999,224) (994,234) (738,248) (289,189) (242,163) (108,73) (31,21) (30,20) (0,-13) (288,186) (287,183) (272,175) (282,179) (275,175) (273,171) (274,165) 
(999,224) (994,234) (738,248) (289,189) (242,163) (108,73) (31,21) (30,20) (0,-13) (288,186) (287,183) (272,175) (282,179) (275,175) (281,175) (276,165) (277,159) (278,160) (279,163) (280,160) 
(999,224) (994,234) (738,248) (289,189) (242,163) (108,73) (31,21) (30,20) (0,-13) (288,186) (287,183) (272,175) (282,179) (275,175) (281,175) 
(999,224) (994,234) (738,248) (289,189) (242,163) (108,73) (31,21) (30,20) (0,-13) (288,186) (287,183) (272,175) (282,179) (284,179) (285,177) 
(999,224) (994,234) (738,248) (289,189) (242,163) (108,73) (31,21) (30,20) (0,-13) (288,186) (287,183) (272,175) (282,179) (284,179) (285,177) (286,177) 
(999,224) (994,234) (738,248) (289,189) (242,163) (108,73) (31,21) (30,20) (0,-13) (739,246) (993,230) (992,229) (753,243) (740,241) (751,240) (741,238) (742,235) (743,229) (744,235) (745,229) (746,231) (747,232) (748,231) (749,230) (750,230) 
(999,224) (994,234) (738,248) (289,189) (242,163) (108,73) (31,21) (30,20) (0,-13) (739,246) (993,230) (992,229) (753,243) (740,241) (751,240) (752,239) 
(999,224) (994,234) (738,248) (289,189) (242,163) (108,73) (31,21) (30,20) (0,-13) (739,246) (993,230) (992,229) (753,243) (991,222) (763,241) (990,222) (765,239) (764,230) 
(999,224) (994,234) (738,248) (289,189) (242,163) (108,73) (31,21) (30,20) (0,-13) (739,246) (993,230) (992,229) (753,243) (991,222) (763,241) (990,222) (765,239) (766,230) (767,233) (768,223) (769,229) (770,231) (771,232) (772,227) (773,217) (774,212) (775,212) (776,218) (777,214) (778,208) (779,211) (780,215) (781,216) (782,214) (783,216) (784,221) (785,224) (786,224) (787,220) (788,219) (789,216) (790,217) (791,215) (792,207) (793,208) (794,205) (795,213) (796,210) (797,214) (798,208) (799,207) (800,208) (801,207) (802,213) (803,213) (804,209) (805,203) (806,205) (807,202) (808,202) (809,190) (810,191) (811,201) (812,204) (813,211) (814,207) (815,211) (816,210) (817,211) (818,206) (819,200) (820,201) (821,195) (822,200) (823,191) (824,198) (825,188) (826,185) (827,191) (828,194) (829,187) (830,188) (831,180) (832,183) (833,182) (834,190) (835,192) (836,189) (837,183) (838,180) (839,176) (840,170) (841,169) (842,170) (843,173) (844,170) (845,168) (846,176) (847,174) (848,178) (849,180) (850,171) (851,171) (852,168) (853,165) (854,170) (855,173) (856,173) (857,183) (858,180) (859,181) (860,185) (861,188) (862,190) (863,192) (864,184) (865,187) (866,192) (867,188) (868,188) (869,203) (870,198) (871,188) (872,187) (873,188) (874,192) (875,195) (876,192) (877,198) (878,201) (879,197) (880,200) (881,189) (882,185) (883,175) (884,176) (885,183) (886,193) (887,192) (888,192) (889,181) (890,174) (891,165) (892,154) (893,159) (894,160) (895,166) (896,157) (897,162) (898,156) (899,154) (900,155) (901,166) (902,172) (903,169) (904,166) (905,162) (906,171) (907,166) (908,167) (909,176) (910,174) (911,178) (912,189) (913,179) (914,178) (915,188) (916,183) (917,180) (918,180) (919,184) (920,183) (921,180) (922,176) (923,172) (924,175) (925,176) (926,183) (927,183) (928,182) (929,187) (930,184) (931,171) (932,166) (933,163) (934,166) (935,173) (936,180) (937,183) (938,175) (939,181) (940,178) (941,191) (942,190) (943,185) (944,185) (945,186) (946,185) (947,189) (948,196) (949,205) (950,204) (951,200) (952,212) (953,212) (954,207) (955,196) (956,207) (957,209) (958,213) (959,216) (960,213) (961,215) (962,210) (963,211) (964,204) (965,197) (966,199) (967,195) (968,202) (969,207) (970,205) (971,201) (972,202) (973,207) (974,203) (975,211) (976,211) (977,207) (978,211) (979,208) (980,205) (981,203) (982,203) (983,200) (984,209) (985,212) (986,213) (987,218) (988,218) (989,219) 
TD 7 :
(999,224) (994,234) (738,248) (289,189) (242,163) (108,73) (31,21) (30,20) (0,-13) (18,6) (1,-17) (16,-2) (3,-27) (2,-29) (15,-4) (5,-29) (4,-32) (14,-8) (12,-12) (6,-29) (10,-23) (7,-37) (8,-33) (9,-36) 
(999,224) (994,234) (738,248) (289,189) (242,163) (108,73) (31,21) (30,20) (0,-13) (18,6) (1,-17) (16,-2) (3,-27) (2,-29) (15,-4) (5,-29) (4,-32) (14,-8) (12,-12) (6,-29) (10,-23) (7,-37) (11,-22) 
(999,224) (994,234) (738,248) (289,189) (242,163) (108,73) (31,21) (30,20) (0,-13) (18,6) (1,-17) (16,-2) (3,-27) (2,-29) (15,-4) (5,-29) (4,-32) (14,-8) (12,-12) (6,-29) (10,-23) (7,-37) (11,-22) 
(999,224) (994,234) (738,248) (289,189) (242,163) (108,73) (31,21) (30,20) (0,-13) (288,186) (287,183) (272,175) (282,179) (284,179) (285,177) (286,177) 
(999,224) (994,234) (738,248) (289,189) (242,163) (108,73) (31,21) (30,20) (0,-13) (288,186) (287,183) (272,175) (282,179) (284,179) (285,177) (286,177) 
(999,224) (994,234) (738,248) (289,189) (242,163) (108,73) (31,21) (30,20) (0,-13) (739,246) (993,230) (992,229) (753,243) (740,241) (751,240) (752,239) 
(999,224) (994,234) (738,248) (289,189) (242,163) (108,73) (31,21) (30,20) (0,-13) (739,246) (993,230) (992,229) (753,243) (740,241) (751,240) (752,239) 
(999,224) (994,234) (738,248) (289,189) (242,163) (108,73) (31,21) (30,20) (0,-13) (739,246) (993,230) (992,229) (753,243) (991,222) (763,241) (990,222) (765,239) (989,219) (766,230) (767,233) (768,223) (769,229) (770,231) (771,232) (772,227) (773,217) (774,212) (775,212) (776,218) (777,214) (778,208) (779,211) (780,215) (781,216) (782,214) (783,216) (784,221) (785,224) (786,224) (787,220) (788,219) (789,216) (790,217) (791,215) (792,207) (793,208) (794,205) (795,213) (796,210) (797,214) (798,208) (799,207) (800,208) (801,207) (802,213) (803,213) (804,209) (805,203) (806,205) (807,202) (808,202) (809,190) (810,191) (811,201) (812,204) (813,211) (814,207) (815,211) (816,210) (817,211) (818,206) (819,200) (820,201) (821,195) (822,200) (823,191) (824,198) (825,188) (826,185) (827,191) (828,194) (829,187) (830,188) (831,180) (832,183) (833,182) (834,190) (835,192) (836,189) (837,183) (838,180) (839,176) (840,170) (841,169) (842,170) (843,173) (844,170) (845,168) (846,176) (847,174) (848,178) (849,180) (850,171) (851,171) (852,168) (853,165) (854,170) (855,173) (856,173) (857,183) (858,180) (859,181) (860,185) (861,188) (862,190) (863,192) (864,184) (865,187) (866,192) (867,188) (868,188) (869,203) (870,198) (871,188) (872,187) (873,188) (874,192) (875,195) (876,192) (877,198) (878,201) (879,197) (880,200) (881,189) (882,185) (883,175) (884,176) (885,183) (886,193) (887,192) (888,192) (889,181) (890,174) (891,165) (892,154) (893,159) (894,160) (895,166) (896,157) (897,162) (898,156) (899,154) (900,155) (901,166) (902,172) (903,169) (904,166) (905,162) (906,171) (907,166) (908,167) (909,176) (910,174) (911,178) (912,189) (913,179) (914,178) (915,188) (916,183) (917,180) (918,180) (919,184) (920,183) (921,180) (922,176) (923,172) (924,175) (925,176) (926,183) (927,183) (928,182) (929,187) (930,184) (931,171) (932,166) (933,163) (934,166) (935,173) (936,180) (937,183) (938,175) (939,181) (940,178) (941,191) (942,190) (943,185) (944,185) (945,186) (946,185) (947,189) (948,196) (949,205) (950,204) (951,200) (952,212) (953,212) (954,207) (955,196) (956,207) (957,209) (958,213) (959,216) (960,213) (961,215) (962,210) (963,211) (964,204) (965,197) (966,199) (967,195) (968,202) (969,207) (970,205) (971,201) (972,202) (973,207) (974,203) (975,211) (976,211) (977,207) (978,211) (979,208) (980,205) (981,203) (982,203) (983,200) (984,209) (985,212) (986,213) (987,218) (988,218) 
TD 8 :
(999,224) (994,234) (738,248) (289,189) (242,163) (108,73) (31,21) (30,20) (0,-13) (18,6) (1,-17) (16,-2) (3,-27) (2,-29) (15,-4) (5,-29) (4,-32) (14,-8) (12,-12) (6,-29) (10,-23) (7,-37) (8,-33) (9,-36) 
(999,224) (994,234) (738,248) (289,189) (242,163) (108,73) (31,21) (30,20) (0,-13) (739,246) (993,230) (992,229) (753,243) (991,222) (763,241) (990,222) (765,239) (989,219) (988,218) (766,230) (767,233) (768,223) (769,229) (770,231) (771,232) (772,227) (773,217) (774,212) (775,212) (776,218) (777,214) (778,208) (779,211) (780,215) (781,216) (782,214) (783,216) (784,221) (785,224) (786,224) (787,220) (788,219) (789,216) (790,217) (791,215) (792,207) (793,208) (794,205) (795,213) (796,210) (797,214) (798,208) (799,207) (800,208) (801,207) (802,213) (803,213) (804,209) (805,203) (806,205) (807,202) (808,202) (809,190) (810,191) (811,201) (812,204) (813,211) (814,207) (815,211) (816,210) (817,211) (818,206) (819,200) (820,201) (821,195) (822,200) (823,191) (824,198) (825,188) (826,185) (827,191) (828,194) (829,187) (830,188) (831,180) (832,183) (833,182) (834,190) (835,192) (836,189) (837,183) (838,180) (839,176) (840,170) (841,169) (842,170) (843,173) (844,170) (845,168) (846,176) (847,174) (848,178) (849,180) (850,171) (851,171) (852,168) (853,165) (854,170) (855,173) (856,173) (857,183) (858,180) (859,181) (860,185) (861,188) (862,190) (863,192) (864,184) (865,187) (866,192) (867,188) (868,188) (869,203) (870,198) (871,188) (872,187) (873,188) (874,192) (875,195) (876,192) (877,198) (878,201) (879,197) (880,200) (881,189) (882,185) (883,175) (884,176) (885,183) (886,193) (887,192) (888,192) (889,181) (890,174) (891,165) (892,154) (893,159) (894,160) (895,166) (896,157) (897,162) (898,156) (899,154) (900,155) (901,166) (902,172) (903,169) (904,166) (905,162) (906,171) (907,166) (908,167) (909,176) (910,174) (911,178) (912,189) (913,179) (914,178) (915,188) (916,183) (917,180) (918,180) (919,184) (920,183) (921,180) (922,176) (923,172) (924,175) (925,176) (926,183) (927,183) (928,182) (929,187) (930,184) (931,171) (932,166) (933,163) (934,166) (935,173) (936,180) (937,183) (938,175) (939,181) (940,178) (941,191) (942,190) (943,185) (944,185) (945,186) (946,185) (947,189) (948,196) (949,205) (950,204) (951,200) (952,212) (953,212) (954,207) (955,196) (956,207) (957,209) (958,213) (959,216) (960,213) (961,215) (962,210) (963,211) (964,204) (965,197) (966,199) (967,195) (968,202) (969,207) (970,205) (971,201) (972,202) (973,207) (974,203) (975,211) (976,211) (977,207) (978,211) (979,208) (980,205) (981,203) (982,203) (983,200) (984,209) (985,212) (986,213) (987,218) 
TD 9 :
(999,224) (994,234) (738,248) (289,189) (242,163) (108,73) (31,21) (30,20) (0,-13) (739,246) (993,230) (992,229) (753,243) (991,222) (763,241) (990,222) (765,239) (989,219) (988,218) (987,218) (766,230) (767,233) (768,223) (769,229) (770,231) (771,232) (772,227) (773,217) (774,212) (775,212) (776,218) (777,214) (778,208) (779,211) (780,215) (781,216) (782,214) (783,216) (784,221) (785,224) (786,224) (787,220) (788,219) (789,216) (790,217) (791,215) (792,207) (793,208) (794,205) (795,213) (796,210) (797,214) (798,208) (799,207) (800,208) (801,207) (802,213) (803,213) (804,209) (805,203) (806,205) (807,202) (808,202) (809,190) (810,191) (811,201) (812,204) (813,211) (814,207) (815,211) (816,210) (817,211) (818,206) (819,200) (820,201) (821,195) (822,200) (823,191) (824,198) (825,188) (826,185) (827,191) (828,194) (829,187) (830,188) (831,180) (832,183) (833,182) (834,190) (835,192) (836,189) (837,183) (838,180) (839,176) (840,170) (841,169) (842,170) (843,173) (844,170) (845,168) (846,176) (847,174) (848,178) (849,180) (850,171) (851,171) (852,168) (853,165) (854,170) (855,173) (856,173) (857,183) (858,180) (859,181) (860,185) (861,188) (862,190) (863,192) (864,184) (865,187) (866,192) (867,188) (868,188) (869,203) (870,198) (871,188) (872,187) (873,188) (874,192) (875,195) (876,192) (877,198) (878,201) (879,197) (880,200) (881,189) (882,185) (883,175) (884,176) (885,183) (886,193) (887,192) (888,192) (889,181) (890,174) (891,165) (892,154) (893,159) (894,160) (895,166) (896,157) (897,162) (898,156) (899,154) (900,155) (901,166) (902,172) (903,169) (904,166) (905,162) (906,171) (907,166) (908,167) (909,176) (910,174) (911,178) (912,189) (913,179) (914,178) (915,188) (916,183) (917,180) (918,180) (919,184) (920,183) (921,180) (922,176) (923,172) (924,175) (925,176) (926,183) (927,183) (928,182) (929,187) (930,184) (931,171) (932,166) (933,163) (934,166) (935,173) (936,180) (937,183) (938,175) (939,181) (940,178) (941,191) (942,190) (943,185) (944,185) (945,186) (946,185) (947,189) (948,196) (949,205) (950,204) (951,200) (952,212) (953,212) (954,207) (955,196) (956,207) (957,209) (958,213) (959,216) (960,213) (961,215) (962,210) (963,211) (964,204) (965,197) (966,199) (967,195) (968,202) (969,207) (970,205) (971,201) (972,202) (973,207) (974,203) (975,211) (976,211) (977,207) (978,211) (979,208) (980,205) (981,203) (982,203) (983,200) (984,209) (985,212) (986,213) 
TD 10 :
(999,224) (994,234) (738,248) (289,189) (242,163) (108,73) (31,21) (30,20) (0,-13) (739,246) (993,230) (992,229) (753,243) (991,222) (763,241) (990,222) (765,239) (989,219) (988,218) (987,218) (986,213) (959,216) (766,230) (767,233) (768,223) (769,229) (770,231) (771,232) (772,227) (773,217) (774,212) (775,212) (776,218) (777,214) (778,208) (779,211) (780,215) (781,216) (782,214) (783,216) (784,221) (785,224) (786,224) (787,220) (788,219) (789,216) (790,217) (791,215) (792,207) (793,208) (794,205) (795,213) (796,210) (797,214) (798,208) (799,207) (800,208) (801,207) (802,213) (803,213) (804,209) (805,203) (806,205) (807,202) (808,202) (809,190) (810,191) (811,201) (812,204) (813,211) (814,207) (815,211) (816,210) (817,211) (818,206) (819,200) (820,201) (821,195) (822,200) (823,191) (824,198) (825,188) (826,185) (827,191) (828,194) (829,187) (830,188) (831,180) (832,183) (833,182) (834,190) (835,192) (836,189) (837,183) (838,180) (839,176) (840,170) (841,169) (842,170) (843,173) (844,170) (845,168) (846,176) (847,174) (848,178) (849,180) (850,171) (851,171) (852,168) (853,165) (854,170) (855,173) (856,173) (857,183) (858,180) (859,181) (860,185) (861,188) (862,190) (863,192) (864,184) (865,187) (866,192) (867,188) (868,188) (869,203) (870,198) (871,188) (872,187) (873,188) (874,192) (875,195) (876,192) (877,198) (878,201) (879,197) (880,200) (881,189) (882,185) (883,175) (884,176) (885,183) (886,193) (887,192) (888,192) (889,181) (890,174) (891,165) (892,154) (893,159) (894,160) (895,166) (896,157) (897,162) (898,156) (899,154) (900,155) (901,166) (902,172) (903,169) (904,166) (905,162) (906,171) (907,166) (908,167) (909,176) (910,174) (911,178) (912,189) (913,179) (914,178) (915,188) (916,183) (917,180) (918,180) (919,184) (920,183) (921,180) (922,176) (923,172) (924,175) (925,176) (926,183) (927,183) (928,182) (929,187) (930,184) (931,171) (932,166) (933,163) (934,166) (935,173) (936,180) (937,183) (938,175) (939,181) (940,178) (941,191) (942,190) (943,185) (944,185) (945,186) (946,185) (947,189) (948,196) (949,205) (950,204) (951,200) (952,212) (953,212) (954,207) (955,196) (956,207) (957,209) (958,213) 
(999,224) (994,234) (738,248) (289,189) (242,163) (108,73) (31,21) (30,20) (0,-13) (739,246) (993,230) (992,229) (753,243) (991,222) (763,241) (990,222) (765,239) (989,219) (988,218) (987,218) (986,213) (959,216) (960,213) (961,215) (962,210) (963,211) (964,204) (965,197) (966,199) (967,195) (968,202) (969,207) (970,205) (971,201) (972,202) (973,207) (974,203) (975,211) (976,211) (977,207) (978,211) (979,208) (980,205) (981,203) (982,203) (983,200) (984,209) (985,212) 
TD 11 :
(999,224) (994,234) (738,248) (289,189) (242,163) (108,73) (31,21) (30,20) (0,-13) (739,246) (993,230) (992,229) (753,243) (991,222) (763,241) (990,222) (765,239) (989,219) (988,218) (987,218) (986,213) (959,216) (767,233) (766,230) 
(999,224) (994,234) (738,248) (289,189) (242,163) (108,73) (31,21) (30,20) (0,-13) (739,246) (993,230) (992,229) (753,243) (991,222) (763,241) (990,222) (765,239) (989,219) (988,218) (987,218) (986,213) (959,216) (767,233) (768,223) (769,229) (770,231) (771,232) (772,227) (773,217) (774,212) (775,212) (776,218) (777,214) (778,208) (779,211) (780,215) (781,216) (782,214) (783,216) (784,221) (785,224) (786,224) (787,220) (788,219) (789,216) (790,217) (791,215) (792,207) (793,208) (794,205) (795,213) (796,210) (797,214) (798,208) (799,207) (800,208) (801,207) (802,213) (803,213) (804,209) (805,203) (806,205) (807,202) (808,202) (809,190) (810,191) (811,201) (812,204) (813,211) (814,207) (815,211) (816,210) (817,211) (818,206) (819,200) (820,201) (821,195) (822,200) (823,191) (824,198) (825,188) (826,185) (827,191) (828,194) (829,187) (830,188) (831,180) (832,183) (833,182) (834,190) (835,192) (836,189) (837,183) (838,180) (839,176) (840,170) (841,169) (842,170) (843,173) (844,170) (845,168) (846,176) (847,174) (848,178) (849,180) (850,171) (851,171) (852,168) (853,165) (854,170) (855,173) (856,173) (857,183) (858,180) (859,181) (860,185) (861,188) (862,190) (863,192) (864,184) (865,187) (866,192) (867,188) (868,188) (869,203) (870,198) (871,188) (872,187) (873,188) (874,192) (875,195) (876,192) (877,198) (878,201) (879,197) (880,200) (881,189) (882,185) (883,175) (884,176) (885,183) (886,193) (887,192) (888,192) (889,181) (890,174) (891,165) (892,154) (893,159) (894,160) (895,166) (896,157) (897,162) (898,156) (899,154) (900,155) (901,166) (902,172) (903,169) (904,166) (905,162) (906,171) (907,166) (908,167) (909,176) (910,174) (911,178) (912,189) (913,179) (914,178) (915,188) (916,183) (917,180) (918,180) (919,184) (920,183) (921,180) (922,176) (923,172) (924,175) (925,176) (926,183) (927,183) (928,182) (929,187) (930,184) (931,171) (932,166) (933,163) (934,166) (935,173) (936,180) (937,183) (938,175) (939,181) (940,178) (941,191) (942,190) (943,185) (944,185) (945,186) (946,185) (947,189) (948,196) (949,205) (950,204) (951,200) (952,212) (953,212) (954,207) (955,196) (956,207) (957,209) (958,213) 
(999,224) (994,234) (738,248) (289,189) (242,163) (108,73) (31,21) (30,20) (0,-13) (739,246) (993,230) (992,229) (753,243) (991,222) (763,241) (990,222) (765,239) (989,219) (988,218) (987,218) (986,213) (959,216) (985,212) (961,215) (960,213) 
(999,224) (994,234) (738,248) (289,189) (242,163) (108,73) (31,21) (30,20) (0,-13) (739,246) (993,230) (992,229) (753,243) (991,222) (763,241) (990,222) (765,239) (989,219) (988,218) (987,218) (986,213) (959,216) (985,212) (961,215) (962,210) (963,211) (964,204) (965,197) (966,199) (967,195) (968,202) (969,207) (970,205) (971,201) (972,202) (973,207) (974,203) (975,211) (976,211) (977,207) (978,211) (979,208) (980,205) (981,203) (982,203) (983,200) (984,209) 
TD 12 :
(999,224) (994,234) (738,248) (289,189) (242,163) (108,73) (31,21) (30,20) (0,-13) (739,246) (993,230) (992,229) (753,243) (991,222) (763,241) (990,222) (765,239) (989,219) (988,218) (987,218) (986,213) (959,216) (767,233) (771,232) (768,223) (769,229) (770,231) 
(999,224) (994,234) (738,248) (289,189) (242,163) (108,73) (31,21) (30,20) (0,-13) (739,246) (993,230) (992,229) (753,243) (991,222) (763,241) (990,222) (765,239) (989,219) (988,218) (987,218) (986,213) (959,216) (767,233) (771,232) (772,227) (773,217) (774,212) (775,212) (776,218) (777,214) (778,208) (779,211) (780,215) (781,216) (782,214) (783,216) (784,221) (785,224) (786,224) (787,220) (788,219) (789,216) (790,217) (791,215) (792,207) (793,208) (794,205) (795,213) (796,210) (797,214) (798,208) (799,207) (800,208) (801,207) (802,213) (803,213) (804,209) (805,203) (806,205) (807,202) (808,202) (809,190) (810,191) (811,201) (812,204) (813,211) (814,207) (815,211) (816,210) (817,211) (818,206) (819,200) (820,201) (821,195) (822,200) (823,191) (824,198) (825,188) (826,185) (827,191) (828,194) (829,187) (830,188) (831,180) (832,183) (833,182) (834,190) (835,192) (836,189) (837,183) (838,180) (839,176) (840,170) (841,169) (842,170) (843,173) (844,170) (845,168) (846,176) (847,174) (848,178) (849,180) (850,171) (851,171) (852,168) (853,165) (854,170) (855,173) (856,173) (857,183) (858,180) (859,181) (860,185) (861,188) (862,190) (863,192) (864,184) (865,187) (866,192) (867,188) (868,188) (869,203) (870,198) (871,188) (872,187) (873,188) (874,192) (875,195) (876,192) (877,198) (878,201) (879,197) (880,200) (881,189) (882,185) (883,175) (884,176) (885,183) (886,193) (887,192) (888,192) (889,181) (890,174) (891,165) (892,154) (893,159) (894,160) (895,166) (896,157) (897,162) (898,156) (899,154) (900,155) (901,166) (902,172) (903,169) (904,166) (905,162) (906,171) (907,166) (908,167) (909,176) (910,174) (911,178) (912,189) (913,179) (914,178) (915,188) (916,183) (917,180) (918,180) (919,184) (920,183) (921,180) (922,176) (923,172) (924,175) (925,176) (926,183) (927,183) (928,182) (929,187) (930,184) (931,171) (932,166) (933,163) (934,166) (935,173) (936,180) (937,183) (938,175) (939,181) (940,178) (941,191) (942,190) (943,185) (944,185) (945,186) (946,185) (947,189) (948,196) (949,205) (950,204) (951,200) (952,212) (953,212) (954,207) (955,196) (956,207) (957,209) (958,213) 
(999,224) (994,234) (738,248) (289,189) (242,163) (108,73) (31,21) (30,20) (0,-13) (739,246) (993,230) (992,229) (753,243) (991,222) (763,241) (990,222) (765,239) (989,219) (988,218) (987,218) (986,213) (959,216) (985,212) (961,215) (960,213) 
(999,224) (994,234) (738,248) (289,189) (242,163) (108,73) (31,21) (30,20) (0,-13) (739,246) (993,230) (992,229) (753,243) (991,222) (763,241) (990,222) (765,239) (989,219) (988,218) (987,218) (986,213) (959,216) (985,212) (961,215) (960,213) 
(999,224) (994,234) (738,248) (289,189) (242,163) (108,73) (31,21) (30,20) (0,-13) (739,246) (993,230) (992,229) (753,243) (991,222) (763,241) (990,222) (765,239) (989,219) (988,218) (987,218) (986,213) (959,216) (985,212) (961,215) (984,209) (978,211) (962,210) (963,211) (964,204) (965,197) (966,199) (967,195) (968,202) (969,207) (970,205) (971,201) (972,202) (973,207) (974,203) (975,211) (976,211) (977,207) 
(999,224) (994,234) (738,248) (289,189) (242,163) (108,73) (31,21) (30,20) (0,-13) (739,246) (993,230) (992,229) (753,243) (991,222) (763,241) (990,222) (765,239) (989,219) (988,218) (987,218) (986,213) (959,216) (985,212) (961,215) (984,209) (978,211) (979,208) (980,205) (981,203) (982,203) (983,200) 
TD 13 :
(999,224) (994,234) (738,248) (289,189) (242,163) (108,73) (31,21) (30,20) (0,-13) (739,246) (993,230) (992,229) (753,243) (991,222) (763,241) (990,222) (765,239) (989,219) (988,218) (987,218) (986,213) (959,216) (767,233) (771,232) (770,231) (768,223) (769,229) 
(999,224) (994,234) (738,248) (289,189) (242,163) (108,73) (31,21) (30,20) (0,-13) (739,246) (993,230) (992,229) (753,243) (991,222) (763,241) (990,222) (765,239) (989,219) (988,218) (987,218) (986,213) (959,216) (767,233) (771,232) (770,231) 
(999,224) (994,234) (738,248) (289,189) (242,163) (108,73) (31,21) (30,20) (0,-13) (739,246) (993,230) (992,229) (753,243) (991,222) (763,241) (990,222) (765,239) (989,219) (988,218) (987,218) (986,213) (959,216) (767,233) (771,232) (958,213) (772,227) (773,217) (774,212) (775,212) (776,218) (777,214) (778,208) (779,211) (780,215) (781,216) (782,214) (783,216) (784,221) (785,224) (786,224) (787,220) (788,219) (789,216) (790,217) (791,215) (792,207) (793,208) (794,205) (795,213) (796,210) (797,214) (798,208) (799,207) (800,208) (801,207) (802,213) (803,213) (804,209) (805,203) (806,205) (807,202) (808,202) (809,190) (810,191) (811,201) (812,204) (813,211) (814,207) (815,211) (816,210) (817,211) (818,206) (819,200) (820,201) (821,195) (822,200) (823,191) (824,198) (825,188) (826,185) (827,191) (828,194) (829,187) (830,188) (831,180) (832,183) (833,182) (834,190) (835,192) (836,189) (837,183) (838,180) (839,176) (840,170) (841,169) (842,170) (843,173) (844,170) (845,168) (846,176) (847,174) (848,178) (849,180) (850,171) (851,171) (852,168) (853,165) (854,170) (855,173) (856,173) (857,183) (858,180) (859,181) (860,185) (861,188) (862,190) (863,192) (864,184) (865,187) (866,192) (867,188) (868,188) (869,203) (870,198) (871,188) (872,187) (873,188) (874,192) (875,195) (876,192) (877,198) (878,201) (879,197) (880,200) (881,189) (882,185) (883,175) (884,176) (885,183) (886,193) (887,192) (888,192) (889,181) (890,174) (891,165) (892,154) (893,159) (894,160) (895,166) (896,157) (897,162) (898,156) (899,154) (900,155) (901,166) (902,172) (903,169) (904,166) (905,162) (906,171) (907,166) (908,167) (909,176) (910,174) (911,178) (912,189) (913,179) (914,178) (915,188) (916,183) (917,180) (918,180) (919,184) (920,183) (921,180) (922,176) (923,172) (924,175) (925,176) (926,183) (927,183) (928,182) (929,187) (930,184) (931,171) (932,166) (933,163) (934,166) (935,173) (936,180) (937,183) (938,175) (939,181) (940,178) (941,191) (942,190) (943,185) (944,185) (945,186) (946,185) (947,189) (948,196) (949,205) (950,204) (951,200) (952,212) (953,212) (954,207) (955,196) (956,207) (957,209) 
(999,224) (994,234) (738,248) (289,189) (242,163) (108,73) (31,21) (30,20) (0,-13) (739,246) (993,230) (992,229) (753,243) (991,222) (763,241) (990,222) (765,239) (989,219) (988,218) (987,218) (986,213) (959,216) (767,233) (771,232) (958,213) 
(999,224) (994,234) (738,248) (289,189) (242,163) (108,73) (31,21) (30,20) (0,-13) (739,246) (993,230) (992,229) (753,243) (991,222) (763,241) (990,222) (765,239) (989,219) (988,218) (987,218) (986,213) (959,216) (985,212) (961,215) (984,209) (978,211) (976,211) (962,210) (963,211) (964,204) (965,197) (966,199) (967,195) (968,202) (969,207) (970,205) (971,201) (972,202) (973,207) (974,203) (975,211) 
(999,224) (994,234) (738,248) (289,189) (242,163) (108,73) (31,21) (30,20) (0,-13) (739,246) (993,230) (992,229) (753,243) (991,222) (763,241) (990,222) (765,239) (989,219) (988,218) (987,218) (986,213) (959,216) (985,212) (961,215) (984,209) (978,211) (976,211) (977,207) 
(999,224) (994,234) (738,248) (289,189) (242,163) (108,73) (31,21) (30,20) (0,-13) (739,246) (993,230) (992,229) (753,243) (991,222) (763,241) (990,222) (765,239) (989,219) (988,218) (987,218) (986,213) (959,216) (985,212) (961,215) (984,209) (978,211) (983,200) (982,203) (979,208) 
(999,224) (994,234) (738,248) (289,189) (242,163) (108,73) (31,21) (30,20) (0,-13) (739,246) (993,230) (992,229) (753,243) (991,222) (763,241) (990,222) (765,239) (989,219) (988,218) (987,218) (986,213) (959,216) (985,212) (961,215) (984,209) (978,211) (983,200) (982,203) (979,208) (980,205) (981,203) 
(999,224) (994,234) (738,248) (289,189) (242,163) (108,73) (31,21) (30,20) (0,-13) (739,246) (993,230) (992,229) (753,243) (991,222) (763,241) (990,222) (765,239) (989,219) (988,218) (987,218) (986,213) (959,216) (985,212) (961,215) (984,209) (978,211) (983,200) (982,203) (979,208) 
TD 14 :
(999,224) (994,234) (738,248) (289,189) (242,163) (108,73) (31,21) (30,20) (0,-13) (739,246) (993,230) (992,229) (753,243) (991,222) (763,241) (990,222) (765,239) (989,219) (988,218) (987,218) (986,213) (959,216) (985,212) (961,215) (984,209) (978,211) (976,211) (975,211) (962,210) (963,211) (964,204) (965,197) (966,199) (967,195) (968,202) (969,207) (970,205) (971,201) (972,202) (973,207) (974,203) 
(999,224) (994,234) (738,248) (289,189) (242,163) (108,73) (31,21) (30,20) (0,-13) (739,246) (993,230) (992,229) (753,243) (991,222) (763,241) (990,222) (765,239) (989,219) (988,218) (987,218) (986,213) (959,216) (985,212) (961,215) (984,209) (978,211) (976,211) (975,211) 
(999,224) (994,234) (738,248) (289,189) (242,163) (108,73) (31,21) (30,20) (0,-13) (739,246) (993,230) (992,229) (753,243) (991,222) (763,241) (990,222) (765,239) (989,219) (988,218) (987,218) (986,213) (959,216) (985,212) (961,215) (984,209) (978,211) (983,200) (982,203) (979,208) (981,203) (980,205) 
(999,224) (994,234) (738,248) (289,189) (242,163) (108,73) (31,21) (30,20) (0,-13) (739,246) (993,230) (992,229) (753,243) (991,222) (763,241) (990,222) (765,239) (989,219) (988,218) (987,218) (986,213) (959,216) (985,212) (961,215) (984,209) (978,211) (983,200) (982,203) (979,208) (981,203) (980,205) 
TD 15 :
(999,224) (994,234) (738,248) (289,189) (242,163) (108,73) (31,21) (30,20) (0,-13) (739,246) (993,230) (992,229) (753,243) (991,222) (763,241) (990,222) (765,239) (989,219) (988,218) (987,218) (986,213) (959,216) (985,212) (961,215) (984,209) (978,211) (976,211) (975,211) (963,211) (962,210) 
(999,224) (994,234) (738,248) (289,189) (242,163) (108,73) (31,21) (30,20) (0,-13) (739,246) (993,230) (992,229) (753,243) (991,222) (763,241) (990,222) (765,239) (989,219) (988,218) (987,218) (986,213) (959,216) (985,212) (961,215) (984,209) (978,211) (976,211) (975,211) (963,211) (964,204) (965,197) (966,199) (967,195) (968,202) (969,207) (970,205) (971,201) (972,202) (973,207) (974,203) 
TD 16 :
(999,224) (994,234) (738,248) (289,189) (242,163) (108,73) (31,21) (30,20) (0,-13) (739,246) (993,230) (992,229) (753,243) (991,222) (763,241) (990,222) (765,239) (989,219) (988,218) (987,218) (986,213) (959,216) (985,212) (961,215) (984,209) (978,211) (976,211) (975,211) (963,211) (962,210) 
(999,224) (994,234) (738,248) (289,189) (242,163) (108,73) (31,21) (30,20) (0,-13) (739,246) (993,230) (992,229) (753,243) (991,222) (763,241) (990,222) (765,239) (989,219) (988,218) (987,218) (986,213) (959,216) (985,212) (961,215) (984,209) (978,211) (976,211) (975,211) (963,211) (962,210) 
(999,224) (994,234) (738,248) (289,189) (242,163) (108,73) (31,21) (30,20) (0,-13) (739,246) (993,230) (992,229) (753,243) (991,222) (763,241) (990,222) (765,239) (989,219) (988,218) (987,218) (986,213) (959,216) (985,212) (961,215) (984,209) (978,211) (976,211) (975,211) (963,211) (974,203) (973,207) (964,204) (965,197) (966,199) (967,195) (968,202) (969,207) (970,205) (971,201) (972,202) 
(999,224) (994,234) (738,248) (289,189) (242,163) (108,73) (31,21) (30,20) (0,-13) (739,246) (993,230) (992,229) (753,243) (991,222) (763,241) (990,222) (765,239) (989,219) (988,218) (987,218) (986,213) (959,216) (985,212) (961,215) (984,209) (978,211) (976,211) (975,211) (963,211) (974,203) (973,207) 
TD 17 :
(999,224) (994,234) (738,248) (289,189) (242,163) (108,73) (31,21) (30,20) (0,-13) (739,246) (993,230) (992,229) (753,243) (991,222) (763,241) (990,222) (765,239) (989,219) (988,218) (987,218) (986,213) (959,216) (985,212) (961,215) (984,209) (978,211) (976,211) (975,211) (963,211) (974,203) (973,207) (972,202) (969,207) (964,204) (965,197) (966,199) (967,195) (968,202) 
(999,224) (994,234) (738,248) (289,189) (242,163) (108,73) (31,21) (30,20) (0,-13) (739,246) (993,230) (992,229) (753,243) (991,222) (763,241) (990,222) (765,239) (989,219) (988,218) (987,218) (986,213) (959,216) (985,212) (961,215) (984,209) (978,211) (976,211) (975,211) (963,211) (974,203) (973,207) (972,202) (969,207) (970,205) (971,201) 
TD 18 :
(999,224) (994,234) (738,248) (289,189) (242,163) (108,73) (31,21) (30,20) (0,-13) (739,246) (993,230) (992,229) (753,243) (991,222) (763,241) (990,222) (765,239) (989,219) (988,218) (987,218) (986,213) (959,216) (985,212) (961,215) (984,209) (978,211) (976,211) (975,211) (963,211) (974,203) (973,207) (972,202) (969,207) (971,201) (970,205) 
(999,224) (994,234) (738,248) (289,189) (242,163) (108,73) (31,21) (30,20) (0,-13) (739,246) (993,230) (992,229) (753,243) (991,222) (763,241) (990,222) (765,239) (989,219) (988,218) (987,218) (986,213) (959,216) (985,212) (961,215) (984,209) (978,211) (976,211) (975,211) (963,211) (974,203) (973,207) (972,202) (969,207) (971,201) (970,205) 
TD 19 :
TD 20 :
TD 21 :
TD 22 :
TD 23 :
TD 24 :
TD 25 :
TD 26 :
TD 27 :
TD 28 :
TD 29 :
TD 30 :
TD 31 :
TD 32 :
TD 33 :
TD 34 :
TD 35 :
TD 36 :
TD 37 :
TD 38 :
TD 39 :
TD 40 :
TD 41 :
TD 42 :
TD 43 :
TD 44 :
TD 45 :
TD 46 :
TD 47 :
TD 48 :
TD 49 :
TD 50 :
TD 51 :
TD 52 :
TD 53 :
TD 54 :
TD 55 :
TD 56 :
TD 57 :
TD 58 :
TD 59 :
TD 60 :
TD 61 :
TD 62 :
TD 63 :
TD 64 :
TD 65 :
TD 66 :
TD 67 :
TD 68 :
TD 69 :
TD 70 :
TD 71 :
TD 72 :
TD 73 :
TD 74 :
TD 75 :
TD 76 :
TD 77 :
TD 78 :
TD 79 :
TD 80 :
TD 81 :
TD 82 :
TD 83 :
TD 84 :
TD 85 :
TD 86 :
TD 87 :
TD 88 :
TD 89 :
TD 90 :
TD 91 :
TD 92 :
TD 93 :
Pocket 0 :
()
Pocket 1 :
({  (0,-13) ,(1,-17) } {  (29,5) ,(30,20) } {  (0,-13) ,(1,-17) } {  (29,5) ,(30,20) } {  (0,-13) ,(1,-17) } {  (29,5) ,(30,20) } {  (0,-13) ,(1,-17) } {  (29,5) ,(30,20) } {  (0,-13) ,(1,-17) } {  (29,5) ,(30,20) } {  (0,-13) ,(1,-17) } {  (29,5) ,(30,20) } {  (0,-13) ,(1,-17) } {  (29,5) ,(30,20) } {  (0,-13) ,(1,-17) } {  (29,5) ,(30,20) } )
Pocket 2 :
({  (1,-17) ,(0,-13) } {  (19,-1) ,(18,6) } {  (1,-17) ,(0,-13) } {  (19,-1) ,(18,6) } {  (999,224) ,(107,71) } {  (999,224) ,(107,71) } {  (999,224) ,(241,160) } {  (999,224) ,(241,160) } {  (999,224) ,(288,186) } {  (999,224) ,(288,186) } {  (740,241) ,(739,246) } {  (740,241) ,(739,246) } {  (996,229) ,(995,231) } {  (996,229) ,(995,231) } {  (996,229) ,(995,231) } )
Pocket 3 :
({  (2,-29) ,(1,-17) } {  (4,-32) ,(3,-27) } {  (2,-29) ,(1,-17) } {  (4,-32) ,(3,-27) } {  (2,-29) ,(1,-17) } {  (4,-32) ,(3,-27) } {  (27,2) ,(26,10) } {  (27,2) ,(26,10) } {  (111,63) ,(110,71) } {  (111,63) ,(110,71) } {  (111,63) ,(110,71) } {  (273,171) ,(272,175) } {  (273,171) ,(272,175) } {  (273,171) ,(272,175) } {  (999,224) ,(993,230) } {  (999,224) ,(993,230) } {  (999,224) ,(997,225) } )
Pocket 4 :
({  (4,-32) ,(2,-29) } {  (6,-29) ,(5,-29) } {  (4,-32) ,(2,-29) } {  (6,-29) ,(5,-29) } {  (4,-32) ,(2,-29) } {  (6,-29) ,(5,-29) } {  (999,224) ,(17,-1) } {  (999,224) ,(17,-1) } {  (999,224) ,(109,70) } {  (999,224) ,(109,70) } {  (244,154) ,(243,156) } {  (244,154) ,(243,156) } {  (244,154) ,(243,156) } {  (283,173) ,(282,179) } {  (283,173) ,(282,179) } {  (754,239) ,(753,243) } {  (754,239) ,(753,243) } )
Pocket 5 :
({  (6,-29) ,(4,-32) } {  (13,-11) ,(12,-12) } {  (6,-29) ,(4,-32) } {  (13,-11) ,(12,-12) } {  (6,-29) ,(4,-32) } {  (13,-11) ,(12,-12) } {  (999,224) ,(271,173) } {  (999,224) ,(271,173) } {  (276,165) ,(275,175) } {  (276,165) ,(275,175) } {  (285,177) ,(284,179) } {  (285,177) ,(284,179) } {  (741,238) ,(740,241) } {  (741,238) ,(740,241) } {  (764,230) ,(763,241) } {  (764,230) ,(763,241) } )
Pocket 6 :
({  (7,-37) ,(6,-29) } {  (11,-22) ,(10,-23) } {  (7,-37) ,(6,-29) } {  (11,-22) ,(10,-23) } {  (999,224) ,(13,-11) } {  (999,224) ,(13,-11) } {  (274,165) ,(273,171) } {  (274,165) ,(273,171) } {  (999,224) ,(281,175) } {  (999,224) ,(281,175) } {  (286,177) ,(285,177) } {  (286,177) ,(285,177) } {  (752,239) ,(751,240) } {  (752,239) ,(751,240) } {  (766,230) ,(765,239) } {  (766,230) ,(765,239) } )
Pocket 7 :
({  (8,-33) ,(7,-37) } {  (999,224) ,(11,-22) } {  (999,224) ,(11,-22) } {  (999,224) ,(286,177) } {  (999,224) ,(286,177) } {  (999,224) ,(752,239) } {  (999,224) ,(752,239) } {  (999,224) ,(989,219) } )
Pocket 8 :
({  (9,-36) ,(8,-33) } {  (999,224) ,(988,218) } )
Pocket 9 :
({  (999,224) ,(987,218) } )
Pocket 10 :
({  (960,213) ,(959,216) } {  (960,213) ,(959,216) } )
Pocket 11 :
({  (768,223) ,(767,233) } {  (768,223) ,(767,233) } {  (962,210) ,(961,215) } {  (962,210) ,(961,215) } )
Pocket 12 :
({  (772,227) ,(771,232) } {  (772,227) ,(771,232) } {  (999,224) ,(960,213) } {  (999,224) ,(960,213) } {  (979,208) ,(978,211) } {  (979,208) ,(978,211) } )
Pocket 13 :
({  (999,224) ,(770,231) } {  (999,224) ,(770,231) } {  (999,224) ,(958,213) } {  (999,224) ,(958,213) } {  (977,207) ,(976,211) } {  (977,207) ,(976,211) } {  (980,205) ,(979,208) } {  (980,205) ,(979,208) } {  (980,205) ,(979,208) } )
Pocket 14 :
({  (999,224) ,(975,211) } {  (999,224) ,(975,211) } {  (981,203) ,(980,205) } {  (981,203) ,(980,205) } )
Pocket 15 :
({  (964,204) ,(963,211) } {  (964,204) ,(963,211) } )
Pocket 16 :
({  (999,224) ,(962,210) } {  (999,224) ,(962,210) } {  (974,203) ,(973,207) } {  (974,203) ,(973,207) } )
Pocket 17 :
({  (970,205) ,(969,207) } {  (970,205) ,(969,207) } )
Pocket 18 :
({  (971,201) ,(970,205) } {  (971,201) ,(970,205) } )
Pocket 19 :
()
Pocket 20 :
()
Pocket 21 :
()
Pocket 22 :
()
Pocket 23 :
()
Pocket 24 :
()
Pocket 25 :
()
Pocket 26 :
()
Pocket 27 :
()
Pocket 28 :
()
Pocket 29 :
()
Pocket 30 :
()
Pocket 31 :
()
Pocket 32 :
()
Pocket 33 :
()
Pocket 34 :
()
Pocket 35 :
()
Pocket 36 :
()
Pocket 37 :
()
Pocket 38 :
()
Pocket 39 :
()
Pocket 40 :
()
Pocket 41 :
()
Pocket 42 :
()
Pocket 43 :
()
Pocket 44 :
()
Pocket 45 :
()
Pocket 46 :
()
Pocket 47 :
()
Pocket 48 :
()
Pocket 49 :
()
Pocket 50 :
()
Pocket 51 :
()
Pocket 52 :
()
Pocket 53 :
()
Pocket 54 :
()
Pocket 55 :
()
Pocket 56 :
()
Pocket 57 :
()
Pocket 58 :
()
Pocket 59 :
()
Pocket 60 :
()
Pocket 61 :
()
Pocket 62 :
()
Pocket 63 :
()
Pocket 64 :
()
Pocket 65 :
()
Pocket 66 :
()
Pocket 67 :
()
Pocket 68 :
()
Pocket 69 :
()
Pocket 70 :
()
Pocket 71 :
()
Pocket 72 :
()
Pocket 73 :
()
Pocket 74 :
()
Pocket 75 :
()
Pocket 76 :
()
Pocket 77 :
()
Pocket 78 :
()
Pocket 79 :
()
Pocket 80 :
()
Pocket 81 :
()
Pocket 82 :
()
Pocket 83 :
()
Pocket 84 :
()
Pocket 85 :
()
Pocket 86 :
()
Pocket 87 :
()
Pocket 88 :
()
Pocket 89 :
()
Pocket 90 :
()
Pocket 91 :
()
Pocket 92 :
()
